0 286
0 1492
0 1289
0 1443
0 173
0 45
0 211
0 1940
1 1581
1 1013
1 705
1 455
1 12
1 559
1 1185
1 699
1 1256
2 272
2 989
2 214
2 924
2 694
2 454
3 1578
3 570
3 1575
3 586
3 1172
3 1302
3 1472
3 2014
4 28
4 389
4 863
4 1288
4 747
4 1134
4 1968
4 1369
4 905
4 1386
4 581
4 946
4 412
4 276
4 1007
4 608
5 641
5 133
5 169
5 908
5 1094
5 15
5 34
5 7
6 1293
6 516
6 182
6 557
6 372
6 1528
6 1274
6 1183
6 1064
6 110
6 1649
7 1791
7 482
7 723
7 1168
7 1080
7 1257
7 1332
7 604
7 2024
8 840
8 1956
8 1856
8 188
8 524
8 1748
8 18
9 1360
9 1239
9 1471
9 1767
9 726
9 328
9 1240
9 441
9 248
9 1005
10 1586
10 1995
10 971
10 1098
10 53
10 1692
10 1693
10 753
10 1306
11 1546
11 1466
11 83
11 1539
11 1473
11 808
11 12
11 559
11 360
11 1997
11 1236
12 1884
12 970
12 743
12 1997
12 959
12 192
12 1701
12 66
12 559
12 1596
12 1256
12 1576
12 1539
12 187
12 69
12 791
12 960
12 356
12 696
12 1810
12 1269
12 1528
12 712
12 83
12 699
12 1473
12 443
12 705
12 858
12 1013
12 1278
12 1019
12 1185
12 291
12 360
12 1567
12 1525
12 1479
12 1212
12 252
12 565
12 1731
12 1035
12 1794
12 1466
12 1054
12 1243
12 1236
12 1403
12 22
12 247
12 1581
12 955
12 1546
12 964
12 725
12 599
12 1918
12 1740
12 577
12 1609
12 1158
12 805
12 1201
12 1703
12 538
12 1405
12 1231
12 952
12 868
12 2026
12 1961
12 19
12 1248
12 690
12 585
13 535
13 54
13 478
13 591
13 1479
13 655
13 988
14 248
14 1547
14 1189
14 757
14 1048
14 1912
14 748
14 1020
15 1292
15 1441
15 908
15 454
15 365
16 907
16 322
16 400
16 1081
16 583
16 658
16 1927
16 75
16 1924
16 1109
16 1636
17 144
17 160
17 264
17 1857
17 842
17 549
17 1885
17 1979
17 119
17 99
17 1718
17 1583
17 1342
17 655
18 1925
18 499
18 1641
18 1927
18 48
18 1677
18 1143
18 197
18 138
18 680
18 1636
18 1145
18 449
18 81
18 975
18 1125
18 114
18 171
18 367
18 1220
18 1584
18 1971
18 1317
18 1265
18 188
18 1176
18 902
18 1561
18 583
18 1109
18 1709
18 919
18 658
18 1676
18 1724
18 322
18 167
18 1081
18 1949
18 594
18 65
18 396
18 1999
18 151
18 1769
18 1197
18 1915
18 1682
18 693
18 426
18 1157
18 1470
18 907
18 564
18 698
18 443
18 1812
18 414
18 708
18 485
18 1413
18 359
18 1743
18 1252
18 501
18 198
18 963
18 289
18 725
18 1142
19 1018
19 716
19 158
19 1150
19 1131
19 679
19 823
19 1964
19 437
19 454
19 2012
20 1373
20 1552
20 1337
20 1227
20 1562
20 1585
20 818
21 650
21 1099
21 684
21 1707
21 936
21 1083
22 964
22 705
22 1645
22 381
22 559
22 1446
22 372
23 656
23 213
23 579
23 592
23 740
23 1820
23 294
23 421
23 61
23 123
23 1113
23 1137
23 1654
23 1569
23 1706
24 690
24 54
24 1700
24 280
24 862
24 665
24 1208
24 604
25 1510
25 1725
25 661
25 446
25 200
25 519
25 42
25 1378
25 196
25 224
25 1783
25 436
25 406
25 201
25 612
25 2008
25 535
25 220
25 1655
25 1275
25 1311
25 1615
25 495
25 301
25 949
25 1796
25 1032
25 1713
25 1984
25 728
25 239
25 739
25 1780
25 1986
25 1506
25 102
25 784
25 243
25 1286
25 1529
25 1788
25 1224
25 1962
25 1745
25 991
25 912
25 705
25 1579
25 227
25 1173
25 865
25 537
25 1722
25 1563
25 1721
25 683
25 103
25 889
25 1881
25 737
25 1010
26 808
26 886
26 1966
26 1385
26 1131
26 1311
26 1397
26 1923
26 460
27 410
27 918
27 1972
27 740
27 1434
27 1569
27 1706
28 49
28 1800
28 1775
28 1402
28 2001
28 1301
28 1967
28 539
28 1771
28 248
28 1290
28 849
28 879
28 1430
28 1853
28 583
28 1708
29 1023
29 1467
29 1393
29 1800
29 214
29 248
29 1797
30 283
30 135
30 1090
30 1111
30 1379
30 843
30 558
30 327
30 593
30 687
30 655
31 1884
31 1550
31 1305
31 1974
31 684
31 254
31 217
31 749
31 1835
31 836
31 1284
32 258
32 1164
32 1774
32 104
32 700
32 1396
32 1074
33 1674
33 555
33 755
33 1548
34 641
34 132
34 1292
34 352
34 649
34 844
34 133
34 169
34 186
34 183
34 908
34 1570
34 1441
34 1200
34 1313
34 1932
34 916
34 429
34 1267
34 1022
34 702
34 2027
34 821
35 1833
35 73
35 1716
35 1180
35 1534
35 1319
35 585
35 204
35 1055
36 900
36 345
36 1958
36 156
36 1981
36 1729
36 1253
37 1798
37 1358
37 873
37 1329
37 1928
37 2026
37 227
37 1804
37 1835
37 836
37 463
38 1975
38 1842
38 1889
38 1392
38 1290
38 879
38 1202
38 1946
38 248
38 1976
38 1959
39 1258
39 1662
39 161
39 268
39 1022
39 330
39 1973
39 1616
39 1682
39 75
39 954
39 1215
39 839
39 1553
39 603
39 655
40 630
40 1654
40 546
40 530
40 1940
40 1385
40 382
40 462
41 264
41 278
41 1526
41 1962
41 1776
41 1049
41 1494
42 593
42 784
42 1984
42 1032
42 1845
42 1796
42 61
42 1563
42 728
42 739
42 1387
42 1487
43 282
43 801
43 760
43 318
43 314
43 1856
43 1904
43 1253
44 1292
44 1570
44 1200
44 1932
44 186
44 1206
44 1213
44 1274
45 1212
45 640
45 469
45 726
45 412
45 531
45 860
45 147
45 96
45 729
45 1443
45 164
45 780
45 672
45 1292
45 1608
45 1448
45 320
46 1042
46 1058
46 1046
46 1090
46 1551
46 1068
46 1296
46 626
46 1101
46 1231
47 589
47 1109
47 1246
47 1619
47 1110
47 937
47 265
47 345
47 933
48 396
48 1949
48 234
48 550
48 1243
48 1109
48 1677
48 427
48 1484
49 1451
49 1990
49 849
49 249
49 931
49 1296
49 1301
49 51
49 1234
49 50
49 1165
49 248
49 256
49 1290
49 1293
49 783
49 1610
50 1572
50 1467
50 1367
50 121
50 1631
50 1484
50 598
50 621
50 1369
51 1792
51 1304
51 156
51 935
51 1127
52 220
52 1999
52 902
52 1867
52 1109
52 1677
52 1709
53 1886
53 1047
53 1586
53 1117
53 180
53 563
53 463
53 1538
53 1728
53 971
54 1284
54 876
54 1601
54 353
54 1545
54 651
54 710
55 1253
55 516
55 182
55 183
55 719
56 627
56 1825
56 640
56 749
56 1252
56 866
57 1026
57 1898
57 125
57 1601
57 74
58 766
58 92
58 916
58 61
58 338
58 342
58 1128
58 624
58 1560
59 635
59 386
59 573
59 1022
59 1086
59 1838
59 1959
60 1831
60 498
60 1586
60 950
60 682
60 399
60 370
60 1098
60 1306
61 836
61 421
61 656
61 174
61 574
61 1503
62 1957
62 1624
62 1613
62 180
62 126
62 1741
63 1058
63 509
63 1149
63 722
63 414
63 1139
63 878
64 79
64 1319
64 1106
64 204
64 1260
64 585
64 1126
64 1957
65 1821
65 1197
65 167
65 81
65 1677
65 658
65 1641
65 664
65 594
65 972
65 1828
65 1394
65 1109
65 1157
66 1810
66 559
66 1596
66 1479
66 252
66 1701
66 1013
66 1753
66 1189
66 627
66 229
66 1741
67 373
67 193
67 1602
67 1704
67 1624
67 992
67 485
67 1391
68 213
68 862
68 1624
68 871
68 483
68 1733
68 324
68 718
68 992
68 1638
68 1391
69 1567
69 83
69 1701
69 1596
69 546
69 360
69 1645
69 1236
69 1593
70 1560
70 320
70 127
70 751
71 990
71 529
71 1303
71 1970
71 1202
71 1259
71 1323
71 1987
71 2013
71 285
71 1024
71 1260
71 1518
72 1793
72 1541
72 1504
72 971
72 1932
72 711
72 753
72 802
73 1319
73 884
73 111
73 225
73 1569
73 624
73 585
73 82
73 896
73 1674
74 1026
74 270
74 1175
74 1580
74 617
74 1096
75 203
75 690
75 134
75 230
75 1752
75 634
75 1688
75 343
75 1903
75 1719
75 1860
75 1542
75 1691
75 190
75 198
75 1588
75 1132
75 1936
75 901
75 145
75 758
75 1507
75 1039
76 1984
76 1022
76 1753
76 1376
76 588
76 655
76 516
77 529
77 1983
77 91
77 154
77 1397
77 1175
77 496
77 1121
77 1639
77 162
77 1340
78 248
78 656
78 159
78 962
78 1481
78 473
78 1383
79 558
79 1587
79 1557
79 1231
79 1488
79 1643
80 784
80 721
80 150
80 666
80 1253
80 991
80 354
81 902
81 1442
81 1636
81 680
81 188
81 427
81 1122
81 1151
81 1080
82 1319
82 968
82 1712
82 130
82 545
82 1534
82 1833
82 1692
82 1606
82 1426
82 905
82 225
83 1641
83 356
83 529
84 259
84 1320
84 237
84 1726
84 1373
84 948
85 1090
85 1606
85 1046
85 1551
85 502
86 1368
86 1457
86 1651
86 970
86 1829
86 118
86 122
86 1230
86 1693
86 262
87 514
87 1994
87 1237
87 1912
87 1339
87 1807
87 2007
87 1874
87 708
87 1890
87 1123
87 1582
87 1577
87 1882
87 488
87 1630
87 104
87 1499
88 1619
88 1051
88 568
88 320
88 340
88 384
89 656
89 1170
89 1481
89 869
89 473
89 1738
89 1383
89 1781
89 1105
89 1452
90 529
90 435
90 179
90 439
90 514
90 1187
90 1824
91 1099
91 1419
91 1397
91 529
91 902
91 1202
91 946
91 439
91 476
91 1452
92 1574
92 648
92 1060
92 1066
92 1496
92 1107
92 636
92 916
92 223
92 141
92 146
92 1990
92 1737
92 733
93 1136
93 1450
93 605
93 837
93 715
93 386
93 1446
94 908
94 1669
94 335
94 875
94 1674
94 1662
94 1215
94 774
95 1033
95 589
95 951
95 1897
95 1822
95 106
95 1832
95 1862
96 1832
96 101
96 1896
96 646
96 365
96 1537
96 1565
96 1240
96 757
97 1538
97 1362
97 1618
97 1279
97 1199
97 398
97 511
98 614
98 1196
98 521
98 1161
98 1210
98 365
98 1917
99 1479
99 1515
99 953
99 2023
99 1533
100 1567
100 1320
100 840
100 506
100 640
100 842
100 756
101 1319
101 309
101 1920
101 1126
101 896
101 675
101 225
101 852
102 1286
102 1615
102 864
102 739
102 1652
102 899
103 585
103 185
103 1518
103 233
103 1936
103 1650
103 1957
104 1800
104 1045
104 1237
104 375
104 1472
104 156
104 1251
105 1481
105 857
105 869
105 656
105 341
105 1139
105 1208
106 1044
106 1836
106 383
106 1884
106 1978
106 580
106 455
106 1052
106 1934
106 873
106 1141
106 1805
106 1952
106 1980
106 235
106 1604
107 1745
107 1510
107 267
107 536
107 188
107 1030
107 571
108 1585
108 314
108 1003
108 210
108 479
108 1395
108 1658
108 1038
108 320
109 141
109 1632
109 223
109 648
109 376
109 1796
109 624
109 1809
110 1071
110 516
110 673
110 1594
110 452
110 410
110 1579
110 1649
111 1278
111 1571
111 1534
111 1319
111 585
111 1783
111 896
111 675
111 653
111 2004
112 283
112 2001
112 1158
112 1737
112 142
112 655
113 620
113 997
113 1929
113 1799
113 912
113 1954
113 942
113 810
113 846
113 408
113 1959
114 1109
114 1636
114 2002
114 1419
114 1981
114 354
115 318
115 1126
115 472
115 1560
115 776
115 126
115 983
115 810
116 1046
116 1831
116 556
116 1587
116 1597
116 1891
116 1880
116 143
116 1702
117 248
117 1666
117 894
117 420
117 905
118 438
118 1457
118 990
118 900
118 1879
118 580
118 1331
118 1876
118 1556
118 832
118 967
118 824
118 547
118 341
118 1867
118 1243
118 1843
118 945
119 1096
119 617
119 1670
119 1396
119 402
119 258
119 1470
119 1914
120 1057
120 1356
120 529
120 514
120 1030
120 1025
120 425
120 1513
120 1233
120 1302
121 1773
121 1572
121 195
121 244
121 248
121 249
121 780
121 892
121 1931
121 204
122 970
122 1033
122 300
122 512
122 1556
122 361
122 911
122 1832
122 1870
122 1368
122 346
123 2023
123 1569
123 1603
124 1481
124 1383
124 1149
124 368
125 1618
125 785
125 1279
125 1661
125 1569
126 497
126 174
126 127
126 1573
126 702
126 1225
126 537
126 320
126 263
126 494
126 1014
126 1613
126 1255
126 603
126 1271
126 1790
126 542
126 1755
126 560
126 1221
126 1294
126 1074
126 616
126 1121
126 1599
126 1217
126 1540
126 650
126 1400
126 2018
127 1990
127 1466
128 1586
128 2028
128 1541
128 584
128 173
128 986
128 753
128 1306
128 451
128 971
129 360
129 1889
129 427
129 262
129 1844
129 1700
129 597
130 1056
130 585
130 204
130 360
130 675
130 225
130 529
130 1121
130 1910
131 1772
131 1658
131 1274
131 1584
131 655
131 910
132 844
132 908
132 2017
132 1441
132 282
132 1115
132 510
132 1689
132 676
133 1570
133 649
133 352
133 1607
133 1441
133 331
134 634
134 1456
134 343
134 1123
134 1688
134 198
134 856
134 758
134 1524
135 1046
135 329
135 1316
136 278
136 918
136 290
136 1163
136 1362
136 1053
136 700
136 703
136 1583
137 564
137 1109
137 1636
137 178
137 644
137 1737
138 1620
138 1109
138 281
138 1999
138 1000
138 1070
138 275
138 1667
139 1285
139 946
139 989
139 165
139 1447
139 313
139 972
139 1848
139 171
139 713
139 1747
139 792
139 285
139 1921
139 1419
139 1815
140 1703
140 529
140 554
140 1634
140 1637
140 1247
141 223
141 916
141 1066
141 636
141 1528
141 1107
141 2007
142 649
142 996
142 1604
142 591
142 1968
142 1628
142 1947
142 1168
142 153
143 779
143 558
143 1597
143 1042
143 1288
143 1389
143 1711
143 293
143 1638
143 1147
144 1004
144 1077
144 1611
144 177
144 493
144 1450
144 604
145 1044
145 512
145 812
145 310
145 774
145 917
145 2010
145 925
146 584
146 1130
146 1313
146 753
147 1247
147 1302
147 1675
147 602
148 1839
148 1295
148 1677
148 1395
148 870
148 1717
149 1338
149 1329
149 1235
149 1421
149 1659
149 1424
149 1740
149 1804
149 836
149 1827
150 309
150 1892
150 1340
150 1828
150 1231
150 1566
150 354
150 1271
151 550
151 1617
151 1109
151 1636
151 1143
151 499
151 604
152 786
152 1030
152 1148
152 526
152 1233
152 1880
152 403
153 585
153 655
153 474
153 1302
153 505
154 529
154 1121
154 292
154 1747
154 435
155 869
155 1135
155 865
155 1424
155 1209
155 447
155 298
155 1390
155 1364
156 1729
156 1828
156 924
156 935
156 767
156 354
156 1253
157 862
157 324
157 681
157 718
157 1403
157 249
157 1707
157 1638
157 1391
158 1599
158 963
158 946
158 1977
158 761
158 1020
159 857
159 1481
159 1249
159 722
160 278
160 1857
160 1115
160 730
160 618
161 1583
161 1656
161 1387
161 1406
161 1982
161 235
161 655
162 163
162 529
162 1091
162 1634
162 1892
162 1485
162 942
162 393
162 1323
162 1156
162 264
162 497
162 929
162 792
162 1848
162 1921
162 387
163 520
163 525
163 1918
163 1549
163 1405
163 206
163 1399
163 755
163 363
163 406
164 213
164 836
164 1133
164 1262
165 529
165 1681
165 1453
165 937
165 826
165 1341
165 2011
165 1609
165 810
165 792
165 1419
166 1833
166 963
166 1636
166 1541
166 1306
167 1618
167 564
167 1109
167 1677
168 198
168 782
168 994
168 1811
168 1481
168 1720
168 1802
168 810
168 846
168 386
169 1932
169 1213
169 1313
169 1748
169 1198
169 922
169 713
170 1876
170 1826
170 543
170 562
170 1398
170 514
171 594
171 1636
171 570
171 188
171 427
172 1319
172 309
172 1126
172 371
172 1889
172 1391
172 771
173 567
173 458
173 584
173 1102
173 1693
173 2014
174 522
174 1560
174 1516
174 494
175 1796
175 1295
175 1080
175 380
175 299
175 728
175 1503
175 2024
176 1600
176 431
176 1710
176 336
176 279
176 749
176 1058
176 601
177 1836
177 1569
177 1704
177 617
177 1426
177 366
177 454
178 1322
178 1343
178 364
178 350
178 231
178 370
178 1650
178 721
178 1518
178 471
178 1454
178 762
178 1300
178 1957
178 418
179 1099
179 1138
179 1705
179 1945
179 1364
179 1472
180 544
180 1102
180 1082
180 1560
181 673
181 676
181 685
181 1351
181 307
181 569
182 1861
182 2006
182 1349
182 665
182 676
182 349
182 1281
182 189
182 664
182 1784
183 641
183 1292
183 1441
183 1213
183 1719
183 437
184 977
184 684
184 1766
184 1937
184 388
184 1215
184 928
184 930
184 1978
184 943
184 273
184 828
184 839
184 604
185 801
185 1029
185 231
185 266
185 1507
185 436
185 1541
185 1349
185 345
185 1957
185 498
186 641
186 1292
186 504
186 1126
186 1458
187 360
187 1035
187 1794
187 1019
187 1408
187 1764
187 1959
188 564
188 1636
188 1157
188 1677
188 692
188 985
188 1676
188 1143
188 1709
188 683
188 1220
188 396
188 1617
188 1012
188 1421
188 1325
188 1613
188 742
188 1831
188 907
188 605
189 523
189 1141
189 900
189 1633
189 684
190 814
190 1691
190 1903
190 343
190 203
190 695
190 1860
190 1859
190 1405
190 1641
190 198
190 1829
191 526
191 537
191 1613
191 979
191 560
191 739
191 1741
192 1212
192 1493
192 1581
192 1754
192 1389
192 419
193 1132
193 862
193 485
193 789
193 1391
194 1798
194 769
194 414
194 1384
194 1218
194 372
194 1154
195 410
195 1706
195 1972
195 294
195 881
195 843
195 1276
195 1563
195 408
196 1986
196 1655
196 612
196 224
196 1032
196 283
196 1322
196 739
197 1149
197 1636
197 1073
198 1461
198 695
198 203
198 1542
198 575
198 634
198 1456
198 1860
198 254
198 464
198 1117
198 856
198 960
198 1628
199 655
199 466
199 1540
199 824
199 833
200 535
200 797
200 1986
200 1311
200 1655
200 975
200 511
200 793
200 1592
200 1926
201 990
201 1796
201 1286
201 797
201 1986
201 728
201 906
201 1116
201 1187
202 567
202 1015
202 392
202 1556
202 1436
203 1719
203 856
203 1631
203 1442
203 1802
204 371
204 309
204 1126
204 660
204 884
204 1978
204 1882
204 1885
204 1583
205 722
205 524
205 622
205 282
205 1365
205 840
205 2019
205 434
205 1239
205 1079
205 1009
205 331
206 907
206 1043
206 440
206 701
206 1844
206 1921
207 514
207 1036
207 586
207 1626
207 1684
207 365
207 917
208 279
208 447
208 1308
208 1710
208 976
209 931
209 1659
209 1309
209 1698
209 775
209 1295
209 793
209 1153
210 1857
210 532
210 314
210 1888
210 1658
210 687
210 316
210 425
210 1260
210 514
211 590
211 245
211 1940
211 741
211 1644
211 472
211 1174
211 569
211 1289
211 296
211 981
211 478
212 501
212 601
212 1459
212 845
212 550
213 1772
213 816
213 1338
213 1969
213 1372
213 1798
213 1488
213 1410
213 836
213 298
213 1694
214 1832
214 1605
214 527
214 835
214 492
215 1122
215 620
215 1376
215 845
215 1950
216 514
216 1352
216 1996
216 845
216 917
216 1472
217 1037
217 1740
217 788
217 1806
217 836
217 1015
217 823
218 465
218 1230
218 1005
218 2025
218 1973
218 1616
218 732
218 1388
218 578
218 545
218 251
218 772
219 1882
219 362
219 943
219 1114
219 345
219 1957
220 1984
220 243
220 1027
220 1850
221 1632
221 590
221 1644
221 2009
221 326
221 1289
221 1357
221 1094
222 1421
222 1389
222 836
222 1969
222 227
222 552
222 749
222 873
222 496
222 1015
222 1306
223 342
223 436
223 1128
224 1286
224 1881
224 611
224 446
224 1986
224 1835
225 1126
225 1833
225 1571
225 884
225 1712
225 309
225 660
225 585
225 1106
225 1698
225 321
225 1152
225 693
225 771
225 1911
226 1244
226 549
226 1544
226 1072
226 295
226 476
226 615
227 1739
227 1466
227 836
227 1102
228 1554
228 1392
228 1967
228 1097
228 248
228 1371
228 1887
229 379
229 1507
229 609
229 956
229 874
229 457
229 281
230 1691
230 1461
230 993
230 776
231 1029
231 1025
231 877
231 922
232 1575
232 604
232 1667
232 1494
233 1209
233 874
233 722
233 266
234 1479
234 1109
234 1677
234 1948
234 680
234 1925
234 387
234 1626
235 825
235 527
235 1964
235 454
235 1589
235 1201
235 1312
235 1555
236 1673
236 1234
236 1469
236 1410
236 937
236 836
236 1911
236 952
236 1015
236 1195
236 689
237 1320
237 1264
238 964
238 1027
238 264
238 1115
238 1801
238 245
239 1286
239 784
239 706
239 630
239 1944
240 269
240 541
240 1080
240 604
240 1667
240 460
240 1759
241 1261
241 925
241 1494
242 1663
242 531
242 375
242 1358
243 1984
243 1986
243 739
243 1510
244 1572
244 1846
244 1023
244 292
244 768
244 849
245 296
245 405
245 328
245 1644
245 1537
245 1403
245 1289
246 1832
246 1026
246 1079
246 1362
246 1618
246 595
246 1521
246 1468
247 1701
247 627
247 552
248 745
248 1854
248 768
248 475
248 1394
248 325
248 1816
248 1371
248 1771
248 895
248 373
248 752
248 598
248 1775
248 1938
248 1480
248 1334
248 306
248 415
248 1301
248 849
248 1901
248 1800
248 1412
248 1842
248 625
248 1990
248 1052
248 1878
248 780
248 1989
248 1165
248 286
248 906
248 389
248 1057
248 486
248 1821
248 786
248 621
248 1296
248 483
248 1467
248 1837
248 1900
248 1975
248 827
248 1375
248 1073
248 1293
248 892
248 1392
248 1839
248 847
248 777
248 1430
248 1988
248 1393
248 893
248 1023
248 1863
248 2001
248 1931
248 1887
248 1899
248 1290
248 1387
248 984
248 1367
248 1976
248 1889
248 1416
248 1861
248 879
248 249
248 914
248 1902
248 1451
248 1402
248 326
248 1967
248 1489
248 1548
248 1732
248 1465
248 1949
248 1463
248 1979
248 800
248 310
248 1140
248 1314
248 872
248 1652
248 1340
248 1592
248 603
248 1086
248 1627
248 1919
248 528
248 582
248 641
248 602
248 372
248 358
248 1325
248 1287
249 931
249 780
249 306
249 389
249 1623
249 522
249 1846
249 1430
250 990
250 784
250 868
250 1986
250 1745
250 1713
250 1477
250 1852
250 1621
251 1610
251 1657
251 1182
251 1695
251 462
251 507
252 1794
252 791
252 707
253 1215
253 1230
253 732
253 774
253 1498
253 1963
253 1450
254 1688
254 1691
254 1752
254 1345
254 635
254 1629
255 1583
255 1253
255 1127
255 924
255 1852
255 1911
255 1172
256 1572
256 1771
256 1842
256 1480
256 1976
256 1988
256 1967
256 625
256 1902
256 1872
256 1698
256 1365
256 1326
256 1334
256 1416
256 1430
256 1677
257 838
257 635
257 613
257 1762
257 1458
257 1795
257 1496
257 719
257 1926
257 1959
257 655
258 1953
258 1163
258 1270
258 1563
258 817
259 1884
259 1393
259 434
259 1235
259 524
259 537
260 514
260 569
260 1917
260 2002
260 478
260 817
260 419
260 2004
260 2014
260 491
261 1027
261 1544
261 319
261 1902
261 277
261 278
261 538
261 1115
261 650
261 1395
261 762
262 729
262 655
262 1735
262 1333
263 1046
263 1651
263 1115
263 1140
263 526
263 1560
263 537
263 1085
263 1225
263 1516
263 494
264 1756
264 730
264 1857
264 859
264 433
264 1069
264 633
264 653
264 692
264 265
264 529
264 651
265 1633
265 1137
265 1778
265 913
265 1207
265 1353
265 1922
265 1637
266 524
266 1137
266 1370
266 1483
266 1343
266 1390
266 1957
266 1640
266 476
266 1565
267 1633
267 517
267 1057
267 1660
268 559
268 1193
268 1215
268 1475
268 828
268 636
268 329
268 1406
269 1399
269 1503
269 1872
269 435
269 1039
269 541
269 1055
269 1335
269 604
269 460
270 357
270 1095
270 1898
270 351
270 1671
270 642
270 785
270 1618
270 822
271 1534
271 1287
271 607
271 608
271 655
271 689
271 713
272 745
272 502
272 1365
272 1825
272 308
272 1746
273 1583
273 783
273 2016
273 1340
273 1635
273 928
273 1361
273 1662
273 341
273 1651
273 1334
273 1991
273 828
273 1406
273 867
274 1111
274 1213
274 997
274 655
274 1380
274 505
275 1101
275 1186
275 920
275 744
275 694
275 454
276 455
276 1997
276 1224
276 1297
276 1076
276 1648
276 1956
276 893
276 2003
276 1825
276 948
276 1772
276 1519
276 792
277 385
277 857
277 549
277 1344
277 1558
277 600
278 1024
278 1611
278 289
278 1812
278 1526
278 1754
278 2023
278 765
279 507
279 447
279 1588
279 1521
279 1308
279 1657
279 1438
279 494
280 529
280 698
280 1601
280 678
280 1700
280 2010
280 932
281 1820
281 629
281 1151
281 1678
282 1297
282 948
282 1076
282 457
282 622
283 327
283 1324
283 1379
283 808
283 1056
283 880
283 1111
283 798
283 2023
283 437
283 558
283 1597
283 1101
284 1920
284 655
284 505
284 1665
284 981
284 807
284 1919
285 1637
285 720
285 1945
285 372
286 1816
286 1901
286 1387
286 914
286 681
287 938
287 822
287 532
287 1067
287 1395
287 1658
288 1583
288 1679
288 1215
288 388
288 599
288 839
289 1072
289 538
289 1070
289 765
289 1741
289 1426
290 1887
290 543
290 800
290 1585
290 1395
290 1658
290 687
290 566
291 1035
291 1528
291 409
291 1576
291 1212
291 1236
291 921
292 461
292 1604
292 608
292 899
293 1044
293 1368
293 1862
293 471
293 967
293 417
293 580
293 1428
293 1500
293 766
293 504
293 1870
293 346
293 1897
293 699
293 1109
294 1569
294 1841
294 2014
294 1706
294 1858
294 1104
295 1540
295 1604
295 1153
295 655
295 654
295 905
295 1979
295 505
296 1239
296 1761
296 466
296 1315
296 527
297 1560
297 979
297 320
297 557
297 1982
297 1271
298 609
298 1299
298 1203
298 1322
298 1349
298 379
298 1950
298 1328
298 1415
298 943
298 1623
298 866
298 1422
298 1957
299 1304
299 541
299 1593
299 1963
299 1872
299 604
299 380
299 1667
299 460
299 1494
299 2024
300 1992
300 967
300 1307
300 1805
300 1428
300 824
300 1094
300 1259
300 1897
300 990
301 519
301 784
301 1986
301 1984
301 1707
301 1745
301 739
302 1556
302 514
302 1030
302 1578
302 568
302 698
302 999
303 529
303 1808
303 946
303 791
303 1921
303 387
304 540
304 1055
304 1503
304 1080
304 639
304 1667
304 925
304 460
304 1494
305 1029
305 1135
305 1650
305 1328
305 957
305 1509
306 1587
306 483
306 1899
306 1497
307 934
307 668
307 1064
307 728
308 1297
308 1543
308 318
308 948
308 1259
308 1373
308 368
309 1543
309 1534
309 660
309 1833
309 968
309 1716
309 1920
309 1698
309 1571
309 675
309 545
309 1988
309 987
309 2016
309 1185
309 585
309 853
309 1126
309 896
309 1395
310 1044
310 1428
310 374
310 824
310 1368
310 2014
310 905
311 727
311 1814
311 469
311 874
311 1407
311 1530
312 1026
312 889
312 565
312 1598
312 1095
312 1354
312 411
313 1068
313 529
313 720
313 1824
313 358
313 394
313 510
313 1977
314 654
314 1552
314 561
314 1337
314 1829
314 1895
314 977
314 562
314 1939
314 774
314 518
314 1739
314 1918
314 870
314 1395
314 1658
314 687
314 1462
314 366
315 549
315 946
315 602
315 1977
315 1277
316 1562
316 543
316 1888
316 585
316 1395
317 1687
317 1766
317 885
317 1840
317 1023
318 1825
318 801
318 1373
318 370
319 832
319 1558
319 538
319 1115
319 1885
319 1718
319 730
320 1688
320 1884
320 786
320 1560
320 574
320 2018
320 841
320 1210
320 1612
320 1613
321 662
321 1228
321 1140
321 368
321 580
321 365
321 904
322 1109
322 826
323 443
323 572
323 601
323 616
323 620
323 1959
323 1540
324 1690
324 852
324 1391
324 1548
325 745
325 1854
325 415
325 1296
325 1901
325 906
325 1087
325 835
325 364
326 777
326 1052
326 1938
326 1797
326 1066
326 1784
326 514
327 1090
327 1379
327 1587
327 1006
327 1046
327 1551
327 1831
327 1318
327 1443
327 1797
327 1101
327 593
327 385
327 366
328 777
328 1138
328 1761
328 1940
328 452
329 1090
329 1455
329 1068
329 1374
329 1356
329 1132
329 1807
330 1583
330 772
330 839
330 1450
331 1602
331 1267
331 1638
331 978
331 1733
331 1391
331 2014
331 995
332 1583
332 1214
332 669
332 781
332 772
332 339
332 1445
332 1367
332 425
333 1222
333 1423
333 1815
333 1672
333 1449
333 1458
334 1092
334 1129
334 1300
334 511
334 933
335 1597
335 1583
335 1155
335 1687
335 1420
335 1973
336 1135
336 1282
336 1308
336 1342
336 1077
336 1182
336 1695
337 1705
337 1991
337 1187
337 1186
337 551
337 1920
337 1921
338 1024
338 376
338 606
338 1326
338 1114
339 554
339 1138
339 1664
339 1669
339 1388
339 1909
339 1434
340 514
340 991
340 1414
340 774
340 365
340 1499
341 432
341 1583
341 1215
341 1664
341 754
341 646
341 732
341 388
341 760
341 424
341 1711
341 1285
342 1024
342 1028
342 1632
342 376
342 1107
342 461
342 1725
342 1128
342 1067
342 1126
342 1109
343 1691
343 690
343 1014
343 1480
343 1972
344 1978
344 1547
344 1189
344 1048
344 744
344 1923
344 1878
344 694
344 454
344 748
345 578
345 957
345 1245
345 440
345 1507
346 1870
346 1876
346 1368
346 1961
346 523
346 824
346 477
346 1424
346 1298
346 1314
346 529
346 1560
347 1835
347 873
347 2000
347 892
347 1911
347 1913
347 1858
347 1508
348 1746
348 1135
348 1650
348 1300
348 1424
348 370
348 911
348 969
348 1278
348 1164
348 543
349 707
349 1281
349 673
350 1957
350 1958
350 943
350 1985
350 465
351 1598
351 1618
351 1780
351 2014
352 641
352 1932
352 1213
352 1234
352 1808
353 1551
353 1686
353 678
353 1545
353 1126
353 899
354 425
354 1764
354 453
354 1253
354 1503
355 1957
355 554
355 671
355 1202
355 720
355 1921
355 510
356 1035
356 1246
356 1479
356 534
357 513
357 1598
357 1354
357 748
358 529
358 942
358 1121
358 486
359 1289
359 607
359 608
359 655
359 1702
359 1736
359 807
360 1019
360 1846
360 750
360 1696
361 667
361 1154
361 655
361 833
362 1110
362 1135
362 506
362 1415
363 695
363 655
363 1714
363 1511
363 905
363 505
364 639
364 1322
364 1172
365 1677
365 1552
365 1196
365 698
365 1807
365 1922
365 1036
365 1411
365 1051
365 1874
365 1575
365 1626
365 1173
365 1315
365 1536
365 1179
365 1996
365 1444
365 1524
365 1912
365 1568
365 1140
365 954
365 1994
365 1276
365 1548
365 746
365 884
365 792
365 597
365 1010
365 523
365 957
365 1490
365 1682
366 402
366 1096
366 700
366 1774
366 887
366 1164
366 1785
366 668
366 1183
367 856
367 583
367 1109
367 989
367 427
368 1434
368 586
368 903
369 720
369 1747
369 1247
369 2011
369 1238
369 1587
369 1026
369 1921
369 761
370 1129
370 1650
370 1957
371 1092
371 585
371 853
371 1501
371 896
371 1933
372 784
372 1007
372 1281
372 1041
372 1649
372 1594
372 1211
372 516
372 1076
372 2000
372 1780
373 621
373 1073
373 389
374 1857
374 655
374 912
374 899
374 505
375 990
375 403
375 802
375 1940
375 472
376 832
376 648
376 1232
376 1107
377 932
377 1708
377 1208
377 572
378 1870
378 1846
378 1334
378 931
378 1328
379 1129
379 1300
379 1391
379 1490
379 1086
380 1825
380 604
380 878
380 1272
380 1503
380 548
380 1555
380 1759
381 711
381 1306
381 453
381 2003
381 971
381 1045
382 1116
382 1131
382 630
382 1671
382 1065
382 749
382 910
383 1832
383 471
383 1531
383 455
383 990
383 546
383 1109
384 1877
384 735
384 1479
384 1524
385 558
385 593
385 1169
385 1455
385 779
385 1068
385 880
385 1606
385 1291
385 808
385 1289
385 1584
385 1626
386 620
386 810
386 1873
386 1219
386 1851
386 1459
386 1661
386 674
386 820
386 1974
386 666
386 1926
386 2022
387 1808
387 1038
387 1219
387 510
388 1583
388 1251
389 621
389 796
389 1608
390 1109
390 1030
390 817
390 1196
390 1022
390 917
391 674
391 1869
391 1509
391 1464
391 1818
392 805
392 831
392 1372
392 1057
393 529
393 1758
393 804
393 1921
393 790
393 1581
393 1493
393 1448
394 1681
394 1167
394 1938
394 450
395 1137
395 1727
395 874
395 728
395 1957
395 761
396 1620
396 1109
397 1319
397 1674
397 1405
397 542
397 1043
397 670
397 1399
397 1144
398 590
398 729
398 1357
398 855
398 1046
398 418
398 810
399 1632
399 620
399 1838
399 1327
400 824
400 1816
400 1109
400 1636
400 427
401 1378
401 1586
401 1088
401 1610
401 1122
401 629
401 971
401 1030
401 1872
402 1670
402 1396
402 1908
402 700
402 1792
402 1218
402 703
402 638
402 540
403 781
403 514
403 1030
403 1823
403 1850
403 1411
403 1190
403 1522
403 1524
404 1743
404 655
404 1735
404 1736
405 585
405 711
405 1339
405 1537
405 806
405 855
405 1262
405 512
405 448
405 1448
406 784
406 868
406 1280
406 1337
406 1986
406 1745
407 1614
407 1870
407 851
407 830
407 1961
407 990
407 1387
408 1022
408 1699
408 1426
408 1838
408 1458
409 1063
409 1469
409 1482
409 1494
409 673
410 1820
410 421
410 740
410 1517
410 1194
410 1990
410 1714
410 1706
411 1540
411 588
411 655
411 1380
411 773
411 1665
411 1204
411 631
411 910
411 1350
411 456
411 1801
411 1435
411 607
411 428
411 478
411 581
411 1288
411 1847
411 961
411 713
411 747
411 487
411 442
411 724
411 942
411 1977
411 1391
411 722
411 1549
411 974
412 1689
412 590
412 1262
412 1289
412 1827
412 1940
413 1832
413 1884
413 512
413 824
413 1952
413 539
413 1495
413 990
413 802
414 1962
414 785
414 1677
414 787
414 1802
414 810
414 1869
415 459
415 827
415 1451
415 1863
415 1378
415 1544
415 1975
415 600
416 597
416 997
416 1959
416 2008
416 1458
417 1832
417 1870
417 1465
417 806
418 1993
418 1247
418 762
418 1431
418 1814
418 503
418 1492
418 1429
418 1537
418 882
418 1775
418 655
419 1531
419 514
419 586
419 1008
419 1339
419 1237
419 1726
419 1806
420 1044
420 1115
420 1583
420 1161
420 1679
420 885
421 1177
421 1820
421 1569
422 784
422 1071
422 429
422 1436
422 496
422 1629
422 2003
422 1620
422 639
422 1563
422 1155
423 785
423 1583
423 674
423 782
423 1929
423 1620
424 1244
424 2023
424 1650
424 1540
424 1702
424 905
425 1583
425 1214
425 828
425 533
425 1251
425 1005
426 1109
426 1636
426 692
426 427
427 1561
427 693
427 499
427 975
427 1641
427 1081
427 1145
427 1927
427 658
427 1709
427 449
427 692
427 1157
427 492
427 1971
427 458
427 1620
427 564
427 1724
427 763
427 1628
427 1571
427 1053
427 994
427 508
427 1892
428 655
428 1350
428 474
428 1475
428 505
429 1037
429 836
429 1826
429 1255
429 1747
430 749
430 1358
430 1410
430 1021
430 863
430 1015
430 1695
430 846
431 1308
431 1342
431 615
431 1600
431 1751
431 1253
432 1773
432 1071
432 749
432 1993
433 1739
433 1583
433 1657
433 672
433 1170
434 547
434 1264
434 856
434 1772
434 1194
434 846
435 1138
435 1187
435 1808
435 1238
435 685
435 1423
435 557
436 1032
436 1378
436 631
437 1547
437 1964
437 1201
438 1062
438 1832
438 676
438 990
438 1943
439 1038
439 1121
439 903
440 670
440 701
440 939
440 1950
440 1578
441 1827
441 860
441 1154
442 655
442 833
442 932
443 959
443 1243
443 1731
443 1256
443 1091
444 804
444 1914
444 1304
444 666
444 1476
444 940
444 1786
444 1253
445 1037
445 1550
445 776
445 1806
445 1338
445 1853
445 836
445 927
445 902
445 1844
446 1286
446 837
446 1984
446 776
446 1150
446 1494
447 1182
447 1710
448 1496
448 655
448 1172
448 767
448 1380
448 905
449 558
449 1109
449 1157
449 550
449 658
449 1677
449 1948
449 1120
449 1174
449 1486
449 499
450 1992
450 791
450 1340
451 1810
451 633
451 1133
451 1098
451 656
451 1429
452 1391
452 516
452 676
452 1594
452 1577
453 563
453 584
453 1130
453 753
453 1020
453 1435
454 1347
454 602
454 1442
454 1589
454 1020
454 1201
454 1048
454 1608
454 1223
454 1018
454 1150
454 1192
454 694
454 1270
454 1205
454 744
454 1277
454 966
454 1505
454 1547
454 1777
454 1184
454 2005
454 506
454 999
454 1555
454 1087
454 947
454 1632
454 1363
454 1468
454 2025
454 942
454 553
454 1635
454 1408
455 1478
455 1884
455 1870
455 1843
455 1031
455 1099
456 1416
456 948
456 1934
456 655
456 689
456 833
456 899
457 1422
457 632
457 1650
457 1258
458 1109
458 1677
458 1662
459 1052
459 1165
459 745
459 1467
459 974
460 604
460 1667
460 2024
460 539
460 481
460 1872
460 1039
460 1080
460 1592
460 1593
460 1522
460 1272
460 1910
460 1603
460 1390
460 1815
460 989
460 918
461 1825
461 567
461 1853
461 836
462 1308
462 953
462 731
462 1268
463 1024
463 1030
463 1823
464 1307
464 1989
464 604
464 1494
464 1268
464 1789
465 1021
465 1733
465 1391
465 897
466 1300
466 655
466 988
467 529
467 623
467 1763
467 1963
468 1598
468 840
468 1662
468 783
468 828
468 2003
469 883
469 1782
470 1537
470 590
470 729
470 1289
470 1943
470 472
471 1870
471 1368
471 1307
471 967
471 589
471 777
471 546
471 1391
471 481
472 1187
472 1289
472 796
472 835
472 1954
472 1755
473 1158
473 1781
473 1457
473 509
473 946
474 1683
474 655
474 1369
474 905
475 1057
475 1371
475 610
475 720
475 1494
475 1604
476 529
476 1121
476 1485
476 1681
476 1808
477 1610
477 1130
477 1728
477 921
477 488
478 1552
478 2013
478 655
478 747
478 1401
479 1044
479 589
479 1832
479 970
480 529
480 926
480 753
480 971
481 1080
481 1667
481 1759
481 1593
481 1503
481 1249
481 1055
481 1973
481 1041
482 772
482 1055
482 1080
482 604
482 1667
482 710
482 1491
483 575
483 1467
484 536
484 1067
484 1660
484 546
484 544
484 824
484 1353
485 705
485 1624
485 1391
485 1132
485 1638
485 896
485 707
486 1863
486 1393
486 1927
487 1026
487 1610
487 1119
487 905
487 505
488 1610
488 1117
488 971
488 1098
488 1784
489 1457
489 1317
489 1129
489 1650
489 650
489 1349
489 1353
489 1957
489 1583
489 1880
490 534
490 749
490 1305
490 809
490 836
490 1078
491 999
491 1737
491 1795
491 1509
492 1636
492 680
492 907
492 586
493 1544
493 1266
493 652
493 1027
493 959
494 1560
494 542
494 1741
494 1516
494 1790
494 2010
494 1294
494 566
494 1343
494 1772
495 1286
495 784
495 1655
495 1510
495 1615
495 1144
495 1621
495 1837
496 990
496 1550
496 793
496 1700
496 1015
497 1560
497 1613
498 1141
498 1332
498 711
498 1306
499 1109
499 1636
499 564
499 665
499 1591
499 1763
500 542
500 764
500 694
500 1977
500 2005
501 1130
501 921
501 940
501 514
502 1816
502 1579
502 1904
502 1016
502 1501
502 1306
503 995
503 1443
503 1627
504 1319
504 1262
504 2009
504 663
504 1737
504 1446
505 1335
505 1154
505 1521
505 1864
505 1625
505 1220
505 1276
505 852
505 518
505 668
506 547
506 1197
506 1964
506 1977
506 966
506 1277
507 1282
507 1982
507 1249
508 1125
508 735
508 573
508 674
508 714
508 1274
508 810
508 1926
508 1649
509 1481
509 1497
509 1158
509 1781
509 1380
509 794
509 1959
510 529
510 720
510 996
510 1247
510 1477
510 1007
510 1346
510 1447
510 1945
510 680
510 1925
510 1607
511 1559
511 1508
511 761
511 1277
512 1952
512 1500
512 1805
512 1311
512 1539
513 1590
513 1347
513 1026
513 1063
514 1420
514 1768
514 1008
514 2014
514 1472
514 1548
514 980
514 1217
514 738
514 1352
514 1960
514 1254
514 1233
514 1123
514 1411
514 586
514 1061
514 1196
514 1922
514 1874
514 1578
514 1880
514 569
514 1499
514 1726
514 1807
514 1237
514 1228
514 1025
514 1148
514 614
514 1171
514 803
514 1329
514 627
514 1440
514 1904
514 807
514 763
514 1390
514 1427
514 662
514 1194
514 810
515 886
515 630
515 566
515 517
515 1385
516 1552
516 1351
516 1696
516 1064
516 1668
516 987
516 676
517 626
517 1116
517 628
517 1088
518 1118
518 1295
518 1138
518 753
519 1286
519 2008
519 661
519 1032
519 1529
519 1580
519 1055
519 1986
519 706
520 670
520 679
520 610
520 555
521 1130
521 1568
521 1339
521 1008
521 1021
521 586
521 1302
521 917
521 1499
522 911
522 1913
522 1560
522 574
523 1500
523 1876
523 890
523 1952
523 1599
523 1602
523 1809
523 1044
523 832
523 990
524 1543
524 1320
524 1009
524 751
524 1956
524 1016
524 560
524 1163
524 1823
524 1574
524 1746
524 904
525 1298
525 755
525 555
525 1695
525 1399
525 1144
525 1237
526 839
526 629
526 548
526 1527
526 566
526 1121
526 963
526 1560
526 1741
527 1893
527 1201
528 1579
528 1076
528 699
528 622
529 1326
529 551
529 1998
529 1945
529 1099
529 1341
529 771
529 804
529 1531
529 1447
529 1323
529 792
529 1824
529 671
529 637
529 1640
529 1605
529 1248
529 866
529 657
529 1091
529 1121
529 1732
529 1896
529 1808
529 1346
529 1038
529 1454
529 2011
529 1744
529 1285
529 2029
529 1238
529 1345
529 1747
529 1138
529 1634
529 717
529 1187
529 946
529 1848
529 1622
529 1167
529 1303
529 826
529 1991
529 790
529 1894
529 1987
529 1921
529 808
529 1329
529 1961
529 1547
529 1875
529 1577
529 1690
529 1877
529 1375
529 1227
529 1567
529 695
529 816
530 1966
530 2006
530 1660
530 1078
530 546
530 1990
530 1061
530 792
530 1458
531 1825
531 1507
531 1381
531 1814
531 905
531 1448
532 1939
532 596
532 830
532 562
532 593
532 1089
532 1337
532 1356
532 1395
532 1658
532 687
532 1215
533 1832
533 1685
533 788
533 1017
533 1215
533 1340
534 1739
534 873
534 1928
534 963
534 1482
534 1021
534 1911
534 1453
534 2005
534 776
534 1913
534 2000
534 1015
534 686
535 864
535 868
535 1986
535 1297
536 1067
536 2020
536 1660
536 1273
537 1173
537 566
537 1085
538 1544
538 1576
538 1776
538 765
539 848
539 909
539 1335
539 604
539 2024
540 805
540 723
540 1494
540 1621
540 604
540 710
540 1789
540 899
541 2024
541 1083
541 1268
541 723
541 1491
541 878
541 2000
541 1665
541 1291
541 604
542 626
542 841
542 1755
542 1255
542 1516
542 1273
543 1462
543 1003
543 818
543 1830
543 1609
543 1014
543 636
543 1395
544 1652
544 1966
544 886
544 1131
544 1385
544 1067
544 546
544 671
544 626
544 1654
544 1923
545 1373
545 1716
545 1571
545 1690
545 1833
545 585
545 917
546 1067
546 1116
546 628
546 1277
547 1746
547 1320
547 1574
547 1519
548 566
548 560
548 649
548 1502
549 730
549 1611
549 1115
549 2023
549 1560
550 1006
550 1636
550 1820
550 1081
550 1109
550 1145
550 1677
551 1894
551 1099
551 599
551 1808
551 996
551 1880
552 1155
552 1062
552 1406
553 1026
553 889
553 1311
553 1344
553 831
554 1705
554 1533
554 1346
554 1490
554 1413
554 1977
555 1572
555 1017
555 1908
556 1058
556 1557
556 1118
556 1352
556 1101
556 593
556 839
557 1041
557 1064
557 1649
558 1068
558 808
558 1587
558 643
558 1046
558 1891
558 660
558 1521
558 1065
558 593
558 1374
559 1546
559 858
559 1581
559 1256
559 1528
559 1236
559 1810
559 1576
559 1019
559 1493
559 696
559 964
559 1278
559 699
559 955
559 627
559 734
559 1645
559 705
559 960
559 1567
559 1971
559 1195
559 1438
559 769
559 1988
559 1994
559 928
559 725
559 1964
559 1174
560 1409
560 568
560 983
561 693
561 1337
561 1809
561 1584
561 1888
561 1395
561 687
562 1562
562 1746
562 1075
562 1658
562 1215
563 867
563 1678
563 2027
563 1782
563 1122
563 1130
563 1306
563 1432
563 971
564 1617
564 1220
564 1227
564 625
564 1620
564 1109
564 1238
565 1567
565 1525
565 1489
566 1560
566 1613
566 1982
567 706
567 1855
567 1550
567 1332
567 1325
567 776
567 1737
568 1776
568 1030
568 1166
568 1642
568 708
568 965
568 1893
568 1807
569 916
569 718
569 1030
569 1575
569 926
569 1233
569 1807
569 1446
570 1408
570 1166
570 1036
570 1952
570 1237
570 1302
571 784
571 818
571 999
571 1460
571 1608
571 1442
571 1277
571 1192
571 873
571 694
571 1977
572 597
572 715
572 1366
572 790
572 679
572 1865
572 1530
573 780
573 742
573 994
573 809
573 1191
573 846
573 1926
573 1935
574 702
574 1221
574 1014
574 871
575 1903
575 1461
575 758
575 856
575 1286
576 1952
576 1672
576 987
576 1376
576 589
576 1926
576 1425
577 1674
577 679
577 701
578 1390
578 1650
578 1725
578 1137
578 1261
578 933
579 1368
579 1569
579 1431
580 1859
580 1556
580 1427
580 1463
580 1805
580 1836
580 990
580 1080
581 809
581 1504
581 1158
581 645
581 655
582 1082
582 929
582 1167
582 1438
583 1584
583 1109
583 1458
584 1047
584 1635
584 1610
584 1098
584 1678
584 922
584 921
584 971
585 1833
585 1065
585 1698
585 968
585 884
585 1712
585 1092
585 1377
585 1571
585 1160
585 647
585 1106
585 1692
585 1534
585 660
585 896
585 1188
585 853
585 1319
585 1251
585 1527
585 1783
585 1219
585 1743
586 1045
586 1194
586 1411
586 1315
586 1140
586 698
586 1070
586 2002
586 1575
586 1331
586 1641
586 749
586 1825
586 1677
586 614
586 662
587 1259
587 1583
587 1616
587 1683
587 1498
587 1230
587 974
587 1420
587 1361
587 691
587 673
587 619
587 1813
587 828
588 1306
588 1604
588 1653
588 1968
588 1113
588 713
588 1075
588 1326
588 1077
588 1281
589 1427
589 1307
589 1897
589 1742
590 1554
590 1028
590 2026
590 1258
590 1050
590 1289
590 1827
590 1838
591 1089
591 1803
591 837
591 655
591 1864
592 918
592 1738
592 748
593 1046
593 1831
593 1597
593 1551
593 880
593 1711
593 1374
593 1068
593 1886
593 1922
593 1613
593 922
594 1265
594 683
594 1875
594 1620
594 1636
594 693
594 978
594 1702
595 1538
595 785
595 1598
595 1618
596 1585
596 1398
596 756
596 687
596 1089
597 846
597 1822
597 624
597 1438
597 1401
598 1989
598 786
598 1452
599 1881
599 1840
599 1586
599 1122
599 753
599 921
599 1452
600 1229
600 1027
600 2023
600 1778
600 978
600 1086
600 1607
600 1762
601 888
601 1152
601 620
601 1433
601 1926
601 1959
601 1660
601 605
601 1458
602 694
603 1678
603 1511
603 1790
604 1717
604 723
604 925
604 1667
604 1503
604 1083
604 1621
604 1593
604 1263
604 1168
604 1272
604 1872
604 1257
604 1059
604 1335
604 878
604 1080
604 1494
604 1055
604 1532
604 1522
604 1249
604 1039
604 1789
604 1896
604 1957
604 1065
604 1668
604 1689
604 656
604 1908
604 1897
604 1520
604 988
605 674
605 1737
605 810
605 1120
606 1752
606 1028
606 648
606 654
606 1060
606 1114
606 1372
607 803
607 905
607 631
607 1951
607 1435
607 1762
607 1888
607 655
607 659
608 1386
608 1310
608 704
608 988
608 1697
608 1350
608 891
608 903
608 1898
608 1977
609 849
609 1518
609 1209
609 1378
609 1957
610 892
610 772
610 743
610 1720
611 1280
611 1286
611 1311
611 1032
611 698
611 728
612 784
612 1224
612 728
612 1378
612 1696
612 868
613 868
613 1222
613 810
613 849
613 1216
614 1031
614 1051
614 1039
614 817
614 1499
615 971
615 1588
615 1308
615 1182
615 953
615 1710
615 1399
615 709
616 1336
616 1423
616 1953
616 1926
617 1636
617 644
617 700
617 1396
618 1624
618 1638
618 871
618 862
618 1391
618 1130
618 1221
619 1546
619 1362
619 1753
619 1906
619 1017
619 1289
619 802
619 1407
619 973
620 1318
620 788
620 1921
620 1251
620 888
620 1959
621 1808
621 1975
621 1550
621 774
621 940
622 1748
622 1519
622 1397
622 1409
622 1782
622 664
622 1709
623 1285
623 1485
623 1312
623 1202
623 1808
624 1024
624 1632
624 1028
624 1163
624 1395
624 1699
625 1878
625 1842
625 893
625 1893
625 745
626 1311
626 1654
626 1706
626 1459
627 1466
627 1473
627 858
627 964
627 712
627 833
628 1385
628 797
628 1654
628 2006
628 1888
629 1102
629 1130
630 1633
631 1335
631 1540
631 651
631 655
631 713
631 1401
631 905
632 1686
632 1507
632 1415
632 1294
632 1348
632 913
632 933
633 1115
633 1812
633 1244
633 2023
633 1515
633 765
634 1688
634 1456
634 1461
634 856
634 1187
635 1196
635 2024
635 909
635 655
636 733
636 1632
636 1680
637 1328
637 1186
637 1258
637 771
637 1249
638 1563
638 703
638 1908
638 1461
639 1203
639 811
639 1680
639 650
639 1985
639 655
640 1373
640 1264
640 1772
640 737
640 1255
641 844
641 1292
641 1441
641 908
641 1313
641 1932
641 860
641 1347
641 1255
641 1408
641 1570
641 1321
642 1308
642 859
642 1134
642 704
642 806
642 1714
642 1735
643 798
643 1056
643 1496
643 1955
644 1396
644 1908
644 1108
644 700
644 1136
644 1059
644 1867
645 1653
645 1847
645 1803
645 773
645 816
645 655
646 1990
646 1585
646 1396
646 1215
646 781
646 1340
646 1268
647 696
647 1846
647 1167
647 1004
647 1261
648 1024
648 1028
648 1128
648 1496
648 1688
648 842
648 1632
648 1613
649 1292
649 844
649 1675
649 1448
650 1793
650 721
650 1686
650 911
650 1135
650 1283
650 913
650 671
651 1738
651 1154
651 905
651 1979
652 1027
652 1034
652 1558
652 1812
652 730
652 1791
652 850
652 1146
652 1197
652 669
652 1541
653 1027
653 1072
653 1564
653 2023
654 1632
654 1112
654 1496
655 1395
655 1031
655 747
655 899
655 1310
655 807
655 1380
655 1153
655 778
655 1919
655 767
655 1435
655 1730
655 891
655 1625
655 1736
655 1968
655 859
655 1134
655 1628
655 1665
655 1350
655 1401
655 1847
655 1867
655 833
655 1951
655 1386
655 1604
655 1089
655 704
655 689
655 910
655 1154
655 707
655 1844
655 1540
655 1801
655 1113
655 773
655 901
655 1653
655 1204
655 659
655 1369
655 803
655 1702
655 1941
655 1803
655 1119
655 988
655 1355
655 697
655 1001
655 1786
655 905
655 1875
655 863
655 1629
655 961
655 713
655 1288
655 1120
655 1172
655 962
655 1370
655 1776
655 666
655 953
655 1014
655 796
655 1909
655 1148
655 1602
655 700
655 1010
655 1757
655 1590
655 1564
655 1415
655 1009
655 1006
655 1137
655 1580
655 832
656 1525
656 1093
656 1497
656 891
657 1605
657 1531
657 1916
657 720
657 792
657 1896
658 1636
658 828
658 726
659 689
659 1350
659 1191
659 905
660 1319
660 884
660 975
660 1134
660 800
661 949
661 1881
661 1783
661 1431
661 1529
661 1458
662 1276
662 1496
662 1418
662 917
662 1499
663 1174
663 1959
663 2020
663 1423
663 1836
663 1560
663 1380
664 1706
664 1620
665 1666
665 1708
666 1179
666 1537
666 1630
666 1566
666 1127
666 1764
666 1875
666 1680
666 1253
667 1047
667 1098
667 1206
667 682
667 753
668 717
668 947
668 1801
668 1281
668 1649
669 1583
669 1388
669 2025
669 1434
669 839
669 976
670 701
670 1455
670 1017
671 1634
671 1874
671 1458
672 929
672 1483
672 1760
672 704
673 1183
673 1281
673 1581
673 676
674 1216
674 1152
674 1535
674 831
674 1425
674 1935
675 1319
675 1833
675 1920
675 1126
675 838
675 1507
676 1649
676 1351
676 1281
676 1594
676 1183
676 729
676 1434
677 1329
677 1739
677 776
677 1115
677 831
677 963
678 1817
678 1284
678 1585
678 908
678 1708
678 1208
679 751
679 1855
679 1399
679 1017
680 1636
680 1925
680 1677
680 1631
680 1905
681 874
681 1690
681 978
681 1462
681 1624
681 871
682 920
682 1634
682 711
682 753
683 1109
683 1145
683 1677
683 693
683 907
683 1222
684 1583
684 1643
684 1363
684 1215
684 1766
684 1813
684 974
684 1505
685 1594
685 1896
686 1942
686 1270
686 1189
686 761
686 2012
686 757
686 1277
687 1888
687 1552
687 1356
687 800
687 1398
687 1279
687 1213
688 1062
688 1109
688 1626
688 1269
688 698
688 1768
688 1649
689 810
689 1979
690 1688
690 695
690 1903
690 1719
691 1286
691 784
691 1881
691 968
691 1986
691 706
691 827
692 1109
692 1769
692 1915
692 1948
692 1927
692 807
693 1109
693 865
694 1617
694 764
694 1535
694 1184
694 716
694 1608
694 1150
694 1555
694 1715
694 1223
694 1205
694 1018
694 1442
694 959
694 1976
694 1280
694 740
694 1978
694 870
694 1977
695 1860
695 1752
695 1391
695 1547
696 734
696 1546
696 959
696 1997
696 1093
696 1715
696 1735
697 1153
697 1204
697 1246
697 899
698 1036
698 1166
698 1890
698 1828
698 2012
698 917
698 1472
699 1479
699 1827
699 1162
700 1563
700 1396
700 1513
700 852
700 703
700 1785
701 765
701 1549
701 730
701 933
701 1824
701 1381
701 1737
702 1294
702 1221
703 1096
703 1970
703 1047
703 1084
704 1439
704 1707
705 959
705 1162
705 1479
705 1528
705 1807
705 1954
706 784
706 1615
706 1655
706 1665
706 739
706 1490
706 783
706 753
707 1618
707 1968
707 1786
708 1354
708 1045
708 1792
708 817
709 731
709 1710
709 1010
709 1661
710 1496
710 1621
710 1667
710 1593
710 1872
710 1263
710 1083
710 1080
710 1268
710 723
710 1734
710 1992
710 1731
710 1199
710 1249
711 1102
711 1151
711 971
711 1504
711 1002
711 1647
711 1088
711 940
711 2011
711 1997
711 1868
712 1794
712 1236
712 1269
712 1188
712 743
713 1926
713 1951
713 891
713 1153
713 1979
713 862
713 1481
714 1806
714 1667
714 1737
714 1699
714 1691
715 1403
715 819
715 1705
715 1955
715 1817
715 1959
715 1458
716 764
716 1555
716 1150
716 1977
717 1138
717 1533
717 1010
717 1737
718 1267
718 992
718 1638
718 1736
719 1211
719 1885
720 1639
720 1187
720 1896
720 1946
720 1303
720 1681
720 1637
720 1156
720 1821
720 888
720 1908
720 1251
720 1921
721 1952
721 1209
721 1950
721 1572
721 1819
721 2015
722 1149
722 869
722 1093
722 1742
722 1691
723 1580
723 1592
723 1667
723 1737
724 1088
724 1610
724 950
724 1711
725 1794
725 1479
725 887
725 1584
726 1260
726 1955
726 1873
727 1276
727 1814
727 930
728 784
728 795
728 1881
728 1655
728 1280
728 1725
728 1488
728 1733
728 1829
728 2017
729 1644
729 1761
729 1827
729 1360
729 1663
729 1471
729 993
729 1239
729 1465
729 1523
729 1798
729 1566
729 1979
730 1564
730 1857
730 1631
730 1515
730 1034
730 1500
730 1670
730 1621
730 1776
730 765
731 1122
731 1308
731 1055
732 1583
732 1689
732 861
732 1635
732 1909
732 788
732 1683
732 1048
732 1256
732 964
732 1434
732 1973
732 1425
733 1112
733 1646
733 1395
733 1099
734 1539
734 1810
734 1403
735 1536
735 1045
735 1642
735 1302
735 1524
736 1618
736 1622
736 1664
736 1583
736 1370
736 1973
736 1750
737 1543
737 1297
738 1073
738 1030
738 1575
738 1582
738 917
739 1986
739 1506
739 1655
739 949
739 1032
739 1764
739 1037
739 956
739 749
739 1510
739 1306
740 1199
740 1569
740 1706
740 1858
740 1610
741 1591
741 1818
741 806
741 783
741 1289
741 1471
742 1101
742 1383
742 765
742 810
742 1935
742 1458
743 1567
743 1912
743 1135
744 1569
744 1909
744 1555
744 1192
744 1508
745 1554
745 827
745 1990
745 1863
745 1775
745 1290
745 1296
745 768
745 822
745 1055
745 1874
745 2001
745 1516
746 1063
746 1025
746 1036
746 1575
746 1936
746 1957
747 1957
748 2005
748 1547
748 1223
748 1201
748 851
749 789
749 2003
749 1993
749 831
749 1486
749 1234
749 1410
749 805
749 1804
749 1124
749 1241
749 1581
749 1328
749 1778
749 776
749 1015
750 1124
750 2020
750 1446
750 1222
750 1869
750 1926
751 1314
751 1574
751 1373
751 1772
751 961
751 846
752 1854
752 1387
752 786
752 1314
752 1326
752 892
752 1430
752 1976
752 1953
752 1336
753 1188
753 1109
753 1151
753 922
753 921
753 1147
753 2028
753 1084
753 1130
753 1610
753 1002
753 1995
753 2027
753 1000
753 833
753 1288
753 1767
753 1707
753 1241
753 779
753 971
754 1322
754 1583
754 1766
754 848
754 828
755 1530
755 1399
755 1187
756 1510
756 1654
756 1162
756 994
756 1778
756 1458
757 1608
757 1442
757 1192
757 1547
757 1638
758 1860
758 1752
758 955
759 1737
759 782
759 1316
759 1087
759 1016
759 1865
759 846
759 1926
759 1530
760 1825
760 801
760 1373
761 1977
761 1559
761 1715
761 1535
761 764
761 1707
761 1277
761 1851
762 1290
762 1753
762 1289
762 1940
762 1954
763 1613
763 2010
763 1516
763 1749
764 1646
764 1205
764 1048
764 1547
764 1505
764 1030
764 1248
764 1977
764 999
765 1558
765 1115
765 1244
765 2023
765 1812
765 1756
765 1564
765 872
765 924
765 1746
766 1232
766 1128
766 1634
766 1940
767 1344
767 1864
767 905
767 1979
768 1800
768 1550
768 1326
769 1672
769 1815
769 1673
770 1976
770 790
770 2011
770 1640
770 829
770 1286
770 1408
770 1419
770 1010
771 1099
771 946
772 875
772 1498
772 1475
772 1687
772 1944
772 1813
772 1635
772 1301
772 783
772 828
773 1572
773 1350
773 1540
773 803
773 1673
773 1921
774 872
774 1706
774 1215
774 1754
774 788
774 1193
774 2016
774 1337
775 1410
775 1798
775 1480
775 819
775 788
775 1755
776 1933
776 1916
776 1372
776 1011
776 1037
776 1421
776 1469
776 789
776 1853
776 1274
776 849
776 1647
776 873
776 1015
776 1751
776 1787
776 1737
777 1797
777 792
778 1313
778 1474
778 1119
778 1369
778 899
778 910
779 1557
779 1101
779 1250
779 1834
779 1291
780 893
780 849
781 1643
781 783
781 861
781 1450
781 1318
782 838
782 1115
782 1869
782 909
783 1583
783 1498
783 852
784 1286
784 1780
784 1280
784 1506
784 1796
784 864
784 1713
784 1986
784 1615
784 1788
784 1529
784 1224
784 797
784 1378
784 1032
784 1745
784 2008
784 1655
784 1767
784 1608
784 1882
784 1817
784 912
784 1801
784 1385
785 1026
785 1079
785 1095
785 1538
785 1866
785 1598
785 1344
785 1618
786 1821
786 1430
786 1371
786 1023
786 1800
786 895
786 1387
786 1296
786 1861
786 1057
786 876
786 1133
786 1839
787 1582
787 1575
787 1276
787 1148
787 1217
787 1626
787 1798
789 1292
789 1521
789 809
789 1299
789 1215
790 1224
790 2003
790 1187
790 1490
791 1269
791 1539
791 1479
791 1256
792 1441
792 1605
792 882
792 1622
792 1285
792 998
792 1640
792 1892
792 1248
792 1453
792 1413
792 1897
792 847
792 996
793 819
793 836
793 963
793 1021
794 1284
794 1666
794 1020
794 876
794 894
794 1380
795 1378
795 1783
795 1286
795 1105
795 1224
795 1745
795 1510
796 1893
796 1407
796 1940
796 973
796 1055
797 1713
797 1538
797 1986
797 1575
798 1382
798 898
798 808
798 1101
798 1891
798 1794
798 1985
799 1558
799 1611
799 872
799 944
800 1430
800 1999
800 834
801 1514
802 1373
802 1289
802 1330
802 973
802 1827
802 1364
803 841
804 1581
804 1763
804 1751
804 946
805 1037
805 1659
805 1826
805 1295
805 1436
805 1804
805 919
805 1298
805 952
806 1015
806 897
806 1239
806 2009
806 915
806 1097
806 1260
806 1906
806 1761
806 1474
806 835
806 1017
806 2017
806 1990
807 1143
807 1658
807 1743
807 1089
807 1119
807 837
807 1463
807 1296
807 905
808 1058
808 1379
808 817
809 1456
809 1286
809 1933
809 1071
809 1798
809 1389
809 1488
809 1687
809 1721
809 1835
809 1928
809 963
810 1691
810 1267
810 1705
810 1194
810 1086
810 2020
810 1366
810 1426
810 1762
810 1530
810 1873
810 1218
810 1251
810 1935
810 1779
810 838
810 1327
810 967
810 1457
810 1576
810 1881
811 1580
811 1283
811 1395
811 1102
812 1247
812 1583
812 1642
813 1041
813 1594
813 1696
813 1649
813 1906
814 1542
814 856
814 1140
815 945
815 1499
815 1708
815 1240
815 854
815 1940
815 1560
815 1608
816 1037
816 1235
816 1826
816 1234
816 2025
816 836
816 1358
817 1052
817 1051
817 1684
817 1217
817 1352
817 1025
817 1008
817 991
817 1807
817 1166
817 1176
817 1859
817 1960
818 1863
818 1585
818 1159
818 1309
818 822
818 1609
819 1986
819 836
820 1499
820 1120
820 1786
820 861
821 1037
821 1486
821 1389
822 1552
822 1075
822 1585
822 1487
822 1888
822 1609
822 1562
822 1570
822 1279
823 1805
823 1547
823 1460
823 1184
823 1707
823 1608
823 1977
823 999
824 967
824 1404
824 1439
824 990
825 1771
825 1208
825 1817
825 1666
826 1732
826 1763
826 946
827 1901
827 1990
827 1394
827 1371
827 1430
828 1986
828 1766
828 1022
828 1512
828 1664
828 2025
828 1643
828 1215
828 1450
828 1020
828 1767
828 1468
828 1509
828 1384
828 1934
828 1357
829 1998
829 866
829 1443
829 1123
830 1552
830 1809
830 1939
831 1913
831 1647
832 1044
832 1141
832 1832
832 851
832 945
832 990
832 1740
832 1603
832 1176
833 1153
833 961
833 1665
833 1786
833 1801
833 1905
833 844
833 1380
833 899
834 1552
834 1888
834 2024
834 1658
834 989
835 1391
835 1565
835 1750
835 1289
836 1835
836 1916
836 1011
836 1928
836 1739
836 1740
836 1770
836 1979
836 1159
836 1093
836 1852
836 1382
837 1186
837 1763
837 1345
838 1102
838 1222
838 1762
838 1869
838 850
838 1959
839 1479
839 849
839 1583
839 947
839 1258
839 1944
839 1965
839 1683
839 1409
839 927
839 861
839 1909
840 1430
840 1543
840 1297
840 1076
840 2019
840 1831
840 1519
840 2012
841 1560
841 1613
842 1290
842 1027
842 1564
842 1583
842 1360
842 846
843 1827
843 1018
844 1313
844 883
844 2022
845 1335
846 1026
846 1544
846 1699
846 1737
846 1849
846 1720
846 997
846 1359
846 1162
846 1445
846 1216
846 1465
846 1256
846 1303
846 1926
846 909
847 1846
847 1451
847 1480
847 1293
847 1439
848 1692
848 1080
848 1621
848 1667
849 1165
849 893
849 1877
849 1800
849 914
849 1821
849 1967
849 1334
849 1402
849 1023
849 1296
849 1554
849 1870
849 1308
849 1956
849 1392
850 1672
850 1251
850 1458
850 1287
850 1033
850 1686
851 1832
851 1146
851 1952
852 1309
852 1583
852 1205
852 1909
852 934
852 1663
853 1901
853 1103
853 1522
853 855
854 1591
854 1565
854 1240
854 1199
855 1240
855 1818
855 1940
855 1511
856 1461
856 1456
856 1542
856 1691
856 1859
856 1364
856 1014
856 1720
857 1382
857 1149
857 905
858 1701
858 1528
858 1394
858 1212
859 1899
859 1530
859 1629
859 1380
860 1657
860 1058
860 1940
860 973
860 995
860 2024
861 930
861 1177
861 1434
861 926
861 1098
862 1404
862 1391
863 1660
863 1282
863 1847
863 1435
864 1962
864 1445
864 1018
865 889
866 1300
866 1186
866 1808
866 1303
866 1917
866 965
867 1128
867 1151
868 1796
868 1015
869 1497
869 1170
869 1139
869 1766
870 1037
870 1552
870 1562
870 1888
870 1518
870 1545
870 1395
870 1658
871 1742
871 1391
872 1034
872 1233
873 1845
873 1301
873 1295
873 1853
873 1969
873 947
873 1890
873 1690
873 1076
873 1486
874 1328
874 1353
874 1957
874 1892
875 1412
875 1583
875 1215
875 1713
875 1172
876 1208
876 1700
876 1545
876 932
876 1097
876 1200
877 1529
877 1619
877 1646
877 978
877 1507
877 1491
877 1661
878 1039
878 1335
878 925
878 1734
879 906
879 1899
879 1281
880 1324
880 1090
880 1606
880 941
880 1547
881 1820
881 1569
881 1706
881 1054
881 1977
882 1614
882 1974
882 1109
882 1190
882 1419
883 1306
883 1210
883 1262
883 1527
884 1065
884 1126
885 1664
885 1177
886 1611
886 1966
886 1486
887 927
887 1164
887 1704
888 1327
888 1671
889 1026
889 1354
889 1618
889 1580
889 1898
889 1184
889 1059
890 1599
890 1141
890 1195
890 1656
891 1975
891 1109
892 1554
892 1572
892 1902
892 1057
892 931
892 1165
892 1064
892 1911
893 1242
893 1395
895 1861
895 1900
895 1990
895 1848
896 1319
896 1377
896 1534
896 1126
896 1453
896 1744
896 1677
897 1030
897 1940
897 1240
897 1665
898 1957
898 1644
898 1240
898 1289
898 1827
898 1429
899 971
899 1979
899 1736
899 1714
899 910
899 1759
900 1832
900 1884
901 1606
901 1540
901 1016
902 1109
902 1677
902 1525
903 1850
903 1977
904 1650
904 1758
904 917
904 953
905 1418
905 1629
905 1134
905 1333
905 1120
905 1380
905 1714
905 1113
905 951
905 1829
905 1549
905 1080
905 1979
906 1293
907 1109
907 1677
907 1176
907 1948
907 1155
907 1995
909 1926
909 1327
909 1433
909 1124
909 1530
909 1489
909 1672
909 1309
909 1139
909 1773
909 1425
910 1380
911 1957
912 1737
912 1926
912 1458
912 2022
913 1266
913 1408
913 924
913 933
913 1957
913 1733
914 1290
914 1900
914 925
915 1644
915 1240
915 1289
915 1940
915 1429
916 1024
916 1232
916 1112
916 925
916 1496
916 1128
916 1294
917 1823
917 1444
917 1210
917 1148
917 1051
917 2004
917 1411
917 1315
917 1922
917 1217
917 2014
917 1930
917 1138
917 1037
917 1732
917 1182
918 1871
918 1738
918 1177
918 1820
918 1569
918 1706
919 1723
919 1109
919 1636
919 1573
920 1021
920 1102
920 921
921 1102
921 1084
921 922
921 1432
921 1914
921 1226
921 1422
921 1387
921 1662
921 971
922 1098
922 1647
923 1947
923 1289
923 1274
923 1802
923 1426
923 1573
924 1727
924 1595
924 1764
924 1883
924 1859
924 1993
924 1094
924 1442
924 1779
925 1043
925 1335
925 1039
925 1734
925 1263
925 1130
925 1494
926 1583
926 1669
927 1711
927 1853
927 963
927 1015
928 1348
928 1215
928 1498
928 1930
928 1820
929 1342
930 1157
930 1769
930 1583
930 1230
931 1861
931 1636
932 1666
932 2007
932 1623
932 1208
933 1904
933 1328
933 1322
933 1958
933 1882
933 956
933 1348
933 1507
933 943
933 1261
933 1640
933 1701
933 1461
933 1048
934 1583
934 1689
934 1813
935 1981
935 1458
935 1595
936 1420
936 1944
937 1100
937 1156
937 1905
938 1552
938 1895
938 1395
938 1658
938 1487
939 1044
939 1141
939 1368
939 1884
939 1097
939 1861
940 1541
941 1597
941 1090
941 1802
941 1940
941 1547
942 1099
942 1808
942 1824
942 1814
943 1579
943 2015
944 1319
944 1750
944 1943
945 1884
945 1307
945 1952
945 2013
945 990
945 1139
946 1121
946 1945
946 1238
946 1824
946 1763
946 1040
946 988
947 1044
947 1583
947 1215
947 1766
947 1774
948 1856
948 1648
948 1076
948 1017
948 1519
948 1744
949 1745
949 1275
949 1280
949 1377
949 1661
949 1986
949 1510
949 1926
950 1553
950 1049
950 1122
950 1151
950 1764
951 1062
951 1870
951 1417
951 1952
951 1563
951 1020
952 1495
952 1913
952 1818
952 1092
953 1082
953 1964
954 1030
954 1004
955 1054
955 1479
956 1137
956 1261
956 957
957 1533
958 1141
958 1884
958 1062
958 1852
959 1567
959 1236
959 1034
959 1283
960 1539
961 1120
961 1984
961 1846
962 1842
962 1742
962 1467
962 1481
962 1383
962 1139
962 1921
962 1926
963 1596
963 1911
963 1015
963 1029
964 1035
964 1287
964 1479
965 982
965 1568
966 1442
966 1977
966 1656
966 1765
967 1331
968 1920
968 1898
968 1519
969 1819
969 1370
969 987
969 1449
970 1832
970 1428
970 990
970 1181
970 1474
970 1813
970 1384
971 1306
971 1541
971 1151
971 1122
971 2028
971 1117
971 2021
971 1133
971 1180
971 1084
971 1504
971 1678
971 1000
971 1452
971 1586
971 1610
971 1226
971 1002
971 1932
971 1436
971 1095
971 1811
971 1955
971 1621
971 1980
971 989
971 1733
972 1744
972 1921
972 1983
972 1475
973 1240
973 1954
973 1814
973 1189
973 1613
973 995
974 1321
975 1109
975 1636
975 1983
975 1869
976 1215
976 1406
976 1307
977 1862
977 1658
977 1926
978 992
978 1391
978 1638
978 1624
978 1308
978 1520
978 1359
979 1560
979 1294
979 2027
979 1502
980 1036
980 1171
980 1575
980 1148
980 1535
981 1040
981 1827
981 1980
981 1200
982 1131
982 1030
982 1328
982 1594
983 1221
983 1527
983 1716
984 1863
984 1878
984 1412
984 1430
985 1109
985 1677
985 1620
985 1584
985 1674
986 1869
986 1926
986 1458
987 1446
987 1783
988 1951
988 1629
989 1345
989 1121
989 1259
989 1979
990 1181
990 1832
990 1417
990 1952
990 1978
990 1884
990 1897
990 1599
990 1477
990 1526
991 1536
991 1233
992 1624
992 1336
993 1537
993 1289
993 1364
993 1943
993 1131
993 1482
994 1913
994 1926
994 1446
994 1509
994 1941
995 1940
995 1980
995 1818
995 1534
996 1705
996 1622
996 1894
996 1921
996 1747
996 1701
996 1675
997 1846
997 1737
998 1622
998 1824
998 1894
998 1585
999 1715
999 1777
999 1442
999 1189
999 1201
999 1508
999 1531
1000 1049
1000 1678
1001 1585
1001 1363
1001 1274
1001 1844
1002 1181
1002 1151
1003 1395
1003 1658
1003 1939
1003 1547
1004 1564
1004 1115
1004 1218
1005 1583
1005 1662
1005 1546
1006 1046
1006 1597
1006 1101
1006 1681
1007 1247
1007 2013
1007 1186
1009 1519
1009 1963
1009 1341
1009 1155
1009 1082
1010 1871
1010 1639
1010 1138
1010 1732
1010 1808
1010 1038
1010 1341
1010 1419
1010 1170
1010 1623
1011 1037
1011 1948
1012 1109
1012 1677
1012 1317
1012 1525
1013 1752
1013 1479
1013 1525
1013 1623
1014 1516
1015 1482
1015 1486
1015 1488
1015 1804
1015 1305
1015 1974
1015 1372
1015 1309
1015 1550
1015 1691
1015 1078
1015 1887
1015 1737
1015 1544
1016 1825
1016 1623
1016 1314
1016 1279
1017 1144
1017 1061
1018 1121
1018 1271
1018 1977
1018 1508
1019 1246
1019 1240
1020 1277
1021 1558
1021 1338
1021 1469
1021 1235
1021 1214
1022 1664
1022 1683
1022 1215
1022 1813
1022 1728
1022 2005
1022 1667
1023 1837
1023 1846
1023 1900
1024 1632
1024 1066
1024 1028
1024 1114
1025 2017
1025 1675
1025 1472
1025 1488
1026 1279
1026 1344
1026 1079
1026 1362
1026 1598
1026 1617
1026 1562
1027 1756
1027 1034
1027 1874
1027 1812
1027 1558
1027 1115
1027 1463
1027 1585
1027 1926
1028 1632
1028 1060
1028 1385
1028 1265
1029 1207
1029 1135
1029 1063
1029 1957
1030 1414
1030 1194
1030 1444
1030 1254
1030 1792
1030 2014
1030 1190
1030 1575
1030 1687
1030 1988
1030 1641
1030 1907
1031 1880
1031 1575
1031 1194
1031 1127
1031 1935
1032 1286
1032 1881
1032 1647
1032 1510
1033 1614
1033 1404
1033 1140
1033 1417
1034 1544
1034 2023
1034 1776
1034 1791
1035 1198
1035 1185
1036 1917
1036 1936
1036 1411
1036 1880
1036 1543
1036 1065
1036 1045
1036 1472
1037 1329
1037 1469
1037 1309
1037 1696
1037 1140
1037 1550
1037 1798
1037 1969
1037 2003
1038 1945
1038 1705
1038 1634
1038 1894
1038 1454
1038 1064
1038 1187
1039 1080
1039 1503
1039 1249
1040 1898
1040 1580
1040 1354
1040 1590
1040 1598
1040 1347
1040 1618
1041 1211
1041 1183
1042 1551
1042 1169
1042 1266
1042 1046
1042 1058
1042 1831
1042 1090
1042 1115
1043 1146
1043 1405
1043 1674
1043 1918
1044 1404
1044 1836
1044 1307
1044 1903
1044 1832
1044 1782
1045 1548
1045 1536
1045 1194
1045 1499
1045 1217
1045 1233
1045 1411
1045 1850
1045 1912
1045 1807
1045 1817
1045 1953
1045 1627
1045 1302
1045 1315
1046 1056
1046 1291
1046 1241
1046 1831
1046 1382
1046 1058
1046 1118
1046 1868
1046 1437
1046 1132
1046 1673
1046 1165
1047 1694
1047 1306
1047 1678
1047 1084
1047 1407
1047 1610
1047 1151
1047 1728
1049 1947
1049 1151
1049 1468
1049 1545
1050 2019
1050 1577
1050 1972
1050 1483
1050 1569
1051 1967
1051 1254
1051 1276
1051 1880
1051 1418
1051 1560
1052 1902
1052 1839
1052 1877
1052 1375
1052 1430
1052 1865
1053 1108
1053 1953
1053 1918
1053 1867
1053 1198
1054 1810
1054 1563
1055 1335
1055 1059
1055 1520
1055 1910
1055 1532
1055 1621
1055 1494
1055 1349
1055 1080
1055 1249
1056 1058
1056 1597
1056 1627
1057 1988
1057 1367
1057 1976
1057 1773
1057 1837
1057 1375
1057 1137
1058 1101
1058 1673
1058 1856
1059 1109
1059 1872
1059 1080
1059 1667
1059 2024
1060 1133
1060 1496
1061 1789
1061 1302
1062 1556
1062 1260
1063 1332
1063 1770
1063 1295
1064 1961
1065 1107
1065 1668
1065 1586
1065 1589
1066 1441
1066 2011
1066 1107
1067 1331
1067 1178
1067 1652
1067 1923
1068 1627
1068 1101
1068 1368
1068 1110
1068 1921
1069 1776
1069 1229
1069 1962
1069 1115
1069 1885
1070 1479
1070 1626
1070 1210
1070 1302
1071 1295
1071 1639
1072 1544
1072 1564
1072 1812
1072 1574
1072 1776
1072 1795
1073 1572
1073 1899
1073 1889
1073 1290
1073 1430
1073 1485
1074 1570
1074 1560
1074 1613
1074 1094
1075 1562
1075 1685
1075 1395
1075 1658
1076 1543
1076 1855
1076 1501
1076 1509
1077 1923
1077 1564
1077 1115
1077 1460
1077 1857
1078 1841
1078 1145
1079 1898
1079 1590
1079 1997
1079 1785
1080 1083
1080 1400
1080 1268
1081 1398
1081 1109
1081 1636
1081 1724
1081 1586
1081 1947
1082 1637
1082 1342
1083 1593
1083 1667
1084 1404
1084 1616
1084 1610
1084 1098
1084 1102
1085 1913
1085 1560
1085 1527
1085 1448
1086 1425
1086 1849
1086 1087
1086 1359
1086 1865
1086 1251
1086 1274
1086 1384
1086 1926
1086 1959
1087 1236
1087 1720
1087 1929
1087 1509
1088 1130
1088 1464
1088 1610
1088 1306
1089 1302
1089 1540
1089 1847
1090 1382
1090 1379
1090 1587
1090 1606
1090 1455
1090 1673
1090 1101
1090 1831
1090 1829
1090 1447
1090 1871
1090 1964
1090 1159
1090 1406
1091 1747
1091 1892
1091 1099
1091 1622
1091 1247
1091 1591
1092 1319
1092 1126
1092 1160
1092 1103
1093 1170
1093 1383
1093 1481
1093 1497
1094 1499
1094 1565
1094 1273
1095 1392
1095 1618
1096 1704
1096 1198
1096 1785
1097 1146
1097 1750
1098 1226
1098 1133
1098 1914
1098 1275
1098 1102
1098 1693
1099 1637
1099 1447
1099 1238
1099 1187
1099 1247
1099 1341
1100 1605
1100 1681
1100 1940
1101 1831
1101 1379
1101 1551
1101 1169
1101 1257
1101 1616
1101 1111
1101 1161
1101 1524
1102 1610
1102 1947
1102 1151
1102 1678
1102 1694
1102 2021
1102 2028
1102 1206
1102 1198
1102 1711
1102 1560
1103 1571
1103 1319
1103 1363
1103 1684
1103 1720
1103 1649
1104 1375
1104 1820
1104 1577
1104 1703
1104 1105
1104 1677
1105 1517
1106 1319
1106 1554
1106 1142
1107 1294
1107 1632
1107 1128
1108 1670
1108 1357
1109 1584
1109 1176
1109 1948
1109 1769
1109 1470
1109 1677
1109 1317
1109 1617
1109 1197
1109 1641
1109 1676
1109 1125
1109 1927
1109 1220
1109 1925
1109 1561
1109 1709
1109 1949
1109 1620
1109 1339
1109 1911
1109 1637
1109 1387
1109 1843
1109 2017
1110 1950
1110 1680
1110 1650
1110 1325
1110 1343
1111 1597
1111 1250
1111 1627
1111 1886
1112 1843
1112 1232
1112 1236
1113 1844
1113 1628
1113 1803
1113 1781
1114 1731
1114 1150
1114 1721
1115 1611
1115 1526
1115 1266
1115 1631
1115 1164
1115 1823
1116 2006
1116 1178
1116 1907
1116 1723
1116 1734
1117 1214
1117 1306
1117 1714
1118 1597
1119 1604
1119 1204
1119 1138
1119 1941
1120 1628
1121 1748
1121 1998
1121 1605
1121 1167
1121 1991
1121 1691
1121 1639
1121 1138
1121 1247
1121 1896
1122 1704
1122 2027
1122 1586
1122 1678
1122 1180
1122 1151
1122 1306
1122 1211
1123 1548
1123 1582
1123 1302
1124 1437
1124 1568
1124 1901
1124 1737
1125 1636
1125 1971
1125 1677
1126 1534
1126 1319
1126 1692
1126 1721
1126 1698
1126 1594
1127 1162
1128 1232
1128 1632
1128 1428
1128 1212
1129 1142
1130 2029
1130 1610
1130 2028
1130 1461
1131 1671
1131 1907
1131 1654
1131 2000
1131 1636
1132 1707
1132 1638
1132 1391
1133 1586
1133 1432
1133 1190
1133 1906
1133 1728
1133 1306
1133 1452
1134 1540
1134 1161
1135 1812
1135 1408
1135 1299
1135 1686
1135 1311
1135 1246
1135 1370
1136 1198
1136 1163
1136 1774
1137 1619
1137 1245
1137 1507
1137 1761
1137 1910
1137 1996
1137 1422
1137 1802
1138 2013
1138 1681
1138 1533
1138 1970
1138 1639
1138 1758
1138 1355
1138 1848
1139 1383
1140 1830
1141 1404
1141 1651
1141 1439
1141 1599
1141 1368
1141 1788
1141 1782
1141 1832
1141 1870
1141 1884
1142 1319
1142 1534
1142 1245
1142 1668
1143 1949
1144 1702
1144 1613
1145 1654
1145 1915
1145 1676
1145 1197
1145 1980
1145 1677
1147 1897
1147 1969
1147 2021
1147 1180
1147 1151
1147 1947
1147 1260
1148 1228
1148 1254
1148 1173
1148 1278
1148 1152
1148 1524
1148 1255
1149 1618
1149 1742
1149 1383
1149 1744
1150 1223
1150 2012
1150 1508
1150 1822
1151 1180
1151 1610
1151 1947
1151 1259
1151 1552
1151 1210
1151 1191
1152 1477
1152 1699
1152 1287
1152 1426
1152 1959
1153 1625
1154 1590
1154 1190
1155 1638
1155 1583
1155 1254
1156 1668
1156 1639
1156 1921
1156 1167
1156 1413
1156 1830
1156 1599
1157 1724
1157 1242
1158 1170
1159 1895
1159 1395
1159 1658
1160 1377
1160 1668
1160 1398
1161 1510
1161 1230
1161 1813
1161 1406
1161 1560
1162 1737
1162 1762
1162 1425
1163 1228
1164 1914
1164 1198
1165 1554
1166 1917
1166 1472
1166 1498
1167 1757
1168 2024
1168 1530
1168 1503
1168 1759
1169 1587
1169 1844
1170 1812
1170 1481
1170 1383
1170 1677
1170 1512
1171 1986
1171 1582
1171 1302
1171 1201
1171 1999
1172 1204
1173 2004
1173 1994
1173 1823
1173 1472
1173 2007
1173 2014
1174 1957
1174 1926
1174 1211
1175 1538
1175 1344
1175 1354
1175 1362
1175 1618
1175 1648
1175 1533
1176 1479
1177 1319
1177 1449
1177 1894
1177 1706
1177 1871
1178 1256
1178 1385
1178 1654
1178 1489
1178 1966
1179 1863
1179 1232
1179 1582
1180 1215
1180 1306
1181 1556
1181 1843
1181 1832
1181 1879
1181 1458
1182 1282
1183 1211
1184 1644
1184 1555
1184 1977
1184 1749
1185 1805
1185 1212
1185 1636
1186 1637
1187 1952
1187 1280
1187 1892
1187 1303
1187 1991
1187 1453
1187 1397
1187 1808
1187 1719
1187 1247
1187 1426
1188 1920
1189 1650
1189 1442
1190 1264
1190 1792
1190 1407
1191 1687
1191 1359
1191 1384
1191 1737
1191 1274
1191 1802
1191 1959
1191 1310
1192 1936
1192 1977
1193 1583
1193 1683
1193 1833
1193 1340
1194 1626
1195 1840
1195 1340
1195 1406
1197 1220
1197 1462
1199 1344
1199 1618
1199 1538
1200 1313
1200 1441
1200 1530
1201 1547
1201 1460
1202 2006
1202 1808
1202 1477
1203 1897
1203 1650
1203 1283
1203 1681
1203 1957
1203 1985
1204 1702
1205 1547
1205 1589
1205 1442
1206 1678
1206 1612
1207 1266
1207 1793
1207 1588
1207 1819
1208 1708
1208 1666
1208 1924
1209 1703
1209 1619
1209 1936
1209 1386
1209 1300
1209 1707
1210 1418
1212 1479
1212 1278
1213 1297
1213 1502
1214 1583
1214 1340
1214 1434
1214 1321
1215 1583
1215 1361
1215 1965
1215 1635
1215 1743
1215 1944
1215 1937
1215 2016
1215 1523
1215 1685
1215 1931
1215 1248
1215 1748
1215 1424
1216 1445
1216 1699
1216 1400
1216 1650
1216 1572
1216 1959
1217 1241
1217 2000
1217 1499
1218 1367
1218 1458
1218 1737
1218 1446
1219 1231
1219 1848
1219 1287
1220 1371
1221 1560
1221 1404
1222 1274
1223 1547
1223 1449
1223 1227
1223 1734
1224 1378
1225 1271
1225 1755
1225 1677
1225 1741
1225 1502
1225 1255
1226 1647
1226 1814
1226 1947
1227 1352
1227 1502
1227 1273
1228 1658
1228 1578
1228 1233
1228 1472
1229 1544
1229 1461
1229 1756
1230 1973
1230 1664
1230 1871
1230 1909
1231 1291
1231 1606
1233 1411
1233 1547
1233 1644
1233 1302
1234 1430
1234 1969
1234 1831
1234 1491
1234 1940
1235 1924
1235 1518
1236 1479
1236 1274
1236 1506
1237 1922
1237 1302
1238 1557
1238 1946
1239 1818
1239 1360
1239 1381
1239 1828
1239 2017
1239 1827
1240 1353
1240 1827
1240 1471
1241 1587
1241 1627
1241 1374
1241 1455
1241 1717
1242 1587
1242 1661
1242 1426
1243 1479
1243 1371
1244 1319
1244 1857
1245 1424
1245 1463
1245 1829
1246 1686
1246 1778
1247 1751
1247 1419
1247 1447
1247 1485
1247 1345
1247 1808
1247 1725
1247 1490
1248 1634
1248 1761
1249 1305
1249 1621
1249 2024
1249 1734
1249 1593
1249 1496
1249 1655
1250 1587
1250 1886
1250 1379
1250 1374
1250 1832
1250 1996
1250 1881
1251 1680
1252 1646
1252 1390
1252 1957
1252 1333
1253 1900
1253 1764
1253 1630
1253 1595
1253 1304
1253 1476
1253 1852
1253 1868
1253 1566
1253 1977
1253 1294
1254 1675
1254 1575
1254 1786
1254 1418
1254 1472
1255 1655
1255 1560
1255 1613
1255 1516
1257 1335
1257 1592
1258 1638
1258 1583
1258 1847
1259 1542
1260 1360
1260 1443
1261 1292
1261 1703
1261 1408
1261 1353
1262 1930
1262 1330
1262 1364
1262 1940
1262 1448
1262 1613
1263 1745
1264 1825
1264 1771
1265 1677
1265 1724
1266 1885
1266 1718
1266 1582
1267 1391
1267 1847
1268 1872
1269 1596
1269 1997
1270 1977
1270 2012
1271 1636
1271 1612
1271 1516
1271 1502
1271 1273
1271 1511
1271 1816
1272 1776
1272 1621
1273 1757
1273 1516
1273 1880
1274 1795
1274 1672
1274 1489
1274 1607
1274 1530
1274 1465
1274 1287
1274 1706
1274 1621
1274 1822
1275 1280
1275 1986
1275 1510
1275 1804
1275 1569
1275 1583
1275 1964
1276 1684
1276 1524
1276 1769
1276 1850
1276 2014
1277 1608
1277 1510
1277 1490
1278 1546
1278 1997
1278 1952
1278 1499
1279 1344
1279 1618
1280 2008
1280 1286
1281 1351
1282 1588
1283 1680
1284 1545
1284 1601
1284 1817
1284 1814
1285 1637
1286 1528
1286 1506
1286 1483
1286 1757
1286 1770
1286 1986
1287 1661
1287 1400
1287 1849
1287 1926
1288 1943
1289 1537
1289 1429
1289 1644
1289 1761
1289 1330
1289 1906
1289 1787
1289 1823
1289 1754
1289 1625
1289 1397
1289 1538
1290 1800
1290 1902
1290 1402
1290 1988
1290 1837
1290 1301
1290 1367
1290 1931
1290 1510
1290 1787
1290 1361
1290 1816
1290 1430
1290 1990
1290 1519
1291 1606
1291 1551
1292 1570
1292 1313
1292 1531
1293 1901
1293 1899
1293 1773
1293 1480
1293 1947
1293 1371
1293 1327
1294 1461
1294 2023
1294 1560
1295 1550
1295 1329
1295 1309
1295 1806
1295 1482
1295 1993
1295 2003
1295 1882
1295 1583
1295 1926
1296 1846
1296 1562
1296 1302
1297 1365
1297 1320
1297 1746
1297 1373
1297 1648
1297 1772
1298 1986
1298 1737
1299 1776
1299 1300
1299 1499
1299 1595
1300 2015
1300 1819
1300 1957
1301 1846
1301 1926
1302 2007
1302 1807
1302 1684
1302 1963
1302 1411
1302 1912
1302 1978
1302 1746
1302 1812
1302 1444
1303 1808
1304 1852
1304 1476
1304 1981
1304 1712
1305 1826
1306 1914
1306 1541
1306 2027
1306 1452
1306 1462
1307 1428
1308 1588
1309 1770
1309 1436
1309 1370
1310 1695
1310 1604
1310 1735
1311 1881
1312 1636
1312 1729
1312 1436
1314 1574
1314 1320
1314 1855
1314 1583
1315 1440
1315 1584
1315 1418
1316 1737
1316 1779
1317 1636
1318 1423
1318 1926
1318 1959
1319 1430
1319 1698
1319 1534
1319 1668
1319 1692
1319 1716
1319 1902
1319 1511
1319 1919
1320 1645
1320 1568
1320 1805
1320 1501
1320 1772
1320 1624
1321 1583
1323 1797
1323 1334
1323 1529
1323 1955
1323 1921
1323 1419
1323 1983
1323 2029
1323 1446
1324 1587
1324 1651
1324 1597
1324 1374
1324 1979
1325 1422
1325 1985
1326 1846
1326 1989
1326 1839
1326 1771
1326 1902
1326 1627
1327 1426
1328 1601
1328 1348
1329 1436
1330 1957
1331 1832
1331 1427
1331 1556
1331 1870
1331 1884
1332 1421
1333 1390
1333 1628
1333 1735
1334 1860
1334 1416
1334 2001
1335 1532
1335 1717
1335 1522
1335 1621
1335 1667
1335 1959
1336 1779
1336 1838
1336 1926
1336 1458
1336 2022
1337 1362
1337 1830
1337 1873
1337 1996
1337 1888
1337 1395
1337 1658
1337 1822
1338 1826
1338 1841
1338 1477
1339 2014
1340 1523
1340 2016
1340 1743
1340 1669
1340 1754
1340 1545
1341 1596
1341 1605
1341 1744
1341 1479
1342 1695
1342 1483
1342 1657
1342 1600
1342 2020
1342 1784
1343 1528
1344 1362
1344 1787
1344 1747
1345 1490
1346 1713
1346 1637
1346 1744
1347 1808
1348 1440
1349 1370
1350 1888
1350 1919
1351 1854
1352 1606
1353 1427
1354 1762
1355 1722
1355 1826
1356 1585
1356 1395
1357 1787
1358 1372
1358 1697
1359 1802
1359 1464
1359 1926
1360 1761
1361 1391
1361 1545
1362 1618
1363 1598
1363 1827
1365 1543
1365 1546
1365 1583
1366 1808
1366 1887
1366 1926
1367 1775
1367 1977
1368 1556
1369 1847
1369 1594
1370 1390
1370 1957
1371 1816
1371 1416
1371 1540
1371 1375
1371 1869
1372 1990
1373 1891
1373 1543
1373 1855
1373 1904
1373 1874
1374 1478
1375 1467
1375 1808
1375 1471
1376 1749
1376 1458
1377 1832
1377 1668
1378 1986
1379 1587
1379 1597
1379 1998
1381 1467
1381 1638
1381 1827
1381 2005
1383 1742
1383 1452
1384 1538
1384 2022
1385 1923
1385 1723
1385 1671
1385 1550
1386 1458
1387 1861
1388 1625
1389 1711
1390 1957
1391 1707
1391 1638
1391 1690
1391 1624
1391 1623
1392 1771
1392 1886
1392 1559
1393 1837
1393 1863
1394 1567
1395 1562
1395 1809
1395 1609
1395 1585
1395 1487
1395 1829
1395 1552
1395 1901
1395 1583
1395 1930
1395 1791
1395 1420
1398 1453
1398 1700
1399 1918
1399 1405
1399 1480
1400 1935
1401 1677
1403 1539
1403 1479
1403 1660
1404 1500
1404 1961
1406 1924
1407 1448
1408 1957
1408 1518
1409 1855
1409 2019
1409 1746
1409 1772
1410 1859
1413 1744
1413 1465
1414 1986
1414 1626
1415 1798
1415 1808
1415 1434
1417 1419
1418 1499
1419 1453
1419 1894
1419 1485
1419 2020
1419 1689
1420 1583
1420 1512
1420 1475
1420 1438
1421 1806
1421 1942
1421 1827
1422 1959
1423 1678
1423 1869
1423 1425
1423 1458
1424 1703
1425 1986
1425 2020
1425 1930
1425 1458
1426 1865
1426 1926
1426 1822
1426 1749
1426 1568
1427 1495
1427 1457
1427 1890
1427 1560
1427 1465
1428 1923
1428 1962
1428 1992
1428 1495
1429 1565
1430 1773
1430 1877
1430 1863
1430 1448
1431 1443
1431 1620
1432 1685
1432 1994
1433 1779
1433 1494
1434 1754
1436 1911
1436 1991
1436 1486
1437 1646
1437 1440
1437 1958
1437 1957
1438 1657
1438 1695
1439 1614
1439 1952
1440 1618
1440 1778
1441 1570
1442 1608
1442 1505
1442 1777
1442 1715
1442 1766
1443 1827
1443 2009
1444 1928
1444 1499
1444 2018
1445 1737
1445 1926
1445 1959
1446 1851
1446 1720
1446 1799
1446 1458
1447 1710
1448 1827
1448 1818
1449 1528
1449 1589
1450 1583
1450 1523
1451 1900
1452 1586
1453 1757
1453 1758
1454 1751
1454 1735
1455 1557
1456 1859
1456 1719
1456 1929
1458 1569
1458 1489
1458 1851
1458 1607
1458 1924
1458 1720
1458 1733
1459 1548
1460 1835
1460 1715
1460 1588
1460 2005
1461 1903
1461 1719
1461 1516
1462 1552
1463 1917
1464 1576
1464 1926
1465 1765
1465 1926
1466 1539
1467 1861
1467 1967
1467 1938
1467 1889
1467 1850
1467 1825
1467 1940
1468 1695
1468 1760
1469 1472
1470 1879
1470 1636
1471 2026
1472 1642
1472 1936
1472 1506
1472 1570
1473 1794
1473 1831
1473 1528
1473 1669
1474 1943
1475 1586
1476 1493
1476 1981
1476 1764
1477 1808
1477 1531
1478 1879
1478 1897
1478 1952
1478 1801
1478 1760
1479 1596
1479 1528
1479 1645
1479 1539
1479 1589
1479 1811
1480 1861
1480 1739
1481 1497
1481 1742
1481 1753
1481 1997
1481 1926
1482 1826
1482 1928
1483 1695
1483 1710
1484 1925
1484 1692
1486 1911
1486 2007
1487 1809
1489 1926
1489 1959
1490 1640
1491 1494
1491 1593
1492 1565
1492 1814
1493 1576
1493 1775
1494 1532
1494 1522
1494 1585
1496 1632
1497 1880
1497 1848
1498 1928
1498 1774
1499 1578
1499 1917
1499 1642
1499 1568
1499 1912
1500 1556
1500 1614
1500 1832
1501 1746
1501 1514
1501 1722
1501 1777
1502 1560
1502 1516
1503 1910
1503 1621
1503 1567
1503 2024
1504 1610
1506 1796
1506 1845
1506 1516
1507 1680
1507 1727
1507 1950
1507 1652
1507 1942
1509 1658
1509 1905
1510 1881
1510 1796
1510 1986
1511 1560
1512 1519
1512 1583
1513 1537
1513 1940
1514 1543
1514 1825
1514 1574
1515 1544
1515 1799
1516 1560
1516 1527
1516 1573
1516 1790
1516 1907
1516 1810
1517 1820
1517 1569
1517 1706
1518 1619
1520 1916
1521 1604
1523 1664
1523 1689
1524 1684
1524 2002
1524 1899
1525 1817
1526 1857
1526 1631
1527 1688
1528 1539
1528 1757
1528 1717
1529 1745
1529 1882
1530 1851
1530 2020
1530 1802
1531 1751
1531 1808
1531 1864
1532 1667
1533 1570
1533 1639
1533 1959
1534 1692
1534 1957
1534 1754
1535 1964
1536 1726
1536 2014
1536 1571
1536 1568
1538 1580
1538 1983
1538 1935
1539 1581
1539 1731
1539 1920
1539 1596
1540 1803
1540 1730
1540 1575
1540 1750
1541 1947
1542 1859
1542 1903
1542 1688
1543 1782
1543 1956
1543 1748
1543 2027
1543 1653
1547 1658
1547 1559
1547 1977
1548 1642
1548 1960
1548 1568
1548 1699
1549 1937
1549 1699
1550 1974
1550 1740
1550 1568
1550 1599
1550 1835
1551 1711
1552 2023
1552 1562
1552 1585
1553 1986
1553 2027
1555 1895
1556 1870
1556 1992
1556 1653
1556 1599
1556 1614
1556 1832
1556 1876
1556 1725
1556 1697
1557 1886
1558 1857
1558 1709
1558 1621
1559 1806
1559 1977
1560 1573
1560 1612
1560 1741
1560 1784
1560 1755
1560 1613
1560 1834
1560 2018
1560 1790
1560 1654
1560 1757
1560 1602
1561 1971
1561 2028
1561 1636
1562 1830
1562 1658
1563 1704
1564 1870
1564 1808
1564 1986
1564 1631
1564 1718
1565 1980
1565 1663
1566 1868
1567 1731
1567 1596
1567 1922
1567 1997
1568 1900
1569 1603
1569 1706
1570 1615
1570 1747
1571 1683
1571 1621
1572 1988
1572 1816
1572 1973
1573 1746
1573 1834
1574 1659
1577 1820
1577 1738
1579 1772
1580 1590
1580 1898
1580 1598
1581 1676
1581 1755
1582 1768
1582 1593
1583 1813
1583 1937
1583 1643
1583 1656
1583 2025
1583 1965
1583 2016
1583 1669
1583 1743
1583 1934
1583 1840
1583 1807
1583 1786
1584 1959
1585 1888
1586 1914
1586 2021
1586 1693
1587 1930
1588 1695
1590 1598
1590 1618
1591 2026
1591 1849
1593 1664
1593 1621
1593 1667
1594 1649
1595 1828
1597 1922
1597 1635
1598 1898
1598 1798
1599 1614
1599 1832
1599 1952
1600 1710
1600 1777
1602 1690
1602 1739
1602 1638
1603 1706
1605 1848
1605 1640
1605 1637
1607 1869
1607 2020
1609 1661
1610 1694
1610 1995
1611 1663
1613 1790
1613 1945
1613 1741
1614 1870
1614 1651
1614 1987
1615 1780
1615 1668
1618 1898
1618 1966
1618 1957
1619 1957
1621 1789
1622 1921
1623 1856
1623 1748
1624 1733
1624 1707
1624 1996
1625 1878
1625 1658
1626 1977
1627 1831
1627 1946
1630 1729
1630 1777
1631 1791
1631 2022
1632 1734
1634 2018
1634 1970
1634 1983
1634 1710
1635 1712
1635 1685
1635 1916
1636 1949
1636 1641
1636 1682
1636 1925
1636 1948
1636 1971
1636 1709
1636 1951
1636 1881
1636 2027
1636 1638
1637 1921
1638 1733
1638 1690
1638 1707
1639 1962
1640 1921
1640 1983
1642 1770
1642 1684
1642 2014
1643 1718
1643 1934
1643 1936
1646 1957
1647 1768
1648 1746
1652 1660
1653 1759
1653 1959
1653 1736
1654 1723
1654 2006
1654 1804
1655 1932
1656 1965
1656 1689
1657 1710
1658 1895
1658 1829
1658 1939
1658 1985
1659 1993
1659 1740
1659 1853
1660 1923
1660 1820
1661 1869
1662 1679
1663 1787
1663 1866
1665 1722
1666 1813
1666 1965
1666 1708
1666 1686
1667 1759
1667 1783
1667 1816
1667 1684
1668 1920
1670 1883
1671 1907
1672 1965
1672 1822
1672 1959
1675 1874
1676 1907
1677 1927
1677 1948
1677 1915
1677 2021
1677 1981
1679 1687
1679 1689
1680 1881
1680 1819
1680 1957
1682 1900
1682 1697
1683 1965
1683 1975
1683 1813
1683 1934
1683 1940
1687 1689
1688 1859
1689 1813
1689 1743
1690 1832
1691 1859
1691 1752
1692 1721
1697 1959
1698 1721
1699 1920
1699 1737
1700 1724
1701 1918
1702 1864
1702 1875
1702 1735
1703 1957
1705 1987
1705 1751
1705 1921
1705 1946
1706 1841
1706 1871
1706 1839
1706 1883
1712 1920
1712 2024
1714 1736
1715 1964
1717 1910
1717 1997
1717 1789
1718 2023
1719 1804
1720 1851
1720 1765
1720 1956
1720 1926
1721 1745
1721 1812
1721 1959
1722 1818
1723 1923
1723 1729
1725 1962
1725 1881
1725 1783
1725 1986
1726 2015
1727 1958
1727 1793
1727 1957
1729 1868
1729 1852
1729 1764
1730 1870
1730 1774
1731 1888
1732 1863
1732 1808
1736 1951
1736 2019
1737 1773
1737 1765
1737 1749
1737 1959
1737 1851
1737 1935
1742 1781
1744 1921
1744 1983
1745 1881
1747 2013
1747 1921
1749 1762
1750 1827
1750 1940
1750 1955
1751 1892
1752 1903
1755 1790
1755 2010
1756 1786
1756 1776
1760 1973
1761 1901
1761 1866
1762 1935
1763 1808
1765 1822
1765 1851
1765 1926
1765 1959
1768 1823
1770 1942
1771 1931
1771 1854
1772 2019
1772 1820
1773 1990
1773 1889
1775 1854
1776 2023
1778 1876
1778 2003
1780 1881
1782 2019
1783 1796
1784 1960
1785 1825
1785 1908
1786 1867
1787 1940
1788 1986
1789 2029
1789 1839
1792 1994
1792 1850
1792 2014
1795 1849
1795 1873
1799 1811
1799 1903
1803 1938
1803 1979
1804 1942
1805 1884
1806 1913
1808 1970
1808 1840
1808 1964
1811 1873
1811 1959
1813 1934
1813 1963
1814 1930
1814 1940
1814 1954
1815 1924
1816 1989
1816 1883
1817 1939
1819 1892
1820 1858
1820 1841
1820 1871
1820 1972
1820 1960
1820 1977
1821 1889
1822 1959
1823 2014
1825 1904
1825 1855
1825 1946
1826 1835
1827 1943
1827 1954
1827 1829
1829 1940
1832 1978
1832 1952
1832 1870
1832 1897
1832 1836
1832 1951
1832 1956
1832 1849
1832 1862
1832 1884
1834 1952
1836 2002
1836 1849
1843 1992
1843 1869
1845 2008
1846 1901
1846 1877
1846 1988
1846 1990
1849 1929
1849 1959
1850 1960
1851 1869
1854 2001
1857 1921
1858 1871
1861 1992
1862 1876
1863 1989
1865 1959
1866 1937
1867 2006
1868 1981
1870 1952
1871 1941
1874 1875
1876 1992
1876 1884
1877 2001
1878 1887
1884 1952
1887 1938
1892 1896
1895 1953
1905 1935
1907 2025
1910 1921
1913 1974
1916 1961
1921 2005
1922 2001
1923 2010
1925 1934
1926 1963
1926 1959
1928 1933
1928 1932
1934 1973
1935 1959
1936 1964
1943 1980
1943 1954
1952 1978
1957 2001
1959 2020
1964 1977
1964 2022
1967 1990
1969 1970
1988 1990
1989 2028
