0 161
0 594
0 1124
0 1856
0 2009
0 753
0 295
0 222
0 1981
0 1072
0 1173
0 482
1 125
1 753
1 643
1 54
1 510
1 519
1 897
2 482
2 390
2 1902
2 1589
2 1525
2 801
2 1652
2 121
3 640
3 860
3 168
3 1765
3 1946
3 1427
4 659
4 428
4 1902
4 1237
4 2065
4 803
4 121
5 2034
5 54
5 834
5 2023
5 1627
5 2037
5 676
5 1597
5 706
5 136
5 1123
6 1602
6 131
6 59
6 1123
6 1109
6 1306
6 351
6 1149
6 1752
6 1554
7 1102
7 1202
7 207
7 1772
7 1819
7 383
7 268
7 1013
7 967
7 339
7 1269
7 1292
7 1178
8 129
8 1599
8 1110
8 1658
8 1322
8 189
9 660
9 986
9 1730
9 402
9 424
9 107
9 1792
9 145
9 825
9 143
10 430
10 13
10 1775
10 1684
10 1678
10 1211
10 628
10 1758
10 1187
10 184
11 1285
11 905
11 628
11 1434
11 1678
11 199
11 454
11 723
12 1891
12 1547
12 1058
12 1627
12 1646
12 1448
13 341
13 1112
13 628
13 458
13 710
13 1609
13 1201
13 2073
13 22
13 149
13 1757
13 1907
14 808
14 1793
14 1026
14 520
14 1048
14 1434
14 691
14 1637
14 1652
14 197
15 1156
15 1888
15 415
15 1526
15 1683
15 1812
15 1927
15 1475
15 26
15 782
15 1858
15 867
16 726
16 1802
16 1031
16 1604
16 1614
16 1968
17 377
17 1987
17 226
17 2023
17 1614
17 1427
17 1570
18 863
18 1209
18 428
18 1902
18 248
18 1309
18 1003
18 835
18 582
18 417
18 850
18 534
18 860
18 1943
18 801
18 1652
19 1450
19 429
19 1766
19 1586
19 809
19 386
19 912
19 919
19 726
19 1031
20 159
20 1487
20 735
20 1180
20 486
20 1637
20 1238
20 2058
20 1365
20 1433
21 428
21 803
21 518
21 248
21 89
21 1779
21 798
21 106
21 1334
22 879
22 1147
22 1270
22 1323
22 542
22 1317
22 1151
22 917
23 161
23 1051
23 655
23 704
23 478
23 2079
23 160
23 1338
24 1117
24 628
24 637
24 707
24 1796
24 1849
25 1392
25 248
25 1403
25 1589
25 448
25 658
25 1851
25 848
25 1894
25 1960
25 1688
26 533
26 1846
26 1031
26 1546
26 786
26 1452
26 1008
27 345
27 667
27 1347
27 81
27 177
27 1250
27 1448
28 917
28 812
28 1427
28 42
29 298
29 605
29 2069
29 1644
29 1337
29 1034
29 1187
29 1931
30 482
30 569
30 922
30 1085
30 1281
31 1541
31 89
31 1804
31 1684
31 797
31 69
31 1381
31 592
31 347
32 1068
32 692
32 925
32 222
32 655
32 1202
32 709
33 498
33 1740
33 1372
33 1569
33 1614
33 1742
33 1427
34 141
34 1533
34 276
34 1988
34 1736
34 345
34 1386
34 681
34 1596
34 596
35 1285
35 1678
35 761
35 1444
35 671
35 1881
35 529
35 674
36 1280
36 1434
36 2053
36 2064
36 1720
36 1173
36 140
36 1473
36 164
36 893
36 1623
36 2035
36 611
36 1816
36 705
36 1697
36 1203
36 224
36 1897
36 964
36 482
37 903
37 741
37 594
37 1427
37 1861
37 179
37 1614
37 618
38 847
38 1072
38 493
38 736
38 1215
38 1021
38 1640
38 1442
38 1741
38 281
38 1848
38 573
38 723
38 224
38 482
39 875
39 1160
39 1740
39 1019
39 595
39 1987
39 772
39 1172
39 1974
39 925
39 1722
39 1911
39 1427
39 56
40 1173
40 1160
40 239
40 644
40 1145
40 128
40 143
40 716
40 1452
41 1023
41 106
41 542
41 1775
41 434
41 1587
41 1691
41 1741
42 294
42 636
42 250
43 614
43 104
43 744
43 194
43 773
43 244
43 1445
44 1678
44 1310
44 1112
44 1141
44 1085
44 555
45 191
45 765
45 1907
45 1056
45 1427
45 1448
45 227
46 1480
46 187
46 70
46 161
46 1214
46 1753
46 1338
46 1624
46 1776
46 336
46 1465
46 832
47 1031
47 1359
47 775
47 1741
47 2041
48 1456
48 1646
48 2054
48 799
49 546
49 2063
49 764
49 1031
49 1831
49 1784
49 1961
49 819
49 1150
49 1445
50 1754
50 410
50 2048
50 2052
50 613
50 1873
51 591
51 1031
51 1937
51 1049
51 2079
51 699
52 1063
52 1792
52 1550
52 889
52 1524
52 652
52 217
52 1650
52 778
52 396
52 1456
52 482
53 1481
53 913
53 468
53 1965
53 1129
53 888
53 688
54 292
54 1293
54 1180
54 1417
54 1135
55 1904
55 670
55 1620
55 1456
55 1095
55 1092
55 105
55 371
55 1426
55 1787
56 1142
56 882
56 739
56 1131
56 696
56 1899
57 851
57 1056
57 1237
57 727
57 1614
57 1168
58 395
58 1215
58 368
58 400
58 1986
58 668
58 817
58 1189
58 1231
58 662
58 1358
59 1765
59 909
59 779
59 1901
59 558
59 1324
59 1622
60 1156
60 1031
60 457
60 841
60 445
60 1671
60 1170
61 1429
61 796
61 2078
61 681
61 1578
61 822
61 275
61 578
61 574
61 1468
61 1443
62 1954
62 1944
62 1149
62 223
62 1734
62 1972
62 2071
62 1293
62 704
62 584
62 922
62 1031
63 482
63 1313
63 2036
63 107
64 1565
64 1430
64 1579
64 490
64 116
64 612
64 825
64 471
64 1336
64 668
64 1392
64 477
64 2041
65 881
65 1598
65 1713
65 509
65 589
65 147
65 197
65 240
65 1448
65 1539
65 629
66 248
66 1031
66 1375
66 902
66 1963
66 1689
66 1250
66 95
66 1682
66 433
66 2041
67 514
67 341
67 2056
67 1929
67 531
67 837
68 833
68 541
68 1565
68 1579
68 363
68 303
68 1287
68 183
69 1796
69 514
69 705
69 1250
69 592
69 1874
69 114
69 528
70 1594
70 1188
70 1320
70 1655
70 1086
70 1582
70 1550
70 461
70 1583
70 161
70 1214
70 1765
70 2066
70 1031
71 585
71 1696
71 777
71 269
71 691
71 1816
71 1132
72 506
72 129
72 1242
72 854
72 313
72 1406
73 1594
73 1322
73 1605
73 539
73 1281
73 707
73 557
73 1553
73 1994
73 259
73 1518
73 1202
73 1880
73 1452
74 1804
74 828
74 150
74 1177
74 1936
74 708
74 1388
75 1298
75 735
75 820
75 1178
75 1772
75 1002
75 349
76 191
76 1660
76 1426
76 250
76 1885
76 150
76 1362
77 992
77 1167
77 896
77 1031
77 294
77 1214
77 471
77 2028
78 1031
78 1784
78 2021
78 79
78 410
78 2020
78 483
79 325
79 370
79 1996
79 1184
79 1187
79 1213
79 1365
79 1031
79 95
79 891
79 2010
80 1051
80 1065
80 570
80 2066
80 236
80 1229
80 1350
80 891
81 1117
81 1498
81 1915
81 1019
81 87
81 451
81 261
82 1182
82 1614
82 213
82 1953
82 683
83 1411
83 1588
83 1407
83 1019
83 940
84 1925
84 141
84 1171
84 546
84 1667
84 225
84 2016
84 1071
84 1976
85 978
85 1228
85 531
85 165
85 894
85 189
85 694
85 844
85 680
85 337
86 1647
86 202
86 514
86 1155
86 1874
86 1813
87 109
87 429
87 526
87 451
87 854
87 1745
87 1362
88 2070
88 1353
88 594
88 1117
88 429
88 1764
88 1733
88 1955
88 1860
88 320
88 912
88 673
88 465
89 1901
89 738
89 411
89 782
89 620
89 1191
89 1381
89 2054
89 564
89 1973
90 1244
90 1026
90 1489
90 1559
90 1747
90 1292
90 1031
91 1276
91 1763
91 1427
91 1197
91 1449
91 1935
91 1200
91 1459
92 1572
92 291
92 541
92 1832
92 1077
93 1745
93 1766
93 2077
93 1341
93 482
93 2047
94 1299
94 808
94 1344
94 590
94 1017
94 658
94 241
94 725
94 1330
94 1474
94 206
95 1488
95 248
95 1031
95 1463
95 103
95 347
95 1920
95 916
95 1172
95 791
95 815
95 284
95 852
95 1373
96 161
96 2059
96 532
96 1367
96 898
96 482
97 524
97 1560
97 1341
97 947
97 1643
97 779
97 892
98 1392
98 651
98 185
98 1722
98 1677
98 1855
98 493
98 1560
98 1654
98 1777
99 611
99 1070
99 542
99 275
99 877
100 2050
100 1851
100 1688
100 1382
100 1427
100 940
101 1582
101 1096
101 1616
101 1205
101 1647
101 191
101 1485
102 1245
102 588
102 1255
102 1945
102 1105
102 280
102 106
102 1078
103 514
103 1662
103 2006
103 1592
103 1682
103 1787
104 114
104 261
104 531
104 1827
104 794
105 1660
105 2074
105 1885
105 1378
105 535
105 591
105 684
105 1680
106 789
106 1482
106 1908
106 1166
106 377
106 1769
106 1318
106 1138
106 1161
106 1279
106 1659
106 932
106 1538
106 444
106 330
106 227
106 1176
106 1735
106 948
106 480
106 674
106 1202
107 1057
107 1622
107 1808
107 722
107 188
107 1240
107 2025
107 2044
107 1449
107 775
108 1308
108 801
108 1133
108 1397
108 647
108 955
108 894
108 1627
108 1504
108 1727
108 554
108 1091
108 119
108 1881
108 674
109 563
109 1096
109 1670
109 1824
109 188
109 1618
109 396
109 891
110 1541
110 697
110 1796
110 293
110 663
110 754
110 1804
110 953
110 606
110 2032
111 1096
111 1636
111 117
111 729
111 1431
111 292
111 1573
111 975
111 700
112 1636
112 392
112 1190
112 1819
112 1681
112 917
112 1054
113 1608
113 1908
113 701
113 1828
113 405
113 479
113 1281
114 1607
114 837
114 1564
114 969
114 325
114 1874
114 1913
114 514
114 879
114 816
114 849
115 1043
115 917
115 1977
115 379
115 324
115 1138
115 268
115 1223
115 185
116 477
116 333
116 1070
116 354
116 1186
116 811
116 2061
116 1392
116 1203
116 1576
116 580
116 850
116 294
117 1098
117 1623
117 1870
117 1892
117 1086
117 694
117 1320
117 774
117 1679
117 614
117 1149
117 1478
117 1383
117 552
117 651
117 903
117 145
117 1295
117 2041
118 1672
118 970
118 1485
118 1114
118 1479
119 509
119 1062
119 559
119 426
119 224
119 1456
119 1890
119 613
120 593
120 1840
120 1930
120 1914
120 316
120 789
120 342
120 526
120 995
121 482
121 132
121 801
121 582
121 127
121 321
121 428
121 248
121 457
121 279
121 893
121 1507
122 1616
122 906
122 1046
122 1614
122 1213
122 947
122 1427
123 693
123 1196
123 385
123 871
123 1477
123 855
123 1398
123 126
123 184
124 1370
124 2036
124 782
124 1958
124 1129
124 683
125 808
125 1912
125 1369
125 770
125 1773
126 667
126 421
126 693
126 1538
126 1036
127 1943
127 321
127 1652
127 1309
127 835
127 1974
127 747
128 137
128 1629
128 1237
128 1452
129 1110
129 1138
129 160
130 1562
130 1614
130 602
130 1078
130 1056
130 1498
130 318
130 708
131 1901
131 522
131 524
131 1823
131 1643
131 779
131 1045
131 2063
131 485
131 142
131 1276
131 913
131 156
132 276
132 186
132 830
132 1309
132 803
132 1652
132 993
133 1043
133 1642
133 948
133 928
133 789
133 704
133 1445
133 1869
134 2074
134 1885
134 1166
134 1090
134 1614
134 986
134 1147
134 1061
134 157
134 1427
134 1016
134 1855
135 330
135 1482
135 495
135 1936
135 296
135 907
135 613
136 354
136 961
136 1378
136 1348
136 1758
136 1839
136 907
136 1879
137 1786
137 1614
137 1799
137 629
137 1694
137 190
137 313
137 1452
138 1605
138 1614
138 1160
138 1193
138 514
138 1427
138 1016
139 1647
139 1556
139 1646
139 2021
139 975
139 1873
140 1164
140 328
140 1382
140 723
140 847
140 746
140 1958
140 660
140 968
140 2053
140 1593
140 1149
140 1696
140 1438
140 956
140 482
141 1826
141 1300
141 1383
141 546
141 460
141 1853
141 988
141 943
141 305
141 182
141 549
141 345
141 665
141 1630
141 1171
141 1386
141 276
141 2016
141 1925
141 631
141 1469
141 1804
141 2022
141 1792
141 1734
141 894
141 1294
141 956
141 1342
141 2007
141 779
141 1777
141 1614
142 1081
142 1191
142 1021
142 1704
143 1392
143 1971
143 557
143 635
143 1182
143 882
144 1427
144 1015
144 1150
144 1255
144 708
144 300
145 1547
145 825
145 1513
145 889
146 2046
146 1912
146 183
146 1984
146 2022
146 661
146 573
146 1973
147 170
147 1248
147 1506
147 1589
147 1532
147 1272
147 208
147 1105
147 1714
147 1865
147 1713
147 258
147 1448
147 1234
147 972
147 1751
147 173
147 193
147 1833
147 239
147 838
147 1879
147 322
147 876
147 240
147 398
147 1728
147 1825
147 997
147 263
147 1820
147 2001
147 986
147 1361
147 2066
147 495
147 892
147 1264
147 782
147 1115
147 1965
147 1638
147 262
147 1104
147 527
147 1731
147 197
147 1748
147 1267
147 704
148 2069
148 446
148 1964
148 1394
148 1687
148 1541
148 482
149 1682
149 600
149 635
149 715
150 1885
150 2074
150 1660
150 419
150 371
150 1330
150 426
150 615
150 1459
150 871
150 1696
150 998
150 1697
150 368
151 1284
151 1527
151 1268
151 807
151 960
151 1339
151 740
152 1363
152 1330
152 1885
152 2008
152 991
153 454
153 533
153 1047
153 1046
153 618
154 1892
154 330
154 978
154 946
154 1854
154 1163
154 771
155 1275
155 1125
155 516
155 1144
155 571
155 482
156 1877
156 726
156 1130
156 2003
156 160
156 716
156 1523
157 640
157 1372
157 2003
157 1427
157 1695
158 482
158 874
158 547
158 1130
158 786
159 591
159 1710
159 1924
159 1851
159 1894
159 1478
160 1442
160 433
160 1242
160 2079
160 1814
160 2048
160 731
160 1359
160 461
160 2074
160 272
160 1422
161 563
161 1316
161 1214
161 1175
161 1636
161 1586
161 343
161 1143
161 1870
161 597
161 1467
161 1356
161 191
161 482
161 206
162 1043
162 1547
162 986
162 1443
162 569
162 825
162 382
162 709
163 1690
163 1570
163 2004
163 1077
163 934
163 250
164 991
164 2059
164 2069
164 318
164 723
164 482
165 292
165 2027
165 633
165 1553
165 1099
165 680
165 438
165 1066
166 1619
166 870
166 1927
166 1817
166 1906
166 1307
166 983
166 695
166 1940
166 1038
166 203
166 704
166 1187
166 1123
166 1844
166 456
166 1871
166 1325
166 1931
166 1753
166 1882
166 742
166 717
166 367
166 1860
166 709
166 1941
166 1293
166 476
166 1047
166 1735
166 195
166 994
166 256
166 1599
166 602
166 523
166 2025
166 1418
166 940
167 1563
167 688
167 174
167 942
167 1846
167 1798
168 956
168 1160
168 1540
168 1502
168 1427
168 1269
169 1112
169 991
169 812
169 1078
169 1614
169 1160
169 1749
169 1427
170 1299
170 254
170 1168
170 197
170 216
170 1760
171 191
171 1861
171 1601
171 268
171 1521
171 1412
171 197
171 971
171 383
171 635
172 723
172 528
172 1729
172 880
172 184
173 1096
173 482
173 1257
173 271
173 1875
173 254
173 217
173 230
173 1998
173 703
173 1684
173 1701
173 1748
173 240
173 265
173 1448
174 240
174 674
174 520
174 704
174 206
174 2031
174 2032
174 1797
175 1450
175 1285
175 1754
175 2045
175 1577
175 1873
176 1743
176 1958
176 2033
176 1994
176 568
176 1771
176 753
176 335
176 482
176 1659
176 382
177 667
177 1603
177 298
177 1672
177 204
177 417
177 1485
177 821
177 877
177 1382
177 738
177 958
177 1137
177 786
178 652
178 1411
178 1188
178 1908
178 187
178 191
178 1299
178 1824
178 669
178 245
179 1102
179 2059
179 1644
179 1776
179 369
179 224
179 362
179 482
179 1714
180 1155
180 826
180 1054
180 1714
180 1251
180 1267
180 382
180 1448
180 558
181 1804
181 1050
181 1576
181 1117
181 459
182 1300
182 1533
182 1736
182 1171
182 200
182 2062
182 1222
182 1565
182 1748
183 2046
183 1965
183 1224
183 1611
183 221
183 1061
183 923
183 2042
183 1206
183 333
183 476
183 1669
183 967
183 968
184 1797
184 1425
184 409
184 1514
184 1667
184 890
184 1011
184 693
184 871
184 1122
184 619
184 1883
184 528
184 385
184 1406
184 793
184 1852
184 1609
184 787
184 1481
184 1249
184 930
184 433
185 277
185 1162
185 1593
185 1991
185 992
185 437
185 393
186 1594
186 1655
186 1670
186 1320
186 1136
186 1077
186 343
187 1624
187 268
188 697
188 586
188 1621
188 1684
188 282
188 1796
188 1034
189 1647
189 1742
189 805
189 1598
190 1559
190 1028
190 1145
190 831
190 2057
190 549
190 1340
190 1015
190 313
191 1616
191 597
191 614
191 330
191 1985
191 1719
191 1320
191 1108
191 563
191 1509
191 1316
191 1647
191 1461
191 561
191 748
191 586
191 769
191 1221
191 1010
191 1304
191 746
191 1263
192 2056
192 1781
192 958
192 1155
192 1721
192 1341
192 1223
192 1061
192 482
192 1744
192 513
193 1221
193 1380
193 1340
193 759
193 365
193 1957
193 1448
194 660
194 1763
194 1308
194 1146
194 798
194 728
194 482
194 954
194 245
195 730
195 1233
195 791
195 1085
196 1622
196 1590
196 1722
196 1517
196 262
196 1999
196 1214
196 378
196 1782
196 851
196 992
197 1714
197 1731
197 601
197 1879
197 258
197 1825
197 2063
197 239
197 1283
197 997
197 1589
197 503
197 1875
197 759
197 271
197 1248
197 338
197 838
197 263
197 589
197 1691
197 208
197 1269
197 1834
197 774
197 567
197 213
197 1434
197 736
197 1092
197 554
197 331
197 1055
197 830
197 2076
197 210
197 1448
197 1629
198 1571
198 2078
198 1690
198 1570
198 1994
198 1646
198 250
198 1868
198 1596
199 1678
199 584
199 654
200 1102
200 680
200 1506
200 1619
200 704
201 848
201 452
201 230
201 873
201 1378
201 239
201 1269
201 1448
201 1536
202 1429
202 796
202 1298
202 1578
202 916
202 1970
202 741
202 2032
203 1619
203 950
203 1362
203 2032
204 1672
204 667
204 1272
204 1114
205 907
205 992
205 1416
205 1178
205 971
205 207
205 385
206 2064
206 1596
206 1680
206 1750
206 942
206 1433
206 901
206 1860
206 1478
206 1882
206 521
206 827
206 303
206 2014
206 1844
206 1855
206 456
206 1493
206 1919
206 1817
206 558
206 1323
206 692
206 695
206 784
206 2000
206 1495
206 1364
206 288
206 1010
206 470
206 1952
206 467
206 1942
206 249
206 785
206 1905
206 1197
206 1818
206 1698
206 1976
206 350
206 1592
206 688
206 1712
206 1785
206 793
206 709
206 1294
206 1876
206 1180
206 742
206 1220
206 945
206 1449
206 1286
206 538
206 1213
206 1709
206 1119
206 877
206 1878
206 1164
206 1815
206 302
206 861
206 593
206 1195
206 1024
206 833
206 487
206 1473
206 935
206 1104
206 346
206 351
206 1003
206 1724
206 1186
206 1206
206 1915
206 892
206 294
206 779
206 1559
206 1191
206 1755
206 421
207 1960
207 2003
207 349
207 1294
207 971
207 617
207 785
207 1246
208 711
208 1943
208 1054
208 1875
208 1879
208 1448
208 1827
209 1793
209 1024
209 1029
209 272
209 278
209 1048
209 691
209 1716
210 1659
210 1432
210 1600
210 1398
210 1872
210 297
210 1269
210 1107
211 1298
211 1429
211 796
211 645
211 578
211 616
211 228
211 741
211 881
212 1280
212 482
212 1598
212 658
212 1716
212 1735
212 1427
212 344
212 2032
213 1416
213 1539
213 314
214 369
214 1160
214 505
214 1237
214 443
214 1523
214 1429
214 1731
215 716
215 786
215 1321
215 831
215 1646
215 763
215 313
216 954
216 1027
216 278
216 1211
216 1251
216 1267
216 1448
217 1027
217 1728
217 1267
217 1448
217 1532
218 534
218 691
218 725
218 1465
219 278
219 1434
219 1724
219 1280
219 1204
219 534
219 824
219 541
219 1048
219 1221
219 1490
219 1437
219 257
219 1105
219 594
219 1967
219 234
219 765
219 1392
220 804
220 1800
220 359
220 939
220 986
220 1570
220 735
221 1098
221 1035
221 1565
221 560
222 1793
222 1914
222 637
222 917
222 369
222 1295
222 1976
222 1270
223 2051
223 565
223 570
223 525
223 508
223 1510
223 1152
223 568
223 826
223 993
223 1760
223 725
223 1808
223 273
223 1160
223 1959
224 560
224 723
224 847
224 657
224 1215
224 889
224 439
224 736
224 1916
224 1356
224 1566
224 2069
224 1601
224 1036
224 1583
224 1305
224 1524
224 923
224 1125
224 660
224 811
224 1520
224 910
224 1640
224 1002
224 420
224 1157
224 1009
224 1516
224 964
224 868
224 1456
224 2061
224 753
224 335
224 1618
224 1557
224 1473
224 1021
224 2012
224 865
224 1774
224 1696
224 1530
224 228
224 1437
224 1432
224 696
224 1692
224 1548
224 1418
224 544
224 1723
224 1384
224 951
224 1688
224 920
224 1782
224 1166
224 227
224 519
224 1933
224 761
224 2021
224 1427
225 897
225 487
225 1097
225 928
225 1022
226 1614
226 1749
226 443
226 322
226 1435
226 1261
226 1337
226 1427
227 1324
227 1665
227 850
227 1698
227 926
227 785
227 1169
227 786
228 1177
228 1690
228 1416
229 1776
229 1854
229 1185
229 1256
229 559
229 556
229 1203
230 1594
230 594
230 1960
230 1216
230 1532
230 790
230 254
230 533
230 861
230 1177
230 859
230 1448
230 539
231 1623
231 1322
231 486
231 1680
231 1460
231 1876
231 1923
231 795
231 1510
231 329
232 646
232 781
232 1197
232 1202
232 1731
232 977
232 1307
233 765
233 628
233 1907
233 271
234 1835
234 953
234 884
234 1898
234 885
234 1887
234 251
234 1606
234 441
234 1541
234 2041
235 1623
235 380
235 1163
235 1227
235 2027
235 1103
235 318
235 1018
235 1182
235 641
235 963
235 1146
235 1612
235 1162
235 1539
235 1148
235 1684
235 1940
235 627
235 335
236 2071
236 2039
236 1841
236 1959
236 1078
237 468
237 1165
237 1203
237 1604
237 1786
237 317
237 482
237 1478
237 2041
238 1095
238 1719
238 1509
238 1870
238 1728
238 251
238 336
238 1792
238 1133
239 1427
239 1027
239 1714
239 1764
239 2056
239 1269
239 1879
240 1879
240 1609
240 1448
240 708
240 1868
241 1031
241 1099
241 1759
241 1701
241 1391
241 1443
242 1550
242 589
242 271
242 703
242 1790
242 1283
242 1448
242 1750
242 786
243 1291
243 2068
243 280
243 1322
243 1854
243 348
243 544
243 1857
243 1619
244 302
244 256
244 1445
245 1619
245 1115
245 1010
245 1712
245 2032
245 1873
246 1222
246 687
246 1219
246 1109
246 400
246 2055
246 429
246 851
246 1980
247 1751
247 1267
247 1748
247 1040
247 1448
248 1673
248 582
248 1652
248 2032
248 1031
249 1744
249 1349
249 1576
249 940
250 1411
250 1063
250 593
250 1570
250 995
250 1951
250 1273
250 2005
250 678
250 555
250 1336
250 372
250 1910
250 1393
250 294
250 2045
250 732
250 934
250 1154
250 562
250 450
250 1601
250 572
250 1997
250 857
250 1556
250 1527
250 1402
250 1441
250 742
251 1050
251 1790
252 708
252 804
252 990
252 1194
252 684
252 349
252 513
253 1546
253 1072
253 812
253 328
253 1958
253 494
253 900
253 409
253 482
253 1959
254 1278
254 850
254 1448
255 933
255 579
255 656
255 1693
256 1937
256 1646
256 2004
256 1445
257 1815
257 2021
257 438
257 1391
258 541
258 601
258 1001
258 1834
258 1448
258 1491
259 1017
259 1466
259 587
259 1805
259 1033
259 348
259 515
259 833
259 2068
259 1115
259 2023
259 1826
259 1469
259 780
259 1068
259 1746
260 1536
260 1619
260 674
260 717
260 1031
261 884
261 1549
261 1445
261 531
261 607
261 1727
261 361
262 1289
262 1654
262 1924
262 1249
262 568
262 1939
262 662
262 1839
262 819
263 691
263 513
263 748
263 1448
264 777
264 1735
264 824
264 1204
264 1221
264 1405
265 1589
265 1506
265 587
265 1082
265 1448
266 1207
266 820
266 364
266 946
266 985
266 1301
266 1868
267 1280
267 1708
267 278
267 425
267 1118
267 1031
268 1416
268 1571
268 971
268 1626
268 313
269 1415
269 1596
269 1619
270 1638
270 697
270 863
270 1125
270 1325
270 1266
271 1845
271 1579
271 1267
271 1269
271 1448
272 1809
272 724
272 719
272 1280
272 1490
272 842
272 299
272 590
272 385
272 1171
272 1932
272 453
272 1721
272 1382
272 1652
272 1777
272 939
273 691
273 814
273 1831
273 1120
273 1077
274 1698
274 1038
274 1294
274 760
274 674
274 1714
274 1327
274 1545
275 1331
275 1852
275 693
275 1729
276 305
276 1826
276 665
276 546
276 1971
277 1643
277 1081
277 327
277 1300
277 346
277 1437
277 896
277 688
277 471
277 547
278 520
278 457
278 842
278 1103
278 1500
278 1802
279 1679
279 1707
279 1249
279 1083
279 1183
279 1941
280 1214
280 1795
280 1049
280 348
280 515
280 833
280 590
280 817
280 1580
280 925
280 1299
280 728
280 518
280 1822
280 1068
281 831
281 786
281 617
281 1523
281 1338
281 1525
281 1091
281 1695
281 442
281 1028
281 1814
281 540
281 1206
281 1630
281 1492
281 352
282 659
282 1466
282 1312
282 1854
282 1746
282 1433
283 1665
283 656
283 807
283 601
283 1016
283 810
283 405
283 1505
284 1049
284 1031
284 1508
284 852
284 1518
284 1556
284 2059
284 1297
284 800
284 1935
285 1795
285 587
285 590
285 493
285 1344
285 886
285 1866
285 1458
286 960
286 1031
286 1787
286 1469
286 1398
286 471
287 903
287 1565
287 1102
287 1224
287 1090
287 1380
287 1392
288 1190
288 1536
288 1037
288 1449
289 595
289 1799
289 1252
289 904
289 718
289 373
289 1263
289 1154
290 524
290 1648
290 697
290 1869
290 1661
290 1685
291 1026
291 1024
291 1048
291 2022
291 1075
291 771
291 691
291 794
291 1246
292 834
292 1225
292 1884
292 1457
292 1597
292 1326
292 1045
292 356
292 610
292 2034
292 1662
292 930
292 1740
292 1942
292 1430
292 420
292 550
293 956
293 1536
293 1037
294 926
294 934
294 732
294 555
294 1087
294 1452
295 1031
295 1569
295 1714
295 1920
296 441
296 536
296 897
296 1648
296 1807
296 304
296 929
297 627
297 1046
297 1742
297 1804
297 1337
297 1427
298 540
298 809
298 970
298 821
298 1672
298 1230
298 1133
298 566
299 1543
299 449
299 842
299 601
299 406
299 1434
299 1102
299 1877
299 1573
299 1427
299 1413
300 733
300 1768
300 464
300 1179
300 401
300 726
300 359
300 936
300 1253
300 1800
300 1888
300 311
300 304
300 1484
300 782
300 453
300 500
300 994
300 1408
300 1677
300 1927
300 777
300 1424
300 852
301 1317
301 477
301 482
301 1080
301 632
301 867
302 1598
302 1031
302 891
302 433
303 510
303 1314
303 1200
303 322
304 1087
304 1554
304 743
304 1396
304 1252
304 1526
304 1851
304 1430
304 1777
304 361
304 1996
305 1853
305 1507
305 687
305 816
305 663
306 1392
306 2059
306 651
306 1712
306 1543
306 982
307 1684
307 1240
307 663
307 1898
307 406
307 1119
307 917
307 441
307 1075
307 1327
308 652
308 397
308 1428
308 926
308 1820
308 1360
309 1342
309 658
309 789
309 1799
309 933
310 2053
310 708
310 364
310 1277
310 1890
310 1424
310 494
310 2044
311 1289
311 472
311 1181
311 655
311 1167
311 779
311 1424
312 1069
312 1552
312 1042
312 1540
312 1133
313 1671
313 786
313 1407
313 690
313 1053
313 442
313 1022
313 2040
313 2057
313 1629
313 654
313 1066
313 1775
313 1025
313 2052
313 1452
313 1686
313 430
313 451
313 1685
313 747
313 722
313 1155
313 1691
314 482
314 651
314 1960
314 346
314 968
314 1793
314 1676
315 1426
315 660
315 1964
315 1448
315 901
315 1813
315 800
316 1102
316 1773
316 2066
316 323
316 1687
316 2073
316 1380
316 1761
317 2053
317 1520
317 1321
317 450
317 1489
317 482
318 1103
318 630
318 475
318 1723
318 2027
318 1911
318 764
318 2062
318 1161
319 1822
319 1068
319 649
319 1297
319 2017
319 1475
320 345
320 1622
320 1643
320 1648
320 482
320 2013
321 1795
321 482
321 391
321 425
321 1331
321 2059
321 586
321 582
321 1652
321 1416
321 1695
322 1027
322 649
322 1448
322 1307
323 1326
323 703
323 1499
323 571
323 911
323 1502
323 811
323 691
323 716
323 1392
324 1317
324 1914
324 1770
324 685
324 1121
324 625
324 756
324 1270
324 1463
325 1155
325 1913
325 366
325 837
325 581
325 1133
325 1013
325 577
326 1678
326 509
326 1637
326 660
326 482
326 1493
327 1541
327 1240
327 613
327 386
327 1351
327 803
327 1894
327 1961
327 387
328 1637
328 1157
328 752
328 482
328 2025
328 1510
328 644
329 974
329 1179
329 1585
329 1882
329 945
329 1750
329 1371
329 1488
329 1450
329 1246
329 1700
329 1365
329 2032
330 1719
330 1861
330 802
330 932
330 386
330 868
330 1515
331 357
331 781
331 1258
331 1424
331 1643
331 2012
331 1521
332 828
332 615
332 1620
332 527
332 1635
332 991
332 1883
333 517
333 657
333 1983
333 1619
334 986
334 1547
334 567
334 1262
334 643
334 1266
335 1063
335 1021
335 1479
335 995
335 1851
335 482
335 1427
335 1027
336 1623
336 1222
336 774
336 1845
336 652
336 1214
336 1411
336 1098
336 899
336 1269
336 552
336 834
336 1752
336 1794
337 1195
337 413
337 1031
337 1807
337 455
337 457
337 885
337 2060
337 1412
337 2018
337 1316
337 1478
337 1853
337 433
337 1828
338 1959
338 1269
338 481
338 1122
338 1448
338 1619
338 1577
339 451
339 1063
339 1031
339 1941
339 1445
340 1125
340 1083
340 1160
340 1675
340 512
340 1056
340 1372
340 2025
340 921
340 1076
340 1713
341 592
341 734
342 591
342 1707
342 1408
342 1421
342 1655
342 1740
342 1449
343 1824
343 1892
343 1594
343 1461
343 1653
343 467
343 1829
343 817
343 2041
344 708
344 689
344 869
344 2075
344 888
344 1424
344 437
345 1533
345 549
345 1383
345 1736
345 988
345 1630
345 1341
345 1590
345 1747
345 1427
345 1327
346 1895
346 1771
346 669
346 355
346 1428
346 921
346 941
346 961
346 1181
347 1031
347 1445
347 746
347 1560
347 2010
347 2041
348 2068
348 892
348 515
348 1068
348 659
348 1052
348 649
348 1495
348 1552
348 1896
348 1225
348 690
348 1522
348 1565
348 413
349 1663
349 708
349 1794
349 794
349 464
349 1484
349 1990
349 867
349 904
349 487
349 1174
349 1368
349 781
349 1179
349 1501
349 689
349 541
349 370
349 1933
349 1958
349 619
349 2069
349 742
349 361
349 928
349 436
350 637
350 1867
350 747
350 2041
350 1449
351 524
351 406
351 962
351 822
352 1340
352 1133
352 647
352 965
352 942
352 1177
352 955
353 1565
353 605
353 1348
353 1877
353 354
353 1392
353 385
354 1565
354 1939
354 1322
354 1983
355 581
355 1711
355 789
355 1616
355 1405
355 1614
355 989
356 676
356 1326
356 1470
356 1864
356 1884
356 621
356 1662
356 627
356 1851
356 883
357 1690
357 1273
357 372
357 1388
357 1592
358 1032
358 1619
358 1202
358 704
358 1255
359 1731
359 708
359 820
359 668
359 604
359 434
360 808
360 420
360 1133
360 1037
360 680
360 479
361 735
361 1253
361 1198
361 1388
361 1266
361 385
361 1025
362 2059
362 768
362 1697
362 1089
362 493
362 1154
362 1407
362 673
362 881
362 370
362 482
363 1565
363 1574
363 1199
363 1773
363 1392
363 1983
364 791
364 1193
364 781
364 1187
364 2049
365 802
365 1650
365 1031
365 891
366 1571
366 514
366 1352
366 625
367 633
367 869
367 1187
367 1750
368 1839
368 851
368 2045
369 1317
369 1687
369 625
369 1304
369 665
369 637
369 749
370 806
370 1964
370 1486
370 728
370 1637
370 1201
370 910
370 1618
370 1737
370 981
370 1913
370 507
370 482
370 1427
370 1889
370 465
371 2074
371 414
371 776
371 991
371 1277
371 607
372 1114
372 441
372 851
372 995
373 1332
373 1783
373 535
373 1041
373 399
373 1147
373 1995
373 1839
373 480
373 733
374 1617
374 854
374 535
374 1317
374 632
374 637
374 1270
374 2031
375 1795
375 1033
375 1049
375 808
375 1322
375 979
375 482
375 1514
376 453
376 571
376 1102
376 1392
376 1469
376 388
376 477
376 1406
377 1839
377 588
378 808
378 1501
378 1031
378 1931
378 1948
379 535
379 1687
379 1270
379 879
379 2015
379 2078
379 1915
379 1715
379 637
379 1783
380 1859
380 1103
380 2080
381 1299
381 688
381 1202
381 792
381 957
381 1493
382 673
382 1714
382 1506
382 1448
383 700
383 971
383 748
383 1250
384 593
384 888
384 1282
384 479
385 1883
385 877
385 1663
386 1904
386 730
386 594
386 1733
386 1788
386 912
386 918
386 664
386 1650
387 2059
387 1042
387 781
387 1315
387 1886
387 1411
387 1424
387 1880
388 490
388 1499
388 1993
388 1502
389 1616
389 1155
389 703
389 1059
389 1132
389 1375
389 1443
389 557
390 2080
390 1287
390 402
390 397
390 567
391 1694
391 1652
391 1518
391 1257
392 449
392 632
392 1886
392 1995
392 439
393 666
393 482
393 1170
393 1747
393 1948
393 471
394 1784
394 473
394 1463
394 1391
394 750
394 1557
394 401
394 1445
394 1025
395 608
395 879
395 1270
395 1074
396 960
396 1308
396 462
396 482
396 1160
397 482
397 1367
397 639
398 729
398 1522
398 1731
398 1448
398 1506
399 2019
399 1016
399 483
399 1581
399 1296
399 1981
399 1708
399 1319
399 1470
400 2016
400 1561
400 1641
400 1448
400 971
401 808
401 1562
401 1150
401 1167
401 1794
402 1095
402 1230
402 1547
402 1684
402 1428
402 926
402 825
402 1521
402 1031
403 1355
403 1117
403 1733
403 1498
403 504
403 1767
403 918
403 1651
403 1693
404 1044
404 1240
404 663
404 1628
404 1561
404 1862
404 483
405 2059
405 1072
405 669
405 1138
405 1735
405 1664
405 1255
405 1192
405 1881
405 1002
405 1694
406 1541
406 1602
406 1622
406 1120
406 1648
406 755
406 1284
406 1254
406 1656
406 553
406 1551
406 1448
406 839
406 891
406 1413
406 409
407 1565
407 1380
407 2046
407 1678
407 723
408 1042
408 1094
408 1126
408 519
408 1278
408 1298
408 413
408 1890
408 1452
409 1152
409 1441
409 1196
409 1214
410 1051
410 1097
410 1705
410 542
410 1653
410 452
410 1766
410 602
410 1959
411 917
411 1557
411 560
411 1157
411 1544
411 644
411 1154
411 1135
411 450
411 482
411 954
412 1565
412 1392
412 887
412 834
413 1059
413 1967
413 922
413 1974
413 553
413 2071
413 1075
413 1646
413 452
413 1676
413 1596
413 1223
414 2074
414 626
414 1936
414 595
414 963
414 991
414 1380
414 465
415 721
415 1297
415 494
415 502
415 1698
415 1506
416 1167
416 1890
416 1419
416 714
417 1139
417 1672
417 667
417 1490
417 809
417 551
417 2041
418 663
418 1045
418 1020
418 1584
418 723
418 2009
418 482
418 1814
419 1092
419 1635
419 1398
419 1376
419 1424
420 1203
420 1824
420 482
420 2042
420 1952
421 1858
421 895
421 528
421 890
421 439
421 1459
422 952
422 789
422 1031
422 891
422 1497
423 2059
423 1584
423 1165
423 1779
423 768
423 2004
423 1633
423 1457
423 482
424 833
424 567
424 1287
424 578
424 599
425 2065
425 798
425 1309
425 1766
425 902
425 1652
425 1749
426 1263
426 994
426 812
426 1489
427 1916
427 1614
427 1996
427 1591
428 801
428 1830
428 944
428 1652
428 478
429 1117
429 1113
429 912
429 1450
429 1806
429 1452
430 1064
430 1390
430 1113
430 1904
430 1968
430 1584
430 1215
430 752
430 993
430 1836
431 1284
431 1894
431 1930
431 1029
431 978
432 1565
432 1102
432 1224
432 525
432 1327
432 974
433 1574
433 1493
433 1682
433 891
433 1471
433 1038
433 1828
434 1591
434 1606
434 593
434 1847
434 1898
434 1961
434 1126
434 758
435 753
435 2071
435 542
435 565
435 758
435 1959
435 497
435 1701
435 1953
435 452
435 1587
435 478
435 2020
435 981
435 1726
435 1793
435 1330
435 742
435 1854
435 1989
435 2043
435 1476
435 982
435 1031
436 550
436 1150
436 1602
436 1003
437 1258
437 762
438 607
438 1200
438 1427
438 1121
439 1697
439 873
439 450
439 482
439 1187
440 2007
440 637
440 1783
440 1314
440 1102
441 1565
441 1380
441 956
441 1140
441 1947
441 1420
441 1579
441 1348
441 1331
441 1693
442 851
442 539
443 1605
443 1614
443 1427
444 1344
444 1489
444 1210
444 1717
444 794
445 1621
445 611
445 1276
445 1848
446 1563
446 1063
446 723
446 1619
446 631
446 482
446 789
446 966
447 1291
447 1068
447 833
447 1805
447 499
447 664
447 1031
447 1246
448 1063
448 655
448 1266
448 1301
448 888
448 1424
449 915
449 1434
449 1979
449 2022
449 2071
449 1043
449 719
450 1796
450 1584
450 1361
450 1897
450 1991
450 1926
450 1557
450 1308
450 1637
450 1970
450 1165
450 1968
450 537
450 1732
450 1610
450 637
450 1198
450 482
451 931
451 854
451 918
451 2070
451 1733
451 840
451 1450
451 623
451 1383
451 570
451 1648
451 1766
451 637
451 723
452 1959
452 1510
452 1041
452 824
452 743
452 596
453 2026
453 1118
453 680
454 710
454 1615
455 1662
455 509
455 2025
455 2036
455 1368
456 726
456 1187
456 704
456 1818
457 1251
457 1031
458 1678
458 584
458 608
458 1640
458 1378
459 1766
459 889
459 688
459 760
459 1326
459 700
459 1796
459 2014
460 546
460 1736
460 1287
461 626
461 1563
461 1565
461 1102
461 1746
461 1159
461 1006
462 723
462 1157
462 1952
462 482
463 1571
463 1098
463 1636
463 1647
463 1139
463 1895
463 1452
464 482
464 860
464 1167
464 735
465 1207
465 735
465 990
465 733
465 1890
465 770
465 813
465 984
466 1215
466 2076
466 1473
466 1414
466 482
466 1167
467 749
467 674
467 792
467 1449
467 940
467 949
467 2032
468 1270
468 1102
468 1380
468 782
469 1095
469 1124
469 1657
469 1297
470 897
470 1202
470 1493
470 1241
470 1856
470 1770
470 994
470 1873
471 1031
471 1831
471 1443
471 1256
471 1539
471 1937
471 1254
471 1496
471 1682
471 500
471 616
471 1141
471 1407
471 1590
471 515
471 1307
471 1744
472 1116
472 1693
472 907
472 1195
472 1678
472 928
473 1904
473 1031
473 891
473 2039
473 1630
474 1664
474 1314
474 855
474 1725
474 743
474 1247
474 823
474 943
475 1163
475 1182
475 1146
475 762
475 1043
475 930
475 1694
475 622
476 1565
476 668
476 2019
476 1671
476 2058
476 732
476 538
476 674
477 1579
477 1035
477 1208
477 930
477 911
477 1739
477 1339
478 482
478 519
478 1967
478 1992
478 1050
478 1845
478 1472
479 779
479 1549
479 1132
479 636
479 1177
479 1340
479 989
479 831
480 976
480 851
480 1984
480 1453
480 693
481 2051
481 1552
481 598
481 1689
481 1959
481 1619
482 1771
482 1516
482 1218
482 795
482 1009
482 1778
482 660
482 1964
482 753
482 1209
482 1897
482 1036
482 1970
482 1637
482 1356
482 898
482 1124
482 2061
482 2058
482 752
482 1944
482 875
482 2009
482 1262
482 1100
482 2064
482 1601
482 1774
482 1002
482 1644
482 1308
482 1916
482 812
482 1201
482 1520
482 2053
482 499
482 1528
482 1720
482 723
482 1456
482 1072
482 1488
482 847
482 1891
482 2069
482 1238
482 1926
482 1007
482 1542
482 1305
482 573
482 1089
482 1173
482 778
482 1900
482 1415
482 1486
482 1640
482 1566
482 973
482 1164
482 1442
482 967
482 1215
482 1991
482 1328
482 1584
482 556
482 2043
482 1275
482 2012
482 960
482 657
482 2059
482 560
482 1674
482 1763
482 768
482 1743
482 1475
482 865
482 1618
482 868
482 1697
482 1063
482 1792
482 1361
482 1232
482 1786
482 746
482 889
482 806
482 873
482 1666
482 1546
482 728
482 923
482 1157
482 1473
482 1650
482 899
482 1079
482 968
482 1125
482 1524
482 944
482 964
482 1394
482 532
482 1489
482 1700
482 1165
482 1040
482 1779
482 910
482 1737
482 893
482 1230
482 1557
482 509
482 653
482 671
482 559
482 736
482 881
482 811
482 1377
482 646
482 2076
482 799
482 1550
482 1950
482 621
482 1324
482 884
482 924
482 627
482 1573
482 1669
482 1203
482 2025
482 493
482 1021
482 1382
482 1511
482 1062
482 2033
482 1852
482 1567
482 1107
482 1290
482 1634
482 1832
482 1301
482 692
482 537
482 1772
482 1724
482 1992
482 787
482 930
482 679
482 1130
482 1255
482 1654
482 989
482 1843
482 1675
482 974
482 783
482 1196
482 699
482 814
482 655
482 1730
482 1757
482 1427
482 1322
482 835
482 1776
482 767
482 880
482 1166
482 1098
482 1471
482 1620
482 1420
482 949
482 614
482 1254
482 1174
482 1321
482 1503
482 2045
482 1802
482 916
482 1104
482 1053
482 678
482 1105
482 2052
482 1151
482 1468
482 700
482 1314
482 933
482 1738
482 1541
482 1882
482 503
482 674
482 485
482 1304
482 553
482 1522
482 647
482 763
483 1031
483 1560
484 638
484 1857
484 1256
484 1735
485 2071
485 1295
486 1270
486 1226
486 1716
486 529
487 1164
487 1791
487 1439
488 708
488 1297
488 869
488 1237
489 943
489 1392
489 1032
489 954
489 1476
490 1565
490 605
490 1877
490 1464
490 1063
490 1968
491 937
491 708
491 888
491 1866
491 924
491 1165
491 1921
492 1923
492 1614
492 674
492 1202
492 940
493 1674
494 1826
494 1093
494 1229
494 781
494 1644
494 644
494 1606
495 1586
495 1600
495 658
495 1777
495 1720
495 1316
495 1040
496 1977
496 1779
496 558
496 1596
496 1187
496 704
496 1433
496 2032
497 1348
497 1959
497 2013
497 1707
498 1182
498 588
498 1189
498 992
498 782
499 1164
499 1305
499 884
499 1388
500 1541
500 1851
500 907
500 1031
501 1743
501 551
501 1605
501 1837
501 1427
501 1287
501 1932
501 1006
502 708
502 735
502 763
502 1890
503 1874
503 656
503 1693
503 1408
503 589
503 1448
503 739
504 1048
504 1884
504 570
504 1441
504 936
505 1064
505 1100
505 910
505 1711
505 1427
505 1873
506 1031
506 1973
506 1531
506 757
506 912
507 1188
507 1555
507 1686
507 1812
508 1576
508 922
508 1701
508 1971
508 1795
508 1411
509 2061
509 1036
509 1856
509 1002
509 1262
509 1926
509 1700
509 1275
509 1763
509 1513
509 1810
509 733
509 1287
509 723
509 1953
509 600
510 2029
510 1189
510 1405
510 932
510 1524
510 790
511 800
511 1359
511 891
511 2010
512 1724
512 548
512 1239
512 831
512 1083
512 1614
512 1427
512 564
513 1548
513 528
514 576
514 1721
514 958
514 734
514 858
514 1575
514 699
514 566
514 832
514 809
514 1380
514 702
514 2000
515 1738
515 886
515 540
515 1483
515 961
515 808
515 1322
515 1854
515 648
516 1211
516 1473
516 889
516 1905
516 1209
516 971
517 2001
517 1565
517 571
517 1287
517 1253
517 2036
518 1003
518 801
518 2078
518 1309
519 1181
519 1568
519 1696
519 703
519 1684
520 777
520 809
520 1118
520 1696
520 1315
520 1294
521 1485
521 1606
521 1059
521 1751
521 1592
522 755
522 845
522 611
522 729
522 1228
522 1675
522 1509
523 1922
523 1202
523 1031
523 1968
524 1638
524 675
524 1228
524 586
524 1078
524 1667
524 1045
524 1843
524 1163
524 1613
525 1240
525 1809
525 1024
525 1836
525 1587
526 1063
526 542
526 1576
526 1759
526 1267
527 544
527 1587
527 621
527 956
527 1069
527 813
527 947
527 2013
528 1427
528 708
528 1031
528 1881
528 693
528 1765
528 696
528 890
528 1409
529 961
529 1075
529 1529
529 1143
529 669
529 1427
530 2069
530 1085
530 1357
530 1752
530 626
530 723
530 1088
531 1380
531 1029
531 643
531 1058
531 680
532 818
532 1544
532 1182
532 556
532 1601
532 1308
533 1280
533 1742
533 1675
533 1840
533 1749
533 1799
533 1427
534 1696
534 541
534 1876
534 1129
535 1245
535 1289
535 1317
535 1903
535 637
535 1151
535 917
535 1270
535 696
535 1536
536 1094
536 553
536 1992
536 1568
536 1959
536 635
537 1549
537 1031
537 577
537 1897
537 1730
538 2000
538 1712
538 1323
538 1774
538 558
538 1585
538 1187
539 1565
539 1303
539 2065
539 1599
539 613
539 654
539 683
540 1795
540 780
540 1679
540 808
540 1389
540 789
540 1333
541 1280
541 1029
541 585
542 679
542 1004
542 1653
542 946
542 609
542 1334
542 1097
542 1126
542 1181
542 1194
542 993
543 1063
543 806
543 948
543 1006
543 1084
543 2041
544 1512
544 1975
544 933
544 1268
545 751
545 1690
545 1570
545 698
545 759
545 1087
545 995
546 1630
546 1853
546 988
546 2016
546 1141
546 795
547 1457
547 832
547 1608
547 1452
547 1008
547 1523
548 595
548 1046
548 617
548 1807
548 618
548 1427
548 781
549 943
549 665
549 1076
549 877
549 1448
550 1045
550 1662
550 1864
550 711
550 1690
550 731
550 1160
551 1555
551 1559
551 1837
551 925
551 1614
551 1798
551 1879
551 1241
551 629
552 1057
552 761
552 2008
552 611
552 663
552 1759
553 1126
553 1416
553 1595
553 1959
553 619
554 1915
554 1607
554 907
554 2055
554 1555
554 1614
554 1799
554 1427
555 921
555 1393
555 1464
555 1087
555 794
556 1620
556 2012
556 1958
556 1461
556 889
556 1758
557 1129
557 1545
557 1631
557 1623
557 635
557 1001
558 688
558 1446
558 1785
558 1418
558 1709
558 1587
558 1329
558 1006
559 898
559 1300
559 1218
559 1926
559 1442
559 1475
559 1731
559 1585
560 641
560 1489
560 736
560 1839
560 644
560 1674
561 1594
561 1411
561 748
561 1471
562 1444
562 1735
562 1357
562 771
562 849
562 2036
563 1143
563 694
563 1230
563 1127
563 1263
564 780
564 849
564 929
564 1683
564 1243
564 2070
564 708
564 1424
565 1212
565 826
565 864
565 662
565 1342
565 1476
565 2013
565 1343
565 895
566 948
566 1128
566 1625
566 1693
566 1212
566 789
566 726
567 1547
567 668
568 592
568 1587
568 1075
568 1436
568 1959
568 1948
569 1429
569 1997
569 717
569 1445
570 1152
570 957
570 1042
570 1051
570 916
570 1072
570 638
570 813
570 954
570 1818
570 1031
571 1565
571 1602
571 1102
571 1392
571 2017
572 774
572 1104
572 1647
572 1985
572 1684
572 1832
572 1718
573 1647
573 1550
573 1308
573 1589
573 733
574 1330
574 1928
574 615
574 975
574 651
575 787
575 808
575 1854
575 1258
575 1344
575 751
575 1959
576 734
576 1874
576 1494
576 1607
576 658
576 1631
577 1272
577 1031
577 1402
577 1925
578 1925
578 1556
578 1622
578 741
578 2037
578 1063
578 1537
578 793
579 1621
579 1608
579 1587
579 591
580 1583
580 1215
580 2035
580 1646
580 1137
580 640
580 781
580 1433
581 1353
581 843
581 1758
581 1013
581 1210
581 1271
581 810
581 1847
581 1362
581 1437
582 798
582 1943
582 1573
582 957
582 1961
582 1652
582 1934
582 1031
583 783
583 1849
583 727
583 1485
583 870
583 2036
584 1609
584 1775
584 1305
585 1280
585 922
585 724
586 1306
586 1132
586 779
586 608
587 808
587 1068
587 589
587 1797
588 1711
588 1236
588 604
588 625
588 698
588 1851
588 851
588 1487
589 1171
589 847
589 1834
589 735
589 1087
589 1714
589 1267
589 1448
590 808
590 833
590 1033
590 1421
590 1192
591 917
591 1217
591 1803
591 1707
591 992
592 958
593 1310
593 1668
593 1840
593 1202
594 623
594 1764
594 856
594 2077
594 919
594 1982
594 1733
594 1963
594 912
594 631
595 798
595 1125
595 684
595 1261
595 1833
596 1040
596 1613
596 2049
596 1880
596 2040
596 1629
596 1145
596 1290
596 2079
596 1246
596 1545
596 933
596 1475
596 1907
597 1104
597 1363
597 1714
597 1234
597 1636
597 1617
597 783
597 617
598 957
598 1653
598 1332
598 1137
598 1959
598 954
598 2005
598 1976
599 1795
599 2026
599 1802
599 1727
600 723
600 2052
600 1452
601 997
601 1714
601 2033
601 1799
601 1448
601 869
602 1543
602 860
602 2073
602 618
602 1783
602 2061
603 1344
603 783
603 1085
603 1035
603 2036
604 1996
604 1180
604 1031
604 2072
605 933
605 1070
605 1947
605 936
605 1849
605 1464
606 1678
606 887
606 851
606 855
606 1168
606 1344
606 984
606 1749
606 1337
606 1427
607 1636
607 861
607 636
607 1133
607 1627
607 1896
607 1340
607 923
607 1435
607 1713
607 1545
608 1245
608 637
608 917
609 1547
609 1652
609 672
609 1286
609 2032
610 1470
610 2034
610 1246
610 1037
610 1536
611 909
611 1637
612 905
612 2066
612 1565
612 1084
612 1807
612 901
612 1493
613 661
613 1205
613 1613
613 1004
613 635
614 1586
614 903
614 1104
614 1818
614 1317
614 1270
615 1352
615 616
615 1917
615 1572
615 1380
615 1644
615 1666
616 2077
616 861
616 2062
617 1777
617 1493
617 1407
617 695
618 1562
618 1073
618 1559
618 1101
618 1370
618 835
618 721
618 1645
618 1160
618 1742
618 1427
619 1548
619 1006
619 877
619 1729
620 1804
620 1621
620 1815
620 1132
620 995
621 1947
621 889
621 901
621 723
621 924
621 1991
621 1569
622 1719
622 1696
622 667
622 1093
622 1693
622 792
622 851
622 992
623 2077
623 840
623 1355
623 1117
623 918
624 1678
624 1644
624 1517
624 1135
624 1535
624 1959
625 854
625 1043
625 1270
625 683
625 637
625 1151
625 917
625 1294
626 1635
626 1702
626 994
626 723
626 1428
627 2069
627 862
628 1678
628 1211
628 1609
628 1116
628 1699
628 861
629 1385
629 1529
629 1633
629 786
629 831
629 1246
629 832
629 2049
629 788
629 1220
629 1415
629 1668
630 1850
630 1404
630 1182
630 1612
630 1756
631 1838
631 763
632 1332
632 1739
632 1681
632 1270
632 994
632 1663
632 786
633 1693
633 636
633 894
633 1077
633 1642
633 1645
634 1678
634 1907
634 1757
634 1544
634 1119
635 1452
635 788
635 1775
635 1599
635 1242
635 1022
635 1091
635 1755
635 1266
635 1251
635 1000
636 1340
636 1132
636 1200
636 1966
636 836
636 967
636 1051
636 1177
636 1592
636 1031
637 1687
637 1270
637 2015
637 749
637 917
637 1190
637 1147
637 1454
637 682
637 1043
637 756
637 1914
637 1332
637 788
637 1928
637 1561
637 1673
637 781
637 681
637 1348
637 1518
637 1245
637 1625
638 1701
638 2075
638 1101
638 1445
639 1127
639 1945
639 1984
639 751
639 651
639 1872
639 941
639 1436
639 1054
640 1121
640 1016
640 1078
640 1014
640 1160
641 1648
641 1404
641 1561
641 1182
641 1723
641 1612
641 1119
641 1513
641 1800
642 1781
642 2023
642 1864
642 1417
642 1045
642 1326
642 1457
642 1392
643 1042
643 1126
643 758
643 922
643 1570
643 1842
644 1416
645 805
645 1071
645 1423
645 1474
645 1328
645 1429
645 741
645 2056
646 1566
646 799
646 1891
646 1361
646 1958
646 820
646 1376
647 1177
647 708
647 1619
648 1795
648 2068
648 1052
648 808
648 1040
648 1128
648 1522
648 1778
648 948
648 1145
649 1795
649 1854
649 2015
649 1756
649 1392
649 1486
650 1852
650 1829
650 783
650 876
650 762
651 701
651 848
651 844
651 1898
651 1161
651 1764
651 1246
651 1693
651 1930
652 1461
652 1636
652 1217
652 1845
652 2058
653 1618
653 1520
653 795
653 1328
653 1262
653 1827
653 1813
653 1030
654 1547
654 1841
654 1577
654 802
654 1289
654 1008
655 829
655 891
655 1890
655 1439
655 1187
656 1993
656 824
656 1784
657 1720
657 1473
657 1972
657 1448
658 1607
658 1328
658 1109
658 848
658 1803
658 1957
658 1279
658 1962
658 1617
658 713
658 758
658 956
658 1176
658 1777
658 851
658 1898
658 1551
659 1389
659 1522
660 1856
660 1900
660 960
660 1970
660 2012
660 812
660 1601
660 1475
660 1774
660 1377
660 881
660 923
660 964
660 1158
660 1530
660 1110
660 1932
660 1252
660 1489
661 1084
661 1499
661 1484
661 1392
662 1568
662 1537
662 1458
663 1621
663 1284
663 697
663 863
663 1254
663 1178
663 1569
663 1338
663 1523
664 1144
664 912
664 1704
664 866
664 1931
664 1028
665 1853
665 1818
665 943
665 1736
666 818
666 1114
666 1347
666 1672
666 1487
666 809
666 821
666 1997
666 999
667 1622
667 1672
667 818
667 1114
667 2007
667 1603
667 715
667 901
667 695
667 1380
667 1064
667 1347
667 1432
668 1369
668 1939
668 1013
668 1208
668 1380
669 1711
669 1967
670 824
670 1317
670 1977
670 1270
671 1863
671 1063
671 1584
671 1517
671 784
672 819
672 1177
672 2044
672 1868
673 856
673 918
673 1982
673 1536
673 1184
673 1366
674 1239
674 1123
674 1319
674 920
674 1235
674 785
674 1698
674 717
674 1860
674 1202
674 1844
674 1376
674 1817
674 1919
674 983
674 1907
674 2013
674 924
674 790
674 1250
674 1187
674 737
675 1560
675 1284
675 1817
675 1804
675 973
675 866
676 1326
676 711
676 1225
676 1713
676 824
676 1693
676 1457
677 1674
677 746
677 1652
677 1715
677 1563
677 997
677 1838
678 1690
678 1570
678 1990
679 2016
679 1890
679 1948
679 922
680 1397
680 1703
680 1896
680 894
680 1133
680 1385
680 1486
680 1727
680 1705
680 940
680 1312
681 916
681 1429
681 1298
681 1071
681 1216
681 741
681 2033
682 1151
682 749
682 1339
682 2015
682 1536
683 1545
683 2030
683 1814
684 1621
684 1078
684 1749
684 1427
685 1293
685 806
685 1357
685 2068
685 1315
686 895
686 871
686 693
686 793
687 1643
687 863
687 779
687 1600
687 1834
687 1338
688 1749
688 1187
688 1786
688 2032
689 817
689 958
689 1657
689 1607
689 1424
690 1695
690 1968
690 1452
691 1280
691 1610
691 725
691 1543
691 1809
691 2022
691 1204
691 1563
691 829
691 1946
692 1546
692 1465
692 1206
692 1358
692 1493
692 1008
693 1094
693 1331
693 895
693 1351
693 1462
694 878
694 1859
695 1332
695 1717
695 1034
695 1596
695 1818
696 1700
696 1138
696 1329
696 1252
696 1150
697 1444
697 1804
697 1843
697 908
697 2059
697 1212
697 1405
698 1134
698 1780
698 974
699 1237
699 1031
699 766
699 1447
699 1733
699 1666
699 1244
699 2041
700 1416
700 1772
700 1879
701 1352
701 773
701 1134
701 1183
702 1925
702 922
702 1427
702 1675
702 782
703 1565
703 1912
703 1715
703 1959
703 975
703 744
704 851
704 1536
704 1712
704 1325
704 1933
704 983
704 950
704 1418
704 1376
704 1334
704 2058
704 1104
704 2057
704 2008
704 772
705 1571
705 1582
705 1108
705 921
705 1322
706 1326
706 714
706 857
706 1997
706 1916
706 1248
706 1099
706 1452
707 1162
707 1842
707 1619
707 2048
707 788
708 1167
708 1741
708 1266
708 1838
708 1899
708 1706
708 1663
708 1252
708 1484
708 1657
708 1396
708 1315
708 904
708 1994
708 1497
708 1684
708 1699
708 810
708 819
708 997
708 1437
709 1619
709 1202
709 1536
709 742
709 1054
709 1605
709 1449
710 905
710 1678
710 1018
710 1565
711 1293
711 1326
711 923
711 1864
711 1662
711 1537
711 1942
712 2049
712 1814
712 1145
712 1416
712 1873
712 1452
712 1008
713 1031
713 1413
713 1102
713 1750
713 1955
714 1381
714 1045
714 1284
714 1884
714 1565
715 1982
715 1259
715 1672
715 1657
716 2052
716 1025
716 1028
716 1145
716 792
716 1632
716 1373
717 1536
717 1187
717 1572
717 2051
717 2017
717 1319
718 779
718 1565
718 804
718 965
718 1794
718 782
719 1280
719 1773
719 1622
720 1854
720 1837
720 1037
720 1619
720 1184
720 737
720 2032
721 1167
721 1229
721 1548
721 1415
721 781
721 1400
721 2038
722 1672
722 1168
722 1039
722 2055
722 1236
722 1830
722 1424
723 746
723 1442
723 1897
723 1516
723 973
723 875
723 1774
723 2058
723 881
723 1697
723 1328
723 806
723 1173
723 1308
723 1720
723 1891
723 2061
723 1473
723 1203
723 1544
723 1040
723 1007
723 1778
723 1201
723 1157
723 1546
723 960
723 1852
723 1140
723 1978
723 933
723 1508
723 1751
723 1895
723 1585
723 1570
723 1663
723 815
723 1820
723 1324
723 1488
723 735
724 1280
724 1951
724 765
724 1111
724 1957
724 1552
724 1050
725 1793
725 1249
725 1427
726 1382
726 1207
726 1918
726 1226
726 896
726 1994
726 762
726 1419
726 939
726 1396
726 1718
727 2068
727 1566
727 783
727 739
728 1669
728 1456
728 1014
728 1795
728 1837
728 1981
729 1228
729 872
729 994
730 1982
730 906
730 1565
730 934
730 1150
731 1319
731 1028
732 1473
732 2009
732 1699
732 1627
733 1229
733 1252
733 829
733 990
733 1772
733 1811
733 1455
734 1155
734 1874
734 1703
734 947
734 1315
734 764
735 1392
735 762
735 1537
735 1315
735 990
735 781
735 1836
735 1727
735 2069
735 1638
735 1265
736 1120
736 1036
736 1906
736 1134
736 1763
737 751
737 1619
737 1384
737 823
737 1319
737 2032
738 1638
738 1341
738 1089
738 1156
738 952
738 1448
739 1834
739 1424
740 1665
740 1707
740 1801
740 1986
740 1508
740 1647
741 1759
741 1429
741 1578
741 1304
741 1071
741 2037
741 2040
741 2011
741 1184
741 1073
742 1462
742 1536
742 1596
742 1202
742 1319
742 1011
743 1761
743 1515
743 1368
743 1836
743 1031
743 1297
744 765
744 781
744 891
744 985
745 1229
745 1455
745 1526
745 1247
745 915
745 1996
745 1013
746 800
747 918
747 1494
747 2051
747 1675
747 927
748 1647
748 1461
748 1784
748 1011
748 1299
748 1643
749 1012
749 2067
750 1985
750 780
750 1326
750 1031
751 1795
751 1068
751 1466
751 1389
751 2068
751 1317
751 1791
752 1209
752 795
752 910
752 1099
753 1036
753 1063
753 1715
753 865
753 1082
753 1665
754 1638
754 1191
754 899
754 1989
754 1718
755 1622
755 988
756 1903
756 1124
756 1701
756 984
756 1596
757 1647
757 1341
757 891
757 1507
758 1280
758 1352
758 1901
758 1656
759 1271
759 1269
759 1448
759 1031
760 1644
760 1319
760 1399
760 1721
761 1285
761 1678
762 918
762 1629
763 1350
764 2033
764 1031
764 2039
765 1280
765 1809
765 976
765 2026
765 1224
766 1031
766 1968
766 1944
766 1802
767 787
767 2068
767 808
767 1344
767 1746
767 940
767 1452
768 1541
768 1280
768 2015
768 1573
768 1079
768 1524
768 1669
768 2025
768 795
768 1544
768 1275
768 799
768 1743
768 1634
768 1833
768 1084
768 1716
768 1419
768 1883
768 829
769 1643
769 1031
769 1099
769 891
769 1441
770 1914
770 1167
770 1366
770 1388
770 928
771 1678
772 1102
772 1309
772 1030
772 1427
773 1949
773 1970
773 1356
773 1372
773 1996
773 1202
774 1594
774 1624
774 1882
774 1861
774 801
775 1565
775 2046
775 1031
776 856
776 1619
776 1718
776 1806
777 1117
777 1896
778 1746
778 967
778 1044
779 1108
779 1649
779 823
779 1901
779 1172
779 1024
779 1614
779 1448
780 1049
780 1068
781 1152
781 1717
781 1229
781 1455
781 1899
781 1252
781 1424
781 1186
781 1863
781 1056
781 982
781 1996
781 1909
781 1821
782 1641
782 1532
782 1419
782 1911
782 896
782 1761
782 996
782 1013
782 869
782 1015
782 1088
782 1000
782 808
782 1639
782 1009
782 1777
782 1846
783 1714
783 1313
783 1142
783 1088
783 1084
783 1219
783 2036
783 1207
783 1170
784 1844
784 1712
784 1617
784 938
784 971
785 882
785 1609
786 1814
786 2040
786 1695
786 1321
786 1001
786 1880
786 1242
786 1828
786 1475
786 1039
787 1291
787 1562
787 817
787 1522
787 1274
787 2061
787 1769
787 1202
788 1861
788 1021
789 1665
789 1894
789 1651
789 907
789 1378
789 1930
789 1591
789 1606
789 1984
789 1093
789 1791
789 1231
789 1189
789 1710
789 1934
789 1413
789 1192
789 1383
789 790
789 978
789 1295
789 1980
790 1280
790 1731
790 1269
790 1760
790 1027
790 1234
790 876
790 2008
790 1348
790 2020
790 1448
791 1302
791 1142
791 1576
791 1313
791 1752
791 2036
792 1755
792 1775
792 1518
792 1449
792 940
793 1528
793 1806
793 1596
793 1315
794 1936
794 1476
794 1794
794 1327
794 1988
794 874
795 2015
795 1584
795 1618
795 1644
795 812
796 1556
796 1041
796 1094
796 999
796 2078
797 1950
797 2036
797 1357
797 1751
797 798
798 837
798 803
798 1902
798 801
798 1257
798 2065
798 827
798 1000
798 1642
798 1735
798 939
799 1063
799 1339
799 1442
799 2010
800 1031
800 1189
800 891
800 1445
801 1616
801 1902
801 1309
801 1151
801 1430
801 1652
802 1582
802 1594
802 1299
802 1743
803 1490
803 1943
803 1694
803 1652
803 1759
803 1572
803 1036
804 1622
804 1547
804 1693
805 1621
805 1622
805 1804
805 1031
806 1522
806 899
806 1173
807 1732
807 2005
807 946
808 1291
808 1017
808 1854
808 1052
808 1049
808 1822
808 1746
808 1033
808 817
808 1397
808 838
808 821
808 1803
808 900
808 1322
808 1068
808 965
808 1771
809 1672
809 1990
809 1570
809 1050
809 2075
810 1492
810 1220
810 1470
810 1437
810 1818
811 1040
811 1063
811 1324
811 1536
812 1824
812 1544
812 1378
812 1368
813 2051
813 912
813 888
813 1031
814 1385
814 1031
814 1948
815 1048
815 2026
815 1024
815 1793
815 940
815 1208
815 1724
815 1309
815 1888
816 1164
816 1272
816 1039
817 1033
817 1291
817 1322
817 1049
817 1377
817 1854
818 970
818 1661
818 1114
818 1380
818 1715
818 895
819 1777
819 1128
819 1160
820 1250
820 1565
820 1830
820 1761
820 966
820 2023
820 1111
820 1885
820 869
821 1781
821 994
822 1556
822 2037
822 1298
822 1040
822 843
822 2032
823 1081
823 1120
823 1228
823 908
824 1280
824 1572
824 915
824 1708
824 1902
824 1118
825 926
825 1067
825 1658
825 1793
825 836
826 2003
826 1051
826 1323
826 1959
827 1536
827 1619
827 1184
827 1334
827 1449
827 2032
828 1270
828 1095
828 1092
828 1352
828 1635
828 1654
829 992
829 1179
830 1580
830 1387
830 1701
831 1672
833 1805
833 1322
833 1052
833 1568
833 1420
833 1739
834 1293
834 1045
834 1866
834 1662
835 1068
835 892
835 1928
835 1060
835 1083
836 1014
836 1031
837 1129
837 1901
838 1016
838 1879
838 1448
839 1959
839 1327
839 1717
839 1226
839 1841
839 1995
839 1080
839 888
839 1996
839 1031
840 1355
840 2077
840 1113
840 862
840 1639
840 1515
841 1027
841 1536
841 1031
841 1607
842 1538
842 1157
842 1490
842 2001
842 882
842 1187
843 1926
843 1231
843 1249
843 1403
843 1162
843 2028
843 1781
843 1132
843 2071
844 1165
844 1189
844 1372
844 1547
844 1930
844 2030
845 1621
845 1917
845 1810
846 1009
846 1821
846 1402
846 1478
847 1699
847 960
847 1169
849 1133
849 1031
850 1251
850 1448
850 1802
851 1260
851 1417
851 1664
851 1421
851 932
851 1999
851 1138
851 1268
851 1710
851 1711
851 992
851 1219
851 1715
851 1408
851 1704
851 1851
851 1093
851 883
851 1127
851 1924
851 1517
851 1803
851 1898
851 1677
851 1847
851 1754
851 1058
851 1328
851 1496
851 1369
851 1302
851 881
851 1080
851 1397
851 2041
851 1963
852 1539
852 1445
853 1721
853 1327
853 1174
853 2076
853 1451
854 856
855 917
855 992
855 1798
855 1020
855 1427
856 912
856 1617
856 918
856 1270
856 1376
857 1565
857 1102
857 1773
857 2072
857 1017
858 1274
858 1564
858 1721
858 1404
858 2025
858 1714
858 1448
858 1366
859 2070
859 1584
859 1536
859 1449
860 1551
860 1427
861 1076
861 1397
861 1505
862 2059
862 1557
862 1669
862 1622
862 1474
863 1796
864 1823
864 1215
864 1089
865 1100
865 1342
865 984
866 960
866 1349
866 1934
866 1844
867 1174
867 910
867 882
867 888
867 928
868 1230
868 1916
868 1033
868 1382
869 1786
869 1742
869 880
869 1009
869 2044
870 1433
870 1940
870 925
870 1339
870 1127
870 1751
870 1054
871 1318
871 937
871 1953
871 1343
872 1109
872 1340
872 1059
872 1531
872 1721
872 1132
872 1800
873 2053
873 1697
873 1203
873 1733
873 1598
873 992
874 1762
874 1159
874 1890
875 1208
875 1650
875 1262
875 1850
876 1801
876 1267
876 1004
876 1448
877 1074
877 1883
877 1688
877 2008
877 1273
878 1655
878 1835
878 1759
879 1930
879 1783
879 1047
879 1890
880 953
880 1608
880 1992
880 1731
880 1282
880 1688
882 931
882 1088
882 995
883 1656
883 1946
884 2043
884 1007
884 2033
885 1546
885 1694
885 1605
885 1031
886 1805
886 1822
886 1052
886 1274
886 2029
886 1186
886 1656
887 1565
887 1380
887 1392
887 1070
887 956
887 1430
887 1956
887 1060
887 1542
887 1176
888 1360
888 1899
888 1264
888 1410
888 1688
888 1607
888 928
888 1500
888 2038
889 1737
889 1863
889 2032
890 1894
890 1514
890 1459
890 1131
890 1101
891 1698
891 1787
891 1296
891 1937
891 1414
891 1831
891 1107
891 1581
891 1472
891 927
891 1170
891 953
891 1363
891 1781
891 1082
891 1333
891 2057
891 1889
892 1795
892 1291
893 1089
893 1697
893 1678
893 1950
893 1442
894 1627
894 1918
894 1619
894 1443
895 1031
896 1030
896 1505
896 1768
896 1843
897 1515
897 1346
897 1424
898 1644
898 923
898 909
898 1296
899 2076
899 1827
899 1592
900 1031
900 2067
900 1969
900 2041
901 1092
901 1680
901 1940
901 1307
901 1038
901 1368
901 1449
901 1685
902 1760
902 1031
903 1582
903 1719
903 1411
903 1175
903 1108
903 1571
903 1098
903 1336
903 1518
904 1520
904 1890
904 2044
905 1285
905 1678
905 1983
905 1709
906 1498
906 1355
906 1117
906 1946
906 1245
906 1789
906 1751
907 1335
907 1735
907 2006
907 1665
907 1195
907 1189
907 1586
907 1991
908 1055
908 934
908 2049
909 1244
909 1804
909 1823
910 1125
910 1831
910 1269
911 1061
911 1380
911 1608
911 1409
912 2070
912 1117
912 1904
912 919
912 1353
912 1745
912 1650
912 1058
912 1725
912 1800
912 1452
913 915
913 1563
913 1565
913 1224
913 1863
913 1380
913 1392
913 1915
913 1464
913 1959
914 1598
914 1195
914 1210
914 1898
915 1171
915 1793
915 1024
915 1572
915 1159
915 1349
915 1185
915 1979
915 1587
916 1298
916 2078
916 1537
916 2059
917 1043
917 1317
917 1147
917 1270
917 1681
917 1223
917 1770
917 1454
917 1504
917 2019
917 1589
917 1977
918 1915
918 1733
918 1244
918 1570
918 1982
918 1805
918 1899
919 1593
919 1101
919 1258
920 1947
920 1975
920 1202
920 1449
920 1478
921 2071
921 1181
921 1393
921 1142
921 1529
921 940
922 1572
922 1385
922 1289
923 1612
923 1079
923 1689
923 1194
924 2053
924 1063
924 1733
924 1273
925 1202
926 1547
926 2068
926 1031
927 1031
927 1358
928 1089
928 1179
928 1327
928 1956
928 1870
928 1318
928 1451
928 1066
929 1886
929 1604
930 1390
930 2050
930 1947
930 1340
930 974
930 1742
930 2036
931 1353
931 1355
931 1216
931 2068
931 1595
932 1970
932 1659
933 1954
933 956
933 1385
933 1330
933 1741
934 1570
934 1154
934 1951
934 1956
934 1273
934 1905
934 1489
934 1156
934 995
935 1270
935 1464
935 1456
935 1664
935 1735
935 1898
936 1859
936 1361
937 2029
937 2011
937 1664
937 992
937 2039
938 1157
938 1197
938 1922
939 1039
939 1174
939 1866
939 1495
940 1930
940 1197
940 1952
940 1307
940 1947
941 1082
941 1785
941 1483
941 1427
942 1619
942 1931
943 1925
943 1853
943 1989
943 2058
943 1383
943 2071
944 1040
944 1203
944 1792
944 1460
944 1597
944 1365
945 1783
945 1707
945 1780
945 1619
946 1710
946 1827
947 1137
948 1898
948 1161
948 1960
948 1668
948 1795
949 1614
949 1619
949 1202
949 2041
949 1322
950 1767
950 1202
950 1755
951 1511
951 1701
951 1959
951 1614
952 1547
952 1067
952 1287
953 1788
953 1823
953 1931
953 1782
954 1653
954 1149
954 2020
954 1042
954 1135
954 1032
954 2054
954 1060
954 2051
954 1932
954 999
954 1186
955 1133
955 1397
955 1256
955 1018
955 2038
956 1863
956 960
957 1000
957 975
958 1575
958 969
958 1874
958 1781
958 1189
958 1448
959 1917
959 1133
959 1292
959 1178
959 971
960 1650
960 1720
960 1618
960 1891
960 1674
960 977
960 1710
960 989
960 1539
960 1445
961 1693
961 1777
961 1722
961 1503
961 1529
961 1343
962 1734
962 1031
962 1569
962 1935
962 1702
963 1723
963 1146
963 1119
963 1892
964 1397
965 1102
965 1351
965 1392
966 1039
966 1266
967 1874
967 1063
967 1215
967 1009
967 1352
968 1995
968 1415
969 1808
969 1259
970 1672
970 1250
970 1775
970 1634
970 1803
970 1588
971 1893
971 1626
971 1292
971 1819
971 1815
972 1234
972 1251
972 1269
972 1448
973 1542
973 1779
973 1389
973 1614
973 1948
974 1392
974 1076
974 1155
975 1959
976 1793
976 1048
976 1851
977 2050
977 1565
977 1061
977 1224
977 1392
977 1055
977 1529
978 1571
978 1104
978 1007
979 1344
979 1822
979 1120
979 1402
979 1045
979 2064
980 1117
980 2070
980 1745
980 1185
980 1100
980 2059
981 1851
981 2003
981 2013
981 1529
981 1031
982 1160
983 1849
983 1709
983 1202
984 1802
985 1951
985 1031
985 1643
985 1432
985 1814
986 1547
986 1137
986 1830
987 992
987 2075
987 1552
987 1439
987 1769
988 1183
988 1270
988 1890
989 1690
989 995
989 1956
989 1628
989 1813
990 1846
990 1368
991 1620
991 1928
991 1885
991 1657
991 1691
992 1299
992 1600
992 1109
992 1474
992 1249
992 1938
992 1980
992 1462
992 1924
992 1758
992 1303
992 1517
992 1803
992 1527
992 1591
992 2003
992 1608
992 1651
992 1127
992 1654
992 1677
992 1978
992 1941
992 2068
992 1702
992 1890
992 1896
992 1509
992 1340
992 1901
993 2051
994 1330
994 1635
994 1063
995 1557
995 1570
995 2005
995 1393
995 1206
995 1273
995 1951
995 2045
995 1942
995 1837
995 1454
995 1064
996 1858
996 1388
996 1390
996 1535
997 1834
997 1448
997 1037
998 1306
998 1565
998 1392
999 1210
999 1970
1000 1607
1000 1155
1000 1913
1000 2056
1000 2078
1001 1055
1001 1946
1001 1811
1001 2052
1001 2048
1001 1204
1001 1108
1001 1808
1002 2059
1002 1566
1002 1511
1002 1031
1003 1118
1003 1309
1003 1652
1004 1959
1004 1050
1004 1382
1004 1108
1004 1031
1004 1445
1005 1158
1005 1568
1005 1126
1005 1604
1006 1037
1007 1964
1007 1278
1007 1016
1007 1619
1007 1031
1008 1846
1008 1880
1008 1022
1008 1695
1008 1205
1008 1917
1008 1907
1008 1472
1008 1113
1009 1644
1009 1967
1010 1187
1010 1718
1011 1514
1012 1410
1012 1505
1012 1929
1012 1119
1012 1879
1013 1410
1013 1697
1013 1593
1013 1346
1013 1193
1013 1879
1013 1578
1013 1477
1014 1655
1014 2071
1014 1051
1014 2075
1014 1517
1014 1744
1014 1725
1015 1114
1015 1567
1015 1435
1015 1226
1016 1261
1016 1337
1016 1747
1016 1372
1016 1748
1017 1795
1017 1052
1017 1344
1017 1599
1018 1227
1018 1859
1018 1577
1019 1861
1019 1558
1019 1584
1019 1160
1019 1427
1020 1565
1020 1392
1020 1512
1020 1487
1021 1897
1023 1565
1023 1061
1023 1392
1023 1211
1024 1280
1024 1167
1025 1775
1025 1577
1025 1053
1025 1169
1026 1280
1026 1185
1026 1338
1027 1833
1027 1269
1027 1448
1027 1937
1028 2049
1028 1873
1028 2072
1028 1880
1028 1535
1028 1644
1028 1532
1028 2052
1028 1523
1029 1280
1029 1985
1029 1696
1030 1984
1030 1716
1030 1210
1030 1834
1031 1319
1031 1530
1031 1312
1031 1387
1031 1588
1031 1169
1031 1941
1031 1569
1031 1106
1031 1494
1031 1296
1031 1857
1031 1445
1031 1955
1031 1581
1031 1981
1031 1491
1031 1447
1031 1395
1031 1441
1031 1254
1031 1413
1031 1443
1031 1414
1031 2060
1031 1463
1031 1278
1031 1807
1031 2008
1031 2021
1031 2041
1031 1374
1031 1375
1031 1815
1031 1920
1031 1311
1031 2018
1031 2010
1031 1921
1031 1963
1031 1787
1031 1695
1031 1671
1031 1088
1031 1422
1031 1105
1031 1659
1031 1212
1031 1233
1031 1785
1031 1234
1031 1304
1031 1977
1031 1870
1031 2059
1031 1950
1031 1390
1031 2028
1032 1959
1032 1971
1032 1837
1032 1121
1032 1376
1033 1369
1033 1068
1033 2055
1034 1139
1034 1960
1034 1619
1034 1202
1034 1365
1034 2032
1035 1270
1035 1912
1035 1104
1035 1392
1035 1449
1035 1729
1036 1388
1036 1511
1036 1187
1036 1334
1037 1536
1037 1220
1037 1540
1037 1162
1037 1073
1037 1187
1037 1202
1037 1931
1038 1808
1038 1536
1038 1905
1038 1444
1038 1187
1038 2072
1039 1328
1039 1243
1039 1681
1039 1895
1039 1372
1039 1890
1039 1388
1040 1355
1040 2053
1040 1100
1040 1644
1040 2061
1040 1991
1040 1878
1040 1927
1040 1951
1040 1851
1041 1736
1041 1298
1041 1578
1041 1458
1041 1962
1041 1378
1042 2035
1042 1653
1042 1789
1042 1496
1043 1317
1044 1808
1044 1055
1044 1557
1045 1225
1045 1597
1045 1867
1045 1903
1045 1326
1045 1662
1046 1645
1046 1239
1046 1987
1046 2008
1046 1300
1046 1383
1046 1160
1046 1427
1047 1078
1047 1631
1047 1837
1047 1427
1047 2041
1048 1186
1049 2068
1049 1224
1049 1322
1049 1525
1050 1326
1050 1967
1050 1529
1050 1943
1050 1060
1050 1135
1050 1959
1050 1267
1051 1587
1051 2047
1051 1850
1051 2064
1051 1137
1051 1529
1051 1818
1052 1466
1052 1151
1052 1344
1052 1522
1053 1755
1053 1296
1053 2049
1054 1251
1054 1216
1054 1834
1054 1448
1055 1354
1055 1917
1055 1673
1055 1617
1056 1551
1056 1922
1056 1427
1056 1619
1057 1541
1057 1987
1057 1643
1057 1788
1058 2068
1058 1875
1059 1177
1060 2071
1060 1966
1060 1959
1061 1949
1061 1479
1061 2056
1061 1996
1062 2076
1062 1891
1062 1550
1062 1080
1062 2066
1063 1856
1063 1520
1063 2053
1063 1516
1063 1542
1063 1394
1063 2043
1063 1524
1063 1557
1063 1581
1064 1188
1064 1679
1064 1835
1064 1582
1064 1096
1064 1616
1065 1625
1065 1653
1065 1402
1065 1097
1065 1152
1066 2057
1066 1545
1066 1828
1066 1553
1067 1730
1067 1513
1067 1833
1068 1765
1068 1854
1068 1822
1068 1466
1068 1314
1068 2021
1068 1651
1068 1504
1068 1344
1068 1522
1068 1652
1068 2048
1069 1097
1069 2002
1069 1832
1069 1971
1070 1687
1070 1565
1070 1611
1070 1666
1070 1392
1070 1794
1071 1647
1071 1139
1071 1152
1072 1151
1072 1601
1072 1644
1072 1164
1072 1536
1073 1742
1073 1551
1073 1578
1073 1614
1073 1233
1073 1747
1073 1427
1074 1406
1074 1534
1074 1667
1074 1260
1075 1181
1075 1959
1076 1221
1076 1563
1076 1999
1076 1102
1076 1342
1076 1464
1076 1552
1077 1467
1077 1703
1077 1874
1077 1738
1077 1177
1077 2071
1077 1836
1078 1303
1078 1551
1078 1900
1078 1427
1079 1575
1079 1232
1079 1544
1079 1172
1079 1707
1080 1300
1080 1827
1081 1560
1081 1643
1081 1117
1081 1985
1081 1649
1081 1381
1081 1766
1081 2011
1081 1632
1082 1591
1082 1236
1082 1279
1082 1271
1083 1639
1083 1427
1084 1565
1084 1147
1084 1380
1084 2049
1084 1425
1085 1578
1085 1648
1085 2036
1086 1582
1086 1136
1086 1509
1086 1482
1086 2053
1086 1096
1086 1655
1086 1719
1086 1770
1087 1154
1087 1393
1087 2004
1087 1336
1087 1977
1087 2047
1087 2045
1088 1475
1088 1849
1088 1676
1088 1906
1088 1205
1088 1092
1089 1644
1089 1480
1090 2055
1090 1692
1090 1614
1090 1183
1090 1427
1091 1659
1091 1996
1091 1586
1092 1692
1093 1608
1093 1403
1093 2011
1093 1559
1093 1261
1093 1400
1094 2071
1094 2045
1095 1586
1095 1762
1095 1892
1095 1363
1095 1704
1095 1647
1095 2044
1096 1363
1096 1098
1096 1824
1096 1617
1096 1979
1096 1647
1096 1861
1096 1412
1097 1654
1097 1634
1097 1653
1097 1576
1097 1603
1097 1340
1097 1673
1097 1734
1097 1953
1097 1959
1097 1529
1097 2010
1097 1523
1098 1480
1098 1790
1098 1647
1098 1139
1099 1424
1099 1472
1099 1569
1099 1494
1099 1389
1099 1106
1100 1583
1100 1499
1100 1215
1100 1442
1101 1260
1101 1551
1101 1798
1101 1536
1102 1795
1102 1574
1102 2046
1102 1140
1102 1998
1102 1519
1102 1499
1102 1563
1102 1588
1102 2056
1102 1502
1102 2017
1103 1859
1103 1154
1103 1111
1104 1136
1104 1719
1104 1193
1104 1904
1104 1647
1104 1824
1104 1903
1105 2017
1105 1448
1106 1581
1106 1526
1106 1412
1107 1575
1107 1177
1108 1582
1108 1850
1108 1647
1108 1299
1108 2036
1108 1530
1109 1503
1109 1318
1109 1134
1109 1593
1109 1367
1109 1133
1109 1594
1109 1176
1109 1231
1110 1315
1110 1184
1111 1561
1111 1146
1111 1612
1111 1236
1112 1113
1113 1733
1114 1672
1114 1668
1114 1427
1115 1635
1115 1536
1115 1585
1116 1660
1116 1822
1116 1263
1116 1871
1117 1982
1117 1355
1117 1599
1117 1973
1118 1793
1118 1572
1118 1801
1118 1410
1118 1574
1118 1706
1118 1989
1119 1354
1119 1612
1119 1756
1119 1852
1119 1147
1119 2014
1120 1788
1120 1765
1120 1602
1120 1287
1120 1354
1121 1614
1121 1933
1121 1427
1122 1190
1122 1335
1122 1573
1123 1158
1123 1585
1123 1577
1124 1662
1124 1531
1125 1203
1125 2064
1125 1338
1126 1689
1126 1265
1126 1181
1127 1851
1127 1993
1127 1154
1127 1668
1127 1787
1128 1770
1128 1600
1129 1564
1129 1140
1130 1539
1131 2009
1131 1752
1131 1487
1132 1765
1133 1595
1133 1627
1133 1200
1133 1986
1133 1177
1133 2060
1134 1962
1134 1175
1134 1491
1134 1816
1136 1845
1136 1621
1136 1286
1136 1985
1136 1201
1137 1314
1138 1908
1138 1505
1139 1594
1139 1623
1139 1824
1139 1586
1139 1175
1139 1647
1139 1850
1139 1411
1139 1831
1139 1188
1140 1431
1140 1512
1140 2017
1141 1678
1141 2057
1141 1751
1142 1598
1142 2036
1142 1295
1142 1202
1143 1616
1143 1624
1143 1647
1144 2077
1144 1684
1145 1338
1145 1789
1145 1452
1146 1723
1147 1317
1147 1190
1147 1454
1147 1978
1147 1372
1147 1783
1147 1959
1147 2028
1148 1693
1148 1311
1148 1586
1148 1170
1149 1487
1150 1554
1150 1836
1150 1890
1151 1914
1151 1265
1151 1858
1151 1681
1152 1469
1152 1959
1152 1476
1153 1448
1153 2045
1153 1327
1153 1427
1153 1216
1154 1570
1155 1410
1155 1259
1155 1350
1155 2056
1156 1537
1156 1594
1156 1167
1156 1794
1156 1846
1156 1360
1157 1666
1157 1863
1157 1203
1157 1763
1157 1693
1157 1839
1157 1959
1158 1552
1158 1194
1159 1990
1160 1562
1160 1639
1160 1726
1160 1516
1160 1425
1161 1456
1161 1789
1161 1978
1161 1450
1161 1754
1161 1777
1162 1435
1163 1227
1163 1561
1163 1723
1163 1859
1163 1612
1163 1756
1163 1422
1164 1392
1164 1916
1164 1944
1164 1941
1165 2069
1165 1916
1166 1550
1166 1219
1167 1982
1167 1811
1167 1264
1167 1198
1167 1252
1167 1911
1167 1657
1167 1179
1167 1994
1167 1288
1167 1207
1167 1890
1167 1683
1167 1453
1167 2013
1167 2033
1167 1762
1167 1861
1167 1276
1167 1247
1168 1614
1168 1427
1168 1373
1169 1652
1169 1463
1170 1458
1170 2041
1171 1300
1171 1533
1171 1386
1171 1819
1172 1735
1172 1679
1172 1427
1173 1516
1173 1666
1173 1477
1174 1587
1174 1736
1174 1288
1174 1312
1175 1647
1175 1778
1175 1895
1176 1735
1177 1662
1177 1716
1177 1703
1177 1504
1177 1896
1177 1549
1177 1341
1177 1352
1177 1518
1177 1844
1177 1506
1178 1448
1178 1772
1178 1287
1178 1705
1178 1893
1179 1846
1179 1745
1180 1727
1180 1493
1181 1317
1181 1469
1181 1440
1181 1510
1181 1260
1181 2011
1182 1890
1183 1442
1183 1614
1183 1233
1183 1427
1184 1882
1184 1934
1184 1202
1185 1215
1185 1962
1186 1315
1186 1327
1187 1560
1187 1323
1187 1680
1187 1909
1187 1307
1187 1806
1187 1818
1187 1905
1187 1220
1187 1495
1187 1418
1187 1596
1187 1540
1187 2066
1187 1534
1187 1710
1187 1625
1187 1262
1187 1202
1187 1433
1188 1616
1188 1395
1188 1776
1188 1614
1189 1367
1191 1621
1191 1272
1191 1923
1191 1979
1192 1678
1192 1417
1192 1476
1192 1614
1192 1233
1192 1799
1192 1427
1193 1591
1193 1537
1193 1507
1193 1809
1193 1800
1193 1327
1194 1308
1194 1689
1194 1646
1194 1475
1195 1664
1195 1417
1195 1387
1196 1422
1197 1619
1197 1319
1197 1433
1198 1663
1198 2027
1198 1761
1199 1558
1199 1565
1199 1622
1199 2001
1199 1251
1200 2003
1200 1271
1200 1727
1201 1736
1201 1457
1201 1566
1201 1888
1201 1743
1201 1944
1201 1585
1202 1976
1202 1860
1202 1323
1202 1398
1202 1753
1202 1802
1202 1438
1202 1585
1202 1940
1202 2017
1202 1665
1202 1327
1202 1706
1202 1845
1202 1319
1202 1478
1202 1493
1202 1941
1202 1948
1203 1481
1203 1849
1204 1490
1204 1978
1204 1633
1205 1486
1205 1959
1206 1570
1206 1845
1206 1445
1208 1884
1208 1285
1208 1877
1208 1392
1208 1947
1208 2001
1208 1345
1209 1498
1209 1456
1209 1350
1210 2053
1210 1435
1210 1711
1210 1707
1210 1980
1210 1829
1210 1862
1210 1962
1210 1993
1210 1432
1210 1595
1210 1492
1210 1592
1210 1956
1210 1391
1210 2060
1210 1323
1211 1370
1211 1285
1211 1227
1212 1606
1212 2006
1212 1378
1213 1647
1213 1635
1214 1235
1214 1709
1215 1655
1215 1546
1215 2025
1215 1771
1215 1601
1215 1395
1215 2043
1216 1711
1216 1248
1216 1269
1216 1834
1216 1448
1217 1606
1217 1779
1217 1930
1217 1487
1218 1601
1218 1644
1218 1563
1218 1489
1218 1768
1219 1298
1219 1524
1219 1851
1220 1619
1220 1698
1221 1724
1221 1777
1222 1616
1222 1586
1222 1585
1223 1395
1223 1270
1223 1565
1224 1344
1224 2002
1224 1912
1224 1965
1224 1508
1224 1260
1224 1894
1224 1877
1224 1619
1226 1336
1226 1663
1226 1455
1226 1243
1226 1537
1226 1996
1226 1501
1226 1581
1226 1471
1226 1315
1226 1836
1226 2044
1227 2046
1227 1703
1228 1771
1228 1808
1228 1452
1229 1565
1229 1734
1229 1808
1230 1950
1230 1424
1230 1750
1231 1693
1231 1690
1231 1616
1231 2052
1232 1580
1232 1669
1232 1772
1232 1475
1232 1872
1233 1631
1233 1799
1233 2010
1233 1580
1233 1427
1234 1923
1234 1448
1235 1643
1235 1536
1235 1619
1235 1831
1236 1727
1237 1614
1237 1631
1237 1716
1237 1566
1237 1427
1238 2037
1238 1697
1238 1601
1238 1258
1238 2043
1239 2051
1240 1383
1240 1796
1240 1912
1240 2024
1240 1381
1241 1749
1241 1536
1241 1619
1241 1744
1242 1835
1242 1658
1243 1380
1244 1354
1244 1673
1244 1917
1244 2068
1245 1843
1245 1270
1245 1309
1246 1338
1247 1895
1247 1762
1247 1263
1247 1615
1247 1916
1247 1313
1248 1448
1248 1920
1249 1984
1249 1851
1249 1405
1250 1593
1251 1745
1251 1649
1251 1448
1252 1614
1252 1327
1252 1868
1252 1996
1253 1565
1253 1462
1253 1877
1253 1297
1253 1360
1253 1424
1253 1500
1254 1746
1254 1619
1254 1682
1255 1461
1255 2001
1255 1659
1255 1439
1255 1387
1256 1619
1256 1871
1256 2041
1257 1902
1257 1652
1258 1891
1259 1913
1259 1841
1260 1693
1261 1570
1262 1995
1262 2053
1262 2076
1262 1328
1263 1982
1264 1350
1264 2066
1264 1346
1264 1619
1265 1614
1265 1566
1266 1812
1266 1497
1266 1889
1266 1996
1266 1278
1267 1532
1267 1825
1267 1899
1267 1470
1267 2006
1267 1448
1267 1445
1268 1606
1268 1791
1268 1810
1268 1957
1268 2058
1268 1851
1269 1748
1269 1283
1269 1740
1269 1373
1269 1683
1269 1448
1270 1721
1270 1903
1270 1783
1270 1977
1270 1770
1270 1914
1270 1687
1270 1317
1270 1681
1270 1985
1270 1726
1270 1630
1271 1767
1271 1408
1271 1437
1271 1482
1271 1810
1271 1840
1271 1376
1271 2067
1271 1529
1271 1847
1272 1751
1272 1448
1273 1612
1273 1570
1274 1795
1274 2068
1274 1670
1274 1819
1275 1380
1275 1454
1275 1701
1276 1541
1276 1570
1277 1435
1277 1791
1277 1732
1277 1456
1277 1505
1278 1458
1278 1784
1278 1414
1278 2053
1278 1411
1279 1678
1279 1664
1279 1693
1279 2062
1279 1390
1280 2026
1280 2022
1280 1708
1280 1809
1280 1610
1280 1512
1280 1624
1280 1724
1280 1769
1280 1424
1280 1968
1281 1424
1281 1821
1281 1914
1282 1454
1282 1794
1282 1305
1282 1451
1283 1591
1283 1448
1284 1670
1284 1684
1284 2080
1285 1444
1285 1370
1285 1665
1285 1479
1285 1678
1285 2041
1286 1619
1286 1861
1288 1735
1288 1809
1288 1996
1289 1659
1290 1898
1290 1403
1290 1439
1290 2052
1291 1322
1291 1780
1291 1878
1291 1773
1292 1416
1293 1878
1294 1692
1294 1536
1294 1619
1295 1327
1296 1954
1297 1779
1297 1886
1297 1913
1297 1405
1297 1666
1297 1424
1297 1906
1298 1556
1298 1304
1299 1647
1299 1616
1299 1776
1299 1461
1299 1670
1299 1570
1300 1736
1301 1584
1301 1515
1302 1661
1302 1827
1302 1351
1302 2036
1302 2052
1303 1777
1303 1924
1303 1754
1304 1578
1304 1449
1305 2009
1305 1926
1305 2075
1306 1621
1306 1440
1307 1535
1308 1944
1308 1887
1308 1551
1309 1442
1309 1448
1310 1993
1310 1842
1310 1505
1310 1455
1311 2002
1311 1690
1312 1640
1312 1402
1312 1445
1313 1357
1313 1632
1313 1836
1313 1676
1315 1611
1315 1918
1316 1636
1316 1719
1316 1861
1317 2015
1317 1657
1317 1482
1317 1967
1317 1530
1318 1656
1319 1619
1319 1331
1319 1812
1319 1433
1320 1833
1320 1985
1321 1570
1322 1795
1322 1805
1322 2077
1322 1437
1322 1538
1323 1376
1323 1493
1324 1638
1324 1644
1324 2055
1324 1328
1324 1967
1325 1713
1325 2076
1326 2023
1326 1662
1326 1704
1327 1886
1327 1396
1327 1800
1327 1497
1327 1707
1327 1403
1327 1890
1327 1921
1328 1618
1328 1485
1328 1889
1329 1777
1329 1849
1329 2056
1330 1702
1330 1426
1330 1528
1330 1380
1330 1934
1331 1867
1331 1797
1331 1409
1332 1995
1332 2030
1332 1903
1333 1797
1333 1409
1333 1805
1334 1744
1334 1905
1334 1701
1334 2032
1335 1891
1335 1926
1335 1428
1336 1570
1337 1614
1337 1538
1337 1597
1337 1427
1338 1347
1338 1453
1338 1525
1338 2055
1338 1452
1339 1619
1340 1609
1340 1536
1342 1565
1342 1877
1342 1672
1342 1385
1343 1797
1344 1822
1344 1746
1344 2007
1344 1389
1345 1604
1345 1693
1345 1957
1346 1866
1346 1792
1346 1439
1347 1603
1348 1420
1348 1533
1349 1723
1349 1536
1349 1619
1349 1818
1349 2032
1350 1745
1350 1737
1351 1565
1351 1430
1351 1492
1351 1983
1352 1692
1352 1922
1353 1541
1353 1450
1353 1543
1353 1390
1353 1875
1356 1674
1358 2023
1358 1707
1358 1690
1358 1750
1358 1694
1359 1755
1359 1540
1360 1706
1360 1388
1361 1779
1361 1489
1362 1600
1362 1735
1362 1777
1362 1935
1363 1843
1363 1895
1363 1894
1364 1980
1364 1536
1364 1750
1364 1455
1364 2032
1365 1536
1365 1744
1365 1697
1366 2051
1366 1570
1367 1693
1367 1769
1368 1886
1368 1741
1368 1866
1368 1632
1369 1541
1369 1392
1370 1678
1370 1893
1371 2059
1371 1438
1371 1489
1371 1493
1372 1628
1372 1614
1372 1742
1372 1427
1373 1565
1373 1935
1373 2041
1374 2020
1374 2018
1374 2080
1374 1948
1375 1588
1375 1443
1376 1585
1376 1709
1377 2069
1377 1644
1377 1747
1378 1606
1378 1805
1378 1467
1379 1655
1379 1861
1379 1586
1379 1595
1379 1829
1379 1589
1380 1420
1380 1912
1380 1877
1380 1499
1380 2046
1380 1479
1380 2066
1380 1939
1380 2019
1380 1385
1380 1927
1380 2003
1381 1541
1381 1638
1381 1808
1381 1880
1381 1574
1381 1847
1382 1880
1383 1751
1384 1735
1384 1554
1384 1612
1384 1457
1385 1430
1385 2019
1386 1541
1389 1527
1389 1522
1389 1447
1390 1982
1390 1915
1391 2006
1392 1499
1392 1558
1392 1642
1392 1565
1392 1998
1392 1431
1392 2002
1392 1464
1392 2024
1392 1611
1392 1939
1392 1512
1392 1882
1392 2073
1392 1889
1392 1454
1392 1742
1392 1475
1393 1959
1393 1570
1393 1655
1394 1674
1394 1927
1394 1505
1394 2004
1395 1415
1395 1969
1396 2052
1397 1727
1398 1890
1398 1592
1399 1503
1399 1592
1399 1698
1399 1433
1400 1497
1400 1899
1401 1598
1401 1872
1401 1707
1401 1774
1401 1930
1402 1821
1404 1859
1404 1612
1405 1659
1405 1953
1406 2058
1406 1448
1407 1636
1407 2036
1407 2079
1410 1575
1410 2056
1413 1859
1413 1416
1413 1782
1413 1902
1414 1473
1415 1644
1415 2064
1416 1564
1416 1772
1416 1939
1416 1521
1418 1666
1418 1748
1418 1965
1419 1874
1420 2023
1420 1563
1420 1877
1421 2059
1421 1991
1421 1829
1422 1548
1423 1429
1423 1815
1424 1886
1424 1828
1424 1439
1425 1548
1425 1685
1425 1797
1425 1929
1427 1614
1427 1639
1427 1740
1427 1645
1427 1675
1427 1551
1427 1749
1427 1798
1427 1631
1427 1987
1427 1688
1427 1538
1427 1559
1427 1837
1427 1742
1427 2055
1427 1799
1427 1605
1427 1500
1427 1906
1427 1578
1427 1809
1427 2012
1427 1748
1427 2016
1427 1527
1427 1622
1427 2028
1427 1638
1427 1904
1427 1510
1427 1823
1427 2080
1429 1556
1429 2014
1429 1514
1430 1579
1431 2050
1431 1437
1432 1568
1433 2026
1433 1521
1434 1848
1434 1979
1434 1543
1434 2057
1434 1479
1436 1587
1436 2054
1436 1967
1437 1945
1437 1478
1438 1709
1439 1554
1439 1537
1439 1725
1439 1540
1439 1989
1440 1859
1440 2039
1440 1717
1441 1948
1441 1670
1441 2072
1442 1583
1442 1557
1442 1555
1442 1448
1443 1948
1443 1839
1444 1678
1444 1609
1445 1920
1445 1937
1445 2008
1445 1782
1446 1604
1446 1585
1446 1619
1446 1493
1447 1496
1448 1879
1448 1691
1448 1506
1448 2063
1448 1714
1448 1834
1448 1731
1448 1751
1448 1748
1448 1532
1448 1760
1448 1875
1448 1713
1448 1825
1448 1865
1448 1790
1448 1589
1448 1728
1448 1833
1448 1621
1448 1586
1448 1695
1448 1734
1448 1460
1448 1926
1448 1647
1448 1999
1448 1920
1448 1615
1448 2058
1448 1558
1448 2032
1449 1536
1449 1744
1449 1818
1449 1867
1449 1755
1449 1925
1449 1591
1450 2077
1450 1604
1451 1745
1452 2057
1452 1695
1452 1599
1452 2052
1452 2049
1452 1658
1452 2030
1452 1606
1452 1607
1452 1945
1452 1523
1453 1619
1453 1493
1454 1719
1454 1493
1455 1663
1455 1509
1456 1930
1457 1884
1458 1565
1459 1690
1459 1929
1459 1714
1460 1536
1460 1619
1462 2076
1462 1851
1462 1801
1462 1482
1463 1921
1463 1490
1464 1939
1464 1473
1464 2038
1465 1957
1465 1820
1466 1795
1467 1758
1467 1919
1467 2044
1468 1707
1468 1839
1468 1573
1469 1488
1469 1568
1469 1953
1469 1798
1469 1682
1470 1597
1470 1975
1470 1595
1470 1662
1471 1861
1471 2067
1471 1969
1472 1777
1472 1935
1473 2059
1473 1737
1473 1988
1473 1808
1474 1604
1474 1687
1475 1723
1475 2053
1475 2059
1475 1950
1475 1900
1475 1544
1475 1539
1475 1780
1476 1764
1477 1647
1477 1797
1477 1729
1478 1536
1480 1647
1480 1824
1481 1983
1481 1611
1482 1541
1482 1620
1483 1769
1483 1677
1483 1905
1483 1624
1485 1672
1485 1544
1485 1763
1486 1786
1486 2061
1486 2034
1487 1671
1487 1641
1487 1758
1487 1705
1488 2069
1488 1778
1489 2027
1489 1601
1489 1743
1489 2064
1489 1544
1489 1842
1491 1941
1492 1851
1492 2029
1492 1625
1493 1536
1493 1867
1493 1844
1493 1718
1493 2031
1493 1906
1493 1628
1493 1586
1495 2032
1495 2030
1496 1787
1496 1941
1497 1794
1498 1745
1499 2066
1499 2029
1500 1738
1501 1996
1501 1763
1502 2002
1502 1567
1502 1625
1505 1582
1505 1946
1505 1810
1505 1856
1505 1831
1506 1783
1506 1747
1506 1879
1506 1790
1506 1540
1506 1730
1507 1533
1507 2016
1507 1694
1508 1821
1509 1647
1509 1655
1511 1774
1511 1761
1512 2066
1512 1565
1513 2061
1514 1942
1516 2026
1517 1711
1518 1948
1519 1558
1519 1565
1519 1642
1519 1877
1520 1666
1520 1926
1521 1821
1522 1854
1522 1966
1522 1986
1522 1983
1523 1775
1523 2049
1523 1873
1523 1790
1523 1696
1524 1542
1524 2036
1526 1842
1527 1746
1527 1898
1528 1779
1528 1540
1529 2051
1529 2054
1529 1959
1529 1689
1529 1720
1529 1639
1529 2006
1530 2041
1531 1698
1532 1790
1532 1534
1532 1811
1532 1812
1532 2032
1533 1573
1534 1864
1534 1569
1535 1873
1536 1611
1536 1976
1536 1882
1536 1952
1536 1753
1536 1871
1536 1709
1536 1712
1536 1909
1536 1619
1536 1940
1536 2046
1536 1854
1536 2064
1536 1674
1536 1650
1536 2005
1538 1732
1538 1551
1538 1614
1539 1973
1539 1613
1540 1894
1540 1910
1540 1744
1540 1931
1540 1545
1541 1622
1541 1673
1541 1649
1541 1960
1541 1923
1542 2012
1542 1639
1542 1644
1543 1610
1543 1625
1543 1572
1544 2058
1544 1567
1544 1786
1545 1992
1545 1633
1546 1640
1546 1852
1547 1583
1547 2080
1547 1730
1547 1891
1548 2065
1549 1739
1549 1703
1550 1774
1550 2025
1551 1583
1552 1568
1552 1974
1552 2013
1553 1624
1553 1852
1553 1952
1553 2049
1554 1741
1554 1929
1554 1577
1555 1557
1558 1793
1558 2073
1559 1631
1559 1614
1559 1645
1560 1765
1561 2027
1564 2056
1564 1913
1564 1874
1565 2019
1565 1949
1565 1642
1565 2001
1565 1954
1565 1965
1565 1975
1565 1983
1565 1579
1565 2066
1565 1947
1565 1574
1565 2024
1565 1996
1565 1708
1565 1839
1565 1656
1565 1823
1565 1788
1565 1576
1566 1857
1567 1681
1567 1880
1567 1700
1567 2025
1568 2019
1569 1807
1569 1787
1570 1795
1570 1910
1570 2004
1570 2005
1570 1627
1570 1664
1570 1632
1571 1776
1571 1679
1571 1647
1572 1708
1572 1684
1572 1969
1573 2064
1573 1618
1574 1884
1574 1965
1575 1824
1576 1959
1576 1678
1576 1953
1577 2049
1578 1994
1580 1795
1581 1642
1582 2017
1582 1673
1582 1850
1582 1602
1583 1644
1584 2033
1585 1931
1585 1709
1585 1682
1586 1623
1586 1861
1587 2075
1587 2039
1587 1625
1587 1742
1587 1678
1590 1694
1590 1652
1590 1677
1591 1732
1591 1769
1591 1735
1591 1872
1592 1844
1592 1931
1592 2032
1593 1641
1593 1896
1593 1693
1593 1735
1594 1647
1594 2071
1595 1672
1595 1999
1595 1938
1595 1834
1595 1754
1595 1769
1596 2037
1596 1802
1596 1785
1596 1898
1596 1709
1596 2032
1597 1607
1598 1938
1598 1658
1599 1600
1599 1758
1599 2073
1600 1715
1600 1938
1600 1664
1600 1614
1601 1877
1602 1779
1602 2007
1602 1926
1603 1656
1603 1907
1603 1717
1604 1693
1604 1715
1605 1799
1605 2042
1605 1751
1605 1614
1606 2078
1606 1671
1606 1754
1606 1862
1607 1721
1607 1781
1608 1736
1608 1677
1608 1693
1609 1798
1610 1869
1610 1672
1611 1954
1611 1998
1612 1633
1613 1655
1613 1824
1614 1645
1614 1747
1614 2042
1614 1740
1614 1799
1614 1688
1614 1798
1614 1631
1614 1962
1614 1795
1614 2008
1615 1678
1615 1700
1616 1670
1616 1835
1616 1872
1616 1861
1617 1638
1617 2070
1617 1671
1617 1966
1617 1747
1618 1737
1619 2045
1619 1855
1619 1709
1619 1934
1619 1785
1619 2031
1619 2038
1619 1782
1619 2047
1619 1700
1621 1759
1621 1918
1621 1804
1622 1923
1623 1647
1623 2024
1624 1994
1624 1655
1624 1789
1625 1639
1625 1705
1625 1953
1625 1893
1627 1966
1629 1873
1630 1826
1630 1656
1631 2011
1632 1649
1633 1727
1634 1669
1634 1705
1634 1675
1635 1692
1635 1928
1635 1922
1635 1908
1635 1989
1635 1690
1636 1892
1636 1877
1636 1957
1638 1804
1638 1901
1638 1651
1638 1643
1638 1649
1639 1988
1640 2064
1641 1704
1641 1735
1641 1898
1642 1696
1643 1684
1643 1823
1643 1848
1644 2033
1644 2076
1644 1975
1644 2060
1645 1770
1645 1680
1647 1762
1647 1861
1647 1870
1647 1990
1650 2009
1651 1677
1651 1777
1652 1943
1652 1902
1652 1824
1652 1994
1652 1961
1653 2071
1653 1751
1654 1681
1655 2013
1655 2035
1656 1716
1659 1836
1660 1928
1660 1692
1661 1714
1661 1885
1661 2036
1662 1884
1662 2023
1663 1772
1664 1746
1664 1836
1665 1861
1665 1777
1667 2079
1668 1990
1668 1832
1669 1944
1669 1950
1670 1866
1671 1801
1672 1997
1672 1688
1672 1890
1673 1869
1675 2070
1675 1875
1677 1684
1677 1953
1678 1907
1678 1762
1678 1873
1678 1801
1680 1927
1680 1882
1680 2032
1681 1836
1681 1968
1682 1782
1683 1836
1684 1956
1685 1972
1686 1705
1687 1788
1687 1770
1689 1971
1690 1910
1690 2045
1690 1951
1690 2004
1690 1697
1690 1723
1691 2056
1691 1727
1691 1731
1692 1808
1692 1839
1693 1862
1693 1945
1693 1957
1693 1908
1693 1851
1693 1928
1693 2008
1693 1876
1696 1724
1697 1795
1699 2005
1699 1990
1700 1931
1704 1799
1705 1972
1706 1864
1706 1978
1709 1791
1709 1718
1710 1829
1710 1986
1710 1839
1711 1735
1711 1767
1711 1839
1711 2003
1712 1749
1713 1772
1714 1788
1714 1833
1714 1865
1714 1790
1716 1924
1716 1855
1716 1729
1717 1996
1718 1931
1719 1845
1719 1838
1720 1916
1720 1725
1720 1910
1720 1996
1721 2056
1721 1874
1721 2041
1722 1769
1724 1828
1724 2067
1726 1919
1728 1942
1728 1751
1728 1834
1731 2063
1731 1875
1731 1825
1731 1790
1731 1812
1732 1960
1735 1938
1735 1930
1735 1795
1735 1829
1736 1925
1737 2032
1738 1795
1738 1854
1738 1956
1738 1869
1742 1799
1743 1926
1744 1931
1744 2000
1744 1933
1744 1964
1744 1756
1744 2032
1746 1842
1747 1869
1748 1983
1748 1760
1750 1753
1750 1877
1751 2063
1752 1883
1753 1959
1754 1780
1754 1957
1757 1823
1764 2077
1764 1959
1767 1940
1767 1777
1768 1959
1768 1890
1769 1836
1769 1816
1771 1778
1773 1998
1773 1786
1774 2025
1774 1948
1777 1908
1777 1924
1777 1816
1778 1908
1782 1957
1782 2041
1783 2074
1786 2053
1788 2028
1789 2053
1789 1986
1790 1958
1791 1820
1793 2022
1793 2061
1794 1887
1795 2035
1796 1898
1801 1850
1803 1869
1803 1839
1804 2034
1804 1906
1806 1930
1806 1867
1807 1968
1808 1834
1810 2011
1811 2044
1813 1815
1814 2049
1815 1885
1815 1920
1815 1921
1815 1935
1815 1948
1816 1839
1816 1828
1820 1985
1821 1921
1821 2018
1822 2054
1823 1848
1824 1874
1824 1946
1826 1959
1827 2036
1827 2014
1828 2030
1829 2003
1830 1978
1830 1846
1833 1879
1834 2063
1834 1865
1836 1932
1836 1899
1836 1841
1836 1846
1837 1931
1838 1938
1838 1890
1839 1908
1839 1929
1839 1972
1839 1907
1840 1875
1841 1988
1841 1980
1842 1988
1842 1890
1842 1887
1843 1997
1843 1897
1844 2032
1844 2010
1845 1903
1846 1903
1849 1944
1849 2036
1851 2006
1854 1878
1854 2032
1855 1905
1856 2059
1857 1921
1857 1941
1859 2027
1860 1872
1861 1895
1861 1985
1863 2001
1864 2034
1864 1999
1865 1985
1865 1890
1869 1880
1871 1951
1873 1885
1873 2062
1873 2057
1874 1913
1877 1949
1877 1983
1879 2077
1880 2052
1880 1949
1885 1895
1885 1922
1885 1928
1885 1936
1888 1890
1889 1911
1889 2044
1889 2032
1890 1989
1890 2061
1898 2065
1898 2014
1898 2008
1900 2059
1902 2065
1904 1915
1905 2032
1909 2043
1909 1989
1909 2032
1910 1951
1910 2045
1918 1929
1920 1979
1927 2040
1931 2011
1931 2034
1933 1959
1933 2032
1936 2032
1945 2053
1946 2011
1947 1954
1948 2041
1948 2049
1949 2012
1951 2045
1952 2041
1953 1959
1955 2070
1956 2045
1957 1960
1959 1966
1959 2051
1959 2020
1959 2047
1971 2035
1974 1977
1980 2048
1981 2041
1989 1996
2002 2050
2005 2045
2012 2059
2013 2054
2013 2066
2014 2032
2019 2043
2025 2059
2032 2080
2046 2064
2047 2071
2047 2075
2049 2062
2053 2059
2064 2076
