0 625
0 267
0 835
0 1031
0 533
0 1705
0 1365
1 1788
1 398
1 1381
1 1110
1 1243
2 1220
2 197
2 1488
2 1615
2 1119
3 1234
3 124
4 568
4 1065
4 1772
4 1709
4 1434
4 721
4 1252
4 1187
5 1661
5 1604
5 966
5 1397
5 1712
5 1509
5 684
5 1062
5 47
5 262
5 968
6 598
6 1436
6 1360
6 1754
7 408
7 1926
7 1300
7 1142
8 1445
8 907
9 183
9 195
10 317
10 1364
11 532
11 738
11 1183
12 1284
12 1777
12 712
12 88
13 1298
13 1125
13 133
14 1375
14 341
14 901
14 211
14 1523
15 899
15 769
15 1040
15 1234
16 1523
16 341
16 51
16 1375
17 1422
17 400
17 1538
17 473
17 615
17 750
18 39
18 120
19 247
19 553
19 510
19 1450
19 1282
19 243
20 1797
20 782
20 441
21 1293
21 1100
21 551
21 836
22 212
22 1447
22 881
23 386
23 275
24 841
24 80
24 799
25 235
25 1103
25 1933
26 512
26 1176
26 608
26 594
27 1218
27 1716
27 472
27 1659
28 1426
28 1189
28 654
28 1492
29 922
29 1761
29 562
30 56
30 153
31 1679
31 1842
31 880
32 1665
32 1867
32 1972
32 213
32 220
33 1935
33 1168
33 946
33 1132
34 1284
34 1958
34 712
34 463
34 1777
35 669
35 802
36 1416
36 396
36 1497
36 1896
37 1218
37 1457
37 945
37 754
38 388
38 82
38 987
38 1802
39 929
39 1026
39 903
39 394
40 1441
40 1887
40 1509
40 47
41 393
41 1049
42 244
42 172
42 320
42 875
42 1716
42 1618
42 472
43 1933
43 407
43 531
43 67
43 1456
43 1714
44 1417
44 654
44 1426
44 278
45 389
45 1344
46 386
46 1920
46 1667
46 942
47 440
48 793
48 921
48 1888
48 1531
48 375
48 1099
49 644
49 675
49 1573
49 1465
50 1797
50 1323
51 341
51 1375
51 1784
51 411
51 828
51 201
52 556
52 731
52 1504
53 1265
53 384
53 275
53 942
54 1033
54 1682
54 657
54 1167
55 1492
55 1426
55 1879
55 543
55 886
56 666
56 184
56 271
56 1259
57 1592
57 582
57 1944
57 895
57 461
57 1845
57 1830
57 1550
57 1367
57 855
57 1687
58 1181
58 971
58 1158
58 613
59 1540
59 1862
60 158
60 249
60 257
60 1514
60 1257
61 1290
61 1801
61 852
61 584
62 507
62 1611
62 1369
63 133
63 940
63 963
63 1125
64 681
64 1591
64 519
65 1551
65 1933
65 1427
65 304
66 1713
66 826
66 1949
66 1166
66 661
66 177
66 810
66 1551
67 529
67 1933
67 407
67 173
68 1295
68 672
68 266
68 496
68 1011
69 1664
69 1805
69 1492
70 402
70 1181
70 1715
71 858
71 974
71 1589
71 1959
71 1680
71 928
71 724
71 1249
72 237
72 1122
72 1939
72 236
73 1291
73 1959
73 1694
73 804
74 671
74 757
74 1885
74 1318
74 803
74 1097
74 1501
74 632
74 1494
74 1305
74 840
74 1134
74 1515
75 1728
75 1260
75 1360
75 1370
75 1754
76 1975
76 832
76 1890
76 1930
77 1790
77 1408
78 251
78 265
79 119
79 636
80 198
80 1225
81 800
81 964
82 517
83 1293
83 1773
83 1800
83 1630
83 336
83 991
83 1396
83 1321
83 979
83 703
83 273
84 957
84 1205
85 712
85 1284
85 1512
86 1410
86 953
86 742
86 1786
87 1455
87 596
87 996
87 816
88 712
88 1777
89 585
89 1046
89 1008
89 736
90 1036
90 914
90 1699
90 1966
90 1859
90 1499
91 807
91 170
92 1556
92 885
92 484
92 1257
93 287
93 1188
93 101
93 1259
94 1477
94 727
94 1388
95 923
95 1642
95 1315
95 518
95 1554
95 1001
96 377
96 175
97 734
97 385
97 1023
97 1081
98 524
98 1429
98 234
99 1284
99 286
99 1084
99 712
99 1777
100 1247
100 1864
101 1943
102 413
102 1699
103 1676
103 1077
103 1545
104 1964
104 1974
105 1380
105 1720
105 107
105 1278
106 1347
106 1360
106 1624
107 418
107 378
108 1584
109 1428
109 1961
110 1571
110 1943
110 1807
110 1216
111 1147
111 875
111 273
112 1673
112 149
112 330
112 1104
112 937
112 1626
113 1176
113 136
114 518
114 782
115 268
115 836
116 339
116 455
116 1782
117 696
117 1010
118 1574
118 482
119 156
119 1628
119 1199
119 253
120 903
120 838
120 720
121 680
121 1591
121 1414
122 1434
122 691
123 273
123 1457
123 472
124 1234
125 275
125 1530
126 1446
126 222
126 1254
127 955
127 907
128 866
128 1103
128 896
128 301
128 546
128 245
128 434
128 660
128 1204
129 1055
129 1006
129 1086
130 675
130 1826
131 775
131 1757
131 220
131 371
132 1793
132 1577
132 1382
132 1905
133 1829
134 256
134 517
134 1758
134 1921
134 1308
134 164
134 1257
135 1284
135 502
135 1731
135 712
135 1512
136 1276
136 209
137 1007
137 1531
137 669
137 1820
137 585
137 1877
137 1699
138 1665
138 470
139 669
139 904
139 856
139 376
139 899
139 462
139 1366
139 1945
139 1309
139 401
139 199
140 1829
140 1530
140 1167
140 942
141 1285
141 211
142 292
142 816
143 1388
144 650
144 281
144 785
145 196
145 733
145 1263
146 1824
146 1942
146 1499
146 1612
147 300
147 312
147 1461
147 274
147 734
148 1853
148 150
148 417
148 1695
148 1313
148 446
148 1105
148 822
149 1487
149 216
149 927
149 599
150 1473
150 1657
150 744
150 818
150 1962
150 333
150 1695
150 886
150 1629
150 328
151 1411
151 1172
151 1301
151 1211
151 1119
152 328
152 600
152 1965
152 822
153 796
153 283
153 935
153 1216
154 1501
154 1885
154 1494
155 641
155 1559
155 1771
156 1536
156 1582
156 1750
156 253
156 707
156 398
156 1756
156 1199
157 179
157 1798
157 1382
158 513
158 1416
159 647
159 1804
159 1034
159 1798
159 1382
160 721
160 745
160 668
160 1022
161 1410
161 1085
161 953
161 353
161 742
162 1662
162 1925
162 876
163 257
163 1052
163 1896
164 1921
164 477
164 484
165 1049
165 1649
165 1326
165 737
166 1139
166 1248
167 1313
167 1915
167 550
167 1876
167 417
167 775
167 1106
168 1662
168 522
168 1408
169 1179
169 1802
169 1580
170 1161
170 1620
170 1470
170 1386
170 1209
170 749
171 1235
171 689
171 1617
171 212
172 941
172 558
172 969
173 1360
173 1933
173 1338
174 368
174 647
174 1382
174 639
175 1181
175 1031
175 928
175 267
175 978
175 251
176 1317
176 1145
176 1386
177 405
177 1814
178 1452
178 1327
178 656
178 1961
178 1422
178 758
179 539
179 681
179 444
179 1595
179 1478
179 804
179 393
179 433
179 1215
179 740
179 833
179 706
180 801
180 817
180 1848
180 201
180 1129
181 739
181 636
181 1750
181 1763
182 1686
182 995
182 1241
183 439
184 287
184 271
184 1259
184 248
185 1602
185 1534
185 924
185 1373
185 365
186 1811
186 493
187 428
187 1197
187 691
188 822
188 1473
188 1332
188 1463
188 1953
189 1374
189 1608
190 1699
190 413
190 1499
191 1685
191 1307
192 631
192 1086
192 1101
193 1211
193 1615
193 197
193 1119
193 1935
194 847
194 924
194 1018
195 1456
195 1483
196 1701
197 1615
197 1119
198 1159
198 1000
198 704
198 1140
198 995
198 1914
198 1408
199 904
199 1040
199 899
200 1791
200 352
201 1192
201 430
201 465
201 223
202 1408
202 359
202 876
203 1935
203 405
203 1813
203 1852
203 1510
203 1638
204 1410
204 662
204 1117
205 1762
205 1401
205 1907
206 1963
206 1025
207 1797
207 1448
207 1506
207 355
207 1379
207 1002
207 761
208 1026
208 838
208 977
208 1892
208 871
209 1960
209 1276
210 800
210 676
210 322
210 1725
210 337
210 1599
210 905
210 1594
210 1528
212 1447
212 687
212 881
212 1580
212 689
212 1802
212 763
212 819
212 1617
212 349
212 1826
212 1415
213 1946
213 1811
213 493
213 1748
213 876
214 1546
214 421
214 423
214 473
215 1225
215 1274
215 1399
216 1465
217 1543
217 1687
217 270
218 1599
218 515
218 1284
219 1966
219 1917
219 1410
220 900
220 872
220 1665
220 775
220 1116
220 1757
220 547
220 948
221 1843
221 1717
222 1787
223 1192
223 1847
224 1408
224 1702
224 1250
225 935
225 1511
225 1259
226 391
226 520
226 1419
226 1961
227 1143
227 556
228 1418
228 1759
229 1789
229 1055
230 773
230 1454
230 1662
231 1126
231 1505
231 1707
231 526
231 459
231 997
231 637
232 646
232 985
233 1416
233 1289
233 396
233 1896
234 1451
235 1806
235 1450
235 491
235 435
236 1035
236 795
236 1308
236 1536
237 1122
237 1013
238 771
238 1325
238 1204
238 702
238 1446
238 332
238 1969
238 254
238 1080
238 1416
239 257
239 1416
239 1058
239 1896
240 396
240 1954
240 1896
241 422
241 1245
241 1437
242 929
242 1225
243 560
243 491
244 1716
245 1537
246 1699
246 1966
246 1794
247 553
247 422
248 1271
248 1539
248 925
248 1542
248 436
248 761
249 1954
249 1497
250 1866
250 458
250 907
250 1976
250 1777
251 1705
251 884
251 1031
251 1233
251 764
251 1072
251 1365
251 1544
251 377
251 1503
251 1207
251 1361
251 1598
251 692
252 295
252 964
252 618
253 707
254 329
254 1560
254 1230
255 933
255 807
255 1076
255 429
256 1378
256 1163
256 484
257 1058
257 1052
257 1896
258 1412
258 371
259 1048
259 1605
259 1754
260 772
260 1749
260 1129
260 1893
261 510
261 1148
261 1806
262 297
262 1444
262 1333
262 956
262 1090
263 1737
263 672
263 1011
264 351
264 852
264 1059
264 591
265 847
265 631
266 374
267 1598
268 1795
268 806
268 1880
268 1100
268 918
269 1927
269 1303
269 1680
269 290
269 1255
270 397
270 1937
270 1359
270 1857
270 1688
270 1543
270 674
270 1957
270 580
270 1874
270 289
270 1560
271 679
271 313
271 1807
271 1571
272 781
272 692
272 716
273 1213
273 1716
273 754
273 1659
273 1723
273 941
273 959
274 650
274 281
274 1808
274 690
274 734
275 1667
275 1799
275 1920
275 1033
275 1530
275 1563
275 824
275 1230
275 815
275 942
276 1165
276 1240
276 1494
277 1711
277 638
278 1805
279 1015
279 1034
279 1382
280 611
280 1908
281 785
281 723
281 734
282 1027
282 951
283 665
283 1807
283 1511
283 1111
283 1259
284 1024
284 1554
285 1507
285 970
285 1333
286 1284
286 1292
286 712
286 983
286 1512
287 1943
287 796
287 1571
287 1259
288 560
288 894
288 553
289 499
290 1589
290 365
290 578
290 508
291 399
291 1066
292 1792
292 1455
292 490
293 1467
293 762
294 1543
294 1196
295 798
295 812
295 1356
295 354
295 999
296 1672
296 1296
296 1940
297 1755
297 1341
297 843
298 548
298 1491
299 577
299 1858
299 956
300 785
300 734
301 784
302 395
302 379
302 640
302 1465
303 785
303 1808
303 734
303 1909
304 1085
304 1933
304 407
304 1551
304 1338
304 529
304 1755
304 1714
305 1453
305 1192
305 634
305 948
305 1129
306 317
306 1456
306 1294
306 324
306 1494
307 768
307 1174
307 1593
307 1090
307 709
307 1626
307 381
308 774
308 1221
308 850
308 1214
308 1105
308 735
309 1175
309 1307
309 1393
309 1884
309 569
310 1316
310 1146
310 320
311 902
311 1036
311 914
311 1938
311 918
311 1699
311 1499
312 785
312 1461
313 1807
313 1439
313 1571
313 1259
314 1550
314 667
314 1508
314 582
314 860
315 1673
315 786
315 1171
315 599
315 1369
316 1705
316 1233
316 1598
316 574
317 1456
317 832
318 1818
318 934
318 1341
319 1930
319 1350
319 832
321 620
321 1211
321 343
322 1725
322 340
323 1106
323 418
323 528
324 1930
324 849
324 1498
325 1935
325 659
325 976
326 439
326 1900
327 881
327 1012
327 346
328 417
329 1600
329 460
329 622
329 440
329 1223
330 1224
330 715
331 615
331 682
331 1345
331 594
332 1204
332 1446
332 1089
332 1969
332 1689
332 702
332 1191
332 450
332 1787
333 670
333 1186
333 1965
334 832
334 701
334 1117
335 1070
335 697
335 1479
335 1451
336 703
336 893
337 1599
337 680
337 725
338 1410
338 953
338 464
338 1840
339 1096
340 676
341 830
342 1028
342 1620
342 820
342 1405
343 1211
343 689
344 571
344 500
345 1615
345 1211
345 1119
346 650
346 819
346 957
347 1544
347 1207
347 625
347 1776
348 1159
348 1739
348 1891
349 1154
349 1802
350 1421
350 1436
350 1754
351 1846
351 1349
351 1377
351 514
351 780
352 1306
353 1840
354 635
355 1271
356 800
356 999
357 1830
357 582
358 1668
358 1331
358 366
359 1408
359 1255
359 876
360 425
360 866
361 1164
361 962
361 1092
361 1494
362 911
362 777
363 1083
363 1443
363 1685
364 423
364 1422
364 1518
365 858
366 1700
366 804
367 675
367 1482
367 1772
367 1709
367 380
367 1656
368 521
369 792
369 564
369 1002
370 800
370 1763
370 1247
371 1748
372 1096
372 934
372 843
373 1937
373 950
373 1683
373 1245
374 842
374 1011
375 645
375 1420
375 669
375 1951
375 585
376 1499
376 1237
377 844
377 1365
377 1361
378 1713
379 1474
380 786
380 1487
380 599
381 557
381 1090
382 888
382 725
383 1312
383 1505
384 942
384 657
385 1078
385 1409
385 907
385 1396
385 1003
386 960
386 1799
386 1920
386 942
387 1564
387 542
387 1677
387 834
388 1405
388 1758
388 1107
389 1344
390 1540
390 978
391 1474
391 1961
391 1327
392 1282
392 1790
392 1662
392 1454
392 1775
392 1196
392 522
392 1702
392 1255
392 876
393 1668
393 1815
393 1354
393 1836
394 1232
394 1892
394 1859
394 1026
394 1872
394 1883
394 720
394 651
394 1893
395 693
395 1027
395 675
395 1063
395 951
396 1416
396 1896
397 950
397 877
397 1566
398 1130
399 1779
399 1119
400 1099
400 1178
400 986
400 423
401 1921
401 484
401 1257
402 1088
402 1158
402 1342
402 952
402 1406
403 1417
403 651
403 1268
403 1865
404 1181
404 1894
404 1493
404 1391
405 776
405 1935
406 631
406 466
407 1933
407 663
407 1427
407 1118
407 1340
408 1926
408 1971
408 1603
408 1142
409 1675
409 1917
409 1699
410 734
410 771
411 646
411 973
411 1389
412 1557
412 467
413 1339
413 1699
413 1966
414 954
414 648
414 1933
414 1623
415 535
415 1077
415 1782
415 1458
415 696
415 1096
415 850
416 1242
416 527
416 929
417 1348
417 1313
417 432
419 1413
419 1049
419 681
420 1167
420 824
420 657
420 815
421 1549
422 1541
422 1688
422 580
422 499
422 655
422 1359
422 1437
422 1054
422 480
422 870
422 1156
422 1869
422 451
422 1937
422 877
422 1543
422 1683
422 1532
422 1041
422 435
422 989
422 950
423 860
423 869
423 495
424 1945
424 719
424 1932
424 1071
424 1234
425 1477
425 727
425 1515
425 467
425 1277
426 1948
426 1955
426 1875
427 795
427 1308
427 1122
428 1187
428 1772
429 1698
429 1500
429 1346
429 1405
430 1050
430 817
430 758
431 1119
431 1569
432 886
433 1668
433 1442
434 784
434 1557
435 894
435 1690
436 1663
436 611
436 1506
436 1271
436 1480
437 928
437 1583
437 884
438 907
438 1527
439 1364
439 1900
439 1265
439 577
439 832
439 482
440 460
441 782
441 1642
442 937
442 933
442 1346
443 1594
443 1881
443 673
443 1599
444 1668
445 822
445 1962
446 1953
447 1410
447 1085
447 1597
448 710
448 616
448 494
448 712
449 622
449 1194
450 1954
450 1793
450 1803
450 1513
451 1683
452 1435
452 799
453 642
453 1549
453 1861
454 1070
454 1330
455 1214
455 572
455 850
455 851
455 729
456 1222
456 504
457 1543
457 1437
457 1566
457 870
458 1279
458 955
458 1475
458 1976
459 1153
459 1321
459 1630
460 1064
460 958
461 1486
462 1932
463 1284
463 712
463 515
463 1084
463 725
463 988
464 1840
464 1094
464 605
465 554
466 924
467 896
467 784
467 1692
468 838
468 977
468 1121
469 1802
470 937
470 889
470 876
471 1581
471 1875
471 970
471 936
472 1457
472 959
472 1539
472 759
472 1146
473 1738
473 1538
473 523
473 1970
473 642
473 1732
473 1178
473 813
473 750
473 1518
474 517
474 1378
474 484
475 1668
475 1331
475 478
476 1789
476 1977
476 1018
477 1921
477 1743
477 1378
478 1700
478 740
479 1302
479 1360
479 1855
479 1754
480 1937
481 913
481 683
482 832
482 1350
482 1265
483 595
483 1625
483 1754
484 1107
484 1163
484 1556
484 1921
484 1911
484 987
484 605
485 1734
485 1360
485 598
485 1754
486 729
486 1077
486 705
487 1935
487 1380
488 1278
488 662
488 701
489 737
489 1533
489 1326
489 1132
490 865
490 1151
491 1471
491 1445
491 894
492 1159
492 1541
492 1335
492 1739
493 1706
493 1972
493 1933
494 1165
494 1821
494 1494
495 642
495 1546
495 1518
496 1837
496 1011
497 1834
497 1579
497 1334
497 709
497 1349
498 533
498 844
498 1598
498 1361
498 927
499 1678
500 1000
501 1541
501 1352
501 1159
501 1140
501 694
502 1284
502 712
503 776
504 551
505 1877
505 1281
506 1783
506 967
507 715
508 1291
508 1616
508 724
508 1959
508 799
508 692
508 1175
509 1727
509 1767
510 1053
510 1471
511 943
511 808
512 1960
512 1819
512 1202
512 1968
512 1718
513 1954
513 1896
513 1402
514 1322
514 1069
514 1579
514 1846
514 1090
515 619
515 1731
515 892
515 1269
515 1284
515 712
516 1431
516 1690
517 1765
518 1179
518 1797
518 1307
518 1817
518 593
518 1023
519 1767
519 905
520 1452
520 916
520 758
520 1545
520 1419
520 1127
520 1889
520 862
520 656
520 1038
520 1327
520 919
520 608
520 1950
521 1169
521 1559
522 1408
522 1255
523 642
523 1178
523 615
523 1247
524 1269
524 1001
525 1939
525 1021
526 1952
526 1561
526 1679
526 1170
527 1242
527 913
528 1588
528 1380
528 1935
528 1362
529 1828
529 1623
529 1933
530 1153
530 1800
530 1618
530 1321
531 648
531 1933
531 1118
531 1502
532 1524
532 738
533 1776
534 790
534 1877
534 1820
534 585
535 774
535 1096
536 1353
536 762
537 736
537 1396
537 1321
537 703
538 751
538 1109
539 1049
540 1426
540 1417
540 543
541 1558
541 1956
543 1426
543 1865
544 1331
544 706
544 1700
545 734
546 1515
547 1946
547 872
547 1748
547 1665
548 1934
548 940
549 1571
549 1783
549 1398
550 886
550 818
551 1100
551 1621
551 576
551 1205
552 1159
552 1541
552 1809
552 1719
553 1584
554 1810
554 1863
554 634
554 1453
554 563
554 743
555 1479
555 1451
556 1514
556 1854
557 1924
557 909
557 1770
557 709
558 1228
559 1685
559 1343
560 1806
560 1584
560 1499
561 1536
561 1141
561 1628
562 678
563 1050
563 801
563 989
563 1357
564 1539
565 569
565 1177
566 914
566 1699
566 688
566 1966
566 1499
567 1425
567 1826
567 1777
568 691
568 981
570 880
570 1252
571 1102
571 1541
571 1485
571 1888
571 1241
572 1648
572 1963
573 607
573 1719
573 995
573 730
574 1705
575 800
575 678
575 1247
576 1699
576 1796
577 797
577 1818
577 1955
578 1212
578 777
578 781
578 911
578 799
578 1947
578 1363
578 1927
578 660
579 1076
579 1612
579 1698
579 1464
579 1120
579 704
580 1688
581 691
581 1956
581 1772
582 932
582 1592
582 1404
582 867
582 1367
582 855
582 1550
582 1830
582 980
583 1390
583 1236
583 1083
583 1259
584 1290
585 669
585 1888
585 1781
585 645
586 1181
586 1340
587 1662
587 1790
587 1925
588 1347
588 1260
588 598
588 1728
588 1360
588 1754
589 1834
589 709
589 1823
589 1696
589 1244
589 780
589 756
589 1558
589 1637
590 884
590 844
591 939
592 1229
592 855
593 1443
595 1370
595 1754
596 1045
596 857
596 996
596 816
596 1753
596 1128
597 666
597 1571
597 685
598 1360
598 1139
598 1754
599 1224
599 1751
600 1965
600 1915
601 938
601 1204
602 1360
603 673
603 1725
604 791
604 794
604 636
605 662
605 1786
606 1306
606 1894
606 806
606 1791
607 704
607 1739
607 1241
608 714
608 1960
609 804
610 1484
610 722
610 1384
610 1011
611 1480
612 985
612 973
612 1138
613 1181
613 992
613 1406
613 774
614 771
614 1204
615 649
615 1549
615 1732
615 1861
615 642
615 1538
615 1529
616 1822
616 1318
616 1575
617 1181
617 1903
617 676
618 1610
618 1763
619 876
619 1284
619 712
620 1411
620 1119
621 1626
621 1115
622 1600
622 1397
623 1119
623 746
624 647
624 1559
624 825
624 1382
625 764
626 1288
626 925
626 1480
627 1420
627 1820
627 1631
627 1400
628 672
628 1484
628 1910
629 795
629 1569
629 805
630 1336
630 838
631 1055
632 1318
633 1957
633 1449
633 655
634 1050
634 1129
635 800
636 1243
636 1788
636 881
637 1170
637 1952
638 823
639 1034
639 1015
640 1425
640 693
640 951
641 1577
641 647
642 860
643 1767
643 1613
643 718
644 1918
644 1826
645 926
645 1007
646 973
646 1784
647 1267
647 1362
647 1382
648 1933
649 863
649 1970
649 1371
650 1650
650 690
650 1808
651 1739
651 654
651 1311
651 1879
651 1526
651 1805
651 1426
651 1973
652 793
652 732
652 1951
652 1068
652 669
652 1820
653 1844
653 1290
653 1940
654 1426
654 1268
655 1415
655 1857
655 1054
656 1038
656 1961
657 1667
657 960
658 785
658 1808
658 1461
659 1588
659 1720
660 1277
661 1039
661 1814
662 1085
663 1933
663 954
664 1426
664 1492
665 1511
665 811
665 1188
666 1639
666 1259
667 1550
667 1407
667 1486
667 1508
668 1656
668 745
668 1083
668 691
669 790
669 793
669 1400
669 1820
669 1113
669 1531
669 921
669 1631
669 1888
669 1068
670 818
670 1320
671 757
671 1318
671 821
671 1092
671 1494
672 1901
672 1384
672 798
672 1837
673 1881
673 905
673 676
673 1613
674 1041
674 1683
674 1957
675 1573
675 1826
675 1474
676 1613
677 1159
677 1694
678 800
678 1356
678 878
678 1280
678 692
678 812
678 845
679 1571
679 685
680 1206
680 1599
681 1668
681 1331
681 1114
681 837
681 833
682 1345
682 1730
682 1968
683 1670
683 929
683 1225
683 1655
684 1600
685 1898
685 1074
685 1216
686 1810
686 1848
686 1129
687 819
688 1157
688 914
688 1938
688 1699
688 846
688 760
688 751
688 1966
689 1802
689 1831
689 1355
691 1835
691 1693
691 1082
691 1956
691 721
691 722
691 1772
692 777
693 1674
693 1474
694 1930
694 832
694 1364
695 1406
695 1357
696 1963
696 1214
696 1105
697 1208
697 1149
698 1810
698 817
699 1446
699 943
699 1787
700 1923
700 1160
700 955
700 1395
702 1254
702 897
702 1472
703 1046
703 1495
703 1641
703 893
704 1686
704 1485
704 730
704 1665
704 1914
705 774
705 1633
705 1019
705 1010
706 1668
706 1382
708 1051
708 1368
709 1579
709 1430
709 1056
709 1924
709 1841
709 887
709 1244
709 1297
709 1784
710 931
710 1016
711 1795
711 1293
711 1391
712 1084
712 1565
712 892
712 1292
712 1777
712 1512
712 854
712 1722
712 1958
712 1284
712 983
712 988
712 1137
712 1719
712 1939
713 1008
713 1618
713 1641
714 1553
714 1176
715 1171
715 1673
715 1652
716 831
716 799
717 817
717 948
717 1749
718 1769
718 1645
719 1366
721 1966
721 1190
721 1772
721 1656
722 1314
723 1219
724 1032
725 1727
726 1929
726 1736
726 1112
726 1649
727 1537
728 1413
728 1668
728 1049
729 850
730 1159
731 1802
732 793
732 1068
733 1817
734 785
734 1808
734 1219
735 788
735 1123
736 991
737 1736
737 1649
737 1525
737 1256
737 1112
737 1902
737 946
737 890
737 1524
738 1603
739 791
739 1832
739 1724
740 1668
740 804
741 1745
741 1612
743 1691
743 1847
744 1348
746 848
746 1119
747 1411
747 1119
748 1408
748 1409
748 1023
749 1470
750 986
751 1535
751 1792
751 1231
752 1408
752 1251
752 1255
752 876
752 1775
753 800
753 1864
753 1740
754 1316
754 1218
754 1284
755 901
755 1816
755 1227
755 1138
756 1287
756 1115
757 829
758 1646
758 1889
758 1961
758 1038
758 1438
759 1457
759 1228
760 1699
760 1394
762 785
762 770
762 787
762 1548
762 1353
762 1759
762 1513
762 1585
763 1012
764 1544
765 1606
765 1848
765 1906
765 817
766 972
766 1932
766 1945
766 1870
766 856
766 1309
766 1071
766 1719
767 1414
767 907
767 1023
767 1160
767 1279
767 1501
767 1081
768 1297
768 1287
768 1626
768 1637
769 1004
769 1237
769 1009
770 1759
770 859
770 1513
770 1793
770 1812
770 1548
770 874
770 1353
770 909
770 1418
770 1803
771 1560
771 1080
771 938
771 1230
772 1906
772 1129
772 1863
772 1833
773 1790
773 1408
773 876
773 1555
773 1255
774 1096
774 1077
776 1039
776 1935
777 1131
777 911
777 1974
778 1159
778 1289
778 1954
778 1896
779 1541
779 1914
780 1244
780 1585
780 1262
780 1823
780 1593
781 1291
781 1423
781 1363
782 1393
782 1307
782 1179
782 1443
783 1457
783 1283
783 910
783 914
783 1173
783 930
783 1699
783 1499
784 1692
784 896
785 1461
785 1931
785 1219
785 1650
785 1444
785 1808
785 1284
786 1673
786 1611
786 1073
786 1171
786 1104
787 1548
787 1878
787 1353
787 1467
787 1922
787 1443
788 1019
788 1221
789 1746
789 1634
789 1433
789 1499
790 912
791 1243
792 1271
792 1379
792 1632
793 1068
793 1883
793 921
793 1820
794 1536
794 1750
795 1569
797 1507
797 1955
797 936
798 878
798 1610
798 800
799 1032
799 1760
800 922
800 1368
800 1590
800 964
800 1864
800 1317
800 1459
800 1051
800 1761
800 1903
800 1061
800 1740
801 1129
802 1776
802 1120
802 1578
802 1698
803 1494
803 1305
803 984
804 1668
804 1568
804 1135
805 1562
805 1643
806 1791
806 1621
807 820
807 1612
807 1745
808 1230
808 1827
808 943
808 1851
809 1761
809 839
809 1610
810 1949
810 1182
810 1510
811 1571
811 1259
813 1930
813 832
814 835
814 1544
814 1583
814 1776
814 1579
816 1045
817 1453
817 1012
817 1129
819 1742
819 1617
820 1161
820 1468
820 1745
821 1185
821 1057
821 1494
822 1320
822 1657
822 1186
822 1876
822 1106
822 1313
822 1853
822 921
823 1473
823 1126
825 1169
826 1949
826 1935
827 1434
827 1956
827 1482
828 1816
829 1097
829 962
830 1285
831 1680
832 1699
832 1930
832 1574
832 1350
832 1607
832 1177
833 1668
833 1049
834 1677
835 1207
836 1222
837 1668
838 1232
838 1872
838 1893
838 871
838 1286
838 977
838 1387
838 1704
839 1051
840 984
840 1016
841 1947
841 883
842 1669
844 1705
845 878
846 1259
846 1699
846 1499
847 1489
848 1301
848 1119
849 1294
851 1963
852 1059
853 1935
853 1720
854 1284
855 1830
856 1234
856 904
857 996
858 1291
858 1131
859 1803
860 1856
860 1732
861 1324
862 1424
862 1438
862 1961
862 1452
862 1919
863 1549
863 1732
864 1358
864 1318
865 1045
865 1231
866 933
866 1537
867 1404
867 1486
867 1845
867 1830
867 1585
868 1049
868 1568
869 1856
869 1738
869 1099
869 1246
870 1678
873 1028
873 1698
874 1552
875 1659
876 1408
876 1925
876 1775
876 1662
876 1790
876 1250
876 1654
879 1943
879 1439
880 1170
881 1580
882 1295
882 1910
883 1760
883 1291
885 1163
887 1090
888 1613
889 984
890 1169
890 1382
891 1328
891 958
892 1284
892 1565
893 1153
895 1229
895 1404
895 1095
895 1845
896 1537
896 1477
897 1325
897 1969
897 1689
897 1191
897 1466
898 1703
898 1839
898 1330
899 1309
899 1071
900 1116
900 1946
901 1285
901 1372
901 906
902 1157
902 1272
902 910
902 1699
903 1286
903 977
904 1020
904 1234
905 1591
905 1725
906 1383
906 1389
907 1528
907 1081
907 1409
908 1023
908 1866
909 1846
909 1090
910 1283
910 1440
910 914
910 1699
910 1966
911 1959
911 1291
911 953
912 1129
912 1420
912 1781
912 1396
913 1108
914 1917
914 930
914 1824
914 1675
914 1671
914 1699
914 1499
915 1037
915 963
916 1536
916 1545
916 1193
916 1961
917 1300
917 1564
918 1938
918 1699
919 1038
920 1695
920 1332
920 1106
921 1081
922 1051
923 1175
923 1236
923 1315
924 1862
924 1006
924 975
925 1632
925 1310
925 1002
926 1820
928 1031
929 1225
929 1139
930 1917
931 1741
931 1376
932 1014
932 1095
933 1500
933 1468
933 1093
933 1733
934 1337
936 1587
937 1339
937 1811
937 1757
938 1827
938 1868
939 1281
940 1934
940 1177
942 1920
942 1563
942 1799
942 1936
942 1253
943 1787
943 947
944 1822
944 984
944 1494
945 1457
945 1967
946 1902
947 1560
947 1472
948 1906
948 1129
949 1405
949 1470
950 1196
950 1590
951 1465
952 1181
952 1903
952 1342
952 993
953 1410
953 1840
953 1094
953 1098
954 1933
954 1623
956 1950
956 1507
956 1875
956 996
957 1012
958 1978
958 1600
959 1457
961 1405
961 1209
961 1067
962 1134
962 1240
962 1058
965 1345
965 1410
966 1570
966 1062
967 1783
967 1926
967 1522
967 1142
967 1049
968 1604
968 1223
968 1887
969 1316
969 1440
970 1333
971 1181
971 1340
971 1619
972 1932
972 1870
972 1234
974 1029
974 1212
975 1534
976 1935
979 1396
979 1630
980 1928
980 1696
981 1441
981 1264
981 1780
981 1082
981 1772
981 1956
981 1190
981 1482
981 1835
981 991
982 1795
982 1293
983 1284
983 1292
984 1376
986 1738
986 1371
987 1556
987 1921
990 1728
990 1360
990 1754
990 1273
992 1181
992 1895
993 1668
993 1836
994 1374
994 1447
994 1831
996 1151
996 1455
996 1307
997 1170
997 1469
998 1913
998 1467
1000 1159
1000 1241
1001 1542
1001 1310
1001 1663
1001 1002
1002 1539
1002 1271
1002 1542
1002 1310
1002 1506
1002 1629
1003 1078
1004 1234
1005 1380
1005 1713
1006 1644
1009 1234
1009 1932
1009 1040
1009 1020
1009 1906
1011 1496
1011 1837
1011 1910
1011 1384
1011 1322
1013 1562
1014 1550
1014 1944
1014 1830
1014 1486
1017 1710
1017 1085
1018 1540
1019 1025
1021 1562
1022 1656
1023 1414
1023 1081
1023 1238
1023 1528
1023 1160
1024 1701
1024 1884
1025 1458
1026 1892
1026 1121
1026 1232
1026 1392
1027 1850
1027 1465
1028 1464
1028 1698
1028 1468
1028 1076
1029 1760
1029 1680
1029 1896
1030 1942
1030 1060
1030 1938
1030 1699
1031 1072
1032 1435
1032 1680
1033 1936
1034 1382
1034 1771
1034 1905
1035 1643
1035 1344
1036 1339
1036 1433
1036 1699
1036 1966
1036 1499
1037 1177
1037 1162
1038 1127
1039 1253
1040 1870
1041 1156
1041 1678
1042 1649
1042 1168
1043 1182
1043 1516
1044 1499
1044 1298
1044 1829
1044 1704
1045 1231
1045 1455
1046 1618
1046 1773
1047 1157
1047 1499
1047 1699
1047 1966
1048 1855
1049 1413
1049 1114
1049 1403
1049 1668
1049 1815
1049 1568
1049 1478
1049 1442
1049 1135
1049 1354
1051 1317
1052 1514
1052 1416
1052 1896
1053 1806
1053 1584
1054 1543
1054 1687
1055 1489
1056 1430
1056 1115
1057 1164
1057 1821
1057 1833
1058 1954
1058 1896
1059 1290
1060 1938
1060 1699
1060 1966
1060 1499
1061 1459
1061 1763
1062 1712
1063 1826
1064 1441
1064 1194
1065 1780
1065 1772
1066 1119
1067 1161
1067 1578
1068 1735
1068 1781
1068 1634
1069 1174
1069 1928
1069 1297
1069 1334
1069 1888
1070 1479
1071 1932
1072 1596
1073 1938
1073 1831
1074 1188
1075 1331
1075 1442
1079 1574
1079 1195
1080 1466
1080 1868
1081 1414
1081 1528
1081 1923
1081 1866
1081 1395
1082 1498
1082 1772
1083 1200
1083 1390
1084 1284
1085 1417
1086 1534
1087 1791
1087 1100
1088 1681
1088 1181
1089 1466
1089 1868
1090 1696
1090 1115
1090 1647
1090 1297
1090 1834
1090 1626
1091 1657
1091 1463
1093 1161
1094 1410
1095 1550
1095 1367
1096 1152
1097 1575
1097 1698
1098 1293
1098 1222
1098 1621
1099 1538
1099 1970
1100 1293
1100 1621
1100 1880
1102 1159
1102 1241
1102 1921
1103 1692
1104 1487
1106 1876
1107 1758
1108 1670
1110 1217
1111 1807
1111 1511
1112 1183
1113 1531
1114 1668
1114 1319
1115 1754
1115 1195
1118 1933
1118 1660
1119 1768
1119 1172
1119 1301
1119 1825
1119 1899
1119 1220
1119 1609
1120 1209
1120 1733
1123 1676
1124 1483
1124 1498
1128 1151
1129 1453
1129 1460
1129 1863
1129 1810
1129 1752
1129 1906
1129 1847
1129 1166
1130 1614
1130 1536
1130 1243
1132 1533
1132 1929
1133 1158
1133 1181
1133 1210
1133 1476
1133 1619
1133 1406
1134 1494
1134 1501
1134 1358
1134 1164
1134 1516
1135 1668
1136 1713
1136 1362
1137 1284
1140 1485
1141 1536
1141 1199
1142 1783
1143 1230
1143 1580
1143 1504
1144 1498
1144 1607
1145 1247
1147 1457
1148 1431
1149 1208
1149 1668
1150 1181
1150 1677
1152 1633
1153 1396
1154 1608
1155 1797
1155 1200
1156 1449
1156 1937
1157 1521
1157 1699
1157 1966
1157 1499
1158 1239
1158 1181
1159 1739
1159 1627
1159 1352
1159 1891
1160 1923
1160 1976
1160 1475
1161 1405
1162 1491
1162 1177
1162 1829
1163 1921
1164 1358
1165 1494
1166 1814
1166 1182
1167 1799
1168 1533
1168 1929
1168 1326
1168 1766
1168 1256
1169 1798
1169 1382
1170 1312
1171 1751
1171 1482
1172 1899
1173 1938
1173 1675
1173 1440
1173 1699
1173 1499
1174 1928
1174 1834
1174 1626
1175 1671
1176 1276
1176 1345
1176 1718
1176 1787
1177 1298
1179 1584
1179 1671
1179 1323
1179 1726
1180 1933
1180 1502
1180 1753
1181 1681
1181 1526
1181 1342
1181 1340
1181 1785
1181 1406
1181 1239
1181 1895
1181 1715
1181 1210
1181 1261
1181 1903
1181 1774
1181 1519
1181 1962
1183 1201
1184 1399
1185 1494
1185 1240
1186 1962
1186 1320
1188 1259
1189 1973
1189 1865
1190 1434
1190 1572
1191 1230
1191 1787
1193 1961
1195 1890
1195 1265
1195 1498
1197 1803
1197 1567
1198 1417
1198 1492
1198 1865
1199 1381
1200 1263
1200 1726
1201 1326
1201 1649
1202 1553
1202 1730
1203 1432
1203 1696
1205 1355
1206 1594
1206 1591
1208 1703
1209 1464
1209 1468
1211 1768
1211 1615
1212 1964
1212 1249
1213 1415
1213 1967
1215 1319
1217 1614
1219 1750
1220 1351
1222 1796
1223 1570
1223 1661
1224 1673
1225 1764
1225 1744
1225 1670
1226 1912
1226 1897
1227 1941
1227 1523
1228 1658
1229 1407
1230 1560
1230 1653
1230 1868
1231 1873
1232 1872
1233 1583
1233 1776
1234 1945
1234 1932
1234 1237
1234 1473
1235 1617
1237 1309
1238 1923
1239 1715
1240 1494
1240 1597
1242 1670
1242 1764
1243 1788
1245 1437
1245 1687
1246 1401
1246 1762
1247 1763
1248 1274
1250 1408
1251 1255
1252 1762
1254 1689
1255 1615
1255 1790
1255 1454
1255 1555
1257 1911
1258 1849
1258 1753
1258 1551
1259 1439
1259 1943
1259 1807
1259 1898
1260 1605
1260 1426
1261 1715
1261 1406
1262 1430
1263 1323
1264 1434
1265 1456
1266 1933
1266 1623
1267 1905
1269 1839
1269 1717
1270 1280
1270 1520
1271 1506
1271 1299
1272 1794
1272 1966
1273 1605
1275 1505
1275 1636
1275 1401
1278 1778
1278 1588
1278 1516
1279 1409
1280 1586
1281 1801
1282 1790
1283 1938
1283 1699
1283 1499
1283 1394
1284 1777
1284 1731
1284 1958
1284 1512
1284 1622
1284 1722
1284 1565
1284 1757
1286 1883
1287 1297
1287 1834
1287 1512
1288 1663
1289 1514
1289 1896
1290 1874
1290 1296
1290 1672
1290 1917
1290 1844
1291 1959
1292 1958
1292 1622
1292 1722
1293 1791
1293 1795
1294 1456
1294 1498
1295 1314
1296 1304
1296 1721
1297 1430
1298 1829
1299 1651
1300 1522
1300 1603
1301 1615
1302 1855
1302 1734
1302 1360
1302 1754
1303 1680
1304 1940
1305 1821
1305 1741
1305 1494
1306 1493
1307 1685
1307 1315
1308 1461
1308 1344
1310 1539
1311 1664
1312 1707
1313 1473
1313 1460
1314 1496
1314 1901
1314 1910
1316 1659
1317 1763
1318 1358
1319 1357
1319 1700
1319 1933
1321 1495
1324 1536
1326 1649
1327 1961
1327 1889
1328 1509
1329 1705
1329 1503
1329 1776
1330 1896
1332 1657
1333 1769
1334 1430
1335 1541
1335 1809
1335 1719
1336 1883
1336 1872
1336 1387
1337 1581
1338 1933
1338 1623
1339 1675
1339 1699
1340 1476
1341 1587
1342 1715
1343 1671
1343 1517
1345 1718
1345 1553
1346 1612
1347 1360
1347 1436
1347 1916
1349 1430
1350 1607
1350 1635
1351 1499
1351 1825
1353 1812
1354 1668
1355 1831
1358 1575
1358 1494
1360 1605
1360 1734
1360 1916
1360 1625
1360 1624
1360 1754
1360 1412
1360 1837
1361 1699
1361 1705
1362 1935
1362 1638
1363 1668
1364 1890
1367 1723
1368 1763
1369 1751
1370 1728
1371 1738
1371 1871
1372 1383
1373 1896
1373 1602
1374 1831
1374 1756
1376 1494
1377 1924
1378 1921
1382 1798
1382 1559
1382 1804
1382 1577
1382 1548
1385 1419
1385 1452
1387 1872
1388 1537
1388 1515
1389 1754
1392 1893
1393 1443
1393 1884
1394 1966
1394 1699
1398 1564
1398 1603
1398 1783
1402 1896
1403 1478
1405 1578
1406 1476
1406 1519
1406 1698
1407 1592
1408 1775
1408 1654
1408 1925
1408 1662
1408 1454
1409 1640
1409 1414
1410 1411
1410 1904
1410 1840
1410 1729
1410 1473
1411 1779
1411 1488
1411 1601
1412 1867
1413 1700
1414 1517
1415 1869
1416 1896
1417 1879
1417 1426
1418 1793
1419 1574
1419 1547
1419 1646
1420 1820
1421 1754
1422 1871
1423 1927
1424 1961
1424 1428
1425 1850
1426 1664
1427 1933
1428 1961
1429 1843
1429 1490
1432 1834
1433 1966
1433 1699
1433 1499
1434 1558
1434 1638
1434 1956
1435 1694
1436 1754
1437 1869
1438 1545
1438 1547
1438 1646
1440 1942
1440 1824
1440 1699
1440 1966
1441 1661
1443 1817
1443 1642
1443 1699
1444 1581
1445 1690
1445 1471
1446 1787
1448 1908
1449 1937
1449 1566
1452 1889
1453 1606
1454 1790
1457 1658
1458 1782
1460 1705
1462 1819
1462 1968
1463 1965
1463 1695
1465 1573
1466 1680
1466 1969
1469 1762
1470 1698
1472 1787
1473 1629
1474 1573
1475 1923
1481 1697
1481 1977
1482 1780
1482 1835
1483 1574
1486 1944
1487 1673
1489 1977
1490 1703
1491 1829
1492 1865
1494 1833
1494 1741
1494 1586
1497 1896
1498 1574
1499 1917
1499 1699
1499 1966
1499 1942
1499 1824
1499 1634
1499 1838
1499 1521
1499 1794
1503 1705
1503 1834
1504 1831
1504 1580
1504 1666
1507 1966
1508 1723
1508 1830
1508 1799
1509 1860
1511 1571
1512 1777
1514 1896
1516 1935
1516 1638
1517 1527
1518 1738
1520 1763
1521 1938
1521 1699
1523 1941
1525 1902
1526 1619
1528 1772
1528 1976
1529 1538
1530 1682
1531 1820
1532 1543
1534 1697
1535 1873
1536 1724
1536 1750
1538 1738
1538 1549
1541 1627
1542 1663
1543 1687
1544 1596
1545 1961
1545 1646
1546 1871
1547 1961
1548 1913
1551 1933
1552 1759
1554 1884
1554 1642
1555 1654
1556 1765
1557 1692
1557 1935
1558 1772
1561 1679
1562 1666
1562 1569
1563 1936
1564 1971
1564 1603
1567 1693
1567 1772
1568 1668
1569 1939
1569 1910
1572 1709
1572 1772
1573 1674
1574 1975
1576 1609
1576 1635
1579 1928
1579 1626
1579 1831
1581 1950
1581 1886
1582 1750
1583 1705
1584 1865
1585 1626
1586 1600
1587 1948
1588 1935
1588 1778
1589 1616
1590 1610
1591 1881
1593 1807
1595 1668
1598 1705
1599 1725
1600 1860
1601 1615
1603 1926
1606 1691
1607 1609
1608 1802
1611 1652
1614 1628
1616 1680
1622 1777
1623 1933
1623 1753
1623 1714
1623 1921
1624 1754
1626 1823
1626 1647
1628 1832
1630 1773
1631 1888
1634 1699
1636 1842
1637 1647
1638 1813
1638 1713
1638 1874
1639 1807
1641 1800
1642 1817
1644 1977
1645 1725
1645 1769
1648 1676
1649 1693
1650 1909
1651 1663
1652 1673
1653 1851
1655 1764
1660 1933
1661 1978
1666 1939
1668 1836
1668 1815
1669 1837
1674 1918
1674 1826
1675 1966
1675 1699
1679 1711
1680 1694
1680 1964
1681 1785
1684 1808
1684 1931
1686 1739
1687 1869
1689 1827
1691 1863
1693 1835
1698 1758
1699 1938
1699 1824
1699 1747
1699 1966
1699 1942
1699 1917
1699 1746
1699 1838
1699 1891
1704 1934
1706 1811
1707 1882
1708 1744
1710 1897
1710 1904
1718 1730
1721 1874
1722 1777
1727 1769
1728 1754
1729 1912
1730 1960
1734 1754
1735 1820
1737 1837
1740 1763
1742 1854
1742 1756
1743 1921
1743 1758
1746 1966
1747 1938
1747 1966
1748 1790
1752 1848
1752 1863
1755 1950
1759 1803
1759 1852
1769 1930
1770 1928
1771 1804
1772 1915
1774 1785
1779 1825
1787 1969
1787 1868
1793 1878
1794 1838
1794 1938
1794 1966
1799 1936
1801 1844
1803 1913
1808 1894
1813 1852
1816 1975
1820 1830
1820 1877
1823 1834
1824 1966
1828 1933
1828 1849
1830 1944
1834 1928
1834 1841
1838 1917
1838 1966
1841 1966
1841 1924
1842 1907
1847 1906
1849 1933
1858 1919
1865 1879
1877 1888
1882 1952
1883 1893
1884 1961
1886 1919
1896 1954
1917 1938
1917 1966
1919 1950
1935 1949
1938 1942
1938 1966
1942 1966
