0 104
0 510
0 506
0 460
0 28
0 285
0 298
0 89
0 351
0 423
0 34
1 43
1 60
1 546
1 114
1 260
1 268
1 406
1 427
1 257
1 437
2 272
2 123
2 544
2 50
2 486
2 476
2 304
2 347
2 258
2 234
2 315
2 458
2 480
2 98
3 529
3 206
3 478
3 407
3 62
3 74
3 84
3 348
3 232
4 111
4 133
4 366
4 552
4 138
4 401
4 245
4 315
4 484
5 34
5 241
5 441
5 113
5 190
5 222
5 7
5 564
5 543
5 98
6 480
6 500
6 253
6 492
6 359
6 403
7 133
7 256
7 332
7 504
7 14
7 448
8 43
8 236
8 268
8 244
8 60
8 32
9 68
9 190
9 327
9 85
9 223
9 113
9 228
9 146
9 169
9 437
10 372
10 472
10 180
10 207
10 48
10 211
10 217
10 244
10 252
11 138
11 32
11 401
11 243
11 411
11 106
11 245
11 512
11 87
11 101
11 17
11 305
11 534
11 332
11 472
11 143
11 520
12 226
12 272
12 416
12 313
12 317
12 34
12 437
12 98
13 550
13 323
13 272
13 318
13 364
13 501
13 529
13 560
13 206
13 213
13 475
13 109
14 53
14 144
14 90
15 452
15 549
15 392
15 190
15 343
16 260
16 262
16 387
16 319
16 564
16 357
16 567
17 138
17 92
17 101
17 107
17 549
17 100
18 391
18 219
18 501
18 295
18 452
18 529
19 380
19 410
19 72
19 57
19 178
19 480
19 385
19 288
19 302
20 145
20 563
20 450
20 325
20 128
20 159
20 80
20 490
21 120
21 202
21 216
21 567
21 403
21 440
21 508
22 550
22 194
22 344
22 547
22 431
22 197
22 559
22 68
22 206
22 228
22 479
22 302
23 256
23 275
23 376
23 322
23 252
23 288
24 491
24 275
24 422
24 31
24 233
24 252
25 342
25 303
25 409
25 363
25 285
25 229
25 358
26 517
26 54
26 386
26 531
26 320
26 290
26 167
26 427
26 215
26 225
26 212
26 362
26 98
27 429
27 557
27 291
27 210
28 156
28 145
28 146
28 528
28 35
28 279
29 268
29 521
29 408
29 90
29 517
29 477
30 395
30 279
30 287
30 186
30 290
30 427
30 196
30 272
31 552
31 257
31 41
31 246
31 460
31 385
32 549
32 138
32 366
32 33
32 243
32 411
32 71
32 87
33 138
33 401
33 313
33 92
34 530
34 222
34 324
34 336
34 79
34 240
34 305
34 173
34 437
34 98
35 528
35 61
35 80
35 265
35 465
35 219
35 397
35 563
35 53
35 450
36 386
36 279
36 290
36 551
36 353
36 177
36 316
36 225
36 206
37 395
37 148
37 290
37 424
37 427
37 474
37 365
37 179
38 260
38 404
38 493
38 127
38 569
38 564
38 220
38 300
38 60
38 481
38 233
38 236
38 382
39 68
39 439
39 447
39 395
39 111
39 210
39 251
39 272
39 293
40 504
40 518
40 525
40 144
40 270
40 429
40 448
40 82
41 312
41 422
41 122
41 343
41 88
41 376
41 399
41 252
42 419
42 137
42 288
42 338
42 57
42 64
42 198
43 183
43 526
43 406
43 546
43 236
43 210
43 63
44 475
44 135
44 521
44 270
44 424
45 50
45 103
45 500
45 285
45 174
45 233
45 488
45 506
46 380
46 297
46 421
46 155
46 433
46 178
46 57
47 529
47 456
47 566
47 437
47 102
47 206
47 356
47 506
48 529
48 133
48 413
48 549
48 418
48 99
49 487
49 475
49 377
49 241
49 163
49 113
49 442
49 102
49 510
49 85
49 98
49 227
49 484
50 539
50 536
50 461
50 315
50 476
51 541
51 340
51 128
51 280
51 203
51 395
51 206
51 322
51 418
52 503
52 145
52 311
52 485
52 415
52 79
52 484
52 408
53 528
53 554
53 450
54 287
54 290
54 282
54 373
55 201
55 509
55 141
55 528
55 151
55 437
55 61
55 527
56 133
56 140
56 458
56 238
56 62
56 376
57 206
57 276
57 410
57 64
57 453
57 433
57 178
57 421
57 81
57 299
57 444
57 72
57 168
57 463
57 198
57 353
57 448
57 149
57 471
57 505
57 530
57 354
57 136
57 548
57 82
58 144
58 153
58 518
58 424
58 490
59 293
59 437
59 338
59 535
59 77
59 98
59 484
59 381
60 268
60 426
60 248
60 262
60 526
60 487
60 118
60 328
60 564
60 231
60 254
60 548
60 381
60 368
60 245
61 509
61 563
61 554
61 450
61 354
61 546
61 257
62 386
62 427
62 416
62 155
62 282
62 362
62 315
62 429
62 142
62 402
63 395
63 434
63 137
63 116
63 84
63 220
64 463
64 453
64 81
64 146
64 91
65 255
65 437
65 496
65 346
65 369
65 441
65 191
65 66
65 98
65 429
66 509
66 536
66 544
66 154
67 519
67 183
67 119
67 250
67 203
68 560
68 432
68 206
68 251
68 272
69 290
69 416
69 309
69 272
70 236
70 225
70 413
70 304
70 451
70 189
70 229
71 529
71 140
71 434
71 421
71 133
71 206
71 315
71 301
72 288
72 198
72 555
72 437
73 102
73 206
73 315
73 407
74 344
74 317
74 197
74 389
74 84
74 478
74 469
75 283
75 428
75 549
75 373
75 334
75 257
75 215
75 96
75 491
76 529
76 266
76 568
76 100
76 559
76 417
76 132
76 128
76 196
76 212
76 272
76 310
76 86
76 437
77 247
77 437
77 235
77 98
77 484
77 369
78 519
78 267
78 188
78 524
78 290
79 115
79 300
79 165
79 437
79 114
79 293
79 571
79 540
79 98
80 151
80 207
81 290
81 410
81 353
82 300
82 346
82 521
82 187
82 540
82 143
82 557
82 320
82 525
82 321
82 153
82 532
82 175
82 518
82 93
82 270
82 246
82 465
82 528
82 344
82 402
83 437
83 381
83 496
83 164
84 371
84 284
84 202
84 462
84 407
84 116
84 367
84 478
84 137
84 197
84 220
84 232
84 317
84 449
84 280
84 454
84 354
84 463
84 186
84 565
85 206
85 165
85 437
85 377
85 222
85 249
85 203
85 347
85 363
85 98
85 383
86 298
86 498
86 286
86 440
86 359
86 398
86 351
87 436
87 138
87 366
87 407
87 245
87 400
88 206
88 561
88 472
88 217
88 180
88 404
88 328
89 427
89 376
89 237
89 506
89 515
89 351
89 488
90 382
90 347
90 408
90 477
90 361
90 522
90 363
90 355
90 345
90 141
90 273
90 416
90 291
90 358
91 523
91 163
91 293
91 437
92 512
92 471
92 107
93 340
93 529
93 135
93 521
93 424
94 192
94 219
94 503
94 349
94 292
95 360
95 130
95 522
95 229
95 495
96 386
96 549
96 269
96 226
96 316
96 392
96 283
96 491
96 551
96 334
96 295
96 177
96 134
96 224
96 308
96 509
96 154
96 260
96 505
96 556
96 373
96 138
96 540
97 177
97 281
97 288
97 299
97 566
98 225
98 566
98 222
98 442
98 346
98 467
98 313
98 496
98 570
98 377
98 558
98 163
98 169
98 190
98 207
98 336
98 437
98 165
98 293
98 338
98 113
98 114
98 205
98 523
98 383
98 292
98 327
98 240
98 571
98 109
98 241
98 399
98 502
98 549
98 371
98 539
98 413
98 494
98 445
98 330
98 480
98 517
98 484
99 562
99 286
99 350
99 136
99 466
99 149
99 485
99 499
100 203
100 559
100 396
100 556
100 185
100 324
100 124
100 206
100 484
101 138
101 514
101 218
102 529
102 550
102 294
102 274
102 404
102 133
102 172
102 206
102 213
102 300
102 352
102 252
103 147
103 529
103 298
103 104
103 403
103 423
103 499
103 506
103 437
104 264
104 312
104 136
104 106
104 506
105 267
105 188
105 203
105 449
106 125
106 512
106 384
106 482
107 162
107 138
107 384
107 228
108 258
108 541
108 192
108 184
108 141
108 171
109 400
109 174
109 437
109 346
109 190
109 249
109 324
109 227
109 570
109 205
109 117
109 241
109 169
109 230
109 277
109 149
109 354
109 429
110 128
110 541
110 183
110 188
110 137
110 450
111 529
111 527
111 206
111 272
111 312
112 348
112 310
112 298
112 378
112 320
112 403
113 163
113 293
113 437
114 154
114 437
114 441
114 484
115 428
115 559
115 560
115 261
115 133
115 210
115 212
115 356
116 206
116 478
117 138
117 163
117 293
117 292
117 441
117 346
118 236
118 546
118 459
118 490
118 447
119 267
119 184
119 128
119 234
119 537
119 251
119 499
120 236
120 530
120 405
120 290
120 562
120 339
120 373
120 503
120 556
121 446
121 275
121 375
121 520
121 122
121 133
122 514
122 130
122 252
123 531
123 304
123 498
123 307
123 403
124 529
124 263
124 294
124 228
124 403
124 168
124 206
124 247
124 380
124 437
125 290
125 349
125 373
125 265
126 403
126 437
126 130
126 409
126 363
127 426
127 236
127 248
127 382
127 346
127 206
128 267
128 452
128 398
128 541
128 552
128 188
128 478
129 253
129 510
129 193
129 301
129 166
129 400
129 423
129 483
130 231
130 359
130 477
131 396
131 228
131 529
131 551
131 179
131 206
131 380
132 152
132 307
132 374
132 252
133 337
133 529
133 545
133 247
133 196
133 475
133 417
133 272
133 527
133 356
133 537
133 281
133 371
133 221
133 239
133 430
133 388
133 318
133 251
133 213
133 352
133 454
133 193
133 440
133 540
133 389
133 206
133 312
133 380
134 492
134 209
134 283
134 562
134 395
134 298
134 494
134 391
134 531
134 287
134 224
135 186
135 223
135 338
135 144
135 532
135 424
136 347
136 366
136 488
136 506
136 291
137 317
137 335
137 478
137 567
137 284
137 202
137 348
137 376
138 384
138 305
138 243
138 250
139 503
139 529
139 181
139 208
139 505
139 263
139 182
139 533
139 195
139 196
140 550
140 194
140 371
141 450
141 509
141 222
141 146
141 159
142 529
142 214
142 396
142 462
142 179
142 206
142 475
143 571
143 540
143 144
143 455
143 409
144 272
144 437
144 442
144 319
144 518
144 479
144 501
144 452
144 153
144 291
144 448
145 265
145 146
145 219
145 156
145 554
145 254
145 344
145 396
146 164
146 297
146 151
146 254
146 166
147 295
147 562
147 515
147 354
148 564
148 513
148 462
148 279
148 290
148 438
148 373
148 206
149 531
149 279
149 208
149 449
149 256
150 215
150 520
150 275
150 561
150 174
150 483
150 353
151 515
151 465
151 386
151 541
151 554
152 527
152 529
152 566
152 568
152 330
152 336
152 380
152 359
153 478
153 168
153 273
154 303
154 211
154 256
155 267
155 309
155 160
155 391
155 315
156 563
156 311
156 403
156 485
156 241
157 513
157 562
157 435
157 205
157 427
157 491
157 273
157 458
158 391
158 283
158 308
158 524
158 312
158 428
158 343
158 474
159 509
159 515
159 537
159 319
160 362
160 315
160 169
160 257
160 293
161 494
161 162
161 296
161 304
161 468
162 426
162 529
162 568
162 439
162 356
162 271
162 390
162 547
162 454
162 505
162 288
162 171
162 206
162 289
162 380
163 315
163 290
163 425
164 224
164 509
164 515
164 458
164 400
164 169
164 555
165 199
165 436
166 560
166 555
166 313
166 222
167 395
167 405
167 474
167 168
167 182
167 503
167 538
168 441
169 445
169 543
169 548
169 425
169 369
169 216
169 437
169 570
170 258
170 314
170 188
170 561
170 183
170 203
171 271
171 534
171 473
171 206
171 272
171 300
171 380
171 488
172 438
172 529
172 566
172 179
172 367
172 206
172 536
173 270
173 522
173 271
173 370
174 378
174 218
174 495
174 489
174 423
174 500
174 216
174 480
174 483
175 211
175 518
175 270
175 335
175 448
176 529
176 547
176 456
176 415
176 181
176 206
176 272
177 279
177 226
177 414
177 427
178 276
178 444
178 531
179 515
179 300
179 516
179 210
179 323
179 565
179 306
179 213
179 380
180 213
180 256
180 238
180 376
180 245
180 292
181 534
181 266
181 352
181 514
181 206
182 386
182 394
182 398
182 460
182 384
182 483
183 201
183 341
183 192
183 452
183 188
183 223
183 562
183 185
183 203
184 541
184 494
184 192
184 258
184 530
184 201
184 203
184 360
184 186
184 453
185 552
185 203
186 415
186 461
186 304
186 486
186 548
187 424
187 429
187 325
188 314
188 192
188 341
188 461
188 442
188 203
188 437
189 279
189 213
189 437
189 336
189 441
190 394
190 293
190 437
190 369
191 259
191 315
191 445
191 373
191 446
191 557
192 436
193 440
193 389
193 511
193 506
193 285
193 460
193 530
193 521
193 480
194 529
194 331
194 414
194 206
194 272
194 371
194 205
194 240
195 491
195 473
195 261
195 349
195 206
195 432
196 213
196 272
196 475
196 313
196 358
197 367
197 340
197 478
198 444
198 208
198 353
199 539
199 542
199 315
199 486
199 420
200 529
200 456
200 272
200 265
201 519
202 328
202 284
202 367
202 317
202 220
202 478
202 449
202 537
202 258
202 531
203 258
203 471
203 314
203 552
203 494
203 337
203 519
203 477
203 465
203 204
203 553
203 368
204 558
204 437
204 528
204 484
204 369
205 414
205 216
205 437
205 484
206 236
206 560
206 213
206 266
206 322
206 434
206 300
206 228
206 527
206 430
206 419
206 505
206 534
206 439
206 388
206 390
206 331
206 566
206 547
206 535
206 456
206 312
206 356
206 529
206 221
206 431
206 273
206 330
206 559
206 454
206 344
206 504
206 247
206 550
206 239
206 261
206 274
206 212
206 397
206 208
206 271
206 479
206 473
206 264
206 380
206 545
206 281
206 251
206 371
206 278
206 364
206 537
206 263
206 568
206 294
206 516
206 396
206 475
206 455
206 280
206 214
206 417
206 452
206 531
206 543
206 562
206 471
206 296
206 433
206 457
206 301
206 429
206 299
206 507
206 412
206 308
206 552
206 345
206 375
206 272
207 523
207 548
207 425
207 437
207 330
207 462
207 484
208 308
208 529
208 312
208 480
208 213
208 380
209 395
209 524
209 283
209 427
209 275
210 516
210 212
210 490
210 213
211 277
211 374
211 376
211 252
211 285
212 261
212 221
212 213
212 493
213 354
213 529
213 560
213 397
213 535
213 430
213 547
213 266
213 239
213 417
213 231
213 332
213 287
213 305
213 371
214 365
214 527
214 559
214 272
214 380
215 530
215 398
215 316
215 412
215 408
215 360
215 566
215 375
216 524
216 538
216 285
216 459
216 499
216 506
216 293
217 251
217 256
217 307
217 490
217 268
217 287
217 252
218 301
218 317
218 506
218 408
219 290
219 472
219 237
220 284
220 543
221 529
221 566
222 529
222 437
222 467
223 548
223 437
223 484
223 313
223 240
223 487
224 290
224 360
224 553
224 427
224 531
224 236
225 459
225 386
225 405
225 290
225 316
225 474
225 414
225 422
225 289
226 392
226 290
226 373
227 437
227 570
227 567
228 384
228 252
229 409
229 235
229 370
229 408
229 345
229 540
230 564
230 325
230 303
230 469
230 252
230 385
231 409
231 508
231 542
232 449
232 478
232 374
232 403
233 393
233 236
233 303
234 412
234 257
234 561
234 307
234 376
235 393
235 299
235 408
236 357
236 526
236 564
236 569
236 387
236 260
236 242
236 328
236 262
236 248
236 255
236 404
236 502
236 546
236 269
236 284
236 560
237 402
237 423
237 488
237 499
238 478
238 315
238 252
239 534
239 559
239 393
240 293
240 437
240 504
241 437
241 571
242 426
242 459
242 481
243 512
243 384
243 245
243 539
244 376
244 394
245 305
246 468
246 469
246 400
246 423
247 529
247 556
247 395
247 344
247 356
247 350
248 260
248 424
248 255
249 457
249 293
249 292
249 441
250 563
250 462
250 385
250 400
250 403
250 488
251 556
251 272
251 475
251 288
252 482
252 275
252 303
252 418
252 468
252 422
252 490
252 472
252 538
252 341
252 443
252 281
253 260
253 529
253 423
254 325
254 563
254 311
254 265
254 450
254 320
254 304
254 443
255 268
255 382
256 426
256 296
256 472
256 277
256 526
256 257
256 375
257 376
258 541
258 519
258 337
258 340
258 552
258 510
258 551
258 529
258 363
259 329
259 413
259 521
259 309
260 387
260 406
260 393
260 502
260 481
260 262
260 487
260 328
260 404
260 526
260 466
260 371
260 261
261 516
261 312
262 387
262 404
262 556
262 393
262 426
262 564
262 459
262 474
263 435
263 299
264 529
264 447
264 274
264 312
265 509
265 325
265 401
266 529
266 281
266 312
268 406
268 382
268 335
269 352
269 290
269 553
269 332
270 547
270 525
270 291
270 557
270 429
270 448
271 560
271 300
271 475
271 304
271 488
272 391
272 547
272 537
272 434
272 504
272 323
272 331
272 294
272 439
272 452
272 292
272 287
273 343
273 534
274 529
274 534
274 380
274 475
275 497
275 520
276 403
276 453
276 555
276 288
276 424
277 318
277 437
277 376
277 288
278 529
278 535
278 376
278 380
279 386
279 531
279 290
279 551
279 517
279 310
279 412
280 529
280 556
281 371
282 404
282 283
282 534
282 512
282 420
282 451
283 395
283 295
283 428
283 349
284 339
284 367
284 338
284 314
284 462
284 478
285 529
285 538
285 310
285 403
285 485
285 499
286 380
286 511
286 533
286 378
287 345
287 334
287 492
287 560
288 309
288 299
288 444
288 421
288 453
288 390
289 529
289 390
289 396
289 504
289 508
289 351
290 394
290 295
290 562
290 427
290 326
290 553
290 531
290 513
290 360
290 492
290 414
290 365
290 342
290 395
290 304
290 330
290 303
290 497
290 515
290 542
290 543
291 540
291 448
292 435
292 558
292 437
293 304
293 377
293 558
293 543
293 441
293 370
294 529
294 371
295 501
295 503
296 356
296 380
296 415
296 416
297 415
297 333
297 376
298 476
298 483
298 488
298 499
299 374
299 302
299 353
300 526
300 515
300 529
300 566
300 504
300 525
300 317
300 419
300 315
301 531
302 529
302 421
302 433
303 418
303 437
304 416
304 464
304 315
304 446
304 445
304 413
304 483
304 380
305 384
305 544
306 506
306 521
306 500
307 520
307 422
308 530
308 428
308 529
308 371
309 413
309 415
309 372
309 362
309 315
309 353
310 400
311 509
311 565
311 450
311 354
311 566
311 521
312 529
312 537
312 560
312 432
312 355
312 484
313 523
313 437
313 500
313 571
313 442
313 484
314 552
314 402
314 337
314 471
314 506
315 567
315 413
315 329
315 372
315 347
315 464
315 461
315 420
315 458
315 368
316 507
316 527
316 484
317 428
317 449
317 348
317 478
318 529
319 424
320 476
320 429
320 421
321 529
321 506
321 421
321 424
322 529
322 559
322 364
322 419
322 475
323 529
323 477
324 437
324 570
324 484
324 383
325 509
325 450
326 392
326 395
326 454
327 437
327 558
327 552
327 484
328 426
328 357
329 415
329 453
330 529
330 344
331 541
331 529
331 537
331 568
331 380
331 484
332 437
333 420
333 464
333 518
334 428
334 338
334 479
335 407
335 449
335 478
336 360
336 570
337 471
337 570
339 412
339 427
340 452
341 519
341 541
342 398
342 405
342 531
342 360
342 431
343 394
343 438
343 424
344 516
345 553
345 373
345 529
345 466
345 408
346 437
347 386
347 536
347 539
347 567
347 486
347 499
347 437
348 367
348 449
348 520
349 531
349 412
349 386
349 426
349 421
349 450
349 383
350 360
350 486
352 529
352 430
352 373
352 358
353 466
355 559
355 522
355 408
355 361
355 370
355 508
356 534
356 537
356 439
356 372
356 464
357 387
357 565
357 493
357 370
358 522
358 409
358 548
358 508
359 466
359 403
359 423
360 530
360 428
360 379
360 524
360 405
360 365
360 373
361 409
361 497
363 370
364 516
364 465
365 503
366 411
367 478
367 558
368 569
368 487
368 560
369 462
370 477
370 408
370 409
370 508
370 516
371 535
371 475
371 527
371 568
371 397
371 448
371 464
372 373
372 376
373 517
373 531
373 562
373 391
373 513
373 461
373 437
373 554
373 550
374 541
374 497
374 412
374 376
374 399
374 468
375 478
375 399
375 482
375 532
376 482
376 468
376 422
376 399
376 520
376 533
376 426
377 415
378 500
378 494
378 400
378 403
378 488
379 519
379 386
379 395
379 427
379 562
379 520
379 440
380 386
380 529
380 566
380 455
380 547
380 458
380 553
381 552
381 437
381 388
382 526
382 546
382 474
383 425
385 495
385 400
385 423
386 551
386 531
387 538
387 564
388 493
388 529
388 526
388 403
389 500
389 546
389 423
389 489
389 506
390 529
390 442
391 491
391 474
391 405
391 427
392 398
392 457
393 493
393 546
393 568
394 546
394 427
394 435
395 519
395 414
395 501
395 433
395 484
396 529
396 504
396 536
396 432
396 422
396 570
398 522
398 507
399 479
399 437
399 477
400 498
400 495
400 485
400 403
400 488
401 411
402 510
402 423
403 460
403 488
403 480
403 440
404 481
404 529
404 475
405 549
405 532
406 467
407 457
407 432
407 478
408 433
408 477
408 506
410 463
410 416
411 436
412 531
412 474
415 451
415 440
415 571
416 476
418 561
418 521
419 529
419 556
419 503
419 475
420 539
420 549
420 458
421 463
422 518
422 469
423 510
423 538
423 429
423 474
423 485
423 448
424 557
424 429
424 547
425 548
425 439
425 437
425 448
426 502
426 546
426 459
428 513
428 524
428 516
429 481
429 532
429 448
429 482
429 539
430 547
431 529
431 535
432 566
432 539
434 535
434 522
435 531
436 512
437 496
437 555
437 484
437 442
437 441
437 558
437 571
437 443
437 506
437 528
438 491
438 562
438 507
438 474
441 523
441 467
441 563
441 484
442 525
443 496
443 484
444 478
444 468
445 536
445 458
446 542
446 464
447 545
448 525
448 540
448 521
448 558
448 555
451 549
451 476
452 471
454 527
454 529
455 529
455 560
456 529
456 475
458 474
458 536
459 526
459 530
460 542
460 538
460 485
461 565
461 485
462 470
462 543
462 489
465 541
465 472
466 488
467 506
467 484
468 561
468 469
470 545
471 545
472 520
472 533
472 490
473 501
473 529
475 534
475 505
475 516
475 545
475 571
478 523
479 507
479 529
479 535
480 488
480 506
481 502
481 487
481 493
482 561
482 520
483 510
483 485
484 555
484 543
484 548
484 523
484 558
484 566
484 519
485 495
485 498
485 506
485 531
485 521
486 539
487 564
487 526
487 495
488 495
488 506
488 533
488 537
489 538
492 533
494 541
494 533
495 539
497 529
500 529
501 569
501 531
502 526
502 569
502 517
503 507
503 513
505 529
509 571
511 528
511 516
511 534
513 544
515 554
516 529
516 566
518 527
521 532
522 561
523 529
525 529
526 564
529 566
529 560
529 545
529 547
530 531
531 549
534 566
535 567
545 556
547 566
548 570
