0 238
0 136
1 122
1 195
1 6
1 95
1 303
1 49
1 396
1 89
1 314
1 82
1 353
1 387
1 10
1 433
1 88
1 198
1 66
1 133
1 73
1 42
1 87
1 322
1 362
1 34
1 71
1 365
1 140
1 440
1 321
1 400
1 211
2 404
2 207
2 313
2 38
3 391
3 10
3 179
4 427
4 116
4 65
4 441
5 302
5 395
5 392
6 27
7 218
7 54
7 91
7 40
7 400
7 47
7 135
7 77
7 23
7 309
7 268
7 428
7 90
7 238
7 358
7 329
7 426
7 388
7 390
8 168
8 127
8 123
8 237
8 309
9 271
9 350
11 209
11 233
11 12
11 426
12 378
12 216
13 385
13 277
13 128
14 395
14 85
15 261
15 384
15 329
16 68
16 96
16 406
16 26
16 62
16 196
16 117
17 252
17 161
17 291
18 323
18 303
18 229
19 242
19 258
19 201
19 389
19 421
19 174
19 223
20 144
20 263
20 289
20 225
20 315
20 36
21 274
21 379
21 31
21 59
21 65
21 78
22 35
22 37
22 339
22 212
23 185
23 40
23 135
23 47
23 354
23 54
23 268
23 91
23 425
23 324
23 111
23 146
23 442
23 237
23 233
24 84
24 102
24 380
24 341
25 257
25 386
25 168
25 370
25 373
25 188
26 113
26 340
27 275
27 205
27 351
27 193
27 166
27 203
27 308
27 330
27 276
27 442
28 266
28 373
28 176
28 84
29 243
29 35
29 30
29 369
29 169
29 84
30 234
30 84
30 310
30 438
30 214
30 108
30 410
31 412
31 265
31 61
31 418
31 293
32 274
32 336
32 427
32 311
32 197
33 395
33 273
33 389
33 280
33 255
33 150
33 242
33 95
33 239
33 375
34 142
34 359
35 399
35 84
35 384
36 380
36 433
36 84
36 133
37 296
37 140
37 171
37 77
37 104
38 326
38 253
39 323
39 142
39 42
40 370
40 76
40 324
41 421
41 261
42 422
42 189
43 140
43 402
43 104
44 253
44 263
45 294
45 173
46 164
46 380
46 126
48 143
48 289
48 348
48 288
48 339
48 238
49 101
50 142
50 342
51 321
51 89
51 332
52 392
52 272
52 95
52 130
53 158
53 102
53 404
53 414
54 224
54 84
54 285
54 425
55 99
55 301
55 234
55 108
55 349
56 430
56 377
56 301
57 84
57 352
57 187
58 65
58 154
58 326
58 347
59 300
59 349
60 134
60 266
60 285
61 169
61 84
62 136
63 196
63 312
63 82
64 166
64 415
64 65
65 281
65 275
65 418
65 184
65 357
65 293
65 317
65 346
65 205
65 132
65 126
65 207
65 415
65 138
66 183
66 85
66 79
66 390
67 177
67 280
68 334
68 343
69 163
69 352
69 182
69 221
69 358
69 108
70 409
70 385
71 85
71 181
71 257
72 343
72 191
72 388
72 178
72 113
72 326
73 95
73 98
74 127
74 130
74 186
75 255
75 97
75 80
76 311
76 84
76 312
77 180
77 290
78 194
78 292
78 293
78 427
78 253
78 238
79 297
79 387
79 174
79 191
80 252
80 427
81 197
81 236
81 341
81 348
81 330
81 110
82 133
83 389
83 242
83 375
83 150
83 199
83 422
84 165
84 328
84 336
84 366
84 245
84 244
84 282
84 364
84 123
84 361
84 310
84 371
84 103
84 290
84 339
84 169
84 149
84 176
84 226
84 288
84 372
84 214
84 94
84 106
84 407
84 311
84 115
84 204
84 373
84 197
84 325
84 394
84 119
84 302
84 390
85 128
85 206
85 155
86 266
86 420
86 343
86 219
87 282
88 184
89 387
89 349
89 226
90 299
90 314
91 443
91 262
92 128
92 148
92 100
92 99
93 209
93 175
94 434
94 164
94 226
94 246
95 213
95 253
96 433
96 99
96 219
96 379
97 109
98 443
98 303
98 232
99 141
99 340
99 373
99 346
99 319
100 435
101 244
102 330
102 270
103 212
103 226
104 201
104 260
104 431
104 397
104 138
104 165
104 328
104 398
104 171
104 156
104 320
104 391
104 337
104 393
104 416
104 388
104 298
104 280
104 271
104 267
104 423
104 117
105 132
105 236
106 140
106 149
106 268
107 378
107 110
107 119
109 203
109 402
110 116
110 230
111 185
111 354
111 158
112 341
112 173
113 199
114 418
114 377
114 219
115 126
115 327
116 305
116 121
117 343
117 232
117 443
117 122
117 423
117 188
118 270
118 144
118 174
119 232
119 340
120 266
120 272
120 406
120 343
120 429
120 187
121 330
121 351
121 412
121 189
123 419
123 212
124 371
124 375
125 251
125 346
125 175
126 128
127 210
127 334
127 148
128 170
128 262
128 436
128 429
129 280
129 274
129 408
130 191
130 178
130 327
131 291
131 375
131 141
131 243
132 279
132 199
133 356
134 376
134 390
135 293
136 249
136 427
137 147
137 397
137 182
138 225
138 260
139 302
139 312
140 269
140 397
140 401
140 202
141 407
141 373
142 278
142 335
143 175
143 144
143 314
144 230
144 417
144 318
145 159
145 219
146 389
146 364
147 265
148 383
148 221
148 243
148 373
148 333
149 234
149 215
150 264
150 267
150 378
150 206
151 299
151 402
151 214
152 292
152 261
153 382
153 350
153 360
153 324
154 344
154 193
154 204
155 177
155 317
156 337
156 297
157 399
157 247
157 408
158 284
158 271
158 219
159 262
160 263
160 287
160 305
160 335
160 214
161 305
162 390
162 235
162 334
162 417
162 230
163 174
163 424
164 262
164 429
165 289
165 337
165 328
165 320
166 407
167 243
167 372
169 244
169 308
170 218
170 315
171 270
172 222
172 401
172 358
172 238
173 381
174 373
174 240
174 306
175 230
176 274
176 229
177 265
177 187
178 259
178 440
178 384
178 306
178 181
178 350
178 250
178 297
178 263
178 307
178 237
179 405
180 201
181 263
181 191
182 232
182 438
183 433
183 303
183 323
184 281
184 283
185 422
186 267
186 237
186 250
186 378
186 332
187 313
187 408
187 295
187 236
187 217
187 223
187 354
187 219
188 263
190 295
190 324
191 211
192 258
192 252
193 386
193 275
194 232
195 320
196 406
196 359
197 405
197 219
198 209
199 270
199 343
200 227
200 392
200 219
201 416
202 340
203 395
203 233
204 286
205 387
206 317
206 233
207 214
208 331
208 262
210 426
210 327
211 259
212 331
212 245
212 322
212 396
213 420
214 423
214 234
214 282
215 258
215 434
216 411
217 276
217 220
219 223
219 284
219 295
219 276
219 348
220 348
220 411
220 311
221 434
221 359
221 374
222 392
223 405
223 417
224 434
226 282
226 290
226 380
226 244
226 407
226 420
226 301
226 413
226 362
227 283
228 345
228 231
228 280
230 312
230 417
230 271
230 358
230 320
231 274
232 443
233 404
233 358
235 285
235 422
239 335
240 276
241 292
241 287
241 431
243 370
243 257
243 374
243 373
244 290
245 254
246 420
247 333
248 290
248 441
249 317
250 398
250 394
250 338
251 426
251 390
254 405
254 295
255 267
255 273
255 314
255 258
255 357
255 381
256 304
256 363
258 280
259 353
260 338
261 382
262 403
262 306
264 389
264 329
265 292
265 435
266 345
266 272
267 308
269 305
272 288
273 302
274 430
275 279
277 341
278 331
279 430
281 342
282 361
283 426
284 313
284 340
286 317
286 436
287 413
288 316
288 331
290 399
291 373
291 353
293 418
293 427
294 304
294 434
294 429
295 365
296 383
296 398
298 371
300 370
302 351
302 419
304 354
304 320
304 358
307 352
307 368
307 425
307 319
310 333
310 385
311 442
315 415
316 386
318 411
321 336
321 414
323 406
325 382
327 367
328 398
331 364
334 393
335 406
337 431
340 373
342 414
343 406
343 360
344 417
344 390
345 412
347 390
347 401
352 409
355 369
355 386
356 400
359 406
359 402
363 437
365 439
366 440
367 413
368 437
373 374
373 405
375 443
376 426
378 425
379 414
379 410
380 403
388 439
391 410
392 406
392 395
393 431
393 397
395 432
397 416
406 421
406 434
409 432
410 432
424 428
