0 477
0 436
0 155
0 198
0 421
0 398
0 488
0 475
1 126
1 151
1 386
1 394
1 147
1 453
1 163
1 325
1 33
1 284
1 259
1 41
1 55
1 61
1 185
2 132
2 200
2 493
2 103
2 399
2 360
2 302
2 180
2 23
2 426
2 45
3 154
3 283
3 423
3 174
3 416
3 506
3 60
3 10
4 367
4 148
4 158
4 26
4 494
4 460
5 481
5 515
5 335
5 454
5 155
5 514
6 87
6 393
6 431
6 360
6 502
6 219
6 210
6 313
6 426
7 326
7 105
7 86
7 187
7 190
7 336
7 229
7 368
7 501
8 284
8 215
8 395
8 457
8 228
8 110
8 279
8 466
8 478
8 366
9 488
9 352
9 478
9 272
9 395
9 19
9 209
9 100
9 509
9 45
10 80
10 488
10 208
10 136
10 127
10 234
11 178
11 213
11 125
11 233
11 458
11 464
11 480
11 243
12 51
12 406
12 168
12 164
12 26
12 337
12 327
12 238
12 96
12 228
12 86
12 296
12 376
12 343
12 311
13 406
13 269
13 283
13 494
13 284
13 312
14 48
14 330
14 233
14 133
14 469
14 257
14 207
14 161
14 432
15 227
15 339
15 171
15 329
15 67
15 28
15 56
15 85
15 265
16 478
16 163
16 384
16 167
16 488
16 275
17 413
17 51
17 463
17 134
17 165
17 311
17 478
17 218
18 271
18 116
18 284
18 450
18 167
18 404
18 20
18 394
18 161
19 395
19 145
19 347
19 509
19 504
19 110
19 165
19 406
19 362
19 151
19 99
20 144
20 374
20 214
20 409
20 284
20 45
20 27
21 372
21 260
21 255
21 201
21 450
21 476
21 332
21 409
21 434
21 203
21 303
22 43
22 187
22 68
22 410
22 446
22 292
22 485
22 195
22 108
22 365
22 451
22 367
22 185
23 129
23 371
23 239
23 73
23 505
24 513
24 29
24 451
24 512
24 182
24 377
24 233
25 467
25 179
25 47
25 96
25 249
25 26
25 508
25 234
26 388
26 202
26 62
26 406
26 270
26 298
26 109
27 338
27 50
27 130
27 390
27 483
27 101
27 233
28 158
28 40
28 346
28 363
28 299
28 317
28 77
28 432
29 138
29 66
29 288
29 433
29 513
29 436
29 134
29 124
29 417
29 293
29 497
29 77
29 397
29 75
29 68
30 128
30 274
30 394
30 162
30 456
30 67
30 225
30 127
30 424
31 203
31 416
31 116
31 437
31 46
31 76
32 288
32 412
32 188
32 355
32 87
33 177
33 178
33 340
33 252
33 150
33 345
33 501
33 384
34 114
34 253
34 301
34 50
34 146
34 89
34 107
34 389
34 173
34 315
34 330
35 497
35 488
35 136
35 148
35 384
36 339
36 398
36 355
36 199
36 45
36 505
37 481
37 137
37 515
37 430
38 239
38 354
38 174
38 152
38 436
38 91
38 155
38 506
38 49
38 208
38 163
38 395
39 266
39 280
39 179
39 186
39 43
39 202
40 227
40 249
40 344
40 349
40 295
40 206
40 222
40 234
41 197
41 81
41 149
41 262
41 137
41 118
42 54
42 59
42 471
42 382
42 475
42 229
42 501
43 406
43 440
43 62
43 391
43 93
43 280
43 353
43 319
43 340
43 247
43 442
43 467
43 109
44 127
44 220
44 379
44 373
44 425
44 435
44 336
44 475
44 501
44 384
45 356
45 502
45 476
45 381
45 378
45 493
45 505
45 441
45 355
45 426
45 393
45 268
45 219
45 424
45 431
45 360
45 103
45 50
45 237
45 88
45 140
45 480
45 507
45 82
45 95
46 283
46 193
46 411
46 423
46 404
46 98
46 341
46 202
46 93
46 304
46 309
46 76
47 266
47 143
47 157
47 240
48 504
48 276
48 429
48 412
48 289
48 181
48 475
48 315
49 53
49 221
49 248
49 63
49 118
49 445
50 146
50 253
50 261
50 497
50 226
50 380
51 153
51 300
51 278
51 361
51 328
51 336
51 150
52 384
52 402
52 275
52 187
52 78
52 250
52 195
53 214
53 247
53 71
53 452
53 286
53 106
53 190
54 398
54 156
54 414
54 174
54 412
55 514
55 151
55 452
55 158
55 67
56 85
56 351
56 405
56 320
56 354
56 367
56 355
57 472
57 155
57 506
57 286
57 504
57 251
58 310
58 327
58 142
58 409
58 309
58 312
59 336
59 208
59 262
59 188
59 464
59 475
59 99
59 368
59 501
60 412
60 314
60 75
60 257
61 128
61 127
61 151
61 257
61 281
61 415
62 143
62 419
62 168
62 109
62 395
62 426
63 470
63 472
63 83
63 231
63 216
63 331
63 90
63 217
64 271
64 423
64 507
64 305
64 448
64 94
64 344
64 336
64 212
64 229
64 368
64 501
65 176
65 311
65 246
65 324
65 345
65 231
65 426
66 433
66 335
66 497
66 445
66 208
66 141
67 452
67 272
67 393
67 458
68 425
68 302
68 402
68 70
68 298
68 228
68 236
69 171
69 339
69 158
69 86
69 473
69 384
70 418
70 437
70 368
70 403
70 423
71 417
71 85
71 289
72 305
72 435
72 190
72 399
72 336
72 229
72 501
72 118
72 195
73 317
73 456
73 195
73 458
73 204
74 398
74 177
74 414
74 191
74 298
74 256
74 185
75 274
75 189
75 160
75 429
75 110
75 439
75 207
75 186
76 434
76 201
76 260
76 293
76 289
76 227
77 434
77 281
77 317
77 180
77 227
78 307
78 221
78 321
78 144
78 263
78 336
79 384
79 84
79 236
79 227
79 498
80 287
80 370
80 170
80 157
80 200
80 300
80 164
80 490
80 325
80 312
80 128
81 395
81 215
81 509
81 495
81 159
81 362
81 432
82 492
82 189
82 207
82 181
82 455
82 399
82 104
83 216
83 231
83 271
83 340
83 108
84 427
84 198
84 141
84 447
84 490
85 241
85 318
85 230
85 492
85 339
85 214
85 194
85 249
85 227
85 206
85 351
85 367
85 320
85 329
85 274
85 396
85 433
85 278
85 506
85 354
85 325
86 251
86 336
86 229
86 501
87 515
87 160
87 291
87 314
87 405
88 501
88 236
88 161
88 480
89 413
89 192
89 175
89 422
89 176
89 98
89 490
90 260
90 159
90 184
90 268
90 393
91 177
91 443
91 436
91 477
91 198
91 178
91 180
91 324
91 200
91 116
92 171
92 443
92 198
92 144
92 196
92 210
92 488
92 112
93 388
93 391
93 202
93 242
93 339
93 212
94 473
94 499
94 244
94 311
94 426
94 320
94 254
95 336
95 384
95 185
95 444
95 113
95 402
95 399
95 334
96 266
96 326
96 240
97 162
97 384
97 446
97 239
98 388
98 109
98 284
98 304
98 309
99 435
99 336
99 479
99 474
99 383
99 227
99 226
99 229
99 501
99 384
99 465
100 439
100 210
100 509
100 504
100 290
100 227
100 507
100 438
101 501
101 415
101 234
102 389
102 336
102 262
102 208
102 172
102 282
102 231
102 501
102 118
103 497
103 393
103 209
103 444
104 224
104 135
104 354
105 504
105 336
105 229
105 368
105 501
105 379
105 449
106 324
106 217
106 473
106 237
106 509
107 504
107 279
107 119
107 124
107 210
107 235
107 272
107 381
107 158
107 495
108 433
108 384
108 228
109 442
109 266
109 419
109 327
109 287
109 123
109 115
109 151
110 317
110 206
110 407
110 251
110 512
111 261
111 146
111 188
111 328
111 207
111 380
111 384
112 336
112 475
112 229
112 368
112 501
113 318
113 223
113 384
113 139
113 275
113 228
114 299
114 146
114 314
114 348
114 380
115 435
115 161
115 432
115 333
115 343
115 486
116 142
116 271
116 284
117 214
117 344
117 367
117 444
118 285
118 331
118 336
118 475
118 368
118 501
118 482
118 208
118 298
118 474
118 471
118 515
118 503
118 137
118 228
119 395
119 294
119 495
119 504
119 207
119 402
119 334
120 428
120 177
120 136
120 415
120 204
121 311
121 332
121 224
121 135
121 344
122 266
122 336
122 131
122 415
122 313
122 275
122 368
123 284
123 258
123 402
124 265
124 338
124 488
125 501
125 243
125 389
126 259
126 274
126 325
126 401
126 355
127 325
127 514
127 274
127 211
127 463
127 448
128 467
128 211
128 152
128 151
129 371
129 189
129 498
130 503
130 250
130 272
130 304
131 249
131 385
131 284
131 297
132 389
132 154
132 288
132 418
132 293
132 310
132 500
132 302
133 468
134 324
134 306
134 257
134 135
134 285
134 336
134 482
134 501
135 368
135 218
136 500
136 157
136 403
137 513
137 515
137 481
137 497
137 185
137 483
137 154
137 293
137 467
137 158
138 335
138 497
138 280
139 497
139 387
139 384
139 187
139 292
139 434
139 210
139 185
140 143
140 429
140 267
140 275
140 408
141 384
141 282
141 264
141 167
141 357
141 311
141 185
142 201
142 145
142 423
142 408
143 353
143 387
143 299
143 459
143 343
144 319
144 269
144 239
144 471
145 352
145 510
145 212
145 425
146 380
146 373
146 207
147 274
147 162
147 254
147 506
147 148
147 336
147 399
148 222
148 318
148 187
148 317
149 439
149 232
149 211
150 287
150 384
150 446
151 453
151 329
151 211
151 225
151 254
152 178
152 278
152 174
152 252
152 156
152 420
152 212
152 155
152 506
153 296
153 280
153 459
153 160
153 164
153 442
153 327
153 508
154 433
154 288
155 400
155 177
155 191
155 414
155 180
155 447
155 317
155 334
155 178
155 435
156 398
156 191
156 509
156 368
156 485
157 387
157 413
157 388
157 479
157 170
158 461
158 249
158 422
159 409
159 411
159 312
159 471
160 330
160 175
160 306
160 429
160 496
160 478
160 315
160 328
160 207
161 442
161 349
161 432
161 464
161 322
161 468
161 341
161 202
161 328
161 302
161 332
161 204
161 243
162 304
162 176
162 405
162 268
162 192
163 362
163 225
163 365
164 299
164 200
164 395
165 353
165 327
165 300
165 173
165 431
165 352
166 409
166 446
166 316
166 225
166 185
167 441
167 384
167 314
168 388
168 413
168 372
168 200
168 337
168 244
168 362
168 455
168 185
169 260
169 284
169 445
169 503
169 401
169 245
170 406
170 391
170 357
170 467
170 309
170 261
170 332
171 329
171 492
171 281
171 506
171 346
171 222
171 302
172 445
172 305
172 373
172 349
172 336
172 501
172 275
173 238
173 459
173 378
174 400
175 366
175 276
175 297
176 203
176 427
176 437
176 321
176 217
176 503
176 243
178 398
178 414
178 506
178 278
178 252
178 230
178 467
178 443
179 406
179 287
179 416
179 200
180 278
180 449
180 443
180 340
181 261
181 422
181 271
181 315
181 316
182 296
182 230
182 497
182 412
183 269
183 409
183 283
183 261
184 193
184 409
184 323
184 451
185 467
185 449
185 358
185 264
185 425
185 316
185 290
185 512
185 478
185 434
185 464
186 440
186 305
186 435
186 336
186 223
186 501
187 384
187 449
187 195
187 228
188 306
188 291
188 497
188 245
189 276
189 306
189 315
189 261
189 471
189 496
189 207
189 342
189 336
190 400
190 326
190 435
190 265
190 475
190 501
191 443
191 451
191 198
192 401
192 345
192 207
193 284
193 351
193 356
194 281
194 351
194 241
194 375
194 329
195 264
195 358
195 382
195 512
195 403
195 480
195 344
196 286
196 333
196 459
196 204
196 464
196 224
197 266
197 299
197 327
197 283
197 307
198 477
198 504
199 353
199 397
199 430
199 308
200 413
200 319
200 387
200 391
200 343
200 299
200 240
200 372
200 350
200 455
201 411
201 365
201 225
202 319
202 459
202 385
202 486
202 467
202 423
202 207
202 336
203 356
203 461
203 296
203 255
204 243
205 319
205 284
205 286
205 444
205 493
205 236
206 281
206 320
207 401
207 306
207 251
207 301
207 489
207 455
207 448
207 363
207 486
207 342
208 336
208 501
209 279
209 347
209 305
209 504
210 395
210 439
210 457
210 213
210 346
210 488
211 323
212 285
212 403
212 501
212 224
213 273
213 366
213 478
213 488
214 462
214 494
214 501
215 463
215 295
215 495
215 504
215 501
216 343
216 427
217 503
217 475
217 276
217 350
217 483
218 332
218 432
218 468
218 369
218 227
218 224
219 342
219 393
220 305
220 336
220 403
220 368
220 501
221 428
221 430
221 308
221 257
222 354
222 385
222 384
223 435
223 331
223 336
223 501
224 248
224 259
225 413
225 269
225 459
225 254
226 276
226 342
226 401
226 245
226 262
226 377
227 317
227 329
227 242
227 503
228 384
228 392
228 290
228 465
228 363
228 307
228 293
228 385
229 336
229 448
229 471
229 326
229 501
229 398
229 422
229 254
229 489
229 266
229 368
230 346
230 264
230 336
231 346
232 503
232 234
232 313
232 253
232 233
232 250
233 297
233 483
233 313
234 482
234 390
234 376
235 263
235 478
235 362
235 487
235 504
235 285
236 255
236 384
236 316
236 275
236 408
236 358
236 247
236 429
237 336
237 474
237 365
237 368
237 501
238 287
238 319
238 416
239 423
239 462
239 368
240 396
240 319
240 467
240 257
240 446
241 281
241 416
242 468
242 506
242 243
243 305
243 447
243 334
243 333
243 464
243 432
243 322
243 480
243 375
243 250
243 323
243 463
243 393
244 396
244 428
244 368
244 432
244 464
245 345
245 429
245 456
246 421
246 460
246 334
247 499
247 256
247 250
248 397
248 470
248 398
249 512
249 490
250 346
250 506
250 509
250 313
250 438
250 390
250 500
250 360
250 476
251 323
251 407
252 398
252 340
253 434
253 504
253 380
253 336
254 452
254 276
255 277
255 409
255 354
255 314
256 352
256 338
256 488
257 331
257 262
257 336
257 368
257 501
257 275
258 293
258 499
258 503
258 308
258 393
259 442
259 324
260 356
260 283
260 450
260 390
260 458
260 333
261 315
261 328
261 326
262 264
262 336
262 368
262 501
263 495
263 395
263 336
264 470
264 384
264 414
264 481
264 303
265 488
266 396
266 350
267 417
267 364
267 390
267 311
268 360
268 348
269 462
269 374
269 495
270 454
270 289
270 428
272 415
272 438
273 395
273 479
273 347
273 504
274 308
274 395
274 514
274 386
274 394
274 452
274 369
274 355
274 360
274 403
275 365
275 384
275 449
275 358
275 498
275 509
275 300
276 327
276 455
276 422
277 404
277 283
277 364
278 372
278 398
279 352
279 362
279 325
279 488
279 401
280 343
280 305
281 318
281 363
281 317
281 339
281 437
282 512
282 384
282 445
283 370
283 485
283 475
284 445
284 404
284 304
284 312
284 300
284 376
284 423
284 453
284 364
285 435
285 448
285 336
285 501
286 384
286 420
286 442
287 370
287 337
287 446
288 515
288 497
289 407
289 429
289 315
290 447
290 384
290 472
291 301
291 380
291 492
291 328
292 384
292 314
292 465
292 464
293 418
293 400
293 296
293 475
294 466
294 334
294 507
295 395
295 403
296 310
296 513
296 489
296 501
297 486
297 364
298 451
298 395
298 336
298 368
298 501
299 391
299 396
299 364
300 419
300 484
300 446
301 314
301 444
302 430
302 498
302 486
303 384
303 408
303 357
303 465
304 372
304 434
304 462
305 324
305 484
305 476
305 336
305 501
306 436
306 502
307 427
307 421
307 501
308 491
308 437
308 460
308 368
309 457
310 335
310 418
310 442
311 427
311 428
311 421
311 324
312 423
312 512
312 499
312 359
313 390
314 384
315 345
315 323
315 495
315 503
315 514
315 443
315 348
316 374
316 446
318 406
318 327
318 505
319 391
319 370
319 337
319 392
320 492
320 400
321 472
321 397
321 495
322 432
322 332
322 364
323 494
324 428
324 397
325 394
325 511
325 405
325 335
325 329
326 336
326 501
327 388
327 467
327 440
327 443
329 402
330 348
330 412
330 351
330 384
331 397
331 336
331 365
331 368
331 501
332 444
333 469
333 464
334 454
335 417
335 497
336 373
336 471
336 482
336 383
336 379
336 435
336 475
336 368
336 448
336 501
336 365
336 479
336 474
336 515
336 420
336 399
336 392
336 450
336 452
337 493
337 343
338 503
338 457
338 478
338 479
339 497
340 414
340 367
340 446
341 380
341 392
342 407
342 412
342 352
343 387
343 468
344 492
344 372
345 401
345 422
345 499
345 415
347 362
347 465
347 510
347 501
347 379
347 441
348 470
349 501
349 402
349 464
350 454
351 491
352 395
352 439
352 478
352 359
353 508
353 474
353 379
354 378
355 393
355 424
356 423
356 466
357 446
358 384
358 410
359 495
359 439
359 488
359 510
359 480
360 433
360 391
360 393
360 426
361 421
361 473
361 460
361 427
362 439
362 504
363 464
364 415
364 438
364 385
365 383
365 379
365 513
365 368
365 501
366 395
366 439
366 406
366 504
366 476
366 415
366 456
367 371
368 501
368 479
368 448
368 474
368 437
368 392
369 432
369 424
371 424
371 416
372 450
372 461
373 501
374 404
374 501
375 446
375 456
376 450
376 483
376 487
377 513
377 418
377 464
378 424
378 475
378 489
379 501
379 482
379 418
380 432
381 488
381 426
381 505
382 384
382 478
383 475
383 501
384 403
384 490
384 512
384 402
384 410
384 446
384 486
384 420
384 479
384 484
384 507
385 435
385 489
386 514
386 496
386 394
386 511
386 393
386 399
387 406
387 484
387 440
388 396
388 440
388 455
388 406
389 513
389 515
389 418
389 497
389 510
390 500
390 503
391 419
391 413
391 406
391 463
392 498
393 475
394 395
395 504
395 507
395 457
395 466
395 450
396 406
396 463
397 411
397 421
397 503
397 417
397 460
398 426
399 441
400 496
400 443
401 422
402 425
404 411
404 461
404 482
405 478
405 462
406 463
406 509
407 455
407 462
408 409
409 470
410 485
410 469
411 445
411 434
411 414
412 489
414 443
414 506
415 496
415 438
417 418
417 515
417 491
418 481
419 493
419 443
420 487
420 490
421 431
423 461
425 512
426 454
427 473
427 504
428 470
428 437
428 503
429 454
429 482
430 503
431 441
431 502
432 480
433 451
435 475
435 501
436 506
436 483
437 491
437 503
438 487
441 452
442 484
442 467
443 496
443 487
445 507
446 486
446 485
446 500
446 448
448 508
448 506
448 501
450 473
450 495
451 515
453 514
454 489
457 488
458 469
459 515
460 503
463 484
463 494
463 474
464 485
464 470
466 504
468 505
469 480
471 475
471 501
472 513
473 492
474 484
474 511
475 509
475 501
476 502
476 505
480 497
481 497
482 495
482 501
483 496
485 490
486 501
488 507
488 504
492 501
494 509
495 504
500 501
501 505
511 514
513 515
