0 129
0 244
0 323
0 207
0 353
0 73
1 130
1 113
1 427
1 370
1 263
1 267
1 226
2 451
2 430
2 275
2 268
2 297
2 441
2 50
3 259
3 4
3 384
3 452
3 113
3 297
3 320
3 216
4 42
4 113
4 267
4 130
4 52
4 22
4 406
4 455
4 184
4 223
4 40
4 444
4 435
4 384
4 323
5 199
5 232
5 105
5 56
5 416
5 313
5 192
5 397
5 139
5 442
5 386
5 141
5 145
5 122
5 108
6 394
6 381
6 317
6 66
6 313
6 448
6 81
6 346
7 389
7 206
7 308
7 121
8 389
8 442
8 111
8 104
8 154
8 228
8 230
9 396
9 291
9 442
9 206
9 292
9 128
9 261
9 422
9 107
10 438
10 353
10 148
10 441
10 385
10 178
10 91
10 94
11 61
11 190
11 87
11 393
12 186
12 227
12 413
12 358
12 202
12 283
12 280
12 243
13 194
13 101
13 34
13 59
13 260
13 274
13 268
13 207
13 233
13 377
13 148
13 306
13 333
14 130
14 390
14 352
14 267
14 407
14 436
14 199
14 138
14 399
15 342
15 399
15 395
15 284
15 17
15 228
16 329
16 65
16 74
16 77
16 410
16 353
17 454
17 133
17 201
17 228
18 458
18 350
18 145
18 163
18 305
18 433
18 228
19 139
19 397
19 399
19 413
19 73
19 206
19 297
19 441
19 435
20 263
20 193
20 206
20 103
20 385
20 166
20 456
20 355
21 274
21 262
21 378
21 264
21 367
21 112
21 176
21 162
21 447
21 259
21 256
21 62
21 413
21 411
22 267
22 137
22 263
22 112
22 265
22 285
22 308
23 297
23 383
23 354
23 387
23 44
23 88
24 139
24 394
24 454
24 438
24 424
24 378
24 314
24 310
24 442
25 147
25 137
25 42
25 113
25 199
25 358
26 193
26 303
26 160
26 231
26 320
27 403
27 138
27 139
27 272
27 418
27 261
27 58
27 193
27 248
27 122
28 137
28 49
28 427
28 150
28 78
28 139
28 353
29 139
29 276
29 105
29 114
30 142
30 145
30 293
30 413
30 134
30 297
31 194
31 65
31 444
31 52
31 189
32 137
32 440
32 356
32 404
32 53
32 441
32 223
33 234
33 324
33 199
33 40
33 89
33 271
33 36
33 436
33 334
33 394
33 275
33 98
34 389
34 381
34 330
34 184
34 207
34 382
34 265
35 242
35 187
35 236
35 457
35 127
35 66
35 343
35 61
35 169
35 241
35 312
35 124
35 120
35 445
35 405
35 319
35 194
35 103
35 197
35 249
35 304
35 119
35 173
35 297
35 232
35 298
35 363
35 438
35 221
35 104
35 181
35 136
35 186
35 69
35 375
36 257
36 396
36 216
36 413
37 389
37 304
37 366
37 274
37 406
37 356
37 126
37 139
37 422
38 129
38 442
38 193
38 248
38 274
38 297
38 166
38 85
39 389
39 260
39 139
39 272
39 419
39 295
39 193
39 210
39 142
39 84
40 42
40 143
40 440
40 123
41 442
41 217
41 274
41 275
41 145
41 297
41 306
41 441
41 443
42 434
42 280
42 421
42 353
42 166
42 231
43 129
43 272
43 140
43 141
43 253
43 294
43 198
44 401
44 213
44 326
44 386
44 145
44 125
44 210
44 119
45 389
45 407
45 295
45 62
45 94
45 117
45 433
46 329
46 171
46 88
46 247
47 389
47 190
47 208
47 390
47 356
47 139
47 381
48 279
48 142
48 286
48 85
48 319
48 216
49 137
49 426
49 197
49 242
49 87
49 365
49 107
50 208
50 435
50 411
50 84
50 330
50 294
50 209
50 328
51 343
51 83
51 399
51 238
51 168
51 206
51 355
52 403
52 406
52 426
52 139
53 138
53 139
53 454
53 278
53 282
53 258
53 319
53 366
53 367
54 442
54 102
54 397
54 393
54 206
55 186
55 202
55 329
55 397
55 206
55 341
55 145
56 139
56 394
56 79
56 442
56 201
56 365
56 452
57 448
57 353
57 431
57 440
57 277
57 131
57 69
57 387
57 421
57 297
58 129
58 194
58 415
58 456
58 122
58 72
58 84
59 405
59 396
59 184
59 347
59 98
59 259
59 90
59 233
59 441
59 395
60 139
60 295
60 219
60 343
60 354
60 442
61 405
61 187
61 351
61 186
61 194
61 69
61 343
61 257
61 295
62 185
62 331
62 317
62 207
62 357
62 233
63 75
63 73
63 176
63 440
64 74
64 200
64 410
64 326
64 201
64 347
64 353
64 191
64 238
65 434
65 363
65 443
65 211
65 353
65 273
66 194
66 69
66 380
66 295
66 442
67 312
67 190
67 399
67 179
67 73
67 206
67 341
67 102
68 95
68 436
68 148
68 235
68 212
68 116
68 200
68 353
68 268
69 129
69 186
69 194
69 92
69 187
69 127
69 96
69 241
69 103
69 343
69 372
69 80
69 192
69 236
69 124
69 287
69 310
69 315
69 229
69 458
69 75
69 335
69 135
69 296
69 438
69 152
69 419
70 349
70 190
70 414
70 304
70 208
70 366
70 169
70 99
70 294
70 394
70 443
71 280
71 429
71 334
71 175
71 168
71 297
71 367
72 391
72 353
72 73
72 132
72 256
72 101
72 290
72 84
73 347
73 399
73 332
73 369
73 179
73 362
73 227
73 349
73 261
73 274
73 286
73 450
74 184
74 410
74 453
74 201
74 217
74 91
74 353
75 148
75 453
75 88
76 282
76 206
76 314
76 249
76 227
77 153
77 313
77 317
77 184
77 247
77 125
77 439
77 90
77 382
78 380
78 399
78 275
78 171
79 274
79 364
79 419
79 223
80 129
80 391
80 186
81 193
81 313
81 330
81 382
82 125
82 306
82 437
82 402
82 341
82 348
82 376
83 291
85 215
85 166
85 358
86 160
86 266
86 354
86 143
86 458
86 117
87 284
87 366
87 389
87 356
87 125
88 159
88 442
88 256
88 376
88 422
88 338
88 173
88 261
88 414
88 397
88 241
88 149
88 166
89 204
89 206
89 157
89 227
90 446
90 207
90 181
90 139
90 178
90 206
90 275
90 437
91 211
91 215
91 208
91 298
91 353
91 365
91 413
91 268
92 186
92 194
92 196
92 436
92 175
92 242
92 227
93 113
93 169
93 414
93 421
93 181
93 330
93 353
94 295
94 275
94 297
94 358
95 208
95 304
95 190
95 161
95 318
95 182
95 98
95 162
96 445
96 186
96 194
96 122
97 399
97 179
97 344
97 204
97 432
97 255
97 275
97 402
97 106
97 371
97 121
97 108
97 228
98 221
98 142
98 166
99 276
99 388
99 433
99 228
100 139
100 182
100 341
100 397
100 205
100 328
100 135
101 331
101 207
101 220
101 232
102 399
102 146
102 356
102 145
103 391
103 194
103 297
103 171
104 206
104 275
104 297
104 302
104 306
104 443
104 166
104 223
104 224
104 358
105 139
105 442
105 178
105 173
106 206
106 182
106 404
106 304
107 292
107 203
107 311
107 321
108 194
108 179
108 204
108 268
108 338
108 400
108 249
108 286
109 297
109 223
109 358
109 400
110 169
110 186
110 194
110 343
110 281
110 297
111 278
111 273
111 228
112 410
112 165
113 263
113 299
113 350
113 205
113 385
113 291
113 139
113 397
114 442
114 380
114 415
114 228
115 352
115 277
115 222
115 344
115 276
116 194
116 344
116 183
117 275
117 297
117 370
117 376
117 125
117 390
117 294
118 225
118 338
118 144
118 173
118 178
118 322
118 177
118 123
119 372
119 148
119 201
119 347
119 353
120 405
120 194
120 323
120 343
120 239
120 163
120 369
121 397
121 179
121 344
121 391
121 238
121 156
122 215
122 140
122 306
122 166
122 358
122 335
122 168
122 195
122 218
122 428
122 273
122 173
122 241
122 414
122 243
123 297
123 358
123 261
123 370
123 173
123 427
123 174
123 371
124 391
124 188
124 186
124 194
124 376
124 388
125 389
125 356
125 298
126 196
126 245
126 190
126 284
126 361
126 259
126 368
126 332
126 286
127 194
127 300
128 231
128 225
128 290
128 228
129 192
129 319
129 372
129 345
129 249
129 187
129 196
129 239
129 405
129 241
129 351
129 151
129 173
129 339
129 143
130 434
130 426
130 259
130 299
130 359
130 200
130 446
130 401
130 171
130 226
130 165
131 305
131 258
131 303
131 192
131 132
131 282
131 274
132 353
132 175
132 163
133 374
133 252
133 304
133 143
133 228
134 227
134 274
134 253
134 262
134 165
135 139
135 351
135 421
135 156
135 297
135 358
135 395
135 308
136 150
136 328
136 408
136 228
137 406
137 426
137 325
137 211
137 223
138 149
138 439
138 139
138 272
138 285
138 295
138 442
138 404
139 250
139 149
139 419
139 342
139 276
139 322
139 295
139 438
139 287
139 219
139 214
139 272
139 351
139 285
139 416
139 454
139 161
139 442
139 439
139 318
139 380
139 316
139 424
139 260
139 325
139 394
139 248
139 232
139 193
139 210
139 212
139 158
139 303
139 395
139 196
139 290
139 144
139 231
139 332
139 341
139 393
139 370
140 171
140 293
140 430
140 437
140 299
140 398
140 283
140 297
141 276
141 193
141 441
141 145
141 168
141 358
142 419
142 393
142 321
142 223
142 274
142 145
142 415
142 171
142 248
142 202
142 179
142 237
142 297
142 358
142 228
143 396
143 324
143 429
143 449
143 206
143 220
143 274
143 310
144 248
144 399
144 266
145 201
145 288
145 269
145 168
145 334
145 223
145 358
146 343
146 297
146 254
146 338
147 289
147 384
147 399
148 426
148 319
148 296
148 451
148 206
149 272
149 458
150 196
150 278
150 340
150 391
150 191
151 194
151 307
151 419
151 279
151 450
151 433
152 295
152 244
152 278
152 413
152 358
153 280
153 199
153 352
153 357
153 382
153 265
153 228
154 343
154 363
154 228
154 291
154 409
155 212
155 411
155 320
155 435
155 389
155 247
156 417
156 397
156 306
156 456
157 343
157 389
157 349
157 197
157 190
157 245
157 365
158 277
158 303
158 325
158 254
158 206
158 297
158 223
159 186
159 257
159 390
159 272
160 455
160 161
160 215
160 191
160 303
160 294
160 285
160 306
161 260
161 295
161 442
161 440
161 358
162 192
162 211
162 387
162 228
162 367
163 390
163 417
163 214
163 297
163 358
164 272
164 413
164 213
164 311
165 426
165 395
165 171
165 167
165 228
166 342
166 425
166 297
166 443
166 218
166 223
166 417
166 224
166 333
166 418
166 231
166 241
166 359
166 447
166 360
166 311
166 422
166 240
166 358
167 375
167 447
167 184
167 228
168 301
168 355
168 346
168 265
168 318
168 408
168 264
168 188
168 223
168 358
169 345
169 343
170 186
170 194
170 414
170 433
170 340
170 174
170 436
171 442
171 392
171 297
171 288
171 275
171 192
171 424
171 441
172 407
172 291
172 357
172 430
172 394
172 207
172 353
172 180
172 230
173 236
173 191
173 253
174 414
174 389
174 352
174 226
174 208
175 343
175 429
175 411
176 186
176 287
176 309
176 228
177 458
177 413
177 326
177 416
178 445
178 329
178 181
178 238
178 201
178 353
178 206
178 297
178 336
178 367
179 452
179 444
179 180
179 298
179 240
179 206
180 397
180 371
180 204
180 206
180 227
180 443
180 328
181 272
181 419
181 451
181 215
181 221
181 353
182 353
182 397
182 399
182 409
182 449
182 206
182 418
182 228
183 353
183 401
183 297
183 306
183 333
183 302
183 420
183 272
183 252
183 203
183 358
183 433
185 377
185 210
185 442
185 313
186 445
186 343
186 241
186 319
186 236
186 205
186 457
186 345
186 188
186 339
186 391
186 239
186 272
186 219
186 298
186 215
186 279
186 359
186 423
186 379
186 194
186 344
187 457
187 389
187 194
187 374
188 234
188 372
188 435
188 196
188 295
188 247
189 343
189 399
189 360
189 300
189 387
189 206
189 297
190 351
190 456
191 442
191 353
191 273
191 432
191 321
192 312
192 343
192 249
192 365
192 194
192 208
192 453
192 252
193 276
193 295
193 442
193 342
193 219
193 248
193 285
193 214
193 318
193 424
193 370
193 409
193 249
194 345
194 205
194 339
194 372
194 239
194 312
194 391
194 323
194 343
194 445
194 234
194 427
194 346
194 410
194 359
194 255
194 375
194 415
194 269
194 373
195 280
195 272
195 275
195 418
195 297
195 441
196 319
196 343
196 200
196 306
196 441
197 323
197 356
197 307
197 343
198 293
200 353
201 365
201 412
201 247
201 237
201 385
201 246
201 353
201 332
202 208
202 396
202 436
203 442
203 301
203 325
203 354
204 399
204 206
204 297
204 358
205 405
205 343
205 280
205 313
205 233
205 441
206 397
206 432
206 379
206 251
206 332
206 227
206 362
206 398
206 369
206 444
206 360
206 445
206 425
206 389
206 426
206 282
206 416
207 313
207 377
207 440
207 264
208 389
208 284
208 240
208 325
208 356
209 295
209 442
209 329
209 383
209 353
210 389
210 382
211 284
211 436
211 451
211 353
212 306
212 294
213 289
213 271
213 279
214 239
214 442
214 278
214 440
214 314
214 228
215 424
215 421
215 217
215 329
215 226
216 365
217 451
217 303
217 353
217 365
218 318
218 397
218 270
218 281
218 292
218 443
218 358
219 295
220 246
220 420
220 249
220 297
220 266
221 327
221 410
221 295
221 353
221 392
222 277
222 282
222 335
223 260
223 286
223 383
223 378
223 257
223 358
224 297
224 306
224 431
224 327
224 226
225 427
225 327
225 396
226 274
226 297
226 358
226 270
226 230
227 397
227 399
227 432
227 371
227 403
227 377
227 443
228 395
228 238
228 433
228 252
228 388
228 262
228 264
228 374
228 378
228 367
228 362
228 310
228 424
228 298
228 297
228 259
228 308
228 282
229 413
229 274
229 297
229 381
229 328
229 358
230 441
230 294
230 298
230 233
232 285
232 442
232 283
233 381
233 313
233 340
233 426
233 382
233 297
234 343
234 376
235 410
235 353
235 404
235 336
235 390
235 320
235 456
235 358
236 312
237 451
237 353
237 378
237 432
238 433
238 448
238 332
239 323
239 276
239 361
239 422
240 343
240 389
240 356
240 458
241 426
241 343
241 318
241 358
242 445
242 283
243 262
243 375
243 378
244 322
244 353
245 414
245 311
245 301
245 291
246 413
246 344
247 412
247 453
247 353
248 394
248 295
248 442
248 405
248 451
249 323
249 343
249 442
250 285
250 442
250 322
250 420
250 414
250 409
250 274
251 314
251 449
251 367
251 269
252 456
252 397
252 269
253 355
253 348
253 266
254 278
254 262
255 451
255 432
256 353
256 288
256 334
256 376
257 356
257 357
257 396
257 353
257 362
258 451
258 431
258 309
258 382
258 388
258 440
259 403
259 384
259 427
259 275
260 322
260 295
260 442
261 263
261 298
261 266
262 397
263 434
263 427
263 447
263 439
263 455
265 313
265 274
265 297
265 358
266 371
267 289
267 408
267 323
268 359
268 383
268 308
269 353
269 413
269 288
269 306
269 443
269 358
270 301
270 387
270 284
270 297
270 441
271 386
271 430
271 413
272 424
272 394
272 297
273 302
273 430
273 297
274 355
274 450
274 368
274 286
274 335
274 457
274 438
274 415
274 297
275 406
275 366
275 377
275 358
275 281
275 349
275 378
275 426
276 379
276 295
276 442
277 321
277 288
278 309
279 425
279 345
279 306
280 429
280 390
280 436
281 386
281 456
281 358
282 393
282 390
282 440
283 310
284 349
284 304
284 315
284 356
284 358
285 323
285 361
285 369
285 355
285 404
285 442
285 294
286 399
286 371
286 417
286 437
286 289
287 419
287 442
287 314
288 439
288 456
288 335
288 436
288 297
288 428
289 299
289 343
289 293
290 331
290 431
290 333
290 325
290 345
291 324
291 437
292 342
292 335
292 297
293 385
293 315
293 306
293 437
294 435
294 357
294 309
295 442
295 454
295 318
295 394
295 419
295 342
295 322
295 380
295 333
295 376
295 398
295 420
295 451
295 423
295 443
296 382
296 387
296 297
296 306
296 437
296 333
297 443
297 335
297 310
297 387
297 428
297 306
297 302
297 368
297 321
297 301
297 315
297 415
297 456
297 364
297 346
297 450
297 418
297 457
297 314
297 412
297 307
297 360
297 365
297 353
297 389
297 370
297 333
297 358
299 330
299 411
300 329
300 436
301 362
301 306
301 443
302 440
302 306
302 441
302 358
304 323
304 356
304 382
305 372
305 356
305 339
305 440
305 314
306 321
306 368
306 335
306 428
306 417
306 443
306 425
306 426
306 331
306 351
306 456
307 436
307 408
308 399
308 395
309 442
309 393
311 353
311 314
311 388
312 445
312 331
312 343
313 446
313 317
313 358
313 405
313 382
314 451
314 399
314 362
316 357
316 394
316 318
316 442
317 384
317 363
317 382
317 341
318 442
319 413
320 359
321 456
321 358
321 354
322 442
322 324
323 457
323 372
323 454
323 328
323 453
323 397
324 407
324 436
325 416
325 442
325 437
326 386
326 413
326 423
327 442
327 453
328 433
328 339
329 412
330 424
330 453
330 398
331 448
331 392
332 343
332 399
332 398
332 340
332 441
333 437
333 453
333 358
335 442
335 441
335 443
335 433
337 399
337 412
337 350
338 400
338 413
339 360
340 382
341 350
341 392
342 442
343 391
343 345
343 373
343 398
343 356
343 456
344 399
344 432
344 413
345 442
346 358
347 353
348 445
348 368
349 426
349 389
349 356
349 382
349 360
351 442
351 394
351 352
351 358
352 436
352 408
352 418
353 453
353 451
353 410
353 421
353 404
353 434
353 390
353 420
353 424
353 426
353 381
354 440
355 437
355 358
356 389
356 400
356 409
356 404
358 456
358 364
358 368
358 417
358 375
358 378
358 395
358 363
358 394
358 386
358 369
358 360
360 399
361 442
364 418
365 399
365 400
366 376
367 418
367 388
367 374
367 395
367 382
367 406
368 387
368 418
368 441
371 383
372 449
373 427
373 433
377 397
379 399
379 409
379 428
379 443
380 442
380 413
380 450
381 382
382 448
382 390
384 426
385 392
386 401
386 425
387 453
387 441
389 414
390 436
390 411
394 454
394 442
396 449
397 398
398 443
399 431
399 432
399 456
400 402
401 420
402 412
403 422
403 432
404 453
404 421
404 451
405 445
408 416
408 456
409 426
409 413
410 432
410 421
410 451
412 455
412 445
412 423
413 420
413 456
414 443
415 441
416 440
416 442
417 425
417 441
418 441
419 442
421 449
424 442
426 455
426 427
427 428
427 454
428 456
431 440
431 437
432 433
437 442
437 440
437 450
437 456
439 442
439 441
441 456
442 454
442 444
442 452
443 450
443 445
446 448
