0	0.16196652
1	0.49557973
2	0.23000556
3	0.16123011
4	0.27518739
5	0.25280038
6	0.26627222
7	0.48597943
8	0.29373821
9	0.16464655
10	0.20083056
11	0.23916269
12	0.17567207
13	0.16834467
14	0.20020758
15	0.16879557
16	0.38354467
17	0.14113408
18	0.18650360
19	0.38423483
20	0.33297913
21	0.36197808
22	0.31427890
23	0.47997680
24	0.30423694
25	0.33224174
26	0.26290908
27	0.41024294
28	0.36123979
29	0.40154227
30	0.41564017
31	0.33777988
32	0.34471404
33	0.42354189
34	0.27173318
35	0.35171246
36	0.36475270
37	0.37672883
38	0.19268596
39	0.20067267
40	0.37446441
41	0.11926914
42	0.26899850
43	0.29219610
44	0.18611922
45	0.10760368
46	0.23913761
47	0.28069099
48	0.35134369
49	0.20395098
50	0.11905946
51	0.21501081
52	0.30422958
53	0.25173011
54	0.40370173
55	0.31245480
56	0.14947492
57	0.30639730
58	0.27534722
59	0.20018123
60	0.20880240
61	0.31120135
62	0.17849527
63	0.22534024
64	0.25480000
65	0.45490240
66	0.37910946
67	0.18389955
68	0.27945631
69	0.33443881
70	0.09582072
71	0.32383318
72	0.37168056
73	0.29573153
74	0.24700908
75	0.17673724
76	0.34131156
77	0.32681899
78	0.36109827
79	0.34541652
80	0.16970503
81	0.32868258
82	0.26528491
83	0.35475856
84	0.50886749
85	0.34076547
86	0.33392823
87	0.25629572
88	0.22531359
89	0.35758971
90	0.25057320
91	0.36292417
92	0.29242117
93	0.12158266
94	0.36880998
95	0.36932005
96	0.37505233
97	0.11027117
98	0.29376224
99	0.40907575
100	0.12492553
101	0.17785233
102	0.26111029
103	0.33337155
104	0.49048859
105	0.15680008
106	0.35022447
107	0.23966059
108	0.27296997
109	0.17480856
110	0.28758836
111	0.32463243
112	0.09520060
113	0.24843949
114	0.23938408
115	0.27110683
116	0.24308566
117	0.42669520
118	0.25556186
119	0.33317455
120	0.39232695
121	0.25055841
122	0.26853393
123	0.31255743
124	0.17488491
125	0.20500105
126	0.30637065
127	0.30106254
128	0.34599760
129	0.23397020
130	0.32350038
131	0.31364572
132	0.26995165
133	0.30499339
134	0.21043686
135	0.33240533
136	0.19880000
137	0.20119234
138	0.32109572
139	0.18180225
140	0.39957703
141	0.34425556
142	0.22650233
143	0.28722980
144	0.33839685
145	0.18785533
146	0.28617327
147	0.13250856
148	0.37846426
149	0.33141509
150	0.36357935
151	0.21575863
152	0.11061314
153	0.20507643
154	0.25078926
155	0.23274655
156	0.28310435
157	0.15713521
158	0.34238934
159	0.15665225
160	0.30635473
161	0.10529084
162	0.34145210
163	0.22443423
164	0.28258446
165	0.41419512
166	0.26705931
167	0.18544099
168	0.18889647
169	0.37920263
170	0.20655480
171	0.29275886
172	0.27294444
173	0.09817545
174	0.37768071
175	0.24605278
176	0.30980533
177	0.25637455
178	0.44046104
179	0.15315856
180	0.19019947
181	0.32722200
182	0.25740203
183	0.29328941
184	0.26034745
185	0.27930593
186	0.33407920
187	0.43572500
188	0.28231667
189	0.15873754
190	0.18727200
191	0.33443303
192	0.13498056
193	0.27739970
194	0.21231854
195	0.25723386
196	0.30881884
197	0.38748168
198	0.20170263
199	0.32335691
200	0.24595113
201	0.31628431
202	0.22724099
203	0.29553161
204	0.25378011
205	0.30429880
206	0.30866607
207	0.28771321
208	0.18602560
209	0.15444099
210	0.22072673
211	0.28354970
212	0.35307170
213	0.19525075
214	0.42250653
215	0.25955856
216	0.09662335
217	0.25731599
218	0.20885450
219	0.45541817
220	0.25451089
221	0.34529782
222	0.18060398
223	0.38274174
224	0.22206757
225	0.19591794
226	0.47174234
227	0.13307530
228	0.19187568
229	0.15427072
230	0.41313994
231	0.15187440
232	0.34869670
233	0.36325195
234	0.33111502
235	0.21989137
236	0.24309917
237	0.34328919
238	0.33770008
239	0.21192560
240	0.20446216
241	0.19440173
242	0.29696607
243	0.40534137
244	0.38402320
245	0.28605773
246	0.19614009
247	0.11411922
248	0.15931051
249	0.14752402
250	0.31898116
251	0.24102590
252	0.12466299
253	0.26268303
254	0.25099835
255	0.36587020
256	0.11405075
257	0.27427658
258	0.31412102
259	0.25869182
260	0.25970541
261	0.13483378
262	0.32439249
263	0.35252132
264	0.24804662
265	0.23441727
266	0.33896659
267	0.37080916
268	0.32822935
269	0.18200008
270	0.26609542
271	0.32167965
272	0.31121659
273	0.28414512
274	0.30762200
275	0.30509670
276	0.30852800
277	0.11514189
278	0.15565796
279	0.19945405
280	0.35221989
281	0.23439812
282	0.38175848
283	0.18865661
284	0.32423604
285	0.21947508
286	0.18752838
287	0.19358476
288	0.33806577
289	0.28058821
290	0.38600766
291	0.28174212
292	0.21800541
293	0.37662042
294	0.25670053
295	0.33118641
296	0.23277785
297	0.27375060
298	0.22112200
299	0.14283716
300	0.15018386
301	0.24621321
302	0.32546532
303	0.29385803
304	0.31411614
305	0.20455968
306	0.29107883
307	0.28911119
308	0.29219234
309	0.23149775
310	0.30275953
311	0.35770270
312	0.27271592
313	0.25571291
314	0.31957372
315	0.20968941
316	0.16867890
317	0.28735090
318	0.14503904
319	0.21027658
320	0.37766329
321	0.29304715
322	0.25127755
323	0.26325105
324	0.29125676
325	0.20195848
326	0.22375345
327	0.22807320
328	0.37450188
329	0.23903971
330	0.28963731
331	0.28495173
332	0.16985248
333	0.21328859
334	0.29061629
335	0.27549887
336	0.29381802
337	0.33751261
338	0.17261456
339	0.30038071
340	0.37128138
341	0.20841524
342	0.16095653
343	0.41581231
344	0.26528288
345	0.19951622
346	0.27740428
347	0.24545495
348	0.31336074
349	0.22997357
350	0.21610908
351	0.25671104
352	0.25712943
353	0.27039565
354	0.34349009
355	0.11617327
356	0.18108589
357	0.24239227
358	0.39484760
359	0.33148716
360	0.18935556
361	0.26254122
362	0.28113191
363	0.05456426
364	0.27996877
365	0.26450023
366	0.24037665
367	0.13638964
368	0.10636712
369	0.16165511
370	0.29376644
371	0.24343476
372	0.20996967
373	0.47014392
374	0.30573656
375	0.33326381
376	0.15590038
377	0.11927335
378	0.30743881
379	0.29063581
380	0.32973303
381	0.14489437
382	0.14828641
383	0.18517853
384	0.25529827
385	0.15733724
386	0.21737695
387	0.33976066
388	0.34927117
389	0.34190653
390	0.41402020
391	0.24490721
392	0.33076539
393	0.32514227
394	0.24375923
395	0.32338198
396	0.25052237
397	0.34874249
398	0.32377515
399	0.23807365
400	0.29866884
401	0.23933116
402	0.24205383
403	0.19495938
404	0.22358761
405	0.33892995
406	0.42784369
407	0.35654234
408	0.22302913
409	0.15336396
410	0.27064767
411	0.13853701
412	0.21177553
413	0.21533266
414	0.23577110
415	0.24082598
416	0.29146689
417	0.34776607
418	0.31757095
419	0.19086381
420	0.28100323
421	0.24936411
422	0.26200751
423	0.33447027
424	0.12860803
425	0.33198251
426	0.30492245
427	0.32839114
428	0.18759977
429	0.29586764
430	0.17768123
431	0.31153784
432	0.20177913
433	0.34172943
434	0.34951839
435	0.11082845
436	0.16438483
437	0.05228904
438	0.20480300
439	0.18262808
440	0.30028438
441	0.13426922
442	0.31694122
443	0.34955526
