0	0.09824622
1	0.10120514
2	0.07901654
3	0.05676986
4	0.07515462
5	0.02934915
6	0.05037292
7	0.12029993
8	0.04358353
9	0.06410371
10	0.12954225
11	0.20470033
12	0.06733294
13	0.08461628
14	0.01229818
15	0.03987383
16	0.17710462
17	0.01142702
18	0.09433053
19	0.05976934
20	0.05490833
21	0.11051751
22	0.12536536
23	0.04202116
24	0.04815046
25	0.12769948
26	0.06910703
27	0.02371589
28	0.04834388
29	0.03118132
30	0.09109622
31	0.23548105
32	0.01330514
33	0.03170078
34	0.14679342
35	0.13443086
36	0.02411022
37	0.10235579
38	0.11431673
39	0.15309492
40	0.00766107
41	0.20573522
42	0.07953763
43	0.06622656
44	0.19349134
45	0.08782598
46	0.12243197
47	0.22551908
48	0.20005879
49	0.01695462
50	0.01139434
51	0.07024688
52	0.24251784
53	0.05883893
54	0.21297168
55	0.03961387
56	0.05872187
57	0.06048685
58	0.06828164
59	0.04974206
60	0.12033503
61	0.11607402
62	0.04726934
63	0.06723001
64	0.14212832
65	0.08242715
66	0.09689551
67	0.11582227
68	0.03547897
69	0.04933730
70	0.14540794
71	0.08709193
72	0.05950977
73	0.05234460
74	0.10288223
75	0.03573470
76	0.08441914
77	0.06874271
78	0.12407161
79	0.16278783
80	0.06531862
81	0.17213529
82	0.08844531
83	0.11505358
84	0.17396543
85	0.11831374
86	0.05106882
87	0.24928919
88	0.06360905
89	0.02369329
90	0.07660163
91	0.07983327
92	0.09464557
93	0.16245703
94	0.04677721
95	0.07801556
96	0.05242279
97	0.05521198
98	0.23091341
99	0.05099264
100	0.10062070
101	0.03462767
102	0.10903229
103	0.05439720
104	0.21535000
105	0.13950326
106	0.08159362
107	0.11557754
108	0.07221257
109	0.02976074
110	0.05479596
111	0.07282187
112	0.17844538
113	0.05840482
114	0.08981745
115	0.07186374
116	0.17354785
117	0.02479355
118	0.06614889
119	0.08015970
120	0.06042161
121	0.08088880
122	0.03260527
123	0.02256315
124	0.08250215
125	0.02896862
126	0.12093509
127	0.05749987
128	0.13980684
129	0.02973919
130	0.22075833
131	0.09431979
132	0.02733464
133	0.01518372
134	0.02862741
135	0.19690521
136	0.02314297
137	0.02644290
138	0.17007819
139	0.25554753
140	0.03708229
141	0.01486393
142	0.23799674
143	0.13927292
144	0.04914883
145	0.15614531
146	0.02880404
147	0.01861842
148	0.01867949
149	0.07555911
150	0.04234329
151	0.02087962
152	0.14992474
153	0.09545143
154	0.02370742
155	0.03122865
156	0.19973516
157	0.21471803
158	0.09969668
159	0.05444375
160	0.23699772
161	0.23009277
162	0.09399382
163	0.02713372
164	0.13305514
165	0.08243939
166	0.26893223
167	0.05186732
168	0.02489186
169	0.12932337
170	0.17593483
171	0.03793099
172	0.08025410
173	0.13548952
174	0.08594199
175	0.11109629
176	0.02660391
177	0.04772441
178	0.01574902
179	0.04224382
180	0.12706966
181	0.00920964
182	0.13267715
183	0.21523991
184	0.05374583
185	0.08455547
186	0.07078717
187	0.05513887
188	0.10491035
189	0.03786159
190	0.17808626
191	0.05473529
192	0.10718138
193	0.08543464
194	0.09319199
195	0.06029727
196	0.08928691
197	0.11578887
198	0.15825638
199	0.10472500
200	0.08789811
201	0.11463835
202	0.10064486
203	0.05645462
204	0.08482129
205	0.19106751
206	0.14233984
207	0.12657500
208	0.09072259
209	0.11279538
210	0.04646751
211	0.12452214
212	0.14503958
213	0.09777148
214	0.05416159
215	0.05321257
216	0.05232116
217	0.10009648
218	0.05466237
219	0.04806211
220	0.18892689
221	0.04681751
222	0.03683574
223	0.05725443
224	0.05600475
225	0.03489805
226	0.02132650
227	0.13908594
228	0.09472936
229	0.07316816
230	0.07741009
231	0.08345000
232	0.07772630
233	0.03849271
234	0.05650280
235	0.12005208
236	0.04274850
237	0.06036393
238	0.05521068
239	0.00758268
240	0.06380775
241	0.15862409
242	0.11610716
243	0.19777161
244	0.05682305
245	0.16248952
246	0.08407871
247	0.08943164
248	0.09120449
249	0.19474928
250	0.02276003
251	0.07903724
252	0.06880033
253	0.18724622
254	0.08999538
255	0.11567129
256	0.08984062
257	0.04700859
258	0.09117103
259	0.04518776
260	0.15095853
261	0.04169720
262	0.16420280
263	0.20448210
264	0.01622630
265	0.05111615
266	0.19530508
267	0.04195313
268	0.04433151
269	0.04609538
270	0.06083346
271	0.01834180
272	0.12677188
273	0.05941152
274	0.21851504
275	0.18598320
276	0.21761855
277	0.09329479
278	0.02088737
279	0.08096901
280	0.12261283
281	0.02104382
282	0.07827096
283	0.06722760
284	0.09949687
285	0.14218105
286	0.10074844
287	0.09642871
288	0.10464193
289	0.12779056
290	0.10994792
291	0.11040280
292	0.03236927
293	0.01195475
294	0.05666576
295	0.08258587
296	0.06241087
297	0.02815358
298	0.14902969
299	0.14393216
300	0.10093880
301	0.04867005
302	0.15720241
303	0.09283997
304	0.02306432
305	0.05315983
306	0.10403210
307	0.26969401
308	0.05145586
309	0.10155202
310	0.13692663
311	0.09738503
312	0.08972057
313	0.03700033
314	0.02636348
315	0.08088626
316	0.09513789
317	0.14446348
318	0.01293743
319	0.07164095
320	0.16472682
321	0.06093730
322	0.05748880
323	0.07389577
324	0.10170618
325	0.09281823
326	0.13017598
327	0.11893503
328	0.09282572
329	0.11177207
330	0.08263034
331	0.14804251
332	0.05706517
333	0.13775007
334	0.08147897
335	0.05878034
336	0.18974232
337	0.07484792
338	0.09454303
339	0.11836393
340	0.06756491
341	0.11214180
342	0.05986178
343	0.04566699
344	0.20282122
345	0.02333229
346	0.07518822
347	0.05791035
348	0.17199622
349	0.07945430
350	0.07138444
351	0.05110326
352	0.06719056
353	0.04595599
354	0.01650332
355	0.02722396
356	0.04853568
357	0.03247669
358	0.14814030
359	0.14474154
360	0.05218984
361	0.02635612
362	0.06553053
363	0.03360410
364	0.07850599
365	0.05092070
366	0.00942585
367	0.11375117
368	0.07599147
369	0.04161784
370	0.09408171
371	0.17208197
372	0.02153457
373	0.02134134
374	0.10859583
375	0.05133073
376	0.14859544
377	0.14285104
378	0.09850306
379	0.01952402
380	0.03901608
381	0.02048060
382	0.07372871
383	0.08374993
384	0.10645599
385	0.05591699
386	0.11282858
387	0.13822982
388	0.21724792
389	0.19929434
390	0.13139238
391	0.20229720
392	0.02447689
393	0.02250098
394	0.18133372
395	0.08690859
396	0.03436367
397	0.14694173
398	0.04136478
399	0.11489785
400	0.09338555
401	0.25083086
402	0.02145241
403	0.06847611
404	0.00729036
405	0.07114512
406	0.22733887
407	0.12384206
408	0.11281563
409	0.22366361
410	0.22078164
411	0.00988118
412	0.11167858
413	0.06008763
414	0.05741113
415	0.15771315
416	0.05050749
417	0.10642956
418	0.19544193
419	0.02509395
420	0.15464225
421	0.22117702
422	0.14956113
423	0.06319518
424	0.20777630
425	0.09168210
426	0.04448040
427	0.02397865
428	0.08822591
429	0.16616413
430	0.00810840
431	0.02439837
432	0.09456074
433	0.19971510
434	0.24270527
435	0.13205671
436	0.09357070
437	0.15840924
438	0.02313737
439	0.06488132
440	0.03686882
441	0.16368861
442	0.00978437
443	0.13892207
444	0.06736406
445	0.05612656
446	0.11639883
447	0.02656283
448	0.15044974
449	0.11954753
450	0.22371901
451	0.10676536
452	0.11186074
453	0.06878965
454	0.09841595
455	0.10601882
456	0.13212005
457	0.07620286
458	0.11887656
459	0.12246686
460	0.14927793
461	0.14144160
462	0.23226107
463	0.09776257
464	0.11143522
465	0.10622467
466	0.03739408
467	0.08925586
468	0.09472480
469	0.09883477
470	0.10013490
471	0.06219531
472	0.15097493
473	0.09323372
474	0.22922819
475	0.02519837
476	0.11296680
477	0.03977487
478	0.10361563
479	0.17241243
480	0.04167819
481	0.18660091
482	0.07064668
483	0.14670501
484	0.07082005
485	0.03476270
486	0.07732760
487	0.03625417
488	0.05778509
489	0.07943828
490	0.10632272
491	0.07466087
492	0.05183522
493	0.04332702
494	0.13144017
495	0.08807884
496	0.13065508
497	0.16721868
498	0.05524792
499	0.01046061
500	0.05798620
501	0.03754408
502	0.12225710
503	0.07425742
504	0.05541009
505	0.12237637
506	0.11348281
507	0.07201419
508	0.01336517
509	0.04494414
510	0.04207474
511	0.03479486
