0	0.33727722
1	0.34619609
2	0.40268169
3	0.24913128
4	0.44237567
5	0.26035270
6	0.46747058
7	0.29441769
8	0.44128715
9	0.31546214
10	0.40776499
11	0.38409603
12	0.32831601
13	0.37577027
14	0.49805959
15	0.35090155
16	0.32849261
17	0.42859224
18	0.23259783
19	0.31769795
20	0.26123762
21	0.46917970
22	0.30540515
23	0.29886915
24	0.34469894
25	0.38190633
26	0.37840354
27	0.37268492
28	0.46849025
29	0.27105736
30	0.44687200
31	0.40535587
32	0.33411614
33	0.47308845
34	0.43377703
35	0.30552756
36	0.31860478
37	0.27965214
38	0.42382197
39	0.46893464
40	0.41745978
41	0.25132483
42	0.27247778
43	0.25456207
44	0.28934072
45	0.35120186
46	0.32495667
47	0.45597877
48	0.31932415
49	0.41312396
50	0.36991875
51	0.29304339
52	0.43005313
53	0.26665959
54	0.40782421
55	0.33476555
56	0.23705171
57	0.37542185
58	0.40445984
59	0.41897014
60	0.32370186
61	0.33118876
62	0.22479292
63	0.43905854
64	0.37919783
65	0.39682266
66	0.35684662
67	0.26151235
68	0.38523532
69	0.55593681
70	0.40876375
71	0.28805152
72	0.26965164
73	0.33802862
74	0.35307927
75	0.27037567
76	0.30751800
77	0.13528411
78	0.27269361
79	0.23761651
80	0.47210304
81	0.35401080
82	0.26401068
83	0.36383085
84	0.29011707
85	0.23896238
86	0.31232880
87	0.25007281
88	0.34748734
89	0.37943222
90	0.24063563
91	0.36262061
92	0.17555984
93	0.36738579
94	0.35624581
95	0.36750708
96	0.49561043
97	0.32431223
98	0.36742216
99	0.27343091
100	0.26901415
101	0.40299007
102	0.39054215
103	0.27380019
104	0.52540639
105	0.43213476
106	0.46907101
107	0.34414817
108	0.28221837
109	0.26506934
110	0.22776375
111	0.32134531
112	0.30501024
113	0.31380770
114	0.23548932
115	0.30059851
116	0.29676983
117	0.54652477
118	0.26921819
119	0.33353904
120	0.35568678
121	0.34815338
122	0.36503408
123	0.35687145
124	0.40346840
125	0.42324947
126	0.25566449
127	0.40537753
128	0.37534153
129	0.28376189
130	0.32236331
131	0.28166474
132	0.35519212
133	0.34888374
134	0.30968591
135	0.38145940
136	0.28416667
137	0.38642408
138	0.37453998
139	0.36424035
140	0.30150012
141	0.36554668
142	0.22051825
143	0.42221651
144	0.46394947
145	0.34180652
146	0.33092346
147	0.30926009
148	0.31086195
149	0.38432328
150	0.35758634
151	0.35422024
152	0.25736158
153	0.36388647
154	0.20044165
155	0.28184264
156	0.51791856
157	0.34963153
158	0.37308014
159	0.37900838
160	0.45458330
161	0.42513563
162	0.25783631
163	0.26713091
164	0.28017219
165	0.30559547
166	0.20863743
167	0.28144867
168	0.44418883
169	0.35545258
170	0.37822452
171	0.25001092
172	0.33268845
173	0.46444798
174	0.35170683
175	0.36676344
176	0.29784053
177	0.44998293
178	0.30870596
179	0.31047989
180	0.30769696
181	0.28805140
182	0.50591875
183	0.28992694
184	0.38808759
185	0.26535965
186	0.40046536
187	0.25532669
188	0.43210317
189	0.44732173
190	0.45881608
191	0.36723582
192	0.29119808
193	0.28384842
194	0.33088094
195	0.32720521
196	0.39352390
197	0.28678380
198	0.39691515
199	0.32485307
200	0.30089392
201	0.29466195
202	0.29837709
203	0.30517089
204	0.58178597
205	0.30457877
206	0.43861887
207	0.33953718
208	0.22166220
209	0.38307120
210	0.27618814
211	0.38009727
212	0.36686505
213	0.43475531
214	0.34250230
215	0.28858007
216	0.28727014
217	0.54862855
218	0.41520236
219	0.24537778
220	0.23846785
221	0.28921254
222	0.21918579
223	0.23750161
224	0.45375959
225	0.37536617
226	0.28407778
227	0.34025388
228	0.33847641
229	0.38963799
230	0.58488094
231	0.37750813
232	0.32529497
233	0.33218442
234	0.27516499
235	0.37227747
236	0.58743495
237	0.41547356
238	0.35700416
239	0.20337449
240	0.29886120
241	0.47562117
242	0.26811806
243	0.22252905
244	0.27490993
245	0.44861788
246	0.32439348
247	0.44069342
248	0.35449063
249	0.30396797
250	0.35286828
251	0.28154823
252	0.28909839
253	0.38407834
254	0.28258461
255	0.42701117
256	0.42814370
257	0.28663619
258	0.31669348
259	0.38885022
260	0.22042477
261	0.32976158
262	0.37921813
263	0.38451415
264	0.27761986
265	0.33796127
266	0.33368963
267	0.49069652
268	0.39744407
269	0.34010602
270	0.36952148
271	0.34910267
272	0.36283346
273	0.38143091
274	0.43499621
275	0.24856623
276	0.42718324
277	0.25316077
278	0.22017809
279	0.54456381
280	0.35325779
281	0.20670143
282	0.35601999
283	0.27172551
284	0.46312626
285	0.37589659
286	0.25114178
287	0.24778696
288	0.27155307
289	0.43892756
290	0.20777523
291	0.27625854
292	0.31933259
293	0.28616586
294	0.42681633
295	0.47642824
296	0.25425493
297	0.45478727
298	0.26479789
299	0.32602893
300	0.35008305
301	0.39171688
302	0.34449659
303	0.39149236
304	0.37195810
305	0.41701502
306	0.42626164
307	0.26778945
308	0.37572334
309	0.41333836
310	0.38966164
311	0.40146797
312	0.27692359
313	0.26502657
314	0.20640118
315	0.52142638
316	0.36950267
317	0.36637989
318	0.27846133
319	0.54219224
320	0.37388777
321	0.28188889
322	0.44690633
323	0.44783358
324	0.29428814
325	0.50956543
326	0.40917778
327	0.32700006
328	0.37755251
329	0.38874873
330	0.43057027
331	0.24161260
332	0.24877070
333	0.37381937
334	0.35669702
335	0.33294128
336	0.21267734
337	0.30388212
338	0.31564171
339	0.30987970
340	0.40369056
341	0.37418467
342	0.20331750
343	0.45528672
344	0.47287548
345	0.39557151
346	0.29792688
347	0.18485996
348	0.20501223
349	0.45038845
350	0.26001639
351	0.43812005
352	0.36032235
353	0.43784494
354	0.44162831
355	0.33837157
356	0.43712365
357	0.36982719
358	0.29869460
359	0.34745289
360	0.37690615
361	0.34000826
362	0.37406549
363	0.28100466
364	0.41167542
365	0.35980484
366	0.34006679
367	0.21768541
368	0.29472818
369	0.29586996
370	0.42527045
371	0.33300726
372	0.38385822
373	0.54330180
374	0.18886983
375	0.38626840
376	0.34207914
377	0.32269460
378	0.58106580
379	0.19997672
380	0.43665599
381	0.49676543
382	0.41100472
383	0.34660900
384	0.46858759
385	0.49019094
386	0.37440782
387	0.42391446
388	0.41745556
389	0.42542737
390	0.36034960
391	0.37838914
392	0.33665537
393	0.40654345
394	0.30068436
395	0.46637232
396	0.55851397
397	0.38718392
398	0.35710410
399	0.26544966
400	0.22644575
401	0.40774767
402	0.37451167
403	0.35422117
404	0.46435189
405	0.30785115
406	0.23764519
407	0.43907374
408	0.28548994
409	0.24026828
410	0.40368343
411	0.45459044
412	0.40208610
413	0.24613786
414	0.43500217
415	0.38943998
416	0.29523259
417	0.31324333
418	0.32473923
419	0.29631980
420	0.47422272
421	0.27648889
422	0.44250422
423	0.40079839
424	0.34938684
425	0.30538982
426	0.32432632
427	0.32746294
428	0.26914184
429	0.39760422
430	0.29313414
431	0.40192408
432	0.15925835
433	0.30229174
434	0.30417877
435	0.35278070
436	0.14773501
437	0.39621142
438	0.33916139
439	0.17809224
440	0.34204581
441	0.44606605
442	0.32605239
443	0.28655233
444	0.27801918
445	0.32408858
446	0.39317269
447	0.32839119
448	0.35146865
449	0.27013743
450	0.20798125
451	0.29955953
452	0.29060211
453	0.25306691
454	0.24976394
455	0.50459621
456	0.38075630
457	0.30957039
458	0.45793569
459	0.25422371
460	0.22221993
461	0.29709435
462	0.28111428
463	0.44518318
464	0.31174674
465	0.31253786
466	0.32688858
467	0.41684438
468	0.34754395
469	0.56493687
470	0.38404891
471	0.51524494
472	0.42582228
473	0.25193166
474	0.39942334
475	0.43900807
476	0.32388504
477	0.30490298
478	0.37875531
479	0.37426673
480	0.31341198
481	0.47803582
482	0.24742924
483	0.30518256
484	0.48683818
485	0.55038932
486	0.28374649
487	0.29541105
488	0.31523222
489	0.19180161
490	0.28670137
491	0.31819081
492	0.33966238
493	0.36690844
494	0.24483042
495	0.31510515
496	0.29916598
497	0.31854984
498	0.38482315
499	0.33477169
500	0.29404662
501	0.29598622
502	0.19656400
503	0.38605636
504	0.51237480
505	0.56676834
506	0.33023296
507	0.24394711
508	0.24406381
509	0.31017846
510	0.43988783
511	0.32174984
512	0.39493246
513	0.39273551
514	0.58019621
515	0.25277765
516	0.38365537
517	0.28115717
518	0.36134910
519	0.34665729
520	0.40459292
521	0.26320999
522	0.29752564
523	0.52681670
524	0.53483451
525	0.56629423
526	0.40033011
527	0.35242303
528	0.36883681
529	0.30979069
530	0.27507561
531	0.51979392
532	0.30936245
533	0.41615953
534	0.33298603
535	0.40685978
536	0.38129168
