0	0.33513280
1	0.33539215
2	0.33803887
3	0.29430581
4	0.31034177
5	0.39284414
6	0.37244844
7	0.38176672
8	0.39474645
9	0.28239247
10	0.37706871
11	0.32110317
12	0.23000075
13	0.40471317
14	0.36194995
15	0.30114946
16	0.36270226
17	0.35060790
18	0.28076011
19	0.42778129
20	0.25289005
21	0.36173355
22	0.33597011
23	0.36776038
24	0.36781505
25	0.37786871
26	0.35282785
27	0.34815742
28	0.38052194
29	0.33825231
30	0.37231000
31	0.35573339
32	0.27432608
33	0.28673726
34	0.34421699
35	0.32881392
36	0.38809333
37	0.39666710
38	0.26349710
39	0.44928151
40	0.33201618
41	0.28889667
42	0.33009833
43	0.35972978
44	0.39418156
45	0.41173672
46	0.37770005
47	0.29873118
48	0.41021758
49	0.29853312
50	0.30373677
51	0.32318570
52	0.37551301
53	0.35295468
54	0.32017253
55	0.36851167
56	0.36128914
57	0.42038478
58	0.37083753
59	0.31358323
60	0.35817108
61	0.34382081
62	0.34706425
63	0.31218737
64	0.40385796
65	0.27522188
66	0.36169866
67	0.32169737
68	0.39891538
69	0.28158317
70	0.29068559
71	0.34109129
72	0.39922075
73	0.37733285
74	0.38551478
75	0.32393366
76	0.36404780
77	0.30370591
78	0.34666758
79	0.23655194
80	0.34402371
81	0.34301237
82	0.33259532
83	0.30622473
84	0.31839204
85	0.32581527
86	0.38326430
87	0.33141522
88	0.36603957
89	0.35089887
90	0.35430129
91	0.34429360
92	0.43783935
93	0.41097672
94	0.46900360
95	0.32080489
96	0.40337500
97	0.36041129
98	0.26546651
99	0.38387306
100	0.37549258
101	0.29352989
102	0.35251952
103	0.34696043
104	0.38707215
105	0.29633237
106	0.36465554
107	0.32491844
108	0.30003806
109	0.26735102
110	0.39245785
111	0.38112108
112	0.27449559
113	0.39708376
114	0.23027403
115	0.24303758
116	0.35899296
117	0.36052737
118	0.40378118
119	0.36108258
120	0.34960570
121	0.35192618
122	0.28239435
123	0.36084608
124	0.35635785
125	0.41442581
126	0.34722516
127	0.34042022
128	0.35746022
129	0.32981048
130	0.34112608
131	0.32115608
132	0.32958758
133	0.41201430
134	0.41041226
135	0.35069941
136	0.44341366
137	0.31611812
138	0.35502495
139	0.37706263
140	0.30149672
141	0.27315489
142	0.43561543
143	0.33190269
144	0.36529935
145	0.40188591
146	0.30827134
147	0.40750737
148	0.33167038
149	0.36503978
150	0.32489430
151	0.39163957
152	0.37502081
153	0.26023661
154	0.33909548
155	0.39141651
156	0.36531263
157	0.31299812
158	0.33808274
159	0.30965323
160	0.41353806
161	0.27041027
162	0.30336801
163	0.30465280
164	0.23141188
165	0.36366349
166	0.36683909
167	0.31200349
168	0.38226328
169	0.38445505
170	0.37663344
171	0.30888081
172	0.31193946
173	0.35549640
174	0.35778855
175	0.33906608
176	0.24815220
177	0.30986038
178	0.34083000
179	0.34029435
180	0.39164876
181	0.32428108
182	0.32836925
183	0.29997548
184	0.39676699
185	0.33583129
186	0.33260823
187	0.26654973
188	0.21255005
189	0.36489220
190	0.38725382
191	0.40628038
192	0.37000306
193	0.36252005
194	0.31699737
195	0.26235425
196	0.30825844
197	0.36137984
198	0.32711285
199	0.23753785
200	0.41589640
201	0.31982989
202	0.32910183
203	0.38660543
204	0.32033898
205	0.26949774
206	0.27521328
207	0.43758376
208	0.36883624
209	0.35193731
210	0.38183188
211	0.35393478
212	0.39132613
213	0.37599366
214	0.33285715
215	0.31388758
216	0.36593247
217	0.36810280
218	0.31948812
219	0.36390070
220	0.44874500
221	0.37709651
222	0.29288446
223	0.31546952
224	0.33605753
225	0.30472403
226	0.30849151
227	0.31483108
228	0.37057930
229	0.31802613
230	0.34862866
231	0.28804382
232	0.30841774
233	0.29063022
234	0.29866059
235	0.29088048
236	0.34845280
237	0.30296070
238	0.39218780
239	0.25988634
240	0.30352747
241	0.34273409
242	0.33862823
243	0.35228419
244	0.34036790
245	0.40437452
246	0.35883753
247	0.29003366
248	0.37216113
249	0.36813328
250	0.35822000
251	0.32709866
252	0.33827134
253	0.36431199
254	0.40423586
255	0.35545672
256	0.37275833
257	0.33743387
258	0.23532081
259	0.29202688
260	0.37804747
261	0.34239452
262	0.23907000
263	0.32319441
264	0.34123167
265	0.35093274
266	0.28947210
267	0.39149978
268	0.32266737
269	0.41311457
270	0.36924355
271	0.35364667
272	0.34063360
273	0.35331113
274	0.39102882
275	0.42174941
276	0.42388118
277	0.28441495
278	0.29778849
279	0.39232522
280	0.36817608
281	0.39102817
282	0.37854081
283	0.30263414
284	0.30742473
285	0.38825946
286	0.33520134
287	0.30802624
288	0.27747892
289	0.29378876
290	0.32040452
291	0.28437720
292	0.32542489
293	0.43330199
294	0.24595371
295	0.45966414
296	0.34775892
297	0.27321914
298	0.36450704
299	0.35833973
300	0.30689651
301	0.39244409
302	0.38962419
303	0.33894629
304	0.29994210
305	0.31891720
306	0.33929774
307	0.36319038
308	0.35119339
309	0.35854952
310	0.33269780
311	0.31067151
312	0.36577801
313	0.39139849
314	0.28490495
315	0.31517704
316	0.38195516
317	0.27044070
318	0.26367097
319	0.34243414
320	0.32975129
321	0.35045559
322	0.30549591
323	0.38935731
324	0.16336774
325	0.38743048
326	0.36037677
327	0.20845215
328	0.37706435
329	0.37200634
330	0.28699177
331	0.30783215
332	0.32125495
333	0.28501016
334	0.30200199
335	0.36964317
336	0.32744328
337	0.33212113
338	0.27920871
339	0.28006624
340	0.42023247
341	0.22848935
342	0.30106844
343	0.26595554
344	0.35044683
345	0.39879876
346	0.21710312
347	0.30013720
348	0.28319392
349	0.32247995
350	0.27987070
351	0.35788387
352	0.38582290
353	0.45169774
354	0.36162382
355	0.31397903
356	0.37321806
357	0.37356403
358	0.39316022
359	0.32228484
360	0.43227027
361	0.34551591
362	0.34872952
363	0.41263812
364	0.39608737
365	0.34728258
366	0.37861161
367	0.23346108
368	0.28811242
369	0.27983903
370	0.37786941
371	0.26079097
372	0.26707543
373	0.24112414
374	0.30462677
375	0.29379694
376	0.34537435
377	0.25452731
378	0.32936516
379	0.35809774
380	0.28164290
381	0.34829048
382	0.32231661
383	0.38126887
384	0.40119962
385	0.38836941
386	0.29367683
387	0.37078296
388	0.35464731
389	0.30272699
390	0.37808156
391	0.17406398
392	0.31792011
393	0.30277591
394	0.37541070
395	0.39043134
396	0.32027376
397	0.41206952
398	0.33409242
399	0.43117022
400	0.37935134
401	0.28918769
402	0.36612522
403	0.22960016
404	0.38447247
405	0.38218909
406	0.38374758
407	0.34871102
408	0.26225887
409	0.36027629
410	0.37361516
411	0.33339909
412	0.37651301
413	0.37929274
414	0.35589376
415	0.29540199
416	0.19572608
417	0.34493688
418	0.37859903
419	0.27906597
420	0.24204328
421	0.37013452
422	0.37448737
423	0.33759898
424	0.18603909
425	0.35825097
426	0.32278108
427	0.29413430
428	0.33482618
429	0.30338237
430	0.34755226
431	0.34293210
432	0.33943833
433	0.34218048
434	0.22695995
435	0.28384602
436	0.30818914
437	0.30562177
438	0.32657134
439	0.39678323
440	0.35044387
441	0.35678715
442	0.31665355
443	0.38090898
444	0.35227280
445	0.31633301
446	0.36162108
447	0.29481575
448	0.35185774
449	0.35991699
450	0.30173011
451	0.29908199
452	0.36061102
453	0.36626301
454	0.34505054
455	0.36736898
456	0.31777640
457	0.39286844
458	0.31982360
459	0.41569591
460	0.34012376
461	0.41023833
462	0.34305462
463	0.27211086
464	0.24130941
465	0.37455962
466	0.29612613
467	0.34758258
468	0.42036070
469	0.36088806
470	0.24025339
471	0.29144446
472	0.35656414
473	0.32127473
474	0.35260011
475	0.33800957
476	0.34658043
477	0.31250075
478	0.25146140
479	0.25601849
480	0.27375473
481	0.22267640
482	0.28823978
483	0.32928613
484	0.37125887
485	0.28368151
486	0.31400269
487	0.35653715
488	0.30702758
489	0.30245742
490	0.26681527
491	0.36537876
492	0.31712446
493	0.37834677
494	0.31363011
495	0.32717274
496	0.32395032
497	0.14357828
498	0.37754505
499	0.37966140
500	0.34893290
501	0.31923591
502	0.36496086
503	0.33286296
504	0.26150366
505	0.33233172
506	0.30508167
507	0.36386097
508	0.33599903
509	0.29491855
510	0.33337962
511	0.28412591
512	0.33084930
513	0.36254527
514	0.27837758
515	0.34583285
516	0.38151403
517	0.31833796
518	0.29484984
519	0.33058876
520	0.27643366
521	0.30912613
522	0.29311258
523	0.24217237
524	0.38614618
525	0.31292962
526	0.33207866
527	0.35655167
528	0.32993661
529	0.29754511
530	0.41212785
531	0.25853005
532	0.36998446
533	0.35624624
534	0.40176763
535	0.30155790
536	0.29346145
537	0.33329038
538	0.34972952
539	0.38953769
540	0.29733522
541	0.28497382
542	0.35880145
543	0.32393866
544	0.32006113
545	0.29799371
546	0.31964403
547	0.34207952
548	0.34773699
549	0.31809973
550	0.23561129
551	0.31362683
552	0.32338070
553	0.32520892
554	0.32474661
555	0.38515812
556	0.33459661
557	0.38825645
558	0.30349677
559	0.27680274
560	0.29377086
561	0.29646694
562	0.34235048
563	0.30845473
564	0.35156500
565	0.30038081
566	0.36326645
567	0.28011151
568	0.37455688
569	0.32482167
570	0.35669688
571	0.28618403
572	0.36597925
573	0.37883742
574	0.32959780
575	0.36008183
576	0.25135661
577	0.24378333
578	0.32874516
579	0.28355522
580	0.32711694
581	0.31666973
582	0.34870624
583	0.35451333
584	0.25734048
585	0.33633634
586	0.37225097
587	0.27480430
588	0.30057425
589	0.38863344
590	0.33141968
591	0.35195785
592	0.30848462
593	0.32549785
594	0.28860269
595	0.40322823
596	0.31113349
597	0.27221269
598	0.29819651
599	0.40148151
600	0.29363075
601	0.35895758
602	0.30760231
603	0.26493043
604	0.29037253
605	0.33156796
606	0.35483774
607	0.29200253
608	0.36324242
609	0.29743199
610	0.29813086
611	0.31171473
612	0.34630124
613	0.38473172
614	0.32041747
615	0.33122613
616	0.26608366
617	0.34000785
618	0.42599435
619	0.32300753
620	0.41846785
621	0.34300005
622	0.31262629
623	0.41820575
624	0.31783946
625	0.37649349
626	0.24567505
627	0.29380860
628	0.33920285
629	0.34348199
630	0.38187172
631	0.30871704
632	0.32856651
633	0.35185780
634	0.42218000
635	0.32447898
636	0.31405984
637	0.32147715
638	0.32379344
639	0.38363199
640	0.24495344
641	0.36874435
642	0.27467710
643	0.33622602
644	0.36430823
645	0.25603565
646	0.35600151
647	0.35468763
648	0.33587565
649	0.33090247
650	0.28719613
651	0.22700554
652	0.32408043
653	0.34287667
654	0.32119903
655	0.26567333
656	0.29487414
657	0.31444962
658	0.32909554
659	0.27026656
660	0.33530468
661	0.39334651
662	0.38134505
663	0.29316108
664	0.32998565
665	0.37125323
666	0.30896758
667	0.34348774
668	0.30369914
669	0.32306957
670	0.38651129
671	0.27601414
672	0.41287651
673	0.34893387
674	0.26288000
675	0.41456903
676	0.32154849
677	0.39644726
678	0.30636065
679	0.28048796
680	0.27173941
681	0.32476296
682	0.31085962
683	0.34441349
684	0.40081871
685	0.36500817
686	0.35031048
687	0.39409419
688	0.37677742
689	0.39232903
690	0.29628054
691	0.31339220
692	0.25611409
693	0.41213151
694	0.29724328
695	0.30415812
696	0.31760489
697	0.32255876
698	0.38112925
699	0.32413973
700	0.29450048
701	0.27577000
702	0.36584210
703	0.38085124
704	0.28960855
705	0.42049376
706	0.30891882
707	0.30365091
708	0.29559317
709	0.34830435
710	0.29255989
711	0.34890473
712	0.40136108
713	0.35272430
714	0.29389661
715	0.33559548
716	0.34052403
717	0.33287500
718	0.31132349
719	0.32658274
720	0.30319973
721	0.35508548
722	0.32717758
723	0.28746726
724	0.35537608
725	0.34692177
726	0.30622914
727	0.29888016
728	0.35591360
729	0.35337774
730	0.27158828
731	0.30568989
732	0.36376231
733	0.30624387
734	0.30752591
735	0.30552398
736	0.32890484
737	0.35470855
738	0.34214898
739	0.31478339
740	0.34076839
741	0.38047973
742	0.33165500
743	0.43233602
744	0.29846699
745	0.36914129
746	0.35172376
747	0.33662548
748	0.27207366
749	0.33865565
750	0.36382613
751	0.32177699
752	0.33638151
753	0.38606618
754	0.38104930
755	0.37774930
756	0.38480962
757	0.35840522
758	0.40790032
759	0.34505333
760	0.24122215
761	0.29841091
762	0.29580027
763	0.39362194
764	0.30378360
765	0.33768462
766	0.33008871
767	0.27850704
768	0.36003995
769	0.36545199
770	0.30038978
771	0.34771355
772	0.12967145
773	0.34255758
774	0.37696688
775	0.37872812
776	0.41134839
777	0.31960113
778	0.40206613
779	0.37853392
780	0.36877231
781	0.28580011
782	0.34264952
783	0.39844161
784	0.28149968
785	0.45872220
786	0.40820946
787	0.30780161
788	0.29013290
789	0.33996538
790	0.29616140
791	0.38778645
792	0.23240253
793	0.40417522
794	0.37374333
795	0.30050565
796	0.34312645
797	0.38193629
798	0.25279511
799	0.34478833
800	0.25976027
801	0.42472914
802	0.35719414
803	0.38886151
804	0.31004204
805	0.25783457
806	0.32270478
807	0.37257839
808	0.37047258
809	0.39212054
810	0.27372823
811	0.32941849
812	0.32799688
813	0.35450640
814	0.40209602
815	0.36820747
816	0.40475446
817	0.33679500
818	0.31981462
819	0.44408231
820	0.35203473
821	0.40894306
822	0.37396409
823	0.42503016
824	0.30224086
825	0.25883640
826	0.45472344
827	0.34180005
828	0.38397715
829	0.36858763
830	0.40624634
831	0.43475237
832	0.38657005
833	0.39000312
834	0.40699495
835	0.40445124
836	0.38603500
837	0.38918731
838	0.34920285
839	0.39330220
840	0.37440995
841	0.40055462
842	0.28732484
843	0.39146726
844	0.37342220
845	0.39569608
846	0.47849070
847	0.32044903
848	0.37705129
849	0.39540726
850	0.39177817
851	0.37965059
852	0.33863366
853	0.33301301
854	0.36676258
855	0.35801812
856	0.38060962
857	0.30986968
858	0.26922091
859	0.32536403
860	0.27205833
861	0.32789903
862	0.37554866
863	0.33792473
864	0.32439425
865	0.26224462
866	0.36089301
867	0.37554726
868	0.30319919
869	0.32832602
870	0.31681591
871	0.31157398
872	0.31933059
873	0.40188005
874	0.28729522
875	0.33683511
876	0.38960602
877	0.42257172
878	0.33662817
879	0.28281011
880	0.35447661
881	0.36517172
882	0.38033704
883	0.41153785
884	0.30169237
885	0.31191651
886	0.34351849
887	0.43382188
888	0.34436774
889	0.40994382
890	0.34689855
891	0.42004968
892	0.31974909
893	0.32734328
894	0.34289489
895	0.40279688
896	0.33680392
897	0.37566027
898	0.44250962
899	0.37896011
900	0.36528435
901	0.29542941
902	0.37966473
903	0.41278457
904	0.25441333
905	0.41094500
906	0.36202608
907	0.30184387
908	0.34819263
909	0.31969683
910	0.37934005
911	0.41904280
912	0.34694855
913	0.34867946
914	0.41351376
915	0.31604167
916	0.35983828
917	0.39233565
918	0.32865366
919	0.33366468
920	0.39170425
921	0.29013333
922	0.36944097
923	0.28609946
924	0.36646887
925	0.37256500
926	0.36473366
927	0.39479763
928	0.37209328
929	0.24728409
