0	0.25801571
1	0.29877944
2	0.37421383
3	0.37007980
4	0.37722974
5	0.39716934
6	0.28945908
7	0.28541765
8	0.29927694
9	0.27269571
10	0.37212337
11	0.38254276
12	0.32373291
13	0.32229173
14	0.35215663
15	0.32897622
16	0.37520714
17	0.29925770
18	0.31973944
19	0.28463944
20	0.32291612
21	0.33681214
22	0.35543240
23	0.33608209
24	0.36054801
25	0.34090888
26	0.30035107
27	0.32356245
28	0.32822929
29	0.29283480
30	0.36660827
31	0.35665015
32	0.30932622
33	0.22904474
34	0.29751684
35	0.32184408
36	0.24759679
37	0.36088776
38	0.36104740
39	0.37635954
40	0.28654770
41	0.31404092
42	0.32233357
43	0.33556214
44	0.29705954
45	0.28475434
46	0.27991505
47	0.25122148
48	0.34876796
49	0.29111750
50	0.32799015
51	0.30046311
52	0.35927724
53	0.38337138
54	0.27363852
55	0.34135520
56	0.36130913
57	0.35139122
58	0.31640515
59	0.32450536
60	0.34131770
61	0.35192087
62	0.26172337
63	0.36087291
64	0.33373454
65	0.32190883
66	0.30973679
67	0.33945306
68	0.37434888
69	0.31034918
70	0.31068372
71	0.39920531
72	0.36867393
73	0.30196821
74	0.32699015
75	0.31683510
76	0.23326867
77	0.35513944
78	0.32332832
79	0.32669500
80	0.34907918
81	0.32325495
82	0.25800051
83	0.36246189
84	0.29674566
85	0.32416750
86	0.34512194
87	0.30327566
88	0.33652944
89	0.29795102
90	0.22517184
91	0.32213755
92	0.30295388
93	0.34154122
94	0.38343862
95	0.30829367
96	0.30005577
97	0.36036995
98	0.31768750
99	0.26738735
100	0.40368546
101	0.28640112
102	0.24400306
103	0.31383316
104	0.34998066
105	0.38823689
106	0.37824643
107	0.33434913
108	0.38347857
109	0.39794546
110	0.36920699
111	0.32805862
112	0.30554679
113	0.28159413
114	0.32856811
115	0.37123714
116	0.36026500
117	0.35077908
118	0.28279245
119	0.30144143
120	0.36827097
121	0.36482260
122	0.29125765
123	0.22560194
124	0.33374995
125	0.28875969
126	0.30257745
127	0.34988102
128	0.36491459
129	0.36762842
130	0.36159903
131	0.31982173
132	0.34978485
133	0.36784862
134	0.32635209
135	0.34799423
136	0.36764235
137	0.30080531
138	0.21419791
139	0.30573173
140	0.43308566
141	0.35131949
142	0.32968653
143	0.36393117
144	0.39861878
145	0.38310898
146	0.32546689
147	0.35588918
148	0.21299592
149	0.41111612
150	0.27169270
151	0.33313663
152	0.35817036
153	0.42006653
154	0.35148061
155	0.34004796
156	0.40354071
157	0.32453918
158	0.31679684
159	0.32454755
160	0.31881944
161	0.28933694
162	0.32536546
163	0.35555189
164	0.28019709
165	0.38392969
166	0.31449918
167	0.33959673
168	0.38514061
169	0.30494898
170	0.31748648
171	0.33722821
172	0.21159724
173	0.30697005
174	0.35484449
175	0.34052276
176	0.25289255
177	0.30057250
178	0.33260214
179	0.26165306
180	0.27186939
181	0.28046658
182	0.41980342
183	0.32530474
184	0.45149265
185	0.35920740
186	0.34009755
187	0.38583765
188	0.36801577
189	0.23439969
190	0.35299679
191	0.36981327
192	0.36163724
193	0.35837337
194	0.31616367
195	0.31811857
196	0.34835474
197	0.33599061
198	0.31011352
199	0.41562000
200	0.35464490
201	0.40853643
202	0.31644449
203	0.36721235
204	0.25761173
205	0.34351658
206	0.29910219
207	0.35651679
208	0.31542949
209	0.39062138
210	0.36445051
211	0.34249250
212	0.38703296
213	0.34334633
214	0.25961464
215	0.25243122
216	0.41187551
217	0.32318480
218	0.30230878
219	0.36224362
220	0.27566959
221	0.31014796
222	0.32122811
223	0.30340107
224	0.31780663
225	0.37846204
226	0.38519571
227	0.36193158
228	0.33645847
229	0.25358872
230	0.24615526
231	0.29329852
232	0.37358571
233	0.31675240
234	0.31562061
235	0.22272235
236	0.30996459
237	0.29702332
238	0.39788898
239	0.33746015
240	0.30256398
241	0.17132944
242	0.29207607
243	0.39347367
244	0.26734367
245	0.34417673
246	0.32378327
247	0.31448372
248	0.37343515
249	0.37511913
250	0.32792929
251	0.34663485
252	0.35161418
253	0.28702454
254	0.35748378
255	0.31708362
256	0.23939128
257	0.39914332
258	0.33171393
259	0.35354296
260	0.32670332
261	0.31062985
262	0.20636403
263	0.37277469
264	0.38496327
265	0.28869786
266	0.31013342
267	0.36611760
268	0.34751577
269	0.34001985
270	0.38737821
271	0.36913485
272	0.32725531
273	0.37650781
274	0.32276704
275	0.26692270
276	0.16976071
277	0.31686587
278	0.33683087
279	0.40160061
280	0.37642087
281	0.30080837
282	0.32341893
283	0.37188786
284	0.32034454
285	0.33455510
286	0.31568265
287	0.31858653
288	0.37136112
289	0.32215026
290	0.37704429
291	0.33598730
292	0.39331102
293	0.30453066
294	0.32613301
295	0.33967622
296	0.25572122
297	0.35088852
298	0.23136964
299	0.33378781
300	0.38324327
301	0.28566842
302	0.31760082
303	0.28796622
304	0.29898633
305	0.37926490
306	0.33259571
307	0.34454791
308	0.32012577
309	0.37536204
310	0.39867107
311	0.35043847
312	0.24701648
313	0.40621648
314	0.35911143
315	0.36998276
316	0.33361372
317	0.34006806
318	0.39634520
319	0.29828071
320	0.30777526
321	0.33625883
322	0.34789541
323	0.25948862
324	0.37852020
325	0.36960582
326	0.33769643
327	0.27164658
328	0.34300480
329	0.25040577
330	0.34363658
331	0.25169510
332	0.27870332
333	0.33636403
334	0.33283077
335	0.35955842
336	0.27307872
337	0.38074934
338	0.32457214
339	0.34493806
340	0.36009010
341	0.26219607
342	0.31633306
343	0.34651270
344	0.34822495
345	0.34734122
346	0.35266327
347	0.31675791
348	0.39284724
349	0.36102194
350	0.25802546
351	0.27209265
352	0.33750827
353	0.34858862
354	0.30624673
355	0.32127638
356	0.25308704
357	0.34480551
358	0.34107821
359	0.32275745
360	0.36199306
361	0.32333719
362	0.37490699
363	0.32142342
364	0.25483158
365	0.38347628
366	0.33901969
367	0.34934112
368	0.38160556
369	0.39635041
370	0.33997571
371	0.27774939
372	0.36904403
373	0.38278806
374	0.35414327
375	0.33122648
376	0.44464612
377	0.41318449
378	0.35466515
379	0.35895393
380	0.34703327
381	0.29741735
382	0.33248888
383	0.36173827
384	0.40546265
385	0.33526520
386	0.32660240
387	0.32258929
388	0.30980852
389	0.27291255
390	0.33014372
391	0.31950158
392	0.33303179
393	0.36580041
394	0.37074342
395	0.32257128
396	0.31855939
397	0.37701418
398	0.29451541
399	0.30965837
400	0.30636367
401	0.34761230
402	0.29620622
403	0.32026000
404	0.39310199
405	0.27784617
406	0.31256439
407	0.38629454
408	0.37774893
409	0.36467087
410	0.33442898
411	0.32300097
412	0.32601352
413	0.30479929
414	0.30117684
415	0.36737673
416	0.36199776
417	0.33946684
418	0.39787179
419	0.34557199
420	0.34461520
421	0.30052730
422	0.26651872
423	0.26942204
424	0.34178235
425	0.37374347
426	0.30475204
427	0.36101362
428	0.37837694
429	0.37945939
430	0.33911556
431	0.29415434
432	0.31195418
433	0.36187796
434	0.34819755
435	0.41514209
436	0.36629066
437	0.27776383
438	0.35278704
439	0.26063663
440	0.34835408
441	0.35301862
442	0.27323842
443	0.36728041
444	0.35806827
445	0.40920230
446	0.32911719
447	0.37545321
448	0.38042265
449	0.34286541
450	0.35119388
451	0.28774010
452	0.33573643
453	0.33224138
454	0.33594184
455	0.33989995
456	0.32899760
457	0.33690531
458	0.30256918
459	0.34376577
460	0.31577112
461	0.28612480
462	0.35003566
463	0.40322699
464	0.32033796
465	0.32549388
466	0.35982923
467	0.37978352
468	0.37445352
469	0.33813862
470	0.35969878
471	0.31960872
472	0.35740959
473	0.34887526
474	0.34225311
475	0.33062862
476	0.35660561
477	0.32646214
478	0.34761199
479	0.36422173
480	0.35969423
481	0.37675704
482	0.33765184
483	0.39442750
484	0.36941929
485	0.38939117
486	0.33981153
487	0.37571179
488	0.39049112
489	0.31963214
490	0.35827153
491	0.34187857
492	0.28742821
493	0.39017219
494	0.36880679
495	0.37075398
496	0.34148571
497	0.34709832
498	0.31829668
499	0.35605893
500	0.33660607
501	0.31552357
502	0.39746066
503	0.28216291
504	0.39218867
505	0.37396913
506	0.34860219
507	0.31804944
508	0.28549832
509	0.37308219
510	0.33997143
511	0.30647918
512	0.41399434
513	0.37001770
514	0.30804673
515	0.43270485
516	0.30156714
517	0.34654832
518	0.34087393
519	0.36483969
520	0.40408990
521	0.37616918
522	0.35048526
523	0.36606107
524	0.28356791
525	0.29731898
526	0.39211531
527	0.37391612
528	0.32818893
529	0.41484893
530	0.35571974
531	0.34328658
532	0.40012622
533	0.30500663
534	0.31998469
535	0.29001357
536	0.38093184
537	0.38529709
538	0.30605031
539	0.29575357
540	0.30249265
541	0.33162199
542	0.34217133
543	0.34927985
544	0.35656638
545	0.26864097
546	0.35464776
547	0.37307306
548	0.33393980
549	0.29677357
550	0.34202480
551	0.31719153
552	0.29617633
553	0.33926347
554	0.35812969
555	0.31869622
556	0.37982173
557	0.32143709
558	0.32749510
559	0.37958995
560	0.30401505
561	0.32986133
562	0.30623245
563	0.26093990
564	0.33747122
565	0.30887719
566	0.24760954
567	0.33641474
568	0.37131327
569	0.35644444
570	0.26382286
571	0.33543031
572	0.38275214
573	0.27634117
574	0.33442087
575	0.31671903
576	0.32536857
577	0.34480821
578	0.35857383
579	0.44942464
580	0.31978857
581	0.33284388
582	0.37668321
583	0.37878872
584	0.34140724
585	0.30948980
586	0.34412485
587	0.38896969
588	0.35471383
589	0.29389944
590	0.31994148
591	0.37098235
592	0.32561531
593	0.26815388
594	0.40315321
595	0.31713495
596	0.33794923
597	0.31929372
598	0.30961755
599	0.30949388
600	0.31569367
601	0.33217138
602	0.33185474
603	0.34918474
604	0.29022663
605	0.35242332
606	0.38130454
607	0.37187235
608	0.37616020
609	0.37036423
610	0.23079689
611	0.34509301
612	0.27467811
613	0.25068026
614	0.37796668
615	0.31394168
616	0.25822388
617	0.34250061
618	0.32747592
619	0.42433520
620	0.39432291
621	0.34587418
622	0.31499189
623	0.36997786
624	0.29827000
625	0.37669556
626	0.31301041
627	0.24183306
628	0.37416847
629	0.33709852
630	0.29364015
631	0.30049403
632	0.36089378
633	0.30938959
634	0.37907311
635	0.34399480
636	0.40568684
637	0.35494230
638	0.37306311
639	0.32519020
640	0.31389821
641	0.39010893
642	0.32609112
643	0.36653745
644	0.34866204
645	0.38359444
646	0.27026597
647	0.40629357
648	0.33451745
649	0.34016628
650	0.27982592
651	0.35354648
652	0.28632495
653	0.28291878
654	0.38968526
655	0.34582832
656	0.27011362
657	0.31108551
658	0.36107036
659	0.39172393
660	0.28817643
661	0.35048061
662	0.34823066
663	0.28183755
664	0.25206638
665	0.30241444
666	0.35441714
667	0.24933413
668	0.34710276
669	0.22899357
670	0.30488714
671	0.31237551
672	0.36136490
673	0.35776689
674	0.37277842
675	0.39423612
676	0.36341587
677	0.35686714
678	0.33708791
679	0.29374066
680	0.24569199
681	0.35051714
682	0.37253224
683	0.33800612
684	0.32560750
685	0.27364102
686	0.35489949
687	0.25211719
688	0.37668311
689	0.33506020
690	0.29809102
691	0.35879082
692	0.34411816
693	0.27498561
694	0.34197082
695	0.30937056
696	0.28015077
697	0.32980699
698	0.34861316
699	0.33952878
700	0.30078918
701	0.36572546
702	0.37852867
703	0.31038939
704	0.31365444
705	0.27850898
706	0.25239296
707	0.39956148
708	0.37421240
709	0.30319378
710	0.39479270
711	0.34551026
712	0.33977194
713	0.37245000
714	0.37917301
715	0.43941903
716	0.37618541
717	0.38098311
718	0.31635082
719	0.38446235
720	0.39805862
721	0.40002429
722	0.26216281
723	0.40171653
724	0.32398071
725	0.39928092
726	0.38565918
727	0.31401372
728	0.38273628
729	0.36099832
730	0.39569903
731	0.35909607
732	0.26578857
733	0.34104342
734	0.41115714
735	0.31700413
736	0.36526852
737	0.41734128
738	0.27868724
739	0.26539857
740	0.35703770
741	0.32684337
742	0.38898413
743	0.25483679
744	0.41028648
745	0.28403173
746	0.31747821
747	0.35314204
748	0.32094485
749	0.32497694
750	0.34678291
751	0.27043066
752	0.38753663
753	0.37208714
754	0.25329898
755	0.32264724
756	0.36144122
757	0.32385138
758	0.28524740
759	0.42275367
760	0.30613056
761	0.27483791
762	0.32859173
763	0.30157852
764	0.36978612
765	0.33020158
766	0.34668097
767	0.36756939
768	0.33524719
769	0.28811776
770	0.29466913
771	0.33656459
772	0.37557939
773	0.30427224
774	0.27479556
775	0.37770163
776	0.30526066
777	0.24909066
778	0.34289714
779	0.24310995
780	0.27522031
781	0.34014163
782	0.32817276
783	0.36415622
784	0.32823429
785	0.34407102
786	0.33748464
787	0.36093337
788	0.33531102
789	0.26547872
790	0.38253321
791	0.36502934
792	0.21219092
793	0.19882480
794	0.38686423
795	0.23385888
796	0.34982321
797	0.39212786
798	0.33639321
799	0.32629082
800	0.30949286
801	0.31471485
802	0.30548153
803	0.35573270
804	0.32828566
805	0.34944755
806	0.29743224
807	0.36149633
808	0.31719291
809	0.25242597
810	0.35842107
811	0.29146403
812	0.31319724
813	0.34251444
814	0.34252408
815	0.31822097
816	0.21423383
817	0.31394878
818	0.37706638
819	0.35154087
820	0.35716974
821	0.36291939
822	0.39006051
823	0.32404668
824	0.31839235
825	0.39463709
826	0.40897903
827	0.37700474
828	0.32193367
829	0.34496832
830	0.31047133
831	0.28682679
832	0.41776066
833	0.39070260
834	0.29884413
835	0.28727270
836	0.36107122
837	0.31947367
838	0.38508811
839	0.32390077
840	0.37568944
841	0.32297418
842	0.28880316
843	0.35846321
844	0.32474760
845	0.35003286
846	0.35453332
847	0.39491643
848	0.36398138
849	0.30165495
850	0.38016903
851	0.40109689
852	0.28292908
853	0.34431301
854	0.34219679
855	0.40172776
856	0.39833781
857	0.28011133
858	0.34901020
859	0.36966709
860	0.24084102
861	0.35139097
862	0.23313189
863	0.30631393
864	0.31775015
865	0.30311500
866	0.39547362
867	0.39389934
868	0.35425255
869	0.42704321
870	0.37631770
871	0.38849898
872	0.39417556
873	0.37565587
874	0.40666168
875	0.39453658
876	0.27089781
877	0.32017454
878	0.29512357
879	0.33039383
880	0.36252092
881	0.42113270
882	0.32339204
883	0.38713332
884	0.35821541
885	0.33633122
886	0.35807837
887	0.36609643
888	0.40057153
889	0.39042046
890	0.37740051
891	0.35285597
892	0.40872898
893	0.37759628
894	0.40003036
895	0.39635949
896	0.28415592
897	0.39622668
898	0.37392413
899	0.33877066
900	0.37636857
901	0.34957934
902	0.40002633
903	0.38947577
904	0.29767995
905	0.27554842
906	0.39088306
907	0.33493495
908	0.26917561
909	0.35815566
910	0.32019143
911	0.34540168
912	0.35452857
913	0.35319097
914	0.40554209
915	0.32418133
916	0.41301464
917	0.33967031
918	0.41613923
919	0.40279689
920	0.33304571
921	0.32809883
922	0.44074704
923	0.37986689
924	0.42025638
925	0.38078327
926	0.36271352
927	0.39189031
928	0.39676444
929	0.38459847
930	0.39615939
931	0.33983439
932	0.37881276
933	0.40213265
934	0.37834724
935	0.38248556
936	0.45977250
937	0.28257796
938	0.42121546
939	0.38901418
940	0.37026357
941	0.38590020
942	0.32112949
943	0.39100816
944	0.40026209
945	0.36416566
946	0.39033862
947	0.43691122
948	0.38953929
949	0.33155347
950	0.39363939
951	0.39313985
952	0.35760954
953	0.37412148
954	0.39251638
955	0.37982362
956	0.30102520
957	0.38124536
958	0.32659383
959	0.39876546
960	0.38236327
961	0.37783520
962	0.39263265
963	0.25823092
964	0.39178908
965	0.36015673
966	0.31251765
967	0.39121061
968	0.31095852
969	0.38758571
970	0.35603082
971	0.38558643
972	0.41015913
973	0.37831240
974	0.36106587
975	0.37379735
976	0.40739638
977	0.33694541
978	0.35243449
979	0.32101005
