0	0.33674135
1	0.35058234
2	0.35416020
3	0.33475913
4	0.34674587
5	0.35169933
6	0.34365401
7	0.32743448
8	0.32671742
9	0.35118016
10	0.31360377
11	0.32986607
12	0.35156083
13	0.35170540
14	0.36180802
15	0.32562806
16	0.34772159
17	0.34430849
18	0.29911734
19	0.34232536
20	0.33718448
21	0.33843012
22	0.34882647
23	0.33593159
24	0.32316262
25	0.32998679
26	0.35728020
27	0.33845714
28	0.33475238
29	0.34946425
30	0.36159135
31	0.34012778
32	0.36022631
33	0.32226802
34	0.32747401
35	0.32094952
36	0.34527567
37	0.31352563
38	0.34073369
39	0.34051730
40	0.36543397
41	0.31739810
42	0.35163992
43	0.34594683
44	0.33607857
45	0.35161373
46	0.33808746
47	0.32010948
48	0.34147925
49	0.32738325
50	0.32059250
51	0.34909563
52	0.33613583
53	0.32352857
54	0.33934552
55	0.32814421
56	0.31099921
57	0.34877563
58	0.33419865
59	0.34690139
60	0.33305127
61	0.35269127
62	0.32993171
63	0.35023885
64	0.34864143
65	0.33427766
66	0.33914119
67	0.33691742
68	0.35771290
69	0.35069651
70	0.32369615
71	0.32694151
72	0.33972242
73	0.34303075
74	0.32934052
75	0.35655976
76	0.36608135
77	0.33624131
78	0.31572917
79	0.31848754
80	0.34668389
81	0.33912627
82	0.31089897
83	0.32436401
84	0.33960381
85	0.33048143
86	0.32624063
87	0.35692817
88	0.31206960
89	0.33309750
90	0.33137143
91	0.33501770
92	0.36766282
93	0.32970329
94	0.34677405
95	0.33824234
96	0.33674615
97	0.32032012
98	0.31276194
99	0.33913194
100	0.32686111
101	0.33157786
102	0.36304131
103	0.32968302
104	0.33993389
105	0.33316143
106	0.35527183
107	0.36266516
108	0.35400194
109	0.33461468
110	0.31895377
111	0.31586063
112	0.33655183
113	0.33779754
114	0.36489230
115	0.33217718
116	0.32786008
117	0.35125528
118	0.34291143
119	0.33738746
120	0.32841433
121	0.31827714
122	0.34683516
123	0.35415135
124	0.34805790
125	0.32258472
126	0.34169754
127	0.34484651
128	0.33759206
129	0.32927893
130	0.34374687
131	0.32241024
132	0.33217960
133	0.34674179
134	0.33335139
135	0.36680468
136	0.31362032
137	0.33936468
138	0.35770175
139	0.31717095
140	0.31863369
141	0.33657520
142	0.34913115
143	0.36454694
144	0.33524480
145	0.34017317
146	0.33985857
147	0.35481254
148	0.33439690
149	0.33086238
150	0.32471210
151	0.34460127
152	0.33365952
153	0.34767409
154	0.35803278
155	0.34268786
156	0.34665567
157	0.35303389
158	0.31261921
159	0.34022865
160	0.37029802
161	0.34028718
162	0.32874210
163	0.34491167
164	0.32540179
165	0.33520833
166	0.34191540
167	0.32728607
168	0.35309270
169	0.30927968
170	0.34096849
171	0.33924901
172	0.33410222
173	0.31705210
174	0.33602349
175	0.33896635
176	0.34988944
177	0.35545071
178	0.34019556
179	0.33152587
180	0.30899548
181	0.32979940
182	0.34411603
183	0.33350972
184	0.30617317
185	0.34147425
186	0.35634758
187	0.34933964
188	0.33765540
189	0.29802337
190	0.30939746
191	0.34371071
192	0.34890095
193	0.33443813
194	0.32506103
195	0.34230159
196	0.34229135
197	0.29793798
198	0.35848091
199	0.32391131
200	0.33620746
201	0.32338456
202	0.33961476
203	0.35990552
204	0.33343313
205	0.34126147
206	0.34304119
207	0.37081754
208	0.34288583
209	0.32516619
210	0.32138833
211	0.35376992
212	0.30889194
213	0.33777631
214	0.35400579
215	0.32956175
216	0.31593440
217	0.33445504
218	0.35652171
219	0.34389282
220	0.34913409
221	0.35867167
222	0.33471329
223	0.36123385
224	0.32676079
225	0.35482056
226	0.34935115
227	0.33109440
228	0.34620635
229	0.36297909
230	0.33980710
231	0.35468567
232	0.33810944
233	0.33383619
234	0.34010417
235	0.36276278
236	0.34010405
237	0.33890310
238	0.33392687
239	0.31988675
240	0.34210524
241	0.34227980
242	0.34956885
243	0.34857893
244	0.33418714
245	0.34116004
246	0.33292901
247	0.35269353
248	0.36074524
249	0.34614889
250	0.31853786
251	0.34302528
252	0.34436353
253	0.34746647
254	0.35233893
255	0.33820770
256	0.34483036
257	0.33777524
258	0.31235063
259	0.32865897
260	0.34720278
261	0.36725349
262	0.33195579
263	0.33375667
264	0.30117952
265	0.32633234
266	0.36236179
267	0.34327778
268	0.34384909
269	0.35600690
270	0.34918060
271	0.33765472
272	0.35685750
273	0.33808524
274	0.30120008
275	0.34815313
276	0.31018242
277	0.33103492
278	0.34803333
279	0.34893984
280	0.34738365
281	0.33001345
282	0.36186778
283	0.34962929
284	0.34170806
285	0.33935921
286	0.35693254
287	0.34125611
288	0.33687548
289	0.32576603
290	0.33540302
291	0.31899123
292	0.31002321
293	0.35275817
294	0.33597155
295	0.34251960
296	0.34069647
297	0.34834504
298	0.35244079
299	0.34174579
300	0.34305806
301	0.33749210
302	0.32656889
303	0.36720278
304	0.33212980
305	0.33760806
306	0.33773595
307	0.30981143
308	0.34215194
309	0.31225484
310	0.35203242
311	0.34535798
312	0.32124651
313	0.34209357
314	0.34409468
315	0.32027806
316	0.36867389
317	0.33655353
318	0.32197254
319	0.33705651
320	0.32118885
321	0.34858075
322	0.34861675
323	0.32659294
324	0.33074401
325	0.32906476
326	0.33443853
327	0.34949230
328	0.36063917
329	0.34102901
330	0.33375067
331	0.33192960
332	0.33810083
333	0.34241877
334	0.33034119
335	0.34456869
336	0.35263583
337	0.32418226
338	0.33487853
339	0.35481187
340	0.32504738
341	0.34724060
342	0.34089821
343	0.33849357
344	0.34689127
345	0.33351972
346	0.33247052
347	0.34244413
348	0.33600921
349	0.33070369
350	0.32405079
351	0.34906429
352	0.33229429
353	0.34359290
354	0.34204734
355	0.33791040
356	0.33364111
357	0.35195913
358	0.33279345
359	0.33745845
360	0.33037183
361	0.34420440
362	0.35492690
363	0.30946702
364	0.34620433
365	0.34842683
366	0.35027635
367	0.32126409
368	0.34140278
369	0.32748603
370	0.36104310
371	0.32900659
372	0.32844821
373	0.35343433
374	0.33059044
375	0.33047996
376	0.33389234
377	0.35363611
378	0.33705313
379	0.33813512
380	0.31876492
381	0.35272155
382	0.33771111
383	0.34309234
384	0.33879508
385	0.35413433
386	0.34695183
387	0.34242190
388	0.30295433
389	0.32007909
390	0.33824956
391	0.35666552
392	0.32968758
393	0.33696123
394	0.34542123
395	0.34460409
396	0.35862718
397	0.35706813
398	0.34482504
399	0.34393456
400	0.33081607
401	0.31726135
402	0.36231405
403	0.32884063
404	0.32502687
405	0.35630095
406	0.33235127
407	0.34202032
408	0.34262091
409	0.32690528
410	0.29498948
411	0.33337321
412	0.33395254
413	0.33312619
414	0.34703012
415	0.35694647
416	0.33781480
417	0.32488258
418	0.36885889
419	0.31299353
420	0.31529484
421	0.34257341
422	0.31871393
423	0.32016468
424	0.35076194
425	0.33066389
426	0.33667599
427	0.35190595
428	0.33784361
429	0.35982004
430	0.34174294
431	0.32586440
432	0.33802766
433	0.34963298
434	0.33793940
435	0.34331325
436	0.32625659
437	0.35193742
438	0.35613758
439	0.34913845
440	0.31579171
441	0.34179286
442	0.34681159
443	0.33451964
444	0.33422857
445	0.33320532
446	0.35434194
447	0.34975405
448	0.35239147
449	0.35326381
450	0.35754560
451	0.33640270
452	0.33908817
453	0.33033036
454	0.31308504
455	0.32285599
456	0.33930028
457	0.34777008
458	0.34031429
459	0.30586452
460	0.33928710
461	0.32786456
462	0.35662310
463	0.32814512
464	0.32900000
465	0.34543556
466	0.33245980
467	0.34251048
468	0.34086587
469	0.34342246
470	0.33249825
471	0.33413075
472	0.32887937
473	0.35210881
474	0.34471798
475	0.34489762
476	0.33258750
477	0.34735810
478	0.31775944
479	0.32835151
480	0.33519317
481	0.34064063
482	0.32701599
483	0.34180841
484	0.34831325
485	0.31121234
486	0.35665341
487	0.32462548
488	0.36405917
489	0.33480425
490	0.31384603
491	0.33856714
492	0.33707512
493	0.32944135
494	0.35911742
495	0.32850988
496	0.35825595
497	0.36809468
498	0.34601770
499	0.31539393
500	0.33913956
501	0.33275560
502	0.32445111
503	0.34241607
504	0.32359563
505	0.32721726
506	0.32811623
507	0.34836619
508	0.35906127
509	0.31970544
510	0.34527365
511	0.33082067
512	0.36718825
513	0.35389063
514	0.35177643
515	0.36046627
516	0.31565238
517	0.32860242
518	0.32778417
519	0.34576944
520	0.33204980
521	0.33232992
522	0.35147976
523	0.34713099
524	0.33703337
525	0.33423591
526	0.33877774
527	0.33267500
528	0.33944940
529	0.34698290
530	0.32953591
531	0.33043718
532	0.33836992
533	0.30689885
534	0.34293111
535	0.33948794
536	0.33609925
537	0.34522615
538	0.33548623
539	0.34439131
540	0.33742052
541	0.35974353
542	0.34600079
543	0.31794956
544	0.32676194
545	0.33143893
546	0.34081841
547	0.34607869
548	0.35161865
549	0.34582123
550	0.34979460
551	0.31455329
552	0.32983579
553	0.35842020
554	0.31967540
555	0.33423409
556	0.34646925
557	0.31805960
558	0.32400504
559	0.33261028
560	0.33376210
561	0.35180290
562	0.34858746
563	0.32565988
564	0.34936500
565	0.34042024
566	0.33182333
567	0.34005329
568	0.32529000
569	0.33591730
570	0.33646548
571	0.34351452
572	0.34970254
573	0.32596651
574	0.33770984
575	0.34876563
576	0.33935587
577	0.34386563
578	0.34904135
579	0.33626218
580	0.34315040
581	0.33631437
582	0.32656329
583	0.35207187
584	0.31537925
585	0.32762528
586	0.32204063
587	0.33082710
588	0.30360853
589	0.32652710
590	0.31285040
591	0.33756897
592	0.35590377
593	0.36600607
594	0.33802893
595	0.34182421
596	0.35557476
597	0.32263575
598	0.36781615
599	0.35833627
600	0.33133607
601	0.33952599
602	0.34598952
603	0.34584341
604	0.35274742
605	0.35074329
606	0.35499968
607	0.30554817
608	0.35852881
609	0.35561552
610	0.34981500
611	0.31619290
612	0.35113381
613	0.33930575
614	0.32973337
615	0.35396730
616	0.37145679
617	0.32398877
618	0.35095032
619	0.32507738
620	0.34116405
621	0.33721544
622	0.37148667
623	0.35481698
624	0.34739762
625	0.33582929
626	0.34239294
627	0.34059623
628	0.35026575
629	0.32603810
630	0.32439317
631	0.35236274
632	0.35616349
633	0.34430004
634	0.32656111
635	0.35482556
636	0.34085198
637	0.32885238
638	0.35748766
639	0.34260226
640	0.32820948
641	0.35041635
642	0.33590837
643	0.32684083
644	0.31412040
645	0.33661274
646	0.34610794
647	0.37463750
648	0.34647524
649	0.32901175
650	0.35356865
651	0.34020167
652	0.33384587
653	0.35300758
654	0.32224516
655	0.34145083
656	0.33234000
657	0.33927107
658	0.34982353
659	0.33491008
660	0.33125611
661	0.33994258
662	0.30976500
663	0.32518409
664	0.33402980
665	0.34694615
666	0.35189952
667	0.31634143
668	0.34167762
669	0.33754179
670	0.32879361
671	0.35972540
672	0.37052738
673	0.35733317
674	0.33922567
675	0.33608861
676	0.33420575
677	0.32398540
678	0.36392849
679	0.31330841
680	0.33230643
681	0.34016536
682	0.35698234
683	0.34699258
684	0.34553627
685	0.33969901
686	0.31669806
687	0.36237464
688	0.31826968
689	0.31948687
690	0.32620365
691	0.34287925
692	0.34542028
693	0.36578079
694	0.33769500
695	0.34367020
696	0.35523722
697	0.34060317
698	0.34730016
699	0.35912591
700	0.31168786
701	0.32588020
702	0.36182306
703	0.34138464
704	0.34475802
705	0.34789413
706	0.30633218
707	0.33703563
708	0.33574496
709	0.31065988
710	0.33458869
711	0.34736960
712	0.34338607
713	0.34700187
714	0.35644480
715	0.31909095
716	0.34060710
717	0.32162667
718	0.34224810
719	0.33636532
720	0.33245091
721	0.35251940
722	0.34196742
723	0.34012754
724	0.33467548
725	0.31850873
726	0.33226845
727	0.33679202
728	0.34621353
729	0.35682024
730	0.32075516
731	0.31066262
732	0.33125536
733	0.31782417
734	0.34358115
735	0.35216381
736	0.34944349
737	0.33628698
738	0.32511448
739	0.32091198
740	0.35093222
741	0.33265016
742	0.34246329
743	0.34003341
744	0.33151754
745	0.35091187
746	0.31300020
747	0.34553948
748	0.34603635
749	0.34150302
750	0.31323702
751	0.34512127
752	0.31460357
753	0.34072067
754	0.33354909
755	0.31407056
756	0.32888036
757	0.32670841
758	0.34294222
759	0.33811413
760	0.34551536
761	0.32612702
762	0.35522032
763	0.32779516
764	0.29406504
765	0.30601131
766	0.34619952
767	0.35697242
768	0.35009187
769	0.37233583
770	0.34970992
771	0.34160345
772	0.32758623
773	0.34315552
774	0.34404079
775	0.35006702
776	0.34830369
777	0.34205385
778	0.33490452
779	0.33737063
780	0.35402798
781	0.35574496
782	0.31623897
783	0.33369976
784	0.33461317
785	0.33837218
786	0.35208540
787	0.36084468
788	0.35950480
789	0.33419444
790	0.35450841
791	0.37098333
792	0.32212361
793	0.37028861
794	0.34304857
795	0.33343746
796	0.33155401
797	0.35259103
798	0.31888052
799	0.32053512
800	0.34694778
801	0.31274032
802	0.32046591
803	0.35143147
804	0.34520401
805	0.33846425
806	0.29754353
807	0.37194853
808	0.33812865
809	0.33984444
810	0.37094456
811	0.33769056
812	0.33572012
813	0.33033278
814	0.36166187
815	0.34256655
816	0.30897202
817	0.32850246
818	0.34764758
819	0.34123869
820	0.33723683
821	0.36303937
822	0.31807190
823	0.31500877
824	0.34594615
825	0.33389401
826	0.33920171
827	0.36383960
828	0.33192536
829	0.33129869
830	0.35862758
831	0.34816984
832	0.32224984
833	0.34121563
834	0.32508861
835	0.33695976
836	0.35112306
837	0.31998857
838	0.34664933
839	0.33557167
840	0.33389770
841	0.32881417
842	0.35346540
843	0.32432377
844	0.34018099
845	0.33048127
846	0.32839401
847	0.37051222
848	0.34506512
849	0.31840242
850	0.33174575
851	0.33656806
852	0.35158639
853	0.33203770
854	0.33847480
855	0.36093413
856	0.33481103
857	0.32893504
858	0.36296111
859	0.35138488
860	0.33719964
861	0.32669556
862	0.36243746
863	0.33192833
864	0.31170111
865	0.32700468
866	0.33264472
867	0.34015710
868	0.35661000
869	0.34275087
870	0.30863901
871	0.35502242
872	0.34273901
873	0.33548397
874	0.30795968
875	0.32382929
876	0.33689155
877	0.36186044
878	0.34098964
879	0.34542528
880	0.32241881
881	0.33438865
882	0.33811659
883	0.33377222
884	0.35964734
885	0.32979921
886	0.31455123
887	0.30579540
888	0.31733730
889	0.35541016
890	0.29945175
891	0.33445738
892	0.33893861
893	0.33975488
894	0.37120123
895	0.33946881
896	0.33699825
897	0.34751151
898	0.32360111
899	0.33479131
900	0.32506421
901	0.34646389
902	0.32762575
903	0.34193413
904	0.35259452
905	0.33647984
906	0.32790885
907	0.35606313
908	0.34315786
909	0.33373591
910	0.33815448
911	0.33476179
912	0.31503837
913	0.31159940
914	0.35089750
915	0.34745877
916	0.33903238
917	0.33160544
918	0.34187492
919	0.35654730
920	0.33997591
921	0.35694821
922	0.32830516
923	0.36290833
924	0.34898599
925	0.33983091
926	0.33420940
927	0.34925194
928	0.34468833
929	0.35981742
930	0.35215012
931	0.29929563
932	0.33230786
933	0.32176952
934	0.33298925
935	0.34002742
936	0.35366988
937	0.35892790
938	0.34353313
939	0.33843063
940	0.33058829
941	0.34245060
942	0.34890663
943	0.36931234
944	0.31142448
945	0.31411377
946	0.32788488
947	0.32785361
948	0.35578369
949	0.34599925
950	0.35084048
951	0.33789913
952	0.33544603
953	0.34269810
954	0.32422218
955	0.34913790
956	0.34280631
957	0.32217615
958	0.33514571
959	0.30524460
960	0.33762413
961	0.32357099
962	0.34391135
963	0.33720913
964	0.31662171
965	0.32332234
966	0.32286671
967	0.33325683
968	0.33660472
969	0.35321996
970	0.32189595
971	0.33441083
972	0.31046853
973	0.32810825
974	0.35140845
975	0.33048623
976	0.37190841
977	0.35393306
978	0.34218873
979	0.34326548
980	0.34367298
981	0.33064659
982	0.32815694
983	0.36131937
984	0.34165242
985	0.33675325
986	0.35683262
987	0.34636167
988	0.35856774
989	0.36722679
990	0.32088159
991	0.32924603
992	0.34446567
993	0.34377135
994	0.31917603
995	0.35611111
996	0.33086571
997	0.33152484
998	0.33316754
999	0.34559063
1000	0.34602964
1001	0.34022179
1002	0.33530337
1003	0.33136302
1004	0.33343972
1005	0.32149591
1006	0.33994226
1007	0.34410480
1008	0.35350234
1009	0.33483452
1010	0.33799841
1011	0.33869151
1012	0.34504262
1013	0.35127790
1014	0.35187996
1015	0.34662579
1016	0.33878008
1017	0.34425440
1018	0.32563742
1019	0.32573853
1020	0.33800492
1021	0.35017905
1022	0.33163714
1023	0.34228631
1024	0.36358909
1025	0.32901651
1026	0.34782389
1027	0.32697246
1028	0.31470429
1029	0.36641103
1030	0.34089694
1031	0.34680885
1032	0.33822893
1033	0.35401639
1034	0.34944075
1035	0.35224810
1036	0.33319762
1037	0.35089147
1038	0.30560464
1039	0.33706742
1040	0.31927615
1041	0.35982036
1042	0.33029929
1043	0.33015488
1044	0.33784968
1045	0.32699083
1046	0.33346647
1047	0.32553837
1048	0.33154786
1049	0.35434361
1050	0.34091040
1051	0.33607937
1052	0.31911056
1053	0.34297496
1054	0.33716567
1055	0.35622948
1056	0.34572242
1057	0.32444202
1058	0.34043333
1059	0.32721802
1060	0.36948433
1061	0.32857194
1062	0.33706897
1063	0.34843901
1064	0.33275909
1065	0.35526706
1066	0.32464837
1067	0.33075806
1068	0.35525853
1069	0.33595472
1070	0.36877663
1071	0.34238377
1072	0.33112179
1073	0.35136643
1074	0.33318028
1075	0.32252548
1076	0.34438813
1077	0.34071583
1078	0.33120639
1079	0.35715635
1080	0.32819008
1081	0.31499671
1082	0.35794516
1083	0.33085635
1084	0.34085095
1085	0.32158091
1086	0.34577798
1087	0.35946813
1088	0.33436337
1089	0.30313893
1090	0.33830603
1091	0.31613758
1092	0.34369750
1093	0.35445897
1094	0.33827754
1095	0.35437052
1096	0.35053960
1097	0.31920095
1098	0.33369175
1099	0.31863841
1100	0.34531861
1101	0.33163540
1102	0.33744095
1103	0.33989171
1104	0.36069690
1105	0.31794623
1106	0.34040452
1107	0.34649571
1108	0.33128940
1109	0.35319853
1110	0.33623575
1111	0.34794714
1112	0.34114500
1113	0.31057317
1114	0.31509250
1115	0.34297984
1116	0.35755262
1117	0.31392758
1118	0.35696877
1119	0.34826472
1120	0.34026329
1121	0.35976909
1122	0.37408611
1123	0.31753810
1124	0.35835655
1125	0.33659329
1126	0.33552440
1127	0.32514028
1128	0.31849948
1129	0.34872060
1130	0.33999655
1131	0.34427992
1132	0.29754651
1133	0.32722278
1134	0.36114306
1135	0.36325421
1136	0.33735972
1137	0.34707492
1138	0.34870575
1139	0.34362270
1140	0.33082722
1141	0.35499821
1142	0.35479417
1143	0.33308214
1144	0.34670540
1145	0.36229302
1146	0.34112377
1147	0.33971710
1148	0.35203179
1149	0.33503556
1150	0.32205155
1151	0.33781385
1152	0.31633500
1153	0.36036968
1154	0.35747393
1155	0.34483409
1156	0.32809369
1157	0.33639786
1158	0.31372377
1159	0.30910972
1160	0.33474349
1161	0.34269679
1162	0.33582056
1163	0.34616782
1164	0.35463560
1165	0.31786599
1166	0.34011536
1167	0.31768194
1168	0.31123044
1169	0.36086782
1170	0.34950480
1171	0.35479496
1172	0.33765381
1173	0.35034841
1174	0.35101397
1175	0.33647250
1176	0.33789202
1177	0.34108111
1178	0.33410738
1179	0.33428242
1180	0.31851698
1181	0.34174175
1182	0.36116567
1183	0.33733948
1184	0.33919508
1185	0.35331841
1186	0.34384512
1187	0.31248782
1188	0.33895179
1189	0.32232246
1190	0.34423119
1191	0.36062528
1192	0.33183155
1193	0.29374687
1194	0.31693560
1195	0.33913556
1196	0.35947738
1197	0.35004996
1198	0.34624440
1199	0.33535032
1200	0.34495210
1201	0.33206083
1202	0.32254024
1203	0.33282198
1204	0.31737163
1205	0.33505353
1206	0.32872591
1207	0.31468091
1208	0.33612063
1209	0.33785052
1210	0.34321067
1211	0.34790619
1212	0.33032123
1213	0.33759563
1214	0.35372635
1215	0.33287194
1216	0.34967956
1217	0.33694591
1218	0.32198687
1219	0.34491694
1220	0.32021179
1221	0.34348937
1222	0.31300024
1223	0.34337440
1224	0.35662020
1225	0.35050389
1226	0.30278794
1227	0.37371925
1228	0.33345877
1229	0.34657992
1230	0.33964599
1231	0.34375813
1232	0.33439615
1233	0.35124770
1234	0.36436536
1235	0.32059567
1236	0.32335583
1237	0.32794750
1238	0.34083008
1239	0.33361397
1240	0.31627897
1241	0.35640325
1242	0.36242631
1243	0.33725103
1244	0.33932663
1245	0.34634179
1246	0.33920472
1247	0.34096179
1248	0.36126968
1249	0.35124833
1250	0.33917552
1251	0.34498266
1252	0.34136766
1253	0.35379067
1254	0.35748413
1255	0.35947774
1256	0.33941341
1257	0.34298437
1258	0.33783929
1259	0.32928472
1260	0.35509290
1261	0.33903317
1262	0.33361687
1263	0.35941012
1264	0.37045802
1265	0.33689127
1266	0.31695655
1267	0.31710095
1268	0.34134060
1269	0.31959532
1270	0.31833175
1271	0.33792115
1272	0.35709825
1273	0.37110464
1274	0.36217865
1275	0.34219758
1276	0.35353548
1277	0.32938024
1278	0.33862437
1279	0.34308460
1280	0.34300575
1281	0.36765901
1282	0.35532567
1283	0.31909679
1284	0.35018845
1285	0.34260738
1286	0.31381016
1287	0.33051893
1288	0.34074306
1289	0.32934405
1290	0.33739365
1291	0.34307841
1292	0.33705123
1293	0.31981520
1294	0.35518183
1295	0.33906714
1296	0.33628603
1297	0.34850389
1298	0.34109448
1299	0.36215671
1300	0.31789397
1301	0.33699452
1302	0.35509115
1303	0.34568333
1304	0.35077948
1305	0.32330278
1306	0.32306472
1307	0.33464433
1308	0.36183147
1309	0.33781198
1310	0.35223210
1311	0.34824599
1312	0.32283056
1313	0.36634119
1314	0.32798452
1315	0.33990845
1316	0.33610607
1317	0.34952869
1318	0.35353639
1319	0.33033202
1320	0.33926433
1321	0.34817405
1322	0.32915310
1323	0.33312754
1324	0.32935127
1325	0.34063397
1326	0.35233365
1327	0.34572873
1328	0.33462893
1329	0.35645155
1330	0.33603687
1331	0.33354587
1332	0.36072778
1333	0.31753397
1334	0.32504786
1335	0.34134798
1336	0.34782488
1337	0.36544290
1338	0.34983298
1339	0.36358306
1340	0.33851937
1341	0.33216214
1342	0.30121984
1343	0.34665313
1344	0.36049778
1345	0.36208845
1346	0.35578425
1347	0.33113925
1348	0.34950496
1349	0.34443683
1350	0.35149321
1351	0.35047663
1352	0.32387246
1353	0.30658294
1354	0.33717690
1355	0.33756706
1356	0.34019540
1357	0.33602536
1358	0.32817667
1359	0.36016484
1360	0.33631238
1361	0.35410313
1362	0.36368905
1363	0.35092933
1364	0.31512528
1365	0.33670813
1366	0.34731810
1367	0.33602996
1368	0.33950230
1369	0.30681349
1370	0.32769996
1371	0.35934694
1372	0.34615976
1373	0.31519087
1374	0.34540841
1375	0.31044345
1376	0.32933028
1377	0.36027468
1378	0.34260298
1379	0.36023512
1380	0.32291821
1381	0.33703627
1382	0.34538647
1383	0.34132175
1384	0.32835325
1385	0.33869921
1386	0.33319500
1387	0.32423373
1388	0.35911071
1389	0.32944540
1390	0.34885167
1391	0.32843377
1392	0.38351790
1393	0.33406806
1394	0.35594103
1395	0.35925956
1396	0.33721599
1397	0.33492488
1398	0.33548298
1399	0.33084313
1400	0.32699488
1401	0.34158750
1402	0.34225639
1403	0.33651429
1404	0.34524325
1405	0.34073313
1406	0.31362476
1407	0.33904940
1408	0.35184218
1409	0.34359389
1410	0.35884298
1411	0.36416901
1412	0.34890075
1413	0.31770012
1414	0.32851024
1415	0.34381115
1416	0.29554179
1417	0.32842313
1418	0.36801313
1419	0.34387417
1420	0.32762571
1421	0.34122139
1422	0.33488504
1423	0.33890131
1424	0.35356242
1425	0.34917290
1426	0.29862718
1427	0.31640837
1428	0.36810821
1429	0.32120079
1430	0.33316139
1431	0.32979643
1432	0.32417429
1433	0.33118357
1434	0.35672218
1435	0.37562468
1436	0.33972635
1437	0.35600639
1438	0.34523040
1439	0.35057194
1440	0.33897147
1441	0.33886329
1442	0.34288262
1443	0.32682710
1444	0.32019802
1445	0.34849040
1446	0.35048060
1447	0.34690250
1448	0.34493671
1449	0.31422250
1450	0.34263567
1451	0.35739659
1452	0.35177671
1453	0.35912992
1454	0.35365437
1455	0.35207960
1456	0.35331611
1457	0.31326734
1458	0.33219849
1459	0.34763968
1460	0.36142159
1461	0.35810194
1462	0.34840341
1463	0.33754377
1464	0.31307548
1465	0.34573040
1466	0.31809024
1467	0.32936278
1468	0.36151444
1469	0.31750274
1470	0.33839139
1471	0.33494528
1472	0.30321893
1473	0.34203226
1474	0.34333643
1475	0.36969921
1476	0.32740238
1477	0.33322139
1478	0.34633127
1479	0.34118325
1480	0.33811452
1481	0.34097345
1482	0.30894881
1483	0.36816155
1484	0.32840270
1485	0.33510067
1486	0.37005151
1487	0.32853377
1488	0.35140250
1489	0.32016893
1490	0.32871433
1491	0.36060901
1492	0.33005754
1493	0.33806607
1494	0.31674044
1495	0.35101742
1496	0.36335806
1497	0.32858377
1498	0.31294337
1499	0.35417909
1500	0.34219234
1501	0.35786944
1502	0.35041722
1503	0.34747183
1504	0.34043444
1505	0.32418052
1506	0.31124302
1507	0.35443901
1508	0.34791389
1509	0.30195702
1510	0.33217123
1511	0.33836016
1512	0.34010587
1513	0.30088750
1514	0.32735448
1515	0.34441798
1516	0.35467349
1517	0.33271060
1518	0.35835833
1519	0.34005913
1520	0.37343052
1521	0.35025067
1522	0.33008183
1523	0.36114389
1524	0.31811746
1525	0.34251016
1526	0.31250103
1527	0.34502111
1528	0.32963714
1529	0.34683413
1530	0.31556925
1531	0.31712107
1532	0.33427397
1533	0.34913679
1534	0.35755937
1535	0.33309790
1536	0.32089881
1537	0.33111250
1538	0.32920806
1539	0.35829583
1540	0.35704714
1541	0.32489349
1542	0.35603484
1543	0.33113385
1544	0.31821004
1545	0.33945536
1546	0.34290012
1547	0.32604544
1548	0.35464270
1549	0.32391345
1550	0.34497187
1551	0.37023163
1552	0.32969171
1553	0.33192683
1554	0.32292611
1555	0.34964647
1556	0.33600889
1557	0.31726528
1558	0.31441139
1559	0.33935464
1560	0.30868821
1561	0.35191734
1562	0.35529905
1563	0.32317806
1564	0.34727806
1565	0.33380310
1566	0.34848746
1567	0.34926583
1568	0.35081087
1569	0.35175071
1570	0.32557345
1571	0.33038687
1572	0.34790544
1573	0.31315040
1574	0.34474810
1575	0.33759218
1576	0.34754738
1577	0.34482901
1578	0.33712484
1579	0.37140266
1580	0.31722710
1581	0.32801484
1582	0.34913151
1583	0.33575865
1584	0.35928433
1585	0.32879040
1586	0.33947353
1587	0.34922456
1588	0.34554540
1589	0.34830933
1590	0.33648004
1591	0.34908393
1592	0.30125171
1593	0.33171151
1594	0.31894175
1595	0.30975032
1596	0.31476270
1597	0.35672869
1598	0.33961532
1599	0.32613075
1600	0.33408238
1601	0.34439671
1602	0.33445813
1603	0.35058782
1604	0.36371052
1605	0.34125345
1606	0.33721333
1607	0.35301357
1608	0.34283766
1609	0.32400972
1610	0.29720429
1611	0.35796615
1612	0.34489365
1613	0.34282687
1614	0.35529052
1615	0.33724067
1616	0.36723889
1617	0.33443611
1618	0.34682353
1619	0.34822306
1620	0.31922258
1621	0.33873968
1622	0.33945687
1623	0.32302758
1624	0.35826222
1625	0.34518802
1626	0.36223242
1627	0.34126861
1628	0.33805639
1629	0.37596341
1630	0.36188472
1631	0.33701083
1632	0.33612940
1633	0.34251849
1634	0.33197742
1635	0.32384873
1636	0.35288528
1637	0.35204996
1638	0.32617528
1639	0.35075913
1640	0.34503004
1641	0.33184790
1642	0.31084675
1643	0.32789452
1644	0.32706464
1645	0.33914627
1646	0.34988266
1647	0.32250274
1648	0.33764119
1649	0.33076738
1650	0.33803020
1651	0.30041845
1652	0.33433258
1653	0.31205687
1654	0.33851353
1655	0.35068440
1656	0.35544179
1657	0.34114544
1658	0.33166060
1659	0.31510544
1660	0.32329821
1661	0.31335242
1662	0.34337504
1663	0.35324563
1664	0.32955460
1665	0.33662194
1666	0.34745222
1667	0.33625536
1668	0.31774675
1669	0.33219988
1670	0.34984786
1671	0.32856004
1672	0.31274651
1673	0.32793710
1674	0.33793960
1675	0.33895317
1676	0.33792131
1677	0.32835500
1678	0.35665079
1679	0.34879333
1680	0.33614036
1681	0.32925817
1682	0.32767460
1683	0.32909806
1684	0.36709079
1685	0.36030782
1686	0.34337687
1687	0.35454901
1688	0.36358452
1689	0.34797214
1690	0.35703444
1691	0.33168266
1692	0.32677210
1693	0.31890905
1694	0.31966310
1695	0.33386103
1696	0.32778476
1697	0.35896639
1698	0.33859270
1699	0.33457107
1700	0.34687496
1701	0.33651044
1702	0.32744448
1703	0.35672964
1704	0.34546437
1705	0.33067929
1706	0.33240611
1707	0.34556718
1708	0.33124484
1709	0.36548512
1710	0.31727655
1711	0.32686452
1712	0.32891310
1713	0.33718865
1714	0.33575655
1715	0.34065377
1716	0.33380603
1717	0.35599071
1718	0.31951262
1719	0.31627540
1720	0.34542365
1721	0.35507726
1722	0.33195540
1723	0.32478758
1724	0.32504583
1725	0.32240790
1726	0.31382060
1727	0.36379639
1728	0.35630504
1729	0.35007615
1730	0.32503183
1731	0.32275087
1732	0.32038861
1733	0.33503956
1734	0.33446155
1735	0.33796750
1736	0.35213452
1737	0.35482877
1738	0.36356845
1739	0.33764409
1740	0.31824587
1741	0.32935393
1742	0.32802671
1743	0.34081794
1744	0.34894940
1745	0.32467361
1746	0.33261623
1747	0.34943651
1748	0.35690238
1749	0.30995595
1750	0.35526155
1751	0.34737762
1752	0.36359417
1753	0.35603020
1754	0.35826556
1755	0.31513115
1756	0.33972869
1757	0.30931762
1758	0.35475448
1759	0.32304615
1760	0.34341333
1761	0.34030369
1762	0.33041500
1763	0.32065214
1764	0.33812230
1765	0.33257571
1766	0.32686774
1767	0.34412817
1768	0.34373187
1769	0.35584794
1770	0.35293512
1771	0.34918266
1772	0.30999020
1773	0.35840433
1774	0.35878579
1775	0.32413091
1776	0.34281464
1777	0.32220298
1778	0.36799560
1779	0.32674052
1780	0.33429413
1781	0.34121024
1782	0.32531556
1783	0.32973266
1784	0.34270802
1785	0.35708496
1786	0.35264877
1787	0.30735635
1788	0.32665651
1789	0.33166004
1790	0.32837198
1791	0.34866976
1792	0.33497230
1793	0.33403853
1794	0.33906246
1795	0.32529421
1796	0.35033472
1797	0.34093516
1798	0.33805278
1799	0.35287397
1800	0.34804567
1801	0.36036119
1802	0.34476655
1803	0.35078028
1804	0.33442567
1805	0.32366329
1806	0.34766992
1807	0.35169286
1808	0.32190679
1809	0.36798964
1810	0.35291151
1811	0.35415278
1812	0.33253040
1813	0.34858817
1814	0.33267079
1815	0.33448813
1816	0.33445821
1817	0.32669183
1818	0.31653060
1819	0.35241091
1820	0.33951627
1821	0.36338520
1822	0.34631861
1823	0.34988405
1824	0.31916472
1825	0.33688885
1826	0.32624893
1827	0.35710722
1828	0.31092313
1829	0.35345381
1830	0.34045079
1831	0.32569575
1832	0.33997210
1833	0.33506647
1834	0.35922758
1835	0.33803147
1836	0.35457627
1837	0.33805619
1838	0.34874798
1839	0.33101960
1840	0.33542290
1841	0.34352079
1842	0.34189226
1843	0.32209179
1844	0.32972242
1845	0.33684040
1846	0.33731127
1847	0.33567583
1848	0.34110417
1849	0.35552659
1850	0.36426135
1851	0.33381052
1852	0.32923405
1853	0.31248000
1854	0.34149893
1855	0.35995960
1856	0.36592155
1857	0.36303079
1858	0.33639663
1859	0.36266381
1860	0.31564056
1861	0.35527921
1862	0.35314433
1863	0.34335095
1864	0.35078206
1865	0.33395960
1866	0.32974024
1867	0.32731853
1868	0.35457976
1869	0.33414440
1870	0.33433032
1871	0.37860540
1872	0.31268238
1873	0.32177246
1874	0.35609286
1875	0.32591909
1876	0.33752885
1877	0.35384500
1878	0.32425361
1879	0.31205413
1880	0.33080091
1881	0.35700667
1882	0.33944171
1883	0.33972929
1884	0.35854143
1885	0.35369774
1886	0.34335798
1887	0.37925222
1888	0.32365619
1889	0.34137429
1890	0.35210313
1891	0.31181556
1892	0.31129405
1893	0.33809087
1894	0.34088671
1895	0.33829250
1896	0.36486841
1897	0.32548960
1898	0.35085163
1899	0.33347893
1900	0.33850881
1901	0.35461627
1902	0.35157706
1903	0.35420349
1904	0.36223488
1905	0.35245067
1906	0.35785095
1907	0.33880274
1908	0.36139984
1909	0.34006992
1910	0.35897171
1911	0.32178536
1912	0.34205841
1913	0.35559591
1914	0.35128865
1915	0.35163238
1916	0.32558036
1917	0.31015810
1918	0.36263091
1919	0.31749385
1920	0.32083635
1921	0.35170242
1922	0.35623385
1923	0.34133798
1924	0.33966651
1925	0.36563595
1926	0.33149837
1927	0.31920385
1928	0.33644984
1929	0.33413294
1930	0.33559012
1931	0.35786139
1932	0.31191746
1933	0.34781190
1934	0.34086274
1935	0.36518282
1936	0.32089948
1937	0.34334901
1938	0.36463631
1939	0.35275952
1940	0.34878635
1941	0.36328302
1942	0.35028472
1943	0.31585647
1944	0.34193619
1945	0.35395984
1946	0.34197472
1947	0.34824730
1948	0.32263591
1949	0.32938468
1950	0.33418099
1951	0.36415226
1952	0.33119675
1953	0.34109762
1954	0.34678861
1955	0.33308504
1956	0.36321278
1957	0.34149770
1958	0.33661488
1959	0.34236504
1960	0.35615063
1961	0.35522282
1962	0.35897087
1963	0.35610821
1964	0.32993587
1965	0.33503298
1966	0.31196278
1967	0.34246155
1968	0.34768417
1969	0.34729381
1970	0.33229841
1971	0.31681401
1972	0.35717103
1973	0.36572933
1974	0.34884742
1975	0.34436567
1976	0.33158762
1977	0.32150012
1978	0.32518925
1979	0.35841881
1980	0.34231790
1981	0.31612357
1982	0.33635143
1983	0.34792952
1984	0.33710702
1985	0.34808123
1986	0.34892194
1987	0.35095659
1988	0.35846115
1989	0.32361413
1990	0.35525901
1991	0.34052548
1992	0.31647222
1993	0.33438266
1994	0.34919317
1995	0.36455036
1996	0.33886190
1997	0.32500222
1998	0.33796611
1999	0.34452032
2000	0.33646615
2001	0.33984734
2002	0.35018841
2003	0.34941337
2004	0.32754873
2005	0.33200329
2006	0.31220988
2007	0.33467004
2008	0.33315214
2009	0.33188571
2010	0.34882000
2011	0.34512480
2012	0.33854024
2013	0.34430444
2014	0.32911274
2015	0.34718893
2016	0.30379476
2017	0.33398655
2018	0.34604802
2019	0.34226591
2020	0.32987984
2021	0.31305048
2022	0.37064290
2023	0.33232865
2024	0.34987869
2025	0.32683071
2026	0.34923115
2027	0.35561786
2028	0.34187933
2029	0.34821333
2030	0.34479853
2031	0.34452333
2032	0.35333135
2033	0.34806786
2034	0.35149861
2035	0.33348940
2036	0.34932718
2037	0.33682433
2038	0.32195766
2039	0.31296345
2040	0.34037667
2041	0.35852615
2042	0.34658440
2043	0.31311258
2044	0.34465766
2045	0.31796437
2046	0.36307452
2047	0.35216921
2048	0.35176365
2049	0.35874274
2050	0.34519738
2051	0.34511333
2052	0.33718952
2053	0.36660409
2054	0.36099278
2055	0.31897750
2056	0.33651976
2057	0.33161071
2058	0.33790913
2059	0.33075659
2060	0.35188214
2061	0.33825790
2062	0.36112611
2063	0.33437528
2064	0.33779302
2065	0.32680738
2066	0.33175155
2067	0.34925480
2068	0.32826988
2069	0.31165401
2070	0.35678726
2071	0.34632929
2072	0.32831067
2073	0.31319873
2074	0.34567786
2075	0.32768377
2076	0.32224234
2077	0.32028873
2078	0.33740873
2079	0.34422825
2080	0.35829798
2081	0.33790012
2082	0.35722202
2083	0.34862563
2084	0.33423984
2085	0.34408738
2086	0.35723520
2087	0.35559246
2088	0.35688972
2089	0.35247107
2090	0.33366714
2091	0.35695417
2092	0.34742619
2093	0.32409198
2094	0.31984115
2095	0.33538575
2096	0.33909877
2097	0.33521714
2098	0.35904607
2099	0.36341512
2100	0.33384012
2101	0.31676611
2102	0.33762929
2103	0.35572873
2104	0.33112135
2105	0.34152841
2106	0.31444290
2107	0.34611813
2108	0.31759440
2109	0.34048881
2110	0.32551056
2111	0.32285837
2112	0.34202131
2113	0.31889103
2114	0.35080754
2115	0.36301603
2116	0.35932496
2117	0.31295722
2118	0.32695992
2119	0.34404190
2120	0.32003282
2121	0.32334008
2122	0.34863230
2123	0.34487563
2124	0.32628885
2125	0.31916512
2126	0.33501631
2127	0.34083329
2128	0.35635139
2129	0.35954111
2130	0.36271468
2131	0.33574722
2132	0.34882143
2133	0.32853254
2134	0.35321095
2135	0.35770520
2136	0.34051190
2137	0.34707905
2138	0.33473643
2139	0.35913774
2140	0.34770111
2141	0.33137155
2142	0.33626865
2143	0.32893460
2144	0.32174099
2145	0.30812020
2146	0.34322187
2147	0.35115079
2148	0.34271730
2149	0.32609242
2150	0.32763528
2151	0.32717210
2152	0.33656548
2153	0.35828607
2154	0.35489754
2155	0.36646310
2156	0.30308770
2157	0.33405853
2158	0.35267460
2159	0.33542845
2160	0.34234583
2161	0.34787893
2162	0.32250222
2163	0.34518460
2164	0.33189492
2165	0.32356960
2166	0.35508817
2167	0.34996282
2168	0.33679290
2169	0.31269298
2170	0.34184925
2171	0.34279956
2172	0.32749679
2173	0.36031123
2174	0.34063897
2175	0.33615389
2176	0.32118433
2177	0.32413429
2178	0.37282980
2179	0.36825202
2180	0.36809028
2181	0.34199909
2182	0.37392504
2183	0.36306567
2184	0.33595266
2185	0.32630702
2186	0.34935123
2187	0.31537683
2188	0.35462591
2189	0.34454004
2190	0.35366056
2191	0.35071230
2192	0.34656984
2193	0.34345492
2194	0.34501313
2195	0.32725286
2196	0.35906901
2197	0.35017615
2198	0.35640861
2199	0.34016444
2200	0.32489643
2201	0.34051425
2202	0.31537175
2203	0.33315956
2204	0.33637524
2205	0.33839544
2206	0.34639000
2207	0.34689179
2208	0.35609012
2209	0.33657274
2210	0.33286746
2211	0.32565317
2212	0.34597298
2213	0.34144329
2214	0.34234492
2215	0.33885012
2216	0.33860496
2217	0.33545000
2218	0.36035341
2219	0.33042877
2220	0.31603369
2221	0.34416512
2222	0.36101131
2223	0.31082484
2224	0.33287048
2225	0.33436385
2226	0.34171659
2227	0.33561647
2228	0.33564258
2229	0.33415234
2230	0.33414861
2231	0.31557071
2232	0.32769671
2233	0.31963151
2234	0.30289250
2235	0.33171000
2236	0.32815313
2237	0.34897667
2238	0.33853306
2239	0.32301857
2240	0.34150556
2241	0.33157286
2242	0.33155690
2243	0.34978369
2244	0.33307996
2245	0.34106329
2246	0.35024472
2247	0.34594460
2248	0.34556317
2249	0.34757702
2250	0.33330183
2251	0.33398599
2252	0.36300694
2253	0.32732587
2254	0.32978052
2255	0.34528937
2256	0.34640845
2257	0.36058171
2258	0.32433048
2259	0.33933194
2260	0.32372317
2261	0.33831917
2262	0.34054984
2263	0.35901083
2264	0.35176218
2265	0.34455925
2266	0.34752067
2267	0.36149671
2268	0.32347468
2269	0.31601067
2270	0.33855897
2271	0.32823623
2272	0.30255730
2273	0.33613786
2274	0.32470948
2275	0.36312480
2276	0.32823095
2277	0.31697921
2278	0.35370036
2279	0.34897659
2280	0.33452480
2281	0.31882829
2282	0.34024540
2283	0.37603036
2284	0.31649599
2285	0.32581095
2286	0.32527663
2287	0.31718841
2288	0.34891532
2289	0.35730738
2290	0.35801067
2291	0.30352060
2292	0.31290774
2293	0.32586155
2294	0.35041956
2295	0.32830242
2296	0.36049933
2297	0.34398258
2298	0.35213587
2299	0.32994163
2300	0.32096452
2301	0.32359948
2302	0.33569242
2303	0.32778976
2304	0.36289829
2305	0.34682536
2306	0.35390302
2307	0.33128190
2308	0.33420183
2309	0.33099905
2310	0.34408095
2311	0.31815937
2312	0.33225754
2313	0.34036802
2314	0.34710460
2315	0.35537012
2316	0.31611885
2317	0.35261254
2318	0.33785992
2319	0.35177817
2320	0.36428901
2321	0.32878028
2322	0.35531091
2323	0.32351956
2324	0.31745369
2325	0.33737349
2326	0.32246730
2327	0.34127948
2328	0.32572516
2329	0.34923393
2330	0.36812242
2331	0.33678353
2332	0.35857786
2333	0.33595190
2334	0.33367016
2335	0.34903560
2336	0.32467683
2337	0.34820083
2338	0.31536190
2339	0.33818302
2340	0.35227079
2341	0.35644857
2342	0.35679802
2343	0.33203722
2344	0.35029230
2345	0.35520770
2346	0.32833782
2347	0.33294083
2348	0.31574643
2349	0.34401841
2350	0.32378353
2351	0.33975845
2352	0.33538956
2353	0.32397925
2354	0.36506925
2355	0.34262813
2356	0.33787179
2357	0.33276813
2358	0.33232052
2359	0.33036845
2360	0.33086294
2361	0.31782599
2362	0.33892575
2363	0.34354726
2364	0.36597845
2365	0.33684937
2366	0.35295246
2367	0.32486000
2368	0.33442020
2369	0.33954234
2370	0.34226274
2371	0.34410103
2372	0.34561655
2373	0.34958313
2374	0.35797425
2375	0.33459643
2376	0.33443444
2377	0.34043540
2378	0.33869762
2379	0.31896639
2380	0.33059544
2381	0.32715730
2382	0.33913881
2383	0.34828321
2384	0.30746996
2385	0.30263762
2386	0.33684028
2387	0.32336988
2388	0.34071167
2389	0.37497794
2390	0.35582968
2391	0.33891647
2392	0.33892345
2393	0.35039004
2394	0.34671056
2395	0.34547032
2396	0.33820567
2397	0.32179837
2398	0.35107619
2399	0.34216159
2400	0.33689790
2401	0.35413365
2402	0.34133163
2403	0.31583345
2404	0.34012143
2405	0.35614496
2406	0.32500012
2407	0.34817758
2408	0.35291349
2409	0.36012290
2410	0.35245587
2411	0.33344381
2412	0.36197500
2413	0.32000579
2414	0.34704357
2415	0.33009710
2416	0.31785282
2417	0.33001758
2418	0.35196560
2419	0.33683000
2420	0.31634540
2421	0.36229425
2422	0.33561496
2423	0.33349611
2424	0.33027671
2425	0.33136770
2426	0.36480679
2427	0.35392639
2428	0.33564913
2429	0.32804365
2430	0.34102889
2431	0.34082647
2432	0.31205548
2433	0.32950075
2434	0.34278131
2435	0.34891718
2436	0.34757738
2437	0.32857345
2438	0.35013730
2439	0.33636448
2440	0.32671579
2441	0.34246325
2442	0.33613821
2443	0.33340845
2444	0.34234762
2445	0.34254687
2446	0.33885933
2447	0.34273187
2448	0.33208294
2449	0.35454421
2450	0.32879619
2451	0.34401000
2452	0.34960012
2453	0.35519762
2454	0.32173909
2455	0.32596329
2456	0.31225349
2457	0.32127250
2458	0.31565448
2459	0.35263556
2460	0.36579544
2461	0.35722349
2462	0.34363298
2463	0.35521155
2464	0.31690770
2465	0.37241373
2466	0.31766250
2467	0.34785067
2468	0.33521056
2469	0.33230730
2470	0.32392766
2471	0.34114599
2472	0.33162306
2473	0.30603004
2474	0.33419218
2475	0.33385948
2476	0.35629004
2477	0.33892440
2478	0.35013873
2479	0.31994726
2480	0.31806520
2481	0.33587655
2482	0.33887563
2483	0.37353885
2484	0.31815071
2485	0.34778298
2486	0.37122909
2487	0.34470425
2488	0.34738476
2489	0.32792016
2490	0.32751516
2491	0.33572647
2492	0.36392238
2493	0.35971083
2494	0.32981401
2495	0.33194798
2496	0.32231123
2497	0.34996917
2498	0.32645798
2499	0.32488254
2500	0.34000575
2501	0.32575135
2502	0.36310984
2503	0.34577611
2504	0.31840802
2505	0.34998012
2506	0.34854274
2507	0.33494813
2508	0.33426702
2509	0.35156552
2510	0.33589385
2511	0.33375512
2512	0.35034437
2513	0.32294504
2514	0.34589575
2515	0.30989901
2516	0.33561873
2517	0.35130869
2518	0.34325048
2519	0.34505575
2520	0.33260738
2521	0.34928964
2522	0.31719687
2523	0.33167337
2524	0.33491067
2525	0.32635750
2526	0.34567369
2527	0.37201889
2528	0.31167107
2529	0.34995127
2530	0.32331052
2531	0.36552353
2532	0.33668516
2533	0.35405948
2534	0.32712282
2535	0.33177357
2536	0.32960139
2537	0.34610214
2538	0.33473266
2539	0.33283179
2540	0.33376849
2541	0.32713667
2542	0.34460706
2543	0.34009210
2544	0.35525571
2545	0.34970329
2546	0.32978067
2547	0.33351214
2548	0.36142067
2549	0.31859992
2550	0.35412389
2551	0.33664746
2552	0.34197048
2553	0.34752091
2554	0.32907746
2555	0.33168857
2556	0.34167917
2557	0.35821841
2558	0.30315290
2559	0.34677544
2560	0.35457222
2561	0.32899520
2562	0.35444552
2563	0.31537083
2564	0.34403833
2565	0.33309345
2566	0.35270631
2567	0.33967000
2568	0.34337575
2569	0.35318218
2570	0.33342909
2571	0.34846020
2572	0.32670115
2573	0.34397417
2574	0.31024567
2575	0.31863401
2576	0.32729413
2577	0.34876806
2578	0.33648004
2579	0.34198060
2580	0.33950413
2581	0.36989425
2582	0.32904683
2583	0.33142683
2584	0.33398198
2585	0.33695230
2586	0.30569480
2587	0.35798452
2588	0.33841762
2589	0.36635063
2590	0.35421246
2591	0.33558659
2592	0.36721060
2593	0.31215738
2594	0.33959921
2595	0.31711286
2596	0.34321861
2597	0.32978873
2598	0.32271365
2599	0.33477643
2600	0.35025528
2601	0.33299643
2602	0.34114306
2603	0.35279917
2604	0.32803349
2605	0.34736734
2606	0.34162512
2607	0.35226250
2608	0.35143016
2609	0.34700532
2610	0.32383552
2611	0.33627766
2612	0.35215056
2613	0.34160730
2614	0.31890599
2615	0.32137921
2616	0.34127270
2617	0.33918583
2618	0.33300512
2619	0.33158532
2620	0.33506806
2621	0.31558964
2622	0.34143000
2623	0.33433000
2624	0.34352103
2625	0.35535623
2626	0.35034786
2627	0.36453615
2628	0.32750381
2629	0.34792905
2630	0.32768512
2631	0.33087992
2632	0.34662948
2633	0.35833556
2634	0.33900627
2635	0.34628881
2636	0.33902540
2637	0.34139472
2638	0.32043754
2639	0.34465849
2640	0.34907052
2641	0.32967270
2642	0.34922210
2643	0.34277952
2644	0.33343036
2645	0.35381679
2646	0.36082631
2647	0.34553865
2648	0.35828230
2649	0.33518948
2650	0.33726810
2651	0.34538163
2652	0.36353452
2653	0.32239020
2654	0.33878746
2655	0.33176238
2656	0.36490873
2657	0.35383405
2658	0.33650187
2659	0.35360325
2660	0.35740940
2661	0.33323841
2662	0.35228175
2663	0.34867984
2664	0.32894087
2665	0.31325329
2666	0.32872111
2667	0.33323679
2668	0.34392532
2669	0.35422599
2670	0.33166321
2671	0.34218433
2672	0.32453774
2673	0.34597075
2674	0.32357111
2675	0.33714401
2676	0.35463024
2677	0.33647349
2678	0.33648532
2679	0.34444663
2680	0.34547544
2681	0.34984865
2682	0.35827306
2683	0.31497861
2684	0.32676786
2685	0.33929012
2686	0.35182893
2687	0.36355250
2688	0.33805746
2689	0.33374317
2690	0.33685040
2691	0.36697060
2692	0.35551171
2693	0.35661901
2694	0.36581766
2695	0.32202615
2696	0.34212563
2697	0.32736881
2698	0.37329056
2699	0.34546460
2700	0.32909020
2701	0.34006325
2702	0.34892750
2703	0.35054552
2704	0.35125246
2705	0.34206087
2706	0.35036060
2707	0.34571532
2708	0.35729571
2709	0.34122845
2710	0.35661401
2711	0.33450980
2712	0.33412802
2713	0.34175913
2714	0.34673921
2715	0.32477131
2716	0.32560742
2717	0.34641944
2718	0.34840206
2719	0.34289242
2720	0.32643798
2721	0.33216790
2722	0.35515746
2723	0.32797194
2724	0.32095230
2725	0.34577060
2726	0.34173135
2727	0.31047429
2728	0.33953266
2729	0.32595956
2730	0.34153139
2731	0.31807060
2732	0.34528222
2733	0.33229440
2734	0.33682905
2735	0.32935722
2736	0.32082810
2737	0.34212702
2738	0.33248290
2739	0.34315599
2740	0.35043123
2741	0.35173198
2742	0.33336321
2743	0.34403139
2744	0.36241008
2745	0.31468861
2746	0.33029798
2747	0.35472127
2748	0.35454639
2749	0.34275750
2750	0.34926369
2751	0.36101000
2752	0.32531266
2753	0.33070198
2754	0.34277175
2755	0.36443829
2756	0.34177484
2757	0.34235373
2758	0.32202167
2759	0.36835087
2760	0.33390754
2761	0.32619381
2762	0.34356548
2763	0.35928147
2764	0.36839524
2765	0.35498587
2766	0.35962385
2767	0.32365948
2768	0.35221242
2769	0.33184365
2770	0.32621262
2771	0.31886448
2772	0.34059425
2773	0.33843516
2774	0.35693742
2775	0.37412238
2776	0.32303552
2777	0.32989683
2778	0.32553115
2779	0.32590663
2780	0.35403385
2781	0.31847040
2782	0.32962992
2783	0.33522560
2784	0.33602246
2785	0.35786651
2786	0.33320107
2787	0.34538992
2788	0.34456341
2789	0.30719516
2790	0.31821825
2791	0.31756127
2792	0.31893111
2793	0.33204361
2794	0.36141726
2795	0.33976282
2796	0.31884690
2797	0.34460905
2798	0.32974940
2799	0.35188746
2800	0.32664980
2801	0.29720738
2802	0.32851024
2803	0.33567302
2804	0.35203131
2805	0.32439302
2806	0.34793825
2807	0.35152544
2808	0.34811060
2809	0.31984254
2810	0.34639333
2811	0.33599552
2812	0.35087448
2813	0.33569671
2814	0.33523413
2815	0.32150337
2816	0.34658897
2817	0.33645603
2818	0.34103508
2819	0.35149107
2820	0.33548841
2821	0.34836615
2822	0.34061004
2823	0.33772980
2824	0.31076964
2825	0.36527206
2826	0.32721492
2827	0.32876746
2828	0.35629163
2829	0.36213163
2830	0.33446405
2831	0.34315897
2832	0.35272198
2833	0.32694611
2834	0.33987425
2835	0.33547349
2836	0.32579675
2837	0.31738540
2838	0.34083659
2839	0.32727988
2840	0.34341329
2841	0.34872873
2842	0.35546778
2843	0.35383179
2844	0.35970488
2845	0.35962575
2846	0.34137508
2847	0.34815810
2848	0.33698286
2849	0.35399619
2850	0.33161897
2851	0.31704671
2852	0.35544075
2853	0.30409266
2854	0.32907659
2855	0.33464972
2856	0.35225274
2857	0.32083917
2858	0.35649393
2859	0.35822234
2860	0.30678107
2861	0.35631179
2862	0.34113464
2863	0.33500147
2864	0.33668563
2865	0.34353956
2866	0.33382095
2867	0.34358913
2868	0.32181048
2869	0.34875357
2870	0.34094873
2871	0.34530738
2872	0.36313984
2873	0.34359698
2874	0.35411869
2875	0.31530623
2876	0.35744254
2877	0.34974790
2878	0.36432187
2879	0.33360004
2880	0.32052758
2881	0.33854917
2882	0.34150524
2883	0.33638802
2884	0.33610921
2885	0.33304484
2886	0.34420107
2887	0.32149306
2888	0.35725909
2889	0.34448183
2890	0.35398504
2891	0.33036127
2892	0.34632008
2893	0.34297960
2894	0.34561171
2895	0.36496175
2896	0.33610429
2897	0.35306325
2898	0.33482440
2899	0.32897056
2900	0.35710155
2901	0.33046698
2902	0.34082325
2903	0.34101861
2904	0.33903881
2905	0.36057798
2906	0.33384694
2907	0.35707984
2908	0.36381687
2909	0.35606710
2910	0.33813484
2911	0.31001270
2912	0.36018948
2913	0.37311131
2914	0.33511544
2915	0.33166298
2916	0.32187496
2917	0.33741528
2918	0.34423429
2919	0.33233627
2920	0.33775714
2921	0.33565679
2922	0.34602754
2923	0.33956282
2924	0.34163488
2925	0.35388984
2926	0.34674643
2927	0.30624865
2928	0.34235873
2929	0.32499964
2930	0.32461369
2931	0.31815603
2932	0.34656000
2933	0.33984274
2934	0.35136183
2935	0.36880254
2936	0.36846845
2937	0.34130218
2938	0.33655659
2939	0.34769317
2940	0.34628028
2941	0.35870714
2942	0.32673575
2943	0.35757103
2944	0.32833802
2945	0.34254647
2946	0.33553496
2947	0.34958024
2948	0.34441238
2949	0.33030429
2950	0.35459627
2951	0.32880274
2952	0.34176937
2953	0.34535897
2954	0.33527310
2955	0.33177833
2956	0.32250821
2957	0.31281155
2958	0.34964357
2959	0.34225333
2960	0.36116992
2961	0.35773234
2962	0.34306937
2963	0.35183060
2964	0.33269710
2965	0.31279845
2966	0.34627488
2967	0.33996444
2968	0.34916020
2969	0.34476948
2970	0.36443603
2971	0.34059179
2972	0.35608337
2973	0.35256738
2974	0.34269329
2975	0.32833944
2976	0.34441940
2977	0.35340091
2978	0.33658063
2979	0.34096611
2980	0.32129984
2981	0.32705040
2982	0.34420857
2983	0.34140210
2984	0.32652504
2985	0.35848778
2986	0.35103687
2987	0.31064976
2988	0.32978853
2989	0.34038607
2990	0.30499242
2991	0.33968508
2992	0.35467091
2993	0.34189984
2994	0.32504798
2995	0.33024488
2996	0.34255302
2997	0.33331742
2998	0.30613595
2999	0.33761897
3000	0.33715079
3001	0.34068615
3002	0.36806659
3003	0.33970206
3004	0.35368413
3005	0.34840929
3006	0.34686163
3007	0.34475349
3008	0.36602052
3009	0.35241329
3010	0.34993290
3011	0.39216008
3012	0.34132000
3013	0.33495135
3014	0.34171187
3015	0.35084861
3016	0.32065071
3017	0.32357127
3018	0.34324452
3019	0.34703063
3020	0.33910825
3021	0.32648202
3022	0.35224786
3023	0.34254016
3024	0.33987452
3025	0.32205556
3026	0.34782952
3027	0.34352500
3028	0.33038849
3029	0.35082544
3030	0.33981512
3031	0.32975476
3032	0.33096282
3033	0.34487222
3034	0.34409833
3035	0.31839929
3036	0.34982437
3037	0.34893925
3038	0.33576909
3039	0.35393869
3040	0.35529849
3041	0.33577083
3042	0.33393988
3043	0.32665825
3044	0.34568000
3045	0.31422238
3046	0.34021758
3047	0.34253623
3048	0.35418706
3049	0.34177429
3050	0.34119210
3051	0.35993321
3052	0.35056599
3053	0.33751675
3054	0.34897865
3055	0.31917742
3056	0.35278464
3057	0.34124837
3058	0.33216635
3059	0.31774675
3060	0.31683147
3061	0.35831810
3062	0.32338960
3063	0.33740044
3064	0.32394940
3065	0.36213710
3066	0.32733508
3067	0.34405222
3068	0.35643325
3069	0.32413341
3070	0.37884901
3071	0.33428607
3072	0.33682929
3073	0.34086036
3074	0.30369655
3075	0.30152143
3076	0.34013357
3077	0.32278825
3078	0.31719079
3079	0.33703274
3080	0.35659639
3081	0.34173563
3082	0.33205786
3083	0.33170218
3084	0.35877460
3085	0.32906560
3086	0.35008599
3087	0.33152683
3088	0.33631258
3089	0.32927405
3090	0.34093667
3091	0.32063726
3092	0.33522095
3093	0.31879599
3094	0.36331040
3095	0.33581361
3096	0.33636881
3097	0.32938004
3098	0.33084294
3099	0.34324829
3100	0.36306992
3101	0.35384893
3102	0.34959937
3103	0.31805052
3104	0.34393143
3105	0.33687063
3106	0.31357639
3107	0.30647238
3108	0.34385210
3109	0.31319591
3110	0.34901829
3111	0.32209591
3112	0.32654111
3113	0.33774183
3114	0.34478393
3115	0.32157504
3116	0.33456595
3117	0.35389226
3118	0.33919881
3119	0.34341667
3120	0.35638940
3121	0.32350849
3122	0.34815504
3123	0.33660528
3124	0.34107306
3125	0.32907310
3126	0.36058758
3127	0.33994806
3128	0.33579567
3129	0.33174056
3130	0.35344937
3131	0.32357373
3132	0.33287905
3133	0.34328171
3134	0.33509214
3135	0.33303325
3136	0.35118373
3137	0.34060139
3138	0.34810306
3139	0.32937052
3140	0.31864063
3141	0.31232853
3142	0.31953167
3143	0.31179095
3144	0.34903579
3145	0.34483948
3146	0.33018984
3147	0.32320032
3148	0.35145091
3149	0.34828659
3150	0.36684060
3151	0.35844032
3152	0.33441738
3153	0.35041119
3154	0.31886464
3155	0.34045607
3156	0.35591619
3157	0.34616964
3158	0.34665345
3159	0.36587345
3160	0.35505369
3161	0.30967016
3162	0.36308921
3163	0.30704190
3164	0.33468310
3165	0.34276381
3166	0.33922623
3167	0.35702448
3168	0.34532944
3169	0.31468500
3170	0.35096738
3171	0.35073520
3172	0.34372448
3173	0.34941083
3174	0.33861706
3175	0.35182865
3176	0.32369119
3177	0.37133337
3178	0.34049155
3179	0.31033123
3180	0.35430972
3181	0.35920746
3182	0.34843452
3183	0.32450052
3184	0.35811401
3185	0.32841254
3186	0.33993488
3187	0.33366651
3188	0.33447702
3189	0.33529619
3190	0.34918448
3191	0.36376310
3192	0.33588409
3193	0.33450103
3194	0.32643897
3195	0.37068960
3196	0.33650560
3197	0.35063516
3198	0.34426758
3199	0.34625853
3200	0.36568210
3201	0.30811667
3202	0.33723567
3203	0.35802694
3204	0.32492611
3205	0.35871813
3206	0.33825651
3207	0.33680448
3208	0.32974528
3209	0.33829440
3210	0.34028008
3211	0.32888353
3212	0.32119218
3213	0.37150520
3214	0.36523032
3215	0.32841071
3216	0.34968071
3217	0.35572385
3218	0.33125099
3219	0.33412401
3220	0.34508048
3221	0.34943893
3222	0.32161063
3223	0.36036437
3224	0.32746810
3225	0.34222988
3226	0.32601825
3227	0.33870107
3228	0.35584444
3229	0.34451353
3230	0.33282274
3231	0.35218667
3232	0.33249131
3233	0.34277079
3234	0.32788377
3235	0.34773595
3236	0.32971988
3237	0.33540940
3238	0.34746663
3239	0.35100817
3240	0.35712103
3241	0.36258873
3242	0.35047437
3243	0.35243504
3244	0.34354976
3245	0.31911226
3246	0.32750190
3247	0.35096159
3248	0.33403206
3249	0.34684004
3250	0.35495310
3251	0.33366440
3252	0.33373155
3253	0.36252484
3254	0.34875702
3255	0.32810476
3256	0.34277516
3257	0.33737325
3258	0.32934460
3259	0.32731325
3260	0.33359659
3261	0.34328671
3262	0.33967734
3263	0.30925377
3264	0.33769020
3265	0.37672972
3266	0.33728698
3267	0.35324528
3268	0.35358500
3269	0.35024183
3270	0.34210817
3271	0.34983722
3272	0.35838694
3273	0.33814770
3274	0.32578917
3275	0.35691472
3276	0.32026798
3277	0.33117631
3278	0.31686484
3279	0.34238456
3280	0.32265460
3281	0.31898369
3282	0.32228417
3283	0.33057190
3284	0.33056837
3285	0.36446734
3286	0.32996480
3287	0.33410766
3288	0.32777194
3289	0.34238849
3290	0.38078266
3291	0.32604258
3292	0.33537726
3293	0.34355167
3294	0.35455492
3295	0.32439813
3296	0.34810647
3297	0.33119623
3298	0.33368940
3299	0.33085310
3300	0.34221556
3301	0.32637865
3302	0.33962893
3303	0.33851143
3304	0.35530421
3305	0.34136591
3306	0.34908603
3307	0.34276909
3308	0.34373512
3309	0.34288968
3310	0.34756302
3311	0.31676929
3312	0.33729421
3313	0.34152639
3314	0.33495813
3315	0.32919583
3316	0.31572944
3317	0.32666694
3318	0.33897944
3319	0.32521774
3320	0.35467242
3321	0.34230702
3322	0.32329190
3323	0.35542313
3324	0.32515175
3325	0.32548317
3326	0.35695746
3327	0.36654575
3328	0.36759302
3329	0.35643825
3330	0.32697702
3331	0.31892873
3332	0.37389234
3333	0.35063103
3334	0.34723651
3335	0.33167762
3336	0.34944155
3337	0.31791544
3338	0.33064992
3339	0.35927774
3340	0.35639464
3341	0.35362353
3342	0.37247984
3343	0.33997849
3344	0.33477397
3345	0.31070115
3346	0.35729631
3347	0.33505976
3348	0.35480234
3349	0.34183079
3350	0.33460413
3351	0.33414925
3352	0.30924937
3353	0.35103008
3354	0.30861190
3355	0.32393464
3356	0.31942091
3357	0.35435119
3358	0.31857016
3359	0.34665087
3360	0.36449897
3361	0.34415306
3362	0.31517544
3363	0.35062710
3364	0.34509964
3365	0.34228556
3366	0.34495635
3367	0.34811901
3368	0.31983036
3369	0.35439381
3370	0.33680056
3371	0.35288647
3372	0.34139798
3373	0.33069254
3374	0.34674976
3375	0.34690202
3376	0.34450583
3377	0.34641675
3378	0.33716825
3379	0.34141687
3380	0.35085365
3381	0.32632091
3382	0.31037063
3383	0.34682885
3384	0.34535524
3385	0.35147599
3386	0.32362151
3387	0.35070841
3388	0.32412381
3389	0.33987476
3390	0.34106056
3391	0.33058329
3392	0.33021325
3393	0.34933516
3394	0.34276401
3395	0.32317472
3396	0.35298107
3397	0.34476433
3398	0.32065786
3399	0.34821294
3400	0.34031377
3401	0.32626659
3402	0.33864075
3403	0.33716290
3404	0.31441036
3405	0.33876198
3406	0.34264040
3407	0.34839421
3408	0.32302552
3409	0.31074294
3410	0.34836837
3411	0.33039520
3412	0.32814131
3413	0.35314976
3414	0.33913254
3415	0.34829909
3416	0.32695611
3417	0.32471016
3418	0.34609690
3419	0.30816762
3420	0.30712000
3421	0.33704036
3422	0.35975639
3423	0.33659103
3424	0.35880571
3425	0.31703218
3426	0.32487865
3427	0.34605520
3428	0.34383869
3429	0.32345433
3430	0.33705163
3431	0.32649821
3432	0.34288071
3433	0.33398881
3434	0.34316468
3435	0.29642476
3436	0.33936159
3437	0.34619202
3438	0.34275504
3439	0.35791813
3440	0.34584440
3441	0.35188282
3442	0.34190310
3443	0.35855722
3444	0.35122377
3445	0.32081425
3446	0.35300563
3447	0.33648079
3448	0.35465413
3449	0.35463337
3450	0.33365218
3451	0.32982714
3452	0.36564817
3453	0.36407964
3454	0.33164960
3455	0.34078702
3456	0.35008595
3457	0.35210226
3458	0.34872024
3459	0.32250214
3460	0.34978948
3461	0.34732726
3462	0.33990567
3463	0.33781718
3464	0.32830952
3465	0.34321401
3466	0.33871857
3467	0.30906671
3468	0.33289687
3469	0.33875889
3470	0.32832976
3471	0.32407813
3472	0.34772440
3473	0.34420663
3474	0.37095813
3475	0.34093869
3476	0.35238881
3477	0.34317147
3478	0.34583143
3479	0.33886183
3480	0.34359306
3481	0.35435107
3482	0.32844377
3483	0.34758885
3484	0.33658313
3485	0.33253933
3486	0.32182028
3487	0.35319357
3488	0.33155079
3489	0.35942433
3490	0.33752575
3491	0.31748750
3492	0.33998492
3493	0.34413552
3494	0.31222075
3495	0.35476575
3496	0.33213988
3497	0.31707643
3498	0.34217456
3499	0.35140163
3500	0.32119389
3501	0.34097325
3502	0.33983746
3503	0.33049690
3504	0.32584552
3505	0.33276206
3506	0.35519528
3507	0.34818091
3508	0.32980734
3509	0.35048175
3510	0.35046611
3511	0.32743774
3512	0.32679171
3513	0.36782246
3514	0.35456643
3515	0.32237488
3516	0.35920937
3517	0.32156262
3518	0.36748937
3519	0.34826508
3520	0.33978274
3521	0.32323060
3522	0.32029901
3523	0.35195095
3524	0.32220385
3525	0.31240313
3526	0.34132016
3527	0.33752119
3528	0.32929393
3529	0.34137944
3530	0.31853012
3531	0.33410349
3532	0.34676413
3533	0.33057623
3534	0.33083560
3535	0.33282187
3536	0.36010567
3537	0.35818790
3538	0.31871952
3539	0.32269960
3540	0.33096865
3541	0.36815766
3542	0.31985286
3543	0.36270147
3544	0.34612595
3545	0.30808571
3546	0.35057337
3547	0.33335857
3548	0.36575460
3549	0.33151183
3550	0.34833937
3551	0.32872044
3552	0.35560278
3553	0.35924647
3554	0.37572004
3555	0.35387694
3556	0.35420417
3557	0.34201889
3558	0.31320603
3559	0.32414524
3560	0.35912294
3561	0.34267948
3562	0.31770992
3563	0.36832099
3564	0.32548246
3565	0.32531151
3566	0.32488179
3567	0.36426651
3568	0.33071020
3569	0.35804575
3570	0.30868913
3571	0.34363127
3572	0.32700083
3573	0.36130476
3574	0.32124623
3575	0.34389325
3576	0.33473278
3577	0.32779313
3578	0.35133972
3579	0.33688413
3580	0.35047083
3581	0.34727730
3582	0.36071933
3583	0.31272127
3584	0.33637250
3585	0.34800238
3586	0.35340302
3587	0.33766238
3588	0.34940500
3589	0.35207944
3590	0.35098623
3591	0.33043425
3592	0.34885524
3593	0.35674321
3594	0.34330556
3595	0.32877798
3596	0.35993071
3597	0.33368714
3598	0.32029778
3599	0.31841480
3600	0.34323250
3601	0.34973313
3602	0.33980655
3603	0.37011067
3604	0.35254607
3605	0.33627635
3606	0.35947167
3607	0.31937849
3608	0.33243885
3609	0.33249841
3610	0.32486345
3611	0.32980357
3612	0.33369687
3613	0.35265147
3614	0.35812631
3615	0.33987897
3616	0.35223821
3617	0.36039528
3618	0.35102389
3619	0.34282956
3620	0.37219516
3621	0.35543821
3622	0.32102738
3623	0.33791242
3624	0.33407897
3625	0.33714984
3626	0.33358337
3627	0.35202627
3628	0.33433143
3629	0.35341226
3630	0.34049591
3631	0.35419520
3632	0.35154599
3633	0.32826079
3634	0.33885202
3635	0.33086599
3636	0.32855052
3637	0.30071028
3638	0.32511040
3639	0.34715877
3640	0.32657944
3641	0.34058429
3642	0.34503218
3643	0.34044813
3644	0.32755861
3645	0.32002040
3646	0.33212337
3647	0.36418806
3648	0.33612131
3649	0.33377417
3650	0.32328651
3651	0.34769996
3652	0.34524802
3653	0.34386329
3654	0.33469302
3655	0.35821548
3656	0.33482659
3657	0.37980762
3658	0.31972353
3659	0.33859635
3660	0.35019563
3661	0.33556143
3662	0.34377766
3663	0.31222619
3664	0.37234075
3665	0.33665877
3666	0.35215706
3667	0.33597405
3668	0.32695075
3669	0.33655925
3670	0.33581429
3671	0.30696095
3672	0.31124865
3673	0.34806341
3674	0.31876952
3675	0.34222063
3676	0.34925238
3677	0.34302048
3678	0.34300286
3679	0.31536766
3680	0.32345163
3681	0.36138512
3682	0.34755885
3683	0.33692198
3684	0.33277488
3685	0.32563718
3686	0.34055714
3687	0.35199254
3688	0.34454298
3689	0.35417571
3690	0.34236571
3691	0.33727774
3692	0.33188099
3693	0.34007825
3694	0.34803143
3695	0.34536187
3696	0.32730135
3697	0.33858917
3698	0.32098619
3699	0.34336448
3700	0.33938980
3701	0.34084508
3702	0.33739754
3703	0.33751524
3704	0.31174611
3705	0.35240639
3706	0.34551401
3707	0.33383262
3708	0.34884476
3709	0.33187917
3710	0.33883381
3711	0.33466869
3712	0.34411774
3713	0.34789758
3714	0.34650913
3715	0.34219151
3716	0.34814837
3717	0.33322099
3718	0.33270044
3719	0.33986083
3720	0.34138016
3721	0.35670373
3722	0.33674806
3723	0.32745952
3724	0.34860163
3725	0.31274571
3726	0.33759817
3727	0.34289976
3728	0.34781718
3729	0.37125183
3730	0.34621480
3731	0.32799159
3732	0.33500413
3733	0.35065738
3734	0.33556258
3735	0.36170337
3736	0.34885147
3737	0.35402813
3738	0.33510544
3739	0.34613298
3740	0.34035849
3741	0.32275774
3742	0.34113179
3743	0.34078679
3744	0.35806103
3745	0.36532040
3746	0.32541163
3747	0.31916627
3748	0.34844091
3749	0.34718714
3750	0.33154599
3751	0.33899948
3752	0.35165738
3753	0.33102810
3754	0.35778563
3755	0.33281258
3756	0.36672127
3757	0.35795710
3758	0.33386413
3759	0.32097976
3760	0.33671504
3761	0.34017837
3762	0.33638143
3763	0.33370611
3764	0.35843421
3765	0.34178595
3766	0.31605671
3767	0.31314976
3768	0.34893786
3769	0.34849885
3770	0.35972960
3771	0.31971897
3772	0.34795611
3773	0.35272464
3774	0.34717032
3775	0.32167651
3776	0.35400119
3777	0.33671012
3778	0.33778183
3779	0.34705937
3780	0.34890972
3781	0.34694925
3782	0.32068524
3783	0.33417627
3784	0.33781802
3785	0.35413556
3786	0.34681492
3787	0.33981698
3788	0.34184532
3789	0.33929710
3790	0.32128306
3791	0.33049825
3792	0.34521881
3793	0.34338242
3794	0.32026397
3795	0.33628357
3796	0.31725619
3797	0.35414091
3798	0.33055611
3799	0.34333361
3800	0.36216659
3801	0.34286631
3802	0.34394337
3803	0.32436944
3804	0.32607425
3805	0.31367798
3806	0.34868456
3807	0.34307433
3808	0.36460782
3809	0.32306825
3810	0.32742004
3811	0.31611202
3812	0.33123770
3813	0.33854591
3814	0.32465770
3815	0.31368595
3816	0.32659821
3817	0.34975984
3818	0.33278214
3819	0.33488694
3820	0.34345306
3821	0.34611813
3822	0.34219242
3823	0.32116286
3824	0.33716802
3825	0.33672667
3826	0.33940032
3827	0.35205877
3828	0.34162020
3829	0.35138520
3830	0.33500925
3831	0.36789948
3832	0.31424373
3833	0.31559012
3834	0.36710651
3835	0.34708825
3836	0.29405825
3837	0.34874468
3838	0.31772175
3839	0.34661587
3840	0.33161218
3841	0.34199238
3842	0.32562321
3843	0.32601472
3844	0.35419595
3845	0.33049825
3846	0.35371877
3847	0.33477389
3848	0.32979389
3849	0.34556222
3850	0.34297448
3851	0.31893476
3852	0.32556171
3853	0.32196972
3854	0.34142179
3855	0.36041964
3856	0.31884067
3857	0.33763274
3858	0.34205877
3859	0.32743091
3860	0.35302659
3861	0.35269933
3862	0.31182063
3863	0.36557008
3864	0.34833567
3865	0.35688278
3866	0.32673504
3867	0.34424417
3868	0.31430913
3869	0.34622556
3870	0.33749163
3871	0.36727929
3872	0.32640825
3873	0.31630698
3874	0.34730702
3875	0.32907262
3876	0.34470333
3877	0.34203702
3878	0.33002131
3879	0.35543341
3880	0.32983937
3881	0.31486202
3882	0.33326798
3883	0.37424036
3884	0.33767754
3885	0.34043397
3886	0.33183659
3887	0.34187556
3888	0.31978619
3889	0.34652282
3890	0.32592786
3891	0.35635389
3892	0.35102639
3893	0.34319679
3894	0.33805036
3895	0.35516075
3896	0.36853972
3897	0.33066853
3898	0.33567770
3899	0.32504389
3900	0.33707310
3901	0.32952147
3902	0.32792440
3903	0.36108171
3904	0.32695468
3905	0.32095381
3906	0.34754270
3907	0.35650925
3908	0.32433206
3909	0.33832774
3910	0.36811901
3911	0.33367361
3912	0.34772361
3913	0.32860933
3914	0.33104425
3915	0.33549060
3916	0.32182694
3917	0.34422687
3918	0.33692393
3919	0.34934504
3920	0.32779532
3921	0.34991163
3922	0.33098250
3923	0.35088893
3924	0.35721278
3925	0.33367615
3926	0.34286512
3927	0.35870948
3928	0.34896861
3929	0.33323794
3930	0.33598143
3931	0.34573127
3932	0.35134587
3933	0.34844758
3934	0.34090056
3935	0.34115611
3936	0.36065317
3937	0.33854548
3938	0.35544655
3939	0.34206274
3940	0.35506667
3941	0.36458103
3942	0.35232536
3943	0.36588063
3944	0.34809060
3945	0.31151714
3946	0.33941202
3947	0.34329353
3948	0.37425230
3949	0.33367627
3950	0.33862143
3951	0.33499167
3952	0.36688492
3953	0.32555345
3954	0.36101794
3955	0.36896107
3956	0.34168071
3957	0.34910516
3958	0.33101615
3959	0.33384869
3960	0.32280714
3961	0.33856984
3962	0.33511313
3963	0.34336004
3964	0.34888679
3965	0.35124345
3966	0.33168865
3967	0.34689968
3968	0.32882147
3969	0.33254052
3970	0.36486234
3971	0.36074571
3972	0.33372167
3973	0.34711246
3974	0.36355956
3975	0.34720004
3976	0.35211968
3977	0.31814103
3978	0.33246492
3979	0.33636202
3980	0.33078286
3981	0.34047683
3982	0.34834833
3983	0.35816813
3984	0.31713313
3985	0.33690575
3986	0.33693675
3987	0.33984774
3988	0.33924861
3989	0.32877290
3990	0.33701782
3991	0.34205381
3992	0.35493179
3993	0.36116238
3994	0.33958528
3995	0.32567952
3996	0.33845218
3997	0.32550099
3998	0.33561599
3999	0.33563937
4000	0.34725853
4001	0.32125984
4002	0.29414897
4003	0.33217246
4004	0.35408595
4005	0.30802373
4006	0.30951683
4007	0.34218294
4008	0.36064552
4009	0.34444266
4010	0.32344238
4011	0.35278290
4012	0.35708694
4013	0.32720266
4014	0.33694548
4015	0.35001889
4016	0.32484325
4017	0.31543167
4018	0.33718694
4019	0.34966988
4020	0.30228889
4021	0.33795512
4022	0.34429635
4023	0.34787468
4024	0.32230012
4025	0.34609631
4026	0.33477433
4027	0.33442567
4028	0.35708512
4029	0.34153242
4030	0.33054635
4031	0.36382516
4032	0.33608480
4033	0.34173198
4034	0.34043750
4035	0.35749353
4036	0.33159302
4037	0.31845619
4038	0.35636333
4039	0.33483702
4040	0.33934012
4041	0.34498778
4042	0.32059794
4043	0.35842829
4044	0.33077480
4045	0.34234151
4046	0.34076365
4047	0.34762841
4048	0.36492187
4049	0.32706056
4050	0.33354345
4051	0.34420056
4052	0.34377417
4053	0.35019266
4054	0.34520960
4055	0.35228056
4056	0.34788151
4057	0.30853996
4058	0.33933278
4059	0.34406198
4060	0.34881563
4061	0.35109246
4062	0.32789187
4063	0.33816948
4064	0.33340437
4065	0.33586615
4066	0.34519321
4067	0.32176754
4068	0.33329417
4069	0.34209782
4070	0.32290802
4071	0.34609381
4072	0.32694992
4073	0.36502020
4074	0.30615278
4075	0.32726405
4076	0.32057909
4077	0.34466968
4078	0.33583226
4079	0.33776813
4080	0.34266913
4081	0.34546004
4082	0.32832337
4083	0.31812468
4084	0.32849306
4085	0.35308655
4086	0.36741381
4087	0.35124726
4088	0.34083194
4089	0.34649698
4090	0.34221504
4091	0.34437782
4092	0.34571246
4093	0.33702933
4094	0.36641476
4095	0.32716242
4096	0.35988075
4097	0.37587881
4098	0.31076131
4099	0.33096817
4100	0.33899583
4101	0.32204488
4102	0.34226960
4103	0.32388647
4104	0.36508230
4105	0.35553770
4106	0.33009909
4107	0.34347579
4108	0.33126008
4109	0.35186940
4110	0.35090111
4111	0.34184020
4112	0.36013853
4113	0.34770766
4114	0.31559063
4115	0.35708611
4116	0.33746417
4117	0.34522206
4118	0.34970063
4119	0.32599393
4120	0.33322976
4121	0.35225456
4122	0.33605813
4123	0.36901548
4124	0.34714694
4125	0.32483242
4126	0.33490246
4127	0.33064798
4128	0.34690123
4129	0.34255972
4130	0.33281286
4131	0.32866440
4132	0.35513437
4133	0.33951321
4134	0.34375218
4135	0.34570659
4136	0.33689278
4137	0.32652278
4138	0.33529210
4139	0.33194706
4140	0.34301175
4141	0.34660044
4142	0.34574381
4143	0.32004206
4144	0.33179310
4145	0.31476980
4146	0.35016857
4147	0.33074821
4148	0.35241996
4149	0.36486841
4150	0.34047948
4151	0.32692282
4152	0.35665313
4153	0.34303310
4154	0.35237409
4155	0.35961413
4156	0.32840714
4157	0.34628813
4158	0.30614611
4159	0.36039361
4160	0.37008817
4161	0.32728075
4162	0.36030317
4163	0.33634770
4164	0.32021702
4165	0.33538254
4166	0.33128679
4167	0.33230718
4168	0.35806194
4169	0.34650317
4170	0.35262758
4171	0.32582520
4172	0.34391587
4173	0.33909337
4174	0.34507020
4175	0.33003464
4176	0.36191544
4177	0.32965702
4178	0.35432913
4179	0.33918877
4180	0.33027651
4181	0.33822139
4182	0.32466115
4183	0.35025377
4184	0.33675790
4185	0.34774032
4186	0.33845746
4187	0.33971952
4188	0.34853540
4189	0.33758758
4190	0.32414226
4191	0.34434087
4192	0.35368357
4193	0.33398540
4194	0.33311456
4195	0.34117242
4196	0.33898087
4197	0.34245980
4198	0.35160345
4199	0.34451651
4200	0.33248647
4201	0.32951861
4202	0.33500056
4203	0.32013060
4204	0.31281750
4205	0.34105536
4206	0.34852909
4207	0.34693921
4208	0.34772845
4209	0.32067722
4210	0.32552214
4211	0.31566488
4212	0.33385980
4213	0.33706952
4214	0.33816980
4215	0.36277849
4216	0.34577020
4217	0.34742345
4218	0.33079079
4219	0.35740599
4220	0.33919052
4221	0.34976480
4222	0.36475321
4223	0.32127770
4224	0.32963183
4225	0.34308639
4226	0.34711869
4227	0.34312063
4228	0.32881766
4229	0.31813829
4230	0.35045746
4231	0.36656500
4232	0.34486881
4233	0.36255500
4234	0.34792056
4235	0.35405341
4236	0.34349893
4237	0.31590548
4238	0.35273639
4239	0.31689214
4240	0.32770421
4241	0.33942119
4242	0.34856032
4243	0.35677861
4244	0.37248091
4245	0.35329841
4246	0.33979722
4247	0.32068964
4248	0.33036000
4249	0.36822107
4250	0.35636619
4251	0.35458198
4252	0.34033119
4253	0.34595873
4254	0.33761889
4255	0.33989762
4256	0.32283528
4257	0.34463171
4258	0.35422984
4259	0.33864679
4260	0.33589222
4261	0.32810472
4262	0.31573389
4263	0.32006044
4264	0.34160258
4265	0.35503405
4266	0.35299841
4267	0.33775556
4268	0.35062504
4269	0.32853155
4270	0.34053405
4271	0.36361663
4272	0.31714583
4273	0.34670734
4274	0.33772048
4275	0.33662012
4276	0.35225222
4277	0.37549853
4278	0.32301877
4279	0.33558913
4280	0.33670722
4281	0.34733603
4282	0.35298210
4283	0.33254302
4284	0.34691004
4285	0.34269528
4286	0.35748167
4287	0.34196698
4288	0.35898131
4289	0.34961810
4290	0.34578647
4291	0.33706190
4292	0.35392599
4293	0.33948853
4294	0.33813520
4295	0.35699655
4296	0.36802671
4297	0.34844984
4298	0.35357702
4299	0.33346706
4300	0.32025683
4301	0.35833845
4302	0.35172401
4303	0.36421718
4304	0.32692813
4305	0.31558516
4306	0.33640484
4307	0.31688544
4308	0.33919464
4309	0.35452563
4310	0.34152687
4311	0.30331472
4312	0.35239012
4313	0.34166671
4314	0.34864802
4315	0.34249147
4316	0.36602925
4317	0.33298298
4318	0.31390107
4319	0.36135107
4320	0.32525794
4321	0.33023488
4322	0.33610083
4323	0.35471167
4324	0.31112960
4325	0.34625714
4326	0.34053532
4327	0.33814409
4328	0.35072639
4329	0.33624746
4330	0.34616488
4331	0.34069163
4332	0.34206282
4333	0.32871901
4334	0.36101290
4335	0.33637710
4336	0.31250937
4337	0.31544198
4338	0.32720060
4339	0.33942179
4340	0.35900758
4341	0.33809004
4342	0.35708183
4343	0.33996397
4344	0.31889647
4345	0.34751147
4346	0.32679433
4347	0.31713290
4348	0.34502738
4349	0.33574417
4350	0.34881278
4351	0.34667964
4352	0.32511429
4353	0.33091556
4354	0.33337913
4355	0.32894611
4356	0.33208659
4357	0.34120984
4358	0.33181837
4359	0.34740643
4360	0.35452996
4361	0.35194206
4362	0.33742548
4363	0.32407984
4364	0.31569266
4365	0.34070901
4366	0.32849056
4367	0.37185254
4368	0.32812190
4369	0.34323548
4370	0.34163746
4371	0.33893226
4372	0.35392762
4373	0.32561143
4374	0.35002567
4375	0.33969722
4376	0.34026052
4377	0.32877516
4378	0.34230290
4379	0.32900794
4380	0.34567290
4381	0.34594996
4382	0.34456155
4383	0.35388750
4384	0.31158881
4385	0.33835813
4386	0.35260647
4387	0.34771325
4388	0.34760333
4389	0.33515349
4390	0.34854829
4391	0.33905905
4392	0.30619679
4393	0.34993563
4394	0.36245048
4395	0.34403825
4396	0.35607794
4397	0.34123853
4398	0.33502024
4399	0.33605861
4400	0.34455671
4401	0.34275726
4402	0.36389710
4403	0.34185187
4404	0.34216151
4405	0.34212738
4406	0.34242905
4407	0.33410857
4408	0.34154944
4409	0.33911893
4410	0.35445929
4411	0.35343889
4412	0.34967135
4413	0.35365095
4414	0.35088706
4415	0.34405151
4416	0.33144131
4417	0.34632647
4418	0.33912794
4419	0.34237516
4420	0.32391099
4421	0.31173278
4422	0.33947421
4423	0.35361210
4424	0.32708214
4425	0.32732131
4426	0.32773119
4427	0.33548123
4428	0.34384833
4429	0.36342210
4430	0.33860964
4431	0.34465302
4432	0.35518274
4433	0.34188746
4434	0.34841909
4435	0.35990476
4436	0.34016544
4437	0.34145921
4438	0.33520833
4439	0.35525079
4440	0.32602468
4441	0.33458210
4442	0.33603448
4443	0.34659294
4444	0.34837591
4445	0.34161968
4446	0.33283857
4447	0.33627147
4448	0.33521980
4449	0.32478659
4450	0.32068853
4451	0.30436440
4452	0.33466694
4453	0.35733071
4454	0.33762437
4455	0.32191659
4456	0.33069873
4457	0.34625627
4458	0.33129008
4459	0.33028567
4460	0.32249651
4461	0.36353032
4462	0.35828952
4463	0.34371202
4464	0.33120393
4465	0.33903357
4466	0.34259079
4467	0.34570758
4468	0.34159984
4469	0.33539099
4470	0.35326794
4471	0.34268956
4472	0.34054643
4473	0.31965952
4474	0.36755028
4475	0.32747611
4476	0.34138913
4477	0.36039667
4478	0.34302313
4479	0.34154873
4480	0.32821381
4481	0.35793893
4482	0.32638802
4483	0.34206683
4484	0.33679738
4485	0.31503286
4486	0.34056274
4487	0.34132567
4488	0.32946901
4489	0.33402456
4490	0.33151623
4491	0.33123833
4492	0.32571770
4493	0.33169710
4494	0.34046369
4495	0.32528067
4496	0.33893647
4497	0.38213643
4498	0.33387623
4499	0.33599710
4500	0.35570369
4501	0.31555615
4502	0.34681329
4503	0.34586377
4504	0.33404944
4505	0.35133738
4506	0.33626079
4507	0.33199909
4508	0.32942845
4509	0.30750750
4510	0.35221278
4511	0.33789421
4512	0.32382702
4513	0.33357448
4514	0.32863306
4515	0.32751429
4516	0.35541171
4517	0.32896802
4518	0.36192063
4519	0.35195167
4520	0.32305135
4521	0.36247016
4522	0.36282004
4523	0.31982639
4524	0.33445409
4525	0.34558774
4526	0.34247421
4527	0.33791282
4528	0.33561972
4529	0.35483222
4530	0.33301171
4531	0.31681472
4532	0.35462310
4533	0.37898583
4534	0.34464079
4535	0.33157127
4536	0.32535873
4537	0.33748417
4538	0.34157738
4539	0.34003599
4540	0.35199722
4541	0.34736313
4542	0.34495841
4543	0.34188889
4544	0.34957437
4545	0.33813127
4546	0.32427099
4547	0.32472853
4548	0.34120238
4549	0.31279794
4550	0.32497321
4551	0.34472603
4552	0.32644313
4553	0.34482821
4554	0.35663921
4555	0.35128679
4556	0.35300298
4557	0.36274413
4558	0.33209683
4559	0.32946456
4560	0.35205817
4561	0.33830206
4562	0.33094448
4563	0.32069929
4564	0.34873790
4565	0.36072063
4566	0.33388246
4567	0.32676361
4568	0.32342734
4569	0.34390687
4570	0.33572020
4571	0.35558254
4572	0.33667651
4573	0.36993159
4574	0.34517341
4575	0.35540111
4576	0.35686179
4577	0.35573675
4578	0.33232786
4579	0.35736615
4580	0.33999460
4581	0.33818492
4582	0.31377837
4583	0.33950655
4584	0.32156702
4585	0.34225552
4586	0.36275353
4587	0.29060040
4588	0.34027262
4589	0.33365417
4590	0.32719694
4591	0.33449710
4592	0.34805770
4593	0.34716944
4594	0.34457421
4595	0.31703155
4596	0.34044052
4597	0.31732643
4598	0.34137210
4599	0.34902861
4600	0.34397004
4601	0.30382067
4602	0.32591083
4603	0.34916968
4604	0.34517607
4605	0.34672119
4606	0.34163040
4607	0.35848687
4608	0.34436488
4609	0.34847298
4610	0.33533294
4611	0.36203782
4612	0.37451230
4613	0.34011607
4614	0.32938841
4615	0.32932508
4616	0.31148917
4617	0.33239532
4618	0.35494698
4619	0.33308817
4620	0.31255135
4621	0.34078869
4622	0.33639409
4623	0.33538988
4624	0.32420389
4625	0.35354524
4626	0.32065000
4627	0.31782139
4628	0.33818794
4629	0.33691750
4630	0.34503008
4631	0.31949226
4632	0.30955476
4633	0.36745321
4634	0.35631353
4635	0.34246218
4636	0.31903881
4637	0.34110742
4638	0.32391738
4639	0.33385230
4640	0.33818437
4641	0.33212127
4642	0.34617083
4643	0.35901091
4644	0.35327960
4645	0.33182579
4646	0.31765183
4647	0.35340476
4648	0.32516873
4649	0.35478012
4650	0.34361607
4651	0.34335933
4652	0.33432643
4653	0.35424778
4654	0.34643579
4655	0.36198179
4656	0.35804016
4657	0.33679968
4658	0.34198024
4659	0.34867595
4660	0.33056218
4661	0.35065075
4662	0.33378075
4663	0.33400099
4664	0.34159433
4665	0.35658647
4666	0.36419365
4667	0.34664552
4668	0.34708964
4669	0.34700710
4670	0.32554544
4671	0.35077456
4672	0.32836651
4673	0.34085742
4674	0.31932357
4675	0.33446921
4676	0.34494889
4677	0.33390512
4678	0.33859806
4679	0.34016984
4680	0.34129992
4681	0.36117341
4682	0.33744202
4683	0.33141313
4684	0.32869349
4685	0.35180857
4686	0.34703369
4687	0.33429103
4688	0.29937448
4689	0.32908802
4690	0.32892956
4691	0.33494750
4692	0.34711996
4693	0.34756984
4694	0.31092849
4695	0.33676484
4696	0.34756722
4697	0.33291917
4698	0.32015841
4699	0.35959306
4700	0.33728063
4701	0.31863909
4702	0.31734405
4703	0.33506246
4704	0.36304917
4705	0.34796028
4706	0.33052766
4707	0.34476813
4708	0.34930964
4709	0.33370401
4710	0.33816325
4711	0.35281683
4712	0.36404710
4713	0.34117246
4714	0.35433702
4715	0.34039353
4716	0.32771722
4717	0.34672282
4718	0.33398298
4719	0.35671337
4720	0.32648238
4721	0.31186774
4722	0.33946456
4723	0.34622040
4724	0.33985087
4725	0.33509869
4726	0.33576770
4727	0.34470381
4728	0.33754163
4729	0.33039488
4730	0.36558163
4731	0.34295528
4732	0.33688226
4733	0.35856742
4734	0.34167095
4735	0.35610405
4736	0.32734075
4737	0.34346921
4738	0.33487206
4739	0.32658583
4740	0.34189127
4741	0.34748175
4742	0.34369556
4743	0.34694746
4744	0.32933917
4745	0.31783980
4746	0.31507421
4747	0.33979881
4748	0.34332349
4749	0.34306143
4750	0.35356639
4751	0.31896492
4752	0.33344024
4753	0.32263663
4754	0.33934996
4755	0.32734710
4756	0.33694393
4757	0.34070548
4758	0.34425139
4759	0.34847655
4760	0.35195361
4761	0.32261571
4762	0.34218730
4763	0.35355952
4764	0.33986294
4765	0.34657913
4766	0.32826095
4767	0.32052317
4768	0.33138619
4769	0.33476111
4770	0.34050587
4771	0.32980810
4772	0.34338710
4773	0.34106353
4774	0.33279298
4775	0.34029286
4776	0.31942187
4777	0.34367651
4778	0.34411889
4779	0.32997290
4780	0.35324107
4781	0.32574381
4782	0.33073909
4783	0.34774687
4784	0.32818194
4785	0.35057071
4786	0.33969345
4787	0.33626111
4788	0.34638595
4789	0.31158560
4790	0.32323976
4791	0.34236405
4792	0.34529103
4793	0.35366956
4794	0.32660710
4795	0.34148889
4796	0.37068821
4797	0.33840706
4798	0.34084726
4799	0.35678683
4800	0.34923786
4801	0.36739444
4802	0.32433437
4803	0.34727726
4804	0.33102429
4805	0.32941226
4806	0.37056778
4807	0.32077889
4808	0.34252060
4809	0.32278306
4810	0.31652929
4811	0.34716587
4812	0.34672548
4813	0.32088718
4814	0.31906206
4815	0.32618448
4816	0.34619091
4817	0.34584690
4818	0.33906230
4819	0.34618135
4820	0.33142214
4821	0.32799730
4822	0.33152683
4823	0.37235504
4824	0.31851944
4825	0.33898032
4826	0.36200877
4827	0.34511409
4828	0.34223587
4829	0.36282095
4830	0.33672893
4831	0.32909877
4832	0.33984246
4833	0.32777111
4834	0.33517738
4835	0.34073230
4836	0.35442567
4837	0.33827944
4838	0.33379583
4839	0.32503631
4840	0.33670889
4841	0.35733865
4842	0.34003833
4843	0.33768627
4844	0.34202798
4845	0.33591127
4846	0.36995520
4847	0.34306837
4848	0.33630075
4849	0.32065079
4850	0.32278968
4851	0.33351567
4852	0.34594163
4853	0.36519702
4854	0.33504718
4855	0.32135937
4856	0.32539647
4857	0.34027631
4858	0.33990972
4859	0.35717833
4860	0.33382607
4861	0.33770980
4862	0.31456087
4863	0.35619067
4864	0.32180008
4865	0.36167778
4866	0.34354563
4867	0.34690536
4868	0.35346996
4869	0.33618504
4870	0.35135683
4871	0.32241917
4872	0.32937456
4873	0.33521500
4874	0.34046444
4875	0.34176647
4876	0.32770504
4877	0.32789687
4878	0.33160897
4879	0.33900556
4880	0.34670298
4881	0.34451615
4882	0.33752417
4883	0.34893623
4884	0.33480234
4885	0.35460782
4886	0.33505591
4887	0.34372694
4888	0.36898337
4889	0.34936377
4890	0.32468425
4891	0.34339302
4892	0.32951615
4893	0.33439587
4894	0.34542028
4895	0.32825794
4896	0.33833183
4897	0.34209567
4898	0.33314853
4899	0.34352921
4900	0.34572718
4901	0.33371056
4902	0.34593044
4903	0.35146401
4904	0.34064143
4905	0.34690107
4906	0.32626175
4907	0.34528099
4908	0.35887599
4909	0.34919968
4910	0.33303230
4911	0.31949127
4912	0.32989659
4913	0.35299075
4914	0.32328028
4915	0.32976480
4916	0.33087337
4917	0.32368099
4918	0.33316833
4919	0.35760345
4920	0.33715778
4921	0.35134798
4922	0.33493266
4923	0.35738488
4924	0.35050302
4925	0.35243397
4926	0.34397417
4927	0.35566948
4928	0.34943567
4929	0.33632456
4930	0.36098020
4931	0.34766790
4932	0.33671135
4933	0.33879294
4934	0.35709187
4935	0.33940770
4936	0.32192159
4937	0.35288381
4938	0.32401603
4939	0.34041996
4940	0.33653353
4941	0.32556603
4942	0.32544591
4943	0.33678619
4944	0.31776643
4945	0.33502940
4946	0.35506786
4947	0.32435369
4948	0.35059321
4949	0.32628528
4950	0.33284889
4951	0.31814440
4952	0.34142544
4953	0.33402242
4954	0.33941036
4955	0.34397536
4956	0.31746194
4957	0.33246901
4958	0.34048266
4959	0.35161845
4960	0.35598250
4961	0.32231107
4962	0.33117742
4963	0.35221667
4964	0.34279607
4965	0.34281139
4966	0.34775504
4967	0.32832246
4968	0.32864603
4969	0.33682964
4970	0.33272409
4971	0.32072571
4972	0.34886992
4973	0.33832444
4974	0.35040234
4975	0.31088988
4976	0.32446341
4977	0.37187389
4978	0.35856933
4979	0.32935397
4980	0.34449659
4981	0.33947802
4982	0.32780909
4983	0.36038294
4984	0.33915377
4985	0.33695397
4986	0.30880996
4987	0.31198448
4988	0.33961722
4989	0.32895341
4990	0.35814873
4991	0.32956004
4992	0.35016290
4993	0.35148690
4994	0.33453810
4995	0.35892194
4996	0.32589183
4997	0.32335127
4998	0.34465214
4999	0.33776591
5000	0.37097929
5001	0.34133357
5002	0.34666603
5003	0.33719218
5004	0.33470127
5005	0.34947472
5006	0.35724687
5007	0.33843028
5008	0.35683139
5009	0.31014770
5010	0.35356143
5011	0.35348115
5012	0.33520385
5013	0.35065702
5014	0.36533996
5015	0.32488833
5016	0.32246377
5017	0.33321532
5018	0.31992770
5019	0.31304671
5020	0.34116286
5021	0.32298770
5022	0.35587528
5023	0.32593183
5024	0.35334937
5025	0.32774246
5026	0.33822623
5027	0.33990091
5028	0.34547020
5029	0.34550103
5030	0.35745310
5031	0.31758468
5032	0.35514206
5033	0.31182337
5034	0.35111385
5035	0.35633218
5036	0.34911016
5037	0.32176234
5038	0.34288909
5039	0.36287929
