0 3
0 4
0 5
0 7
0 19
0 20
0 27
0 32
0 62
0 92
0 103
0 104
0 111
0 120
0 198
0 203
0 277
0 290
0 331
0 353
0 388
0 474
0 476
0 578
0 594
0 607
0 611
0 699
0 740
0 805
0 811
0 879
0 934
1 3
1 4
1 6
1 7
1 9
1 12
1 13
1 15
1 17
1 25
1 29
1 30
1 31
1 33
1 39
1 43
1 48
1 50
1 51
1 63
1 69
1 90
1 92
1 97
1 98
1 107
1 123
1 124
1 126
1 140
1 141
1 147
1 155
1 158
1 166
1 173
1 178
1 185
1 191
1 196
1 202
1 203
1 206
1 243
1 253
1 255
1 260
1 267
1 269
1 278
1 284
1 309
1 312
1 326
1 345
1 371
1 383
1 387
1 390
1 405
1 435
1 454
1 511
1 520
1 524
1 535
1 540
1 545
1 565
1 575
1 615
1 624
1 641
1 643
1 669
1 672
1 683
1 689
1 719
1 738
1 744
1 757
1 778
1 779
1 800
1 801
1 809
1 855
1 871
1 911
1 936
1 938
2 3
2 8
2 15
2 16
2 22
2 23
2 26
2 40
2 53
2 57
2 72
2 78
2 101
2 109
2 114
2 134
2 136
2 162
2 168
2 209
2 225
2 230
2 238
2 254
2 265
2 273
2 283
2 293
2 300
2 322
2 328
2 340
2 380
2 487
2 530
2 557
2 580
2 638
2 660
2 887
3 4
3 5
3 6
3 9
3 11
3 23
3 24
3 28
3 41
3 44
3 72
3 120
3 123
3 125
3 146
3 150
3 167
3 202
3 243
3 259
3 277
3 279
3 285
3 309
3 324
3 365
3 376
3 380
3 395
3 397
3 407
3 434
3 469
3 511
3 535
3 573
3 594
3 638
3 744
3 764
3 874
3 933
4 5
4 6
4 8
4 10
4 14
4 17
4 18
4 19
4 22
4 27
4 28
4 30
4 31
4 32
4 33
4 35
4 37
4 42
4 44
4 46
4 50
4 56
4 73
4 75
4 76
4 77
4 79
4 81
4 84
4 86
4 88
4 94
4 95
4 97
4 98
4 101
4 109
4 115
4 116
4 119
4 129
4 135
4 137
4 138
4 145
4 151
4 161
4 167
4 181
4 184
4 189
4 198
4 228
4 245
4 282
4 336
4 343
4 348
4 363
4 378
4 393
4 398
4 408
4 410
4 443
4 456
4 476
4 493
4 503
4 506
4 512
4 539
4 551
4 556
4 579
4 583
4 595
4 601
4 610
4 640
4 649
4 662
4 675
4 690
4 732
4 740
4 762
4 823
4 828
4 835
4 871
4 888
4 906
4 911
4 920
4 945
5 7
5 8
5 10
5 13
5 14
5 18
5 24
5 27
5 36
5 39
5 41
5 45
5 62
5 66
5 70
5 84
5 89
5 100
5 103
5 105
5 117
5 128
5 148
5 188
5 193
5 209
5 213
5 258
5 270
5 280
5 299
5 319
5 320
5 334
5 397
5 419
5 483
5 509
5 561
5 648
5 726
5 727
5 732
5 735
5 755
5 835
5 841
5 889
6 9
6 11
6 12
6 17
6 20
6 21
6 29
6 35
6 42
6 116
6 125
6 251
6 388
6 393
6 737
6 891
6 899
7 24
7 25
7 33
7 63
7 331
7 339
7 397
7 458
7 550
7 578
7 746
7 849
7 888
7 934
8 10
8 14
8 15
8 16
8 21
8 22
8 26
8 31
8 36
8 38
8 43
8 45
8 47
8 52
8 55
8 57
8 58
8 60
8 65
8 66
8 82
8 88
8 91
8 100
8 106
8 107
8 110
8 111
8 112
8 128
8 148
8 149
8 163
8 175
8 176
8 179
8 207
8 210
8 234
8 240
8 252
8 256
8 257
8 272
8 296
8 298
8 313
8 315
8 317
8 330
8 355
8 377
8 384
8 412
8 424
8 486
8 513
8 555
8 563
8 575
8 587
8 605
8 609
8 616
8 622
8 655
8 657
8 666
8 670
8 684
8 694
8 695
8 718
8 720
8 725
8 742
8 743
8 756
8 782
8 785
8 799
8 804
8 830
8 840
8 842
8 858
8 863
8 864
8 905
8 940
9 11
9 12
9 29
9 96
9 114
9 138
9 140
9 142
9 165
9 170
9 174
9 180
9 182
9 199
9 260
9 262
9 285
9 286
9 391
9 399
9 407
9 434
9 445
9 447
9 459
9 478
9 484
9 562
9 612
9 676
9 678
9 679
9 699
9 743
9 784
9 798
9 859
9 894
9 899
9 911
10 65
10 129
10 187
10 221
10 252
10 391
10 722
10 741
10 747
10 749
10 777
10 810
10 913
10 920
10 930
10 945
11 20
11 34
11 150
11 164
11 180
11 182
11 194
11 235
11 266
11 281
11 445
11 507
11 767
11 899
12 13
12 18
12 81
12 170
12 201
12 247
12 299
12 375
12 415
12 645
12 766
13 34
13 141
13 156
13 227
13 431
13 600
13 602
13 805
13 836
13 902
14 21
14 50
14 52
14 54
14 60
14 65
14 69
14 77
14 97
14 108
14 118
14 121
14 124
14 149
14 155
14 258
14 368
14 374
14 403
14 418
14 420
14 422
14 620
14 651
14 707
14 802
14 813
15 16
15 38
15 40
15 53
15 59
15 78
15 134
15 246
15 278
15 287
15 296
15 553
15 599
15 705
15 723
15 844
16 23
16 36
16 44
16 47
16 85
16 117
16 136
16 145
16 168
16 183
16 200
16 205
16 207
16 268
16 300
16 341
16 349
16 429
16 433
16 442
16 444
16 483
16 488
16 497
16 538
16 548
16 553
16 588
16 607
16 615
16 658
16 682
16 686
16 712
16 733
16 759
16 792
16 796
16 866
16 886
16 917
17 28
17 37
17 48
17 61
17 93
17 116
17 131
17 132
17 146
17 151
17 153
17 164
17 165
17 171
17 175
17 185
17 224
17 248
17 253
17 316
17 342
17 371
17 413
17 481
17 547
17 650
17 662
17 672
17 696
17 701
17 714
17 795
17 825
17 859
18 19
18 49
18 79
18 113
18 117
18 156
18 201
18 213
18 245
18 247
18 263
18 292
18 299
18 311
18 343
18 398
18 406
18 480
18 602
18 606
18 626
18 653
18 674
18 737
18 772
18 794
18 810
18 835
18 910
18 926
19 32
19 64
19 121
19 193
19 376
19 816
19 821
20 34
20 101
20 184
20 331
20 426
20 790
21 355
21 368
22 35
22 40
22 45
22 47
22 58
22 75
22 79
22 83
22 110
22 113
22 127
22 225
22 618
22 633
22 785
22 807
22 908
22 918
23 205
24 25
24 41
24 46
24 70
24 71
24 72
24 93
24 106
24 172
24 177
24 204
24 212
24 242
24 250
24 271
24 302
24 303
24 315
24 364
24 473
24 508
24 577
24 680
24 739
24 745
24 755
24 777
24 781
24 796
24 824
24 884
24 904
24 937
25 26
25 63
25 71
25 152
25 222
25 274
25 291
25 302
25 356
25 358
25 367
25 473
25 525
25 542
25 565
25 680
25 683
25 746
25 768
25 815
25 849
26 38
26 134
26 147
26 152
26 162
26 222
26 267
26 295
26 302
26 376
26 472
26 499
26 519
26 628
26 656
26 671
26 708
26 821
27 30
27 52
27 66
27 181
27 193
27 460
27 527
27 549
27 566
27 571
27 576
27 761
27 812
27 909
27 942
28 131
28 228
28 249
28 325
28 521
29 49
29 132
29 142
29 180
29 241
29 262
29 440
29 480
29 494
29 637
29 678
30 43
30 73
30 127
30 133
30 196
30 197
30 249
30 348
30 429
30 490
30 496
30 554
30 579
30 597
30 812
31 60
31 91
31 144
31 166
31 293
31 541
31 707
31 754
31 837
31 880
31 931
32 37
32 46
32 51
32 54
32 59
32 62
32 64
32 68
32 80
32 86
32 90
32 95
32 102
32 110
32 119
32 144
32 196
32 200
32 235
32 268
32 290
32 298
32 310
32 339
32 346
32 351
32 357
32 375
32 377
32 381
32 384
32 394
32 400
32 412
32 414
32 415
32 498
32 523
32 543
32 558
32 585
32 593
32 595
32 611
32 614
32 624
32 625
32 663
32 681
32 700
32 753
32 759
32 762
32 771
32 773
32 774
32 854
32 858
32 880
32 919
32 942
33 64
33 98
33 183
33 223
33 305
33 370
33 458
33 465
33 529
33 533
33 559
33 635
33 677
33 809
33 886
34 96
34 150
34 195
34 226
34 426
34 445
34 731
34 732
34 836
34 876
35 42
35 77
35 81
35 94
35 187
35 189
35 244
35 333
35 360
35 395
35 414
35 432
35 470
35 475
35 551
35 791
35 807
36 39
36 49
36 55
36 210
36 264
36 278
36 300
36 326
36 424
36 586
36 591
36 623
36 735
36 770
37 48
37 93
37 131
37 159
37 224
37 289
37 312
37 316
37 350
37 413
37 479
37 552
37 650
37 752
38 100
38 109
38 194
38 266
39 326
39 437
40 53
40 58
40 59
40 67
40 76
40 83
40 99
40 188
40 211
40 238
40 314
40 345
40 422
40 451
40 495
40 515
40 518
40 571
40 610
40 630
40 730
40 823
40 834
40 844
40 925
41 70
41 71
41 105
41 125
41 130
41 143
41 148
41 160
41 204
41 220
41 228
41 229
41 232
41 242
41 276
41 321
41 337
41 362
41 379
41 395
41 427
41 473
41 474
41 492
41 518
41 542
41 646
41 855
41 885
42 56
42 74
42 129
42 154
42 157
42 261
42 333
42 402
42 475
42 601
43 118
43 263
43 716
43 812
43 816
44 56
44 85
44 136
44 168
44 265
44 338
44 365
44 382
44 383
44 433
44 469
44 509
44 580
44 590
44 629
44 685
44 856
44 941
45 82
46 51
46 80
46 87
46 172
46 206
46 218
46 306
46 327
46 503
46 538
46 824
47 55
47 91
47 112
47 274
47 665
48 61
48 123
48 126
48 141
48 151
48 160
48 173
48 177
48 186
48 215
48 217
48 262
48 289
48 369
48 403
48 479
48 516
48 574
48 599
48 613
48 637
48 644
48 672
48 768
48 818
48 843
48 854
48 872
48 875
48 896
48 912
49 201
49 264
49 288
49 311
49 480
49 654
50 69
50 94
50 115
50 144
50 182
50 310
50 440
50 597
50 729
50 755
50 802
51 80
51 87
51 96
51 105
51 119
51 158
51 179
51 192
51 199
51 208
51 214
51 327
51 414
51 449
51 458
51 477
51 491
51 508
51 584
51 625
51 760
51 802
51 878
52 54
52 61
52 68
52 102
52 242
52 527
53 114
53 334
53 562
53 881
54 118
54 392
54 543
54 892
55 163
55 207
56 57
56 73
56 74
56 85
56 89
56 133
56 139
56 154
56 261
56 280
56 294
56 308
56 318
56 365
56 383
56 431
56 454
56 465
56 478
56 529
56 537
56 554
56 556
56 581
56 600
56 608
56 634
56 749
56 806
56 822
56 828
56 829
56 926
57 74
57 78
57 176
57 195
57 198
57 251
57 272
57 308
57 313
57 318
57 352
57 353
57 359
57 385
57 386
57 392
57 416
57 437
57 466
57 534
57 582
57 586
57 589
57 750
57 819
57 868
57 875
57 891
57 898
57 902
57 939
58 75
58 99
58 513
58 536
59 67
59 68
59 211
59 287
59 346
59 483
59 916
59 919
60 88
60 135
60 707
60 742
61 153
61 413
61 525
61 723
61 854
62 104
62 197
62 277
62 879
62 914
63 67
63 152
63 160
63 220
63 295
63 598
63 671
63 861
63 928
64 122
64 127
64 223
64 305
64 332
64 347
64 351
64 370
64 408
64 532
64 635
64 663
64 706
64 734
64 859
65 82
65 107
65 149
65 288
65 420
65 655
65 722
65 932
66 128
66 344
66 557
66 571
66 761
67 83
67 211
67 451
67 530
67 786
68 95
69 121
69 147
69 188
69 269
69 471
70 349
70 668
70 824
71 143
71 271
71 364
71 379
71 427
71 444
71 518
71 531
71 725
72 120
72 204
72 347
72 545
72 882
72 890
73 76
73 133
73 139
73 216
73 294
73 333
73 348
73 372
73 441
73 464
73 554
73 688
73 867
74 89
74 139
74 156
74 227
74 297
74 308
74 352
74 378
74 541
74 846
75 113
75 181
75 915
75 918
76 108
76 190
76 216
76 221
76 232
76 437
76 440
76 464
76 688
76 691
76 843
76 925
77 145
77 161
77 301
77 493
77 604
77 632
77 650
78 230
78 246
78 487
78 939
79 108
79 122
79 197
79 274
79 476
79 815
79 910
80 87
80 90
80 130
80 218
80 400
80 490
80 496
80 498
80 608
80 641
80 853
81 86
81 187
81 287
82 111
82 194
82 231
82 272
82 317
82 452
82 507
82 526
82 642
82 776
82 869
82 896
83 92
83 99
83 178
83 282
83 307
83 341
83 367
83 422
83 455
83 530
83 633
83 661
83 734
83 771
83 834
83 865
83 883
84 270
84 583
84 623
85 154
85 200
85 234
85 344
85 366
85 736
85 751
86 137
86 408
86 532
87 192
88 135
88 138
88 240
88 393
88 616
88 662
88 693
88 756
88 866
89 230
89 297
89 399
89 425
89 537
89 564
90 218
90 243
90 269
90 270
90 382
90 403
90 409
90 416
90 433
90 498
91 106
91 112
91 377
91 424
91 665
92 126
92 158
92 169
92 307
92 578
92 758
93 172
93 175
93 321
93 477
93 793
94 115
94 140
94 157
94 169
94 592
94 763
94 791
94 851
95 614
96 195
96 199
96 208
96 226
96 233
96 327
96 335
96 428
96 457
96 502
96 510
96 612
96 636
96 637
96 657
96 697
96 698
96 731
96 760
96 785
96 876
97 155
97 378
97 387
97 430
97 475
97 482
97 642
97 651
97 728
98 102
98 183
98 190
98 219
98 524
98 557
98 600
98 729
99 143
99 471
99 515
99 536
99 764
101 247
101 283
101 506
102 438
103 104
103 203
103 279
103 293
104 285
104 839
104 914
105 130
105 214
105 223
105 238
105 264
105 319
105 362
105 432
105 457
105 561
105 567
105 577
105 646
105 870
106 849
107 240
107 257
107 420
107 451
107 523
107 850
108 122
108 124
108 132
108 159
108 190
108 219
108 225
108 235
108 237
108 330
108 336
108 456
108 490
108 512
109 162
109 776
110 587
110 624
110 655
110 753
110 827
110 908
111 231
112 241
112 673
113 263
113 398
113 441
113 450
114 137
114 495
114 562
114 679
114 798
115 157
115 443
116 239
116 510
116 517
116 526
116 551
117 205
117 213
117 461
117 828
118 392
119 290
119 517
119 713
120 146
120 163
120 166
120 167
120 259
120 353
120 423
120 545
120 653
120 929
121 360
121 363
121 652
121 675
122 170
122 174
122 332
122 338
122 351
122 390
122 775
123 173
123 185
123 186
123 191
123 342
123 479
123 485
123 500
123 839
124 159
124 178
124 284
124 448
124 629
124 767
124 787
125 297
125 321
125 598
126 169
126 222
126 280
126 387
126 405
126 419
126 661
128 761
128 804
129 161
129 301
129 774
130 214
130 432
130 561
131 224
132 164
132 171
132 237
132 406
132 494
133 261
134 209
134 322
134 436
136 338
136 497
136 580
137 369
137 410
137 613
138 693
139 294
139 372
139 556
139 713
140 142
140 459
141 405
141 690
142 368
142 418
142 436
142 887
144 310
144 340
144 357
144 381
144 522
144 611
144 627
144 652
144 771
144 811
144 837
145 340
145 438
145 485
145 493
145 610
145 702
145 874
146 825
147 233
147 267
147 275
147 324
147 471
147 472
147 499
147 501
147 586
147 628
147 770
147 807
147 905
148 153
148 241
148 384
148 555
148 673
148 685
149 609
150 836
150 881
151 171
151 184
152 248
152 295
152 419
152 671
152 708
152 709
152 769
153 442
154 202
154 318
154 323
154 560
154 701
154 736
155 234
155 511
155 572
155 778
156 227
156 602
156 633
156 654
156 882
158 191
158 255
158 349
158 421
158 449
158 546
159 284
159 289
160 220
160 276
160 516
160 644
160 845
161 301
163 176
163 236
163 460
163 549
163 587
163 723
164 165
164 281
164 660
164 793
165 253
165 260
166 880
167 206
168 265
168 548
168 564
168 720
168 766
169 192
169 758
170 174
170 615
170 766
170 873
171 481
171 547
172 281
172 306
172 503
172 668
172 937
173 177
173 186
173 215
173 279
173 452
173 477
173 584
173 643
174 407
175 210
175 256
175 324
175 374
175 711
175 901
176 179
176 416
176 460
176 466
176 685
177 212
177 250
177 574
177 722
177 877
178 215
178 217
178 312
178 341
178 350
178 361
178 417
178 462
178 593
178 800
178 907
179 258
179 410
179 830
180 248
180 286
182 430
183 219
183 370
183 453
183 559
183 682
184 249
184 325
184 328
184 544
184 664
184 790
184 803
184 837
185 342
185 461
185 481
185 592
185 779
187 189
187 221
187 462
187 463
187 470
187 617
188 434
188 484
188 495
188 735
189 453
189 617
190 216
190 304
190 512
191 485
191 500
191 764
191 856
192 239
193 816
194 231
194 266
194 355
194 402
194 507
194 829
195 226
195 426
195 884
196 597
196 625
196 669
196 714
196 762
197 244
198 354
199 208
199 428
199 447
199 449
199 808
200 268
200 366
200 401
200 429
200 539
200 686
200 783
200 917
201 292
201 421
202 245
202 323
202 345
202 443
202 535
202 538
202 570
202 575
202 639
202 799
202 868
202 944
203 322
203 389
203 438
203 814
204 212
204 314
205 796
207 605
208 233
208 239
208 275
208 323
208 520
208 728
208 927
209 236
209 250
209 309
209 332
209 463
209 546
209 570
209 591
209 618
209 619
209 765
209 922
210 244
210 256
210 298
210 354
210 396
210 468
210 521
210 568
210 579
210 631
210 666
211 515
211 916
211 925
212 236
212 271
212 314
212 315
212 411
212 492
212 621
212 898
212 935
213 273
213 461
214 726
214 870
215 217
215 584
216 232
216 304
216 691
216 781
217 360
218 853
218 940
219 453
219 522
220 229
220 276
220 860
221 252
221 777
222 328
224 316
224 472
225 237
225 330
225 379
225 622
225 674
225 819
226 428
226 620
226 760
226 864
226 879
227 639
227 658
227 928
228 229
228 446
228 653
228 860
229 446
229 860
230 254
230 273
230 335
230 399
230 754
232 296
232 304
232 337
232 358
232 696
232 842
232 855
233 275
233 501
233 510
233 552
233 628
233 636
233 698
233 927
234 257
235 246
235 375
235 381
235 716
236 585
237 336
237 780
237 921
238 251
238 254
238 319
238 362
238 646
240 756
241 673
242 255
242 259
242 303
242 329
242 401
242 667
242 668
242 684
242 721
242 758
243 409
243 467
243 469
244 354
245 292
245 690
247 283
247 606
247 772
248 286
248 344
248 709
248 714
248 831
249 317
249 325
249 544
249 778
250 570
250 574
250 717
250 922
251 385
251 386
251 563
251 582
251 891
252 810
252 913
253 808
253 912
254 282
255 329
255 373
256 306
256 396
256 412
256 528
256 568
256 712
256 745
256 748
256 789
256 888
256 901
257 695
257 742
258 374
258 651
258 830
258 923
259 401
259 423
259 454
259 703
260 372
261 581
261 608
261 822
261 873
261 918
262 369
262 447
263 716
264 288
264 482
264 603
264 654
264 704
264 932
265 382
265 594
266 391
267 501
268 366
268 488
268 504
268 569
268 658
268 774
270 409
271 492
272 311
272 313
272 359
272 435
272 439
272 452
272 470
272 486
272 526
272 563
272 589
272 642
272 694
273 335
273 343
273 356
274 291
274 356
274 358
274 425
274 683
274 815
275 520
275 905
275 927
276 516
278 757
279 347
280 465
280 838
281 560
281 660
281 697
281 847
282 307
282 455
282 467
282 487
282 514
282 519
282 566
282 601
282 647
282 656
282 865
282 906
282 924
283 621
284 448
284 489
284 596
284 621
284 710
284 787
285 839
286 339
286 459
288 291
288 361
288 389
288 603
288 704
288 841
288 907
288 932
289 305
289 583
289 634
289 896
290 346
290 517
290 569
291 389
291 603
291 841
292 320
292 404
292 629
292 790
294 439
294 464
294 713
296 599
296 842
296 943
297 352
297 425
297 457
297 502
297 564
297 598
297 676
297 813
297 846
298 396
298 521
298 648
298 910
299 334
300 388
300 817
302 303
302 367
302 522
302 539
303 329
303 364
303 373
303 577
303 721
304 320
304 337
304 404
304 669
304 691
304 892
305 634
306 524
306 528
306 779
306 826
308 431
308 478
308 692
310 357
311 359
311 406
311 439
311 486
312 350
313 386
313 435
313 720
314 840
315 411
315 500
316 752
318 560
318 736
320 404
320 455
320 576
323 645
323 833
324 380
324 894
326 659
327 491
327 731
327 876
327 893
328 544
328 645
328 664
329 373
331 934
334 726
337 427
337 474
337 528
337 826
337 857
337 936
338 390
338 509
340 638
341 462
342 592
342 696
344 436
345 371
345 573
345 705
345 944
347 417
347 505
348 441
348 450
348 708
349 421
349 548
350 361
350 417
350 505
350 794
351 614
351 759
351 773
351 871
352 817
352 846
355 402
355 609
355 689
355 852
356 448
356 489
356 596
357 394
357 543
359 385
359 534
360 363
361 907
361 939
362 567
363 675
364 531
365 581
365 739
366 488
366 504
366 883
367 565
368 418
368 604
368 620
368 680
368 869
368 906
369 613
369 631
369 818
369 872
371 705
371 741
372 788
374 923
375 415
375 626
375 659
376 744
376 788
376 821
376 845
377 394
377 558
377 703
379 444
379 622
379 674
379 803
380 894
381 400
381 550
381 627
381 648
381 727
383 890
384 430
384 555
385 527
387 482
387 738
388 585
388 699
388 817
388 943
390 411
391 749
392 769
393 519
393 616
394 589
394 639
395 885
396 468
399 711
401 423
401 664
401 684
401 703
401 776
401 827
402 541
404 857
404 890
405 446
405 540
406 606
408 494
408 532
408 663
408 706
409 467
410 506
410 900
411 935
412 523
412 712
412 745
412 748
412 833
413 525
413 795
414 504
415 681
416 582
416 867
417 505
417 593
420 850
420 914
422 630
423 643
423 801
423 929
423 940
424 513
424 550
424 591
424 665
424 695
424 719
424 851
425 537
425 813
426 737
427 693
427 725
427 936
428 531
429 566
429 635
429 649
429 687
429 917
432 765
433 442
433 590
433 832
433 924
434 484
434 884
434 938
436 740
437 534
437 819
441 450
441 568
441 667
441 867
442 590
442 702
442 832
443 868
444 706
448 456
448 489
448 596
448 640
448 765
448 767
448 787
448 797
449 491
449 808
449 862
450 667
451 692
451 850
452 468
452 540
452 659
452 700
455 514
455 576
456 640
456 797
456 915
457 502
457 567
457 870
458 508
458 559
458 895
459 661
460 466
460 549
460 909
462 463
462 941
463 702
464 688
464 715
465 529
465 533
465 806
465 838
467 514
467 656
467 681
467 717
470 617
470 694
471 573
471 763
471 783
471 889
473 542
473 768
473 904
475 715
475 820
477 626
477 892
478 692
479 791
481 547
481 572
481 752
481 795
481 900
483 497
483 588
483 682
486 666
488 553
488 733
489 710
490 496
490 499
490 632
490 724
490 814
491 893
493 604
495 679
497 588
498 773
501 552
502 546
502 619
504 618
504 750
504 775
504 883
505 794
507 863
508 797
508 895
511 800
513 536
513 719
513 851
514 647
517 569
518 630
520 728
521 558
522 627
523 700
524 677
524 738
524 845
528 826
528 901
529 533
529 792
529 806
530 734
530 786
533 792
533 838
537 820
537 829
538 623
539 649
539 751
540 612
542 885
542 904
546 619
547 572
547 900
551 915
553 733
553 923
559 895
560 697
560 701
560 847
560 848
563 721
564 676
566 647
566 924
568 631
568 748
571 844
573 944
574 877
575 605
576 786
578 607
578 711
579 595
585 942
586 770
586 825
587 670
588 686
590 832
591 922
592 763
595 919
597 757
598 861
600 729
600 805
600 822
602 687
603 704
604 632
604 677
604 724
605 670
606 772
606 775
606 877
606 893
608 641
608 873
609 689
609 799
609 852
610 730
610 823
610 874
611 652
611 811
611 898
612 636
612 743
612 945
613 644
613 818
619 931
620 864
620 866
624 753
628 678
628 718
628 930
629 935
629 941
632 710
632 724
632 750
632 903
635 687
636 698
637 657
642 869
643 801
643 903
644 843
645 931
648 727
653 903
653 929
656 717
656 928
664 784
664 803
678 718
679 798
680 746
681 858
684 754
685 809
686 783
688 715
692 820
694 782
694 887
697 847
697 848
697 908
698 865
699 784
701 848
705 741
706 814
708 709
708 831
709 769
709 831
712 739
712 747
712 878
718 782
720 730
722 840
722 909
722 916
724 780
724 886
725 913
730 834
736 751
736 862
736 897
738 780
739 747
741 793
744 788
745 789
745 833
748 789
760 878
761 804
763 781
768 875
770 882
776 827
780 921
783 857
799 852
806 861
808 862
808 897
817 943
818 872
821 930
822 926
826 853
835 889
836 881
841 921
842 863
843 912
852 856
862 897
868 902
881 937
884 938
889 933
890 933
913 920
