0 3
0 4
0 5
0 9
0 13
0 14
0 17
0 26
0 31
0 42
0 50
0 79
0 82
0 85
0 106
0 108
0 129
0 157
0 162
0 165
0 168
0 191
0 192
0 205
0 224
0 237
0 258
0 259
0 297
0 299
0 304
0 308
0 335
0 372
0 378
0 421
0 430
0 436
0 461
0 476
0 478
0 479
0 480
0 630
0 633
0 662
0 702
0 705
0 728
0 843
0 851
0 913
0 917
0 951
0 964
0 966
0 1000
0 1017
0 1028
1 3
1 5
1 7
1 11
1 22
1 36
1 39
1 48
1 56
1 59
1 63
1 70
1 86
1 127
1 151
1 171
1 188
1 239
1 294
1 362
1 380
1 394
1 446
1 526
1 570
1 586
1 595
1 685
1 706
1 717
1 842
1 887
1 953
1 985
2 3
2 4
2 9
2 18
2 19
2 24
2 30
2 49
2 50
2 80
2 82
2 97
2 105
2 113
2 118
2 136
2 145
2 148
2 172
2 175
2 184
2 194
2 209
2 233
2 269
2 306
2 379
2 420
2 443
2 446
2 482
2 492
2 531
2 555
2 576
2 584
2 655
2 674
2 701
2 708
2 724
2 740
2 762
2 814
2 854
2 925
2 965
2 993
2 1002
2 1024
3 4
3 6
3 8
3 11
3 12
3 13
3 14
3 15
3 21
3 24
3 25
3 27
3 28
3 29
3 33
3 35
3 46
3 52
3 64
3 65
3 69
3 77
3 81
3 87
3 101
3 110
3 112
3 119
3 127
3 137
3 141
3 147
3 179
3 194
3 199
3 209
3 229
3 239
3 252
3 263
3 264
3 272
3 275
3 300
3 301
3 314
3 332
3 345
3 360
3 378
3 391
3 397
3 430
3 435
3 437
3 467
3 493
3 497
3 517
3 518
3 520
3 523
3 546
3 556
3 570
3 576
3 581
3 608
3 610
3 618
3 637
3 659
3 663
3 692
3 710
3 715
3 740
3 744
3 759
3 760
3 784
3 786
3 790
3 811
3 825
3 844
3 849
3 851
3 857
3 864
3 931
3 944
3 946
3 949
3 985
3 1011
3 1016
3 1027
3 1029
4 5
4 6
4 7
4 9
4 10
4 12
4 15
4 17
4 19
4 20
4 21
4 23
4 24
4 29
4 31
4 33
4 42
4 46
4 49
4 57
4 59
4 63
4 71
4 72
4 76
4 93
4 96
4 97
4 98
4 104
4 106
4 137
4 150
4 156
4 165
4 184
4 193
4 240
4 291
4 296
4 302
4 303
4 312
4 320
4 345
4 346
4 349
4 371
4 380
4 411
4 417
4 442
4 443
4 450
4 452
4 473
4 501
4 545
4 583
4 588
4 646
4 739
4 755
4 800
4 817
4 851
4 859
4 930
4 941
4 956
4 966
4 975
4 980
4 998
4 1041
5 6
5 8
5 11
5 22
5 23
5 32
5 38
5 44
5 45
5 55
5 69
5 79
5 80
5 100
5 102
5 124
5 168
5 170
5 190
5 217
5 227
5 232
5 251
5 318
5 369
5 380
5 399
5 411
5 426
5 433
5 445
5 450
5 465
5 487
5 493
5 509
5 512
5 546
5 611
5 766
5 779
5 799
5 802
5 843
5 1047
6 7
6 8
6 10
6 14
6 15
6 16
6 19
6 26
6 35
6 43
6 55
6 67
6 68
6 76
6 81
6 105
6 129
6 131
6 136
6 141
6 155
6 158
6 166
6 181
6 185
6 197
6 201
6 242
6 248
6 249
6 254
6 291
6 310
6 318
6 330
6 358
6 392
6 445
6 472
6 508
6 628
6 641
6 652
6 655
6 669
6 673
6 751
6 799
6 829
6 853
6 902
6 926
6 992
6 1046
7 16
7 22
7 49
7 70
7 91
7 98
7 117
7 129
7 130
7 135
7 137
7 218
7 219
7 242
7 282
7 292
7 337
7 339
7 354
7 368
7 383
7 514
7 528
7 537
7 612
7 642
7 689
7 690
7 706
7 773
7 803
7 916
7 919
7 1036
8 10
8 12
8 21
8 25
8 30
8 32
8 37
8 39
8 44
8 48
8 50
8 57
8 80
8 83
8 84
8 92
8 95
8 103
8 119
8 125
8 208
8 211
8 212
8 216
8 228
8 292
8 305
8 333
8 343
8 344
8 347
8 367
8 373
8 404
8 411
8 436
8 479
8 493
8 495
8 539
8 544
8 574
8 609
8 621
8 657
8 732
8 743
8 750
8 765
8 771
8 775
8 810
8 845
8 929
8 951
8 1008
9 17
9 18
9 20
9 31
9 40
9 41
9 48
9 62
9 66
9 82
9 108
9 120
9 126
9 128
9 140
9 149
9 167
9 180
9 190
9 207
9 212
9 213
9 238
9 241
9 242
9 256
9 297
9 303
9 326
9 336
9 404
9 405
9 408
9 410
9 464
9 465
9 483
9 571
9 648
9 736
9 755
9 770
9 785
9 795
9 796
9 822
9 838
9 860
9 864
9 906
9 938
9 968
9 991
9 992
9 993
10 18
10 20
10 37
10 44
10 47
10 52
10 53
10 54
10 60
10 89
10 91
10 92
10 93
10 123
10 171
10 184
10 204
10 222
10 227
10 290
10 365
10 367
10 394
10 503
10 585
10 684
10 736
10 772
10 782
10 956
10 958
10 969
11 36
11 79
11 301
11 385
11 473
11 487
11 561
11 710
11 855
11 863
11 876
11 986
12 13
12 32
12 38
12 42
12 61
12 94
12 101
12 109
12 122
12 142
12 169
12 217
12 266
12 310
12 314
12 347
12 353
12 434
12 455
12 503
12 575
12 591
12 612
12 616
12 647
12 704
12 761
12 898
12 922
12 936
12 1033
13 83
13 95
13 145
13 147
13 186
13 191
13 207
13 348
13 410
13 418
13 439
13 444
13 519
13 544
13 658
13 761
14 51
14 74
14 964
15 16
15 58
15 252
15 341
15 408
15 545
15 954
15 969
16 41
16 55
16 58
16 61
16 66
16 68
16 104
16 114
16 123
16 146
16 148
16 155
16 183
16 186
16 201
16 235
16 252
16 273
16 281
16 320
16 366
16 400
16 519
16 529
16 557
16 558
16 592
16 644
16 698
16 711
16 712
16 730
16 734
16 735
16 811
16 831
16 881
16 938
16 940
16 945
16 971
16 986
17 147
17 167
17 214
17 449
17 510
17 862
18 28
18 29
18 34
18 47
18 56
18 65
18 120
18 131
18 149
18 173
18 174
18 213
18 222
18 225
18 262
18 295
18 305
18 313
18 372
18 415
18 420
18 464
18 503
18 552
18 585
18 587
18 591
18 604
18 619
18 641
18 695
18 737
18 801
18 890
18 904
18 1027
18 1033
19 752
20 27
20 35
20 40
20 135
20 141
20 188
20 209
20 221
20 240
20 336
20 377
20 388
20 390
20 454
20 1019
21 27
21 83
21 136
21 153
21 218
21 280
21 317
21 579
21 899
21 1012
22 23
22 74
22 101
22 143
22 226
22 246
22 294
22 363
22 417
22 594
22 834
22 1010
23 25
23 110
23 247
23 271
23 387
23 447
23 448
23 505
23 680
23 707
23 722
23 866
23 909
24 26
24 30
24 37
24 43
24 60
24 85
24 96
24 105
24 108
24 144
24 187
24 274
24 275
24 283
24 391
24 555
24 566
24 573
24 607
24 629
24 656
24 763
24 1043
25 34
25 52
25 99
25 128
25 257
25 323
25 359
25 515
25 614
25 731
25 909
25 985
26 33
26 36
26 75
26 77
26 90
26 125
26 145
26 151
26 166
26 177
26 187
26 221
26 254
26 255
26 257
26 276
26 282
26 343
26 353
26 469
26 472
26 497
26 525
26 569
26 627
26 732
26 746
26 787
26 852
26 982
26 1026
27 28
27 54
27 61
27 68
27 179
27 220
27 233
27 364
27 376
27 495
27 816
27 847
28 34
28 39
28 75
28 89
28 107
28 120
28 131
28 175
28 223
28 230
28 231
28 234
28 370
28 414
28 461
28 485
28 489
28 562
28 624
28 681
28 756
28 830
28 840
28 852
28 858
28 898
28 952
28 1000
28 1037
29 53
29 67
29 87
29 88
29 89
29 97
29 111
29 112
29 132
29 133
29 139
29 170
29 231
29 265
29 279
29 315
29 320
29 335
29 358
29 409
29 442
29 543
29 548
29 580
29 613
29 636
29 688
29 693
29 711
29 759
29 990
30 72
30 118
30 158
30 322
30 400
30 462
30 497
31 46
31 53
31 59
31 126
31 132
31 155
31 157
31 270
31 304
31 324
31 457
31 666
31 684
31 691
31 806
31 1045
32 38
32 73
32 84
32 106
32 161
32 217
32 289
32 366
32 407
32 477
32 516
32 532
32 534
32 545
32 577
32 599
32 600
32 697
32 719
32 824
32 834
32 950
33 77
33 90
33 121
33 134
33 199
33 230
33 268
33 282
33 430
33 533
33 575
33 578
33 588
33 658
33 675
33 676
33 975
33 1009
33 1026
34 40
34 62
34 87
34 143
34 164
34 207
34 340
34 494
34 500
34 596
34 663
34 725
34 771
34 824
34 920
34 1045
35 78
35 185
35 220
35 365
35 378
35 392
35 547
35 620
36 63
36 86
36 157
36 212
36 253
36 300
36 398
36 488
36 603
36 805
36 987
37 43
37 93
37 189
37 250
37 307
37 331
37 348
37 427
37 477
37 498
37 554
37 589
37 625
37 661
37 703
37 819
38 41
38 159
38 200
38 331
38 991
39 51
39 64
39 150
39 162
39 164
39 487
39 526
39 789
39 799
39 973
40 74
40 116
40 127
40 152
40 195
40 241
40 303
40 362
40 480
40 601
40 625
40 764
40 805
40 823
40 964
41 64
41 109
41 116
41 200
41 295
41 407
41 426
41 470
41 593
41 698
41 717
41 727
41 915
41 936
41 1039
42 45
42 71
42 78
42 115
42 126
42 139
42 142
42 160
42 203
42 211
42 265
42 288
42 364
42 381
42 402
42 524
42 530
42 539
42 623
42 650
42 664
42 672
42 774
42 831
42 897
43 263
43 385
43 586
43 669
43 688
43 880
44 45
44 47
44 57
44 60
44 81
44 95
44 138
44 156
44 164
44 363
44 419
44 438
44 653
44 662
44 667
44 798
44 802
44 809
44 893
44 1013
45 248
45 483
45 673
45 952
46 56
46 70
46 235
46 306
46 321
46 597
46 833
47 132
47 195
47 390
48 58
48 62
48 67
48 76
48 78
48 98
48 140
48 160
48 161
48 163
48 232
48 337
48 338
48 342
48 358
48 413
48 450
48 509
48 589
48 608
48 747
48 888
48 1001
48 1005
49 51
49 395
49 712
49 865
49 990
49 1004
50 54
50 85
50 99
50 174
50 196
50 316
50 389
50 645
50 762
50 962
51 69
51 72
51 94
51 122
51 144
51 154
51 162
51 225
51 316
51 355
51 373
51 374
51 377
51 393
51 395
51 419
51 521
51 535
51 617
51 753
51 967
51 1030
52 99
52 138
52 139
52 210
52 425
52 687
52 777
52 778
53 65
53 91
53 116
53 133
53 173
53 192
53 420
53 435
53 522
53 539
53 577
54 226
54 587
55 66
55 396
55 574
56 107
56 117
56 228
56 254
56 339
56 386
56 415
56 416
56 441
56 472
56 557
56 565
56 609
56 712
56 715
56 745
56 768
56 933
56 1029
57 117
57 150
57 153
57 264
57 338
57 432
57 511
57 534
57 538
57 542
57 757
57 773
57 855
57 857
57 966
57 1015
57 1024
57 1041
58 73
58 130
58 154
58 158
58 168
58 247
58 549
58 756
58 904
59 86
59 115
59 156
59 175
59 182
59 255
59 270
59 279
59 308
59 323
59 324
59 329
59 341
59 386
59 448
59 482
59 513
59 558
59 567
59 647
59 677
59 748
59 830
59 892
59 1025
60 181
60 194
61 142
61 176
61 315
62 201
62 277
62 312
62 725
63 817
64 88
64 111
64 124
64 202
64 219
64 356
65 92
65 140
65 215
65 221
65 290
65 317
65 345
65 355
65 391
65 439
65 463
65 486
65 640
65 692
65 753
65 839
65 941
65 1019
65 1021
66 71
66 73
66 84
66 100
66 146
66 178
66 180
66 183
66 259
66 298
66 392
66 402
66 426
66 728
66 783
66 842
66 880
66 914
66 942
67 112
67 128
67 249
67 396
67 533
67 543
67 578
67 780
67 827
67 932
67 945
67 970
68 103
68 421
68 422
68 729
68 884
68 999
69 102
69 134
69 325
69 492
69 731
69 976
70 75
70 100
70 113
70 172
70 224
70 239
70 262
70 272
70 274
70 325
70 425
70 449
70 492
70 717
70 766
71 163
71 371
71 589
72 159
72 161
72 166
72 198
72 250
72 311
72 393
72 527
72 566
72 622
72 627
72 681
72 741
72 822
72 912
73 229
73 245
73 255
73 327
73 629
73 931
73 980
74 163
74 193
74 246
74 309
74 626
74 642
74 825
74 863
74 903
74 912
74 928
75 151
75 186
75 203
75 237
75 288
75 290
75 657
75 732
75 1000
76 109
76 963
77 90
77 121
77 134
77 178
77 260
77 335
77 361
77 620
77 653
77 737
77 741
77 838
77 859
78 160
78 185
78 388
78 398
79 433
79 702
80 399
80 561
80 701
80 856
80 940
81 102
81 114
81 152
81 167
81 190
81 191
81 261
81 270
81 279
81 281
81 287
81 371
81 451
81 457
81 540
81 550
81 554
81 583
81 586
81 812
81 947
82 338
82 461
82 496
82 781
83 115
83 169
83 205
83 208
83 216
83 334
83 464
83 636
83 809
83 1016
84 146
84 204
84 414
84 499
84 728
84 796
84 915
84 942
85 375
85 396
85 476
85 547
85 921
86 262
86 434
87 88
87 94
87 173
87 286
87 302
87 361
87 456
87 475
87 531
87 596
87 599
87 782
87 899
87 1007
88 111
88 329
88 351
88 356
88 427
88 475
88 491
88 563
88 1020
88 1025
89 189
89 230
89 292
89 386
89 397
89 431
89 513
89 562
89 974
90 103
90 138
90 214
90 267
90 277
90 384
90 403
90 555
90 556
90 560
90 610
90 635
90 805
91 123
91 176
91 192
91 204
91 225
91 296
91 298
91 473
91 506
91 594
91 617
91 624
91 690
91 918
91 956
91 972
91 1010
91 1012
92 107
93 169
93 373
93 377
93 686
93 1014
94 177
94 214
94 256
94 418
94 564
94 651
94 752
94 889
94 994
94 1033
95 179
95 410
95 413
95 878
95 879
96 119
96 177
96 284
96 309
96 547
96 613
96 777
96 822
97 121
97 125
97 154
97 196
97 241
97 246
97 423
97 452
97 611
97 631
97 637
97 739
97 856
98 317
98 612
98 665
99 196
99 498
99 598
99 645
99 924
100 110
100 113
100 118
100 122
100 189
100 206
100 259
101 104
101 178
101 229
101 307
101 344
101 548
101 874
102 114
102 198
102 321
102 357
102 434
102 925
103 499
103 521
103 541
103 743
103 873
103 1013
104 500
104 866
104 1030
105 208
105 288
105 659
105 829
105 884
106 176
106 577
107 228
107 285
107 384
107 416
107 441
107 559
107 594
107 652
107 679
107 769
107 774
107 775
107 1037
108 171
108 273
108 336
108 382
108 568
108 582
108 847
109 124
109 211
109 277
109 286
109 309
109 471
109 703
109 730
109 803
109 903
109 971
109 1039
110 481
110 603
110 649
110 675
110 699
111 143
111 243
111 321
111 432
111 855
112 243
112 300
112 328
112 463
112 726
112 868
112 965
113 172
113 219
113 296
113 468
113 557
113 620
113 667
113 934
113 977
114 261
114 360
114 538
114 563
114 935
115 205
116 153
116 244
116 764
117 216
117 264
117 413
117 491
117 590
117 831
117 834
117 996
118 220
118 1018
119 734
119 865
120 313
120 437
120 634
121 130
121 260
121 268
121 595
121 695
121 894
122 133
122 152
122 234
122 419
122 424
122 537
122 648
122 815
123 506
123 804
123 868
123 877
123 908
123 994
124 193
124 195
124 198
124 608
124 626
124 869
125 901
126 144
126 218
126 352
126 357
126 381
126 456
126 486
126 692
126 791
126 872
126 873
127 135
127 330
127 767
127 906
128 231
128 244
128 614
128 970
129 148
129 295
129 463
129 628
129 1032
130 268
130 299
130 340
130 352
130 669
130 695
130 856
130 862
131 180
131 210
131 293
131 356
131 458
131 542
131 552
131 559
131 638
131 687
131 741
131 853
131 890
131 957
131 1018
132 188
132 253
132 302
132 330
132 342
132 451
132 806
132 905
133 403
133 441
133 454
133 601
133 902
134 182
134 202
134 408
134 495
135 182
135 265
135 370
135 484
135 864
136 249
136 615
136 854
137 149
137 215
137 273
137 401
137 513
137 514
137 610
137 665
137 955
137 1029
138 384
138 406
138 599
138 651
139 530
139 664
139 826
140 760
140 1002
141 339
141 381
142 333
142 519
142 729
143 585
143 663
143 911
145 311
145 412
145 424
146 605
146 878
148 451
148 459
148 564
148 567
148 874
149 215
149 285
149 570
149 718
149 721
150 181
150 446
150 697
151 159
151 257
151 331
152 234
152 360
152 370
152 412
152 445
152 636
152 696
152 797
152 896
152 919
152 977
153 223
153 522
153 574
153 579
153 849
153 997
154 206
154 235
154 253
154 344
154 752
154 763
154 866
155 203
155 223
155 224
155 326
155 332
155 334
155 349
155 466
155 526
155 575
155 635
155 666
155 938
155 999
156 183
156 197
156 689
157 187
157 327
157 340
157 355
157 438
157 623
157 789
157 806
157 994
158 202
158 237
158 286
158 582
158 627
159 165
159 200
159 323
159 364
159 512
159 682
159 848
159 891
160 226
160 375
160 447
160 686
160 836
161 232
161 245
161 416
161 448
162 210
162 238
162 267
162 349
162 350
162 988
163 238
163 258
163 276
163 592
163 788
164 170
164 174
164 305
164 476
164 653
164 723
164 745
164 808
165 248
165 348
165 393
165 506
165 718
165 888
166 319
166 566
167 351
167 409
167 540
168 266
168 382
169 858
171 281
171 294
171 308
171 606
171 654
171 745
171 747
171 955
171 965
172 261
172 414
172 482
172 504
172 666
172 1035
173 551
175 199
175 278
175 280
175 374
175 535
175 553
175 837
175 1005
175 1047
176 251
176 617
177 346
177 453
177 467
177 907
178 548
178 640
179 623
180 244
180 293
180 351
180 591
180 788
181 227
181 283
181 315
181 429
181 565
182 332
182 778
183 206
183 240
183 276
183 443
183 550
183 634
183 943
184 418
184 719
184 773
184 778
185 256
185 284
185 372
185 389
185 466
185 478
185 632
185 667
185 1015
186 1012
187 274
187 284
187 327
187 383
187 453
187 679
187 733
187 903
188 452
188 494
188 683
189 280
189 329
189 606
189 832
190 390
190 583
190 693
190 736
190 868
190 896
190 947
191 213
191 554
191 818
191 862
192 435
192 628
193 474
193 626
193 807
194 251
194 423
194 578
194 704
194 708
194 713
194 1024
195 197
195 293
195 447
195 455
195 571
195 724
196 529
196 924
197 291
200 297
200 400
200 428
200 670
200 917
201 236
201 478
201 481
201 484
201 635
201 638
201 740
201 832
201 853
201 900
201 905
201 916
201 935
201 995
201 1022
203 530
204 1003
205 316
205 353
205 406
205 568
205 652
205 788
205 1007
206 470
206 833
207 767
208 609
208 911
209 325
209 658
210 350
210 359
210 369
210 458
210 790
210 988
210 1046
211 269
211 455
211 630
211 897
212 222
212 243
212 674
212 860
212 949
213 278
213 468
213 508
213 571
213 801
214 542
214 560
214 910
215 271
215 304
215 318
215 514
215 662
215 726
215 762
215 844
215 949
217 313
217 379
217 727
218 374
218 537
219 354
220 233
220 236
220 278
220 289
220 428
220 750
220 816
220 901
222 312
222 395
222 423
222 582
222 733
222 886
222 913
222 923
222 1028
223 496
223 523
223 797
224 299
224 326
224 602
224 781
224 959
224 981
225 1027
226 375
226 686
226 786
226 878
226 886
227 247
227 260
227 263
227 283
227 322
227 350
227 870
228 713
229 245
229 429
229 486
229 643
229 963
230 319
230 998
231 250
231 501
231 813
231 918
231 1044
232 767
233 236
233 409
233 683
233 739
233 1006
234 598
234 909
235 311
235 701
236 258
236 267
236 347
236 383
236 572
236 780
236 1022
237 657
237 720
237 837
237 961
238 314
238 512
239 576
240 634
240 755
241 346
241 405
241 962
242 271
242 341
242 689
242 742
242 826
242 870
242 907
245 525
246 403
246 510
246 637
246 654
246 742
247 310
247 449
247 615
248 352
248 546
248 937
249 269
249 764
250 324
250 569
250 681
250 918
250 931
252 266
252 529
252 969
254 460
254 919
255 301
255 367
255 427
255 605
255 629
255 798
255 983
256 275
256 431
256 485
256 528
256 632
256 887
257 359
257 361
257 376
257 415
257 515
257 596
257 709
257 746
257 758
257 958
257 986
258 524
258 948
258 1045
259 823
259 890
260 422
261 287
262 1034
263 760
263 871
264 307
264 357
264 511
264 840
264 1011
265 684
265 783
265 1013
265 1047
267 709
267 1036
268 861
270 298
270 640
270 647
270 768
271 272
271 366
271 387
271 457
271 744
271 893
272 469
272 766
273 285
273 322
273 342
273 382
273 388
273 625
273 703
273 954
273 959
274 543
274 699
274 763
274 785
274 810
274 910
274 1043
275 590
275 811
276 488
276 517
276 592
276 787
276 881
278 836
279 287
279 699
280 319
280 334
280 369
280 417
280 431
280 433
280 550
280 606
280 792
280 891
281 399
281 401
281 429
282 337
282 532
282 622
282 700
283 496
284 389
284 639
285 328
285 559
285 671
285 769
285 819
286 289
286 670
286 812
287 553
287 874
289 402
289 428
289 670
289 730
290 678
291 385
291 621
292 397
292 604
292 845
292 893
292 972
294 362
294 368
294 498
294 527
294 544
294 552
294 661
294 716
295 631
295 687
295 846
295 1040
296 354
296 843
296 882
297 483
297 656
297 770
298 459
298 768
298 783
299 502
300 603
301 306
301 520
301 597
301 722
303 480
305 440
306 424
306 489
306 562
306 605
306 943
307 333
307 580
308 394
308 747
308 748
308 756
309 465
309 471
309 508
309 642
311 412
311 491
312 696
312 955
314 616
314 790
314 885
314 973
314 996
314 1011
315 343
315 845
316 379
316 477
316 490
316 793
316 901
317 534
317 665
317 714
317 884
319 328
319 569
319 633
320 421
320 698
320 835
321 833
321 925
322 467
322 502
322 818
322 870
323 365
323 406
323 481
324 765
324 889
324 939
325 714
326 436
326 440
326 700
326 772
326 885
328 671
328 928
329 363
329 558
329 948
330 607
331 934
332 882
333 731
335 622
337 821
338 688
338 781
338 827
339 500
340 536
340 1008
341 407
341 459
341 830
342 533
342 633
342 690
343 771
344 368
344 442
344 643
344 927
344 996
345 618
345 685
345 705
345 941
346 405
346 607
346 714
346 792
347 951
347 967
349 660
352 896
353 710
353 814
353 871
353 898
354 751
354 798
354 879
355 404
355 584
355 672
358 425
359 536
359 920
359 1046
360 458
360 563
360 567
360 660
362 527
363 484
363 722
364 376
364 614
365 784
365 1032
366 507
366 551
366 580
366 621
366 735
366 797
367 469
367 600
368 444
368 604
368 838
369 507
369 573
369 1034
370 485
370 624
370 922
372 632
372 1015
372 1038
373 387
373 671
373 972
374 501
374 522
376 668
376 1004
378 648
378 823
378 840
379 444
380 795
381 511
381 672
381 857
381 1017
381 1023
382 800
385 502
386 974
388 466
388 488
388 538
388 659
388 694
389 401
389 611
390 439
391 1019
392 432
392 453
392 462
392 520
392 590
392 616
392 914
393 786
393 793
394 829
395 398
395 507
395 654
395 913
395 990
396 525
396 945
397 515
397 674
398 471
398 504
398 802
400 438
400 474
400 828
400 858
400 940
402 854
403 454
403 510
404 595
404 820
405 691
405 780
405 820
405 932
405 984
405 993
406 531
407 437
407 516
407 551
407 828
407 929
408 470
408 602
408 749
408 804
408 883
408 989
409 926
409 962
409 987
410 584
410 639
411 680
411 707
412 872
413 505
413 638
413 779
413 877
413 960
414 651
414 775
415 885
416 489
416 813
417 456
417 468
417 791
420 490
420 517
420 801
421 422
421 479
421 999
422 796
423 733
425 540
426 593
426 936
428 490
428 549
428 1044
429 643
429 678
429 906
429 907
429 983
431 792
431 895
432 462
432 536
432 588
432 619
432 818
432 861
432 876
432 953
433 729
434 987
435 460
436 440
436 738
437 460
437 518
438 474
438 693
438 719
438 915
438 1003
438 1020
439 835
440 772
440 839
441 597
441 601
441 860
441 902
441 1037
442 505
442 556
444 532
445 641
445 977
446 716
448 521
448 541
448 565
450 1006
451 564
452 494
453 524
453 561
456 475
456 791
456 1022
457 673
458 639
459 615
459 738
459 742
459 846
459 968
460 518
460 568
460 776
460 808
461 649
462 723
462 734
462 875
462 923
463 875
464 807
464 889
466 782
468 841
470 499
471 504
471 795
471 995
471 1014
471 1021
474 560
474 581
474 664
476 655
477 516
477 827
477 895
478 835
478 900
479 644
479 726
479 749
480 784
480 899
484 509
484 821
485 887
488 881
488 944
489 650
490 750
490 1044
494 933
495 528
495 630
495 646
495 910
496 523
496 1034
497 600
499 720
500 549
500 668
504 1021
506 1023
507 573
507 946
507 989
508 697
509 535
509 727
510 587
512 848
513 888
516 553
517 682
517 787
518 593
519 650
519 660
519 691
519 819
519 922
520 908
521 541
521 706
521 807
522 572
522 598
524 948
528 572
529 815
531 975
532 704
532 826
532 992
533 789
534 1001
535 744
536 618
538 679
540 895
540 950
541 700
541 847
545 995
546 631
547 800
549 668
549 973
552 754
552 804
554 812
555 758
558 721
558 794
560 581
560 848
562 846
562 982
563 761
564 721
564 785
565 708
568 675
568 702
568 776
570 685
570 711
570 867
570 1016
571 743
572 716
574 579
576 661
576 715
576 849
577 646
578 619
578 676
578 865
580 713
580 751
584 759
585 644
587 867
587 1014
590 879
590 914
591 613
593 997
594 1010
594 1031
595 961
596 602
597 757
598 645
602 883
602 959
604 649
608 869
609 683
609 837
616 735
616 769
619 676
619 861
619 1032
621 943
621 991
622 1001
625 774
627 753
627 754
628 677
628 824
631 656
632 680
632 859
632 1038
634 1043
635 900
636 916
637 947
639 696
640 839
640 1004
641 926
643 678
643 886
643 944
644 817
645 694
645 794
645 828
645 924
648 757
649 746
649 836
652 808
653 737
653 749
655 929
656 738
656 872
657 720
657 971
658 1035
659 694
659 723
660 957
661 677
661 765
665 816
667 934
669 682
670 809
670 917
670 957
673 709
673 970
674 725
676 705
678 779
678 978
680 707
680 1040
681 1039
682 988
682 1026
685 867
688 880
690 724
692 873
694 850
696 976
696 998
698 844
699 952
703 1017
707 937
709 758
712 748
713 979
715 718
715 875
717 842
718 815
721 794
721 803
725 793
726 950
728 882
733 850
733 852
734 832
735 770
746 933
749 871
749 892
751 813
751 908
751 939
752 776
753 754
753 921
754 921
755 954
756 777
756 904
758 1007
758 1030
760 1002
762 814
762 850
763 810
763 841
763 912
763 960
767 928
769 953
770 946
770 1042
771 978
772 976
775 821
776 981
778 820
779 877
780 984
781 981
788 863
790 935
792 891
798 869
804 892
805 897
806 825
807 958
807 979
808 1005
813 939
815 923
817 1041
820 841
820 932
820 963
820 1020
821 1018
826 911
833 1035
841 984
843 894
846 982
847 1025
848 876
849 997
859 1038
860 960
868 883
868 930
869 978
870 894
873 1006
874 920
874 930
880 942
881 927
886 1028
892 968
900 905
906 927
912 983
913 1008
923 974
928 937
931 989
936 961
940 1023
941 980
944 1036
945 1042
951 967
957 1040
961 979
961 1009
964 1003
968 1031
979 1009
992 1042
1010 1031
