0 1
0 496
0 2
0 3
0 494
0 4
0 493
0 492
0 6
0 491
0 479
1 2
1 3
1 496
1 4
1 495
1 5
1 494
1 6
1 493
1 7
1 492
1 462
2 3
2 4
2 496
2 6
2 7
2 494
2 8
2 493
2 401
2 383
2 422
3 4
3 5
3 6
3 7
3 496
3 8
3 495
3 9
3 494
3 17
4 5
4 6
4 7
4 8
4 9
4 496
4 10
4 495
4 457
5 6
5 7
5 8
5 9
5 10
5 11
5 496
6 7
6 8
6 9
6 10
6 11
6 12
7 8
7 9
7 10
7 11
7 12
7 13
8 9
8 10
8 11
8 12
8 13
8 14
8 329
9 10
9 11
9 12
9 13
9 14
9 15
10 11
10 12
10 14
10 15
10 16
10 265
11 12
11 13
11 14
11 15
11 17
11 189
12 13
12 15
12 17
12 176
12 467
12 257
13 14
13 15
13 17
13 18
13 19
13 57
13 204
14 15
14 16
14 17
14 18
14 19
14 20
14 265
14 459
15 16
15 17
15 18
15 19
15 21
15 174
15 441
16 17
16 18
16 19
16 20
16 21
16 22
17 18
17 19
17 20
17 22
17 23
18 19
18 21
18 22
18 23
18 24
18 54
18 52
18 57
19 20
19 21
19 22
19 23
19 24
19 25
20 21
20 22
20 23
20 24
20 26
20 112
20 37
21 22
21 23
21 24
21 25
21 26
21 27
22 23
22 24
22 25
22 26
22 27
22 28
23 24
23 25
23 26
23 27
23 28
23 29
24 25
24 26
24 27
24 28
24 29
24 30
24 193
25 26
25 27
25 28
25 29
25 30
25 31
25 139
26 28
26 29
26 30
26 31
26 32
26 471
27 28
27 29
27 30
27 31
27 32
27 372
28 29
28 31
28 32
28 33
28 364
28 132
28 405
29 30
29 31
29 32
29 33
29 35
29 303
30 31
30 32
30 33
30 34
30 35
30 36
31 32
31 33
31 34
31 35
31 36
31 37
31 279
32 33
32 34
32 35
32 36
32 37
32 38
33 34
33 35
33 36
33 37
33 38
33 39
34 35
34 38
34 39
34 40
34 386
34 302
34 346
35 36
35 38
35 39
35 41
35 485
35 495
35 163
36 37
36 38
36 39
36 40
36 41
36 42
36 88
37 38
37 39
37 40
37 41
37 42
37 272
38 39
38 40
38 41
38 42
38 43
38 44
39 40
39 41
39 42
39 43
39 276
39 442
39 52
40 42
40 43
40 44
40 45
40 46
40 387
41 42
41 43
41 44
41 45
41 47
41 315
41 285
41 376
42 43
42 44
42 45
42 46
42 47
42 48
43 44
43 45
43 46
43 48
43 49
43 226
43 65
44 45
44 46
44 47
44 48
44 50
44 449
44 264
45 46
45 48
45 49
45 50
45 51
45 264
46 49
46 50
46 51
46 52
46 488
46 408
47 48
47 49
47 50
47 51
47 52
47 53
48 50
48 51
48 52
48 53
48 54
48 187
49 50
49 51
49 52
49 53
49 233
49 452
50 51
50 52
50 53
50 54
50 56
50 202
51 52
51 53
51 55
51 56
51 57
51 67
52 53
52 55
52 56
52 58
52 255
52 155
53 54
53 55
53 56
53 57
53 58
53 59
54 55
54 56
54 58
54 59
54 60
54 361
55 56
55 57
55 59
55 60
55 61
55 357
55 272
56 57
56 58
56 59
56 60
56 61
56 62
57 58
57 59
57 60
57 62
57 63
58 59
58 60
58 61
58 62
58 64
58 226
59 60
59 61
59 62
59 63
59 65
59 370
59 448
60 61
60 63
60 64
60 65
60 66
60 144
61 62
61 64
61 65
61 66
61 67
61 424
61 461
62 63
62 64
62 66
62 67
62 68
62 322
62 155
63 64
63 65
63 67
63 68
63 69
63 298
64 65
64 66
64 67
64 68
64 69
64 70
64 462
65 66
65 67
65 68
65 70
65 71
66 67
66 68
66 69
66 70
66 71
66 72
66 353
67 68
67 69
67 70
67 71
67 72
67 73
67 363
68 69
68 70
68 71
68 72
68 73
68 74
68 100
68 265
68 435
69 71
69 72
69 73
69 74
69 75
69 172
69 201
69 341
70 71
70 72
70 73
70 74
70 75
70 76
71 72
71 73
71 74
71 75
71 76
71 77
72 73
72 74
72 75
72 76
72 77
72 78
73 74
73 75
73 76
73 77
73 78
73 79
73 327
73 486
74 75
74 76
74 77
74 78
74 79
74 418
74 91
75 77
75 78
75 79
75 80
75 81
75 406
76 77
76 79
76 80
76 82
76 120
76 416
77 78
77 79
77 80
77 81
77 82
77 83
78 79
78 80
78 81
78 82
78 83
78 84
79 80
79 82
79 83
79 84
79 85
79 345
80 81
80 82
80 83
80 84
80 85
80 86
81 82
81 83
81 84
81 85
81 86
81 87
82 83
82 84
82 85
82 87
82 88
82 487
82 98
83 84
83 85
83 86
83 87
83 88
83 89
83 193
84 85
84 86
84 87
84 88
84 89
84 90
85 86
85 89
85 90
85 91
85 387
85 345
86 87
86 88
86 89
86 90
86 91
86 92
87 88
87 89
87 90
87 91
87 93
87 154
88 89
88 91
88 92
88 93
88 94
89 90
89 91
89 92
89 93
89 94
89 95
89 106
89 296
90 91
90 92
90 93
90 94
90 95
90 96
91 92
91 93
91 94
91 95
91 96
91 97
92 93
92 94
92 95
92 97
92 98
92 428
92 385
93 94
93 95
93 96
93 97
93 99
93 166
93 274
94 95
94 96
94 97
94 98
94 99
94 100
95 96
95 97
95 99
95 100
95 101
95 157
96 97
96 98
96 99
96 100
96 101
96 102
97 98
97 99
97 100
97 101
97 102
97 103
98 99
98 100
98 101
98 102
98 103
98 104
99 100
99 101
99 102
99 103
99 104
99 105
99 262
100 101
100 103
100 104
100 105
100 106
100 186
101 102
101 103
101 104
101 105
101 106
101 107
101 131
102 104
102 105
102 106
102 107
102 108
102 202
102 286
103 104
103 105
103 107
103 108
103 109
103 262
103 446
103 396
104 105
104 106
104 107
104 109
104 110
104 327
104 171
104 332
104 266
105 106
105 107
105 108
105 109
105 110
105 111
106 107
106 108
106 110
106 111
106 459
107 108
107 109
107 110
107 111
107 113
107 424
107 122
108 109
108 110
108 111
108 112
108 113
108 114
109 110
109 111
109 112
109 113
109 114
109 115
110 111
110 112
110 113
110 114
110 115
110 116
110 400
111 112
111 113
111 114
111 116
111 117
111 329
111 404
111 451
112 113
112 114
112 115
112 116
112 117
112 118
113 114
113 115
113 116
113 117
113 118
113 119
113 266
114 115
114 116
114 118
114 119
114 120
114 383
115 117
115 118
115 119
115 120
115 121
115 398
115 197
116 118
116 119
116 120
116 121
116 122
116 249
117 118
117 120
117 121
117 122
117 428
117 304
117 232
118 119
118 120
118 121
118 122
118 123
118 124
119 120
119 121
119 122
119 124
119 125
119 456
120 121
120 122
120 123
120 124
120 126
120 454
121 122
121 123
121 124
121 125
121 126
121 127
121 282
122 123
122 124
122 125
122 126
122 127
122 128
123 124
123 125
123 126
123 127
123 128
123 129
123 374
124 125
124 126
124 129
124 130
124 147
124 131
125 126
125 127
125 128
125 129
125 130
125 131
125 380
126 127
126 128
126 129
126 130
126 131
126 132
127 128
127 129
127 130
127 131
127 132
127 133
128 129
128 130
128 131
128 132
128 133
128 134
129 130
129 131
129 132
129 133
129 134
129 135
130 131
130 132
130 133
130 134
130 135
130 136
131 133
131 134
131 135
131 136
131 235
132 133
132 135
132 136
132 137
132 138
133 134
133 135
133 136
133 137
133 138
133 139
133 184
134 135
134 136
134 137
134 138
134 139
134 140
134 464
134 483
135 136
135 137
135 138
135 139
135 140
135 189
136 137
136 138
136 139
136 141
136 142
136 191
137 138
137 139
137 140
137 141
137 142
137 143
138 139
138 140
138 141
138 142
138 143
138 144
139 140
139 141
139 142
139 143
139 145
139 343
139 310
140 141
140 142
140 143
140 144
140 145
140 146
141 142
141 143
141 144
141 145
141 146
141 147
141 155
142 143
142 144
142 145
142 146
142 147
142 148
142 211
143 145
143 146
143 147
143 148
143 149
143 249
144 145
144 147
144 148
144 149
144 150
144 410
145 146
145 147
145 148
145 149
145 150
145 151
146 147
146 148
146 149
146 150
146 151
146 152
146 432
147 148
147 150
147 151
147 152
147 153
147 298
147 459
148 149
148 150
148 151
148 152
148 153
148 154
149 150
149 152
149 153
149 154
149 155
149 328
150 151
150 152
150 153
150 154
150 155
150 156
150 242
151 152
151 153
151 154
151 155
151 156
151 157
151 308
152 153
152 154
152 155
152 156
152 157
152 158
153 154
153 155
153 156
153 157
153 158
153 159
154 155
154 156
154 157
154 158
154 159
154 160
154 377
155 157
155 158
155 159
155 160
155 202
155 294
156 157
156 158
156 159
156 160
156 161
156 162
157 158
157 159
157 160
157 161
157 162
157 163
157 303
158 159
158 160
158 161
158 162
158 163
158 164
158 332
159 160
159 161
159 162
159 163
159 164
159 165
159 191
159 237
160 161
160 162
160 163
160 164
160 165
160 166
160 312
161 162
161 163
161 164
161 165
161 166
161 167
162 164
162 165
162 166
162 167
162 168
162 185
163 165
163 166
163 167
163 168
163 462
163 360
164 165
164 166
164 167
164 168
164 169
164 170
165 166
165 167
165 168
165 169
165 170
165 171
166 167
166 168
166 170
166 171
166 172
167 168
167 169
167 170
167 171
167 173
167 345
168 169
168 170
168 171
168 172
168 173
168 174
168 320
169 170
169 171
169 172
169 173
169 174
169 175
170 172
170 173
170 174
170 175
170 176
170 346
171 172
171 175
171 176
171 177
171 229
171 281
171 235
171 300
172 173
172 174
172 175
172 176
172 177
172 360
173 174
173 175
173 176
173 177
173 178
173 179
174 176
174 177
174 179
174 180
174 353
174 249
175 176
175 177
175 178
175 179
175 180
175 181
176 177
176 178
176 180
176 181
176 182
176 435
177 178
177 179
177 180
177 181
177 182
177 183
178 179
178 180
178 181
178 182
178 183
178 184
178 434
179 180
179 181
179 182
179 185
179 237
179 437
180 181
180 182
180 183
180 184
180 185
180 186
180 299
181 182
181 183
181 184
181 185
181 187
181 430
181 220
181 361
182 183
182 184
182 185
182 187
182 485
182 442
183 184
183 185
183 186
183 187
183 188
183 189
183 312
184 186
184 187
184 188
184 189
184 190
185 186
185 188
185 189
185 190
185 191
185 264
185 449
186 187
186 188
186 189
186 192
186 367
186 375
187 188
187 189
187 190
187 191
187 193
187 239
187 209
188 189
188 190
188 191
188 192
188 193
188 194
189 190
189 191
189 192
189 193
189 194
189 195
190 191
190 192
190 194
190 195
190 196
190 467
190 215
191 192
191 194
191 195
191 196
191 197
192 194
192 195
192 196
192 197
192 198
192 373
192 389
193 194
193 195
193 197
193 198
194 195
194 196
194 198
194 199
194 200
194 370
194 324
194 295
195 196
195 197
195 198
195 200
195 201
195 324
196 197
196 198
196 199
196 200
196 201
196 202
197 198
197 199
197 200
197 201
197 202
197 439
198 199
198 200
198 201
198 202
198 203
198 204
199 200
199 201
199 202
199 203
199 204
199 205
200 202
200 203
200 204
200 205
200 206
200 479
200 250
201 202
201 204
201 205
201 206
201 207
201 215
201 277
201 438
202 203
202 204
202 205
202 206
202 207
202 208
202 314
203 207
203 208
203 209
203 257
203 232
203 428
204 205
204 206
204 207
204 209
204 210
204 278
204 353
205 206
205 207
205 209
205 210
205 211
205 477
206 207
206 209
206 210
206 211
206 212
206 259
207 208
207 209
207 210
207 211
207 212
207 213
208 210
208 211
208 212
208 213
208 214
208 468
209 210
209 211
209 212
209 213
209 215
209 272
210 211
210 212
210 213
210 214
210 215
210 216
210 435
211 212
211 213
211 214
211 215
211 216
211 273
212 213
212 214
212 215
212 216
212 217
212 218
213 214
213 215
213 216
213 217
213 218
213 219
214 215
214 216
214 217
214 219
214 220
214 369
215 217
215 218
215 219
215 220
215 221
216 217
216 218
216 219
216 220
216 221
216 222
217 218
217 219
217 221
217 223
217 323
217 271
218 219
218 220
218 221
218 222
218 223
218 224
218 490
219 220
219 221
219 222
219 223
219 224
219 225
220 221
220 222
220 223
220 225
220 226
221 222
221 223
221 224
221 225
221 226
221 227
221 469
222 223
222 224
222 226
222 227
222 228
222 495
223 224
223 225
223 226
223 227
223 228
223 229
224 225
224 226
224 227
224 228
224 229
224 230
224 326
225 226
225 227
225 228
225 229
225 230
225 231
226 227
226 228
226 229
226 230
226 231
226 232
226 408
227 228
227 229
227 230
227 231
227 232
227 233
228 229
228 230
228 231
228 232
228 233
228 234
228 475
229 231
229 232
229 233
229 234
229 235
229 297
230 231
230 232
230 233
230 235
230 236
230 392
231 232
231 233
231 234
231 235
231 236
231 237
232 233
232 234
232 235
232 236
232 237
232 238
232 382
232 333
233 234
233 235
233 236
233 237
233 238
233 239
234 235
234 236
234 237
234 238
234 239
234 240
234 345
235 236
235 237
235 239
235 241
235 418
235 280
236 237
236 238
236 239
236 240
236 241
236 242
237 238
237 239
237 240
237 241
237 242
237 318
237 245
238 239
238 240
238 241
238 242
238 243
238 244
239 240
239 241
239 243
239 244
239 245
240 241
240 242
240 243
240 244
240 245
240 246
241 242
241 243
241 244
241 245
241 246
241 247
241 328
242 243
242 246
242 247
242 248
242 353
243 244
243 246
243 247
243 248
243 249
243 467
244 245
244 246
244 247
244 248
244 249
244 250
244 418
245 247
245 248
245 249
245 250
245 460
246 247
246 248
246 249
246 250
246 251
246 252
247 248
247 249
247 250
247 251
247 252
247 253
247 463
248 249
248 250
248 251
248 252
248 253
248 304
249 250
249 251
249 252
249 253
249 254
249 255
249 325
250 251
250 252
250 253
250 255
250 256
251 252
251 253
251 254
251 255
251 256
251 257
252 253
252 254
252 255
252 257
252 258
252 389
252 400
253 254
253 255
253 256
253 257
253 258
253 259
254 255
254 256
254 257
254 258
254 259
254 260
255 256
255 258
255 259
255 260
255 261
255 372
256 257
256 258
256 259
256 260
256 261
256 262
257 258
257 259
257 260
257 261
257 262
257 263
257 372
258 259
258 260
258 261
258 262
258 263
258 264
259 260
259 261
259 262
259 263
259 264
259 265
259 465
260 261
260 262
260 263
260 264
260 265
260 266
261 262
261 263
261 264
261 265
261 266
261 267
262 263
262 264
262 265
262 266
262 454
263 264
263 265
263 266
263 267
263 268
263 269
264 265
264 266
264 267
264 268
264 269
264 270
264 465
265 266
265 269
265 270
265 271
266 267
266 268
266 269
266 270
267 268
267 269
267 270
267 271
267 272
267 273
268 269
268 270
268 271
268 272
268 273
268 274
268 346
269 270
269 271
269 272
269 273
269 275
269 422
269 338
269 494
270 271
270 272
270 273
270 274
270 275
270 276
270 351
271 272
271 273
271 274
271 275
271 276
271 277
271 289
272 273
272 276
272 277
272 278
273 274
273 275
273 276
273 277
273 278
274 275
274 276
274 277
274 278
274 280
274 350
275 276
275 277
275 278
275 279
275 280
275 281
275 466
276 277
276 279
276 280
276 282
276 447
277 278
277 279
277 281
277 282
277 283
278 280
278 281
278 282
278 283
278 284
279 281
279 283
279 284
279 285
279 485
280 281
280 282
280 283
280 284
280 285
280 286
281 282
281 283
281 284
281 285
281 286
281 287
282 283
282 284
282 285
282 287
282 288
283 284
283 285
283 286
283 287
283 288
283 289
284 285
284 286
284 287
284 288
284 290
284 327
285 286
285 287
285 290
285 291
285 482
285 452
286 287
286 289
286 290
286 291
286 292
287 288
287 289
287 290
287 291
287 292
287 293
288 289
288 290
288 291
288 292
288 293
288 294
289 291
289 293
289 294
289 295
289 418
290 291
290 292
290 293
290 294
290 295
290 296
291 292
291 293
291 294
291 295
291 296
291 297
292 293
292 294
292 295
292 296
292 297
292 298
293 294
293 295
293 296
293 297
293 298
293 299
294 295
294 296
294 297
294 298
294 299
295 296
295 297
295 298
295 299
295 301
295 361
296 297
296 298
296 300
296 301
296 302
296 495
297 298
297 299
297 300
297 301
297 302
297 303
298 300
298 301
298 302
298 303
298 304
298 305
299 301
299 302
299 303
299 304
299 305
300 301
300 302
300 304
300 305
300 306
301 302
301 303
301 304
301 305
301 306
301 307
301 411
302 304
302 305
302 306
302 307
302 308
302 321
303 304
303 305
303 306
303 307
303 309
303 313
303 462
304 305
304 306
304 307
304 308
304 310
305 306
305 309
305 310
305 311
305 457
306 307
306 308
306 309
306 310
306 311
306 312
307 308
307 309
307 310
307 311
307 312
307 313
308 309
308 310
308 311
308 312
308 313
309 310
309 311
309 312
309 314
309 315
309 491
309 329
310 311
310 312
310 313
310 314
310 316
310 317
311 312
311 313
311 314
311 315
311 316
311 317
312 314
312 315
312 317
312 318
313 314
313 316
313 317
313 318
313 319
314 315
314 316
314 317
314 318
314 320
315 317
315 318
315 319
315 321
315 378
316 317
316 318
316 319
316 320
316 321
316 322
316 399
317 318
317 319
317 320
317 322
317 323
317 351
318 319
318 321
318 322
318 323
318 324
319 320
319 321
319 322
319 323
319 324
319 325
319 348
320 321
320 322
320 324
320 325
320 326
321 322
321 323
321 324
321 325
321 326
321 327
322 324
322 325
322 326
322 327
322 328
323 324
323 325
323 326
323 327
323 328
323 329
324 325
324 326
324 327
324 329
324 330
324 345
325 326
325 327
325 329
325 330
325 331
326 327
326 328
326 329
326 330
326 332
327 329
327 331
327 332
327 333
328 329
328 330
328 331
328 332
328 334
329 332
329 333
329 334
329 335
330 331
330 332
330 333
330 334
330 335
330 336
331 332
331 333
331 334
331 335
331 336
331 432
332 334
332 335
332 336
332 338
333 334
333 335
333 336
333 338
333 370
334 335
334 336
334 337
334 338
334 339
334 340
334 402
335 336
335 337
335 338
335 339
335 340
335 341
336 337
336 338
336 339
336 340
336 341
336 342
337 338
337 339
337 340
337 341
337 342
337 343
338 339
338 343
338 344
338 417
338 481
339 340
339 341
339 342
339 343
339 344
339 462
339 357
340 341
340 342
340 343
340 344
340 345
340 346
340 456
341 342
341 343
341 344
341 346
341 347
342 343
342 344
342 345
342 346
342 348
342 419
343 344
343 346
343 347
343 348
343 349
344 345
344 346
344 347
344 348
344 349
344 350
345 346
345 348
345 349
345 350
346 347
346 348
346 349
346 351
347 348
347 349
347 350
347 351
347 352
347 353
347 364
348 349
348 351
348 352
348 353
348 354
348 463
349 350
349 351
349 352
349 353
349 354
349 355
350 351
350 352
350 353
350 354
350 355
350 356
351 352
351 353
351 355
351 356
351 366
351 439
352 353
352 354
352 355
352 356
352 357
352 358
353 354
353 356
353 358
354 355
354 356
354 357
354 358
354 359
354 360
355 356
355 357
355 358
355 359
355 360
355 361
356 357
356 358
356 359
356 360
356 361
356 362
357 358
357 359
357 360
357 362
357 363
357 385
357 400
358 359
358 360
358 361
358 362
358 363
358 364
359 360
359 361
359 362
359 363
359 364
359 365
360 361
360 362
360 363
360 364
360 365
360 366
361 362
361 363
361 364
361 365
361 366
362 363
362 364
362 365
362 366
362 367
362 368
363 364
363 366
363 367
363 369
363 378
364 365
364 366
364 367
364 368
364 370
365 366
365 367
365 368
365 369
365 370
365 371
366 367
366 368
366 369
366 371
366 372
367 368
367 369
367 371
367 372
367 424
368 369
368 370
368 371
368 372
368 373
368 374
369 370
369 371
369 372
369 373
369 374
369 407
370 371
370 372
370 373
370 375
370 376
371 372
371 373
371 374
371 376
371 377
371 394
372 374
372 376
372 377
372 378
372 449
372 484
373 374
373 375
373 376
373 377
373 378
373 379
373 458
374 375
374 376
374 377
374 378
374 379
375 376
375 377
375 378
375 380
375 381
375 466
376 377
376 378
376 379
376 380
376 381
376 382
377 378
377 379
377 380
377 381
377 382
378 379
378 380
378 381
378 382
378 383
378 384
378 477
379 380
379 381
379 382
379 383
379 384
379 385
380 382
380 383
380 384
380 385
380 432
380 493
381 382
381 383
381 384
381 385
381 386
381 387
382 383
382 384
382 385
382 386
382 388
383 384
383 385
383 387
383 388
383 389
384 385
384 386
384 387
384 388
384 389
384 390
385 387
385 388
385 389
385 390
385 391
386 387
386 388
386 389
386 390
386 391
386 392
387 388
387 389
387 390
387 391
387 392
387 393
388 389
388 390
388 391
388 392
388 393
388 394
389 392
389 393
389 394
389 395
390 391
390 392
390 393
390 394
390 395
390 405
390 423
391 392
391 393
391 394
391 395
391 396
391 397
392 393
392 394
392 396
392 397
392 398
392 430
393 394
393 395
393 396
393 397
393 399
393 476
394 396
394 398
394 399
394 400
394 401
394 458
395 396
395 397
395 398
395 399
395 400
395 401
396 397
396 398
396 399
396 400
396 412
397 398
397 399
397 400
397 401
397 402
397 403
398 399
398 400
398 401
398 402
398 403
398 404
399 400
399 401
399 402
399 403
399 405
400 401
400 403
400 405
400 406
400 471
401 402
401 403
401 404
401 405
401 406
401 407
402 404
402 405
402 406
402 407
402 408
403 404
403 405
403 406
403 407
403 408
403 409
404 406
404 407
404 408
404 409
404 410
405 407
405 408
405 409
405 410
405 411
406 407
406 408
406 409
406 410
406 411
406 412
407 408
407 409
407 410
407 412
407 413
407 427
408 409
408 410
408 411
408 412
408 413
409 410
409 411
409 412
409 413
409 414
409 415
410 411
410 412
410 413
410 414
410 415
410 416
410 475
411 412
411 413
411 415
411 416
411 417
412 413
412 414
412 415
412 416
412 417
412 418
413 414
413 415
413 416
413 417
413 418
413 419
414 415
414 416
414 417
414 418
414 419
414 420
415 416
415 417
415 418
415 419
415 420
415 421
416 417
416 418
416 419
416 420
416 421
416 422
417 418
417 419
417 420
417 421
417 422
417 423
418 421
418 423
418 424
419 420
419 421
419 422
419 423
419 425
419 434
420 421
420 422
420 423
420 424
420 425
420 426
421 422
421 423
421 424
421 425
421 426
421 427
422 423
422 424
422 426
422 427
423 424
423 425
423 426
423 427
423 428
423 429
424 425
424 426
424 427
424 429
424 430
425 426
425 427
425 428
425 429
425 430
425 431
426 427
426 428
426 429
426 430
426 431
426 432
427 428
427 429
427 430
427 431
427 432
427 433
428 429
428 430
428 432
428 433
428 434
429 430
429 431
429 432
429 433
429 434
429 435
430 431
430 433
430 434
430 435
430 436
431 432
431 433
431 434
431 435
431 436
431 437
432 434
432 435
432 436
432 437
433 434
433 435
433 436
433 437
433 438
433 439
433 446
434 435
434 436
434 437
434 438
434 439
435 436
435 437
435 439
435 441
435 486
436 437
436 438
436 439
436 440
436 441
436 442
437 438
437 439
437 440
437 441
437 442
437 443
438 439
438 440
438 441
438 442
438 444
439 440
439 441
439 443
439 445
440 441
440 442
440 443
440 444
440 445
440 446
441 442
441 443
441 444
441 445
441 446
441 447
442 443
442 444
442 445
442 446
442 447
442 448
443 444
443 445
443 446
443 447
443 448
443 449
444 445
444 446
444 447
444 448
444 449
444 450
445 446
445 447
445 448
445 450
445 451
445 455
446 447
446 448
446 449
446 492
447 448
447 449
447 450
447 451
447 452
447 453
448 449
448 450
448 451
448 452
448 453
448 454
449 450
449 454
449 455
450 451
450 452
450 453
450 454
450 455
450 456
451 452
451 453
451 454
451 455
451 456
451 457
451 490
452 453
452 454
452 455
452 456
452 457
452 458
453 454
453 455
453 456
453 457
453 458
453 459
454 455
454 456
454 457
454 458
454 459
454 460
455 456
455 457
455 458
455 459
455 460
455 461
456 457
456 458
456 459
456 460
456 461
457 458
457 459
457 460
457 462
457 463
458 459
458 461
458 462
458 463
458 464
459 460
459 461
459 462
459 464
459 465
460 461
460 462
460 463
460 464
460 465
460 466
461 462
461 463
461 465
461 466
461 467
462 463
462 467
463 464
463 465
463 467
463 473
464 465
464 466
464 468
464 469
464 470
465 467
465 469
465 470
465 471
466 467
466 468
466 470
466 471
466 472
467 469
467 470
467 471
467 472
467 473
468 469
468 470
468 471
468 472
468 473
468 474
469 470
469 472
469 473
469 474
469 475
470 471
470 472
470 473
470 474
470 475
470 476
471 472
471 473
471 474
471 475
471 476
471 477
472 473
472 474
472 475
472 476
472 477
472 478
473 474
473 476
473 477
473 478
473 479
473 496
474 475
474 476
474 477
474 478
474 479
474 480
475 477
475 478
475 480
475 481
476 477
476 478
476 479
476 480
476 481
476 482
477 479
477 480
477 481
477 482
477 483
478 479
478 480
478 481
478 482
478 483
478 484
479 480
479 481
479 482
479 483
479 484
479 485
480 481
480 482
480 483
480 484
480 485
480 486
481 482
481 483
481 484
481 485
481 486
481 487
482 484
482 485
482 486
482 487
482 488
483 484
483 485
483 487
483 488
483 489
484 485
484 486
484 487
484 489
484 490
485 486
485 487
485 488
485 489
485 490
485 491
486 487
486 488
486 490
486 491
487 489
487 490
487 491
487 492
487 493
488 489
488 490
488 491
488 492
488 493
488 494
489 490
489 491
489 492
489 493
489 494
489 495
490 491
490 492
490 493
490 495
491 492
491 493
491 495
491 496
492 493
492 494
492 495
492 496
493 494
493 495
493 496
494 495
494 496
495 496
