0 1
0 438
0 2
0 3
0 436
0 4
0 435
0 5
0 434
0 433
0 294
0 122
1 2
1 4
1 5
1 6
1 435
1 434
1 142
1 195
1 103
2 3
2 4
2 438
2 6
2 437
2 7
2 436
2 8
2 435
2 365
2 323
3 4
3 5
3 6
3 7
3 438
3 8
3 437
3 9
3 365
3 150
4 5
4 6
4 7
4 8
4 9
4 438
4 10
4 437
5 8
5 9
5 10
5 11
5 438
5 311
5 43
6 7
6 8
6 9
6 10
6 11
6 12
6 69
7 9
7 10
7 11
7 12
7 13
7 230
8 9
8 10
8 11
8 12
8 13
8 14
8 397
9 10
9 11
9 12
9 13
9 15
9 74
9 191
10 12
10 13
10 14
10 15
10 16
10 214
11 12
11 14
11 16
11 17
11 110
11 240
11 221
11 333
12 13
12 14
12 16
12 17
12 18
12 26
12 38
13 14
13 16
13 17
13 18
13 19
13 28
14 17
14 18
14 19
14 20
14 346
14 272
15 16
15 17
15 18
15 19
15 20
15 21
15 30
16 17
16 18
16 19
16 20
16 21
16 22
16 67
17 18
17 19
17 20
17 21
17 22
17 23
17 276
18 19
18 20
18 22
18 24
18 38
18 89
19 21
19 24
19 25
19 71
19 64
19 432
19 422
20 21
20 22
20 23
20 24
20 25
20 26
20 356
21 22
21 23
21 25
21 26
21 27
21 152
21 229
22 23
22 24
22 25
22 27
22 28
22 72
23 24
23 26
23 27
23 29
23 144
23 310
24 25
24 26
24 27
24 28
24 29
24 30
25 26
25 27
25 28
25 30
25 31
25 200
25 233
25 293
26 27
26 28
26 29
26 30
26 31
26 32
26 421
27 28
27 29
27 30
27 31
27 32
27 33
28 29
28 30
28 31
28 32
28 33
28 219
28 235
28 431
29 30
29 31
29 32
29 33
29 34
29 35
29 155
29 403
30 31
30 32
30 33
30 34
30 36
30 117
30 421
31 32
31 33
31 34
31 35
31 36
31 37
32 33
32 34
32 35
32 36
32 37
32 38
32 44
33 34
33 35
33 36
33 39
33 344
33 271
34 36
34 39
34 40
34 403
34 52
34 183
34 401
34 167
35 36
35 37
35 38
35 39
35 41
35 297
36 37
36 38
36 39
36 40
36 41
36 42
37 38
37 40
37 42
37 43
37 401
37 410
38 39
38 40
38 41
38 42
38 43
38 124
38 297
39 40
39 41
39 43
39 44
39 45
39 212
39 72
40 42
40 44
40 45
40 46
40 234
40 292
41 42
41 43
41 44
41 46
41 47
41 153
41 102
42 43
42 44
42 45
42 46
42 47
42 48
43 44
43 45
43 46
43 47
43 48
43 49
43 273
43 126
43 65
44 46
44 47
44 48
44 49
44 200
44 343
44 100
45 46
45 47
45 48
45 49
45 50
45 51
46 47
46 48
46 49
46 51
46 338
46 131
46 87
46 400
47 49
47 50
47 51
47 53
47 369
47 123
47 201
47 65
48 49
48 50
48 51
48 53
48 54
48 137
48 95
49 50
49 51
49 53
49 54
49 55
49 318
50 51
50 52
50 53
50 54
50 55
50 377
50 257
51 52
51 53
51 54
51 55
51 57
51 167
51 400
52 53
52 55
52 56
52 57
52 58
52 177
53 54
53 55
53 56
53 57
53 58
53 59
54 55
54 57
54 58
54 59
54 60
54 163
55 56
55 57
55 58
55 59
55 60
55 61
56 57
56 60
56 61
56 62
56 287
56 85
56 80
57 58
57 59
57 60
57 61
57 62
57 63
58 59
58 60
58 61
58 62
58 63
58 64
58 378
59 60
59 61
59 63
59 64
59 65
59 353
59 374
60 61
60 62
60 63
60 64
60 65
60 66
60 393
61 63
61 64
61 65
61 66
61 67
61 327
61 285
62 63
62 64
62 66
62 67
62 68
62 337
63 64
63 66
63 67
63 68
63 69
63 426
64 65
64 68
64 70
64 151
64 284
64 267
64 331
65 66
65 67
65 68
65 69
65 70
65 295
65 410
65 428
66 67
66 69
66 70
66 71
66 72
66 154
67 68
67 69
67 70
67 72
67 73
67 266
68 71
68 72
68 73
68 74
68 314
68 399
69 71
69 72
69 73
69 75
69 344
69 374
69 436
70 71
70 72
70 73
70 74
70 75
70 76
71 72
71 73
71 74
71 75
71 76
71 77
71 181
71 381
72 73
72 74
72 76
72 77
72 78
72 421
72 94
73 77
73 78
73 256
73 326
73 366
73 369
73 392
73 186
74 75
74 76
74 78
74 79
74 80
74 427
75 76
75 77
75 78
75 79
75 81
75 168
75 218
75 345
76 78
76 79
76 80
76 81
76 82
76 358
76 92
77 78
77 79
77 80
77 81
77 82
77 83
78 79
78 80
78 81
78 82
78 83
78 84
78 276
78 386
79 81
79 82
79 83
79 84
79 85
79 298
79 233
80 81
80 82
80 83
80 86
80 172
81 82
81 83
81 84
81 85
81 86
81 87
82 83
82 84
82 85
82 86
82 88
82 266
83 84
83 85
83 86
83 87
83 88
83 89
83 438
84 86
84 87
84 88
84 89
84 90
84 245
85 86
85 88
85 89
85 90
85 91
85 211
86 87
86 88
86 89
86 90
86 91
86 92
87 89
87 90
87 92
87 93
87 200
87 232
87 221
88 89
88 90
88 91
88 92
88 93
88 94
89 90
89 92
89 93
89 94
89 95
89 424
90 91
90 92
90 94
90 95
90 307
90 282
90 337
91 92
91 94
91 95
91 96
91 97
91 201
91 418
91 124
92 94
92 95
92 96
92 97
92 98
92 360
92 422
93 94
93 95
93 96
93 97
93 98
93 99
94 95
94 96
94 97
94 99
94 100
94 277
95 96
95 97
95 98
95 99
95 158
95 152
96 98
96 99
96 100
96 101
96 102
96 145
96 313
97 98
97 100
97 101
97 102
97 103
97 430
98 99
98 100
98 101
98 102
98 103
98 104
98 214
99 101
99 102
99 103
99 104
99 105
99 318
99 273
100 101
100 102
100 103
100 104
100 105
101 103
101 104
101 105
101 106
101 107
101 413
101 382
102 103
102 104
102 105
102 106
102 107
102 108
103 104
103 105
103 106
103 108
103 404
103 285
104 105
104 106
104 107
104 108
104 109
104 110
105 106
105 107
105 108
105 109
105 110
105 111
105 416
106 107
106 108
106 109
106 110
106 112
106 132
107 108
107 109
107 110
107 111
107 112
107 370
107 334
107 333
108 109
108 110
108 111
108 112
108 113
108 114
108 421
109 110
109 111
109 112
109 114
109 334
109 341
109 142
110 111
110 112
110 113
110 114
110 341
110 132
110 272
110 314
111 112
111 113
111 114
111 115
111 121
111 179
111 199
111 269
112 113
112 114
112 115
112 116
112 117
112 118
112 282
113 114
113 115
113 117
113 118
113 119
113 332
114 115
114 116
114 117
114 118
114 119
114 120
114 273
114 414
115 116
115 117
115 118
115 119
115 121
115 195
116 117
116 118
116 121
116 122
116 304
116 237
116 345
117 119
117 120
117 121
117 122
117 123
118 119
118 120
118 121
118 122
118 123
118 124
118 173
119 120
119 121
119 122
119 123
119 125
119 384
119 134
120 121
120 122
120 123
120 124
120 125
120 126
120 382
121 122
121 123
121 126
121 127
121 379
121 240
122 123
122 124
122 125
122 126
122 127
123 125
123 126
123 127
123 128
123 129
123 305
124 125
124 127
124 128
124 129
124 288
125 126
125 127
125 128
125 129
125 130
125 131
126 127
126 128
126 129
126 131
126 132
126 270
127 128
127 129
127 130
127 131
127 133
127 391
127 365
128 130
128 131
128 132
128 133
128 134
128 145
129 130
129 131
129 132
129 133
129 134
129 135
129 385
130 131
130 132
130 133
130 134
130 135
130 136
130 218
130 282
130 365
130 347
131 132
131 133
131 134
131 135
131 136
131 137
132 133
132 134
132 135
132 137
132 138
133 134
133 135
133 136
133 137
133 138
133 139
133 178
134 135
134 137
134 138
134 391
134 290
134 273
135 136
135 137
135 138
135 139
135 140
135 141
136 137
136 138
136 139
136 140
136 141
136 142
137 138
137 139
137 140
137 141
137 142
137 143
138 139
138 140
138 141
138 142
138 143
138 144
139 140
139 141
139 142
139 143
139 144
139 145
140 141
140 142
140 143
140 144
140 145
140 146
140 166
141 142
141 143
141 144
141 145
141 146
141 147
142 143
142 144
142 145
142 146
142 147
143 144
143 145
143 146
143 147
143 149
143 348
144 145
144 146
144 147
144 148
144 149
144 150
144 171
144 248
145 146
145 147
145 148
145 149
145 150
145 151
146 147
146 148
146 149
146 150
146 151
146 152
147 149
147 150
147 151
147 152
147 153
147 274
147 300
147 310
148 149
148 150
148 151
148 152
148 154
148 223
149 150
149 151
149 152
149 153
149 154
149 155
149 162
150 151
150 153
150 154
150 155
150 171
150 349
151 152
151 154
151 155
151 156
151 157
151 303
151 267
152 153
152 154
152 155
152 156
152 158
152 184
153 154
153 157
153 158
153 159
153 193
153 327
153 218
153 432
153 223
154 155
154 156
154 157
154 158
154 159
154 160
154 429
154 350
155 156
155 157
155 159
155 160
155 161
155 254
156 157
156 158
156 159
156 160
156 161
156 162
157 159
157 160
157 162
157 163
157 207
157 337
158 163
158 164
158 295
158 360
158 196
159 160
159 161
159 162
159 163
159 164
159 165
160 161
160 162
160 163
160 164
160 165
160 166
160 192
160 350
161 162
161 164
161 165
161 166
161 213
161 188
161 346
162 164
162 165
162 166
162 438
162 294
162 400
163 164
163 166
163 167
163 168
163 169
163 339
163 269
163 361
164 165
164 166
164 167
164 168
164 169
164 170
164 290
165 166
165 167
165 168
165 169
165 171
165 361
166 168
166 169
166 170
166 172
166 253
167 168
167 170
167 171
167 172
167 405
168 171
168 172
168 173
168 174
168 337
168 294
169 170
169 171
169 172
169 173
169 174
169 175
169 316
170 171
170 173
170 174
170 175
170 176
170 201
170 178
170 224
170 235
171 172
171 173
171 174
171 175
171 177
172 173
172 175
172 176
172 177
172 178
172 354
173 174
173 177
173 178
173 359
173 214
174 175
174 176
174 178
174 179
174 180
174 185
174 289
175 176
175 177
175 180
175 181
175 377
175 278
175 212
176 177
176 178
176 179
176 180
176 181
176 182
177 178
177 180
177 181
177 182
177 183
177 244
178 179
178 181
178 182
178 184
179 180
179 181
179 182
179 184
179 368
180 181
180 183
180 184
180 185
180 186
180 263
181 183
181 184
181 185
181 186
181 187
181 264
181 323
182 183
182 185
182 186
182 187
182 188
182 365
183 184
183 186
183 187
183 188
183 189
183 242
183 216
184 185
184 186
184 187
184 188
184 189
184 190
185 186
185 188
185 189
185 190
185 191
185 429
186 187
186 188
186 189
186 190
186 191
186 192
187 188
187 189
187 190
187 191
187 192
187 193
187 284
188 189
188 191
188 192
188 193
188 194
188 195
188 275
188 410
189 190
189 191
189 193
189 194
189 195
189 416
190 191
190 192
190 193
190 194
190 195
190 196
191 192
191 193
191 194
191 195
191 196
191 197
192 194
192 195
192 196
192 198
192 203
193 194
193 196
193 197
193 198
193 199
194 195
194 196
194 197
194 198
194 199
194 200
195 197
195 198
195 201
195 314
195 323
196 197
196 198
196 199
196 200
196 201
196 202
196 437
197 198
197 199
197 200
197 201
197 202
197 203
197 271
198 199
198 200
198 201
198 202
198 203
198 204
198 395
199 200
199 201
199 203
199 204
199 205
199 380
200 203
200 204
200 205
200 206
200 218
201 202
201 204
201 205
201 206
201 207
202 203
202 204
202 205
202 206
202 207
202 208
202 278
202 321
203 204
203 206
203 207
203 208
203 209
203 222
204 206
204 207
204 208
204 209
204 210
204 367
204 229
205 207
205 208
205 209
205 210
205 211
205 406
206 207
206 208
206 209
206 210
206 211
206 212
207 208
207 209
207 210
207 211
207 212
207 213
207 312
208 209
208 210
208 211
208 212
208 213
208 214
209 210
209 211
209 212
209 213
209 214
209 215
209 292
210 211
210 213
210 214
210 215
210 216
210 286
211 212
211 213
211 214
211 215
211 216
211 217
211 424
212 213
212 214
212 215
212 217
212 218
213 214
213 215
213 216
213 217
213 218
213 219
214 215
214 216
214 218
214 219
214 220
215 216
215 217
215 218
215 219
215 220
215 221
216 217
216 219
216 221
216 222
216 367
217 219
217 220
217 221
217 222
217 223
217 298
218 220
218 223
218 224
219 220
219 221
219 222
219 224
219 225
220 221
220 222
220 223
220 224
220 225
220 226
220 332
221 222
221 223
221 224
221 225
221 226
221 228
222 223
222 224
222 225
222 226
222 227
222 228
223 224
223 225
223 226
223 227
223 229
224 225
224 226
224 228
224 229
224 334
224 430
225 226
225 227
225 228
225 229
225 230
225 231
226 227
226 228
226 229
226 230
226 231
226 232
227 228
227 229
227 230
227 231
227 232
227 233
228 229
228 230
228 231
228 232
228 233
229 230
229 231
229 234
229 412
230 231
230 232
230 233
230 234
230 235
230 236
231 232
231 233
231 234
231 235
231 237
231 294
232 233
232 235
232 236
232 237
232 238
233 234
233 235
233 236
233 410
234 235
234 237
234 238
234 239
234 240
234 403
234 310
235 236
235 237
235 238
235 239
235 240
235 295
236 237
236 238
236 239
236 240
236 241
236 242
236 304
236 405
237 239
237 240
237 241
237 242
237 243
237 437
237 394
237 309
238 239
238 240
238 241
238 242
238 243
238 244
239 240
239 241
239 242
239 243
239 244
239 245
240 241
240 243
240 245
240 246
241 242
241 243
241 244
241 245
241 246
241 247
241 419
242 243
242 244
242 246
242 247
242 248
242 371
243 245
243 246
243 247
243 248
243 249
243 336
244 245
244 246
244 247
244 248
244 249
245 246
245 248
245 249
245 250
245 251
245 291
246 247
246 248
246 249
246 250
246 251
246 252
247 248
247 249
247 250
247 251
247 252
247 253
248 249
248 250
248 251
248 252
248 253
249 251
249 252
249 254
249 255
249 288
249 387
249 359
250 252
250 253
250 254
250 255
250 256
250 257
251 252
251 253
251 254
251 255
251 256
251 257
252 253
252 254
252 255
252 256
252 257
252 258
253 256
253 257
253 258
253 259
253 359
253 424
254 255
254 256
254 257
254 259
254 260
254 377
254 419
255 256
255 257
255 258
255 259
255 260
255 261
256 257
256 258
256 259
256 260
256 261
256 262
256 389
257 258
257 259
257 260
257 261
257 262
257 263
257 414
257 319
258 259
258 260
258 261
258 262
258 263
258 264
258 358
259 260
259 261
259 262
259 263
259 264
259 265
259 267
260 261
260 262
260 263
260 264
260 265
260 266
261 262
261 263
261 264
261 265
261 266
261 267
262 263
262 264
262 265
262 266
262 267
262 268
263 264
263 266
263 267
263 268
263 269
263 414
263 280
263 270
264 266
264 267
264 268
264 269
264 437
264 381
265 266
265 267
265 268
265 269
265 270
265 271
266 268
266 269
266 270
266 271
266 272
266 402
267 269
267 270
267 271
267 273
268 269
268 270
268 271
268 272
268 273
268 274
269 270
269 271
269 272
269 273
269 274
269 275
270 271
270 274
270 275
270 421
271 272
271 273
271 274
271 276
271 277
271 342
272 274
272 275
272 276
272 277
272 278
272 425
273 276
273 277
273 279
274 275
274 276
274 277
274 278
274 279
274 280
275 276
275 277
275 278
275 280
275 281
275 375
275 334
276 277
276 278
276 280
276 281
277 278
277 280
277 281
277 282
277 283
278 279
278 280
278 281
278 282
278 284
279 280
279 281
279 282
279 283
279 285
279 342
280 281
280 282
280 283
280 284
280 286
280 313
280 353
281 282
281 283
281 285
281 286
281 287
281 412
282 283
282 284
282 287
282 288
283 285
283 286
283 287
283 288
283 289
283 405
284 285
284 286
284 288
284 289
284 290
285 286
285 287
285 288
285 290
286 288
286 289
286 290
286 291
286 292
286 416
287 288
287 289
287 290
287 291
287 292
287 293
288 289
288 290
288 291
288 292
288 294
289 290
289 291
289 292
289 294
289 295
290 292
290 294
290 295
290 296
291 292
291 293
291 294
291 295
291 296
291 297
291 309
292 293
292 294
292 295
292 296
292 298
292 319
293 294
293 295
293 296
293 297
293 299
294 297
294 298
294 299
294 300
295 297
295 298
295 300
295 301
296 297
296 298
296 299
296 300
296 301
296 302
297 298
297 301
297 302
297 303
297 402
297 436
298 299
298 300
298 301
298 302
298 303
298 304
298 426
299 300
299 301
299 302
299 303
299 304
299 305
300 302
300 303
300 304
300 305
300 314
301 302
301 303
301 304
301 305
301 306
301 307
302 303
302 304
302 306
302 307
302 308
302 326
303 304
303 308
303 309
303 332
303 340
304 305
304 307
304 308
304 310
305 306
305 307
305 309
305 310
305 311
306 307
306 308
306 309
306 310
306 311
306 312
307 308
307 310
307 311
307 312
307 313
308 309
308 310
308 311
308 312
308 313
308 314
309 311
309 312
309 314
309 315
310 311
310 313
310 314
310 370
311 312
311 313
311 314
311 315
311 316
311 317
312 313
312 315
312 316
312 317
312 318
313 315
313 316
313 318
313 319
314 315
314 316
314 318
314 319
314 320
314 324
315 316
315 317
315 318
315 319
315 320
315 321
316 318
316 320
316 321
316 322
316 399
317 318
317 319
317 320
317 321
317 322
317 323
318 319
318 320
318 321
318 322
318 323
318 324
318 344
319 321
319 322
319 323
319 324
319 401
319 420
320 321
320 322
320 323
320 324
320 325
320 326
321 322
321 323
321 324
321 325
321 327
322 323
322 324
322 325
322 326
322 327
322 328
323 324
323 326
323 327
323 328
323 329
324 325
324 326
324 327
324 328
324 329
324 330
325 326
325 328
325 329
325 330
325 331
325 437
325 423
326 328
326 329
326 330
326 332
326 351
327 328
327 329
327 330
327 331
327 332
327 333
328 329
328 331
328 332
328 333
328 432
328 436
329 330
329 331
329 332
329 333
329 334
329 335
330 331
330 332
330 333
330 334
330 335
330 336
331 332
331 333
331 334
331 335
331 337
332 333
332 335
332 336
332 337
332 338
333 334
333 335
333 336
333 338
334 335
334 336
334 337
334 338
334 340
335 336
335 337
335 338
335 339
335 340
335 341
336 337
336 338
336 339
336 340
336 341
336 342
337 338
337 339
337 340
337 341
337 342
337 343
337 388
338 340
338 341
338 342
338 343
338 344
338 389
339 341
339 342
339 343
339 344
339 345
339 391
340 341
340 342
340 343
340 344
340 345
340 346
340 357
341 342
341 343
341 345
341 346
341 347
342 343
342 344
342 345
342 346
342 348
343 344
343 345
343 346
343 347
343 348
343 349
344 345
344 346
344 347
344 349
344 350
345 346
345 347
345 348
345 349
345 350
345 351
345 407
346 347
346 348
346 349
346 350
346 351
347 348
347 349
347 350
347 351
347 352
348 350
348 351
348 352
348 353
348 354
348 358
349 350
349 351
349 352
349 353
349 355
350 351
350 352
350 354
350 355
350 406
351 352
351 353
351 354
351 355
351 356
351 357
352 353
352 354
352 355
352 356
352 357
352 358
353 354
353 356
353 358
353 359
354 355
354 356
354 357
354 358
354 359
354 360
355 356
355 357
355 358
355 359
355 360
355 361
356 357
356 358
356 359
356 360
356 362
357 358
357 359
357 360
357 362
357 363
358 359
358 361
358 362
358 364
358 393
358 360
359 360
359 361
359 362
359 363
359 364
359 365
359 385
360 362
360 363
360 365
360 366
360 397
361 362
361 363
361 364
361 366
361 367
362 363
362 364
362 365
362 366
362 367
362 368
363 364
363 365
363 366
363 367
363 368
363 369
364 365
364 366
364 367
364 368
364 369
364 370
365 366
365 368
366 367
366 368
366 369
366 370
366 371
366 372
367 368
367 369
367 370
367 371
367 372
367 373
368 369
368 370
368 371
368 372
368 373
368 374
369 370
369 371
369 372
369 373
369 374
369 375
370 372
370 373
370 374
370 375
370 376
371 372
371 373
371 374
371 376
371 377
372 373
372 374
372 375
372 376
372 377
372 378
373 374
373 375
373 377
373 378
373 385
373 418
374 375
374 376
374 377
374 378
374 379
375 376
375 377
375 378
375 379
375 380
375 381
376 377
376 378
376 379
376 380
376 382
376 392
377 378
377 379
377 382
377 383
378 379
378 380
378 381
378 383
378 384
379 380
379 381
379 382
379 383
379 384
379 385
379 388
380 381
380 382
380 383
380 384
380 385
380 386
381 382
381 384
381 385
381 386
381 387
382 384
382 385
382 386
382 387
383 384
383 385
383 386
383 387
383 388
383 389
384 385
384 386
384 387
384 388
384 389
384 390
385 386
385 387
385 389
385 390
386 387
386 388
386 389
386 390
386 392
387 389
387 390
387 391
387 392
387 393
388 389
388 390
388 393
388 394
389 391
389 393
389 394
389 395
390 391
390 392
390 393
390 394
390 395
390 396
391 392
391 394
391 395
391 396
391 397
392 393
392 394
392 395
392 398
392 437
393 394
393 395
393 398
393 399
394 395
394 396
394 398
394 399
394 400
395 397
395 398
395 399
395 400
395 401
396 397
396 398
396 399
396 400
396 401
396 402
397 398
397 400
397 401
397 403
397 422
398 399
398 400
398 401
398 402
398 403
398 404
399 400
399 401
399 402
399 403
399 404
399 405
400 401
400 402
400 403
400 404
400 405
400 406
401 403
401 404
401 405
401 406
401 407
402 404
402 405
402 406
402 407
402 408
403 404
403 405
403 406
403 407
403 409
404 405
404 406
404 407
404 408
404 409
404 410
405 406
405 407
405 408
405 409
405 411
406 407
406 408
406 409
406 410
406 412
407 408
407 409
407 410
407 411
407 412
408 409
408 410
408 411
408 412
408 413
408 414
409 410
409 411
409 412
409 413
409 414
409 415
410 411
410 412
410 415
410 416
411 412
411 413
411 414
411 415
411 416
411 417
412 413
412 414
412 415
412 416
412 417
412 418
413 414
413 415
413 416
413 417
413 418
413 419
414 415
414 417
414 418
414 419
415 416
415 417
415 418
415 419
415 420
415 421
416 417
416 418
416 419
416 420
416 422
417 418
417 419
417 420
417 421
417 422
417 423
418 419
418 420
418 421
418 422
418 424
419 420
419 421
419 423
419 424
420 421
420 422
420 423
420 424
420 426
421 425
421 427
422 423
422 424
422 425
422 426
422 427
423 424
423 425
423 426
423 428
423 429
424 425
424 426
424 427
424 428
424 429
425 426
425 427
425 428
425 429
425 430
425 431
426 427
426 429
426 430
426 431
426 432
427 428
427 429
427 430
427 432
427 433
428 429
428 430
428 431
428 432
428 434
429 430
429 431
429 432
429 433
429 435
430 431
430 432
430 433
430 434
430 435
431 432
431 433
431 434
431 435
431 436
432 433
432 434
432 435
432 437
432 438
433 434
433 435
433 436
433 437
433 438
434 435
434 436
434 437
434 438
435 436
435 437
435 438
436 437
436 438
437 438
