0 1
0 512
0 2
0 511
0 3
0 510
0 4
0 509
0 5
0 508
1 2
1 3
1 4
1 511
1 5
1 510
1 6
1 509
2 3
2 4
2 5
2 512
2 6
2 7
2 510
2 326
3 4
3 5
3 6
3 7
3 512
3 8
3 511
3 230
4 5
4 6
4 9
4 512
4 25
4 270
5 6
5 7
5 8
5 9
5 33
6 7
6 8
6 9
6 10
6 11
7 8
7 9
7 10
7 11
7 12
8 9
8 10
8 11
8 12
8 13
8 94
9 10
9 11
9 12
9 13
9 14
9 384
10 11
10 12
10 13
10 14
10 15
11 12
11 13
11 14
11 15
11 16
11 306
12 13
12 14
12 15
12 16
12 17
13 14
13 15
13 16
13 17
13 18
14 15
14 16
14 17
14 18
14 19
15 16
15 17
15 18
15 19
15 20
15 138
16 17
16 19
16 20
16 21
16 510
16 52
17 18
17 19
17 20
17 21
17 176
17 29
18 20
18 21
18 22
18 23
18 148
18 115
19 20
19 21
19 22
19 23
19 464
19 70
19 377
20 21
20 22
20 23
20 24
20 25
20 313
21 22
21 23
21 24
21 25
21 26
21 180
22 23
22 25
22 26
22 488
22 202
22 49
22 405
23 24
23 25
23 26
23 27
23 28
24 25
24 26
24 27
24 29
24 343
25 26
25 27
25 28
25 30
25 442
26 27
26 28
26 29
26 30
26 31
26 453
26 499
27 28
27 29
27 31
27 320
27 267
28 29
28 32
28 33
28 260
28 510
28 440
29 30
29 31
29 32
29 33
29 34
29 450
30 31
30 32
30 33
30 34
30 35
30 67
31 32
31 33
31 34
31 35
31 36
32 33
32 34
32 35
32 36
32 270
32 219
33 34
33 35
33 37
33 38
33 180
33 442
34 35
34 36
34 37
34 38
34 39
35 37
35 38
35 39
35 40
35 422
36 37
36 38
36 39
36 40
36 41
37 38
37 39
37 40
37 42
37 250
37 291
37 185
37 247
38 39
38 40
38 41
38 42
38 43
39 40
39 41
39 42
39 44
39 280
40 41
40 42
40 44
40 45
40 472
40 298
41 42
41 43
41 44
41 45
41 46
42 43
42 44
42 45
42 46
42 47
43 44
43 45
43 46
43 48
43 342
44 45
44 46
44 47
44 48
44 49
44 250
45 46
45 47
45 49
45 50
45 416
45 458
46 47
46 48
46 51
46 84
46 407
47 48
47 49
47 50
47 51
47 52
48 49
48 50
48 52
48 53
48 255
48 220
49 50
49 52
49 54
49 240
49 284
50 51
50 52
50 53
50 54
50 55
50 432
51 52
51 54
51 55
51 56
51 102
52 53
52 54
52 55
52 57
53 54
53 56
53 58
53 180
53 433
54 55
54 56
54 57
54 58
54 59
55 56
55 58
55 59
55 60
55 314
56 57
56 58
56 59
56 60
56 61
57 58
57 59
57 60
57 61
57 62
57 240
58 59
58 60
58 61
58 62
58 63
59 60
59 62
59 63
59 64
59 285
59 97
60 61
60 62
60 63
60 64
60 65
61 62
61 63
61 64
61 65
61 66
62 63
62 64
62 65
62 66
62 67
63 64
63 65
63 66
63 67
63 68
63 389
64 65
64 66
64 67
64 281
64 303
64 437
65 66
65 67
65 68
65 69
65 70
66 67
66 69
66 70
66 71
66 124
67 68
67 69
67 71
67 72
68 69
68 70
68 71
68 72
68 233
69 70
69 71
69 73
69 74
69 205
69 504
69 328
70 71
70 72
70 73
70 74
70 75
71 72
71 73
71 74
71 75
71 76
72 73
72 74
72 75
72 76
72 77
72 222
73 74
73 75
73 76
73 77
73 328
74 75
74 76
74 78
74 79
74 242
74 453
74 310
75 76
75 77
75 78
75 79
75 80
76 77
76 78
76 80
76 81
76 129
76 175
77 78
77 79
77 80
77 81
77 82
77 152
78 79
78 80
78 83
78 114
78 217
78 324
78 96
79 80
79 82
79 83
79 84
79 246
80 81
80 82
80 83
80 84
80 85
81 82
81 83
81 85
81 86
81 387
82 83
82 84
82 85
82 86
82 87
82 177
83 84
83 85
83 86
83 87
83 88
84 85
84 86
84 87
84 88
84 219
84 322
85 86
85 87
85 88
85 90
85 223
86 87
86 88
86 89
86 90
86 454
87 89
87 90
87 91
87 92
87 265
87 327
87 472
88 89
88 90
88 91
88 93
88 98
89 90
89 91
89 94
89 177
89 389
90 91
90 92
90 93
90 94
90 125
91 93
91 94
91 95
91 96
91 213
92 93
92 94
92 95
92 96
92 97
92 231
93 94
93 96
93 97
93 98
93 381
94 95
94 96
94 98
94 258
95 96
95 97
95 98
95 99
95 100
96 97
96 98
96 100
96 101
96 410
97 99
97 100
97 101
97 199
98 99
98 100
98 101
98 102
98 178
99 100
99 101
99 102
99 103
99 104
99 113
100 101
100 102
100 103
100 104
100 105
101 102
101 104
101 105
101 106
101 444
101 471
102 103
102 104
102 105
102 106
102 107
102 464
103 104
103 107
103 108
103 145
103 297
104 105
104 107
104 108
104 292
104 136
105 106
105 107
105 108
105 109
105 110
106 107
106 108
106 109
106 110
106 111
106 325
107 108
107 109
107 110
107 111
107 112
107 330
107 435
107 417
108 109
108 110
108 111
108 112
108 261
108 225
109 111
109 112
109 345
109 408
109 223
110 111
110 113
110 114
110 115
110 428
111 112
111 114
111 115
111 116
111 217
112 113
112 114
112 115
112 116
112 117
113 114
113 117
113 118
113 306
114 116
114 117
114 118
114 119
115 117
115 118
115 119
115 120
116 117
116 118
116 119
116 120
116 121
116 281
117 118
117 119
117 121
117 122
117 470
118 120
118 121
118 122
118 123
118 318
118 147
119 120
119 121
119 122
119 123
119 124
120 121
120 122
120 123
120 124
120 125
121 122
121 124
121 125
121 126
121 448
122 123
122 124
122 125
122 126
122 127
123 124
123 125
123 126
123 128
123 310
124 125
124 126
124 127
124 128
124 129
124 235
125 126
125 127
125 129
125 130
125 498
126 127
126 128
126 129
126 131
126 395
126 357
127 128
127 129
127 130
127 131
127 132
128 129
128 130
128 131
128 132
128 133
128 290
129 130
129 131
129 132
129 133
129 134
129 242
129 151
130 132
130 133
130 134
130 135
130 260
130 360
130 413
131 132
131 134
131 135
131 136
131 270
132 133
132 134
132 135
132 136
132 137
132 474
133 134
133 135
133 136
133 137
133 138
133 457
133 502
134 135
134 136
134 138
134 139
134 360
135 136
135 137
135 138
135 139
135 140
135 433
135 204
136 137
136 138
136 139
136 140
136 395
136 283
137 138
137 139
137 140
137 141
137 142
137 452
137 169
138 139
138 140
138 141
138 142
138 171
139 140
139 141
139 142
139 143
139 144
139 216
140 141
140 142
140 143
140 144
140 145
141 142
141 143
141 145
141 146
141 196
142 143
142 144
142 145
142 146
142 147
142 429
143 144
143 145
143 146
143 147
143 256
144 145
144 146
144 147
144 148
144 149
144 422
144 440
145 147
145 148
145 149
145 150
145 371
145 496
146 147
146 148
146 149
146 151
146 420
147 148
147 150
147 152
147 507
147 303
148 149
148 150
148 151
148 152
148 153
148 163
148 217
149 150
149 151
149 152
149 153
149 154
149 172
150 151
150 152
150 153
150 154
150 155
151 152
151 153
151 154
151 155
151 393
152 153
152 154
152 156
152 157
153 154
153 155
153 156
153 157
153 158
154 155
154 156
154 157
154 158
154 159
154 195
155 157
155 159
155 160
155 446
155 227
155 328
156 157
156 158
156 159
156 160
156 161
156 467
157 158
157 159
157 160
157 161
157 198
158 159
158 160
158 161
158 162
158 163
159 160
159 161
159 162
159 163
159 164
160 161
160 162
160 163
160 164
160 165
161 162
161 163
161 164
161 165
161 166
162 164
162 165
162 167
162 343
162 413
163 165
163 166
163 167
163 168
163 234
163 335
164 165
164 166
164 167
164 168
164 169
165 166
165 167
165 168
165 169
165 170
166 167
166 168
166 169
166 170
166 171
166 414
167 168
167 170
167 171
167 172
167 252
168 169
168 170
168 172
168 173
168 310
169 170
169 171
169 172
169 173
170 171
170 172
170 174
170 175
170 204
171 172
171 173
171 174
171 175
171 196
171 369
172 173
172 175
172 176
172 177
172 316
173 174
173 176
173 177
173 178
173 431
173 457
174 175
174 176
174 177
174 178
174 179
175 176
175 177
175 180
175 222
176 177
176 178
176 179
176 181
176 503
177 178
177 181
177 182
177 309
178 179
178 180
178 181
178 183
178 240
179 180
179 181
179 182
179 183
179 184
179 442
180 181
180 183
180 184
180 185
181 182
181 183
181 184
181 185
181 186
181 478
181 497
182 184
182 185
182 186
182 187
182 236
183 184
183 185
183 186
183 187
183 423
184 185
184 186
184 187
184 188
184 189
185 186
185 187
185 188
185 189
185 190
186 187
186 188
186 189
186 190
186 191
187 188
187 189
187 190
187 191
187 192
188 189
188 191
188 192
188 193
188 379
189 190
189 191
189 192
189 193
189 194
190 191
190 192
190 193
190 194
190 195
191 192
191 193
191 194
191 195
191 196
192 193
192 194
192 195
192 196
192 197
192 260
193 194
193 195
193 196
193 197
193 198
194 195
194 196
194 197
194 198
194 199
195 196
195 197
195 199
195 200
196 197
196 198
196 199
196 201
197 198
197 199
197 200
197 202
197 283
198 199
198 200
198 201
198 202
198 203
199 200
199 201
199 202
199 203
199 204
199 240
200 203
200 204
200 205
200 367
200 242
201 202
201 204
201 205
201 206
201 239
202 203
202 205
202 206
202 207
203 204
203 205
203 206
203 207
203 208
204 205
204 206
204 208
204 209
204 396
205 206
205 208
205 209
205 210
206 207
206 208
206 209
206 210
206 211
207 208
207 209
207 210
207 211
207 212
208 209
208 210
208 212
208 213
208 489
209 210
209 211
209 213
209 214
209 278
210 211
210 212
210 213
210 214
210 215
211 213
211 214
211 215
211 216
211 242
212 213
212 214
212 216
212 217
212 491
213 214
213 215
213 216
213 217
213 218
214 215
214 216
214 217
214 218
214 219
215 217
215 218
215 219
215 220
215 312
215 408
216 217
216 218
216 219
216 221
217 220
217 222
217 362
218 221
218 222
218 223
218 278
218 466
219 220
219 221
219 223
219 387
219 279
220 221
220 222
220 223
220 224
220 225
221 222
221 223
221 224
221 225
221 226
222 223
222 224
222 226
222 227
222 499
223 224
223 225
223 226
223 227
223 228
224 225
224 227
224 228
224 229
224 313
225 226
225 377
225 454
225 458
226 227
226 228
226 229
226 230
226 231
226 301
226 334
227 228
227 229
227 230
227 231
227 232
227 286
228 229
228 230
228 231
228 232
228 233
229 230
229 231
229 232
229 233
229 234
230 233
230 234
230 235
230 269
231 233
231 234
231 235
231 361
231 250
232 233
232 234
232 235
232 236
232 237
232 302
233 234
233 235
233 236
233 237
233 238
234 235
234 238
234 239
234 455
235 236
235 238
235 239
235 240
235 409
236 237
236 238
236 239
236 240
236 241
236 478
237 238
237 239
237 240
237 241
237 242
237 349
237 297
237 504
238 239
238 241
238 243
238 288
238 472
238 400
239 241
239 242
239 243
239 415
239 325
240 244
240 245
240 336
241 242
241 243
241 244
241 245
241 246
242 243
242 245
242 510
243 244
243 245
243 247
243 248
243 285
244 245
244 246
244 247
244 248
244 249
245 246
245 247
245 248
245 249
245 250
246 247
246 248
246 249
246 251
246 368
246 381
247 248
247 250
247 252
247 270
248 249
248 250
248 251
248 253
248 406
249 250
249 251
249 253
249 254
249 498
250 253
250 255
251 252
251 253
251 254
251 255
251 476
251 318
252 253
252 254
252 256
252 257
252 500
252 344
252 475
253 255
253 256
253 257
253 258
253 273
254 256
254 257
254 258
254 259
254 341
255 257
255 258
255 259
255 260
256 257
256 258
256 259
256 260
256 261
257 258
257 259
257 260
257 261
257 262
257 495
258 259
258 260
258 261
258 262
258 263
259 260
259 261
259 262
259 263
259 264
259 504
260 262
260 264
260 265
261 262
261 263
261 264
261 265
261 266
261 268
262 264
262 265
262 266
262 267
262 423
263 264
263 265
263 266
263 267
263 268
264 265
264 266
264 267
264 268
264 269
265 266
265 267
265 269
265 270
265 475
265 390
266 267
266 268
266 269
266 270
266 271
267 268
267 269
267 270
267 271
267 272
268 269
268 270
268 271
268 466
269 270
269 271
269 272
269 273
269 274
269 354
270 272
270 274
270 431
270 340
271 272
271 273
271 274
271 275
271 276
271 468
272 273
272 274
272 276
272 489
272 456
272 290
273 274
273 275
273 276
273 277
273 279
274 275
274 276
274 277
274 279
274 331
274 289
275 276
275 278
275 280
275 391
275 467
276 277
276 278
276 279
276 280
276 281
276 350
277 278
277 279
277 280
277 281
277 282
278 279
278 280
278 281
278 282
278 283
278 371
279 280
279 281
279 282
279 283
279 284
279 494
279 422
280 281
280 282
280 283
280 284
280 285
281 283
281 284
281 285
281 286
282 283
282 284
282 285
282 286
282 287
283 284
283 285
283 286
283 287
283 288
284 285
284 287
284 289
284 455
285 286
285 287
285 288
285 289
285 290
286 287
286 288
286 289
286 290
287 288
287 289
287 291
287 404
287 439
288 290
288 291
288 292
288 366
289 290
289 291
289 292
289 293
289 294
290 292
290 293
290 294
290 295
291 292
291 294
291 295
291 296
292 293
292 294
292 295
292 296
292 297
292 378
293 294
293 295
293 296
293 297
293 298
294 295
294 296
294 297
294 298
294 299
295 296
295 297
295 298
295 299
295 300
295 441
296 297
296 298
296 299
296 300
296 301
297 298
297 299
297 300
297 301
297 307
298 299
298 300
298 301
298 302
298 303
299 300
299 301
299 302
299 303
299 304
300 301
300 302
300 303
300 304
300 313
301 302
301 303
301 305
301 306
301 481
301 318
302 303
302 304
302 306
302 307
302 362
303 304
303 305
303 308
303 402
304 305
304 306
304 307
304 308
304 309
305 306
305 307
305 308
305 309
305 310
306 308
306 309
306 310
306 311
307 308
307 310
307 312
307 361
308 309
308 310
308 311
308 312
308 313
308 491
308 443
309 310
309 311
309 312
309 313
309 314
310 311
310 312
310 314
310 315
310 336
310 389
311 312
311 313
311 314
311 316
311 363
312 314
312 315
312 316
312 425
312 462
313 314
313 315
313 316
313 317
314 315
314 316
314 317
314 318
314 319
315 316
315 317
315 318
315 319
315 320
315 474
316 317
316 318
316 321
316 445
317 318
317 320
317 321
317 358
317 478
317 493
318 319
318 320
318 321
318 322
319 320
319 321
319 322
319 323
319 324
320 321
320 322
320 323
320 324
320 325
321 322
321 323
321 324
321 325
321 326
322 323
322 324
322 325
322 326
322 327
323 324
323 325
323 326
323 327
323 328
324 325
324 326
324 327
324 328
324 329
325 326
325 328
325 329
325 330
326 327
326 328
326 329
326 331
327 328
327 329
327 330
327 332
328 329
328 330
328 332
329 330
329 331
329 332
329 333
329 417
330 331
330 333
330 334
330 335
331 333
331 334
331 335
331 336
331 488
332 333
332 334
332 335
332 336
332 403
333 334
333 335
333 336
333 337
333 338
334 335
334 336
334 337
334 339
335 336
335 337
335 339
335 340
335 492
336 337
336 340
336 341
336 440
337 338
337 340
337 341
337 342
337 461
337 356
338 339
338 340
338 341
338 342
338 343
339 340
339 341
339 342
339 343
339 344
339 511
340 341
340 342
340 343
340 344
340 345
341 342
341 343
341 344
341 346
341 452
342 343
342 344
342 345
342 346
342 486
342 401
343 344
343 345
343 346
343 347
343 348
344 345
344 346
344 348
344 349
345 346
345 347
345 348
345 349
345 350
345 504
346 347
346 348
346 349
346 350
346 351
347 349
347 350
347 351
347 512
347 461
348 349
348 350
348 351
348 352
348 353
348 379
349 350
349 352
349 353
349 354
350 353
350 354
350 355
350 370
351 352
351 354
351 355
351 356
351 488
352 353
352 354
352 355
352 356
352 357
353 354
353 355
353 356
353 357
353 358
354 355
354 356
354 358
354 359
355 356
355 357
355 358
355 359
355 360
356 357
356 358
356 359
356 360
356 361
357 358
357 359
357 360
357 361
357 362
358 360
358 361
358 362
358 363
359 360
359 361
359 362
359 363
359 364
360 362
360 365
360 423
360 490
361 362
361 363
361 364
361 365
361 366
362 363
362 365
362 367
362 441
362 493
363 364
363 365
363 366
363 368
363 510
364 365
364 366
364 367
364 369
364 449
365 366
365 367
365 368
365 369
365 370
366 367
366 368
366 370
366 371
366 402
367 368
367 369
367 370
367 371
367 372
368 369
368 370
368 371
368 372
368 373
369 370
369 371
369 372
369 373
370 371
370 372
370 373
370 374
370 460
371 372
371 374
371 474
371 378
372 373
372 374
372 375
372 376
372 377
373 374
373 375
373 376
373 377
373 378
374 375
374 376
374 377
374 470
374 442
375 376
375 377
375 378
375 379
375 380
376 377
376 378
376 379
376 380
376 381
377 378
377 379
377 380
377 381
378 380
378 381
378 383
378 414
379 380
379 381
379 382
379 383
379 398
379 458
380 381
380 382
380 383
380 384
380 385
380 448
381 382
381 383
381 384
381 386
381 393
382 383
382 384
382 385
382 386
382 387
383 384
383 385
383 386
383 387
383 388
384 386
384 387
384 388
384 389
384 446
385 386
385 387
385 388
385 389
385 390
385 456
386 387
386 388
386 389
386 390
386 391
387 389
387 390
387 391
387 392
388 389
388 390
388 391
388 392
388 393
389 390
389 391
389 393
390 391
390 392
390 393
390 395
390 496
391 392
391 393
391 394
391 395
391 396
392 393
392 394
392 395
392 396
392 397
392 410
393 395
393 396
393 397
394 395
394 396
394 397
394 398
394 399
395 397
395 399
395 400
396 397
396 398
396 399
396 401
396 446
397 398
397 399
397 400
397 401
397 402
398 399
398 400
398 402
398 510
399 400
399 401
399 402
399 403
399 404
400 402
400 403
400 404
400 405
400 454
400 455
401 402
401 403
401 404
401 405
401 406
402 403
402 404
402 405
402 406
403 404
403 405
403 406
403 407
403 408
404 405
404 406
404 407
404 408
404 409
404 440
405 406
405 407
405 408
405 409
405 410
406 407
406 408
406 409
406 410
406 411
407 408
407 409
407 410
407 411
407 412
408 409
408 410
408 412
408 413
409 410
409 411
409 413
409 414
410 411
410 412
410 413
410 415
411 412
411 413
411 414
411 415
411 416
412 413
412 414
412 415
412 416
412 417
413 414
413 415
413 416
413 417
414 415
414 417
414 418
414 419
415 416
415 417
415 418
415 419
415 420
416 417
416 419
416 420
416 421
416 512
417 418
417 419
417 420
417 421
418 419
418 420
418 421
418 422
418 423
419 420
419 421
419 422
419 423
419 424
420 421
420 422
420 424
420 425
420 450
421 423
421 424
421 425
421 426
421 443
422 423
422 424
422 426
423 424
423 425
423 426
423 427
423 428
424 425
424 426
424 427
424 428
424 429
425 426
425 427
425 428
425 429
425 430
426 427
426 428
426 429
426 430
426 431
427 429
427 430
427 431
427 432
427 498
428 429
428 430
428 431
428 432
428 433
429 432
429 433
429 434
429 472
429 505
430 431
430 432
430 433
430 434
430 435
431 432
431 433
431 434
431 435
431 436
432 433
432 434
432 435
432 436
433 434
433 436
433 437
433 438
434 435
434 436
434 437
434 438
434 439
435 436
435 437
435 439
435 440
436 437
436 438
436 439
436 440
436 441
437 438
437 439
437 440
437 441
437 442
438 439
438 440
438 441
438 442
438 443
439 440
439 441
439 442
439 443
439 444
440 442
440 443
440 445
441 443
441 444
441 445
442 443
442 444
442 445
443 444
443 445
443 446
443 448
444 446
444 447
444 448
444 449
445 446
445 447
445 448
445 449
445 450
446 447
446 448
446 450
447 448
447 449
447 450
447 451
447 452
448 450
448 451
448 452
448 453
449 450
449 451
449 452
449 453
449 454
450 452
450 453
450 454
450 455
451 452
451 453
451 454
451 455
451 456
452 453
452 455
452 456
452 457
453 454
453 455
453 456
453 458
454 455
454 456
454 457
454 458
454 459
455 457
455 458
455 459
455 460
456 458
456 459
456 460
456 461
456 468
457 459
457 460
457 462
458 459
458 460
458 462
458 463
459 460
459 461
459 462
459 463
459 464
460 461
460 462
460 463
460 464
460 465
461 463
461 464
461 465
461 466
462 463
462 464
462 465
462 466
462 467
463 464
463 465
463 466
463 467
463 491
464 465
464 468
464 469
465 466
465 467
465 468
465 469
465 470
466 467
466 468
466 469
466 470
466 471
467 469
467 470
467 471
467 472
468 470
468 471
468 473
469 470
469 471
469 472
469 473
469 474
470 471
470 472
470 473
470 474
470 475
471 472
471 473
471 474
471 475
471 476
472 473
472 475
472 477
473 474
473 475
473 476
473 477
473 478
474 475
474 478
474 479
475 476
475 477
475 478
475 479
476 477
476 478
476 479
476 481
477 478
477 479
477 480
477 481
477 482
478 480
478 481
478 483
479 480
479 481
479 482
479 483
479 484
480 481
480 482
480 483
480 484
480 485
481 482
481 483
481 484
481 486
482 483
482 484
482 485
482 486
482 487
483 484
483 485
483 486
483 487
483 488
484 485
484 486
484 487
484 488
484 489
484 498
485 486
485 487
485 488
485 489
485 490
486 487
486 488
486 490
486 496
487 488
487 489
487 490
487 491
487 492
488 489
488 490
488 491
488 492
489 491
489 492
489 493
489 494
490 491
490 492
490 493
490 494
490 495
491 492
491 493
491 495
491 496
492 494
492 495
492 496
492 497
493 494
493 495
493 496
493 497
493 498
494 495
494 496
494 498
494 499
495 496
495 497
495 499
495 500
496 498
496 500
496 501
497 498
497 499
497 501
497 502
498 499
498 500
498 501
498 502
499 500
499 501
499 504
500 501
500 502
500 503
500 504
500 505
501 502
501 503
501 504
501 505
501 506
502 503
502 504
502 505
502 507
503 504
503 506
503 507
503 508
504 505
504 507
505 506
505 507
505 509
505 510
506 507
506 508
506 509
506 510
506 511
507 508
507 509
507 510
507 511
507 512
508 509
508 510
508 511
508 512
509 510
509 511
509 512
510 511
510 512
511 512
