0	0.63283090
1	0.63174788
2	0.63292330
3	0.48304663
4	0.59640207
5	0.62914103
6	0.63240513
7	0.58894574
8	0.33298131
9	0.63302027
10	0.63287038
11	0.63293373
12	0.63239513
13	0.63269793
14	0.63132784
15	0.63268954
16	0.63292553
17	0.63274873
18	0.63244804
19	0.61809483
20	0.62879835
21	0.61418230
22	0.62980829
23	0.62281224
24	0.63084455
25	0.63133310
26	0.63157058
27	0.54195653
28	0.58980286
29	0.63234752
30	0.60757377
31	0.60488088
32	0.62525179
33	0.60020589
34	0.62738147
35	0.63020668
36	0.62105058
37	0.62944107
38	0.61929474
39	0.58065986
40	0.62309997
41	0.61484676
42	0.59917331
43	0.61095120
44	0.61682623
45	0.59987858
46	0.60375367
47	0.62971807
48	0.61131639
49	0.60885762
50	0.57969766
51	0.59089595
52	0.56187542
53	0.51370941
54	0.56154613
55	0.54261497
56	0.61460833
57	0.59799230
58	0.60663363
59	0.56770326
60	0.60228526
61	0.56741885
62	0.55372577
63	0.62031125
64	0.60092448
65	0.61512567
66	0.62788085
67	0.52814926
68	0.60214926
69	0.59900777
70	0.53030602
71	0.53686640
72	0.60801547
73	0.60232902
74	0.61049819
75	0.57256002
76	0.55913679
77	0.55191267
78	0.58287532
79	0.56825502
80	0.52386167
81	0.56506657
82	0.54031912
83	0.52299776
84	0.59357621
85	0.60557430
86	0.55278763
87	0.59650846
88	0.50383146
89	0.57890155
90	0.49218592
91	0.58949674
92	0.52248542
93	0.50884873
94	0.57253669
95	0.56944390
96	0.53743491
97	0.52291589
98	0.52090694
99	0.56602165
100	0.56315482
101	0.52533195
102	0.57608348
103	0.50925012
104	0.60511566
105	0.49665426
106	0.56057618
107	0.54468124
108	0.57636660
109	0.47853712
110	0.55547963
111	0.47827558
112	0.57534821
113	0.48319895
114	0.55288421
115	0.58443449
116	0.45855528
117	0.44997377
118	0.57574350
119	0.48190530
120	0.54427558
121	0.58151579
122	0.48616374
123	0.54973300
124	0.50251339
125	0.58056834
126	0.51071951
127	0.44474696
128	0.50619585
129	0.60297042
130	0.47576466
131	0.50797526
132	0.48044719
133	0.52924024
134	0.54988736
135	0.51165722
136	0.55648279
137	0.48658115
138	0.51548621
139	0.49586232
140	0.50108118
141	0.48883600
142	0.54947262
143	0.53326157
144	0.54476104
145	0.56706877
146	0.53532195
147	0.47973590
148	0.55459121
149	0.38259924
150	0.51258226
151	0.55586779
152	0.46223425
153	0.46245314
154	0.39954508
155	0.52533771
156	0.54867354
157	0.48984038
158	0.48154245
159	0.44712840
160	0.43762211
161	0.49561296
162	0.55831224
163	0.48394923
164	0.48681507
165	0.50697479
166	0.50616828
167	0.45789536
168	0.47322363
169	0.51538085
170	0.51062481
171	0.52806476
172	0.51691662
173	0.49238845
174	0.55597881
175	0.49799773
176	0.50879141
177	0.39959013
178	0.46743228
179	0.52218282
180	0.49576051
181	0.44892244
182	0.48747391
183	0.44300474
184	0.48733264
185	0.42165239
186	0.51271774
187	0.48773843
188	0.49347456
189	0.46965887
190	0.48031300
191	0.48334768
192	0.44706354
193	0.41771208
194	0.51265821
195	0.43546946
196	0.48814107
197	0.43498332
198	0.54633606
199	0.59337578
200	0.46884005
201	0.43166996
202	0.43761579
203	0.40996147
204	0.40093212
205	0.49796930
206	0.48853616
207	0.54973373
208	0.47691754
209	0.53964679
210	0.52372721
211	0.43108388
212	0.54961964
213	0.48580862
214	0.43884511
215	0.42790997
216	0.46369526
217	0.48544808
218	0.47146315
219	0.48638506
220	0.41632326
221	0.46641586
222	0.49111405
223	0.46751132
224	0.47075054
225	0.54018555
226	0.48043156
227	0.52322649
228	0.44673192
229	0.47335821
230	0.53976104
231	0.45186496
232	0.45932192
233	0.46426900
234	0.47405202
235	0.51430362
236	0.45074689
237	0.47183708
238	0.46898671
239	0.46164574
240	0.42408532
241	0.41514432
242	0.43967381
243	0.44564386
244	0.45528496
245	0.53843027
246	0.42398509
247	0.46837976
248	0.42938072
249	0.49092139
250	0.49973527
251	0.39743488
252	0.47616213
253	0.50192353
254	0.47088575
255	0.43523014
256	0.38310234
257	0.42902096
258	0.43647749
259	0.49304416
260	0.36897048
261	0.45901326
262	0.46104761
263	0.45293676
264	0.50087730
265	0.47713254
266	0.45076104
267	0.44502807
268	0.46365755
269	0.42579816
270	0.44635992
271	0.40554386
272	0.41705545
273	0.48213860
274	0.39686598
275	0.47016374
276	0.39706601
277	0.42516588
278	0.39799036
279	0.48258128
280	0.45528717
281	0.46561695
282	0.45126798
283	0.45283202
284	0.41630010
285	0.49150612
286	0.37482850
287	0.44865693
288	0.44518026
289	0.47665485
290	0.47922481
291	0.51714956
292	0.46807081
293	0.37263429
294	0.44480263
295	0.45399510
296	0.39905706
297	0.43127940
298	0.44677298
299	0.43461441
300	0.41965140
301	0.45679569
302	0.42342346
303	0.42758924
304	0.48088226
305	0.44581188
306	0.39521560
307	0.36511622
308	0.35265538
309	0.37771339
310	0.43280026
311	0.44957012
312	0.47785607
313	0.45008036
314	0.44832142
315	0.46480619
316	0.38114044
317	0.38573304
318	0.38661507
319	0.36499901
320	0.38863629
321	0.46514627
322	0.45982695
323	0.47169003
324	0.40962491
325	0.46752708
326	0.38754669
327	0.41662521
328	0.46438921
329	0.35481767
330	0.41998950
331	0.39470523
332	0.40398842
333	0.40605360
334	0.42231448
335	0.40980467
336	0.38712494
337	0.48569980
338	0.38753883
339	0.45162057
340	0.48367279
341	0.47245916
342	0.41734548
343	0.37957321
344	0.35150625
345	0.45976213
346	0.43690586
347	0.37822646
348	0.43480770
349	0.46389724
350	0.38217910
351	0.39780714
352	0.41374663
353	0.45465545
354	0.40091175
355	0.40637154
356	0.47947651
357	0.42139957
358	0.40124265
359	0.36225739
360	0.38638648
361	0.33903771
362	0.36581418
363	0.41230609
364	0.40756094
365	0.41964501
366	0.43962965
367	0.42549556
368	0.40684278
369	0.40295992
370	0.42184423
371	0.38017934
372	0.41264228
373	0.41338585
374	0.49374465
375	0.38214975
376	0.40128934
377	0.39811448
378	0.40318638
379	0.34440652
380	0.46336890
381	0.43898845
382	0.38994406
383	0.42197417
384	0.33690201
385	0.38405913
386	0.36842063
387	0.38401283
388	0.37122679
389	0.37468743
390	0.39472596
391	0.41735397
392	0.38984357
393	0.35612688
394	0.45009013
395	0.43472422
396	0.38867200
397	0.43654311
398	0.40416111
399	0.38560352
400	0.39432116
401	0.34649967
402	0.37271481
403	0.36738207
404	0.38480299
405	0.40703330
406	0.39067239
407	0.47668486
408	0.36382761
409	0.39250099
410	0.40788888
411	0.36846624
412	0.42002922
413	0.38290928
414	0.37803741
415	0.40574926
416	0.37999381
417	0.36940388
418	0.36256420
419	0.38143764
420	0.39689033
421	0.44164995
422	0.41476160
423	0.40204617
424	0.41818871
425	0.39660158
426	0.37781820
427	0.41741198
428	0.39059967
429	0.40176673
430	0.39520642
431	0.42784110
432	0.41000049
433	0.36623350
434	0.46496400
435	0.35824988
436	0.38389526
437	0.43809398
438	0.39088546
439	0.38968996
440	0.40239908
441	0.36764788
442	0.36602902
443	0.38847101
444	0.35048394
445	0.41273244
446	0.39315614
447	0.39517891
448	0.40966390
449	0.39795443
450	0.42406041
451	0.40566795
452	0.34525703
453	0.40356700
454	0.36598312
455	0.41421013
456	0.35935877
457	0.32373978
458	0.35695380
459	0.39369418
460	0.43413277
461	0.40730938
462	0.42729065
463	0.34145752
464	0.36386245
465	0.33283106
466	0.37248460
467	0.39252093
468	0.40552313
469	0.36831866
470	0.35839092
471	0.36854669
472	0.38572119
473	0.41113073
474	0.38967993
475	0.45527042
476	0.38163113
477	0.34708782
478	0.34071066
479	0.43600089
480	0.36875574
481	0.41923416
482	0.39815495
483	0.35314307
484	0.35489625
485	0.38977976
486	0.41315499
487	0.38175709
488	0.39616775
489	0.34166706
490	0.43446482
491	0.34352945
492	0.40916851
493	0.36239793
494	0.36623327
495	0.40247420
496	0.38040678
497	0.35113458
498	0.36965459
499	0.31758588
500	0.34148881
501	0.41450240
502	0.39991247
503	0.37721033
504	0.43595449
505	0.44754304
506	0.32536354
507	0.36948022
508	0.33429497
509	0.43367256
510	0.34081224
511	0.38361046
512	0.32704449
513	0.36357414
514	0.41241073
515	0.38434946
516	0.43285291
517	0.33783544
518	0.33690072
519	0.38281244
520	0.43931310
521	0.41780461
522	0.42113728
523	0.34105433
524	0.30576617
525	0.36093231
526	0.36904630
527	0.37046255
528	0.33911728
529	0.36239529
530	0.40812527
531	0.40697973
532	0.39875749
533	0.40578430
534	0.35498338
535	0.37527976
536	0.31543649
537	0.39825410
538	0.36231096
539	0.41253185
540	0.40207009
541	0.38756173
542	0.37714218
543	0.37854475
544	0.40715617
545	0.39609237
546	0.41721885
547	0.33119200
548	0.37276894
549	0.37593409
550	0.41538157
551	0.41254067
552	0.41183261
553	0.36629990
554	0.41256160
555	0.37707430
556	0.36493185
557	0.41560135
558	0.36243662
559	0.38958138
560	0.37871099
561	0.36910063
562	0.33351843
563	0.36879543
564	0.39879625
565	0.34796723
566	0.39401912
567	0.34750836
568	0.37561086
569	0.31871978
570	0.38955235
571	0.33522409
572	0.35282757
573	0.35436222
574	0.36204077
575	0.34953962
576	0.32468555
577	0.36637736
578	0.34003916
579	0.32861326
580	0.32853801
581	0.37297397
582	0.37736792
583	0.37016700
584	0.33379253
585	0.35336262
586	0.38021945
587	0.37862090
588	0.37465824
589	0.36290016
590	0.32569105
591	0.34076904
592	0.38487233
593	0.33858611
594	0.39689572
595	0.36618967
596	0.39262850
597	0.34842145
598	0.37010694
599	0.37712738
600	0.33557055
601	0.40944321
602	0.35464297
603	0.34867693
604	0.32342145
605	0.33504587
606	0.36161570
607	0.40775354
608	0.32625377
609	0.36891013
610	0.36014804
611	0.36194969
612	0.36067052
613	0.32827950
614	0.31423383
615	0.34382642
616	0.39570336
617	0.33307529
618	0.36902830
619	0.32846670
620	0.36077828
621	0.35880691
622	0.34543695
623	0.31373241
624	0.35401777
625	0.34918595
626	0.32988151
627	0.34093037
628	0.35159891
629	0.38209013
630	0.37424291
631	0.34602540
632	0.35563764
633	0.33732099
634	0.31651352
635	0.37202132
636	0.35449467
637	0.33470731
638	0.32592478
639	0.39081343
640	0.37372794
641	0.32568661
642	0.30890076
643	0.36943182
644	0.30174771
645	0.32709184
646	0.36436788
647	0.33184344
648	0.35271171
649	0.41219052
650	0.33236792
651	0.36284334
652	0.38344982
653	0.29030010
654	0.35138170
655	0.37355870
656	0.31941293
657	0.33789602
658	0.36471408
659	0.31864607
660	0.30952343
661	0.34905232
662	0.33035910
663	0.37696407
664	0.30863959
665	0.31527147
666	0.33382455
667	0.37081017
668	0.34417943
669	0.32739826
670	0.30941379
671	0.35179424
672	0.33269391
673	0.36479819
674	0.33705837
675	0.35953314
676	0.35686548
677	0.35179819
678	0.33617878
679	0.35194123
680	0.32708365
681	0.31461563
682	0.37638315
683	0.33923672
684	0.35538374
685	0.34322386
686	0.35156700
687	0.31966321
688	0.36987243
689	0.33228128
690	0.35620833
691	0.31861589
692	0.35345295
693	0.36155341
694	0.34626384
695	0.37960280
696	0.33570063
697	0.33021974
698	0.32299177
699	0.31513350
700	0.34072264
701	0.32610951
702	0.33361622
703	0.32987591
704	0.34969112
705	0.35245321
706	0.29036966
707	0.33505117
708	0.34602669
709	0.27975548
710	0.33282471
711	0.33146018
712	0.33395360
713	0.34045999
714	0.27488065
715	0.32020421
716	0.32778299
717	0.32623442
718	0.35420000
719	0.31245775
720	0.35936686
721	0.33000339
722	0.34264732
723	0.36311241
724	0.33287404
725	0.31258236
726	0.32052823
727	0.35327450
728	0.32555594
729	0.30826423
730	0.34667891
731	0.33103521
732	0.34857937
733	0.31945594
734	0.37374702
735	0.30142172
736	0.34362126
737	0.33341504
738	0.34869743
739	0.36616825
740	0.31134436
741	0.32138407
742	0.33058045
743	0.33130592
744	0.31873258
745	0.34292086
746	0.30059418
747	0.30952498
748	0.31840329
749	0.32190839
750	0.27877591
751	0.29768654
752	0.33730408
753	0.37604673
754	0.30048842
755	0.31017657
756	0.37595038
757	0.35153853
758	0.29503501
759	0.32952642
760	0.35461115
761	0.34036953
762	0.31167868
763	0.33175561
764	0.32950418
765	0.29562106
766	0.33937200
767	0.36848667
768	0.31993646
769	0.31788154
770	0.34221043
771	0.32090309
772	0.31483314
773	0.33192613
774	0.31774995
775	0.32389875
776	0.34641000
777	0.31766792
778	0.34446808
779	0.30770915
780	0.31305755
781	0.33126739
782	0.32078269
783	0.33291510
784	0.29835581
785	0.32027647
786	0.35055821
787	0.38304903
788	0.32265446
789	0.32589681
790	0.36003929
791	0.34887187
792	0.35934906
793	0.31374074
794	0.30492142
795	0.32143054
796	0.33996482
797	0.30631362
798	0.32461632
799	0.28448852
800	0.32686035
801	0.33023968
802	0.33109648
803	0.31143893
804	0.29155232
805	0.33066466
806	0.29300395
807	0.31568256
808	0.30027976
809	0.34152909
810	0.34237200
811	0.32669023
812	0.32317331
813	0.33335015
814	0.31672145
815	0.27418868
816	0.32765525
817	0.31562261
818	0.33724682
819	0.33685811
820	0.33590898
821	0.31060043
822	0.32035051
823	0.38011171
824	0.33719181
825	0.32081122
826	0.31817601
827	0.32155910
828	0.32083116
829	0.33889092
830	0.34344107
831	0.35236542
832	0.32217795
833	0.30857759
834	0.32261619
835	0.32679013
836	0.30871701
837	0.29393715
838	0.33440392
839	0.33247585
840	0.32745772
841	0.33644886
842	0.31703383
843	0.34733959
844	0.29493583
845	0.35818417
846	0.32816640
847	0.34493787
848	0.33855087
849	0.32238368
850	0.36514186
851	0.33522185
852	0.33532402
853	0.33614590
854	0.31970856
855	0.31580013
856	0.30909135
857	0.33825874
858	0.31625341
859	0.32245831
860	0.35703939
861	0.32837236
862	0.33377315
863	0.33295071
864	0.28736219
865	0.31280128
866	0.31430846
867	0.31977887
868	0.35939457
869	0.32501652
870	0.30987456
871	0.30797618
872	0.30499348
873	0.33163142
874	0.29972804
875	0.33135400
876	0.34026765
877	0.31800474
878	0.31885995
879	0.26661514
880	0.32651517
881	0.31281155
882	0.30973179
883	0.29203008
884	0.31275716
885	0.31868098
886	0.31150332
887	0.31647578
888	0.31587940
889	0.34943965
890	0.32716167
891	0.33947321
892	0.28134054
893	0.32349276
894	0.32912731
895	0.30691056
896	0.33515449
897	0.30697243
898	0.28158101
899	0.30611422
900	0.37619427
901	0.32725229
902	0.32561053
903	0.34197407
904	0.31475884
905	0.32235410
906	0.34803182
907	0.32833639
908	0.24695805
909	0.32637032
910	0.27901336
911	0.29950480
912	0.31967499
913	0.33957943
914	0.31224574
915	0.34706436
916	0.33495821
917	0.28201530
918	0.25901231
919	0.31306900
920	0.27759118
921	0.31292909
922	0.33293386
923	0.29352241
924	0.27646532
925	0.31678029
926	0.31739612
927	0.31196002
928	0.29846074
929	0.31722218
930	0.31305933
931	0.31805433
932	0.29806703
933	0.27392807
934	0.29318829
935	0.29058332
936	0.29382122
937	0.31954403
938	0.31316459
939	0.32922619
940	0.30749049
941	0.27818634
942	0.31888203
943	0.32974834
944	0.26688832
945	0.28354705
946	0.26789783
947	0.31420125
948	0.28482836
949	0.31521106
950	0.29739957
951	0.33130803
952	0.32879233
953	0.30088164
954	0.30793863
955	0.26604791
956	0.28767555
957	0.29325795
958	0.29865949
959	0.32713695
960	0.32019941
961	0.28254317
962	0.28090135
963	0.29662267
964	0.31039148
965	0.30594663
966	0.30929641
967	0.28850122
968	0.31363129
969	0.27786183
970	0.33157588
971	0.30515614
972	0.31259121
973	0.30150507
974	0.31349404
975	0.28684492
976	0.32406407
977	0.30856950
978	0.30860882
979	0.31941879
980	0.31190049
981	0.28168470
982	0.31938602
983	0.29836473
984	0.32871218
985	0.31017598
986	0.31844406
987	0.26858174
988	0.28915587
989	0.31519924
990	0.28738342
991	0.28993179
992	0.32183258
993	0.26511859
994	0.27426709
995	0.31785443
996	0.29725706
997	0.31664495
998	0.32594784
999	0.31634255
1000	0.29252833
1001	0.33316496
1002	0.28474883
1003	0.32358085
1004	0.29904156
1005	0.28763455
1006	0.31081932
1007	0.25925749
1008	0.32271570
1009	0.29095992
1010	0.30728240
1011	0.29912553
1012	0.33784087
