0	0.63143234
1	0.62886305
2	0.61566741
3	0.63125610
4	0.48659006
5	0.62941715
6	0.62356386
7	0.63104357
8	0.57065399
9	0.63106696
10	0.63120451
11	0.63101312
12	0.63125347
13	0.62688197
14	0.62821984
15	0.62949460
16	0.62944290
17	0.63039989
18	0.62929715
19	0.61859435
20	0.62124246
21	0.62626009
22	0.62778950
23	0.62733141
24	0.62064375
25	0.59835795
26	0.60771264
27	0.62621811
28	0.62416212
29	0.59519967
30	0.62115292
31	0.61315196
32	0.61370044
33	0.62415946
34	0.62589483
35	0.62621160
36	0.61500466
37	0.57255381
38	0.59567794
39	0.61671918
40	0.57076434
41	0.59578004
42	0.58031231
43	0.60578814
44	0.61168411
45	0.57094974
46	0.58429106
47	0.61926216
48	0.60466844
49	0.61276641
50	0.59046142
51	0.56564305
52	0.57989860
53	0.57776918
54	0.56356341
55	0.56975972
56	0.56899010
57	0.58826715
58	0.60311718
59	0.60257465
60	0.58981316
61	0.62331944
62	0.55590484
63	0.58776094
64	0.54482021
65	0.56216323
66	0.58485266
67	0.59419704
68	0.50934593
69	0.56011208
70	0.60550843
71	0.54301696
72	0.43661840
73	0.60882369
74	0.54387561
75	0.57670865
76	0.55528574
77	0.57918684
78	0.46517502
79	0.56405414
80	0.57453529
81	0.43835861
82	0.52516892
83	0.62102143
84	0.57431297
85	0.54643004
86	0.49395758
87	0.58432568
88	0.56969697
89	0.57550303
90	0.48265244
91	0.55301083
92	0.50773647
93	0.52313817
94	0.45688052
95	0.52091870
96	0.51350303
97	0.57321744
98	0.49997332
99	0.48564738
100	0.58242997
101	0.56363219
102	0.53999239
103	0.47410122
104	0.45891837
105	0.57952095
106	0.44955628
107	0.57621800
108	0.57283581
109	0.52979305
110	0.54144900
111	0.57407546
112	0.54826855
113	0.56151393
114	0.37325399
115	0.55938415
116	0.54538326
117	0.46977391
118	0.52957384
119	0.43998075
120	0.50419298
121	0.43445495
122	0.51175018
123	0.51260107
124	0.56357905
125	0.50873241
126	0.47998211
127	0.54725750
128	0.48522967
129	0.48762177
130	0.45299856
131	0.56425081
132	0.56319191
133	0.46254745
134	0.49959113
135	0.47330602
136	0.47560270
137	0.56112169
138	0.53847088
139	0.52218917
140	0.45927369
141	0.56126079
142	0.41277069
143	0.52688089
144	0.42406201
145	0.56103241
146	0.50040909
147	0.49606360
148	0.43834242
149	0.48078385
150	0.49788171
151	0.48336249
152	0.44806349
153	0.50907025
154	0.51750248
155	0.48541829
156	0.40800876
157	0.45003016
158	0.42672336
159	0.48323917
160	0.56498396
161	0.48067509
162	0.44483418
163	0.49661622
164	0.53245835
165	0.44714176
166	0.53758633
167	0.44125248
168	0.48007284
169	0.42682764
170	0.48284350
171	0.48760972
172	0.52370081
173	0.54599076
174	0.47922180
175	0.49596511
176	0.42451933
177	0.47761035
178	0.43610924
179	0.46804446
180	0.38928315
181	0.40766977
182	0.50256009
183	0.46197583
184	0.46677916
185	0.43754693
186	0.49843352
187	0.40772487
188	0.49606578
189	0.50217731
190	0.44593640
191	0.47623585
192	0.54241305
193	0.43876844
194	0.43330181
195	0.52918455
196	0.39130126
197	0.49319745
198	0.53431515
199	0.42989161
200	0.43469180
201	0.51816837
202	0.45477191
203	0.44766981
204	0.46435085
205	0.52650292
206	0.49090880
207	0.47478522
208	0.44240233
209	0.46097591
210	0.43232517
211	0.49146050
212	0.47521364
213	0.41563012
214	0.44423411
215	0.40828245
216	0.47221604
217	0.48445931
218	0.47132742
219	0.55489383
220	0.48051426
221	0.41554701
222	0.46851892
223	0.44949852
224	0.38026290
225	0.54006988
226	0.45352676
227	0.39221412
228	0.47203041
229	0.38203285
230	0.42589845
231	0.42338747
232	0.36602021
233	0.45456478
234	0.52226807
235	0.47595643
236	0.42967886
237	0.46302439
238	0.52256644
239	0.48390407
240	0.41710839
241	0.48563093
242	0.36440414
243	0.38709642
244	0.52897195
245	0.42347897
246	0.47191670
247	0.48031996
248	0.44012757
249	0.43030155
250	0.52720979
251	0.36821349
252	0.51415576
253	0.38011877
254	0.41163027
255	0.40040717
256	0.46249605
257	0.38728544
258	0.41674675
259	0.44253097
260	0.47295122
261	0.48612864
262	0.42414930
263	0.46056737
264	0.36213987
265	0.45782949
266	0.36757794
267	0.50457916
268	0.50661763
269	0.46105835
270	0.38497997
271	0.40108404
272	0.40122339
273	0.43053954
274	0.43411086
275	0.49748126
276	0.43137761
277	0.44481822
278	0.39656571
279	0.35199701
280	0.37331463
281	0.50103441
282	0.42419693
283	0.45331146
284	0.38466707
285	0.42637125
286	0.37687480
287	0.42679734
288	0.36740913
289	0.41121234
290	0.42035536
291	0.33390499
292	0.47423174
293	0.45271681
294	0.45081693
295	0.40900273
296	0.36740126
297	0.37554316
298	0.38475074
299	0.44209490
300	0.45958038
301	0.47758104
302	0.42634409
303	0.40205857
304	0.38447118
305	0.42113052
306	0.46384978
307	0.49272594
308	0.41381792
309	0.33583880
310	0.47069401
311	0.36370122
312	0.36370395
313	0.44781445
314	0.43614664
315	0.45864276
316	0.32555643
317	0.42488012
318	0.39890299
319	0.37435724
320	0.36268359
321	0.42901242
322	0.40730499
323	0.43878725
324	0.44308407
325	0.46202627
326	0.42760673
327	0.37888788
328	0.35252646
329	0.36267361
330	0.38616301
331	0.43103278
332	0.35507775
333	0.43229660
334	0.40807095
335	0.40011323
336	0.39577114
337	0.38365543
338	0.37374590
339	0.41916500
340	0.40497934
341	0.39989956
342	0.36270610
343	0.41229187
344	0.43860370
345	0.45481282
346	0.42050174
347	0.37286397
348	0.40301962
349	0.39587535
350	0.43629970
351	0.39699682
352	0.38323348
353	0.37089970
354	0.37998891
355	0.44900022
356	0.46188851
357	0.43708263
358	0.45412579
359	0.35043485
360	0.38870569
361	0.42897125
362	0.38621567
363	0.43402380
364	0.39977302
365	0.45234671
366	0.40271811
367	0.38186541
368	0.41884605
369	0.43198252
370	0.36002720
371	0.39745739
372	0.43017077
373	0.37267554
374	0.36195739
375	0.40430835
376	0.41601999
377	0.40858740
378	0.36455654
379	0.32686482
380	0.40279593
381	0.37768692
382	0.41075244
383	0.37366885
384	0.39408503
385	0.41193943
386	0.38159106
387	0.42135096
388	0.33527975
389	0.45196471
390	0.39570540
391	0.36303078
392	0.40944350
393	0.38268067
394	0.39700240
395	0.33039180
396	0.35390835
397	0.42238762
398	0.37102095
399	0.43671297
400	0.38362827
401	0.34507886
402	0.34570946
403	0.43415266
404	0.39205192
405	0.37252602
406	0.35994612
407	0.42651700
408	0.33255695
409	0.42738285
410	0.35219771
411	0.35266083
412	0.44975281
413	0.38782827
414	0.38134357
415	0.41335336
416	0.39937439
417	0.41362964
418	0.38723030
419	0.40831933
420	0.33980333
421	0.39774010
422	0.35918115
423	0.37978145
424	0.39693008
425	0.36267007
426	0.34153651
427	0.39970894
428	0.41431866
429	0.34659132
430	0.36101478
431	0.38080632
432	0.37354242
433	0.35006116
434	0.35742694
435	0.32147812
436	0.35195710
437	0.37570565
438	0.40827927
439	0.35525902
440	0.34377502
441	0.41775399
442	0.37711197
443	0.36248082
444	0.36205965
445	0.36476120
446	0.41558186
447	0.38325466
448	0.38112846
449	0.36572129
450	0.33116456
451	0.35038234
452	0.38450259
453	0.38227203
454	0.37009124
455	0.34622753
456	0.39349398
457	0.38093149
458	0.36360625
459	0.35405532
460	0.32315887
461	0.38601855
462	0.34528204
463	0.42287938
464	0.37002369
465	0.36597391
466	0.33741308
467	0.36671001
468	0.33890776
469	0.37253773
470	0.36655676
471	0.43292036
472	0.38717742
473	0.40904582
474	0.40398352
475	0.34912679
476	0.36585636
477	0.38044017
478	0.36919069
479	0.36392997
480	0.38703581
481	0.38347975
482	0.36734242
483	0.39296164
484	0.39908544
485	0.35949143
486	0.37483282
487	0.37132982
488	0.34711068
489	0.31599150
490	0.38531260
491	0.36513577
492	0.33313093
493	0.32962317
494	0.32059982
495	0.34998160
496	0.32267021
497	0.32041992
498	0.34961918
499	0.30447694
500	0.33752764
501	0.35709664
502	0.35216334
503	0.33764656
504	0.39320166
505	0.44296999
506	0.35122040
507	0.35247299
508	0.38702339
509	0.35944749
510	0.33979302
511	0.38907121
512	0.29655809
513	0.37338976
514	0.30635576
515	0.33807387
516	0.32911312
517	0.40032413
518	0.39249072
519	0.36107132
520	0.32474815
521	0.39675506
522	0.33543629
523	0.34785118
524	0.38219738
525	0.35285576
526	0.33859904
527	0.37279982
528	0.33106534
529	0.36064324
530	0.32540488
531	0.35967228
532	0.29770639
533	0.36191504
534	0.33600636
535	0.35300861
536	0.32218470
537	0.38744120
538	0.34025588
539	0.39609682
540	0.38821009
541	0.33062938
542	0.31787945
543	0.42007014
544	0.31299527
545	0.33581212
546	0.34610303
547	0.36800237
548	0.33379205
549	0.32705902
550	0.33116201
551	0.38059808
552	0.34174091
553	0.33483718
554	0.30330669
555	0.35062406
556	0.36695942
557	0.34476770
558	0.33791789
559	0.33079593
560	0.38910861
561	0.35327587
562	0.33930540
563	0.38097768
564	0.33907509
565	0.32576582
566	0.36827794
567	0.34305976
568	0.40191386
569	0.38121057
570	0.33458167
571	0.35324760
572	0.32856341
573	0.34764867
574	0.31994368
575	0.32562816
576	0.33516936
577	0.39105126
578	0.38776962
579	0.36429361
580	0.37245188
581	0.37177960
582	0.31697801
583	0.33271704
584	0.32338119
585	0.36513234
586	0.34312967
587	0.33539531
588	0.37849664
589	0.32943056
590	0.32371785
591	0.34780661
592	0.38186722
593	0.33291593
594	0.34813145
595	0.36033525
596	0.32299982
597	0.33236323
598	0.31752864
599	0.38696585
600	0.35408599
601	0.32557687
602	0.32586722
603	0.30359483
604	0.33325351
605	0.37993444
606	0.31856142
607	0.32788836
608	0.31244331
609	0.35727199
610	0.35223958
611	0.36742842
612	0.31372775
613	0.31746146
614	0.35234379
615	0.33586038
616	0.33053149
617	0.35444568
618	0.30481301
619	0.32439830
620	0.35852790
621	0.36924290
622	0.34131641
623	0.32992295
624	0.38913112
625	0.31432288
626	0.36156408
627	0.35166489
628	0.37171356
629	0.32249638
630	0.35357191
631	0.33125857
632	0.39906438
633	0.30249712
634	0.32368522
635	0.32781375
636	0.39470196
637	0.30796083
638	0.33077609
639	0.32212502
640	0.31257908
641	0.41222990
642	0.32459749
643	0.29900174
644	0.37266737
645	0.33339919
646	0.34292801
647	0.31907945
648	0.31199265
649	0.35925229
650	0.31503215
651	0.33520033
652	0.34576086
653	0.38696386
654	0.31217066
655	0.32086534
656	0.29750850
657	0.30673189
658	0.37687180
659	0.34616918
660	0.36150802
661	0.36694002
662	0.32720861
663	0.34297014
664	0.33730536
665	0.33912347
666	0.34622727
667	0.33043004
668	0.34706718
669	0.31859612
670	0.33768455
671	0.34878921
672	0.32185200
673	0.34920972
674	0.40187565
675	0.31839316
676	0.31615698
677	0.33962513
678	0.31529841
679	0.35151718
680	0.33596013
681	0.33629283
682	0.36105251
683	0.33997783
684	0.28602812
685	0.31344342
686	0.31579523
687	0.29498222
688	0.32388703
689	0.30055111
690	0.34040166
691	0.32342454
692	0.29783843
693	0.30319915
694	0.31148282
695	0.30211393
696	0.31472912
697	0.35159161
698	0.31230809
699	0.34501256
700	0.36663071
701	0.33181349
702	0.28942842
703	0.30842635
704	0.35529387
705	0.33268452
706	0.35013784
707	0.33917897
708	0.33166441
709	0.30937602
710	0.29679616
711	0.31953282
712	0.28883156
713	0.33925129
714	0.37412483
715	0.31326393
716	0.34078485
717	0.31480761
718	0.27225569
719	0.33778670
720	0.31896345
721	0.32754494
722	0.27638548
723	0.38121397
724	0.30641194
725	0.34473673
726	0.30963655
727	0.31171534
728	0.34006523
729	0.31707775
730	0.30940610
731	0.33779364
732	0.32519302
733	0.31143319
734	0.33283803
735	0.37398921
736	0.30866164
737	0.28978999
738	0.31743525
739	0.29203160
740	0.32198356
741	0.28737664
742	0.34241774
743	0.35683174
744	0.32230192
745	0.31569453
746	0.28668891
747	0.31277092
748	0.30130599
749	0.31421641
750	0.34386959
751	0.30705924
752	0.29915085
753	0.30549213
754	0.30208477
755	0.30878500
756	0.29505370
757	0.30683256
758	0.30973259
759	0.29867195
760	0.30917672
761	0.29438455
762	0.31698104
763	0.33384486
764	0.30157742
765	0.32807269
766	0.31925643
767	0.32327391
768	0.33140292
769	0.27193126
770	0.34359978
771	0.30041741
772	0.30589010
773	0.27463655
774	0.34643097
775	0.31002993
776	0.31659235
777	0.34367598
778	0.30217088
779	0.31008806
780	0.27807982
781	0.30337284
782	0.30129704
783	0.32589035
784	0.30851696
785	0.31052084
786	0.31994353
787	0.35206271
788	0.28678991
789	0.33341663
790	0.35242923
791	0.30867487
792	0.31701441
793	0.26657450
794	0.31384084
795	0.30081064
796	0.33644021
797	0.32834283
798	0.31588359
799	0.35021197
800	0.28130876
801	0.30872772
802	0.33926264
803	0.31285717
804	0.31199560
805	0.32751988
806	0.30631563
807	0.29619442
808	0.29920185
809	0.28598189
810	0.30989231
811	0.30622705
812	0.31374848
813	0.31760126
814	0.30122620
815	0.30201312
816	0.32741877
817	0.29036911
818	0.31027435
819	0.28474431
820	0.33348921
821	0.32434002
822	0.30179058
823	0.30235377
824	0.35462343
825	0.28553234
826	0.30759342
827	0.32871319
828	0.35249261
829	0.33578466
830	0.30709708
831	0.33408489
832	0.32499047
833	0.30093699
834	0.33129231
835	0.31333256
836	0.35778330
837	0.28776419
838	0.30567018
839	0.29708636
840	0.29893640
841	0.34185761
842	0.30832679
843	0.32578507
844	0.27832350
845	0.33452938
846	0.30518156
847	0.29502886
848	0.26491752
849	0.29993973
850	0.30725547
851	0.28701293
852	0.28280728
853	0.27780196
854	0.32084250
855	0.29997140
856	0.31767454
857	0.30441053
858	0.32200067
859	0.32539664
860	0.28414342
861	0.31957668
862	0.32869782
863	0.28568326
864	0.34010381
865	0.33144871
866	0.30632232
867	0.30199985
868	0.28926327
869	0.33081131
870	0.28157313
871	0.27936689
872	0.29563219
873	0.28170447
874	0.31507443
875	0.31213540
876	0.31432010
877	0.27108873
878	0.28035174
879	0.32039302
880	0.31839279
881	0.32043529
882	0.26857967
883	0.29929712
884	0.31378282
885	0.28583537
886	0.29205115
887	0.31777997
888	0.31940506
889	0.29295817
890	0.26267646
891	0.25914545
892	0.29639527
893	0.29944468
894	0.28800613
895	0.30218459
896	0.30082376
897	0.32387509
898	0.29352003
899	0.31245591
900	0.28090163
901	0.30655078
