1 2
1 3
2 471
6 7
6 252
6 111
6 53
6 110
7 111
7 326
7 53
7 110
7 261
12 13
12 14
12 15
12 16
12 17
14 457
14 70
14 325
14 408
14 478
14 858
18 19
18 20
20 32
20 114
20 128
20 153
20 158
20 52
20 264
20 280
20 298
20 311
20 320
20 34
20 339
20 342
20 355
20 231
20 37
20 438
20 265
20 471
20 472
20 70
20 473
20 474
20 382
20 46
20 475
20 476
20 33
20 455
20 477
20 286
20 49
20 478
20 384
20 479
20 239
20 38
20 480
20 415
20 481
20 116
20 379
20 482
20 53
20 483
20 484
20 485
20 486
20 487
20 488
20 36
20 44
20 489
20 490
20 407
20 383
20 381
20 491
20 51
20 110
20 47
20 362
20 408
20 61
20 73
28 29
28 30
28 31
29 731
31 568
32 33
32 34
32 35
32 36
32 37
32 38
32 39
32 40
32 41
32 42
32 43
32 44
32 45
32 46
32 47
32 48
32 49
32 50
32 51
32 52
32 53
32 339
32 677
32 474
32 61
33 80
33 114
33 168
33 52
33 34
33 44
33 38
33 283
33 669
33 670
33 671
33 672
33 673
33 218
33 36
33 46
33 116
33 47
34 128
34 48
34 290
34 37
34 321
34 47
34 322
34 45
34 52
34 323
34 46
34 130
34 36
34 176
34 587
34 689
35 52
36 192
36 52
36 264
36 318
36 37
36 498
36 44
36 526
36 53
36 266
36 51
36 38
36 500
36 47
36 46
36 760
36 116
36 762
36 49
36 831
36 323
37 163
37 52
37 299
37 339
37 390
37 283
37 420
37 51
37 228
37 421
37 44
37 53
37 323
37 422
37 38
37 47
37 49
38 135
38 339
38 513
38 47
38 52
38 46
38 45
38 646
38 647
38 49
38 648
39 711
40 52
40 51
41 52
41 227
41 51
41 637
41 639
41 224
41 338
41 638
42 194
42 52
42 284
42 47
42 456
43 128
43 388
43 389
43 44
43 46
43 427
44 281
44 228
44 265
44 427
44 116
44 511
44 115
44 47
44 52
44 46
44 264
44 283
44 53
44 51
44 282
44 512
44 455
44 572
44 551
44 109
45 284
45 53
45 552
45 51
45 47
45 46
45 754
46 96
46 264
46 53
46 51
46 47
46 52
46 224
46 49
46 549
46 114
46 745
46 790
47 251
47 342
47 53
47 674
47 52
47 116
47 51
48 128
48 161
48 162
49 135
49 52
49 318
49 558
49 51
49 375
50 339
50 316
50 250
50 218
50 52
50 222
51 52
51 111
51 339
51 227
51 106
51 53
51 584
51 224
51 225
51 337
52 100
52 144
52 135
52 203
52 217
52 218
52 219
52 220
52 221
52 222
52 223
52 224
52 225
52 226
52 227
52 228
52 110
52 94
52 95
52 229
52 230
52 231
52 53
52 232
52 233
52 296
52 111
52 339
52 105
52 250
52 249
52 190
52 336
52 363
53 114
53 128
53 158
53 204
53 111
53 339
53 367
53 249
53 412
53 316
53 115
53 549
53 336
53 550
53 401
53 472
53 551
53 552
53 623
53 407
53 116
53 427
53 477
57 58
57 59
58 294
58 295
58 347
58 59
58 477
59 337
60 61
61 757
61 379
61 759
61 816
61 817
61 274
61 818
61 268
61 758
62 63
62 64
62 65
62 66
64 559
65 187
65 188
65 306
65 307
65 189
65 308
65 213
65 309
65 310
65 526
65 567
65 606
65 190
65 804
66 189
69 70
69 71
70 354
70 190
70 261
70 71
70 327
71 298
72 73
73 823
73 841
85 86
85 87
85 626
86 87
88 89
88 90
88 91
88 92
90 317
90 676
93 94
93 95
94 216
94 95
94 767
95 514
100 101
100 102
100 103
100 104
100 105
100 106
100 107
100 108
100 109
100 110
100 111
101 105
101 106
101 102
101 104
101 750
102 111
102 318
102 105
102 107
102 106
102 469
102 108
102 104
102 573
102 487
103 104
104 111
104 399
104 106
104 363
104 426
104 549
104 401
104 105
105 260
105 111
105 314
105 107
105 108
105 396
105 262
105 110
105 640
105 433
106 224
106 108
107 111
107 108
107 362
107 363
107 110
108 111
108 110
109 255
109 193
109 511
109 633
109 541
109 475
110 260
110 111
110 224
110 227
110 396
110 316
110 319
110 338
110 558
110 337
110 327
110 261
110 397
110 336
110 640
110 161
111 176
111 314
111 315
111 316
111 224
111 396
112 113
113 136
113 271
113 695
114 115
114 116
114 117
114 135
114 689
115 281
115 330
115 689
115 422
116 255
116 281
116 265
116 464
116 466
116 282
116 455
116 429
116 512
116 256
116 765
116 766
116 264
116 485
117 427
126 127
127 265
127 645
128 129
128 130
128 131
130 262
132 133
133 149
133 150
134 135
134 799
135 164
136 366
137 138
137 139
137 140
137 141
137 142
137 143
138 789
139 362
140 805
141 450
141 779
141 147
142 699
143 166
143 167
144 145
146 147
146 148
146 291
147 291
147 799
149 199
149 185
149 150
149 202
149 200
149 417
150 199
150 185
150 417
150 200
150 465
150 202
153 154
153 542
153 799
154 569
154 714
154 799
161 261
161 224
164 799
165 166
165 167
166 395
173 174
173 175
173 176
176 249
176 552
176 810
179 180
179 181
179 182
179 183
179 184
179 185
179 186
180 199
180 317
180 184
180 185
180 181
180 186
180 183
180 365
180 182
180 202
180 364
181 184
181 185
181 201
181 365
181 186
181 689
182 184
182 185
182 202
182 413
182 364
182 365
183 184
183 185
183 417
184 199
184 186
184 364
184 201
184 202
184 185
184 365
184 414
185 199
185 396
185 365
185 202
185 413
185 266
185 414
185 310
185 201
185 415
185 416
185 417
185 418
185 419
185 200
185 186
185 849
186 201
186 600
186 616
186 365
187 243
188 189
188 190
188 191
189 237
189 324
189 325
189 326
189 327
189 319
189 261
190 259
190 526
190 312
190 629
190 734
190 825
191 719
191 265
192 193
193 526
194 195
199 200
199 201
199 202
200 417
201 365
201 417
201 600
201 465
202 417
202 413
203 225
204 503
212 213
213 634
213 804
216 609
217 316
217 232
217 871
217 424
218 222
218 316
218 427
218 225
221 233
221 606
221 334
222 316
222 427
223 226
224 336
224 227
224 337
224 338
224 316
224 567
225 296
225 297
225 821
227 338
227 261
227 327
227 325
228 390
228 283
228 420
228 421
230 249
231 379
231 380
231 381
231 382
231 265
231 383
231 384
232 316
232 426
232 428
233 334
233 335
233 601
238 239
239 751
239 752
239 753
240 241
240 267
240 451
241 267
241 612
241 408
241 856
242 243
247 248
247 249
247 250
249 705
250 327
250 343
250 344
250 345
250 346
250 387
250 624
250 640
250 433
250 691
252 605
255 256
255 421
256 281
257 258
258 568
258 845
260 261
260 262
260 263
260 691
261 263
261 318
261 310
261 262
261 543
261 319
261 327
261 640
261 336
261 485
261 338
261 324
262 396
262 397
262 835
264 265
264 266
264 283
265 281
265 455
265 456
265 282
266 512
267 268
267 269
267 270
267 271
268 601
269 316
269 576
269 811
269 873
270 429
271 356
271 292
272 273
272 274
272 683
273 313
273 274
273 744
274 632
274 682
274 683
275 276
275 277
276 443
276 366
276 277
276 824
277 377
277 701
277 873
281 282
281 283
283 341
283 512
285 286
285 287
286 709
290 487
291 292
291 293
292 856
293 342
293 531
293 487
293 641
293 642
293 714
294 295
295 385
295 806
296 297
297 821
297 822
299 300
299 301
301 362
301 324
310 423
310 433
310 470
311 312
312 572
312 621
314 366
314 316
316 424
316 425
316 426
316 427
316 428
318 319
318 644
318 869
318 870
319 442
319 443
319 551
319 573
319 626
319 362
322 627
324 378
325 487
327 454
327 338
327 640
327 433
331 332
331 333
332 333
333 440
333 496
333 517
333 441
333 497
333 776
336 619
336 686
336 337
336 790
337 363
339 340
339 406
339 407
356 574
356 845
362 381
362 467
362 395
362 692
362 693
362 486
364 365
373 374
373 375
373 376
375 606
375 426
375 702
375 703
379 382
379 538
379 472
379 421
381 421
386 387
388 389
390 421
391 392
392 546
392 627
395 677
396 397
396 398
400 401
400 402
401 408
401 409
401 552
401 708
406 407
407 525
407 730
408 488
420 421
421 584
423 470
427 602
427 762
427 686
427 774
427 775
427 550
428 777
430 431
431 583
432 433
432 835
433 708
440 441
442 708
443 444
443 445
443 446
443 447
443 448
443 449
443 450
443 451
443 452
443 453
450 582
452 659
452 714
457 458
457 459
457 460
457 461
460 743
466 505
467 468
474 778
474 779
475 531
475 487
475 539
475 533
475 540
475 541
475 532
476 524
478 798
481 819
481 820
481 489
482 667
482 517
487 531
487 540
487 685
487 704
487 541
487 746
487 533
487 532
487 747
487 748
487 642
487 539
487 749
488 568
488 799
496 497
496 873
497 574
497 792
497 811
497 872
497 873
498 499
498 500
501 502
501 795
502 873
503 504
531 532
531 533
531 540
531 704
532 540
532 533
533 540
533 541
533 744
536 537
537 612
540 541
546 563
546 608
549 552
551 573
552 620
559 560
569 570
575 576
576 732
576 733
583 626
583 773
595 596
595 714
595 744
617 618
617 619
619 651
619 652
622 623
626 627
626 628
632 683
634 635
634 636
637 638
637 639
643 644
645 778
647 781
647 845
665 666
666 683
666 782
666 791
666 809
677 678
677 679
677 680
677 681
682 859
683 684
690 691
705 706
708 762
708 763
708 759
710 711
714 715
714 716
714 717
714 718
714 719
714 720
714 721
714 722
714 723
714 724
714 725
714 726
719 744
719 807
757 758
757 759
760 761
799 800
799 801
799 802
799 803
802 826
807 808
811 812
811 813
824 825
835 836
856 857
859 860
859 861
859 862
869 870
873 874
