1 2
1 3
1 4
1 5
1 6
1 7
1 8
1 9
1 105
1 43
1 106
1 123
1 96
1 17
1 128
2 10
2 43
2 44
2 13
2 4
2 5
2 45
2 46
2 47
2 48
2 49
2 50
2 7
2 8
2 51
2 52
2 53
2 9
2 54
2 11
2 27
2 29
2 14
2 6
2 191
2 113
2 200
2 179
2 19
3 10
3 97
3 105
3 43
3 44
3 27
3 4
3 14
3 57
3 45
3 6
3 113
3 59
3 17
3 7
3 8
3 22
3 127
3 128
3 129
3 9
3 13
3 106
3 5
3 60
3 63
4 11
4 43
4 44
4 10
4 105
4 29
4 56
4 5
4 45
4 48
4 132
4 108
4 133
5 97
5 105
5 43
5 44
5 13
5 29
5 14
5 10
5 12
5 109
5 98
5 49
5 51
5 157
6 105
6 98
6 49
6 113
6 117
6 9
6 71
6 191
6 197
7 27
7 14
7 106
7 123
7 113
7 59
7 8
7 107
7 140
7 22
7 128
7 124
8 43
8 27
8 28
8 14
8 113
8 31
8 17
8 35
8 107
8 42
8 39
8 124
8 64
9 105
9 123
9 191
9 197
9 113
9 117
9 49
10 11
10 12
10 13
10 14
10 15
10 16
10 17
10 18
10 19
10 20
10 21
10 22
10 23
10 24
10 160
10 108
10 52
11 16
11 69
11 87
11 52
11 23
11 88
11 89
11 105
11 108
12 13
12 109
12 110
12 111
12 108
12 23
12 112
12 199
12 130
12 87
12 135
13 25
13 26
13 43
13 44
13 45
13 100
13 36
13 130
13 108
13 22
13 131
13 128
13 52
13 23
13 53
13 24
13 120
13 213
14 105
14 43
14 44
14 27
14 106
14 59
14 60
14 22
14 140
14 63
14 136
14 113
14 36
14 130
14 126
15 68
15 18
15 142
15 160
15 87
15 150
15 23
15 217
16 100
16 101
16 32
16 102
16 21
16 69
16 89
16 104
16 70
16 120
16 133
16 24
17 25
17 105
17 44
17 31
17 59
17 148
17 147
17 189
17 198
17 18
17 50
17 35
17 20
17 160
17 107
17 51
17 127
17 54
17 201
17 202
17 24
17 179
17 131
17 124
18 97
18 68
18 45
18 20
18 160
18 19
18 102
18 194
19 113
19 179
19 118
19 45
19 163
19 48
19 32
19 50
19 160
19 21
19 204
19 127
19 40
19 70
19 124
19 133
19 72
19 201
19 73
19 199
19 140
19 120
20 25
20 27
20 115
20 99
20 30
20 179
20 163
20 160
20 69
20 127
20 73
21 36
21 46
21 50
21 87
21 51
21 53
21 88
21 89
21 70
22 27
22 123
22 59
22 60
22 106
22 57
22 45
22 58
22 113
22 53
23 109
23 110
23 130
23 111
23 87
23 206
23 108
23 129
23 112
23 133
23 137
24 45
24 141
24 163
24 100
24 187
24 148
24 179
24 199
24 108
24 127
24 70
24 52
24 201
24 55
24 92
24 115
24 189
24 111
24 149
24 73
25 26
25 27
25 28
25 29
25 30
25 31
25 32
25 33
25 34
25 35
25 36
25 37
25 38
25 39
25 40
25 41
25 42
25 113
26 45
26 114
26 115
26 116
26 49
26 117
26 118
26 36
26 61
26 119
26 120
26 54
26 121
27 105
27 44
27 28
27 106
27 122
27 45
27 77
27 123
27 47
27 113
27 59
27 60
27 34
27 107
27 40
27 124
27 125
27 42
27 54
27 66
27 126
27 29
27 204
27 196
28 74
28 33
28 34
28 35
28 107
28 39
28 40
28 124
28 42
28 29
28 106
28 37
29 45
29 138
29 48
29 50
29 132
29 108
29 51
29 139
29 30
29 158
30 122
30 151
30 153
30 158
30 196
31 147
31 198
31 35
31 107
31 84
32 97
32 93
32 113
32 100
32 101
32 50
32 102
32 36
32 160
32 179
32 199
32 103
33 34
33 37
33 39
33 40
33 42
33 35
33 128
33 124
34 39
34 42
34 37
34 40
34 128
34 124
35 113
35 198
35 171
35 107
35 104
35 42
36 136
36 173
36 114
36 115
36 68
36 113
36 171
36 179
36 46
36 50
36 204
36 119
36 51
36 120
36 169
36 133
36 53
36 39
37 171
37 198
37 107
38 74
38 122
38 76
38 148
38 80
38 82
38 83
38 86
38 196
38 185
38 84
38 139
39 42
40 113
40 192
40 120
40 124
40 133
40 42
40 54
40 128
41 55
41 57
41 58
41 163
41 172
41 116
41 131
41 215
41 61
41 62
41 144
41 167
41 70
41 128
41 120
41 169
41 175
41 166
41 145
41 52
41 146
41 184
41 156
41 150
41 185
41 178
41 209
41 183
41 214
41 65
42 113
42 124
43 97
43 105
43 113
43 59
44 97
44 105
44 59
44 107
44 113
44 212
45 67
45 159
45 69
45 87
45 127
45 129
45 112
45 108
45 131
45 140
45 128
46 90
46 98
46 92
46 161
46 147
46 93
46 115
46 47
46 48
46 49
46 100
46 50
46 69
46 103
46 53
46 162
46 73
46 173
46 99
46 96
46 148
47 90
47 106
47 141
47 163
47 138
47 92
47 147
47 93
47 115
47 170
47 96
47 177
47 54
47 172
47 94
47 116
47 166
47 167
47 125
47 146
47 121
48 55
48 56
48 58
48 91
48 98
48 92
48 161
48 193
48 69
48 96
48 146
49 98
49 68
49 94
49 117
49 199
50 170
50 99
50 68
50 100
50 101
50 148
50 179
50 118
50 102
50 160
50 51
50 53
50 54
50 73
50 120
51 99
51 148
51 179
51 118
51 204
51 131
51 52
51 53
51 125
51 162
51 54
51 73
51 70
51 121
52 67
52 97
52 148
52 102
52 131
52 215
52 61
52 70
52 169
52 98
52 172
52 104
52 53
52 88
52 54
52 137
52 73
52 126
53 67
53 98
53 99
53 200
53 131
53 140
53 70
53 169
53 167
53 125
53 162
54 122
54 170
54 115
54 116
54 148
54 179
54 131
54 120
54 124
54 133
54 162
54 64
54 184
54 204
54 71
54 196
54 121
54 65
54 201
55 56
55 57
55 58
55 59
55 60
55 61
55 62
55 63
55 64
55 65
55 66
55 98
55 70
55 146
55 112
56 57
56 58
56 144
56 145
56 63
56 146
56 76
56 60
56 64
56 65
57 74
57 58
57 147
57 59
57 148
57 79
57 61
57 63
57 146
57 149
57 150
57 86
57 76
57 60
57 80
57 64
58 59
58 60
58 62
58 63
58 146
58 61
58 64
59 105
59 106
59 113
59 60
59 70
59 63
59 146
60 63
60 126
60 64
61 116
61 165
61 131
61 215
61 170
61 148
61 62
61 70
61 128
61 169
61 133
61 63
61 146
61 214
61 121
61 167
61 120
62 170
62 116
62 148
62 165
62 131
62 215
62 128
62 167
62 70
62 120
62 169
62 209
62 145
62 133
62 63
62 146
62 121
63 165
63 70
63 120
63 150
63 66
63 202
63 146
63 64
63 126
64 146
64 216
64 149
64 71
64 150
64 66
64 212
64 121
64 158
64 65
65 75
65 77
65 145
65 182
65 183
65 214
65 149
65 184
65 71
65 98
65 144
65 128
65 85
65 156
65 150
65 194
65 66
65 202
65 212
65 121
65 185
65 178
65 126
66 75
66 77
66 210
66 205
66 157
66 183
66 71
66 135
66 150
66 134
66 202
66 126
67 68
67 69
67 70
67 71
67 72
67 73
67 99
67 131
67 169
67 149
68 97
68 177
68 102
68 133
68 72
69 191
69 99
69 193
69 211
69 164
69 204
69 166
69 169
69 125
69 88
69 85
69 156
69 89
69 72
69 196
69 73
69 87
69 201
70 141
70 147
70 172
70 116
70 148
70 179
70 111
70 165
70 186
70 108
70 131
70 215
70 119
70 127
70 167
70 163
70 170
70 142
70 206
70 87
70 181
70 144
70 166
70 128
70 169
70 83
70 145
70 133
70 157
70 125
70 146
70 162
70 182
70 88
70 207
70 213
70 112
70 156
70 150
70 121
70 73
70 120
71 106
71 141
71 143
71 205
71 166
71 167
71 216
71 149
71 184
71 213
71 85
71 156
71 115
71 94
71 158
71 194
71 195
71 202
71 196
71 212
71 121
71 178
71 72
71 126
72 141
72 166
72 120
72 125
72 162
72 88
72 85
72 89
72 143
72 193
72 156
72 201
72 194
73 163
73 147
73 170
73 188
73 179
73 118
73 199
73 165
73 131
73 127
73 166
73 169
73 162
73 184
73 193
73 126
74 75
74 76
74 77
74 78
74 79
74 80
74 81
74 82
74 83
74 84
74 85
74 86
75 76
75 77
75 79
75 83
75 134
75 84
75 135
75 86
76 122
76 77
76 151
76 153
76 154
76 79
76 82
76 83
76 139
76 158
76 173
76 80
76 84
76 184
76 86
77 79
77 83
77 84
77 135
77 86
78 151
78 173
78 187
78 188
78 79
78 174
78 81
78 190
78 82
78 168
78 195
78 196
78 186
78 169
78 176
79 151
79 174
79 81
79 82
79 144
79 83
79 134
79 184
80 123
80 95
80 151
80 113
80 174
80 83
80 139
80 184
80 86
80 195
80 84
81 173
81 187
81 188
81 174
81 151
81 115
81 82
81 205
81 168
81 134
81 195
81 126
81 186
81 169
81 184
81 196
81 176
82 122
82 153
82 154
82 151
82 95
82 134
82 169
82 184
83 131
83 169
83 181
83 144
83 145
83 125
83 182
83 84
83 139
83 184
83 185
83 129
83 86
84 86
84 135
85 141
85 94
85 95
85 142
85 143
85 164
85 165
85 205
85 166
85 169
85 88
85 139
85 184
85 144
85 125
85 194
85 212
85 185
85 126
85 158
85 135
86 184
86 135
87 206
87 110
87 130
87 111
87 155
87 88
87 207
87 213
87 112
87 89
87 150
87 129
88 141
88 161
88 131
88 94
88 143
88 193
88 166
88 162
88 89
88 194
88 201
89 162
89 194
89 201
90 91
90 92
90 93
90 94
90 95
90 96
91 196
92 98
92 163
92 138
92 147
92 170
92 175
92 93
92 115
92 172
92 94
92 95
92 96
92 177
92 178
92 186
93 163
93 147
93 175
93 170
93 115
93 96
93 177
93 100
93 186
94 141
94 98
94 138
94 175
94 151
94 95
94 193
94 166
94 167
94 96
94 178
95 138
95 147
95 154
95 193
95 190
95 194
95 96
95 143
95 166
95 184
96 147
96 170
96 115
96 141
96 163
96 138
96 172
96 116
96 129
96 177
97 98
97 99
97 100
97 101
97 102
97 103
97 104
97 191
97 192
97 211
98 141
98 154
98 117
98 168
98 144
98 169
98 162
98 126
98 163
98 99
98 171
98 199
98 206
98 108
98 215
98 145
98 184
99 189
100 115
100 191
100 101
100 102
100 103
100 148
100 104
100 120
100 207
100 112
101 102
101 104
102 200
102 160
102 103
102 104
103 149
105 106
105 107
105 108
105 130
106 141
106 113
106 142
106 143
106 140
106 124
107 122
107 113
107 198
107 208
107 202
107 120
107 124
108 109
108 113
108 110
108 132
108 211
108 130
108 111
108 117
108 206
108 133
108 112
108 201
109 136
109 110
109 111
109 137
109 130
110 206
110 130
110 111
110 129
110 207
110 112
111 206
111 130
111 129
111 207
111 112
111 213
112 206
112 130
112 119
112 120
112 129
112 207
112 217
112 213
112 149
112 121
113 123
113 122
113 198
113 171
113 159
113 140
113 124
113 133
113 125
113 184
113 156
113 185
114 115
114 167
114 120
114 116
114 121
115 163
115 138
115 147
115 170
115 173
115 165
115 120
115 116
115 177
115 148
115 184
115 196
116 170
116 172
116 165
116 128
116 120
116 156
116 121
117 199
117 140
117 192
118 179
118 131
118 192
118 120
119 170
119 120
119 121
119 213
120 171
120 179
120 192
120 204
120 170
120 173
120 215
120 127
120 128
120 169
120 207
120 121
121 136
121 170
121 179
121 206
121 128
121 129
121 216
121 207
121 184
121 213
121 150
121 212
121 149
122 151
122 152
122 153
122 154
122 155
122 139
122 156
123 124
123 133
125 193
125 192
125 211
125 131
125 127
125 166
125 140
125 167
125 128
125 209
125 184
125 194
125 185
125 126
126 180
126 181
126 144
126 166
126 169
126 183
126 139
126 184
126 150
126 195
126 176
126 185
126 142
126 165
126 157
127 136
127 163
127 148
127 159
127 179
127 201
128 141
128 167
128 161
128 172
128 165
128 144
128 166
128 140
128 169
128 146
128 184
128 156
128 150
128 212
128 185
128 178
129 206
129 130
129 207
129 137
129 217
129 213
130 206
130 132
130 211
130 207
130 217
131 172
131 204
131 138
131 148
131 179
131 142
131 215
131 169
131 162
132 201
133 136
133 199
133 155
133 137
133 156
133 217
134 187
134 210
134 164
134 205
134 157
134 158
134 135
134 195
134 202
134 184
135 205
135 216
135 138
135 161
135 174
135 210
135 144
135 157
135 139
135 214
135 149
135 184
135 202
135 196
135 176
135 185
136 170
136 171
136 137
137 171
137 203
137 217
137 158
138 163
138 151
138 161
138 147
138 173
138 172
138 154
138 174
138 168
138 170
138 153
138 187
138 186
138 205
138 184
138 158
139 152
139 211
139 180
139 181
139 144
139 169
139 209
139 145
139 162
139 182
139 183
139 193
139 214
139 184
139 156
139 176
139 185
140 211
140 156
141 163
141 161
141 143
141 164
141 165
141 166
141 167
141 175
141 186
142 143
142 165
142 194
142 166
142 184
143 194
143 164
143 166
143 167
143 196
144 161
144 152
144 164
144 180
144 181
144 209
144 145
144 182
144 183
144 214
144 184
144 156
144 150
144 195
144 176
144 185
144 169
144 212
145 152
145 180
145 181
145 169
145 209
145 182
145 183
145 214
145 184
145 156
145 185
145 195
146 211
146 172
147 161
147 151
147 170
147 175
147 172
147 177
147 167
148 163
148 179
148 178
148 155
149 163
149 169
149 216
149 150
149 212
150 165
150 216
150 214
150 184
150 156
150 212
150 185
150 178
151 161
151 175
151 173
151 153
151 172
151 154
151 174
151 168
151 158
151 176
151 187
151 188
151 186
151 205
151 169
152 180
152 181
152 182
152 183
152 184
152 185
153 173
153 154
153 189
153 190
154 173
154 174
154 190
154 168
154 184
154 176
155 203
156 161
156 193
156 211
156 164
156 165
156 186
156 180
156 181
156 166
156 169
156 216
156 184
156 185
156 178
156 201
156 194
156 176
156 212
157 208
157 210
157 203
157 205
157 169
157 158
157 202
158 205
158 172
158 169
158 214
158 196
160 179
161 172
161 164
161 166
161 167
161 169
161 178
161 187
161 186
162 169
162 193
162 190
163 170
163 172
163 165
163 177
163 187
163 179
164 190
164 174
164 168
164 194
164 176
164 205
164 166
164 184
165 170
165 179
165 186
165 169
165 195
165 212
165 176
166 175
166 172
166 193
166 186
166 167
166 169
166 184
166 178
167 172
167 175
167 169
167 194
167 178
167 184
168 173
168 187
168 188
168 174
168 190
168 186
168 205
168 175
168 172
168 193
168 195
168 176
168 169
169 215
169 190
169 176
169 185
169 178
169 183
169 184
170 179
170 172
170 177
171 188
171 199
171 203
171 192
172 175
172 173
172 186
172 187
173 187
173 188
173 174
173 176
174 187
174 188
174 190
174 205
174 195
174 176
174 186
174 183
175 186
175 187
175 176
176 187
176 188
176 190
176 186
176 205
176 195
176 185
178 193
178 186
178 184
178 212
179 201
179 199
180 181
180 209
180 182
180 183
180 214
180 184
180 195
180 185
181 209
181 182
181 214
181 184
181 195
181 185
181 183
182 209
182 183
182 184
182 195
182 185
183 209
183 214
183 184
183 195
183 185
184 209
184 214
184 187
184 193
184 190
184 215
184 195
184 185
184 201
185 209
185 214
185 195
185 196
186 187
186 188
186 193
187 188
187 190
187 195
187 211
188 190
188 195
188 205
189 199
190 205
191 192
192 199
193 209
194 201
195 205
195 216
195 209
196 204
200 201
202 208
202 210
202 205
203 208
203 211
203 210
203 205
204 211
205 208
205 210
206 207
206 217
206 213
207 217
207 213
208 210
212 216
213 217
