1 2
1 414
2 630
2 824
2 953
2 1205
2 1278
2 1221
2 1502
2 1473
2 580
2 89
2 1683
3 4
3 168
4 343
4 454
4 636
4 867
4 358
4 1489
4 1555
4 668
5 6
5 44
5 186
5 704
5 952
5 570
5 284
5 201
5 1119
5 144
5 199
7 8
7 10
7 70
7 290
7 587
7 317
7 301
7 1105
7 1138
7 118
7 252
7 289
7 106
7 1164
8 140
8 311
8 18
8 1121
8 54
8 118
8 8
9 10
9 816
9 1585
10 590
10 931
10 1022
10 938
10 1198
10 1058
10 776
10 1532
10 1582
10 257
10 1682
10 1414
11 12
11 153
11 154
11 161
11 166
11 260
11 346
11 342
11 347
11 458
11 471
11 634
11 99
11 597
11 147
11 173
11 150
11 224
11 304
11 122
11 228
11 938
11 257
11 1112
11 1123
11 535
11 189
11 1201
11 300
11 878
11 1032
11 1285
11 609
11 882
11 968
11 653
11 1364
11 168
11 721
11 285
11 500
11 469
11 475
11 79
11 421
11 204
11 1574
11 470
11 481
11 827
11 181
11 1451
11 244
12 261
12 92
12 67
12 624
12 314
12 245
12 164
12 123
12 31
12 142
12 246
12 319
12 196
12 118
12 216
13 14
13 27
13 143
13 240
13 380
13 392
13 336
13 419
13 114
13 671
13 727
13 181
13 860
13 511
13 338
13 912
13 948
13 174
13 998
13 1003
13 454
13 70
13 300
13 322
13 1055
13 150
13 762
13 652
13 659
13 1014
13 602
13 500
13 520
13 1275
13 770
13 1292
13 1297
13 303
13 416
13 1250
13 26
13 194
13 199
13 197
13 230
13 744
13 871
13 318
13 791
13 1087
13 1410
13 147
13 579
13 50
13 280
13 1493
13 272
13 932
13 1516
13 1017
13 830
13 1565
13 1593
13 1070
13 1542
13 47
13 892
13 335
13 175
13 533
13 244
13 1680
14 54
14 412
14 1371
15 16
15 222
16 649
16 741
16 751
16 383
16 1188
16 1316
16 1359
16 385
16 1427
16 894
16 1545
16 1285
16 1560
16 77
16 1606
16 1629
17 18
17 585
17 478
17 231
17 125
17 408
17 1536
17 366
17 550
17 56
18 176
18 407
18 608
18 347
18 89
18 475
18 280
18 1016
18 333
18 1217
18 1243
18 1273
18 545
18 762
18 1361
18 1449
18 542
18 235
18 609
18 150
18 244
18 315
18 377
19 20
19 29
19 405
19 1475
20 45
20 501
20 449
20 33
20 63
20 974
20 591
20 426
20 1090
20 1206
20 267
20 1343
20 68
20 596
20 1586
20 1659
20 1677
20 146
21 22
21 623
21 986
21 1026
21 1150
21 1464
21 1145
21 1579
21 1236
21 388
22 283
22 707
22 764
22 1603
22 107
23 24
23 168
25 26
25 362
25 904
25 1021
25 1247
25 174
25 698
26 540
26 372
26 445
26 495
26 694
26 1587
26 1365
26 356
26 1664
26 50
26 1515
26 1692
28 29
28 82
28 1139
28 1286
28 1042
28 1373
28 473
29 672
29 1520
30 31
30 142
30 164
30 67
30 314
30 123
30 807
30 319
30 92
30 261
30 245
31 188
31 293
31 303
31 304
31 315
31 257
31 367
31 443
31 523
31 290
31 166
31 481
31 240
31 194
31 124
31 579
31 394
31 535
31 420
31 355
31 288
31 302
31 400
31 244
31 958
31 418
31 784
31 803
31 45
31 122
31 1094
31 609
31 373
31 895
31 1002
31 650
31 661
31 1258
31 1264
31 201
31 782
31 342
31 148
31 93
31 391
31 79
31 1250
31 455
31 349
31 341
31 1374
31 147
31 500
31 347
31 827
31 662
31 1488
31 262
31 346
31 1523
31 320
31 475
31 938
31 207
31 280
31 494
31 150
31 546
31 70
31 255
32 33
32 56
32 267
32 50
32 67
32 159
32 156
32 198
32 1236
33 196
33 365
33 791
33 507
33 950
33 402
33 807
33 199
33 414
33 157
33 143
33 474
33 1054
33 103
33 874
33 266
33 850
33 108
33 819
33 174
34 35
34 1019
35 113
35 269
35 252
35 465
35 328
35 705
35 136
35 1600
35 234
35 510
36 37
36 162
36 389
36 146
36 63
36 495
36 1132
36 1161
36 159
36 1240
36 267
36 1439
36 1028
36 1345
38 39
38 570
39 137
39 272
39 467
40 41
40 56
40 713
40 651
41 420
41 150
41 147
41 157
41 532
41 333
41 108
41 437
42 43
43 248
43 442
43 202
45 123
45 317
45 54
45 196
46 47
47 926
48 49
48 444
48 496
48 722
48 344
48 1005
48 1006
48 68
48 76
48 1465
48 210
48 1607
48 1464
49 88
49 144
50 51
50 152
50 175
50 193
50 271
50 279
50 461
50 468
50 618
50 619
50 422
50 677
50 695
50 321
50 1008
50 326
50 363
50 155
50 1119
50 1038
50 1151
50 1155
50 82
50 421
50 136
50 197
50 1016
50 1103
50 1253
50 528
50 344
50 395
50 70
50 740
50 579
50 1028
50 683
50 1064
50 1430
50 551
50 1293
50 150
50 80
50 1552
50 539
50 1622
50 1321
50 1657
50 1638
50 1283
50 569
51 1179
51 83
52 53
52 106
52 966
52 890
52 1284
52 814
52 1291
52 993
52 524
52 655
52 1553
52 1672
53 323
53 377
53 505
53 1650
54 55
54 122
54 320
54 342
54 418
54 500
54 520
54 616
54 657
54 240
54 546
54 344
54 511
54 613
54 856
54 318
54 892
54 909
54 384
54 175
54 955
54 349
54 194
54 389
54 208
54 888
54 280
54 494
54 429
54 535
54 1136
54 229
54 1195
54 244
54 958
54 135
54 1214
54 597
54 601
54 455
54 489
54 609
54 313
54 57
54 895
54 566
54 859
54 353
54 1462
54 341
54 263
54 882
54 738
54 347
54 851
54 231
54 188
54 475
54 66
54 419
54 268
54 1685
55 67
55 710
56 57
56 229
56 357
56 429
56 601
56 520
56 189
56 268
56 160
56 349
56 535
56 674
56 164
56 194
56 721
56 803
56 150
56 342
56 579
56 177
56 892
56 407
56 1617
56 476
56 402
56 610
56 597
57 314
57 228
57 1620
58 59
59 269
59 275
60 61
60 465
60 389
60 1507
60 474
60 209
60 478
61 174
61 1141
62 63
62 83
63 204
63 211
63 268
63 300
63 386
63 471
63 511
63 247
63 579
63 666
63 437
63 602
63 779
63 599
63 454
63 175
63 968
63 481
63 996
63 830
63 197
63 1070
63 752
63 1116
63 279
63 342
63 1180
63 520
63 233
63 322
63 209
63 695
63 489
63 153
63 402
63 771
63 710
63 352
63 357
63 132
63 199
63 487
63 1398
63 539
63 897
63 1123
63 429
63 1008
63 285
63 1210
63 535
63 70
63 150
63 108
63 1474
63 469
63 85
63 1663
63 1679
64 65
64 119
64 442
64 1074
64 1192
64 1461
64 929
66 67
66 325
66 118
67 79
67 108
67 318
67 322
67 341
67 352
67 353
67 357
67 384
67 303
67 398
67 333
67 476
67 469
67 304
67 487
67 349
67 347
67 545
67 400
67 566
67 636
67 676
67 682
67 168
67 280
67 511
67 807
67 247
67 838
67 878
67 263
67 443
67 1044
67 628
67 563
67 535
67 827
67 523
67 601
67 1156
67 175
67 201
67 895
67 721
67 377
67 342
67 1253
67 373
67 494
67 882
67 1323
67 1094
67 693
67 744
67 285
67 1395
67 83
67 148
67 609
67 244
67 378
67 253
67 688
67 315
67 455
67 475
67 150
67 489
67 1295
67 859
67 141
67 1181
67 867
67 1554
67 355
67 1566
67 1179
67 1000
67 419
67 188
67 268
67 782
67 1090
67 1628
67 799
67 546
67 603
67 613
67 650
68 69
68 410
68 411
68 625
68 731
68 779
68 596
68 921
68 939
68 630
68 1187
68 1204
68 1166
68 1262
68 216
68 177
68 1563
68 399
68 201
68 1671
68 1689
70 209
70 285
70 469
70 515
70 299
70 600
70 599
70 742
70 437
70 683
70 830
70 850
70 1039
70 1083
70 499
70 719
70 150
70 914
70 313
70 602
70 1123
70 181
70 715
70 1412
70 1421
70 224
70 114
70 70
71 72
71 133
71 726
72 174
73 74
73 111
73 404
73 757
73 1011
73 275
73 1035
73 1071
73 1191
73 328
73 1476
73 1514
73 1561
73 1384
73 764
73 1610
73 1624
73 1658
73 1704
74 1198
75 76
75 329
75 588
75 1167
76 287
76 733
76 790
76 311
76 325
76 462
76 1052
76 1244
76 1325
76 198
77 78
77 107
77 637
77 658
77 309
77 756
77 831
77 944
77 633
77 1239
77 617
77 470
77 1130
78 348
78 1383
78 999
79 118
80 81
80 641
80 83
80 350
80 118
81 1562
81 1575
81 384
82 83
82 187
82 1087
82 89
83 155
83 326
83 330
83 344
83 421
83 451
83 506
83 539
83 551
83 554
83 596
83 184
83 683
83 321
83 1038
83 740
83 1064
83 1082
83 997
83 1149
83 1016
83 618
83 279
83 1215
83 465
83 175
83 1283
83 422
83 1321
83 1315
83 569
83 530
83 83
83 1475
83 1557
83 1103
83 395
83 679
84 85
85 112
85 606
85 780
85 815
85 967
85 832
85 1051
85 1140
85 151
85 1313
85 1411
85 893
85 1556
85 149
86 87
86 823
87 239
87 484
87 519
87 250
87 756
87 861
87 306
87 906
87 1282
87 1289
87 1320
87 1384
87 1389
87 269
87 1490
87 105
87 513
87 1654
88 237
89 90
89 371
90 1245
90 454
90 1638
91 92
92 122
92 455
92 355
92 535
92 315
92 609
92 188
92 661
92 150
92 782
92 244
92 888
92 421
92 500
92 204
92 481
92 347
92 709
92 475
92 1266
92 304
92 175
92 595
92 330
92 429
92 391
92 394
92 124
92 601
92 400
93 94
93 123
93 196
93 378
94 1023
95 96
95 133
95 1063
96 390
96 809
96 1267
97 98
97 1040
97 838
99 100
99 118
99 959
99 159
100 1448
101 102
101 217
101 460
101 541
101 684
101 296
101 864
101 596
101 1080
101 1314
101 1332
101 1386
101 781
101 314
101 1491
101 1459
101 1030
101 906
101 221
103 104
103 161
105 106
105 756
105 658
105 309
105 1302
105 372
105 470
105 107
106 140
106 1135
106 1665
107 249
107 581
107 1577
108 564
108 594
108 599
108 743
108 478
108 941
108 143
108 1115
108 397
108 395
108 938
108 1244
108 1415
108 1424
108 270
108 1497
108 1540
108 792
108 1641
108 463
108 1157
109 110
109 239
110 254
110 415
110 528
110 544
110 629
110 265
110 360
110 355
110 1207
111 591
111 885
113 114
114 314
115 116
115 136
115 123
115 234
116 205
116 660
116 795
116 350
116 157
116 1377
116 267
116 1615
116 329
116 578
117 118
118 181
118 263
118 391
118 122
118 347
118 438
118 469
118 150
118 609
118 680
118 709
118 613
118 315
118 827
118 489
118 188
118 882
118 888
118 257
118 304
118 938
118 494
118 228
118 285
118 688
118 721
118 475
118 204
118 219
118 148
118 695
118 546
118 342
118 634
118 437
118 500
118 389
118 1584
118 201
118 1266
118 189
118 1123
118 153
119 673
120 121
121 312
121 459
121 130
121 477
121 490
121 535
121 839
121 283
121 935
121 1076
121 1113
121 483
121 1234
121 735
121 1312
121 1335
121 521
121 1221
121 1388
121 458
121 848
121 1087
121 1518
121 1288
122 123
123 124
123 262
123 280
123 150
123 313
123 201
123 475
123 148
123 723
123 545
123 511
123 429
123 342
123 500
123 520
123 721
123 546
123 1219
123 315
123 494
123 481
123 1121
123 400
123 719
123 661
123 1022
123 244
123 455
123 207
123 378
123 407
123 347
123 355
123 1090
123 1000
123 188
123 141
124 245
124 319
124 314
124 1072
124 144
124 633
124 691
124 1558
124 580
125 126
125 290
125 358
125 489
125 517
125 407
125 607
125 789
125 833
125 979
125 268
125 857
125 1079
125 347
125 1160
125 228
125 355
125 1301
125 1058
125 1326
125 542
125 1334
125 1340
125 371
125 235
125 303
125 481
125 1580
125 1581
125 1352
125 342
125 244
125 1273
125 1640
125 1136
126 1034
127 128
127 422
129 130
129 973
129 638
130 157
130 904
131 132
131 641
131 284
131 311
132 503
132 344
132 269
132 739
132 264
132 252
132 550
132 1444
132 985
132 924
132 837
132 416
132 711
133 134
133 434
133 449
133 806
133 840
133 923
133 940
133 347
133 976
133 807
133 1050
133 1122
133 913
133 836
133 1322
133 847
133 475
133 419
133 1513
133 1595
133 565
133 1116
133 353
133 878
133 689
133 961
134 150
135 136
135 245
135 234
136 247
136 321
136 402
136 406
136 222
136 719
136 506
136 781
136 327
136 312
136 884
136 903
136 925
136 197
136 157
136 255
136 1059
136 695
136 322
136 1370
136 1436
136 286
136 251
136 141
137 176
137 389
137 373
137 1122
137 1425
140 488
140 332
140 924
140 478
140 1472
140 1525
140 831
140 786
140 705
140 205
140 1688
141 142
141 222
141 164
141 328
142 158
142 335
142 349
142 475
142 497
142 521
142 530
142 563
142 586
142 610
142 659
142 662
142 546
142 290
142 384
142 204
142 752
142 494
142 808
142 819
142 209
142 535
142 889
142 280
142 1025
142 895
142 1098
142 487
142 429
142 1223
142 887
142 489
142 485
142 1342
142 244
142 150
142 143
142 342
142 767
142 443
142 353
142 389
142 347
142 1119
142 300
142 1598
142 1062
142 684
142 1245
142 500
142 878
142 1675
142 721
142 1684
142 177
142 661
143 252
143 317
143 314
143 202
143 269
143 196
144 145
144 435
144 473
144 1676
145 1433
146 147
146 282
146 520
146 717
146 775
146 1431
146 308
147 289
147 379
147 401
147 245
147 153
147 1369
147 246
147 216
148 149
148 252
148 289
148 269
148 401
150 151
150 165
150 216
150 334
150 379
150 339
150 257
150 900
150 902
150 609
150 164
150 1164
150 314
150 252
150 727
150 465
150 159
150 1479
150 245
150 269
150 419
150 319
150 1454
150 256
150 196
152 1327
153 510
153 153
153 256
154 972
154 1009
154 1567
155 409
155 387
156 157
156 1181
157 450
157 617
157 687
157 692
157 255
157 187
157 267
157 922
157 405
157 1085
157 1110
157 680
157 198
157 159
157 426
157 453
157 419
157 470
157 1599
157 1647
157 760
157 209
157 1670
157 865
157 1705
158 399
158 1319
158 1703
159 160
159 199
159 355
159 535
159 373
159 378
159 173
159 653
159 661
159 859
159 895
159 487
159 347
159 603
159 263
159 1049
159 791
159 211
159 662
159 168
159 244
159 1082
159 417
159 247
159 269
159 300
159 878
159 346
159 475
159 1038
159 1181
159 1613
159 1619
159 1542
159 471
159 280
159 429
159 1276
161 801
163 164
164 333
164 362
164 455
164 481
164 803
164 188
164 315
164 609
164 175
164 782
164 342
164 355
164 545
164 713
165 224
166 465
166 269
166 252
166 245
167 168
168 361
168 628
168 696
168 854
168 314
168 579
168 701
168 1252
168 1293
168 480
168 196
168 1509
168 764
168 1411
168 983
169 170
170 432
171 172
171 428
171 454
171 338
171 761
171 857
171 932
171 971
171 579
171 530
171 1186
171 627
171 286
171 1528
171 344
171 695
171 974
171 197
171 796
171 1680
171 908
172 222
173 174
173 252
173 269
174 356
174 372
174 495
174 405
174 445
174 1238
174 1372
174 1387
174 1466
174 1482
174 1487
174 1396
174 1522
175 206
176 467
177 178
177 432
178 433
178 563
181 639
181 703
181 319
181 328
181 951
181 269
181 252
181 638
181 1695
182 183
182 504
182 1104
182 192
184 185
184 325
184 349
185 732
185 1190
187 187
188 246
188 314
188 206
188 245
188 196
188 319
189 190
189 514
189 344
189 1501
189 269
189 626
189 252
190 764
191 192
191 313
191 718
191 469
191 802
191 1358
191 1446
191 474
191 1594
192 243
192 852
194 195
194 611
194 872
196 197
196 288
196 375
196 244
196 485
196 487
196 349
196 542
196 579
196 271
196 391
196 615
196 429
196 887
196 255
196 1016
196 714
196 1084
196 290
196 347
196 850
196 878
196 721
196 634
196 1268
196 1223
196 665
196 661
196 1300
196 803
196 693
196 1352
196 601
196 1403
196 344
196 373
196 494
196 1121
196 1467
196 367
196 1500
196 1217
196 781
196 342
196 222
196 1250
196 666
196 506
196 312
196 627
196 500
196 810
196 662
196 767
196 511
196 475
196 253
196 713
197 234
197 478
198 199
198 402
198 1181
198 791
199 267
200 201
200 775
201 314
201 206
201 1015
201 1240
201 603
201 1443
202 203
202 567
202 574
202 328
202 865
202 255
202 1360
202 419
202 757
202 550
202 223
204 314
206 207
206 333
206 262
206 447
206 244
206 494
206 603
206 693
206 257
206 378
206 347
206 1125
206 500
206 1250
206 475
206 938
206 455
206 768
206 1295
206 511
206 1090
206 628
206 661
206 1627
206 353
206 355
208 209
208 252
208 602
208 269
208 1417
209 869
209 553
210 211
210 775
211 814
211 1110
212 213
212 453
212 1084
212 1542
212 860
213 1327
214 215
214 576
214 755
214 579
214 1276
214 776
215 603
216 347
216 395
216 679
216 309
216 419
216 244
216 579
216 475
216 235
216 280
216 535
216 585
216 429
217 409
218 219
219 373
220 221
221 383
221 685
221 546
221 1606
221 833
221 1086
222 223
222 230
222 454
222 491
222 646
222 786
222 808
222 581
222 1002
222 1030
222 1131
222 975
222 234
222 1233
222 665
222 1290
222 719
222 1318
222 1336
222 695
222 1407
222 385
222 443
222 1307
222 1357
222 1523
222 448
222 563
222 1681
222 910
222 1693
223 776
224 225
224 276
224 604
224 711
224 531
224 1261
224 1382
224 1649
226 227
226 665
226 1455
226 711
226 1043
226 927
226 1476
227 964
227 227
227 700
228 229
228 256
229 314
230 289
231 232
231 336
231 422
231 534
231 670
231 710
231 797
231 719
231 579
231 1028
231 464
231 851
231 407
231 1202
231 557
231 235
231 327
231 463
233 234
233 665
233 448
233 245
234 286
234 338
234 738
234 800
234 683
234 344
234 312
234 695
235 236
235 605
235 366
235 734
235 520
235 1298
235 1346
235 685
235 1089
236 969
238 239
239 252
239 1056
239 1107
239 519
239 1331
239 579
239 1546
240 345
240 1081
240 1471
240 1618
240 956
241 242
241 241
241 1183
241 764
241 1527
241 1411
241 1592
243 474
243 785
243 1110
244 245
244 325
244 317
244 452
244 246
244 319
244 269
244 328
244 624
244 314
245 255
245 475
245 601
245 500
245 653
245 338
245 856
245 429
245 347
245 713
245 1632
245 545
245 333
245 481
246 475
246 280
246 347
246 535
246 268
246 1299
246 500
247 397
247 395
247 937
247 419
247 1287
247 328
247 510
247 478
250 251
252 253
252 371
252 511
252 342
252 688
252 721
252 834
252 322
252 288
252 695
252 429
252 719
252 888
252 666
252 1288
252 1032
252 887
252 997
252 1504
252 1028
252 520
252 504
252 1086
252 1637
252 521
252 357
252 579
252 830
252 1696
253 269
254 394
255 314
256 257
256 347
256 475
256 469
256 609
256 285
256 1348
256 500
256 634
257 1631
258 259
258 628
260 697
260 1207
261 885
262 289
262 700
263 975
263 1524
264 265
264 486
264 350
264 813
264 1454
264 1087
264 1571
265 389
266 267
267 784
267 874
267 1065
267 414
267 507
267 807
267 791
267 402
268 510
268 674
268 1178
268 478
269 270
269 354
269 470
269 504
269 407
269 561
269 571
269 357
269 763
269 765
269 579
269 521
269 883
269 887
269 720
269 277
269 707
269 487
269 429
269 1111
269 520
269 1177
269 420
269 412
269 666
269 849
269 342
269 977
269 288
269 886
269 641
269 695
269 1576
269 1602
269 834
269 954
269 721
269 1656
269 317
269 1086
271 502
271 771
271 1398
272 273
272 735
272 634
272 375
272 982
272 1147
272 1248
272 688
272 613
274 275
275 332
275 589
275 375
275 1069
275 323
275 334
275 1535
275 796
277 278
277 522
277 970
277 1052
279 424
280 317
280 452
280 289
281 282
281 429
282 319
282 712
283 284
283 294
283 424
284 1303
284 980
284 1406
284 1460
285 492
286 314
286 408
286 328
288 465
288 328
289 429
289 338
289 400
289 500
289 394
289 579
289 420
289 346
289 458
289 475
290 408
291 292
292 395
292 423
292 685
294 295
294 331
294 332
294 1172
294 1303
294 1043
296 297
296 933
296 994
296 1569
296 1633
296 1667
298 299
299 776
300 314
300 478
301 302
304 366
305 306
307 308
307 520
308 547
308 463
308 344
309 310
309 522
309 999
310 629
311 701
311 1102
311 1510
311 678
312 328
312 1093
314 489
314 335
314 662
314 406
314 347
314 887
314 977
314 443
314 429
314 878
314 1120
314 331
314 500
314 485
314 315
314 475
314 563
315 319
316 317
317 385
317 546
317 663
317 727
317 851
317 910
317 321
317 1086
317 579
317 347
317 330
317 1583
317 708
318 319
319 349
319 373
319 378
319 347
319 407
319 475
319 650
319 820
319 661
319 666
319 721
319 494
319 535
319 616
319 634
319 545
319 878
319 1245
319 489
319 1038
319 996
319 895
319 342
319 500
319 546
319 1552
319 384
319 887
319 770
319 1322
320 611
320 872
320 467
320 1612
321 478
323 324
323 403
323 518
323 691
323 776
323 362
323 1344
323 429
323 856
324 1355
325 396
325 602
325 599
327 328
327 478
328 374
328 454
328 342
328 694
328 436
328 762
328 796
328 830
328 873
328 392
328 479
328 1013
328 1019
328 1031
328 719
328 1095
328 736
328 487
328 884
328 1404
328 1450
328 1041
328 1010
328 1548
328 557
328 903
328 698
328 1634
328 1528
329 1534
330 465
332 896
332 682
332 1018
332 1040
332 1061
332 704
332 1396
332 661
332 865
335 337
335 427
335 1147
335 1669
337 1152
337 1226
338 510
339 340
339 529
339 565
339 1108
339 552
343 501
343 476
344 705
344 389
347 886
347 474
347 480
347 452
348 1537
349 474
350 351
350 516
350 550
350 678
350 1097
350 1171
350 1330
350 1102
350 1470
350 1510
353 1134
357 1058
358 726
358 711
359 360
360 591
362 538
362 669
362 758
362 866
362 901
362 712
362 408
362 1639
362 1577
363 364
364 667
366 505
366 1301
367 368
367 472
369 370
370 906
370 1106
370 1311
370 1531
371 409
372 999
373 627
373 783
373 905
373 1182
373 1263
373 598
373 508
373 1661
373 1417
375 636
376 377
376 613
379 1317
381 382
382 1140
383 421
387 388
387 408
387 1150
388 876
389 562
389 612
389 635
389 681
389 907
389 467
389 1006
389 1066
389 1129
389 389
389 393
389 1496
389 1417
389 1678
389 606
390 1324
393 394
394 439
394 457
394 686
394 629
394 924
394 560
394 1550
394 1050
394 1000
395 700
395 395
395 1609
397 557
398 664
398 1256
398 398
400 401
401 523
401 751
401 1054
402 1085
402 1666
402 663
405 406
405 1126
405 1246
405 552
407 408
407 478
407 465
407 603
408 578
408 417
408 702
408 719
408 1000
408 1117
408 1218
408 558
408 1041
408 1315
408 1119
408 1445
408 1512
408 1197
408 1572
408 1062
408 903
408 1694
409 748
409 828
409 829
409 1020
409 958
409 1088
409 1515
409 1529
409 1698
409 1701
412 1049
412 892
413 414
414 728
414 934
414 1096
414 1110
414 1308
414 1459
414 1484
416 417
416 787
416 1349
417 908
417 553
417 513
419 811
419 858
419 452
419 437
419 996
419 775
419 1281
419 535
424 1053
424 1460
425 426
425 647
425 1335
425 1564
426 774
426 1457
429 582
429 574
429 565
432 433
432 1089
436 437
436 474
436 802
439 585
442 673
445 446
446 519
448 449
448 1042
448 726
448 603
448 1503
448 1518
448 1521
448 1160
449 520
450 664
450 1363
450 1602
452 475
452 458
452 1016
452 653
452 500
453 1259
454 1394
456 457
457 902
457 1614
458 936
458 652
462 463
462 782
462 661
462 1062
462 1117
462 517
463 1109
463 492
464 465
465 557
465 577
465 595
465 698
465 1010
465 1017
465 1202
466 467
467 613
470 470
470 472
470 999
473 474
473 957
473 1072
473 1530
474 855
474 1060
474 1078
474 828
474 1251
474 1274
474 1338
474 696
474 615
474 1526
474 1538
474 1541
474 1608
474 1611
474 1631
474 478
474 1368
475 886
475 480
475 959
478 479
478 487
478 740
478 887
478 683
479 510
480 481
480 878
481 902
482 483
482 626
485 485
487 510
490 1165
491 495
492 493
492 543
492 568
492 668
492 596
492 911
492 954
492 987
492 1048
492 991
492 1142
492 1170
492 1175
492 582
492 1357
492 1435
492 1473
492 1578
492 1588
492 1601
492 897
492 1240
495 507
495 533
495 630
498 499
498 715
499 538
499 1135
499 1047
502 1605
505 1402
507 1169
507 1194
508 509
510 770
510 657
510 1041
510 771
510 1114
510 599
510 878
510 1245
510 791
511 1364
512 513
513 980
513 1073
513 1047
513 891
513 1148
513 1177
516 700
519 648
519 700
520 560
520 746
520 995
520 1036
520 1203
520 1333
520 1024
520 729
520 1630
520 576
520 1700
522 881
524 525
524 754
524 1095
524 1391
524 570
526 527
527 960
527 1087
527 1420
527 1335
527 1211
527 1699
528 867
531 532
532 1029
532 872
532 1365
532 1397
532 1438
535 1058
535 549
538 715
538 538
539 1706
544 978
548 549
548 629
549 638
549 1339
550 794
550 1004
550 805
550 1517
550 665
551 1178
552 553
553 575
553 651
553 876
553 1511
553 1635
555 556
555 1137
555 1370
558 559
558 643
558 654
558 1328
558 1329
558 571
565 914
569 570
569 603
569 999
570 622
570 853
570 879
570 928
570 930
570 1271
570 747
570 1123
570 1501
570 1539
570 1549
570 1024
580 581
582 583
584 585
589 589
592 593
592 1294
592 1344
592 1425
596 720
597 598
597 597
597 1197
597 1441
598 817
601 1559
603 1166
603 1154
603 1426
603 603
603 1469
605 1690
606 688
607 621
614 615
615 1101
617 907
618 640
618 618
620 621
621 876
621 1644
624 880
626 670
626 1437
627 1094
629 704
630 631
632 633
632 691
633 1023
633 1686
636 1054
637 999
637 1383
639 830
641 642
641 708
641 915
641 1001
641 904
641 1350
641 1060
641 1537
641 1623
644 645
644 747
644 961
644 728
644 1022
651 652
651 1393
651 713
651 999
652 1366
652 652
652 1687
655 656
655 778
658 999
664 1179
669 744
670 735
672 817
673 929
673 1380
673 1046
673 1674
674 675
677 1237
679 679
680 753
686 855
687 1143
688 905
689 690
691 1418
695 886
696 794
699 700
700 1290
700 1347
704 705
705 716
705 927
705 1057
706 707
708 886
708 849
709 1159
710 868
710 875
710 1279
710 1442
710 1573
711 712
711 723
712 949
712 1043
712 1216
712 1065
712 1118
713 714
713 1130
713 713
715 1047
719 1568
720 788
720 1570
721 1027
723 1621
724 725
724 885
724 918
729 730
729 1092
732 1127
732 1128
732 753
732 1356
736 737
736 832
742 850
743 899
744 745
753 1176
753 1485
758 1189
758 991
759 760
766 767
767 1347
767 1591
768 769
774 877
776 777
776 943
776 1697
783 1474
785 916
791 837
791 1310
791 1169
792 793
793 1432
794 1077
797 825
798 799
800 1229
801 802
802 1221
803 1194
804 805
805 1007
805 1280
807 1306
809 810
809 897
812 813
812 1337
817 818
817 1220
817 1260
817 1390
817 1217
820 1058
824 1047
825 826
830 902
831 999
835 836
837 942
838 952
847 848
849 850
851 1317
852 916
860 1014
865 865
869 870
871 872
871 1014
872 962
872 1355
872 1434
875 876
876 947
876 1375
876 1378
880 1341
885 1105
885 1442
890 891
891 981
893 894
896 1036
897 898
902 1123
904 1691
913 914
914 1146
914 1265
914 1309
916 1432
917 918
918 1064
919 920
920 953
920 1345
925 1185
938 942
950 1193
950 1210
954 1616
955 956
957 1124
957 957
957 1486
962 963
965 966
973 1012
980 1249
982 983
983 1376
984 985
987 1345
990 991
992 993
997 997
999 1302
999 1463
1012 1385
1012 1648
1017 1103
1018 1257
1018 1399
1018 1604
1020 1636
1023 1024
1023 1625
1028 1702
1029 1355
1032 1033
1040 1232
1040 1229
1040 1453
1045 1046
1046 1519
1049 1411
1050 1148
1050 1416
1052 1596
1057 1058
1058 1210
1058 1613
1059 1185
1062 1315
1070 1277
1072 1104
1072 1486
1073 1209
1088 1089
1089 1089
1090 1091
1099 1100
1100 1209
1100 1381
1103 1103
1113 1327
1118 1118
1129 1437
1133 1134
1144 1145
1147 1307
1152 1379
1153 1154
1154 1392
1157 1158
1166 1483
1167 1168
1193 1498
1193 1660
1194 1272
1197 1315
1207 1208
1210 1211
1221 1222
1226 1327
1229 1235
1235 1236
1236 1669
1293 1293
1295 1296
1298 1547
1300 1411
1301 1506
1351 1352
1362 1363
1364 1364
1365 1434
1367 1368
1411 1456
1411 1539
1411 1411
1412 1492
1413 1414
1421 1422
1437 1438
1447 1448
1451 1452
1453 1468
1453 1453
1457 1458
1457 1673
1468 1645
1475 1626
1505 1506
1533 1534
1583 1668
1596 1662
