0	0.76992391
1	0.73598403
2	0.65898313
3	0.74916855
4	0.76629574
5	0.75428534
6	0.72536896
7	0.71879025
8	0.69588559
9	0.74986454
10	0.71417961
11	0.75298059
12	0.67380238
13	0.76437486
14	0.55307633
15	0.76246937
16	0.76824791
17	0.76907371
18	0.76938100
19	0.76808894
20	0.76909631
21	0.76956118
22	0.76770434
23	0.76721409
24	0.76875479
25	0.76786626
26	0.76445741
27	0.76534464
28	0.74852965
29	0.76786011
30	0.75267707
31	0.75168354
32	0.75873571
33	0.76248485
34	0.75149861
35	0.76301245
36	0.75898616
37	0.75354218
38	0.75971982
39	0.74798681
40	0.75866290
41	0.73405258
42	0.75861843
43	0.74536716
44	0.72309640
45	0.76341016
46	0.74465815
47	0.75595700
48	0.73659419
49	0.75344062
50	0.69499148
51	0.75609672
52	0.74835839
53	0.74672449
54	0.73329648
55	0.70403825
56	0.71016986
57	0.73791433
58	0.71271138
59	0.74385987
60	0.72025487
61	0.72060082
62	0.71719058
63	0.70479107
64	0.71908984
65	0.69549754
66	0.67863038
67	0.71578411
68	0.73546110
69	0.64244013
70	0.70566093
71	0.72962776
72	0.74360278
73	0.72103399
74	0.69903751
75	0.70717445
76	0.69508092
77	0.66159861
78	0.65291409
79	0.69464955
80	0.66486413
81	0.69643309
82	0.71867305
83	0.65828993
84	0.62971237
85	0.70062301
86	0.67055987
87	0.70524505
88	0.66992907
89	0.64995160
90	0.71125676
91	0.66874496
92	0.72723243
93	0.68468739
94	0.67756765
95	0.69935577
96	0.62295405
97	0.67873825
98	0.63767674
99	0.66753120
100	0.66306929
101	0.72616773
102	0.63892064
103	0.68695561
104	0.62666372
105	0.67383669
106	0.69126192
107	0.63971966
108	0.66404128
109	0.60947993
110	0.64304177
111	0.59897559
112	0.67140811
113	0.63071319
114	0.64482793
115	0.59262342
116	0.67063153
117	0.65038616
118	0.62072260
119	0.59283546
120	0.59925340
121	0.65486347
122	0.66984652
123	0.61602596
124	0.63705643
125	0.59502637
126	0.64633735
127	0.66713407
128	0.63180500
129	0.70491179
130	0.66726486
131	0.63875119
132	0.58847101
133	0.64459468
134	0.61469140
135	0.61053194
136	0.66166143
137	0.63286208
138	0.63656208
139	0.59542146
140	0.66263841
141	0.63507510
142	0.59726978
143	0.67171499
144	0.62975700
145	0.63089861
146	0.61041335
147	0.65165651
148	0.64735070
149	0.64625340
150	0.63704505
151	0.67864259
152	0.65138280
153	0.63892187
154	0.61459836
155	0.63365192
156	0.63700991
157	0.60507256
158	0.57508182
159	0.63937338
160	0.58255446
161	0.63782645
162	0.63493235
163	0.60717559
164	0.60217379
165	0.61269050
166	0.56204726
167	0.62292408
168	0.64863563
169	0.61631712
170	0.63599984
171	0.58350942
172	0.63236560
173	0.65867379
174	0.62893776
175	0.52182113
176	0.57778935
177	0.56509705
178	0.59916945
179	0.60509124
180	0.60253571
181	0.61041884
182	0.55998690
183	0.60046634
184	0.54337043
185	0.57343317
186	0.57553276
187	0.55530319
188	0.52272498
189	0.57941073
190	0.57455774
191	0.60197731
192	0.59495332
193	0.64328346
194	0.59485667
195	0.55739738
196	0.55348444
197	0.56156249
198	0.55744472
199	0.54053006
200	0.60092629
201	0.59845651
202	0.55212367
203	0.54713194
204	0.62848550
205	0.51676929
206	0.54720442
207	0.58135086
208	0.59630328
209	0.54779664
210	0.63937502
211	0.55248133
212	0.58190229
213	0.57999754
214	0.57824996
215	0.57048927
216	0.56305880
217	0.58000467
218	0.55942670
219	0.55461114
220	0.55420581
221	0.58045774
222	0.52585012
223	0.53779353
224	0.51647723
225	0.58046937
226	0.55319894
227	0.58495397
228	0.55026257
229	0.56049648
230	0.55040622
231	0.53787330
232	0.55352228
233	0.53459762
234	0.51539156
235	0.58821744
236	0.53535815
237	0.56651605
238	0.56496921
239	0.58937551
240	0.52466331
241	0.50992391
242	0.58224873
243	0.57482473
244	0.52726405
245	0.55456052
246	0.54039681
247	0.54823030
248	0.53068591
249	0.55773030
250	0.57276642
251	0.54470049
252	0.56812408
253	0.58413268
254	0.56114578
255	0.54511630
256	0.52879099
257	0.56511057
258	0.56873194
259	0.52706241
260	0.50316290
261	0.54789681
262	0.57281229
263	0.52231089
264	0.53896986
265	0.54959001
266	0.51848477
267	0.50073833
268	0.52080082
269	0.55698853
270	0.52329419
271	0.51534980
272	0.55340057
273	0.54749599
274	0.50722801
275	0.52478698
276	0.52019287
277	0.59147412
278	0.50520925
279	0.50974431
280	0.51095029
281	0.50356667
282	0.52139238
283	0.53732768
284	0.51007895
285	0.57102621
286	0.50013063
287	0.55874840
288	0.51281835
289	0.52905233
290	0.51859984
291	0.54063006
292	0.55995594
293	0.53050598
294	0.48145250
295	0.50369427
296	0.50024676
297	0.50454062
298	0.50943554
299	0.53039574
300	0.50869959
301	0.55344726
302	0.51348943
303	0.51187772
304	0.50607821
305	0.52398493
306	0.52502686
307	0.51705782
308	0.51452113
309	0.50946486
310	0.51597838
311	0.50763726
312	0.52663948
313	0.50025930
314	0.51113505
315	0.47515979
316	0.50242023
317	0.53265061
318	0.47527699
319	0.51373882
320	0.54545291
321	0.49999943
322	0.50537019
323	0.50189410
324	0.48193268
325	0.48587142
326	0.49763898
327	0.51874283
328	0.54499992
329	0.55058722
330	0.49032236
331	0.49050811
332	0.48189926
333	0.54448280
334	0.48541753
335	0.51550549
336	0.52712285
337	0.52584316
338	0.50714873
339	0.50353104
340	0.49140434
341	0.49155987
342	0.54106126
343	0.49659312
344	0.51438624
345	0.51600672
346	0.48228812
347	0.50695569
348	0.50192097
349	0.47882219
350	0.53004439
351	0.48774709
352	0.51546175
353	0.48810565
354	0.50498747
355	0.49577658
356	0.49774775
357	0.46242514
358	0.47537486
359	0.49538010
360	0.49686814
361	0.47813006
362	0.46221638
363	0.47763243
364	0.48447846
365	0.50607699
366	0.47481458
367	0.49552760
368	0.49813333
369	0.50509574
370	0.47773374
371	0.46983948
372	0.50868485
373	0.47715946
374	0.48826470
375	0.46522342
376	0.46643350
377	0.46447625
378	0.50630713
379	0.48201802
380	0.48834906
381	0.48838649
382	0.46030262
383	0.48396708
384	0.52499443
385	0.47604496
386	0.46946986
387	0.46640631
388	0.48168976
389	0.47991556
390	0.48319287
391	0.48980066
392	0.46410213
393	0.48126830
394	0.49370156
395	0.46643571
396	0.48064480
397	0.48417740
398	0.48772400
399	0.47210090
400	0.48224660
401	0.48182703
402	0.48459328
403	0.49007305
404	0.48820311
405	0.47724693
406	0.47361581
