0	0.75701610
1	0.72933042
2	0.74776699
3	0.73442460
4	0.60516756
5	0.58270526
6	0.41598689
7	0.67086739
8	0.74007589
9	0.74763382
10	0.72105267
11	0.70364684
12	0.68165930
13	0.75217249
14	0.74032411
15	0.73351052
16	0.75698722
17	0.75685712
18	0.75271327
19	0.75469150
20	0.75610218
21	0.75624045
22	0.75580194
23	0.75235364
24	0.75362735
25	0.75474361
26	0.75512540
27	0.75197362
28	0.75431327
29	0.75684450
30	0.75227144
31	0.74424061
32	0.75115032
33	0.73046958
34	0.73659118
35	0.74946408
36	0.72997888
37	0.74637152
38	0.74114903
39	0.73540971
40	0.74860324
41	0.72598382
42	0.71950866
43	0.73835065
44	0.68417977
45	0.72196853
46	0.73322832
47	0.73666165
48	0.73284806
49	0.71812217
50	0.71321286
51	0.67229595
52	0.71430445
53	0.72900623
54	0.70861440
55	0.73691303
56	0.71423657
57	0.71358956
58	0.71901812
59	0.69744798
60	0.68502557
61	0.68942144
62	0.69748786
63	0.72297532
64	0.72660655
65	0.69338754
66	0.66390283
67	0.67989968
68	0.67058277
69	0.71861723
70	0.71215396
71	0.67774871
72	0.68301561
73	0.65825947
74	0.70147718
75	0.70422896
76	0.67075550
77	0.63842128
78	0.64329539
79	0.60178689
80	0.72424434
81	0.65369199
82	0.61079490
83	0.64980890
84	0.69602371
85	0.67910680
86	0.67177945
87	0.56309134
88	0.62837694
89	0.69137387
90	0.67925024
91	0.66517856
92	0.58282670
93	0.66140429
94	0.59440283
95	0.65139798
96	0.61075348
97	0.63535186
98	0.66819361
99	0.67446319
100	0.64771052
101	0.67788277
102	0.61278989
103	0.66820672
104	0.62571934
105	0.65561796
106	0.65406505
107	0.67813212
108	0.68546739
109	0.64530979
110	0.59639142
111	0.65668722
112	0.62661157
113	0.63185089
114	0.59218552
115	0.61736553
116	0.64273576
117	0.63746634
118	0.67951998
119	0.63486351
120	0.54111181
121	0.62981294
122	0.62449822
123	0.65330841
124	0.63220858
125	0.57378600
126	0.58429895
127	0.62035591
128	0.61121343
129	0.63338123
130	0.61882249
131	0.64024029
132	0.59686942
133	0.62217638
134	0.66549110
135	0.59442160
136	0.67970283
137	0.69497581
138	0.61065825
139	0.63734256
140	0.59474021
141	0.65539531
142	0.60291885
143	0.57334037
144	0.62385833
145	0.59446545
146	0.55937994
147	0.66171950
148	0.59937896
149	0.63545574
150	0.66240388
151	0.58084887
152	0.65928172
153	0.59692476
154	0.58368050
155	0.59956634
156	0.53859871
157	0.63432411
158	0.64993835
159	0.64607176
160	0.58198972
161	0.54763956
162	0.56139717
163	0.60869401
164	0.57531966
165	0.63007314
166	0.62499506
167	0.55230995
168	0.57606893
169	0.56227233
170	0.57384401
171	0.57024782
172	0.56153447
173	0.52951100
174	0.61564264
175	0.58970291
176	0.57724709
177	0.61354102
178	0.58208341
179	0.54710655
180	0.57850421
181	0.56189304
182	0.59702807
183	0.55248819
184	0.54608066
185	0.54767411
186	0.53638819
187	0.53941375
188	0.55512403
189	0.61516392
190	0.59314231
191	0.56667257
192	0.52652306
193	0.56464442
194	0.55383697
195	0.56827832
196	0.59064717
197	0.55955243
198	0.49801723
199	0.57852994
200	0.61590170
201	0.60070752
202	0.59471513
203	0.57745453
204	0.51839903
205	0.57321230
206	0.54019361
207	0.55025947
208	0.59545930
209	0.52115097
210	0.58102023
211	0.52976521
212	0.52016788
213	0.52814693
214	0.51568940
215	0.57720008
216	0.54822638
217	0.54794005
218	0.52730340
219	0.51476723
220	0.52694239
221	0.52875057
222	0.51871068
223	0.55817484
224	0.57697549
225	0.54007718
226	0.53293147
227	0.56287071
228	0.54941044
229	0.50295340
230	0.56739223
231	0.49736149
232	0.55484563
233	0.54183519
234	0.49143398
235	0.55295307
236	0.52342646
237	0.51644684
238	0.52734701
239	0.53171222
240	0.57518301
241	0.53379935
242	0.57455704
243	0.53898916
244	0.54477646
245	0.51675858
246	0.50548851
247	0.51937322
248	0.50284078
249	0.54032023
250	0.55159393
251	0.49842298
252	0.53566756
253	0.55237403
254	0.48908301
255	0.49266481
256	0.53934531
257	0.53732824
258	0.48611917
259	0.53097160
260	0.49233552
261	0.57156489
262	0.56336076
263	0.51084935
264	0.47338892
265	0.52188892
266	0.54370000
267	0.53222031
268	0.50092314
269	0.50934531
270	0.50479531
271	0.48270040
272	0.50971359
273	0.46778835
274	0.53157168
275	0.48659377
276	0.49371189
277	0.51697767
278	0.53269515
279	0.47344426
280	0.50205801
281	0.53737330
282	0.50876383
283	0.49525971
284	0.50665728
285	0.48848552
286	0.46179207
287	0.50818050
288	0.48972435
289	0.50992338
290	0.48738697
291	0.51692120
292	0.50670971
293	0.52290558
294	0.51927945
295	0.48464231
296	0.48429676
297	0.48785251
298	0.51458196
299	0.52746812
300	0.51803948
301	0.48481084
302	0.54655186
303	0.49182646
304	0.47956497
305	0.53001537
306	0.47274879
307	0.47088972
308	0.50223608
309	0.50502476
310	0.54812629
311	0.47256667
312	0.47401634
313	0.50899256
314	0.49859741
315	0.50846117
316	0.51663924
317	0.46889045
318	0.49160259
319	0.49861820
320	0.52073528
321	0.50385178
322	0.48184612
323	0.49029239
324	0.47438972
325	0.49348900
326	0.47897411
327	0.52177613
328	0.48670841
329	0.50150235
330	0.50308414
331	0.48927621
332	0.46783406
333	0.49804976
334	0.45339911
335	0.48743528
336	0.48014183
337	0.51150081
338	0.48037184
339	0.49518026
340	0.50471222
341	0.46972710
342	0.47894652
343	0.47735898
344	0.47920073
345	0.50897484
346	0.47715170
347	0.51073560
348	0.49274571
349	0.45462565
350	0.46149369
351	0.48648212
352	0.47844701
353	0.50009798
354	0.46677977
355	0.48547589
356	0.51326270
357	0.47881392
358	0.47972330
359	0.46991699
360	0.49524417
361	0.46126513
362	0.46833786
363	0.47431917
364	0.45761076
365	0.46397985
366	0.48602460
367	0.49625243
368	0.48029563
369	0.46026197
370	0.48735825
371	0.47752354
372	0.46643932
373	0.47704636
374	0.46685348
375	0.45181578
376	0.47119328
377	0.45605655
378	0.45322929
379	0.47568689
380	0.47512872
381	0.48605906
382	0.45966230
383	0.45049636
384	0.47849078
385	0.48299976
386	0.45945396
387	0.47161206
388	0.48261456
389	0.46812710
390	0.46770445
391	0.47700146
392	0.47777346
393	0.46372176
394	0.48902613
395	0.45994587
396	0.44267265
397	0.46702605
398	0.44823519
399	0.46547994
400	0.43114183
401	0.49748358
402	0.46773681
403	0.44779417
404	0.46154927
405	0.43735154
406	0.44657953
407	0.45791877
408	0.45862015
409	0.45914871
410	0.47338964
411	0.46103576
