0	0.74571637
1	0.60659941
2	0.67483091
3	0.16512937
4	0.71818576
5	0.69893891
6	0.71006028
7	0.66640404
8	0.74456380
9	0.65774890
10	0.72055308
11	0.64535037
12	0.74258128
13	0.71807606
14	0.58488869
15	0.64496887
16	0.74551601
17	0.74580514
18	0.74537599
19	0.74510419
20	0.74463282
21	0.74469442
22	0.74491366
23	0.74402445
24	0.74394185
25	0.74386256
26	0.74073744
27	0.73455022
28	0.73471821
29	0.74197518
30	0.74024559
31	0.73428348
32	0.74285521
33	0.73749853
34	0.74147232
35	0.72228025
36	0.73831916
37	0.73624126
38	0.72208326
39	0.72036894
40	0.73242078
41	0.68225514
42	0.72552577
43	0.73056417
44	0.71710742
45	0.72479706
46	0.70667746
47	0.70751454
48	0.73470213
49	0.72218568
50	0.72242247
51	0.70846872
52	0.72589148
53	0.69799949
54	0.64171527
55	0.71652548
56	0.67404545
57	0.69501946
58	0.72247606
59	0.73501505
60	0.68219332
61	0.69193260
62	0.68243913
63	0.70382753
64	0.70652283
65	0.60584853
66	0.69497651
67	0.71005198
68	0.66815977
69	0.68214398
70	0.62985125
71	0.70834772
72	0.69848789
73	0.70711880
74	0.68635022
75	0.70855132
76	0.66200698
77	0.65287966
78	0.63502783
79	0.66512871
80	0.70298502
81	0.65944178
82	0.62983245
83	0.69985529
84	0.66199677
85	0.68794949
86	0.68898032
87	0.65594956
88	0.66604053
89	0.68503796
90	0.66532408
91	0.66580793
92	0.66106681
93	0.66783884
94	0.63193737
95	0.60378877
96	0.66155455
97	0.61066322
98	0.65567974
99	0.67695308
100	0.66716182
101	0.63486975
102	0.62291681
103	0.62215396
104	0.55018201
105	0.63588906
106	0.63730874
107	0.63733385
108	0.62692254
109	0.68897651
110	0.66918899
111	0.65605125
112	0.55719156
113	0.62708877
114	0.64741564
115	0.63295683
116	0.59089802
117	0.60602137
118	0.70496836
119	0.60266557
120	0.62261652
121	0.66844934
122	0.59670389
123	0.58093686
124	0.56709501
125	0.62323899
126	0.64442283
127	0.61261211
128	0.60172364
129	0.67821769
130	0.65704824
131	0.58061667
132	0.61311197
133	0.61321307
134	0.58906652
135	0.56603201
136	0.59859339
137	0.57351858
138	0.55496043
139	0.62178943
140	0.52934919
141	0.61419604
142	0.59901087
143	0.53801256
144	0.62155859
145	0.64579200
146	0.61040360
147	0.52990345
148	0.61866035
149	0.62332834
150	0.58455257
151	0.59461799
152	0.60436571
153	0.61147203
154	0.59636233
155	0.57627335
156	0.63985646
157	0.59006703
158	0.60145962
159	0.58781520
160	0.61260162
161	0.63185154
162	0.60255132
163	0.59098392
164	0.56894934
165	0.46876079
166	0.56483715
167	0.60253906
168	0.63828510
169	0.56472298
170	0.59178781
171	0.57182085
172	0.61794075
173	0.56539163
174	0.57054273
175	0.61132937
176	0.55614207
177	0.58553010
178	0.58804670
179	0.58852210
180	0.56077217
181	0.56886270
182	0.59122070
183	0.53832467
184	0.53098950
185	0.53715830
186	0.52902107
187	0.56567944
188	0.58935800
189	0.56490191
190	0.57434963
191	0.60088744
192	0.55987173
193	0.52005463
194	0.56591630
195	0.52635727
196	0.51607063
197	0.56726740
198	0.55625859
199	0.50566924
200	0.58389626
201	0.60150169
202	0.57210837
203	0.56156975
204	0.54803106
205	0.55836256
206	0.49391138
207	0.53981087
208	0.52024978
209	0.58538025
210	0.52850536
211	0.49874258
212	0.55384706
213	0.52994868
214	0.58436211
215	0.58289060
216	0.49912900
217	0.49716395
218	0.54323554
219	0.52231336
220	0.55220470
221	0.54837540
222	0.51341777
223	0.56401278
224	0.60098847
225	0.52976571
226	0.52267254
227	0.49657254
228	0.52427805
229	0.48744369
230	0.49318392
231	0.52478238
232	0.51074508
233	0.57460499
234	0.53341057
235	0.56163003
236	0.51574604
237	0.57229860
238	0.50816336
239	0.51328649
240	0.54892562
241	0.53150499
242	0.53066791
243	0.56260220
244	0.52160162
245	0.53432408
246	0.50091043
247	0.51465932
248	0.56422996
249	0.52989537
250	0.49270573
251	0.52290095
252	0.53875477
253	0.54341652
254	0.49759178
255	0.51490507
256	0.51925147
257	0.49736982
258	0.51451953
259	0.50709537
260	0.50454934
261	0.50563047
262	0.51288113
263	0.49746593
264	0.59450595
265	0.53781535
266	0.51111777
267	0.52575698
268	0.50008289
269	0.50849736
270	0.51682496
271	0.50893561
272	0.48492203
273	0.47019016
274	0.50695609
275	0.53284816
276	0.49539934
277	0.50427151
278	0.46733671
279	0.48594479
280	0.53714097
281	0.50581814
282	0.49518253
283	0.53996696
284	0.50040095
285	0.48859816
286	0.47934170
287	0.55002159
288	0.44923737
289	0.51891601
290	0.45972577
291	0.52386322
292	0.46655125
293	0.54103421
294	0.47013532
295	0.49543744
296	0.46964875
297	0.54575587
298	0.50265396
299	0.51079222
300	0.51771843
301	0.51953994
302	0.51010573
303	0.50791637
304	0.47632195
305	0.47248231
306	0.48621718
307	0.47428700
308	0.45847695
309	0.48144860
310	0.54658003
311	0.53995140
312	0.50518517
313	0.46895815
314	0.46282540
315	0.50178113
316	0.47505852
317	0.47953054
318	0.44315352
319	0.51257562
320	0.47244398
321	0.50352129
322	0.44868399
323	0.52344537
324	0.52376953
325	0.49015352
326	0.44477070
327	0.47498333
328	0.47931593
329	0.53160382
330	0.50637562
331	0.51892078
332	0.51902577
333	0.53343282
334	0.51959126
335	0.44365756
336	0.50450969
337	0.51721505
338	0.45440059
339	0.48392863
340	0.47102628
341	0.49275778
342	0.50194097
343	0.50454134
344	0.49223216
345	0.45918950
346	0.49201439
347	0.52257827
348	0.50375301
349	0.50180565
350	0.46682695
351	0.46666175
352	0.45542188
353	0.48080749
354	0.48966131
355	0.45746718
356	0.46536931
357	0.46870345
358	0.47549875
359	0.46397628
360	0.49426410
361	0.46488510
362	0.48658752
363	0.47984420
364	0.47095844
365	0.44859229
366	0.49337533
367	0.48174060
368	0.46222761
369	0.44947012
370	0.47336564
371	0.47485382
372	0.49215653
373	0.44211814
374	0.47192628
375	0.51504809
376	0.45590977
377	0.45172335
378	0.45170389
379	0.46747372
380	0.46254457
381	0.45929919
382	0.50726505
383	0.47005925
384	0.47422834
385	0.44976432
386	0.46347041
387	0.43406072
388	0.47827548
389	0.45180220
390	0.45219934
391	0.46566850
392	0.48846916
393	0.47320947
394	0.45765345
395	0.46863407
396	0.43747313
397	0.43756366
398	0.45555088
399	0.44958840
400	0.44432203
401	0.44771204
402	0.46906101
403	0.47210242
404	0.44335954
405	0.45796094
406	0.46164134
407	0.48451043
408	0.44711960
409	0.42149655
410	0.44409060
411	0.44020830
412	0.46167592
413	0.46672379
414	0.47119508
415	0.49166997
416	0.43036050
417	0.46529369
418	0.43611975
419	0.46718546
420	0.47951300
421	0.44042526
422	0.48056542
423	0.46606454
424	0.43996285
425	0.42977166
426	0.45193003
427	0.46057026
428	0.44477966
429	0.45404214
430	0.42695749
431	0.44860382
432	0.44535059
433	0.45621373
434	0.46071094
435	0.44049706
436	0.44083568
437	0.44799354
438	0.43639633
439	0.43138576
440	0.45505455
441	0.44336843
442	0.46242203
443	0.44259787
444	0.42870940
445	0.45178840
446	0.43729016
447	0.42927885
448	0.42473708
449	0.44870330
450	0.42125330
451	0.44582298
452	0.45526248
453	0.43344229
