0	0.75244700
1	0.74760314
2	0.74574031
3	0.74635649
4	0.72811344
5	0.69893229
6	0.71935352
7	0.72842903
8	0.74492397
9	0.72907801
10	0.74519965
11	0.73043246
12	0.74313234
13	0.74385375
14	0.69080797
15	0.66381111
16	0.75265556
17	0.75266614
18	0.75255207
19	0.75218162
20	0.75215236
21	0.75172949
22	0.75253659
23	0.74186742
24	0.73310175
25	0.75072728
26	0.75105079
27	0.75240826
28	0.74355759
29	0.75233682
30	0.74990494
31	0.73674590
32	0.74859831
33	0.74771990
34	0.73903607
35	0.75090535
36	0.75009529
37	0.72010442
38	0.73032676
39	0.73739087
40	0.74698243
41	0.73834334
42	0.75057167
43	0.72721373
44	0.72819337
45	0.71940308
46	0.74423165
47	0.73417452
48	0.74545026
49	0.72975259
50	0.72652112
51	0.73046661
52	0.68056172
53	0.73544043
54	0.71688581
55	0.73083304
56	0.72733967
57	0.72498720
58	0.72386614
59	0.73495189
60	0.71750593
61	0.72980593
62	0.71000634
63	0.72750151
64	0.71482542
65	0.72027516
66	0.71639802
67	0.72318104
68	0.71631012
69	0.70767004
70	0.67883694
71	0.72470518
72	0.71050326
73	0.68698650
74	0.72425934
75	0.68892600
76	0.69824276
77	0.71403607
78	0.63825131
79	0.71964066
80	0.68833170
81	0.65480809
82	0.72227208
83	0.70320017
84	0.67747283
85	0.67016736
86	0.65688604
87	0.70762775
88	0.69323624
89	0.64643234
90	0.71755334
91	0.64745608
92	0.71242368
93	0.68210838
94	0.68331268
95	0.67850832
96	0.72016684
97	0.68449017
98	0.64578924
99	0.64943165
100	0.69869657
101	0.70587103
102	0.68989017
103	0.63586236
104	0.67352088
105	0.69886225
106	0.63340849
107	0.68037155
108	0.65325614
109	0.65017516
110	0.67168912
111	0.67279959
112	0.62180425
113	0.67686149
114	0.70583054
115	0.61429558
116	0.59569331
117	0.68005788
118	0.69088057
119	0.65878348
120	0.63335003
121	0.67846690
122	0.69241385
123	0.65957365
124	0.63616178
125	0.71133869
126	0.67177592
127	0.63020023
128	0.65968511
129	0.70887917
130	0.66116056
131	0.66062344
132	0.61874276
133	0.64192862
134	0.57705317
135	0.56233432
136	0.63412792
137	0.64829302
138	0.63106748
139	0.57246370
140	0.60023304
141	0.65994811
142	0.63459302
143	0.63805515
144	0.61921600
145	0.63636399
146	0.62004450
147	0.66349005
148	0.61229366
149	0.67269436
150	0.64791158
151	0.66923368
152	0.62581297
153	0.67721862
154	0.63599023
155	0.64600076
156	0.62990942
157	0.70211652
158	0.60498557
159	0.59004264
160	0.64288982
161	0.62815102
162	0.63294846
163	0.64759930
164	0.60364241
165	0.58980698
166	0.61214689
167	0.62755608
168	0.65111926
169	0.60431513
170	0.63472816
171	0.56946579
172	0.62123037
173	0.68649535
174	0.59190628
175	0.62148226
176	0.59570442
177	0.59847435
178	0.62194875
179	0.62420070
180	0.60137150
181	0.62711617
182	0.61848243
183	0.62050122
184	0.59142845
185	0.60485212
186	0.58853054
187	0.60484898
188	0.58496050
189	0.60916370
190	0.59334410
191	0.55389430
192	0.61538662
193	0.62076626
194	0.65330524
195	0.56855393
196	0.51637219
197	0.54422920
198	0.56453956
199	0.62249802
200	0.59640739
201	0.55390006
202	0.61145433
203	0.58603770
204	0.56941291
205	0.64464031
206	0.61070145
207	0.62302659
208	0.59514933
209	0.53562676
210	0.55827341
211	0.56812344
212	0.63164148
213	0.56514008
214	0.56777609
215	0.59982821
216	0.56498296
217	0.55467120
218	0.54971937
219	0.60499046
220	0.59192379
221	0.61544026
222	0.61011449
223	0.60614049
224	0.55359186
225	0.58036806
226	0.58627307
227	0.59100838
228	0.60278330
229	0.59402432
230	0.55343525
231	0.55563967
232	0.57598557
233	0.57069535
234	0.54698959
235	0.62252019
236	0.60358906
237	0.57256981
238	0.56076341
239	0.53791576
240	0.56542862
241	0.57333426
242	0.59671152
243	0.58675393
244	0.56796475
245	0.54742112
246	0.56468505
247	0.52352490
248	0.56864590
249	0.52089471
250	0.53456428
251	0.55527435
252	0.51137528
253	0.58261931
254	0.54226289
255	0.55325835
256	0.51267225
257	0.60551210
258	0.55151896
259	0.55736707
260	0.56094538
261	0.56137033
262	0.60471978
263	0.58952263
264	0.49866178
265	0.62623624
266	0.51211117
267	0.56736091
268	0.61064764
269	0.58293473
270	0.51644078
271	0.54415748
272	0.55180855
273	0.62332519
274	0.52463013
275	0.58686958
276	0.51400878
277	0.52345585
278	0.57260070
279	0.55731338
280	0.56026684
281	0.58917097
282	0.56794491
283	0.58942967
284	0.52744270
285	0.60939226
286	0.51732024
287	0.54795474
288	0.56966137
289	0.56276387
290	0.56861862
291	0.51151513
292	0.55164421
293	0.49939029
294	0.58115846
295	0.56462682
296	0.50079465
297	0.55096812
298	0.49666533
299	0.55146992
300	0.49827778
301	0.59231117
302	0.55884223
303	0.48841251
304	0.55629796
305	0.53101001
306	0.54025131
307	0.52310081
308	0.50190605
309	0.55246114
310	0.54273985
311	0.49788639
312	0.53008825
313	0.49989750
314	0.54673514
315	0.54074636
316	0.53891536
317	0.55669866
318	0.50506422
319	0.48351891
320	0.50648743
321	0.54411379
322	0.49871739
323	0.50350430
324	0.54930111
325	0.53256923
326	0.52616417
327	0.51115817
328	0.54709773
329	0.52495881
330	0.53780576
331	0.58208703
332	0.53132612
333	0.54168080
334	0.56045416
335	0.52805788
336	0.46768214
337	0.51314811
338	0.59403485
339	0.51453293
340	0.52454700
341	0.47911827
342	0.52512414
343	0.54284206
344	0.53229500
345	0.48862816
346	0.54274282
347	0.51679849
348	0.52796207
349	0.51361966
350	0.51770733
351	0.50488860
352	0.52332734
353	0.52004212
354	0.51396521
355	0.52361972
356	0.52885137
357	0.53787033
358	0.53421309
359	0.56861518
360	0.52312589
361	0.50062420
362	0.51649604
363	0.48194130
364	0.51915189
365	0.52553170
366	0.53130750
367	0.48800477
368	0.52441478
369	0.48891879
370	0.50857539
371	0.47664282
372	0.50819744
373	0.54826219
374	0.56525404
375	0.55501344
376	0.49684811
377	0.47056800
378	0.55371396
379	0.50737702
380	0.50697661
381	0.47706835
382	0.50735462
383	0.52119104
384	0.50050692
385	0.55163333
386	0.55100500
387	0.49016719
388	0.52876702
389	0.48971082
390	0.50805608
391	0.54257440
392	0.49325957
393	0.48882304
394	0.51771687
395	0.46848045
396	0.47265265
397	0.50538767
398	0.51122874
399	0.52170681
400	0.46557813
401	0.48137144
402	0.44627493
403	0.47430721
404	0.49495271
405	0.49507510
406	0.49632432
407	0.51954933
408	0.49519622
409	0.46112397
410	0.48008371
411	0.47527568
412	0.49318691
413	0.50691699
414	0.48899831
415	0.49586888
416	0.45357882
417	0.46533822
418	0.49148266
419	0.46893421
420	0.46561460
421	0.52830652
422	0.52104200
423	0.47143845
424	0.47458482
425	0.48116475
426	0.48430209
427	0.50900454
428	0.50567813
429	0.53319564
430	0.49127714
431	0.49252548
432	0.51657091
433	0.47611437
434	0.48777906
435	0.46744031
436	0.50171286
437	0.50465230
438	0.47690902
439	0.47551699
440	0.46334474
441	0.44168569
442	0.49735352
443	0.50708999
444	0.51750820
445	0.48508610
446	0.46342746
447	0.46196312
448	0.47026556
449	0.50786126
450	0.43958330
451	0.46198749
452	0.49244014
453	0.49078714
454	0.46016783
455	0.47684956
456	0.47999273
457	0.52884642
458	0.48016440
459	0.44820582
460	0.46954555
461	0.48876579
462	0.44167219
463	0.46531466
464	0.48726015
465	0.50438063
466	0.46922083
467	0.44488551
468	0.47165643
469	0.48313141
470	0.47013310
471	0.48901931
472	0.51690570
473	0.46581501
474	0.47619709
475	0.50031536
476	0.47146277
477	0.46114456
478	0.45755364
479	0.49587324
480	0.47039884
481	0.45610634
482	0.49914916
483	0.48596876
484	0.47639581
485	0.47954183
486	0.45858953
487	0.48080326
488	0.48872257
489	0.45185509
490	0.48538883
491	0.45817551
492	0.48567150
493	0.46630436
494	0.46685305
495	0.46834462
496	0.44850849
497	0.47858807
498	0.46242740
499	0.45727580
500	0.48733828
501	0.46956294
502	0.49782414
503	0.46182042
504	0.48734782
505	0.45970448
506	0.45214154
507	0.45452333
508	0.43917859
509	0.48734613
510	0.45124002
511	0.47718429
512	0.45338330
513	0.46939843
514	0.46932862
515	0.46915689
516	0.45852379
517	0.44863915
518	0.47016259
519	0.47133229
520	0.44497446
521	0.44416161
522	0.46758115
523	0.47188319
524	0.43836841
525	0.46824764
526	0.45230820
527	0.46397493
528	0.46511105
529	0.44975928
530	0.46787964
531	0.45233362
532	0.47951734
533	0.45423194
534	0.47746917
535	0.43991611
536	0.44552798
537	0.42841216
538	0.44490937
539	0.44925963
540	0.43252932
541	0.44539924
542	0.46738935
543	0.43087638
544	0.44486545
545	0.46585858
546	0.45249366
547	0.43786015
548	0.43931803
549	0.46875148
550	0.47327644
551	0.44920361
552	0.49142781
553	0.44867888
554	0.47872408
555	0.44917068
556	0.44633589
557	0.47048330
558	0.46741443
559	0.44540052
560	0.44606795
561	0.46257999
562	0.44634916
563	0.43320995
564	0.43905916
565	0.44687574
566	0.46011902
567	0.46758447
568	0.45214328
569	0.44775945
570	0.47235410
571	0.45713403
572	0.44258994
