0	0.26398055
1	0.09451172
2	0.20817140
3	0.13560136
4	0.30012713
5	0.15761076
6	0.19290768
7	0.06769798
8	0.14254568
9	0.07867201
10	0.13346129
11	0.04627377
12	0.28495644
13	0.07943224
14	0.06880470
15	0.21266473
16	0.08533497
17	0.20406190
18	0.09631769
19	0.19798747
20	0.17079399
21	0.15440308
22	0.17047125
23	0.11450824
24	0.14385599
25	0.17800328
26	0.11829308
27	0.18108090
28	0.18562926
29	0.10718393
30	0.09504447
31	0.02491051
32	0.21916352
33	0.15231319
34	0.31040677
35	0.19150520
36	0.21268909
37	0.18982759
38	0.18630465
39	0.16247494
40	0.10288504
41	0.14898358
42	0.19064012
43	0.28159722
44	0.18800692
45	0.04393204
46	0.14319581
47	0.10118434
48	0.32114588
49	0.14347878
50	0.10433133
51	0.14138514
52	0.12990571
53	0.17789510
54	0.11266054
55	0.20882739
56	0.17375988
57	0.27688959
58	0.22727403
59	0.01562107
60	0.21920632
61	0.12559636
62	0.09211187
63	0.06991521
64	0.14803967
65	0.25016630
66	0.23514416
67	0.27433663
68	0.13296877
69	0.13579879
70	0.20595654
71	0.25528423
72	0.12827433
73	0.22189899
74	0.28382132
75	0.19914073
76	0.22321051
77	0.19606155
78	0.12304952
79	0.08579722
80	0.16337665
81	0.12339338
82	0.11223436
83	0.25158550
84	0.07875533
85	0.26577671
86	0.19994957
87	0.13984629
88	0.25052410
89	0.19014442
90	0.35324386
91	0.10739267
92	0.19335240
93	0.15142607
94	0.08214169
95	0.23484204
96	0.16420076
97	0.27053552
98	0.04846963
99	0.30800904
100	0.10862855
101	0.09742648
102	0.22106589
103	0.11125659
104	0.08457969
105	0.13021920
106	0.15791410
107	0.08391839
108	0.08769267
109	0.13510869
110	0.15317034
111	0.14703906
112	0.25710606
113	0.07242304
114	0.17342865
115	0.09695947
116	0.04771112
117	0.04140652
118	0.16158236
119	0.11847802
120	0.13822602
121	0.17483805
122	0.20095270
123	0.19301890
124	0.13486316
125	0.10468434
126	0.14220460
127	0.15087347
128	0.19011051
129	0.02014664
130	0.12441021
131	0.20472314
132	0.17426397
133	0.08741642
134	0.25833739
135	0.29822405
136	0.05972572
137	0.34009282
138	0.14626008
139	0.29101440
140	0.14973274
141	0.02222183
142	0.07201339
143	0.03965614
144	0.20815912
145	0.06458530
146	0.30284240
147	0.23894012
148	0.26279889
149	0.18752041
150	0.27439550
151	0.21178878
152	0.19038767
153	0.12463557
154	0.18373173
155	0.10738317
156	0.16278994
157	0.17296594
158	0.18122845
159	0.18273643
160	0.19667736
161	0.23002749
162	0.22631501
163	0.19347281
164	0.23328176
165	0.16943724
166	0.04362087
167	0.25981895
168	0.22423941
169	0.19446877
170	0.17100293
171	0.18482719
172	0.14889080
173	0.24975902
174	0.14997974
175	0.26836074
176	0.10324027
177	0.15736276
178	0.23482294
179	0.24525806
180	0.23757756
181	0.15715432
182	0.17753588
183	0.10791789
184	0.18624457
185	0.10097155
186	0.13005427
187	0.19534133
188	0.21883421
189	0.09082203
190	0.28357534
191	0.13180536
192	0.01760323
193	0.23504416
194	0.02854528
195	0.13874346
196	0.03799874
197	0.21139798
198	0.30120985
199	0.22324426
200	0.06210111
201	0.20799576
202	0.23530773
203	0.22845144
204	0.16275467
205	0.04026427
206	0.02894947
207	0.16695942
208	0.16927716
209	0.06553911
210	0.25564912
211	0.02970884
212	0.26668661
213	0.25182542
214	0.15585705
215	0.03980207
216	0.10923866
217	0.20980879
218	0.23793113
219	0.27744007
220	0.27061501
221	0.02574871
222	0.12936276
223	0.16295063
224	0.19085462
225	0.12395619
226	0.21366554
227	0.11101258
228	0.13637888
229	0.00897554
230	0.22723709
231	0.08321086
232	0.04118514
233	0.21974482
234	0.02403047
235	0.17128428
236	0.16120298
237	0.07750298
238	0.27447681
239	0.22517185
240	0.19654603
241	0.18989904
242	0.07011895
243	0.16223396
244	0.12084371
245	0.10311011
246	0.29052906
247	0.18418823
248	0.18847564
249	0.17803962
250	0.26809176
251	0.31288762
252	0.11297827
253	0.10010020
254	0.21700586
255	0.17829242
256	0.21931673
257	0.23556902
258	0.09046104
259	0.13563386
260	0.21147691
261	0.09714699
262	0.25009727
263	0.11446968
264	0.14057615
265	0.05531961
266	0.07008176
267	0.20840318
268	0.19502688
269	0.24109262
270	0.28567494
271	0.18238934
272	0.17121551
273	0.25691981
274	0.24933527
275	0.20097408
276	0.18828322
277	0.02182466
278	0.10547928
279	0.12890697
280	0.04015821
281	0.24534528
282	0.07352577
283	0.17387362
284	0.09537837
285	0.14181642
286	0.31821769
287	0.17875316
288	0.15109995
289	0.14187908
290	0.23554750
291	0.08037514
292	0.09182809
293	0.14010030
294	0.14348242
295	0.14095917
296	0.07643896
297	0.15099080
298	0.05337610
299	0.13559035
300	0.21759717
301	0.10512855
302	0.12027039
303	0.22938924
304	0.30326705
305	0.24446190
306	0.24959217
307	0.33529490
308	0.09964492
309	0.21779313
310	0.10666640
311	0.36986084
312	0.20441854
313	0.17785821
314	0.23629035
315	0.19542057
316	0.22336786
317	0.22609217
318	0.06205851
319	0.21697615
320	0.09845447
321	0.15324699
322	0.15775836
323	0.14064310
324	0.21726463
325	0.15093436
326	0.11581309
327	0.14956382
328	0.18570394
329	0.14735826
330	0.16301950
331	0.13612329
332	0.27152314
333	0.19102633
334	0.14930162
335	0.03116938
336	0.15785503
337	0.20149530
338	0.22588247
339	0.04598297
340	0.11046064
341	0.08333891
342	0.16448039
343	0.17065725
344	0.12921314
345	0.18794750
346	0.17169682
347	0.20353310
348	0.23020758
349	0.15927539
350	0.14296438
351	0.26624017
352	0.04322092
353	0.14639929
354	0.08498615
355	0.10601430
356	0.11089970
357	0.17366862
358	0.15620622
359	0.26263067
360	0.09009303
361	0.20629353
362	0.15344053
363	0.17730202
364	0.14136675
365	0.14927029
366	0.15682986
367	0.27338484
368	0.08471374
369	0.11414351
370	0.16981177
371	0.14805634
372	0.06568540
373	0.20700374
374	0.08476983
375	0.30937928
376	0.24426923
377	0.24648752
378	0.08799919
379	0.09266518
380	0.20197625
381	0.25574912
382	0.08032451
383	0.02316043
384	0.13135968
385	0.24953830
386	0.16555382
387	0.04392087
388	0.19204962
389	0.04571849
390	0.04462663
391	0.20218560
392	0.31266710
393	0.21468120
394	0.22784159
395	0.15081339
396	0.22905442
397	0.19701506
398	0.10236412
399	0.12894482
400	0.18989333
401	0.24041117
402	0.25118075
403	0.19668287
404	0.16281607
405	0.19263300
406	0.01798954
407	0.29866306
408	0.07201334
409	0.28796488
410	0.17025397
411	0.10386367
412	0.09311688
413	0.31976362
414	0.24310475
415	0.09582441
416	0.05576483
417	0.23742804
418	0.07557974
419	0.17281642
420	0.10848166
421	0.09942249
422	0.29604770
423	0.18639474
424	0.23328338
425	0.13354598
426	0.07905543
427	0.11464411
428	0.18965331
429	0.19660258
430	0.21553426
431	0.13267216
432	0.14140829
433	0.17460854
434	0.12875109
435	0.17375589
436	0.15886241
437	0.17609389
438	0.13056781
439	0.24416392
440	0.09396968
441	0.17946266
442	0.17251364
443	0.16814017
444	0.15883603
445	0.16520071
446	0.12297549
447	0.18608802
448	0.20956690
449	0.04744568
450	0.25108277
451	0.15949818
452	0.12649687
453	0.12951819
454	0.04797711
455	0.06430298
456	0.06511577
457	0.20002107
458	0.23344058
459	0.14651597
460	0.10448423
461	0.15606281
462	0.17645998
463	0.31526710
464	0.20226230
465	0.14290369
466	0.02073077
467	0.13176705
468	0.12531031
469	0.08829783
470	0.21683098
471	0.12785245
472	0.22837943
473	0.22657580
474	0.17811127
475	0.15813421
476	0.01345877
477	0.21032643
478	0.14942511
479	0.18256791
480	0.17109949
481	0.03550894
482	0.24652976
483	0.13949267
484	0.27029015
485	0.18935063
486	0.06378949
487	0.13613623
488	0.13212395
489	0.11887236
490	0.08020298
491	0.14781551
492	0.26391218
493	0.20937367
494	0.20266700
495	0.15565791
496	0.12132289
497	0.29999166
498	0.23047863
499	0.16710531
500	0.12274972
501	0.26590667
502	0.25929070
503	0.06186488
504	0.07829823
505	0.12118595
506	0.06854421
507	0.08961986
508	0.27603770
509	0.06775488
510	0.13908585
511	0.11645028
512	0.10803012
513	0.19919879
514	0.30259156
515	0.32202668
516	0.04211582
517	0.16366114
518	0.28799505
519	0.12286235
520	0.26206620
521	0.11059075
522	0.26116579
523	0.20032395
524	0.10929768
525	0.08772673
526	0.04819020
527	0.03940940
528	0.20942638
529	0.27433194
530	0.15253931
531	0.24670571
532	0.04611374
533	0.20025210
534	0.28093643
535	0.08523653
536	0.17065184
537	0.18284821
538	0.06224002
539	0.15798974
540	0.17841203
541	0.17347858
542	0.01637787
543	0.20040045
544	0.15125851
545	0.11187221
546	0.11420177
547	0.21696796
548	0.06873411
549	0.10137676
550	0.17052926
551	0.17432279
552	0.25081961
553	0.18206862
554	0.24298661
555	0.01381976
556	0.13681056
557	0.27144507
558	0.08096134
559	0.10013694
560	0.22889990
561	0.10764937
562	0.10340066
563	0.20856185
564	0.09588373
565	0.09310520
566	0.35203663
567	0.17908631
568	0.24409136
569	0.10361319
570	0.05493310
571	0.28227731
572	0.04173259
573	0.22316842
574	0.16562769
575	0.17434058
576	0.18436852
577	0.15702203
578	0.26924032
579	0.24563199
580	0.20503037
581	0.24647999
582	0.27822249
583	0.14676498
584	0.10928560
585	0.33226094
586	0.17196271
587	0.22504760
588	0.21538499
589	0.34269121
590	0.12890379
591	0.06114169
592	0.11572895
593	0.18103886
594	0.08369505
595	0.14411981
596	0.16411819
597	0.12600945
598	0.21172405
599	0.18480773
600	0.15332936
601	0.12637741
602	0.09312314
603	0.12094093
604	0.10152673
605	0.19356129
606	0.12890586
607	0.24426746
608	0.14271789
609	0.08838166
610	0.12882799
611	0.08076150
612	0.03538994
613	0.23117367
614	0.15093386
615	0.21453431
616	0.18056094
617	0.19648969
618	0.13377130
619	0.29630995
620	0.17181041
621	0.20268530
622	0.10375078
623	0.12817817
624	0.15696028
625	0.18110768
626	0.08996978
627	0.25109555
628	0.10310334
629	0.10163138
630	0.11502820
631	0.03078717
632	0.16224548
633	0.16505018
634	0.22590546
635	0.11131829
636	0.15051061
637	0.04456225
638	0.04570839
639	0.10896700
640	0.11280010
641	0.12568130
642	0.20124421
643	0.09788944
644	0.11568858
645	0.24238570
646	0.09251642
647	0.19932451
648	0.21691551
649	0.15505402
650	0.23316119
651	0.25832319
652	0.31845402
653	0.11297948
654	0.21193527
655	0.22257959
656	0.21539975
657	0.12556493
658	0.20943279
659	0.12770414
660	0.15646119
661	0.13629075
662	0.18197696
663	0.22588570
664	0.13782926
665	0.14642835
666	0.15064507
667	0.21586402
668	0.22194800
669	0.36395831
670	0.14868191
671	0.24552178
672	0.16221309
673	0.18086190
674	0.20546488
675	0.19681233
676	0.19029257
677	0.16727312
678	0.21463300
679	0.13707741
680	0.17457034
681	0.23415432
682	0.10986448
683	0.07641208
684	0.09174058
685	0.12715659
686	0.19563436
687	0.14776776
688	0.37327019
689	0.24027494
690	0.15046094
691	0.32591854
692	0.25165877
693	0.13215043
694	0.24816523
695	0.14474189
696	0.08350733
697	0.05508343
698	0.15134634
699	0.17519899
700	0.20032476
701	0.09129813
702	0.22675351
703	0.19584310
704	0.29675993
705	0.07233133
706	0.20316913
707	0.08318413
708	0.10380455
709	0.35507782
710	0.12406246
711	0.12312870
712	0.34852592
713	0.10691895
714	0.10776958
715	0.17508348
716	0.15644548
717	0.17960854
718	0.11625740
719	0.12115629
720	0.11841860
721	0.31679419
722	0.16109540
723	0.14683765
724	0.19883658
725	0.18165558
726	0.10964366
727	0.09578292
728	0.18394533
729	0.05727403
730	0.22857625
731	0.12041758
732	0.25715013
733	0.09626771
734	0.28272956
735	0.05006791
736	0.16047458
737	0.16070364
738	0.04605670
739	0.10427701
740	0.20333694
741	0.10997625
742	0.13961531
743	0.17013163
744	0.12771475
745	0.13438317
746	0.15122713
747	0.14542319
748	0.24324598
749	0.10695225
750	0.15566842
751	0.16197362
752	0.27644987
753	0.15390066
754	0.23593269
755	0.05510354
756	0.24963113
757	0.18631572
758	0.25042244
759	0.15939131
760	0.28428646
761	0.11179389
762	0.29833229
763	0.13869894
764	0.19671607
765	0.20897569
766	0.26925498
767	0.30643183
768	0.30843911
769	0.19746210
770	0.29091172
771	0.24880157
772	0.24945523
773	0.29425907
774	0.12813194
775	0.19508509
776	0.16526675
777	0.22515301
778	0.23863876
779	0.16235402
780	0.30743896
781	0.21823861
782	0.26173643
783	0.37281526
784	0.13641228
785	0.30121137
786	0.22574856
787	0.25985447
788	0.03917428
789	0.30123411
790	0.24087665
791	0.08954720
792	0.11495028
793	0.33710879
794	0.12888363
795	0.13281455
796	0.09752673
797	0.14656559
798	0.18071506
799	0.23438332
800	0.25055235
801	0.20377453
802	0.22682921
803	0.22398823
804	0.23370637
805	0.08105028
806	0.15140879
807	0.17178954
808	0.17202628
809	0.10378509
810	0.16816827
811	0.14578984
812	0.11513143
813	0.22166074
814	0.25371102
815	0.10027175
816	0.12232703
817	0.26645270
818	0.16364068
819	0.18935285
820	0.16714154
821	0.21551804
822	0.28655781
823	0.11533906
824	0.10134593
825	0.10292547
826	0.18992516
827	0.23354371
828	0.07625508
829	0.17582410
830	0.03924735
831	0.13565296
832	0.31749080
833	0.21878504
834	0.03053315
835	0.19482825
836	0.10480808
837	0.15631592
838	0.20020030
839	0.08894704
840	0.15319666
841	0.12069121
842	0.05175488
843	0.07544502
844	0.21399005
845	0.11296084
846	0.30986554
847	0.02984836
848	0.15850591
849	0.14035695
850	0.07709343
851	0.03807665
852	0.10550692
853	0.12404123
854	0.21844189
855	0.21993401
856	0.24207903
857	0.10949783
858	0.19490788
859	0.16784149
860	0.19370485
861	0.02950667
862	0.22980141
863	0.13547261
864	0.14763194
865	0.08476857
866	0.14995134
867	0.25741142
868	0.14349717
869	0.17080616
870	0.17668722
871	0.11729717
872	0.15441031
873	0.15366710
874	0.13735685
875	0.14749055
876	0.32003881
877	0.16072052
878	0.13473598
879	0.09151354
880	0.03738363
881	0.20770136
882	0.07505321
883	0.14996529
884	0.16862764
885	0.12694618
886	0.19141198
887	0.22204811
888	0.07259995
889	0.12878651
890	0.15147287
891	0.04538221
892	0.28264674
893	0.14300955
894	0.13674896
895	0.21288307
896	0.13853618
897	0.23489030
898	0.06675963
899	0.23979520
900	0.16166716
901	0.05405245
902	0.34092244
903	0.14416094
904	0.24237135
905	0.19644699
906	0.05872643
907	0.30120768
908	0.16591001
909	0.26463871
910	0.37244149
911	0.25786544
912	0.27640505
913	0.02961172
914	0.38554932
915	0.04646877
916	0.21925392
917	0.03948641
918	0.30571688
919	0.14813866
920	0.16108979
921	0.31907362
922	0.14242309
923	0.18292825
924	0.04843825
925	0.15873320
926	0.18696291
927	0.13603613
928	0.22603734
929	0.11434952
930	0.28903087
931	0.13606407
932	0.18616993
933	0.18818085
934	0.05650561
935	0.07918848
936	0.09533416
937	0.27495048
938	0.18679919
939	0.04538767
940	0.09650248
941	0.13227307
942	0.19611809
943	0.19289252
944	0.16580637
945	0.15322931
946	0.11253133
947	0.16488499
948	0.25359869
949	0.11662870
950	0.22525023
951	0.11513815
952	0.24184962
953	0.27017029
954	0.24530440
955	0.16121930
956	0.22513765
957	0.12081981
958	0.08604442
959	0.19741051
960	0.09274922
961	0.14185321
962	0.23365760
963	0.03708423
964	0.13225766
965	0.14138363
966	0.08393593
967	0.12094957
968	0.10009894
969	0.18998408
970	0.11889864
971	0.22347160
972	0.22781400
973	0.06612880
974	0.17835361
975	0.02890576
976	0.13725740
977	0.14764133
978	0.10963092
979	0.17764967
980	0.23020965
981	0.31968327
982	0.11266129
983	0.29265523
984	0.18517170
985	0.02550839
986	0.16295478
987	0.21700606
988	0.20999343
989	0.16462921
990	0.17805457
991	0.19932425
992	0.18802643
993	0.18372547
994	0.16666235
995	0.19171566
996	0.18743194
997	0.04716230
998	0.10140328
999	0.08038075
1000	0.24158984
1001	0.18766599
1002	0.20839151
1003	0.11555907
1004	0.15373972
1005	0.10885725
1006	0.02376114
1007	0.18608595
1008	0.09540930
1009	0.25230071
1010	0.03756832
1011	0.16987226
1012	0.16904543
1013	0.06611683
1014	0.23519884
1015	0.07808267
1016	0.08621223
1017	0.10310394
1018	0.02088206
1019	0.04246988
1020	0.15660243
1021	0.06597029
1022	0.13557923
1023	0.32297170
1024	0.10438934
1025	0.03859480
1026	0.18635018
1027	0.10559156
1028	0.20960616
1029	0.21479485
1030	0.32592572
1031	0.25371814
1032	0.20371470
1033	0.12556695
1034	0.17073482
1035	0.08843345
1036	0.36768050
1037	0.09586367
1038	0.20663320
1039	0.11430389
1040	0.20336013
1041	0.20941470
1042	0.09925856
1043	0.12121880
1044	0.19703780
1045	0.12609035
1046	0.17094260
1047	0.32735518
1048	0.08448060
1049	0.25115093
1050	0.17757074
1051	0.16568075
1052	0.23422046
1053	0.14331496
1054	0.23657590
1055	0.02141268
1056	0.25440955
1057	0.18661526
1058	0.23869318
1059	0.12499778
1060	0.34910424
1061	0.16247014
1062	0.08689768
1063	0.10984679
1064	0.09297600
1065	0.22564987
1066	0.10631289
1067	0.12266902
1068	0.32466801
1069	0.32181268
1070	0.02933800
1071	0.22320035
1072	0.19151925
1073	0.23360399
1074	0.08779939
1075	0.10228757
1076	0.16951147
1077	0.10107479
1078	0.11937635
1079	0.15997408
1080	0.22254896
1081	0.32684841
1082	0.27716670
1083	0.17638989
1084	0.28570197
1085	0.24535806
1086	0.02390419
1087	0.10640293
1088	0.19802026
1089	0.19404836
1090	0.35532471
1091	0.12119424
1092	0.13981223
1093	0.11506569
1094	0.20083209
1095	0.20507458
1096	0.09256372
1097	0.21275690
1098	0.18350480
1099	0.21284042
1100	0.18650778
1101	0.00833113
1102	0.26487969
1103	0.13999763
1104	0.17479813
1105	0.12855189
1106	0.22146594
1107	0.18638979
1108	0.03346534
1109	0.02533103
1110	0.04211218
1111	0.14309525
1112	0.09471860
1113	0.20857418
1114	0.21774866
1115	0.29116458
1116	0.13413370
1117	0.09869960
1118	0.23986483
1119	0.24864017
1120	0.19080728
1121	0.09791465
1122	0.09053926
1123	0.03358782
1124	0.13323926
1125	0.05150718
1126	0.06642289
1127	0.14698514
1128	0.08284103
1129	0.30449495
1130	0.11769161
1131	0.13289090
1132	0.11540232
1133	0.25276342
1134	0.27133835
1135	0.19236387
1136	0.13020889
1137	0.21795528
1138	0.03092193
1139	0.10650040
1140	0.21276165
1141	0.11073441
1142	0.08248676
1143	0.19091875
1144	0.15263168
1145	0.09510354
1146	0.11077665
1147	0.12485740
1148	0.04258560
1149	0.09987049
1150	0.11892218
1151	0.09670955
1152	0.04241819
1153	0.16852693
1154	0.09015311
1155	0.10303866
1156	0.20980318
1157	0.36737362
1158	0.24417726
1159	0.33132527
1160	0.27119050
1161	0.17005028
1162	0.12630768
1163	0.20968595
1164	0.21317140
1165	0.18325043
1166	0.19699197
1167	0.13594654
1168	0.13218737
1169	0.16399904
1170	0.04972284
1171	0.20805735
1172	0.16586675
1173	0.36263507
1174	0.31902466
1175	0.22343628
1176	0.15895457
1177	0.17500157
1178	0.15863017
1179	0.26322112
1180	0.18161238
1181	0.30004376
1182	0.13650728
1183	0.07206311
1184	0.00682724
1185	0.19518055
1186	0.20637741
1187	0.15574351
1188	0.14611511
1189	0.15020334
1190	0.26252239
1191	0.22722562
1192	0.16385321
1193	0.14658262
1194	0.04566276
1195	0.24485351
1196	0.19151824
1197	0.17745452
1198	0.17386054
1199	0.10824042
1200	0.12792643
1201	0.10671026
1202	0.08088843
1203	0.13666180
1204	0.21820778
1205	0.12653345
1206	0.14081551
1207	0.19098034
1208	0.05619126
1209	0.18588782
1210	0.17140430
1211	0.22502516
1212	0.18219409
1213	0.16627357
1214	0.06895725
1215	0.15141364
1216	0.11220657
1217	0.03865755
1218	0.16604992
1219	0.21704265
1220	0.18096852
1221	0.04476059
1222	0.11316306
1223	0.10623320
1224	0.15236620
1225	0.10143269
1226	0.02782370
1227	0.03970061
1228	0.09788292
1229	0.13226215
1230	0.26121723
1231	0.10637438
1232	0.18119904
1233	0.23762658
1234	0.28477388
1235	0.11770106
1236	0.10793896
1237	0.22266033
1238	0.17351506
1239	0.20684457
1240	0.21644977
1241	0.25316215
1242	0.05346352
1243	0.11379535
1244	0.25977999
1245	0.20564664
1246	0.08246291
1247	0.18853795
1248	0.02224765
1249	0.14006554
1250	0.22483204
1251	0.18829570
1252	0.12052830
1253	0.09773507
1254	0.15279884
1255	0.31715119
1256	0.09431395
1257	0.22415831
1258	0.18103007
1259	0.21594320
1260	0.19112319
1261	0.21275639
1262	0.19028115
1263	0.09464922
1264	0.19916958
1265	0.24115700
1266	0.19401627
1267	0.10357428
1268	0.12865574
1269	0.14809282
1270	0.07477600
1271	0.17206119
1272	0.27835280
1273	0.10910404
1274	0.02078540
1275	0.03055235
1276	0.07867625
1277	0.09532794
1278	0.17496266
1279	0.21511152
1280	0.12803633
1281	0.07751561
1282	0.22038691
1283	0.35974942
1284	0.34651814
1285	0.03226721
1286	0.15189747
1287	0.31133002
1288	0.07619909
1289	0.21397984
1290	0.21281066
1291	0.25929181
1292	0.31019454
1293	0.19949106
1294	0.21532885
1295	0.09346069
1296	0.11444901
1297	0.32927024
1298	0.14645538
1299	0.08062446
1300	0.05834421
1301	0.19913492
1302	0.19507342
1303	0.16804240
1304	0.06127428
1305	0.23341455
1306	0.07252688
1307	0.24433057
1308	0.18973335
1309	0.23538469
1310	0.17183638
1311	0.13185892
1312	0.03049813
1313	0.27667317
1314	0.12691299
1315	0.17995164
1316	0.17326468
1317	0.17260409
1318	0.23285326
1319	0.22224482
1320	0.17516943
1321	0.17974149
1322	0.15265013
1323	0.13097847
1324	0.07197575
1325	0.16054972
1326	0.14475983
1327	0.22909262
1328	0.04755897
1329	0.21988312
1330	0.11411430
1331	0.17588297
1332	0.16250955
1333	0.16975508
1334	0.24301733
1335	0.23446614
1336	0.15540854
1337	0.06840369
1338	0.25971233
1339	0.32951996
1340	0.24775134
1341	0.08235917
1342	0.23084053
1343	0.14349586
1344	0.09296352
1345	0.14492511
1346	0.16722729
1347	0.19005154
1348	0.12009237
1349	0.23183997
1350	0.23274588
1351	0.20353759
1352	0.18848782
1353	0.23925735
1354	0.18841592
1355	0.17245179
1356	0.11121142
1357	0.16055235
1358	0.24183194
1359	0.17983027
1360	0.24014836
1361	0.28687898
1362	0.22824760
1363	0.20321905
1364	0.19785659
1365	0.21591102
1366	0.13434886
1367	0.21694770
1368	0.15523790
1369	0.12175447
1370	0.14189636
1371	0.15141561
1372	0.02709030
1373	0.12478610
1374	0.16133426
1375	0.08227347
1376	0.16269444
1377	0.16402476
1378	0.20601981
1379	0.09188423
1380	0.14193982
1381	0.06727468
1382	0.22583653
1383	0.02859692
1384	0.12110793
1385	0.14230101
1386	0.08733785
1387	0.14240248
1388	0.10340005
1389	0.11787969
1390	0.10477175
1391	0.09416331
1392	0.12413921
1393	0.23083466
1394	0.31363810
1395	0.16871218
1396	0.24388216
1397	0.08363583
1398	0.07800632
1399	0.01670753
1400	0.19364841
1401	0.04714381
1402	0.15171339
1403	0.13286059
1404	0.19661157
1405	0.20049232
1406	0.28122658
1407	0.15129505
1408	0.32130470
1409	0.26538110
1410	0.29212370
1411	0.22198984
1412	0.12849677
1413	0.18593062
1414	0.28548166
1415	0.21341723
1416	0.26083461
1417	0.23285250
1418	0.18074138
1419	0.23163759
1420	0.27209186
1421	0.12080323
1422	0.16956200
1423	0.12560349
1424	0.17180167
1425	0.10053714
1426	0.24791359
1427	0.22460000
1428	0.15425331
1429	0.02840313
1430	0.29754310
1431	0.02868550
1432	0.15797676
1433	0.34417873
1434	0.30129656
1435	0.14609318
1436	0.17612592
1437	0.23015316
1438	0.21483497
1439	0.13859955
1440	0.36302471
1441	0.15642436
1442	0.14973719
1443	0.29395432
1444	0.19648125
1445	0.12474174
1446	0.22548262
1447	0.16546741
1448	0.06990081
1449	0.18868701
1450	0.11433077
1451	0.02035285
1452	0.21493613
1453	0.24743962
1454	0.28335963
1455	0.12799722
1456	0.25010051
1457	0.25039666
1458	0.05173537
1459	0.13006301
1460	0.24134715
1461	0.23702395
1462	0.04028944
1463	0.17322739
1464	0.17407585
1465	0.14516084
1466	0.23193441
1467	0.14021036
1468	0.17913183
1469	0.03977943
1470	0.16081814
1471	0.11691334
1472	0.17182365
1473	0.28269914
1474	0.16926225
1475	0.20041486
1476	0.20716180
1477	0.09844780
1478	0.16917989
1479	0.02075038
1480	0.08791066
1481	0.01248661
1482	0.27895619
1483	0.14637372
1484	0.07605862
1485	0.21352415
1486	0.22001531
1487	0.18320227
1488	0.13455735
1489	0.01938413
1490	0.02584608
1491	0.09556746
1492	0.20170920
1493	0.07622107
1494	0.28425397
1495	0.11963674
1496	0.09566756
1497	0.17666210
1498	0.26185781
1499	0.38699146
1500	0.12599459
1501	0.24160778
1502	0.13690733
1503	0.26598146
1504	0.20700116
1505	0.04046978
1506	0.15616781
1507	0.22164593
1508	0.23144563
1509	0.09717357
1510	0.12927281
1511	0.15789040
1512	0.33131779
1513	0.21940788
1514	0.22373800
1515	0.15698454
1516	0.23474704
1517	0.14607105
1518	0.16992122
1519	0.18432870
1520	0.09064785
1521	0.32959697
1522	0.05769197
1523	0.05680243
1524	0.06896473
1525	0.08134002
1526	0.20249651
1527	0.09203194
1528	0.30772698
1529	0.13478191
1530	0.12846640
1531	0.30708939
1532	0.17733249
1533	0.09983305
1534	0.04325119
1535	0.07557170
1536	0.18346038
1537	0.12631511
1538	0.20961935
1539	0.18753578
1540	0.02230606
1541	0.29838226
1542	0.16348671
1543	0.26508474
1544	0.23094669
1545	0.22833850
1546	0.11920515
1547	0.18651844
1548	0.25718120
1549	0.16664275
1550	0.24887625
1551	0.26156948
1552	0.12158454
1553	0.09027211
1554	0.18715361
1555	0.21996150
1556	0.19054108
1557	0.15375321
1558	0.26771273
1559	0.14599186
1560	0.23918595
1561	0.02499186
1562	0.11390591
1563	0.14227878
1564	0.06312572
1565	0.25383951
1566	0.15706998
1567	0.20322542
1568	0.20197979
1569	0.16605725
1570	0.06101536
1571	0.19174093
1572	0.21918504
1573	0.16035179
1574	0.25688459
1575	0.17350935
1576	0.08586377
1577	0.14402956
1578	0.15108706
1579	0.33568125
1580	0.22282223
1581	0.16184022
1582	0.10784679
1583	0.22759434
1584	0.22608044
1585	0.28003320
1586	0.16018201
1587	0.06298444
1588	0.18898024
1589	0.18520258
1590	0.16920389
1591	0.17208428
1592	0.19025109
1593	0.23108146
1594	0.15289485
1595	0.15813502
1596	0.13788277
1597	0.13075331
1598	0.25802840
1599	0.22729646
1600	0.13002744
1601	0.15025760
1602	0.07270879
1603	0.07685397
1604	0.07982001
1605	0.16149778
1606	0.16663507
1607	0.21102633
1608	0.11569313
1609	0.15504704
1610	0.14533305
1611	0.12637079
1612	0.21646523
1613	0.13296832
1614	0.07006276
1615	0.25256296
1616	0.19857463
1617	0.17853224
1618	0.15348302
1619	0.18294341
1620	0.10841066
1621	0.16251794
1622	0.25630379
1623	0.29780045
1624	0.16986726
1625	0.12113901
1626	0.35005478
1627	0.19845402
1628	0.09124406
1629	0.20708130
1630	0.17423951
1631	0.25394901
1632	0.08722249
1633	0.03872890
1634	0.30576817
1635	0.10782294
1636	0.01567569
1637	0.24202658
1638	0.26743512
1639	0.10737938
1640	0.10243623
1641	0.12530465
1642	0.23243896
1643	0.05604942
1644	0.01379176
1645	0.13873901
1646	0.20521541
1647	0.25136023
1648	0.03240753
1649	0.16780015
1650	0.18364042
1651	0.07413901
1652	0.14221718
1653	0.11769520
1654	0.23345316
1655	0.04456160
1656	0.22265937
1657	0.19872895
1658	0.11205659
1659	0.18292633
1660	0.17469773
1661	0.12345265
1662	0.29541612
1663	0.14285457
1664	0.14187191
1665	0.23899838
1666	0.14706928
1667	0.12629313
1668	0.26100571
1669	0.07102420
1670	0.06625387
1671	0.24828631
1672	0.09379303
1673	0.21274442
1674	0.14102355
1675	0.35585811
1676	0.05140258
1677	0.05583204
1678	0.15339550
1679	0.02747812
1680	0.26934942
1681	0.18314234
1682	0.07737564
1683	0.20419757
1684	0.13074426
1685	0.16368494
1686	0.20605488
1687	0.25463957
1688	0.20440546
1689	0.19330010
1690	0.09515280
1691	0.15961071
1692	0.13370167
1693	0.23016948
1694	0.19437393
1695	0.20641733
1696	0.25361102
1697	0.01835892
1698	0.27757918
1699	0.38730935
1700	0.18853972
1701	0.04679040
1702	0.16361324
1703	0.04449535
1704	0.13899449
1705	0.30218024
1706	0.12736321
1707	0.03785179
1708	0.01609565
1709	0.21257933
1710	0.08020879
1711	0.01627529
1712	0.07953855
1713	0.18714138
1714	0.23280960
1715	0.23607059
1716	0.17408439
1717	0.05878540
1718	0.11882067
1719	0.27598014
1720	0.10909181
1721	0.10615851
1722	0.29412400
1723	0.19127312
1724	0.09183092
1725	0.20904730
1726	0.12767155
1727	0.12741824
1728	0.19184098
1729	0.11752835
1730	0.09941829
1731	0.25074603
1732	0.17200707
1733	0.12286554
1734	0.19476326
1735	0.21223300
1736	0.08692633
1737	0.09117767
1738	0.19667837
1739	0.28471001
1740	0.16365988
1741	0.17854497
1742	0.11126331
1743	0.19225189
1744	0.04080364
1745	0.12473456
1746	0.27795028
1747	0.29498181
1748	0.22348358
1749	0.12822031
1750	0.17868939
1751	0.14200783
1752	0.19760738
1753	0.20216862
1754	0.24402239
1755	0.18726746
1756	0.12591066
1757	0.25821359
1758	0.22641278
1759	0.24359151
1760	0.17027473
1761	0.13058595
1762	0.07740051
1763	0.20780849
1764	0.05692102
1765	0.11630510
1766	0.05249303
1767	0.08246913
1768	0.15009763
1769	0.18168540
1770	0.18689884
1771	0.11517004
1772	0.34173578
1773	0.16040177
1774	0.15036251
1775	0.26911849
1776	0.25225518
1777	0.34143239
1778	0.11654881
1779	0.14461066
1780	0.21711945
1781	0.24678156
1782	0.05603401
1783	0.09521102
1784	0.16945387
1785	0.17879227
1786	0.12711465
1787	0.25821127
1788	0.09907079
1789	0.00843653
1790	0.31008055
1791	0.14313694
1792	0.08183335
1793	0.22809197
1794	0.35128459
1795	0.15224240
1796	0.09760424
1797	0.18636246
1798	0.17565862
1799	0.18722567
1800	0.14461632
1801	0.09411587
1802	0.22930652
1803	0.24949692
1804	0.14402496
1805	0.14384932
1806	0.16194603
1807	0.20458504
1808	0.26792213
1809	0.15457580
1810	0.21217999
1811	0.19188413
1812	0.16688848
1813	0.17728580
1814	0.14062183
1815	0.18486918
1816	0.08408747
1817	0.22028302
1818	0.07189030
1819	0.04822299
1820	0.35170586
1821	0.16989010
1822	0.10896726
1823	0.29904568
1824	0.36159010
1825	0.16598499
1826	0.19787928
1827	0.15125725
1828	0.21357665
1829	0.15499025
1830	0.28208095
1831	0.25970243
1832	0.06392961
1833	0.19831981
1834	0.35557408
1835	0.25944118
1836	0.17631395
1837	0.16822991
1838	0.34732481
1839	0.07086564
1840	0.22761991
1841	0.30324563
1842	0.01878348
1843	0.01663249
1844	0.11464881
1845	0.19700930
1846	0.22775351
1847	0.21506347
1848	0.20024881
1849	0.19009313
1850	0.06827812
1851	0.09301152
1852	0.17419288
1853	0.17208833
1854	0.08345740
1855	0.13109621
1856	0.11334634
1857	0.15861718
1858	0.09622410
1859	0.18627100
1860	0.07218444
1861	0.10805968
1862	0.02159025
1863	0.24022153
1864	0.14084725
1865	0.22016225
1866	0.20736256
1867	0.11215200
1868	0.22750278
1869	0.22740354
1870	0.18657448
1871	0.12562420
1872	0.18360020
1873	0.05828075
1874	0.21242744
1875	0.12464639
1876	0.19949500
1877	0.28811561
1878	0.15455649
1879	0.20711228
1880	0.12155619
1881	0.14377499
1882	0.02292976
1883	0.21841582
1884	0.21184154
1885	0.14923335
1886	0.10279121
1887	0.06568661
1888	0.33701162
1889	0.21013754
1890	0.18153098
1891	0.25065063
1892	0.15417701
1893	0.20301036
1894	0.15737524
1895	0.15435230
1896	0.27613936
1897	0.03506736
1898	0.10922092
1899	0.12982390
1900	0.11971718
1901	0.09490010
1902	0.10182623
1903	0.22983825
1904	0.12196746
1905	0.12688994
1906	0.27137514
1907	0.01987034
1908	0.03487155
1909	0.13002794
1910	0.14134649
1911	0.16006953
1912	0.04943254
1913	0.17317569
1914	0.20684967
1915	0.20634775
1916	0.13289485
1917	0.37816261
1918	0.08281157
1919	0.15967297
1920	0.15636630
1921	0.28584497
1922	0.10268671
1923	0.24046458
1924	0.25918186
1925	0.25077393
1926	0.07357807
1927	0.17530834
1928	0.31634270
1929	0.09588454
1930	0.27979576
1931	0.14263487
1932	0.25837837
1933	0.31743881
1934	0.08570177
1935	0.27107413
1936	0.14920586
1937	0.24117559
1938	0.38658565
1939	0.19718711
1940	0.06969606
1941	0.02939181
1942	0.36779232
1943	0.15701577
1944	0.22588151
1945	0.24232835
1946	0.17084598
1947	0.12555149
1948	0.04955159
1949	0.20308055
1950	0.21342804
1951	0.19546013
1952	0.03512168
1953	0.10496817
1954	0.24892036
1955	0.10269970
1956	0.28752501
1957	0.17900738
1958	0.28564750
1959	0.25224775
1960	0.10082365
1961	0.26044330
1962	0.22823264
1963	0.05042845
1964	0.15364881
1965	0.17145321
1966	0.38712491
1967	0.10131556
1968	0.07210364
1969	0.24468888
1970	0.16019348
1971	0.04376468
1972	0.13821016
1973	0.13328343
1974	0.10397377
1975	0.15900561
1976	0.24872880
1977	0.01577357
1978	0.06706473
