0	0.06733726
1	0.09004536
2	0.14490979
3	0.05375171
4	0.09200075
5	0.07073363
6	0.20533299
7	0.10252469
8	0.02988316
9	0.16488698
10	0.09868058
11	0.12087109
12	0.13936855
13	0.06432335
14	0.07796761
15	0.05349727
16	0.08629702
17	0.10152807
18	0.13109031
19	0.07358669
20	0.06413383
21	0.11104352
22	0.10653845
23	0.08487953
24	0.07731927
25	0.06358639
26	0.03800551
27	0.10497476
28	0.03658708
29	0.19190114
30	0.04973060
31	0.12851297
32	0.06287402
33	0.08664034
34	0.09355743
35	0.08027606
36	0.07204024
37	0.02672668
38	0.08747139
39	0.09826885
40	0.11396458
41	0.11274128
42	0.03826279
43	0.07270979
44	0.08961292
45	0.10042712
46	0.12949886
47	0.12171287
48	0.07985822
49	0.11692260
50	0.09226885
51	0.08826473
52	0.09236210
53	0.09712315
54	0.08911093
55	0.12690447
56	0.09010820
57	0.24128525
58	0.07703666
59	0.08375022
60	0.07027079
61	0.11020854
62	0.15310005
63	0.06914724
64	0.15463284
65	0.12417442
66	0.11005594
67	0.13874486
68	0.08531088
69	0.11205787
70	0.15518147
71	0.08209781
72	0.09631674
73	0.04787084
74	0.06845763
75	0.09354133
76	0.15348048
77	0.05762891
78	0.04529498
79	0.07367506
80	0.02030020
81	0.08221252
82	0.10335787
83	0.13686572
84	0.12961624
85	0.12567968
86	0.12061396
87	0.04211103
88	0.10024819
89	0.13445007
90	0.10034148
91	0.10354694
92	0.07839752
93	0.05883159
94	0.06431098
95	0.08175683
96	0.07195191
97	0.12914426
98	0.04682668
99	0.10870303
100	0.06110760
101	0.08528048
102	0.09248286
103	0.07321962
104	0.08376388
105	0.07706384
106	0.09477635
107	0.12060770
108	0.04374958
109	0.13393020
110	0.07561550
111	0.21152106
112	0.10119369
113	0.14943547
114	0.12948192
115	0.14239776
116	0.11798321
117	0.07249463
118	0.06197596
119	0.10841252
120	0.11510710
121	0.08511148
122	0.20147680
123	0.11390492
124	0.08096175
125	0.14038301
126	0.29542131
127	0.04878167
128	0.11121436
129	0.09348266
130	0.03580874
131	0.09005221
132	0.11299672
133	0.13935335
134	0.05558698
135	0.07021927
136	0.08582548
137	0.11641649
138	0.11144685
139	0.10483259
140	0.06372817
141	0.16494635
142	0.05569891
143	0.10478336
144	0.05076309
145	0.09722240
146	0.06743552
147	0.03633383
148	0.08731714
149	0.10626488
150	0.06904401
151	0.14630919
152	0.06650656
153	0.12774779
154	0.04746503
155	0.07510661
156	0.16767332
157	0.07989940
158	0.11227124
159	0.09192712
160	0.16901689
161	0.06504292
162	0.06305355
163	0.12642812
164	0.17625817
165	0.14384322
166	0.05806960
167	0.04157332
168	0.10757139
169	0.08510556
170	0.10394312
171	0.08530849
172	0.20060119
173	0.12352633
174	0.11890556
175	0.22391724
176	0.13301619
177	0.05782091
178	0.06326403
179	0.08228490
180	0.08390671
181	0.10519364
182	0.11344839
183	0.31236185
184	0.07481262
185	0.16552479
186	0.13233785
187	0.07307203
188	0.09795802
189	0.14632707
190	0.03238763
191	0.09367094
192	0.07740641
193	0.14312459
194	0.09928018
195	0.09186284
196	0.15821669
197	0.08403318
198	0.15325579
199	0.10337685
200	0.11654565
201	0.13447154
202	0.09746349
203	0.10587556
204	0.15628152
205	0.10791302
206	0.06894675
207	0.10139419
208	0.10411207
209	0.09089483
210	0.04236230
211	0.28099598
212	0.06058947
213	0.13752911
214	0.08206518
215	0.08971843
216	0.09779444
217	0.10566895
218	0.09460859
219	0.12159160
220	0.08503502
221	0.07251073
222	0.10929384
223	0.12598579
224	0.08362976
225	0.08857541
226	0.11003915
227	0.05575464
228	0.11193443
229	0.10475673
230	0.14007004
231	0.09800537
232	0.11206090
233	0.10648475
234	0.30993979
235	0.21655986
236	0.13341600
237	0.17932280
238	0.07143810
239	0.11857243
240	0.26592404
241	0.06112782
242	0.19103934
243	0.08150010
244	0.16028291
245	0.05951346
246	0.05269384
247	0.08064074
248	0.09085464
249	0.03470512
250	0.13454173
251	0.11554685
252	0.03882658
253	0.08149791
254	0.09233194
255	0.12390755
256	0.19887317
257	0.17740517
258	0.14199434
259	0.13255276
260	0.06583567
261	0.10196831
262	0.13525693
263	0.05650462
264	0.08475226
265	0.04545499
266	0.08316155
267	0.12207789
268	0.08913741
269	0.10555812
270	0.06887447
271	0.03321391
272	0.08009205
273	0.04868217
274	0.05869051
275	0.27180243
276	0.14982191
277	0.05137084
278	0.06646552
279	0.08998167
280	0.08378972
281	0.07650278
282	0.12677521
283	0.07131734
284	0.10407427
285	0.12159220
286	0.14116756
287	0.13762424
288	0.07232648
289	0.05552896
290	0.06029821
291	0.08508241
292	0.08275271
293	0.09414024
294	0.08889727
295	0.22092360
296	0.08996826
297	0.12073169
298	0.06923999
299	0.07593080
300	0.07695186
301	0.13935748
302	0.07457809
303	0.06839463
304	0.09314367
305	0.13878992
306	0.09133790
307	0.06907079
308	0.15458738
309	0.06950373
310	0.09926572
311	0.07201376
312	0.14674536
313	0.04570288
314	0.07584923
315	0.06329568
316	0.13557382
317	0.12787923
318	0.09802012
319	0.11533462
320	0.12039349
321	0.05252439
322	0.16367745
323	0.15088356
324	0.13311297
325	0.05407213
326	0.09327283
327	0.10712941
328	0.08494908
329	0.14895301
330	0.10078077
331	0.06347874
332	0.09944138
333	0.10947283
334	0.08289071
335	0.07848172
336	0.08349652
337	0.12445132
338	0.05102091
339	0.12283279
340	0.04784694
341	0.05358967
342	0.05126582
343	0.08539314
344	0.19136493
345	0.10076706
346	0.13162161
347	0.15313020
348	0.09528122
349	0.07721744
350	0.12056234
351	0.12257303
352	0.14621465
353	0.04542772
354	0.09150954
355	0.07973204
356	0.15039692
357	0.05133070
358	0.10334744
359	0.10977581
360	0.15821465
361	0.17509533
362	0.14431927
363	0.08448594
364	0.05964014
365	0.07676036
366	0.07791893
367	0.05108212
368	0.08950566
369	0.10231649
370	0.04523199
371	0.08658798
372	0.08909702
373	0.10159399
374	0.09111128
375	0.16411893
376	0.06368912
377	0.09027223
378	0.10804332
379	0.07674391
380	0.10941868
381	0.04450358
382	0.08491734
383	0.06945156
384	0.07446930
385	0.09015802
386	0.14566374
387	0.11349598
388	0.12495127
389	0.10235350
390	0.07064988
391	0.11695599
392	0.10239871
393	0.15352538
394	0.10076339
395	0.09914113
396	0.06963403
397	0.06867615
398	0.09868157
399	0.09286364
400	0.14098713
401	0.08870298
402	0.09545971
403	0.16044302
404	0.05692489
405	0.10537496
406	0.07885315
407	0.22964406
408	0.04310000
409	0.07417248
410	0.05621624
411	0.12505852
412	0.15108644
413	0.08034367
414	0.15467149
415	0.07334466
416	0.07341023
417	0.09949444
418	0.05523214
419	0.06441798
420	0.12033448
421	0.10941162
422	0.06227685
423	0.05793999
424	0.09553025
425	0.07666855
426	0.06065817
427	0.14344069
428	0.11313547
429	0.10003199
430	0.09384491
431	0.06930546
432	0.08970795
433	0.11440159
434	0.08226309
435	0.04358346
436	0.07384108
437	0.11042727
438	0.06216990
439	0.07630060
440	0.04297735
441	0.14083880
442	0.06137298
443	0.08877352
444	0.12966428
445	0.09487238
446	0.10063502
447	0.09600050
448	0.08166324
449	0.14844287
450	0.05062807
451	0.13094665
452	0.12252439
453	0.07341927
454	0.07729071
455	0.22428515
456	0.22489006
457	0.04117258
458	0.12865306
459	0.09225420
460	0.10640204
461	0.08420502
462	0.06305286
463	0.11028599
464	0.06406677
465	0.16256438
466	0.16088823
467	0.07761967
468	0.18713323
469	0.16168937
470	0.12160969
471	0.11304993
472	0.15010954
473	0.08746617
474	0.27265628
475	0.14301550
476	0.10867586
477	0.07750551
478	0.10418326
479	0.08295658
480	0.09787273
481	0.06149300
482	0.12104232
483	0.09555256
484	0.09283840
485	0.06411769
486	0.07693169
487	0.06856970
488	0.06984973
489	0.09024853
490	0.10225176
491	0.05282221
492	0.11356478
493	0.09896562
494	0.07970974
495	0.07179876
496	0.11170348
497	0.06921903
498	0.02462414
499	0.09709608
500	0.04978693
501	0.10130735
502	0.16076721
503	0.10838073
504	0.07912255
505	0.06929548
506	0.07587462
507	0.10287591
508	0.15778549
509	0.11164858
510	0.16192886
511	0.08071297
512	0.09515996
513	0.08423736
514	0.14611202
515	0.09006319
516	0.11900040
517	0.15131187
518	0.13028410
519	0.11773785
520	0.09108887
521	0.09859831
522	0.12949727
523	0.11924064
524	0.09678992
525	0.07252583
526	0.08235479
527	0.06177347
528	0.09534878
529	0.11103721
530	0.11804993
531	0.15563418
532	0.12274178
533	0.13075703
534	0.05275450
535	0.11242106
536	0.16427312
537	0.14789657
538	0.08376811
539	0.05475628
540	0.04860005
541	0.14102856
542	0.07544739
543	0.07789627
544	0.12072086
545	0.05854804
546	0.10056225
547	0.12156215
548	0.11001252
549	0.10178987
550	0.08327874
551	0.10645653
552	0.06236488
553	0.06932747
554	0.13648192
555	0.10689449
556	0.07969136
557	0.07230994
558	0.14462802
559	0.05981813
560	0.08733885
561	0.11053840
562	0.07270750
563	0.09559329
564	0.05532519
565	0.17864441
566	0.11961257
567	0.08453567
568	0.08508823
569	0.12633840
570	0.07816796
571	0.12227094
572	0.17815594
573	0.08942886
574	0.10985599
575	0.11155221
576	0.09535698
577	0.14160889
578	0.16275673
579	0.07515902
580	0.10946905
581	0.09674416
582	0.07615370
583	0.09884526
584	0.06701967
585	0.07552832
586	0.06162280
587	0.04224034
588	0.08117973
589	0.11711580
590	0.07982499
591	0.10066542
592	0.08762961
593	0.14015241
594	0.07275241
595	0.08667963
596	0.06660060
597	0.08714948
598	0.14863209
599	0.08020402
600	0.13773949
601	0.19486095
602	0.09990457
603	0.08484143
604	0.09152494
605	0.07026503
606	0.07947948
607	0.16332817
608	0.08620527
609	0.23130730
610	0.17123443
611	0.07114198
612	0.09917710
613	0.15146533
614	0.08527625
615	0.09665589
616	0.12922231
617	0.13185017
618	0.16995812
619	0.04515112
620	0.07360576
621	0.13773423
622	0.10504208
623	0.14774441
624	0.10560780
625	0.17872042
626	0.05824550
627	0.09223924
628	0.04348947
629	0.05514834
630	0.05643984
631	0.12945842
632	0.05138535
633	0.12372792
634	0.11002330
635	0.10032941
636	0.11010075
637	0.10273368
638	0.10010532
639	0.13102643
640	0.10507074
641	0.10023383
642	0.09704531
643	0.08669578
644	0.13949210
645	0.13699632
646	0.04489856
647	0.07259285
648	0.09756115
649	0.08704799
650	0.05224367
651	0.05810954
652	0.04740432
653	0.15522921
654	0.07488162
655	0.06773701
656	0.14940065
657	0.15952936
658	0.05165981
659	0.08292444
660	0.09861068
661	0.16273671
662	0.08195460
663	0.10434213
664	0.11818107
665	0.08157735
666	0.11976458
667	0.07597784
668	0.15926423
669	0.12160452
670	0.09293840
671	0.05211187
672	0.09312032
673	0.14056061
674	0.05422886
675	0.08292365
676	0.08826806
677	0.07908445
678	0.15707238
679	0.12018887
680	0.10976846
681	0.07555797
682	0.07333502
683	0.08699871
684	0.09319831
685	0.11259588
686	0.05070815
687	0.12843671
688	0.12293964
689	0.08909498
690	0.13332345
691	0.04501977
692	0.06002151
693	0.11839672
694	0.04002946
695	0.07417789
696	0.10569001
697	0.06855176
698	0.09320079
699	0.09670626
700	0.10565842
701	0.11708798
702	0.15656384
703	0.11806080
704	0.11060109
705	0.10228599
706	0.22478341
707	0.09849121
708	0.30959508
709	0.09803815
710	0.11748778
711	0.17399930
712	0.08324903
713	0.09941615
714	0.08929011
715	0.10282444
716	0.17852663
717	0.14646264
718	0.05708728
719	0.05692817
720	0.07447004
721	0.09993910
722	0.09278768
723	0.11742300
724	0.09079071
725	0.07756379
726	0.06979404
727	0.15621321
728	0.14381143
729	0.06856975
730	0.18012886
731	0.11603567
732	0.07820561
733	0.08674406
734	0.04351788
735	0.07691386
736	0.07584754
737	0.03712628
738	0.15358172
739	0.12743467
740	0.11301838
741	0.04636334
742	0.08079086
743	0.09454779
744	0.10166865
745	0.07196925
746	0.06206135
747	0.14192658
748	0.04508539
749	0.05049608
750	0.06578008
751	0.11622166
752	0.08640387
753	0.04337531
754	0.04623522
755	0.09170864
756	0.08042593
757	0.12606756
758	0.06953269
759	0.16409170
760	0.11142389
761	0.08126299
762	0.08977243
763	0.18188530
764	0.13686463
765	0.07398922
766	0.04271023
767	0.13022474
768	0.10941346
769	0.09428485
770	0.05955991
771	0.05408907
772	0.13423045
773	0.19551371
774	0.12966890
775	0.07586508
776	0.09156428
777	0.16979553
778	0.12584277
779	0.10173825
780	0.08141515
781	0.05336706
782	0.06345777
783	0.05464685
784	0.09261689
785	0.10028053
786	0.06984883
787	0.17624103
788	0.15220219
789	0.04291709
790	0.11540050
791	0.11807899
792	0.08872921
793	0.06355628
794	0.20110040
795	0.07582216
796	0.12612464
797	0.11324074
798	0.16047620
799	0.05303070
800	0.06533711
801	0.07682201
802	0.06995479
803	0.05907119
804	0.09577685
805	0.13075653
806	0.19024685
807	0.05817720
808	0.08299200
809	0.08376632
810	0.10145857
811	0.11441480
812	0.12617208
813	0.10258967
814	0.02873174
815	0.05064471
816	0.06140631
817	0.04991818
818	0.11228535
819	0.07710845
820	0.05817844
821	0.09280467
822	0.07192310
823	0.14331197
824	0.12929687
825	0.13281172
826	0.05290447
827	0.04686841
828	0.07009548
829	0.16496557
830	0.07550884
831	0.13441634
832	0.08070114
833	0.14461128
834	0.10069930
835	0.13192797
836	0.09853850
837	0.12084401
838	0.08224968
839	0.11046215
840	0.09308167
841	0.07232335
842	0.06382911
843	0.05619732
844	0.10371595
845	0.10125807
846	0.09786970
847	0.11700869
848	0.14116354
849	0.11274078
850	0.05076647
851	0.06660368
852	0.14442345
853	0.14963269
854	0.09054004
855	0.12759687
856	0.08550730
857	0.24631575
858	0.10183487
859	0.12393522
860	0.03104680
861	0.11323328
862	0.07586374
863	0.10800700
864	0.12297571
865	0.09946796
866	0.10455768
867	0.06383602
868	0.10042419
869	0.17931113
870	0.07241868
871	0.06556388
872	0.11343259
873	0.09032732
874	0.04611595
875	0.10791242
876	0.06596841
877	0.11052360
878	0.07991595
879	0.14783030
880	0.05210005
881	0.14123030
882	0.07585946
883	0.06661262
884	0.04639776
885	0.10720129
886	0.28022181
887	0.15068038
888	0.05443085
889	0.08143353
890	0.13068266
891	0.07946349
892	0.11375926
893	0.09444898
894	0.06167829
895	0.06956349
896	0.03926637
897	0.07698718
898	0.08826274
899	0.04062151
900	0.06555161
901	0.09502245
902	0.04776165
903	0.11579409
904	0.06605256
905	0.10057700
906	0.05828882
907	0.06216642
908	0.07918852
909	0.06534794
910	0.08387278
911	0.06710055
912	0.08059960
913	0.12330094
914	0.16482851
915	0.23015584
916	0.11627983
917	0.12704203
918	0.07822245
919	0.11465703
920	0.12652802
921	0.15180537
922	0.09878500
923	0.09040790
924	0.05589111
925	0.07498475
926	0.13765802
927	0.08151172
928	0.08029856
929	0.09511302
930	0.08853920
931	0.09669960
932	0.30626577
933	0.11965951
934	0.05061927
935	0.09998157
936	0.16468987
937	0.07860840
938	0.11523130
939	0.05793020
940	0.10908346
941	0.04739215
942	0.06142618
943	0.08316071
944	0.04819935
945	0.06215509
946	0.24639468
947	0.12654391
948	0.11188187
949	0.07521684
950	0.07205469
951	0.06264173
952	0.10642906
953	0.06700283
954	0.14315663
955	0.06150010
956	0.07193785
957	0.16179170
958	0.08541018
959	0.08634858
960	0.07179001
961	0.11013766
962	0.08455107
963	0.31189384
964	0.12397303
965	0.05538112
966	0.08224004
967	0.05419757
968	0.13635226
969	0.17280045
970	0.11931083
971	0.11356115
972	0.12097044
973	0.08134178
974	0.09922186
975	0.10335544
976	0.05070949
977	0.14266374
978	0.04725186
979	0.06323318
980	0.15677501
981	0.10881927
982	0.10072330
983	0.10604839
984	0.11179776
985	0.08691759
986	0.08854560
987	0.09054491
988	0.07487501
989	0.09471788
990	0.13655772
991	0.04596572
992	0.08036185
993	0.15934347
994	0.08629200
995	0.07714789
996	0.10357586
997	0.16343607
998	0.12725837
999	0.07275817
1000	0.06262096
1001	0.09845335
1002	0.07323626
1003	0.10607278
1004	0.10629578
1005	0.06954496
1006	0.03810283
1007	0.09581113
1008	0.08014133
1009	0.17147382
1010	0.12371202
1011	0.09108599
1012	0.03110109
1013	0.16819732
1014	0.12008907
1015	0.11387953
1016	0.12970417
1017	0.15105797
1018	0.06105584
1019	0.07592091
1020	0.07516498
1021	0.12953403
1022	0.12207417
1023	0.08267531
1024	0.07823363
1025	0.09915271
1026	0.08563830
1027	0.07684208
1028	0.12426294
1029	0.17933949
1030	0.14405410
1031	0.09629210
1032	0.06270666
1033	0.09327139
1034	0.12536085
1035	0.11116567
1036	0.07705012
1037	0.08296021
1038	0.09379016
1039	0.09281391
1040	0.08066264
1041	0.10961724
1042	0.07909637
1043	0.06193423
1044	0.06711456
1045	0.07381128
1046	0.09896180
1047	0.05666696
1048	0.10624337
1049	0.15446667
1050	0.04791038
1051	0.05790323
1052	0.10696433
1053	0.11653070
1054	0.11783676
1055	0.07172986
1056	0.13722345
1057	0.09895340
1058	0.10913030
1059	0.13438743
1060	0.10808231
1061	0.10068077
1062	0.12358266
1063	0.05782856
1064	0.05687789
1065	0.15428882
1066	0.06759608
1067	0.14572802
1068	0.07867263
1069	0.09276244
1070	0.05938962
1071	0.10216612
1072	0.11139950
1073	0.09319543
1074	0.08880313
1075	0.13325738
1076	0.07268231
1077	0.09210611
1078	0.07696796
1079	0.07287586
1080	0.06728385
1081	0.15674054
1082	0.15920050
1083	0.15297849
1084	0.07693537
1085	0.15934471
1086	0.03954118
1087	0.11674302
1088	0.09929006
1089	0.08421818
1090	0.13539359
1091	0.14626249
1092	0.10840676
1093	0.04169742
1094	0.14754103
1095	0.07148748
1096	0.11929518
1097	0.09666652
1098	0.11786215
1099	0.10579180
1100	0.15699091
1101	0.05329061
1102	0.06295241
1103	0.09694565
1104	0.11657352
1105	0.06928664
1106	0.12413154
1107	0.08136632
1108	0.13023492
1109	0.05189588
1110	0.11347288
1111	0.04614262
1112	0.06572057
1113	0.08151952
1114	0.12692588
1115	0.15698554
1116	0.07672062
1117	0.14482702
1118	0.06215306
1119	0.09721898
1120	0.05679473
1121	0.07026115
1122	0.08101326
1123	0.18401217
1124	0.09611436
1125	0.05975857
1126	0.06377923
1127	0.13392772
1128	0.03405057
1129	0.13697114
1130	0.06629573
1131	0.12094789
1132	0.11506076
1133	0.02574322
1134	0.06902638
1135	0.05848003
1136	0.06003920
1137	0.04513333
1138	0.15998246
1139	0.14799851
1140	0.10889319
1141	0.16706135
1142	0.08059255
1143	0.09759627
1144	0.11017660
1145	0.18834844
1146	0.08696413
1147	0.08098872
1148	0.10784978
1149	0.06274953
1150	0.06613333
1151	0.05311634
1152	0.06618157
1153	0.10691674
1154	0.10253313
1155	0.07749031
1156	0.06235137
1157	0.10467342
1158	0.15349493
1159	0.10500566
1160	0.15874580
1161	0.05519627
1162	0.13061257
1163	0.14537680
1164	0.09374486
1165	0.07436955
1166	0.13133358
1167	0.09539533
1168	0.06820328
1169	0.10084411
1170	0.28845514
1171	0.11679498
1172	0.12799995
1173	0.09313194
1174	0.11545678
1175	0.13977730
1176	0.20148972
1177	0.11439985
1178	0.06718793
1179	0.10735832
1180	0.08143736
1181	0.07690422
1182	0.12787581
1183	0.06469190
1184	0.09351982
1185	0.10718445
1186	0.04639488
1187	0.13788361
1188	0.11496518
1189	0.13572653
1190	0.10432553
1191	0.05048033
1192	0.04453810
1193	0.07258400
1194	0.19807437
1195	0.09196567
1196	0.10532136
1197	0.09641242
1198	0.11422504
1199	0.04804262
1200	0.10400740
1201	0.13010631
1202	0.14487998
1203	0.17018843
1204	0.13504531
1205	0.11407039
1206	0.10231217
1207	0.09772817
1208	0.07585569
1209	0.08397163
1210	0.09742697
1211	0.17246384
1212	0.03938460
1213	0.04849627
1214	0.07596483
1215	0.06048038
1216	0.11146443
1217	0.16049255
1218	0.16089016
1219	0.10750293
1220	0.04514913
1221	0.09940427
1222	0.06561664
1223	0.13063830
1224	0.05438356
1225	0.10334540
1226	0.04989016
1227	0.16232668
1228	0.06846478
1229	0.03979349
1230	0.09595698
1231	0.05134228
1232	0.08427760
1233	0.14808082
1234	0.13935455
1235	0.06136428
1236	0.13990179
1237	0.10149071
1238	0.03997387
1239	0.11368693
1240	0.14134441
1241	0.15230626
1242	0.11713870
1243	0.11667163
1244	0.14641386
1245	0.11290611
1246	0.09838833
1247	0.07015201
1248	0.05190273
1249	0.13654545
1250	0.09238644
1251	0.07730949
1252	0.07262504
1253	0.13993487
1254	0.06572702
1255	0.07067755
1256	0.11285837
1257	0.08315842
1258	0.08455310
1259	0.07515360
1260	0.13380830
1261	0.09124998
1262	0.16330343
1263	0.03305946
1264	0.08893125
1265	0.09003751
1266	0.11731480
1267	0.14339940
1268	0.13517561
1269	0.09937347
1270	0.14241128
1271	0.10255296
1272	0.09303875
1273	0.12892221
1274	0.06132603
1275	0.09148038
1276	0.10561828
1277	0.13261495
1278	0.12510596
1279	0.19708927
1280	0.13735539
1281	0.07439767
1282	0.18554054
1283	0.08740611
1284	0.08155266
1285	0.10360502
1286	0.13985862
1287	0.10018172
1288	0.08949657
1289	0.09666423
1290	0.09525862
1291	0.04841669
1292	0.10492861
1293	0.11035395
1294	0.11476980
1295	0.26229106
1296	0.09322305
1297	0.12704784
1298	0.09664729
1299	0.03912638
1300	0.11420432
1301	0.04424143
1302	0.11426711
1303	0.18056721
1304	0.04149111
1305	0.08689657
1306	0.10698967
1307	0.07662767
1308	0.10382618
1309	0.09213145
1310	0.07433944
1311	0.08731729
1312	0.08493766
1313	0.07349836
1314	0.14223274
1315	0.07879076
1316	0.09025772
1317	0.09311431
1318	0.06828778
1319	0.14261535
1320	0.05362370
1321	0.06648559
1322	0.23394431
1323	0.06371749
1324	0.06594138
1325	0.15769414
1326	0.12362350
1327	0.07885569
1328	0.11394282
1329	0.10661530
1330	0.12237024
1331	0.06056433
1332	0.06774093
1333	0.10212822
1334	0.03940288
1335	0.13295842
1336	0.15522866
1337	0.06154848
1338	0.10471724
1339	0.09646945
1340	0.16773800
1341	0.06011341
1342	0.12694491
1343	0.15773433
1344	0.14523825
1345	0.04863989
1346	0.06943299
1347	0.11022772
1348	0.11270174
1349	0.08228604
1350	0.10019548
1351	0.05950065
1352	0.10588882
1353	0.13352126
1354	0.13449255
1355	0.08818574
1356	0.22280050
1357	0.13822176
1358	0.19278112
1359	0.12397919
1360	0.12025912
1361	0.10335435
1362	0.09352514
1363	0.08873701
1364	0.07392886
1365	0.10439463
1366	0.03939796
1367	0.10397312
1368	0.13403140
1369	0.07200407
1370	0.14071361
1371	0.15944098
1372	0.04903184
1373	0.10947059
1374	0.10207352
1375	0.10277635
1376	0.13119916
1377	0.06938485
1378	0.11033115
1379	0.06812678
1380	0.14357829
1381	0.06748838
1382	0.09316334
1383	0.10073408
1384	0.07500864
1385	0.10526413
1386	0.11101803
1387	0.05326364
1388	0.09745534
1389	0.08804327
1390	0.17872931
1391	0.14431113
1392	0.10741600
1393	0.09813656
1394	0.13667283
1395	0.04176359
1396	0.02570591
1397	0.11305981
1398	0.10371292
1399	0.09972757
1400	0.08409995
1401	0.13016274
1402	0.08620616
1403	0.05494814
1404	0.06634441
1405	0.11811709
1406	0.10459801
1407	0.06026175
1408	0.08724123
1409	0.13912846
1410	0.07864357
1411	0.12886677
1412	0.06726175
1413	0.09574044
1414	0.06853150
1415	0.12652538
1416	0.16785877
1417	0.09197457
1418	0.08762235
1419	0.13542116
1420	0.14645708
1421	0.09199131
1422	0.06504913
1423	0.09599101
1424	0.12167640
1425	0.12171172
1426	0.08761331
1427	0.08597889
1428	0.16174272
1429	0.11106915
1430	0.06459896
1431	0.06528599
1432	0.07396095
1433	0.09639260
1434	0.10266816
1435	0.13711550
1436	0.16478659
1437	0.12798882
1438	0.17665017
1439	0.11246463
1440	0.26018018
1441	0.05611873
1442	0.08171376
1443	0.10351267
1444	0.08617650
1445	0.11274113
1446	0.06442449
1447	0.10639672
1448	0.15294292
1449	0.09486403
1450	0.10359667
1451	0.08596056
1452	0.04725027
1453	0.10424372
1454	0.11080050
1455	0.07697735
1456	0.12180532
1457	0.10999245
1458	0.08440551
1459	0.08232832
1460	0.08829558
1461	0.12386796
1462	0.09898301
1463	0.10262171
1464	0.08426140
1465	0.15751128
1466	0.12139826
1467	0.14218152
1468	0.09946334
1469	0.11062707
1470	0.07849419
1471	0.13465956
1472	0.12939841
1473	0.08275325
1474	0.10756095
1475	0.07702643
1476	0.11236652
1477	0.29543343
1478	0.16953045
1479	0.06965479
1480	0.09698470
1481	0.09262951
1482	0.10145897
1483	0.06640904
1484	0.08591605
1485	0.12235440
1486	0.10785892
1487	0.05577685
1488	0.11098048
1489	0.11632896
1490	0.30514729
1491	0.12017327
1492	0.08583120
1493	0.07067819
1494	0.05718480
1495	0.15355246
1496	0.10054093
1497	0.05917104
1498	0.10268073
1499	0.13334014
1500	0.07806488
1501	0.06769528
1502	0.04585271
1503	0.12474645
1504	0.08966036
1505	0.10520740
1506	0.07921972
1507	0.03409483
1508	0.05270194
1509	0.13412191
1510	0.08401719
1511	0.07042553
1512	0.08509011
1513	0.11543502
1514	0.08736125
1515	0.06327347
1516	0.06273159
1517	0.12278703
1518	0.12435410
1519	0.11636309
1520	0.05997437
1521	0.09935753
1522	0.12775231
1523	0.07634913
1524	0.06960760
1525	0.13195668
1526	0.11583299
1527	0.26065609
1528	0.11947919
1529	0.03274282
1530	0.09658212
1531	0.08236160
1532	0.11326513
1533	0.15018217
1534	0.08904506
1535	0.05848689
1536	0.08297000
1537	0.08445007
1538	0.05547844
1539	0.08247317
1540	0.08103870
1541	0.12850089
1542	0.04331878
1543	0.18761207
1544	0.11913602
1545	0.14492494
1546	0.11844749
1547	0.09505469
1548	0.09389945
1549	0.05316831
1550	0.08645127
1551	0.25653815
1552	0.06561406
1553	0.10578281
1554	0.12605370
1555	0.09982548
1556	0.06990671
1557	0.11371843
1558	0.17928644
1559	0.09120104
1560	0.06498882
1561	0.06902146
1562	0.13040139
1563	0.10417158
1564	0.18292986
1565	0.13024352
1566	0.10467000
1567	0.15243696
1568	0.13359816
1569	0.16227819
1570	0.06384391
1571	0.12773751
1572	0.12709300
1573	0.09506682
1574	0.09441699
1575	0.09063284
1576	0.06064625
1577	0.07755887
1578	0.12484044
1579	0.07726562
1580	0.16601550
1581	0.18979995
1582	0.13779394
1583	0.05926349
1584	0.06441927
1585	0.04266090
1586	0.12519901
1587	0.08610720
1588	0.12475673
1589	0.07503865
1590	0.11456155
1591	0.07535981
1592	0.15901053
1593	0.09805017
1594	0.13652548
1595	0.10626587
1596	0.06427809
1597	0.15566125
1598	0.12112419
1599	0.10927317
1600	0.10736915
1601	0.08321893
1602	0.11246160
1603	0.12919290
1604	0.15605231
1605	0.10157715
1606	0.11854665
1607	0.07785817
1608	0.07053472
1609	0.05624168
1610	0.03712538
1611	0.05152623
1612	0.11888058
1613	0.16841923
1614	0.19159930
1615	0.19023000
1616	0.11422817
1617	0.07407551
1618	0.11597367
1619	0.13826458
1620	0.09403229
1621	0.11605579
1622	0.16392976
1623	0.09211252
1624	0.11726965
1625	0.02871321
1626	0.08892782
1627	0.04578082
1628	0.07614988
1629	0.06609468
1630	0.09005653
1631	0.11941937
1632	0.08869593
1633	0.23957869
1634	0.10932548
1635	0.03322196
1636	0.09399046
1637	0.09986687
1638	0.13979826
1639	0.17321381
1640	0.13831808
1641	0.09413035
1642	0.06213651
1643	0.12125509
1644	0.11948440
1645	0.18110984
1646	0.07000646
1647	0.16482335
1648	0.07684441
1649	0.16078907
1650	0.09046572
1651	0.07470924
1652	0.10131311
1653	0.15105236
1654	0.10885370
1655	0.04952295
1656	0.12980616
1657	0.16755534
1658	0.11499622
1659	0.08288390
1660	0.19201401
1661	0.10364357
1662	0.05132717
1663	0.15451366
1664	0.08639553
1665	0.07686349
1666	0.07458708
1667	0.07862583
1668	0.10683304
1669	0.06805166
1670	0.05343895
1671	0.08687566
1672	0.15308530
1673	0.05097685
1674	0.11307511
1675	0.09982156
1676	0.04299916
1677	0.06739444
1678	0.08930889
1679	0.11471808
1680	0.12249265
1681	0.23222047
1682	0.05804322
1683	0.08831436
1684	0.11027948
1685	0.07184208
1686	0.21432429
1687	0.08129180
1688	0.06852702
1689	0.10157462
1690	0.14011356
1691	0.05574620
1692	0.09816880
1693	0.12132290
1694	0.12705047
1695	0.12208490
1696	0.08113756
1697	0.05762201
1698	0.09120224
1699	0.08132419
1700	0.09039692
1701	0.05030666
1702	0.13698937
1703	0.18191570
1704	0.14446195
1705	0.09807059
1706	0.07807889
1707	0.14293239
1708	0.04499354
1709	0.06206309
1710	0.07170740
1711	0.16534083
1712	0.12765514
1713	0.09345226
1714	0.14496349
1715	0.07673562
1716	0.07871461
1717	0.03942399
1718	0.10148023
1719	0.16708321
1720	0.09264039
1721	0.05647670
1722	0.07487640
1723	0.10668783
1724	0.11710864
1725	0.11458992
1726	0.09510889
1727	0.07191456
1728	0.10634809
1729	0.13294774
1730	0.28808008
1731	0.03812956
1732	0.09253169
1733	0.05853214
1734	0.06165643
1735	0.05332235
1736	0.09916453
1737	0.25561182
1738	0.05216195
1739	0.08261287
1740	0.19156657
1741	0.08669911
1742	0.06551237
1743	0.08177154
1744	0.07114739
1745	0.07509826
1746	0.11892866
1747	0.09391754
1748	0.17232067
1749	0.08159697
1750	0.04695489
1751	0.07340805
1752	0.08957024
1753	0.05588510
1754	0.08293974
1755	0.11621361
1756	0.09101783
1757	0.09521585
1758	0.07889752
1759	0.16570298
1760	0.10103403
1761	0.03999548
1762	0.10916930
1763	0.07523398
1764	0.14056945
1765	0.04676140
1766	0.08097919
1767	0.16804093
1768	0.09547680
1769	0.09404595
1770	0.10434511
1771	0.07921475
1772	0.13954004
1773	0.10895951
1774	0.18069965
1775	0.12577367
1776	0.06844352
1777	0.07107625
1778	0.10949319
1779	0.06689031
1780	0.05892424
1781	0.05235708
1782	0.08801465
1783	0.06593711
1784	0.08721898
1785	0.05303229
1786	0.12110263
1787	0.04619831
1788	0.06316205
1789	0.08630502
1790	0.16061197
1791	0.06012762
1792	0.08990641
1793	0.09404093
1794	0.15606915
1795	0.04818763
1796	0.13039821
1797	0.09765286
1798	0.07374545
1799	0.07366865
1800	0.18024466
1801	0.08229742
1802	0.08652365
1803	0.12069121
1804	0.12336672
1805	0.13064287
1806	0.15308708
1807	0.06641148
1808	0.10666319
1809	0.08396085
1810	0.08434158
1811	0.07828907
1812	0.11980472
1813	0.08406016
1814	0.03452851
1815	0.08606652
1816	0.09140313
1817	0.10416234
1818	0.12292017
1819	0.10639265
1820	0.06787978
1821	0.11079503
1822	0.08247904
1823	0.09489389
1824	0.15075981
1825	0.10225772
1826	0.02975032
1827	0.12159151
1828	0.06474580
1829	0.04919921
1830	0.08433880
1831	0.11389339
1832	0.03856508
1833	0.03286478
1834	0.13258867
1835	0.08813482
1836	0.05312484
1837	0.09341133
1838	0.10761639
1839	0.10111272
1840	0.16370293
1841	0.11361465
1842	0.12276453
1843	0.09987834
1844	0.14349980
1845	0.07201535
1846	0.09237009
1847	0.08771282
1848	0.13588589
1849	0.11277700
1850	0.09531013
1851	0.06611068
1852	0.11549225
1853	0.07822722
1854	0.11442812
1855	0.20000487
1856	0.10917700
1857	0.10540879
1858	0.20267168
1859	0.12738212
1860	0.05538604
1861	0.13644337
1862	0.14489121
1863	0.12900353
1864	0.07751058
1865	0.07469672
1866	0.09264128
1867	0.06552419
1868	0.14025723
1869	0.10365772
1870	0.05216483
1871	0.08653472
1872	0.06027367
1873	0.07978087
1874	0.06430104
1875	0.07720616
1876	0.20221053
1877	0.10779285
1878	0.05382514
1879	0.07208187
1880	0.11198137
1881	0.30924640
1882	0.19663269
1883	0.05552151
1884	0.03425072
1885	0.19513537
1886	0.12784262
1887	0.08821927
1888	0.15032777
1889	0.07981788
1890	0.08098122
1891	0.06554446
1892	0.07731361
1893	0.14818400
1894	0.12103224
1895	0.10158793
1896	0.12543890
1897	0.10546225
1898	0.09323939
1899	0.06792221
1900	0.10146483
1901	0.05775092
1902	0.07409190
1903	0.15945276
1904	0.08581982
1905	0.07017009
1906	0.10881992
1907	0.11481341
1908	0.08719846
1909	0.10072206
1910	0.07659230
1911	0.07195688
1912	0.12934675
1913	0.07815350
1914	0.10361530
1915	0.14981868
1916	0.14467402
1917	0.04232394
1918	0.05153244
1919	0.16087774
1920	0.14994759
1921	0.10909200
1922	0.08199180
1923	0.13327760
1924	0.06004088
1925	0.10577591
1926	0.04399538
1927	0.08605708
1928	0.09504302
1929	0.11532166
1930	0.11419463
1931	0.13767019
1932	0.08925554
1933	0.10555559
1934	0.11791610
1935	0.14273234
1936	0.09986985
1937	0.10894173
1938	0.11774108
1939	0.03245753
1940	0.11183368
1941	0.10403458
1942	0.07593900
1943	0.11725499
1944	0.14537789
1945	0.06883458
1946	0.07344461
1947	0.14943502
1948	0.17450571
1949	0.11777526
1950	0.04784963
1951	0.15450805
1952	0.08588276
1953	0.07877253
1954	0.07219568
1955	0.11654570
1956	0.05642221
1957	0.06451192
1958	0.07516016
1959	0.05795549
1960	0.09859578
1961	0.11431699
1962	0.14824103
1963	0.05534267
1964	0.15117859
1965	0.07984501
1966	0.11543542
1967	0.04251416
1968	0.18343005
1969	0.03623393
1970	0.09939588
1971	0.02957308
1972	0.16756662
1973	0.06472255
1974	0.06694193
1975	0.11021694
1976	0.09458455
1977	0.12396046
1978	0.12835534
1979	0.13020646
1980	0.08830576
1981	0.06182027
1982	0.12798236
1983	0.06253214
1984	0.08738932
1985	0.13794069
1986	0.15311987
1987	0.10895589
1988	0.11035743
1989	0.07951734
1990	0.10155385
1991	0.08852052
1992	0.10110417
1993	0.11322529
1994	0.10070656
1995	0.13002186
1996	0.04787859
1997	0.09637561
1998	0.05924004
1999	0.07988877
2000	0.11775539
2001	0.08088505
2002	0.06042464
2003	0.31569866
2004	0.06214501
2005	0.05797854
2006	0.08433542
2007	0.09787874
2008	0.08445375
2009	0.14557248
2010	0.05653070
2011	0.03845445
2012	0.06446200
