0	0.25218966
1	0.25226063
2	0.25210973
3	0.25224187
4	0.24871743
5	0.24953126
6	0.23256699
7	0.17655492
8	0.20718178
9	0.25095669
10	0.22756359
11	0.20529976
12	0.24062369
13	0.23182089
14	0.24041942
15	0.19803193
16	0.24568184
17	0.22949815
18	0.25055497
19	0.23312729
20	0.23156353
21	0.24482157
22	0.24174099
23	0.24832303
24	0.23558226
25	0.25024673
26	0.19247662
27	0.24984218
28	0.15214998
29	0.23387560
30	0.21959778
31	0.24787172
32	0.24844393
33	0.21357726
34	0.24279338
35	0.23390135
36	0.22374437
37	0.23260151
38	0.21300087
39	0.23420178
40	0.18345774
41	0.22849832
42	0.20860909
43	0.20141833
44	0.19735339
45	0.17382768
46	0.22464803
47	0.22657703
48	0.21317607
49	0.15345947
50	0.20807524
51	0.15615829
52	0.21468644
53	0.21453374
54	0.16290320
55	0.18358740
56	0.22243469
57	0.18096362
58	0.18012893
59	0.15922995
60	0.22151457
61	0.22996993
62	0.22215983
63	0.18625051
64	0.18114448
65	0.23403086
66	0.16228375
67	0.21227516
68	0.21056649
69	0.11254334
70	0.17392095
71	0.19227434
72	0.19463772
73	0.17937327
74	0.17739230
75	0.12431146
76	0.13586437
77	0.15236187
78	0.14511143
79	0.18542740
80	0.13208422
81	0.14369704
82	0.12293371
83	0.10523635
84	0.10182175
85	0.17185991
86	0.21949117
87	0.15836065
88	0.12941325
89	0.24562883
90	0.16348895
91	0.15640895
92	0.23932470
93	0.22533477
94	0.14454143
95	0.15977807
96	0.22839491
97	0.16154025
98	0.13018362
99	0.21535271
100	0.12716053
101	0.17854146
102	0.19322215
103	0.11453027
104	0.20368302
105	0.21404340
106	0.16680315
107	0.11116143
108	0.20945019
109	0.21291199
110	0.11748200
111	0.14356487
112	0.11841198
113	0.13071569
114	0.10159011
115	0.15589226
116	0.18646379
117	0.20167598
118	0.14404256
119	0.11300001
120	0.16468344
121	0.18583707
122	0.19691504
123	0.11262670
124	0.14898880
125	0.21693680
126	0.17779164
127	0.11557817
128	0.16851816
129	0.19176679
130	0.24114596
131	0.21830962
132	0.08835466
133	0.10932961
134	0.20666259
135	0.12385277
136	0.08476345
137	0.19628272
138	0.18359598
139	0.09317394
140	0.20523804
141	0.18758986
142	0.11401613
143	0.15322756
144	0.08086435
145	0.18187650
146	0.09250834
147	0.13928534
148	0.12177323
149	0.07316149
150	0.17587213
151	0.13551729
152	0.12941419
153	0.19468097
154	0.14644461
155	0.22588176
156	0.12985028
157	0.16930390
158	0.22286152
159	0.16706341
160	0.13634140
161	0.22546249
162	0.10571974
163	0.08111325
164	0.10325420
165	0.06776091
166	0.05528133
167	0.14702079
168	0.21780708
169	0.14504344
170	0.22266038
171	0.20351721
172	0.17465149
173	0.13243224
174	0.23862856
175	0.17789389
176	0.12076713
177	0.15857786
178	0.12284899
179	0.09127178
180	0.17921680
181	0.12662412
182	0.16747371
183	0.19574038
184	0.11756045
185	0.10841541
186	0.08230908
187	0.24458486
188	0.05216817
189	0.07959064
190	0.09464910
191	0.10654528
192	0.08154927
193	0.10214248
194	0.11206651
195	0.07402111
196	0.16654970
197	0.05636179
198	0.15425745
199	0.16492184
200	0.17522635
201	0.17893776
202	0.07811408
203	0.19621936
204	0.15967635
205	0.17516796
206	0.16644363
207	0.16261866
208	0.15500399
209	0.17536356
210	0.19028212
211	0.11003244
212	0.06928394
213	0.04174254
214	0.04808596
215	0.11088462
216	0.05613175
217	0.09490127
218	0.10653143
219	0.09057946
220	0.14563645
221	0.10688462
222	0.07516823
223	0.10436035
224	0.15055933
225	0.05757169
226	0.13483401
227	0.11533495
228	0.10671824
229	0.20778493
230	0.06829231
231	0.14661045
232	0.11178294
233	0.12851924
234	0.16874784
235	0.15706659
236	0.16749305
237	0.10056627
238	0.11648698
239	0.16361219
240	0.10744087
241	0.11649243
242	0.10537421
243	0.16792944
244	0.10267745
245	0.06512615
246	0.13949253
247	0.06566597
248	0.11399968
249	0.04933785
250	0.21302404
251	0.06033689
252	0.10378417
253	0.09577788
254	0.12552030
255	0.11387721
256	0.17037356
257	0.18608527
258	0.04441393
259	0.12834993
260	0.03376407
261	0.03322809
262	0.07115854
263	0.12521928
264	0.09682206
265	0.08095592
266	0.09039994
267	0.10741833
268	0.07455768
269	0.15976690
270	0.12563560
271	0.10807292
272	0.11515974
273	0.07645527
274	0.11974483
275	0.09887788
276	0.07186338
277	0.07798205
278	0.08123424
279	0.12228992
280	0.09234359
281	0.08057080
282	0.06192645
283	0.06350125
284	0.08034746
285	0.05410987
286	0.04753834
287	0.10369718
288	0.09491827
289	0.04516023
290	0.05495224
291	0.03985457
292	0.08390964
293	0.05958213
294	0.06931668
295	0.06821923
296	0.10607230
297	0.09662112
298	0.12601584
299	0.13140576
300	0.12498494
301	0.04222139
302	0.08983754
303	0.03822120
304	0.09008122
305	0.08067824
306	0.11946297
307	0.07824949
308	0.04379116
309	0.05532211
310	0.07730134
311	0.09858180
312	0.12047191
313	0.06935771
314	0.07897005
315	0.05866237
316	0.06404997
317	0.12801321
318	0.05518327
319	0.06247658
320	0.06665013
321	0.09246121
322	0.06393930
323	0.04751307
324	0.07928927
325	0.07573938
326	0.07066017
327	0.05266599
328	0.09883268
329	0.06853066
330	0.09799804
331	0.06426395
332	0.05660492
333	0.05338056
334	0.09951800
335	0.06399534
336	0.05998320
337	0.03640808
338	0.04749128
339	0.07193948
340	0.07380026
341	0.05803857
342	0.08323483
343	0.03989844
344	0.04577195
345	0.03387109
346	0.07127593
347	0.03655337
348	0.07857886
349	0.05121657
350	0.03873912
351	0.08952696
352	0.07464063
353	0.05226611
354	0.03315623
355	0.04822879
356	0.03854308
357	0.07220517
358	0.03606315
359	0.06218760
360	0.06036298
361	0.04546946
362	0.07503547
363	0.02381781
364	0.02378314
365	0.17988802
366	0.20911750
367	0.11773682
368	0.11371459
369	0.17773374
370	0.17978118
371	0.16365538
372	0.04366306
373	0.16607582
374	0.09549937
375	0.14965281
376	0.13345046
377	0.10442393
378	0.15731517
379	0.16185942
380	0.08380146
381	0.14399422
382	0.08611900
383	0.21958795
384	0.06114688
385	0.09264311
386	0.19903513
387	0.24455868
388	0.07197694
389	0.20819782
390	0.22220603
391	0.07998673
392	0.09730050
393	0.19500011
394	0.06519917
395	0.09720574
396	0.11414347
397	0.16704284
398	0.12546276
399	0.10199426
400	0.08551455
401	0.13923949
402	0.06652989
403	0.06084967
404	0.06073022
405	0.14523522
406	0.10039970
407	0.14050569
408	0.11342663
409	0.19080237
410	0.10438695
411	0.22315103
412	0.10143232
413	0.10536424
414	0.13033435
415	0.20637754
416	0.07592291
417	0.07609975
418	0.07874015
419	0.10405781
420	0.05627085
421	0.16650267
422	0.06124108
423	0.07394796
424	0.05709735
425	0.07843019
426	0.09332642
427	0.07864643
428	0.07928503
429	0.09205134
430	0.05600535
431	0.03706407
432	0.14310513
433	0.03606514
434	0.04778803
435	0.09831237
436	0.09623404
437	0.04535598
438	0.06099633
439	0.02792144
440	0.06418940
441	0.12512633
442	0.04286246
443	0.09544247
444	0.04649631
445	0.06636882
446	0.02971208
447	0.09246622
448	0.02649542
449	0.04960901
450	0.03656888
451	0.06836614
452	0.09643451
453	0.06692440
454	0.04644178
455	0.03100773
456	0.03629164
457	0.03684442
458	0.15202893
459	0.11693734
460	0.16927330
461	0.09702146
462	0.12872432
463	0.17554990
464	0.15987077
465	0.10470244
466	0.11218071
467	0.18362244
468	0.12436109
469	0.09315966
470	0.06949691
471	0.02965751
472	0.03008886
473	0.07932971
474	0.12587544
475	0.06737857
476	0.17541382
477	0.07738713
478	0.16263905
479	0.05273064
480	0.07960729
481	0.03719237
482	0.13644337
483	0.07875583
484	0.09712949
485	0.13211832
486	0.05131587
487	0.07649029
488	0.18005986
489	0.06523019
490	0.08038006
491	0.03722800
492	0.06045232
493	0.04368184
494	0.04284135
495	0.04445852
496	0.04256433
497	0.14764707
498	0.04443433
499	0.10465327
500	0.02751400
501	0.05359492
502	0.06156811
503	0.06795737
504	0.06066240
505	0.03291376
506	0.06787479
507	0.04444254
508	0.04595937
509	0.03510495
510	0.02082302
511	0.04579777
512	0.05766646
513	0.03612365
514	0.02684535
515	0.03457668
516	0.02997076
517	0.02064335
518	0.06762006
519	0.03212028
520	0.03415951
521	0.17846232
522	0.20589762
523	0.12970124
524	0.09157245
525	0.13949461
526	0.17885260
527	0.11457679
528	0.15355290
529	0.15618999
530	0.10575400
531	0.07796512
532	0.13808972
533	0.06069402
534	0.11321825
535	0.15462379
536	0.09098711
537	0.07676386
538	0.18432807
539	0.04769658
540	0.07911862
541	0.06011434
542	0.09164041
543	0.05319054
544	0.11375227
545	0.07392944
546	0.07204275
547	0.07270613
548	0.17616953
549	0.05969611
550	0.05050129
551	0.14083829
552	0.06186795
553	0.05720544
554	0.05219201
555	0.14986053
556	0.05518756
557	0.05995644
558	0.10931728
559	0.08546151
560	0.09210258
561	0.09567359
562	0.12235713
563	0.09750277
564	0.07412516
565	0.05198520
566	0.04709539
567	0.17926540
568	0.12266919
569	0.03699398
570	0.03835284
571	0.10753015
572	0.16870259
573	0.11911470
574	0.05211284
575	0.08138214
576	0.08056177
577	0.03753869
578	0.05144979
579	0.07117997
580	0.03496310
581	0.05097386
582	0.04982563
583	0.03761066
584	0.04376814
585	0.03955257
586	0.02991204
587	0.03827086
588	0.03662870
589	0.04345426
590	0.03619047
591	0.12291319
592	0.12227184
593	0.11090171
594	0.03440255
595	0.08006324
596	0.09822968
597	0.08579646
598	0.04392631
599	0.06119633
600	0.02686301
601	0.06938676
602	0.02793178
603	0.03809636
604	0.03638614
605	0.02862061
606	0.04682096
607	0.04921889
608	0.13550067
609	0.17978835
610	0.11180933
611	0.15183570
612	0.13234714
613	0.06463237
614	0.07380829
615	0.07934124
616	0.08215427
617	0.04538161
618	0.04823851
619	0.09189833
620	0.02394590
621	0.09672465
622	0.03467276
623	0.03254734
624	0.02817392
625	0.05780169
626	0.04059433
627	0.07111509
628	0.11560261
629	0.10556939
630	0.05938647
631	0.05690321
632	0.05672320
633	0.05010690
634	0.03904120
635	0.03968135
636	0.03708785
637	0.04126896
638	0.02875672
639	0.06213029
640	0.07473699
641	0.04772355
642	0.03568487
643	0.01440206
644	0.01473048
645	0.05282109
646	0.02885253
647	0.03793629
648	0.05474256
649	0.02850582
650	0.02417024
651	0.03594223
652	0.03705621
653	0.01423014
654	0.01480960
655	0.03693261
656	0.03968291
657	0.09231721
658	0.08301292
659	0.04163786
660	0.10220643
661	0.03612905
662	0.06776784
663	0.09941644
664	0.02936363
665	0.02877679
666	0.06633068
667	0.03988356
668	0.04984354
669	0.02756517
670	0.04117878
671	0.04510283
672	0.03044565
673	0.02409910
674	0.14440988
675	0.12128591
676	0.06737254
677	0.06699330
678	0.07342787
679	0.09470822
680	0.06043288
681	0.05940356
682	0.06011664
683	0.10050636
684	0.04921268
685	0.05479059
686	0.08509725
687	0.06740711
688	0.03151600
689	0.04830169
690	0.03260456
691	0.04360236
692	0.05636202
693	0.03965926
694	0.04943917
695	0.03218770
696	0.02689303
697	0.11333602
698	0.11111083
699	0.10645673
700	0.08687112
701	0.13664519
702	0.07965329
703	0.07802672
704	0.06998508
705	0.12193010
706	0.10327711
707	0.07693523
708	0.09220051
709	0.08882350
710	0.10448703
711	0.06390440
712	0.06277981
713	0.06249659
714	0.08003491
715	0.06250798
716	0.03149575
717	0.04735082
718	0.06997034
719	0.08247964
720	0.13301836
721	0.07343504
722	0.07009428
723	0.04771558
724	0.03496830
725	0.03701954
726	0.03706807
727	0.03995888
728	0.03497914
729	0.07072891
730	0.08562226
731	0.04428701
732	0.10745056
733	0.04523025
734	0.08199613
735	0.04548442
736	0.11355376
737	0.10946562
738	0.05340602
739	0.03173208
740	0.03684856
741	0.07866862
742	0.08997647
743	0.09102747
744	0.03369532
745	0.02813334
746	0.01972274
747	0.01935208
748	0.03875056
749	0.03344440
750	0.08217413
751	0.06938167
752	0.03121761
753	0.03054593
754	0.03134711
755	0.03066969
756	0.01652455
757	0.01627602
758	0.07213735
759	0.04640501
760	0.06794838
761	0.02404079
762	0.05163946
763	0.13870139
764	0.03070512
765	0.02649083
766	0.02718389
767	0.03719614
768	0.03772302
769	0.02588573
770	0.03756682
771	0.03665539
772	0.02211473
773	0.05801982
774	0.02039050
775	0.02215551
776	0.02038508
777	0.02061525
778	0.17898975
779	0.09419146
780	0.12534807
781	0.15190371
782	0.10316485
783	0.06445478
784	0.12184730
785	0.11050704
786	0.05718897
787	0.02012770
788	0.05790898
789	0.05693058
790	0.05057601
791	0.04935873
792	0.08980050
793	0.05701031
794	0.03792832
795	0.07269468
796	0.07291038
797	0.05057479
798	0.04070562
799	0.05729994
800	0.04814047
801	0.05704949
802	0.03764223
803	0.03761763
804	0.02069618
805	0.05947984
806	0.14167620
807	0.02503058
808	0.02500180
809	0.08373489
810	0.11692167
811	0.05104303
812	0.02960385
813	0.15277215
814	0.02632594
815	0.04157580
816	0.05312691
817	0.01900151
818	0.01908733
819	0.09464077
820	0.05587310
821	0.06404998
822	0.03202941
823	0.02308069
824	0.02283982
825	0.06663854
826	0.06095843
827	0.02147844
828	0.03718005
829	0.02169260
830	0.03878060
831	0.03922259
832	0.10188107
833	0.01965675
834	0.01932261
835	0.09939048
836	0.12867648
837	0.13431909
838	0.11195139
839	0.11730546
840	0.10026152
841	0.04449045
842	0.06113959
843	0.07064170
844	0.11773073
845	0.12274989
846	0.04462588
847	0.04473833
848	0.03188317
849	0.04721513
850	0.02424608
851	0.04772677
852	0.05212976
853	0.12763717
854	0.05842906
855	0.03197982
856	0.05792917
857	0.02777875
858	0.05815331
859	0.06737739
860	0.06720072
861	0.06745111
862	0.01440704
863	0.02491190
864	0.01927820
865	0.16419278
866	0.15928338
867	0.10439133
868	0.07199474
869	0.06465911
870	0.09770281
871	0.02877050
872	0.02925008
873	0.11970222
874	0.06585241
875	0.05364418
876	0.02033225
877	0.06310346
878	0.05560857
879	0.02789970
880	0.07182389
881	0.02763604
882	0.02045539
883	0.02950723
884	0.02771704
885	0.02921842
886	0.12719638
887	0.10296608
888	0.10186814
889	0.10571281
890	0.13345356
891	0.09098008
892	0.05838380
893	0.05534443
894	0.14387787
895	0.04626183
896	0.08159531
897	0.03409964
898	0.06443654
899	0.11059011
900	0.09284629
901	0.05915712
902	0.03864964
903	0.03929287
904	0.04890475
905	0.04348883
906	0.05013686
907	0.06800381
908	0.03537223
909	0.03490333
910	0.07520981
911	0.13511550
912	0.08434512
913	0.09253017
914	0.03232969
915	0.03714488
916	0.00997625
917	0.00992494
918	0.06662984
919	0.05578695
920	0.02048562
921	0.02017527
922	0.06628943
923	0.06669060
924	0.03106425
925	0.02269246
926	0.03608861
927	0.02206171
928	0.07941214
929	0.04199728
930	0.04497603
931	0.07865510
932	0.05634113
933	0.04532364
934	0.03044121
935	0.02992792
936	0.02434469
937	0.08185424
938	0.04466830
939	0.02628338
940	0.05592180
941	0.03021864
942	0.03069575
943	0.02705076
944	0.12911896
945	0.08272178
946	0.04724528
947	0.04488484
948	0.04437898
949	0.03764139
950	0.03552874
951	0.02173711
952	0.03483922
953	0.05533677
954	0.11582052
955	0.02624746
956	0.01915424
957	0.02182104
958	0.03400126
959	0.02218152
960	0.02168284
961	0.03324302
962	0.01862756
963	0.01879932
964	0.08621289
965	0.01877824
966	0.01908775
967	0.03461126
968	0.09544337
969	0.03030153
970	0.03035129
971	0.10149580
972	0.03844943
973	0.10495350
974	0.06026396
975	0.03758096
976	0.01536131
977	0.01474928
978	0.02127118
979	0.02542528
980	0.01240351
981	0.02891517
982	0.01252116
983	0.06958862
984	0.16221558
985	0.09629954
986	0.11988211
987	0.17668387
988	0.14111120
989	0.02486059
990	0.09415436
991	0.08052217
992	0.01338150
993	0.04011491
994	0.03147849
995	0.03278778
996	0.01776520
997	0.03013871
998	0.01087292
999	0.02611533
1000	0.01183490
1001	0.01151883
1002	0.01866408
1003	0.01727903
1004	0.07786667
1005	0.09769151
1006	0.05030140
1007	0.04939789
1008	0.02505056
1009	0.05858020
1010	0.02301464
1011	0.04928011
1012	0.02285347
1013	0.01406046
1014	0.01389131
1015	0.03473473
1016	0.03505803
1017	0.02585383
1018	0.02914596
1019	0.02303066
1020	0.10323408
1021	0.09273412
1022	0.07975204
1023	0.08894756
1024	0.05617472
1025	0.06560095
1026	0.09756706
1027	0.05034176
1028	0.08286817
1029	0.10643125
1030	0.03923624
1031	0.04732362
1032	0.07578131
1033	0.02628309
1034	0.04167976
1035	0.04922311
1036	0.03670012
1037	0.03338779
1038	0.02813829
1039	0.05213024
1040	0.07315993
1041	0.04638067
1042	0.07978054
1043	0.08148200
1044	0.08165054
1045	0.07938675
1046	0.03474823
1047	0.03940176
1048	0.02540102
1049	0.11561600
1050	0.05148148
1051	0.01817616
1052	0.01856076
1053	0.03889105
1054	0.03970354
1055	0.05154070
1056	0.07166766
1057	0.12102550
1058	0.07580716
1059	0.01578354
1060	0.01493416
1061	0.09221801
1062	0.06730385
1063	0.05554588
1064	0.08467047
1065	0.05616051
1066	0.04121289
1067	0.06704045
1068	0.04413726
1069	0.07298014
1070	0.04371542
1071	0.13218126
1072	0.03627218
1073	0.05274306
1074	0.02801324
1075	0.02266638
1076	0.03633669
1077	0.02178466
1078	0.02968754
1079	0.02017848
1080	0.02552593
1081	0.02249909
1082	0.02208537
1083	0.02577860
1084	0.15635235
1085	0.03817319
1086	0.02220892
1087	0.03609622
1088	0.03599810
1089	0.02598682
1090	0.01997611
1091	0.02943003
1092	0.06200627
1093	0.02374728
1094	0.02884682
1095	0.03459094
1096	0.01508881
1097	0.02698689
1098	0.05463820
1099	0.05204273
1100	0.07568437
1101	0.04107319
1102	0.01832486
1103	0.02113251
1104	0.02665883
1105	0.02127251
1106	0.11844384
1107	0.12790960
1108	0.02452949
1109	0.01739542
1110	0.04985778
1111	0.04912016
1112	0.04964566
1113	0.09967803
1114	0.12592760
1115	0.09787064
1116	0.10146203
1117	0.11479436
1118	0.09526097
1119	0.05318929
1120	0.03859762
1121	0.04554897
1122	0.07074482
1123	0.04410371
1124	0.03106253
1125	0.03969818
1126	0.06564091
1127	0.06848074
1128	0.06295779
1129	0.01878279
1130	0.01866293
1131	0.03502236
1132	0.03245320
1133	0.03934116
1134	0.01891029
1135	0.08774758
1136	0.01998070
1137	0.03534390
1138	0.03378526
1139	0.03308063
1140	0.01770354
1141	0.09153386
1142	0.05188465
1143	0.06360745
1144	0.03745128
1145	0.03760565
1146	0.03541897
1147	0.03275047
1148	0.03186840
1149	0.03211977
1150	0.03358100
1151	0.01848764
1152	0.02769505
1153	0.02807213
1154	0.02139381
1155	0.02718418
1156	0.02095193
1157	0.01506005
1158	0.02066731
1159	0.02598906
1160	0.00953683
1161	0.00948124
1162	0.12127461
1163	0.08154857
1164	0.03373257
1165	0.03362501
1166	0.06007833
1167	0.02376325
1168	0.02481332
1169	0.04859323
1170	0.04897331
1171	0.03144362
1172	0.01738499
1173	0.02820734
1174	0.01738626
1175	0.02929821
1176	0.05965741
1177	0.04557637
1178	0.02805968
1179	0.02797366
1180	0.04533121
1181	0.02041246
1182	0.01804876
1183	0.04570567
1184	0.01696176
1185	0.01763636
1186	0.03586658
1187	0.03535190
1188	0.06291727
1189	0.04905047
1190	0.03694206
1191	0.03724583
1192	0.00576021
1193	0.06803673
1194	0.02181046
1195	0.03612854
1196	0.03628749
1197	0.02718839
1198	0.01762461
1199	0.03425078
1200	0.04482051
1201	0.05096389
1202	0.04514598
1203	0.01347428
1204	0.01352883
1205	0.00682346
1206	0.02002992
1207	0.01451357
1208	0.01408511
1209	0.01226933
1210	0.03660852
1211	0.03737356
1212	0.03801648
1213	0.02830329
1214	0.01569119
1215	0.03014946
1216	0.01548889
1217	0.07240196
1218	0.04577041
1219	0.04768504
1220	0.07705688
1221	0.07763450
1222	0.07758263
1223	0.07743001
1224	0.03173278
1225	0.03295309
1226	0.08556777
1227	0.04147834
1228	0.04340359
1229	0.07660778
1230	0.04687473
1231	0.11869233
1232	0.03723020
1233	0.02333921
1234	0.03054606
1235	0.03021745
1236	0.03109279
1237	0.03725055
1238	0.02057848
1239	0.01263338
1240	0.10579148
1241	0.03156977
1242	0.04203803
1243	0.01479612
1244	0.03084165
1245	0.04361927
1246	0.02983662
1247	0.02916431
1248	0.02361553
1249	0.02068994
1250	0.01779138
1251	0.01785047
1252	0.02697387
1253	0.02023205
1254	0.02620194
1255	0.01779732
1256	0.01838452
1257	0.03659877
1258	0.06479148
1259	0.04206375
1260	0.04566675
1261	0.05266155
1262	0.04791799
1263	0.03935738
1264	0.03958966
1265	0.02200488
1266	0.02045187
1267	0.02602396
1268	0.01793399
1269	0.01765488
1270	0.02571660
1271	0.02291268
1272	0.01512199
1273	0.01168758
1274	0.01161858
1275	0.02503980
1276	0.01766809
1277	0.01677250
1278	0.03204898
1279	0.04427721
1280	0.04965391
1281	0.04945641
1282	0.01632698
1283	0.00808688
1284	0.00805366
1285	0.01694001
1286	0.01711905
1287	0.03648838
1288	0.02856148
1289	0.02431665
1290	0.02382849
1291	0.01715384
1292	0.02337304
1293	0.01708529
1294	0.02618996
1295	0.02087438
1296	0.02837618
1297	0.02864719
1298	0.03025885
1299	0.01125798
1300	0.01131536
1301	0.02240502
1302	0.03059158
1303	0.02887680
1304	0.04164600
1305	0.00602027
1306	0.01398601
1307	0.02210141
1308	0.01877735
1309	0.02216950
1310	0.02491702
1311	0.02139718
1312	0.03694792
1313	0.07363439
1314	0.03348026
1315	0.01768987
1316	0.05330521
1317	0.03384371
1318	0.02957056
1319	0.04815426
1320	0.04812605
1321	0.02261069
1322	0.03869447
1323	0.02125377
1324	0.02097577
1325	0.01320623
1326	0.01278393
1327	0.01636852
1328	0.01638857
1329	0.01682076
1330	0.01601376
1331	0.01662337
1332	0.05270874
1333	0.05761450
1334	0.02002565
1335	0.02183552
1336	0.03966722
1337	0.03785121
1338	0.05300995
1339	0.03040733
1340	0.02913524
1341	0.04398766
1342	0.04463951
1343	0.04550385
1344	0.04459303
1345	0.02440918
1346	0.02405612
1347	0.00882118
1348	0.00915773
1349	0.01423764
1350	0.04243782
1351	0.03333468
1352	0.02089593
1353	0.03288655
1354	0.02754786
1355	0.02241940
1356	0.01292955
1357	0.01337862
1358	0.03136324
1359	0.03005465
1360	0.02300071
1361	0.01712746
1362	0.02623647
1363	0.03022873
1364	0.05324988
1365	0.02443181
1366	0.02497965
1367	0.01816050
1368	0.01848293
1369	0.02720177
1370	0.02773395
1371	0.03601158
1372	0.03845310
1373	0.03744320
1374	0.03803265
1375	0.02539380
1376	0.05561595
1377	0.06930593
1378	0.04215057
1379	0.04219845
1380	0.02073909
1381	0.01153205
1382	0.03487770
1383	0.02922309
1384	0.02327798
1385	0.02913259
1386	0.02743367
1387	0.01107596
1388	0.01240875
1389	0.01094120
1390	0.01126275
1391	0.01139531
1392	0.01088169
1393	0.01900365
1394	0.01301246
1395	0.00758012
1396	0.00779034
1397	0.00793627
1398	0.03182321
1399	0.01070610
1400	0.01056847
1401	0.02317548
1402	0.02171129
1403	0.00805519
1404	0.00812663
1405	0.00861552
1406	0.00822202
1407	0.00719815
1408	0.00674104
1409	0.04158149
1410	0.02689358
1411	0.04009490
1412	0.02975276
1413	0.02776264
1414	0.03204064
1415	0.01009902
1416	0.00984034
1417	0.02596411
1418	0.02412739
1419	0.02395074
1420	0.04354451
1421	0.01020213
1422	0.01035968
1423	0.01029073
1424	0.01067506
1425	0.02288682
1426	0.01619394
1427	0.01601720
1428	0.01811315
1429	0.02879334
1430	0.00495297
1431	0.00494795
1432	0.02339197
1433	0.01963759
1434	0.02759274
1435	0.01722069
1436	0.01787953
1437	0.01755343
1438	0.01820955
1439	0.01206258
1440	0.00804788
1441	0.01743134
1442	0.01255544
1443	0.01797817
1444	0.00792356
1445	0.02949217
1446	0.02755701
1447	0.02805892
1448	0.01847249
1449	0.01022373
1450	0.02682582
1451	0.02656274
1452	0.02646741
1453	0.01407539
1454	0.00498176
1455	0.00532587
1456	0.01195128
1457	0.00487558
1458	0.01968114
1459	0.00990460
1460	0.00803557
1461	0.00803551
1462	0.00399900
1463	0.01593650
1464	0.00888933
1465	0.02573333
1466	0.02597527
1467	0.01266618
1468	0.01178367
1469	0.02160828
1470	0.02676610
1471	0.03188190
1472	0.02796261
1473	0.05378294
1474	0.03621847
1475	0.01488175
1476	0.01448344
1477	0.03566934
1478	0.02295940
1479	0.01464473
1480	0.03756262
1481	0.03071276
1482	0.04612790
1483	0.02235144
1484	0.00854061
1485	0.02181237
1486	0.01527744
1487	0.02583457
1488	0.03131534
1489	0.01589393
1490	0.03150816
1491	0.00976008
1492	0.01022279
1493	0.01018099
1494	0.02408039
1495	0.01040046
1496	0.01167720
1497	0.00680112
1498	0.00715325
1499	0.00663384
1500	0.00673151
1501	0.00710226
1502	0.00719982
1503	0.00987162
1504	0.01209823
1505	0.01070306
1506	0.01841975
1507	0.01078215
1508	0.01679746
1509	0.00839492
1510	0.01324573
1511	0.01312412
1512	0.02625090
1513	0.04599340
1514	0.02352350
1515	0.01328418
1516	0.02220062
1517	0.02112144
1518	0.01327815
1519	0.01320633
1520	0.00537181
1521	0.01530121
1522	0.00529659
1523	0.00562319
1524	0.00964986
1525	0.00959172
1526	0.00965177
1527	0.00948089
1528	0.00966449
1529	0.00843693
1530	0.00964205
1531	0.02584800
1532	0.01615864
1533	0.02661825
1534	0.02034706
1535	0.00906283
1536	0.01243098
1537	0.00328104
1538	0.00483639
1539	0.00474770
1540	0.00303404
1541	0.00282103
1542	0.00078317
1543	0.00284998
1544	0.00082112
1545	0.00777021
1546	0.00773787
1547	0.01770587
1548	0.02471013
1549	0.02457029
1550	0.01185250
1551	0.01187986
1552	0.01051977
1553	0.01788213
1554	0.01082336
1555	0.01080787
1556	0.01418126
1557	0.01479614
1558	0.01978369
1559	0.00234532
1560	0.00249880
1561	0.01454563
1562	0.01191569
1563	0.01173787
1564	0.01194227
1565	0.01297080
1566	0.02504229
1567	0.01401110
1568	0.02879124
1569	0.01344092
1570	0.01399038
1571	0.01374954
1572	0.02539922
1573	0.01339777
1574	0.01318658
1575	0.00468591
1576	0.00294407
1577	0.00313216
1578	0.00329815
1579	0.01252054
1580	0.02259693
1581	0.01653428
1582	0.01672978
1583	0.02118043
1584	0.01730076
1585	0.01794350
1586	0.01428960
1587	0.01415475
1588	0.01167046
1589	0.01281199
1590	0.01250871
1591	0.02617540
1592	0.02648914
1593	0.01790805
1594	0.01365118
1595	0.01095741
1596	0.00091864
1597	0.00083612
1598	0.00086990
1599	0.00270279
1600	0.00833901
1601	0.00808708
1602	0.01174047
1603	0.01225607
1604	0.01427607
1605	0.01275975
1606	0.00159235
1607	0.00177404
1608	0.00166043
1609	0.01225895
1610	0.00776869
1611	0.01089355
1612	0.00418033
1613	0.01093505
1614	0.01053392
1615	0.00710397
1616	0.00230053
1617	0.00646540
1618	0.00438054
1619	0.01006519
1620	0.00966393
1621	0.00247147
1622	0.00280994
1623	0.00324028
1624	0.00311637
1625	0.00292964
1626	0.00103085
1627	0.00284726
1628	0.00663995
1629	0.00684746
1630	0.00516821
1631	0.01122197
1632	0.00496644
1633	0.00530000
1634	0.00553054
1635	0.00258581
1636	0.00290433
1637	0.00296458
1638	0.00582194
1639	0.00305154
1640	0.00634312
1641	0.00603120
1642	0.00615862
1643	0.00577375
1644	0.00306255
1645	0.00212262
1646	0.00950196
1647	0.00845753
1648	0.00789780
1649	0.01201195
1650	0.01222037
1651	0.01713175
1652	0.01700660
1653	0.01692838
1654	0.01707650
1655	0.00505131
1656	0.00460379
1657	0.00566361
1658	0.00599785
1659	0.00430423
1660	0.01725318
1661	0.01170623
1662	0.01029415
1663	0.01015926
1664	0.01914957
1665	0.01909713
1666	0.01900168
1667	0.00065166
1668	0.00065469
1669	0.00065484
1670	0.00071066
1671	0.00070719
1672	0.00070908
1673	0.00070504
1674	0.01147682
1675	0.00677585
1676	0.01140097
1677	0.00245860
1678	0.00246525
1679	0.00065472
1680	0.00065483
1681	0.00065301
1682	0.00080842
1683	0.00077788
1684	0.00227769
1685	0.00463156
1686	0.00444650
1687	0.00636437
1688	0.00815620
1689	0.00809518
1690	0.00428608
1691	0.00169234
1692	0.00324993
1693	0.00336134
1694	0.00333365
1695	0.00339039
1696	0.00453406
1697	0.01399504
1698	0.01757580
1699	0.01412418
1700	0.00189823
1701	0.00193363
1702	0.00065242
1703	0.00065500
1704	0.00065435
1705	0.00065306
1706	0.00065408
1707	0.00065285
1708	0.00755930
1709	0.00722337
1710	0.00065445
1711	0.00065577
1712	0.00065397
1713	0.00271655
1714	0.00266114
1715	0.00319927
1716	0.00290437
1717	0.00211795
1718	0.00202598
1719	0.00223226
1720	0.00065478
1721	0.00065384
1722	0.00065364
1723	0.00065369
1724	0.00065267
1725	0.00065202
1726	0.00065126
1727	0.00065313
1728	0.00065489
1729	0.00065481
1730	0.00065436
1731	0.00065219
1732	0.00065302
1733	0.00065360
1734	0.00065492
1735	0.00394801
1736	0.00230993
1737	0.00070706
1738	0.00071019
1739	0.00070904
1740	0.00070820
1741	0.00526058
1742	0.00070926
1743	0.00070901
1744	0.00070696
1745	0.00070697
1746	0.00065571
1747	0.00065513
1748	0.00065246
1749	0.00065488
1750	0.00065431
1751	0.00065604
1752	0.00065320
1753	0.00065440
1754	0.00065421
1755	0.00065322
1756	0.00065324
1757	0.00065341
1758	0.00227711
1759	0.00228254
1760	0.00723686
1761	0.00065192
1762	0.00065354
1763	0.00065235
1764	0.00065411
1765	0.00065319
1766	0.00065494
1767	0.00065406
1768	0.00065303
1769	0.00065530
1770	0.00065330
1771	0.00065442
1772	0.00065465
