1	0.01466103
2	0.00129491
3	0.00090385
4	0.00061318
5	0.00166161
6	0.00194381
7	0.00206080
9	0.00197604
10	0.00229489
11	0.00203231
12	0.01197939
13	0.00342834
14	0.00887931
15	0.00331504
16	0.00112123
17	0.00098283
19	0.00173195
20	0.00075659
21	0.01565389
22	0.00245690
23	0.00227882
24	0.01152787
25	0.01621123
26	0.00195737
27	0.00114177
28	0.00230509
29	0.00210160
30	0.00205481
31	0.00851391
32	0.00168497
33	0.00110188
34	0.02090929
35	0.00272557
36	0.00138390
37	0.00131472
38	0.00472444
39	0.00231248
40	0.00066996
41	0.00055960
42	0.00204309
43	0.00055145
44	0.00070753
45	0.01233405
46	0.00113237
47	0.01033974
48	0.00134888
49	0.00112438
50	0.00071853
51	0.00060784
52	0.00108698
53	0.00201247
54	0.00057742
55	0.00373336
56	0.00983678
57	0.00199746
58	0.00098035
59	0.00072520
60	0.00175745
61	0.00058327
63	0.00055130
64	0.00344652
65	0.00199983
66	0.00090220
67	0.00230021
68	0.00202275
69	0.00113993
71	0.00386539
72	0.00167078
73	0.00202285
74	0.00161417
75	0.00225111
76	0.00246024
77	0.00223248
78	0.00060622
79	0.00166295
80	0.00186031
81	0.00199828
82	0.00061237
84	0.01119158
85	0.00132220
86	0.00197994
87	0.00160645
89	0.00201424
90	0.01121921
91	0.00070194
92	0.01071413
93	0.00594163
94	0.00154868
95	0.00200474
96	0.00654050
97	0.00364521
98	0.00264768
99	0.00166332
101	0.00070666
102	0.00168827
103	0.00068618
104	0.01348617
105	0.00284035
106	0.00117976
107	0.00123902
108	0.00266113
109	0.00321119
110	0.00069742
111	0.00057963
112	0.00095804
113	0.00199379
114	0.00202914
115	0.00059223
116	0.00197578
117	0.00195830
118	0.00183066
119	0.00611934
120	0.00908200
121	0.00132943
122	0.00095618
123	0.00111773
124	0.00129866
125	0.00233599
126	0.00196971
127	0.00287893
128	0.00168987
129	0.00170530
130	0.00174419
131	0.00118275
132	0.00137639
133	0.00175638
134	0.00350432
135	0.00118323
136	0.00170087
137	0.00288792
139	0.00203119
140	0.00115723
141	0.00065015
142	0.00443941
143	0.00196919
144	0.00111106
145	0.00139034
146	0.00407941
147	0.00165535
148	0.00654767
149	0.00311767
150	0.00095451
151	0.01230197
153	0.01180992
154	0.00057520
155	0.01328812
156	0.00226531
157	0.00172124
158	0.00446573
159	0.00056992
160	0.00168410
161	0.00173334
162	0.00113497
163	0.00228052
164	0.00171934
165	0.01279197
166	0.00209948
167	0.00072520
168	0.00162091
171	0.00203731
173	0.00224755
174	0.00105838
175	0.00298960
176	0.00121050
177	0.00740343
178	0.00297758
179	0.00302757
180	0.00073420
181	0.00184515
182	0.00208105
183	0.00206234
184	0.00472595
185	0.00187232
186	0.00221156
187	0.00229961
188	0.00223960
189	0.00057380
190	0.00055835
191	0.00070036
192	0.00203610
193	0.00060856
194	0.00055017
195	0.00340290
196	0.00161489
197	0.00333354
199	0.00204370
200	0.00186299
201	0.00189185
202	0.00203299
203	0.02416981
204	0.00073201
205	0.00398961
206	0.00193369
207	0.00204502
208	0.00108551
209	0.00406373
210	0.00537219
211	0.00371276
212	0.00202639
213	0.00094786
214	0.00194472
216	0.00166594
217	0.02567300
218	0.00163578
219	0.00393751
220	0.00318807
221	0.00071222
222	0.00088718
223	0.00174076
224	0.00139977
226	0.00164215
227	0.00079515
228	0.00172367
229	0.00482367
230	0.00130406
231	0.00058018
232	0.00200111
233	0.00059871
234	0.00227933
235	0.00203761
238	0.00173261
239	0.00176233
240	0.00098470
241	0.00080441
242	0.00114833
243	0.00191835
245	0.01012265
246	0.00407164
247	0.00203908
248	0.00368760
249	0.00286748
250	0.00124822
251	0.00472767
252	0.00113418
253	0.00126092
254	0.00116467
255	0.00194892
256	0.00150490
257	0.00537751
259	0.00077974
260	0.00055427
261	0.00190345
262	0.00108906
263	0.00167689
264	0.00110108
265	0.00711623
266	0.00555729
267	0.00076519
268	0.00055040
269	0.00196205
271	0.00069769
272	0.01132975
274	0.00199271
275	0.00052882
276	0.00173821
277	0.00160153
278	0.01504915
279	0.00673568
280	0.00159960
281	0.00224791
282	0.00200039
283	0.00241665
284	0.00342953
285	0.00198262
286	0.00197914
287	0.00169856
288	0.00208454
289	0.00055003
290	0.00330466
291	0.00133610
292	0.00366974
293	0.00440513
294	0.00118290
295	0.00482711
297	0.00058622
298	0.00058611
299	0.00090979
300	0.00191580
301	0.00371436
302	0.00169967
303	0.00227527
306	0.00903842
307	0.00098271
308	0.00164858
309	0.00195439
310	0.00070892
311	0.00197593
312	0.00387393
313	0.00313650
314	0.00114032
315	0.00059871
316	0.00268446
317	0.00111744
318	0.00114022
319	0.00170123
321	0.00195592
322	0.00206422
323	0.00268374
324	0.00079673
325	0.00256930
326	0.00055241
327	0.00098373
328	0.00070554
329	0.02142456
330	0.00321150
331	0.00096603
332	0.00170245
333	0.00322845
334	0.00095780
335	0.00176269
337	0.00227665
338	0.00193708
339	0.00697096
340	0.00175633
341	0.00390557
342	0.00183156
343	0.00238698
344	0.00618851
345	0.00811137
346	0.00171840
347	0.00229182
348	0.00070451
350	0.01887890
351	0.00180333
352	0.00258532
353	0.00230995
354	0.00203121
355	0.00092883
356	0.00202226
357	0.00197866
358	0.00075595
359	0.01040728
360	0.00135483
361	0.00168025
362	0.01284025
363	0.00723039
364	0.00069270
365	0.00060598
366	0.00226475
367	0.00283157
368	0.00197643
369	0.00376913
370	0.00343548
371	0.00290836
372	0.00072157
373	0.00127306
374	0.00058093
375	0.00216899
376	0.00604702
377	0.00200240
378	0.00057646
379	0.00304178
380	0.00200708
381	0.00078436
382	0.00230626
383	0.00784966
384	0.00109558
385	0.00550289
386	0.00128005
387	0.00056905
388	0.00071694
389	0.00078561
390	0.00172313
391	0.00137995
392	0.00058641
393	0.00110790
394	0.00200736
395	0.00198277
396	0.00102879
397	0.00287122
399	0.00176493
400	0.00230184
402	0.00057443
403	0.01536146
404	0.00070875
405	0.00196826
406	0.00119663
407	0.00202700
410	0.01073063
411	0.02600637
412	0.02718403
413	0.00197250
414	0.00221968
415	0.00121249
416	0.00192873
417	0.00129590
418	0.00274823
419	0.02041544
420	0.00442747
421	0.00179573
422	0.00070755
423	0.00271842
424	0.00300330
425	0.00181278
426	0.00286012
428	0.00167097
429	0.00469896
430	0.00284024
431	0.00139740
432	0.00252065
433	0.00198819
434	0.00340980
435	0.00174190
436	0.00182786
437	0.00234400
438	0.00202436
440	0.00431777
441	0.00178634
442	0.00303509
443	0.00192432
444	0.00170228
446	0.00069496
447	0.00204880
448	0.00112711
449	0.00174806
450	0.00456015
451	0.00110305
453	0.03090314
454	0.00175251
455	0.00109211
456	0.00164681
457	0.01963511
458	0.00172860
459	0.00380911
460	0.00115664
461	0.00230893
462	0.00528125
463	0.00380396
464	0.00197415
465	0.02274550
466	0.00313838
467	0.00170548
468	0.00179577
469	0.00230882
470	0.00123610
471	0.00231296
472	0.00096384
473	0.00232082
474	0.00067934
475	0.00142141
476	0.01123842
477	0.00199835
478	0.00265684
479	0.02223815
480	0.00119839
481	0.00342323
482	0.00192852
483	0.00134167
484	0.00196381
485	0.00095229
486	0.00210548
487	0.00167439
488	0.00317400
489	0.00222068
490	0.00198961
492	0.00149986
493	0.00077040
494	0.00185065
495	0.00170114
496	0.00198837
497	0.00069947
498	0.00423211
499	0.00204257
500	0.00169474
501	0.00197086
502	0.00238026
504	0.00196521
505	0.00068973
506	0.00164286
507	0.00079617
508	0.00137901
509	0.00068496
510	0.00184527
511	0.03560837
513	0.00396638
514	0.00057435
515	0.00198444
516	0.00070586
517	0.00052882
518	0.00225398
519	0.00096783
520	0.00110637
521	0.00774403
522	0.00055166
523	0.00204797
524	0.00094632
525	0.00114705
526	0.00679012
527	0.00198717
529	0.00196338
530	0.00113927
531	0.00104748
532	0.00072334
533	0.00229143
534	0.00222529
535	0.01385660
536	0.01371047
537	0.00198558
539	0.01788091
540	0.00372194
541	0.00226073
542	0.00216784
544	0.00195164
545	0.00128206
546	0.00069926
547	0.00473424
548	0.00226917
549	0.00231344
551	0.00406711
552	0.00262663
553	0.00160721
554	0.00169923
555	0.00199940
556	0.00579080
557	0.00232513
558	0.00769251
559	0.00111467
560	0.00136616
561	0.00231249
562	0.00057242
563	0.00055238
564	0.00164441
565	0.00366275
566	0.00055093
567	0.00116105
568	0.00078109
569	0.00383856
570	0.00173488
571	0.00175036
572	0.00182730
573	0.00113715
574	0.00665077
575	0.00103279
576	0.00114219
577	0.00055259
578	0.00096832
579	0.00482959
580	0.00395121
581	0.00201099
582	0.00205931
583	0.00177581
584	0.00203016
585	0.03451604
586	0.00231823
587	0.00204757
588	0.00069167
589	0.00057941
590	0.00129292
591	0.00224781
592	0.00221406
593	0.00072947
594	0.00256188
595	0.00071215
596	0.00052882
597	0.00198169
598	0.00201668
599	0.00400269
600	0.00114210
601	0.00072147
602	0.00195021
603	0.00544292
604	0.00114912
605	0.00901993
607	0.00073778
608	0.00071986
609	0.00163713
610	0.00204299
611	0.00198884
612	0.00113189
613	0.00167383
614	0.00332839
615	0.00485966
616	0.00207028
617	0.00109892
618	0.00060395
620	0.01597009
621	0.00128813
622	0.00052882
623	0.00114521
624	0.00075466
625	0.00198441
626	0.00664874
627	0.00314397
628	0.00659160
629	0.00345405
630	0.01187946
631	0.00095625
632	0.00095238
633	0.00354128
634	0.00258352
635	0.00203798
636	0.00067846
638	0.00170110
639	0.00221786
641	0.00460816
642	0.00070859
643	0.00168446
644	0.00113652
645	0.00069842
646	0.00202079
647	0.00168994
648	0.00070891
649	0.00052882
650	0.00163610
651	0.00069773
652	0.00108898
653	0.00174176
654	0.00297320
655	0.00136819
656	0.00574029
658	0.00391211
659	0.00502354
660	0.00167791
662	0.00202236
664	0.00116936
665	0.00131419
666	0.00281703
667	0.00133134
668	0.00844137
669	0.00057433
670	0.00230842
671	0.00060432
672	0.00230299
673	0.00070898
674	0.00198062
675	0.00197173
676	0.00199557
678	0.00354654
679	0.00159733
682	0.00052882
683	0.00666257
685	0.00202456
686	0.00285576
687	0.00125226
689	0.00190938
690	0.01451216
691	0.01579994
692	0.00223077
693	0.00060682
694	0.00230587
695	0.00224930
696	0.00060681
697	0.00096185
698	0.00232477
699	0.00055086
700	0.00069510
701	0.00068742
702	0.01911479
703	0.00226110
704	0.00338580
705	0.00176115
706	0.00228986
707	0.00069895
708	0.00166955
709	0.00179529
710	0.00234716
711	0.00304031
712	0.00200588
713	0.01879269
714	0.00179464
716	0.00200467
717	0.00164142
718	0.00376838
719	0.00078662
720	0.00226318
721	0.00081038
722	0.00112132
723	0.01392888
724	0.00231181
725	0.00378488
726	0.00172402
727	0.00064314
728	0.00991493
729	0.00193015
730	0.00636234
731	0.00221856
732	0.00877542
733	0.00057260
734	0.00213025
735	0.00392479
736	0.00210577
737	0.02697464
738	0.00180416
739	0.00170483
740	0.00171547
741	0.00078675
742	0.00109415
745	0.00201481
746	0.00173983
747	0.00228742
749	0.00201153
750	0.00205267
751	0.00061366
752	0.00112579
753	0.00133989
754	0.00080149
755	0.00055083
756	0.00206576
757	0.00433970
758	0.00112690
759	0.00113677
760	0.00307924
761	0.00093121
762	0.00197026
763	0.00134988
764	0.00168110
765	0.00052882
767	0.00094296
768	0.00199625
769	0.00197875
770	0.00111566
771	0.00112395
774	0.00135660
776	0.00198737
777	0.00292416
778	0.00167329
780	0.00059645
782	0.00079499
783	0.00070257
784	0.00156782
785	0.00250540
786	0.00173392
787	0.00069790
788	0.00334489
789	0.00136781
790	0.00202258
791	0.00196971
793	0.00055167
794	0.01440359
795	0.00184720
796	0.00197359
797	0.00080259
798	0.00391039
799	0.00237926
800	0.00226019
801	0.00070105
802	0.00219501
803	0.00202777
804	0.00131012
805	0.00173138
806	0.00638820
807	0.00174325
808	0.00126267
810	0.00227276
811	0.00069206
812	0.00052882
813	0.00199217
814	0.00203818
815	0.00052882
816	0.00223562
817	0.02276808
818	0.00114590
819	0.00152668
820	0.00131246
821	0.00223568
822	0.00202085
823	0.00200434
824	0.00656861
825	0.00139198
826	0.00297046
827	0.00626618
828	0.00172641
829	0.01843224
831	0.00059083
832	0.00301079
833	0.00500948
834	0.00062810
835	0.00302796
836	0.00075089
838	0.00232089
839	0.00186850
840	0.00203860
841	0.01547486
844	0.00168926
845	0.00196276
846	0.00196168
847	0.00199515
848	0.00076886
849	0.00218082
850	0.00148862
851	0.00199182
852	0.03049479
853	0.00856922
854	0.00078598
855	0.00535908
856	0.00194950
857	0.00133753
858	0.00191229
859	0.00079493
860	0.00226195
861	0.00136611
862	0.00113780
863	0.01000429
864	0.00144539
866	0.00115507
867	0.00450940
868	0.00200204
869	0.01923822
870	0.00135865
872	0.00201693
873	0.00166070
874	0.00133053
876	0.00227174
877	0.00173227
878	0.00205250
879	0.00175171
881	0.00222738
882	0.00420311
883	0.00071373
884	0.00104947
885	0.00174971
886	0.00198329
887	0.00232152
888	0.00350000
889	0.00138250
890	0.00462528
891	0.00076040
892	0.00239451
893	0.00070709
894	0.00196966
895	0.01846280
896	0.00230720
897	0.00183182
898	0.00770925
899	0.00280818
900	0.00115470
901	0.00196323
902	0.00427934
903	0.01720751
904	0.00675938
905	0.00154449
906	0.00223409
907	0.00166916
908	0.00225245
909	0.00101808
910	0.00200369
911	0.00068708
914	0.00134847
915	0.00078400
916	0.00197342
917	0.00166127
918	0.00804367
919	0.00069079
920	0.00196758
921	0.00060113
922	0.00344141
923	0.00167897
924	0.00086066
925	0.00133190
927	0.00059170
928	0.00586260
929	0.00056842
930	0.00166545
931	0.00229494
932	0.00231900
933	0.00226827
934	0.00169827
935	0.00137636
936	0.00178671
938	0.00374463
939	0.01621901
940	0.00225535
942	0.00168691
943	0.01538030
944	0.00229306
945	0.00486702
946	0.00168443
947	0.00228827
948	0.00186933
949	0.00222279
950	0.00110613
951	0.00176959
952	0.00189138
953	0.00196069
954	0.00169923
955	0.00166135
956	0.00130898
957	0.00072065
958	0.00069646
959	0.00079765
960	0.00228682
961	0.00163730
962	0.00055130
963	0.00548621
964	0.00169865
965	0.00308270
966	0.00198989
967	0.00114479
968	0.00073693
969	0.00177309
970	0.00172223
971	0.00302191
973	0.00229865
974	0.00171231
975	0.00226163
976	0.00205235
977	0.00134347
978	0.00194789
979	0.00203968
980	0.00464832
981	0.00206715
983	0.00323230
984	0.00064400
985	0.00199746
987	0.00212383
988	0.00057338
989	0.00135171
990	0.00143561
991	0.00609869
992	0.00330566
993	0.01056627
994	0.00184595
995	0.00133155
996	0.00201356
997	0.00058107
998	0.00556496
999	0.03628741
1000	0.00143848
1002	0.00203755
1003	0.00072937
1004	0.00205355
1005	0.00055546
1006	0.00199691
1007	0.00134638
1008	0.00173230
1009	0.00397010
1010	0.00165448
1011	0.02228267
1012	0.00295524
1013	0.00205820
1014	0.00063407
1015	0.00223024
1016	0.00134336
1017	0.00184954
1018	0.00300640
1019	0.00603290
1020	0.00234781
1021	0.00052882
1022	0.00308994
1023	0.00303839
1024	0.00133664
1025	0.00398637
1027	0.00170680
1028	0.00109414
1029	0.00205021
1030	0.00070162
1031	0.00201033
1032	0.00052882
1033	0.00194521
1034	0.00248021
1035	0.00055616
1036	0.00114382
1037	0.00965120
1038	0.00079216
1039	0.00497723
1040	0.00167552
1041	0.00201026
1042	0.00070276
1043	0.00129588
1044	0.00284558
1045	0.00204144
1046	0.00052882
1047	0.00448895
1048	0.00169409
1049	0.00194717
1050	0.00071014
1051	0.00168812
1052	0.00194142
1053	0.00056204
1054	0.00226971
1055	0.00203064
1056	0.00055189
1057	0.00055087
1058	0.00350962
1059	0.00110103
1060	0.00055025
1061	0.00267252
1062	0.00226710
1063	0.00069177
1064	0.00163313
1065	0.00055051
1066	0.00109345
1067	0.00227621
1068	0.00061685
1069	0.00071921
1070	0.00185301
1071	0.00200642
1072	0.00100382
1073	0.00746146
1075	0.00114432
1076	0.00288343
1077	0.00070409
1078	0.00128159
1079	0.00067709
1080	0.01195762
1081	0.00238352
1082	0.00364521
1083	0.00198655
1084	0.00164811
1085	0.00136280
1086	0.00197737
1087	0.00221254
1088	0.00057189
1089	0.00055628
1090	0.00227921
1091	0.00185883
1092	0.00057878
1093	0.00052882
1094	0.00201706
1095	0.00167966
1096	0.00342407
1097	0.00130580
1098	0.00187578
1100	0.00194520
1101	0.00195757
1102	0.00363278
1103	0.00069942
1104	0.00189754
1105	0.00161192
1106	0.00060311
1107	0.00071264
1108	0.00199403
1109	0.00233339
1110	0.00380965
1111	0.00201304
1112	0.00294673
1113	0.00056417
1114	0.00250820
1115	0.00069574
1116	0.00070930
1117	0.00120143
1118	0.00264169
1120	0.01941555
1121	0.00072466
1122	0.00183180
1123	0.00162344
1124	0.00198760
1125	0.00143706
1126	0.00273677
1127	0.00299799
1128	0.00225688
1129	0.00160600
1130	0.00070369
1131	0.00341682
1132	0.00189759
1133	0.00225628
1134	0.00267159
1135	0.00187543
1136	0.00121943
1137	0.00070510
1139	0.00200238
1140	0.00339077
1141	0.00207246
1142	0.00197087
1143	0.00206465
1144	0.02577314
1145	0.00069588
1146	0.00132801
1147	0.00202316
1148	0.00112202
1149	0.00532627
1150	0.00274665
1151	0.01093636
1152	0.00197003
1153	0.00220841
1154	0.00115089
1155	0.00076354
1156	0.00069076
1157	0.00168212
1158	0.00072756
1159	0.02801236
1160	0.00193958
1161	0.00068807
1162	0.00123087
1163	0.00199372
1164	0.00115519
1166	0.00168685
1167	0.00224172
1169	0.00135179
1170	0.00224154
1171	0.00197875
1172	0.00192216
1173	0.00083609
1174	0.00055703
1175	0.00158781
1176	0.00114482
1177	0.00235393
1178	0.00112647
1179	0.01455615
1180	0.00222113
1181	0.00170897
1182	0.00192981
1183	0.00166848
1184	0.00182423
1185	0.00134218
1186	0.00291042
1187	0.00291415
1188	0.00228733
1189	0.00204069
1190	0.00057286
1191	0.00292392
1192	0.00709605
1193	0.00232470
1194	0.01318691
1195	0.00470455
1197	0.00106139
1198	0.02067002
1199	0.00055756
1200	0.00238396
1201	0.00162866
1202	0.00179306
1203	0.00383301
1204	0.00195145
1205	0.00083692
1206	0.00197159
1207	0.00136264
1208	0.00098671
1209	0.00132272
1212	0.00113719
1213	0.00134518
1214	0.00619990
1215	0.00069905
1216	0.00206110
1218	0.00341380
1219	0.00175250
1220	0.00052882
1221	0.00229366
1222	0.00078975
1223	0.00096611
1224	0.00199851
1225	0.00113376
1226	0.00052882
1227	0.00203072
1228	0.00195686
1229	0.00223736
1231	0.00271137
1232	0.00225327
1233	0.00055074
1234	0.00239324
1235	0.00250379
1236	0.00206996
1237	0.00170787
1238	0.00200695
1239	0.00728177
1241	0.00773578
1242	0.00199755
1243	0.00207079
1244	0.00198359
1245	0.00168155
1246	0.00164463
1247	0.00114673
1248	0.00168921
1250	0.00168753
1251	0.00069940
1252	0.00197205
1253	0.00212692
1254	0.00111366
1255	0.00112999
1256	0.00232142
1257	0.00169336
1258	0.03621251
1259	0.00193299
1260	0.00109966
1261	0.00448089
1262	0.00172981
1263	0.00182510
1264	0.00198944
1265	0.00199634
1266	0.00100374
1267	0.00298650
1268	0.00368886
1269	0.01277516
1270	0.00131707
1271	0.00201004
1272	0.00270279
1273	0.00055050
1274	0.00409611
1275	0.00169828
1276	0.00224524
1277	0.01944588
1278	0.02980123
1279	0.00195962
1280	0.00157540
1281	0.00462105
1282	0.00189915
1283	0.00108803
1284	0.00111297
1285	0.00281723
1286	0.00228697
1287	0.01997437
1288	0.00058403
1289	0.00200288
1290	0.00346938
1291	0.01316573
1292	0.00200070
1293	0.00204572
1295	0.00172213
1296	0.00196771
1297	0.00309023
1299	0.00229678
1300	0.00072643
1301	0.00055228
1302	0.00133854
1303	0.00460883
1304	0.00271249
1305	0.00269316
1306	0.00238818
1307	0.00198855
1308	0.00170342
1309	0.00926616
1310	0.00229235
1311	0.00077005
1312	0.00453044
1313	0.00197351
1315	0.00169059
1316	0.00113410
1317	0.00117503
1318	0.00204105
1319	0.00230440
1320	0.00226114
1321	0.00172557
1322	0.00070207
1323	0.01944827
1324	0.00155230
1325	0.00166254
1326	0.00057277
1328	0.00531464
1329	0.00199758
1330	0.00201461
1331	0.00175816
1332	0.00197926
1333	0.00217354
1334	0.00171162
1335	0.00111332
1336	0.00231608
1337	0.00297524
1338	0.00199150
1339	0.00237689
1340	0.00287383
1341	0.00068580
1342	0.00320858
1343	0.00071409
1345	0.00079040
1346	0.00202226
1347	0.00231729
1348	0.00073075
1349	0.00206471
1350	0.00343214
1352	0.00059492
1353	0.00336192
1354	0.00363695
1356	0.00200281
1357	0.00076219
1358	0.00248204
1359	0.00204686
1360	0.00201949
1361	0.00229331
1362	0.00227651
1363	0.00377625
1365	0.00118773
1366	0.00127984
1367	0.00169845
1368	0.00201163
1369	0.03277893
1370	0.00202171
1371	0.00133935
1372	0.00121592
1373	0.00057512
1374	0.00165344
1375	0.00114964
1376	0.00151874
1377	0.00623779
1378	0.00201889
1379	0.00201815
1380	0.01432778
1381	0.00432447
1382	0.00190762
1383	0.00271482
1384	0.00167069
1385	0.00179827
1386	0.00169916
1387	0.00332586
1388	0.00093952
1389	0.00134524
1390	0.00166926
1391	0.00107666
1392	0.00052882
1393	0.00630959
1394	0.00278205
1395	0.00200466
1396	0.00171766
1398	0.00358689
1399	0.00311964
1400	0.00193664
1401	0.00069896
1402	0.00538640
1403	0.00170690
1404	0.00169983
1405	0.00309963
1407	0.00059827
1408	0.00224593
1409	0.00161186
1410	0.00256986
1412	0.00127500
1413	0.00098249
1414	0.00206520
1415	0.00070056
1416	0.00125653
1417	0.00225994
1418	0.00074092
1419	0.00187178
1420	0.00225467
1421	0.00136273
1422	0.00226417
1423	0.00111613
1424	0.00122522
1425	0.00214040
1426	0.00407687
1428	0.00227669
1430	0.01482385
1431	0.00111537
1432	0.00163748
1433	0.00170726
1434	0.00334443
1435	0.00193373
1436	0.00201190
1437	0.00199747
1438	0.00113280
1439	0.00233164
1440	0.02915289
1441	0.00186831
1443	0.00298782
1444	0.00295963
1445	0.00069148
1446	0.00170790
1447	0.00195677
1448	0.00112768
1449	0.00354165
1450	0.00055065
1451	0.00167828
1452	0.00193214
1453	0.01016846
1454	0.00340590
1455	0.00198762
1456	0.00169351
1457	0.00162713
1458	0.00202061
1459	0.00201194
1460	0.00137172
1461	0.00055051
1462	0.00133346
1463	0.00201066
1464	0.00201546
1465	0.00774476
1466	0.00096117
1467	0.01002632
1468	0.00348082
1469	0.00234465
1470	0.00069396
1471	0.00238198
1472	0.00227049
1473	0.00115723
1475	0.00111688
1476	0.00069934
1477	0.00087233
1478	0.00169966
1479	0.00128937
1480	0.00294558
1481	0.00337592
1482	0.00285657
1484	0.00182613
1485	0.00077597
1486	0.00356976
1487	0.00229454
1488	0.00432818
1490	0.00087226
1491	0.00172828
1492	0.00086253
1493	0.00292627
1494	0.00335780
1495	0.00122736
1496	0.00112390
1497	0.00483735
1498	0.00201684
1499	0.00257430
1500	0.01212852
1501	0.02206564
1502	0.00174090
1503	0.00174404
1504	0.00118092
1505	0.00400216
1506	0.00325633
1507	0.00204429
1508	0.00067890
1509	0.00111864
1510	0.01556313
1511	0.00052882
1512	0.00245720
1513	0.00195506
1514	0.00168966
1515	0.00117700
1516	0.00226374
1517	0.00067722
1518	0.00098639
1519	0.00060400
1520	0.00307825
1521	0.00072479
1522	0.02495578
1523	0.00666247
1524	0.00368125
1525	0.00127390
1526	0.00367233
1527	0.00130052
1528	0.00070307
1529	0.00168190
1530	0.00114559
1531	0.00196672
1532	0.00158576
1533	0.00070121
1534	0.00110414
1535	0.00060366
1536	0.00800841
1538	0.00144407
1539	0.00310752
1541	0.00838454
1543	0.00347366
1544	0.00128819
1545	0.00113478
1547	0.00502449
1548	0.00052882
1549	0.00399201
1550	0.01824149
1551	0.00095747
1552	0.00175630
1553	0.00203523
1554	0.00206807
1555	0.00137584
1556	0.00122129
1557	0.00381034
1558	0.00166768
1559	0.00231628
1560	0.00096052
1561	0.00194766
1562	0.00236666
1563	0.00335815
1564	0.00199696
1565	0.00343585
1566	0.00224812
1567	0.00178278
1568	0.00194574
1569	0.00168772
1570	0.00226146
1571	0.00052882
1572	0.00117144
1573	0.00110712
1574	0.00112797
1575	0.00289994
1576	0.01867596
1577	0.00171026
1578	0.01162295
1579	0.00129145
1580	0.02389304
1581	0.00478507
1582	0.00055112
1583	0.00170038
1584	0.00201192
1586	0.03040398
1587	0.02366435
1588	0.00199386
1589	0.00070262
1590	0.00091967
1591	0.00185262
1592	0.00341998
1593	0.00113014
1594	0.00165738
1595	0.00078695
1596	0.00070333
1597	0.00166449
1598	0.00071927
1599	0.00168401
1600	0.00197027
1601	0.00863203
1602	0.00095449
1604	0.00223628
1605	0.00172832
1606	0.00109429
1607	0.00201297
1608	0.00168779
1609	0.00063194
1610	0.00167405
1611	0.00079916
1612	0.00095912
1613	0.00294814
1614	0.00297665
1615	0.00299127
1616	0.00455957
1617	0.00095983
1618	0.01138634
1619	0.01437889
1620	0.00202894
1621	0.00132961
1622	0.00170488
1623	0.00170833
1624	0.00060967
1625	0.00946762
1626	0.00052882
1627	0.00070979
1628	0.00113102
1629	0.01388166
1630	0.00059861
1631	0.00071555
1632	0.00163563
1633	0.00198889
1634	0.00451194
1636	0.00202282
1637	0.00204047
1638	0.00348387
1639	0.00454146
1641	0.00079046
1642	0.00214461
1643	0.00115317
1644	0.00369909
1645	0.00229282
1646	0.00114821
1647	0.00129645
1648	0.00169419
1649	0.00193240
1650	0.00123480
1651	0.00052882
1652	0.00248550
1653	0.00134555
1654	0.00170939
1655	0.00186490
1656	0.00199839
1658	0.00109083
1659	0.00284245
1661	0.00169668
1662	0.00231098
1663	0.00645062
1664	0.00055090
1665	0.00052882
1666	0.00166420
1667	0.00073462
1668	0.00138646
1669	0.03524621
1670	0.01290863
1671	0.00094254
1672	0.00202455
1673	0.00653720
1674	0.02020738
1675	0.00300203
1676	0.00166404
1677	0.00226847
1678	0.00059003
1679	0.00057577
1680	0.00888466
1681	0.00229868
1682	0.00183487
1683	0.00072991
1684	0.00363006
1685	0.00258634
1687	0.00218225
1688	0.00374236
1689	0.00507198
1690	0.00312529
1691	0.00198472
1693	0.00139692
1694	0.00259749
1695	0.00059153
1696	0.00112365
1697	0.00063434
1698	0.00322930
1699	0.00073211
1700	0.00198107
1701	0.00176446
1702	0.00086592
1703	0.00234799
1704	0.00197272
1705	0.00146424
1706	0.02838225
1707	0.00178592
1709	0.00194304
1710	0.00258127
1711	0.00052882
1712	0.00448570
1713	0.00197593
1714	0.00052882
1715	0.00489030
1716	0.00110352
1717	0.00303156
1718	0.00273800
1719	0.00113191
1720	0.00340356
1721	0.00200875
1722	0.00098008
1723	0.00224451
1724	0.00151234
1725	0.00178482
1726	0.00108079
1727	0.00840189
1728	0.00171909
1729	0.00069710
1730	0.00193785
1731	0.01170501
1732	0.00111683
1734	0.00201063
1735	0.00174543
1736	0.00069956
1737	0.00166292
1738	0.00201331
1739	0.00426069
1740	0.00196581
1741	0.00173546
1742	0.00503437
1743	0.00776812
1744	0.00229191
1745	0.00069390
1746	0.00068710
1747	0.00191554
1748	0.00570619
1749	0.00197707
1750	0.00070454
1751	0.01948197
1752	0.00060274
1753	0.00193676
1754	0.00407105
1755	0.00133187
1756	0.00133617
1757	0.00077544
1758	0.00166254
1759	0.00368484
1760	0.00055003
1761	0.00168751
1762	0.00168795
1763	0.00193412
1764	0.00052882
1765	0.00115635
1766	0.00111839
1767	0.01255231
1768	0.02916612
1769	0.00098047
1770	0.02052175
1772	0.00235323
1773	0.00107817
1774	0.00273033
1775	0.00199380
1776	0.00227175
1777	0.00161902
1778	0.00229391
1780	0.00376931
1781	0.00171006
1782	0.01560455
1783	0.00203178
1784	0.00131401
1785	0.00118527
1786	0.00170020
1788	0.00188632
1789	0.00168795
1790	0.00199207
1791	0.00162646
1792	0.02751371
1793	0.00057708
1794	0.00220389
1795	0.00066255
1796	0.00127523
1797	0.00059582
1798	0.00167674
1799	0.00089953
1800	0.00167357
1801	0.00206860
1802	0.00079744
1803	0.00071240
1804	0.00195709
1805	0.00073194
1806	0.00200488
1807	0.00685371
1808	0.00377943
1809	0.00178280
1810	0.00055047
1811	0.00197186
1812	0.00075864
1813	0.00833949
1814	0.00394409
1815	0.00197114
1816	0.00193775
1817	0.00116850
1818	0.00368800
1819	0.00170674
1820	0.00208748
1821	0.00078232
1822	0.00199357
1823	0.00417332
1824	0.00112637
1825	0.00199625
1826	0.00202453
1827	0.00124600
1828	0.00170240
1829	0.00228949
1830	0.00255772
1831	0.00324254
1832	0.00201351
1833	0.02478813
1834	0.00056043
1835	0.00110395
1836	0.00114012
1838	0.00140699
1839	0.03414071
1840	0.00071333
1841	0.00134895
1842	0.00070051
1843	0.00366922
1844	0.02006481
1845	0.00302410
1846	0.00331238
1847	0.00069767
1848	0.00228345
1849	0.00114476
1850	0.00204094
1851	0.00116525
1852	0.00287236
1853	0.00077980
1854	0.00861496
1855	0.00152275
1856	0.00194609
1857	0.00097470
1858	0.00751249
1859	0.00199896
1860	0.00160511
1861	0.00134192
1862	0.00182509
1863	0.00136206
1865	0.00204930
1866	0.00168136
1867	0.00070258
1868	0.00106166
1869	0.00226677
1870	0.00109706
1871	0.00203672
1872	0.00057283
1873	0.00206602
1874	0.04218410
1875	0.00168257
1876	0.01320950
1877	0.00173014
1878	0.02195038
1879	0.00173215
1880	0.00514388
1881	0.00735301
1882	0.00529859
1883	0.00175156
1884	0.00059768
1885	0.00079549
1886	0.00077254
1887	0.00059142
1889	0.00055131
1890	0.00166452
1891	0.00230906
1892	0.00395199
1893	0.00061463
1894	0.02373523
1895	0.00055025
1896	0.00132311
1897	0.00449581
1898	0.00202411
1899	0.02046931
1900	0.00069603
1901	0.00070663
1902	0.00198445
1903	0.00598380
1904	0.00196105
1905	0.00192257
1906	0.01442657
1907	0.00063351
1908	0.00131548
1909	0.00233350
1910	0.00167120
1911	0.00442496
1912	0.01134441
1913	0.00112075
1914	0.00190130
1915	0.00070141
1916	0.00197189
1917	0.00193584
1918	0.00310597
1919	0.00554260
1920	0.00101741
1921	0.00197601
1922	0.00168485
1923	0.00100095
1925	0.00225207
1926	0.00171377
1927	0.00942698
1928	0.00165905
1929	0.00168391
1930	0.00964599
1931	0.00060280
1932	0.00233696
1933	0.00094698
1934	0.00338261
1935	0.00197610
1936	0.00166216
1937	0.00168693
1938	0.00055056
1939	0.00059083
1940	0.00135066
1941	0.00131261
1942	0.00764742
1943	0.00109654
1944	0.00201163
1945	0.00167033
1946	0.00070581
1948	0.00179814
1950	0.00340649
1951	0.00202950
1952	0.00425595
1953	0.00055016
1954	0.00174648
1955	0.00361402
1956	0.00714494
1957	0.00364831
1958	0.00191984
1959	0.00200299
1960	0.00160215
1961	0.00202947
1962	0.00451933
1963	0.02769376
1964	0.00168186
1965	0.00069467
1966	0.00173718
1967	0.00197800
1968	0.00172522
1969	0.00116370
1970	0.00297268
1971	0.00122391
1972	0.00070122
1973	0.00057709
1974	0.02739489
1975	0.00070942
1976	0.00649955
1977	0.00168202
1978	0.00168765
1979	0.00058362
1981	0.00266604
1982	0.00111041
1983	0.00170802
1984	0.00289208
1985	0.00113074
1986	0.00057301
1987	0.02752852
1988	0.00348177
1989	0.00170973
1990	0.00208088
1991	0.00080058
1992	0.01867082
1993	0.00070655
1994	0.00179135
1995	0.01041916
1996	0.00134187
1997	0.00279729
1998	0.02949083
1999	0.00111185
2000	0.00167928
2001	0.00192295
2002	0.00233998
2003	0.00061488
2004	0.00057419
2005	0.00202080
2006	0.00843608
2007	0.00227703
2008	0.00071251
2009	0.00070840
2010	0.00223253
2011	0.00743640
2012	0.00495097
2013	0.00163742
2014	0.00055272
2015	0.00194738
2016	0.00058981
2017	0.00203879
2018	0.00172121
2019	0.00204113
2020	0.00068716
2021	0.00202454
2022	0.00114447
2023	0.00068462
2024	0.00070378
2025	0.00069994
2026	0.00078564
2027	0.01504683
2028	0.00293650
2029	0.00107668
