1	0.56578740
2	0.55018505
3	0.56907972
4	0.55406524
5	0.45716288
6	0.55142844
7	0.55534162
8	0.40355289
9	0.54129866
10	0.56362350
11	0.55051509
12	0.53191417
13	0.55764639
14	0.56298777
15	0.54223112
16	0.56988148
17	0.33637063
18	0.53908683
19	0.56249956
20	0.53581357
21	0.56883029
22	0.52342920
23	0.56987488
24	0.56854244
25	0.53346530
26	0.23504288
27	0.54296201
28	0.48619372
29	0.40792846
30	0.55631206
31	0.55560920
32	0.23768365
33	0.42406577
34	0.53902547
35	0.09339868
36	0.09481227
37	0.09464613
38	0.55673944
39	0.56500079
40	0.56238890
41	0.56976745
42	0.56995402
43	0.46433966
44	0.53688147
45	0.56429525
46	0.56825317
47	0.39554408
48	0.39745645
49	0.56893845
50	0.56369538
51	0.54547463
52	0.56879993
53	0.17722461
54	0.56624990
55	0.51845778
56	0.56819257
57	0.56156245
58	0.56465915
59	0.53392242
60	0.22840485
61	0.43300722
62	0.56277601
63	0.43899633
64	0.53438821
65	0.52656440
66	0.51638222
67	0.46760318
68	0.51977816
69	0.55769213
70	0.54810941
71	0.49312367
72	0.56603605
73	0.53536586
74	0.54689250
75	0.43514277
76	0.56910944
77	0.40298053
78	0.47089748
79	0.46697689
80	0.55564480
81	0.55878012
82	0.54887986
83	0.36819816
84	0.52978786
85	0.55275949
86	0.47177617
87	0.36146415
88	0.48225073
89	0.39247437
90	0.53884168
91	0.44183751
92	0.42926861
93	0.48387862
94	0.55030898
95	0.31273144
96	0.32956342
97	0.17651013
98	0.19664754
99	0.31735020
100	0.20612267
101	0.47472888
102	0.17979222
103	0.32138328
104	0.52701324
105	0.56986595
106	0.55983726
107	0.51961845
108	0.39624231
109	0.17591696
110	0.45055926
111	0.09712374
112	0.53080773
113	0.49923410
114	0.31945093
115	0.44435670
116	0.56841538
117	0.51428431
118	0.35242168
119	0.41898898
120	0.56204491
121	0.44834076
122	0.49553511
123	0.24219522
124	0.52962155
125	0.47430840
126	0.18024918
127	0.51787105
128	0.56850394
129	0.38264477
130	0.47176602
131	0.53275116
132	0.45864558
133	0.51364238
134	0.56860350
135	0.56770471
136	0.42877714
137	0.56692643
138	0.28483063
139	0.23383162
140	0.56708800
141	0.40392930
142	0.55263252
143	0.56356432
144	0.28816764
145	0.53916540
146	0.55936256
147	0.54421940
148	0.49162840
149	0.49590503
150	0.55182097
151	0.17012192
152	0.55275935
153	0.50054989
154	0.23492191
155	0.53641612
156	0.34933511
157	0.49842187
158	0.39239492
159	0.24039056
160	0.15740581
161	0.44297056
162	0.48955781
163	0.43848378
164	0.36237882
165	0.47477110
166	0.41558895
167	0.41635778
168	0.51436169
169	0.34666840
170	0.30874515
171	0.22646478
172	0.33785737
173	0.14418611
174	0.32493045
175	0.09602152
176	0.54465831
177	0.23443649
178	0.34154026
179	0.32703483
180	0.17502831
181	0.46409356
182	0.56074906
183	0.56479064
184	0.45117305
185	0.56414653
186	0.47966410
187	0.40701855
188	0.48251993
189	0.50049620
190	0.39833793
191	0.50001082
192	0.46505522
193	0.55095949
194	0.55637207
195	0.34027515
196	0.56970185
197	0.50383483
198	0.56430540
199	0.51987965
200	0.54816584
201	0.56412265
202	0.51349979
203	0.51553596
204	0.56891063
205	0.56668812
206	0.56556270
207	0.52885582
208	0.48306282
209	0.36506231
210	0.56131857
211	0.50977982
212	0.55987474
213	0.54733492
214	0.55670351
215	0.56236632
216	0.54790395
217	0.50226145
218	0.55245340
219	0.56297091
220	0.35026014
221	0.48639903
222	0.49737373
223	0.27938387
224	0.34699635
225	0.16097020
226	0.13886515
227	0.52947848
228	0.49539966
229	0.24133379
230	0.49628321
231	0.48766448
232	0.17216462
233	0.56926492
234	0.38629629
235	0.50178346
236	0.17990244
237	0.56136657
238	0.52202969
239	0.54533313
240	0.50884517
241	0.56529271
242	0.22556563
243	0.55983508
244	0.37249241
245	0.48614637
246	0.49021315
247	0.17665059
248	0.50671236
249	0.15801695
250	0.47240339
251	0.50749117
252	0.40396786
253	0.09608102
254	0.51980249
255	0.52190351
256	0.44554858
257	0.46567686
258	0.31499668
259	0.53554048
260	0.40559633
261	0.09556895
262	0.27818099
263	0.50499329
264	0.34159530
265	0.37087329
266	0.28711880
267	0.52620658
268	0.55398854
269	0.55617146
270	0.47103342
271	0.54816715
272	0.22010824
273	0.26314222
274	0.56211416
275	0.46758551
276	0.49775271
277	0.35457068
278	0.43953827
279	0.44403887
280	0.44704598
281	0.17199052
282	0.55183453
283	0.23617248
284	0.53852118
285	0.39772320
286	0.36738695
287	0.52128680
288	0.22188736
289	0.54812376
290	0.40541492
291	0.50387412
292	0.17598422
293	0.50847398
294	0.09780132
295	0.25459036
296	0.32129534
297	0.43217813
298	0.36465638
299	0.56789725
300	0.47448584
301	0.33403813
302	0.18873615
303	0.55953541
304	0.17102321
305	0.51355742
306	0.43727629
307	0.41154553
308	0.52058401
309	0.20827038
310	0.22203822
311	0.35781942
312	0.40249320
313	0.50847167
314	0.53192669
315	0.39109218
316	0.56221788
317	0.46354969
318	0.09456247
319	0.11967906
320	0.29600710
321	0.53253183
322	0.54896736
323	0.39524805
324	0.43451481
325	0.46225938
326	0.23709617
327	0.55968789
328	0.42753666
329	0.55182026
330	0.46812530
331	0.55256941
332	0.56907739
333	0.56982475
334	0.47803045
335	0.54662503
336	0.47361409
337	0.46430854
338	0.48187001
339	0.53538097
340	0.51628646
341	0.56443326
342	0.12270683
343	0.32191206
344	0.52308556
345	0.12942065
346	0.46417049
347	0.43374300
348	0.35122447
349	0.40014574
350	0.25644376
351	0.52643440
352	0.48529922
353	0.47445139
354	0.56888478
355	0.56737619
356	0.56531387
357	0.39856021
358	0.52483183
359	0.30467382
360	0.32760643
361	0.52977707
362	0.51622402
363	0.49024614
364	0.47702558
365	0.41965809
366	0.26105658
367	0.55720900
368	0.55196770
369	0.45778071
370	0.25412259
371	0.51414715
372	0.51379105
373	0.46961889
374	0.09611059
375	0.31007227
376	0.53611649
377	0.39192376
378	0.56792729
379	0.29473040
380	0.43946381
381	0.55843873
382	0.52241409
383	0.50468011
384	0.55664560
385	0.51107329
386	0.51064768
387	0.49349139
388	0.43951011
389	0.56437880
390	0.56100927
391	0.42828381
392	0.51310300
393	0.55770267
394	0.17595749
395	0.35284147
396	0.56730750
397	0.38193184
398	0.39829622
399	0.49266685
400	0.47978325
401	0.54826856
402	0.35753928
403	0.36908888
404	0.52423336
405	0.32813285
406	0.23155901
407	0.47374635
408	0.40144973
409	0.52474318
410	0.54856318
411	0.39607809
412	0.48429019
413	0.54058620
414	0.45568814
415	0.55234141
416	0.45488630
417	0.36873479
418	0.45105372
419	0.37659942
420	0.53100272
421	0.23313984
422	0.39974959
423	0.33229294
424	0.09845495
425	0.45174097
426	0.45528936
427	0.48651575
428	0.23698459
429	0.56176025
430	0.48833110
431	0.48519230
432	0.38396929
433	0.39448459
434	0.56728314
435	0.35894826
436	0.23716632
437	0.43006131
438	0.49615732
439	0.54995199
440	0.24873126
441	0.47146014
442	0.23728212
443	0.50305599
444	0.45493080
445	0.43910819
446	0.55850489
447	0.48126178
448	0.22513568
449	0.14723036
450	0.16840583
451	0.44015811
452	0.55431273
453	0.33169502
454	0.55384715
455	0.43846131
456	0.38906844
457	0.48051839
458	0.50542888
459	0.31591430
460	0.54381222
461	0.20247882
462	0.24157744
463	0.09769871
464	0.44041049
465	0.25917389
466	0.52689989
467	0.54271296
468	0.56100192
469	0.19839444
470	0.52743140
471	0.38138936
472	0.47564879
473	0.24003940
474	0.29075052
475	0.46861409
476	0.44271019
477	0.42682286
478	0.17551246
479	0.39672004
480	0.41503550
481	0.50051244
482	0.32468148
483	0.52948300
484	0.51210185
485	0.49642999
486	0.47678657
487	0.44270051
488	0.09696778
489	0.50789124
490	0.23685463
491	0.38083469
492	0.22199883
493	0.09749126
494	0.09544364
495	0.49412607
496	0.11338736
497	0.31398390
498	0.20596030
499	0.33327988
500	0.51228148
501	0.50291485
502	0.07444600
503	0.50575407
504	0.56513850
505	0.45796770
506	0.34153481
507	0.49831227
508	0.43775931
509	0.37977592
510	0.42185974
511	0.31607080
512	0.48432417
513	0.46186420
514	0.09015193
515	0.33159767
516	0.08083511
517	0.34095947
518	0.49024277
519	0.08022673
520	0.33228300
521	0.38061135
522	0.25972210
523	0.42530621
524	0.24255320
525	0.14276521
526	0.09407486
527	0.29647474
528	0.34010898
529	0.23978515
530	0.13262602
531	0.12364267
532	0.55450671
533	0.29885350
534	0.23780404
535	0.17422148
536	0.17197628
537	0.17009405
538	0.40420078
539	0.22992540
540	0.34880408
541	0.34516710
542	0.53521024
543	0.54629707
544	0.16381758
545	0.51186025
546	0.28664065
547	0.21662837
548	0.22622639
549	0.53721590
550	0.09463278
551	0.35658279
552	0.56455737
553	0.32001959
554	0.54304658
555	0.46506690
556	0.24858102
557	0.32313534
558	0.39379463
559	0.28095516
560	0.15708764
561	0.22590863
562	0.50412477
563	0.37703289
564	0.56351183
565	0.43983758
566	0.27202763
567	0.31297273
568	0.54026496
569	0.42697963
570	0.15709465
571	0.52551366
572	0.35434443
573	0.55783839
574	0.30322275
575	0.07948332
576	0.21041831
577	0.16232784
578	0.56454718
579	0.23607027
580	0.16207779
581	0.33793375
582	0.21606726
583	0.09556025
584	0.51043741
585	0.54759144
586	0.42224688
587	0.17675922
588	0.55739944
589	0.20686086
590	0.55090312
591	0.55453569
592	0.51025882
593	0.36391216
594	0.53627882
595	0.37121462
596	0.36942138
597	0.22192929
598	0.50474701
599	0.48349433
600	0.35817536
601	0.32380643
602	0.35012150
603	0.48068849
604	0.34497352
605	0.21545578
606	0.31578468
607	0.43832980
608	0.28991232
609	0.19275246
610	0.33459679
611	0.33632643
612	0.42887559
613	0.16075312
614	0.34679905
615	0.07588662
616	0.07383862
617	0.26581658
618	0.07244957
619	0.07519282
620	0.20343456
621	0.32028238
622	0.33450037
623	0.32509447
624	0.29676097
625	0.31383266
626	0.14504166
627	0.13308159
628	0.08392452
629	0.38553375
630	0.25809809
631	0.17209628
632	0.37694512
633	0.44781370
634	0.31463193
635	0.03369763
636	0.18491497
637	0.08246547
638	0.40030943
639	0.12854575
640	0.27502969
641	0.42552145
642	0.44192607
643	0.35153327
644	0.09867160
645	0.25572865
646	0.26458145
647	0.39676450
648	0.44155866
649	0.46826607
650	0.46561280
651	0.17493273
652	0.23825402
653	0.14015276
654	0.51749947
655	0.17475356
656	0.44076538
657	0.38277133
658	0.31675199
659	0.37810801
660	0.55056992
661	0.37797102
662	0.45951555
663	0.45247749
664	0.17277248
665	0.12009486
666	0.27743760
667	0.08943778
668	0.34722773
669	0.30353091
670	0.09114895
671	0.37087788
672	0.32418708
673	0.15854263
674	0.12455536
675	0.36817894
676	0.23645912
677	0.48491068
678	0.20826281
679	0.09693792
680	0.29235966
681	0.12797250
682	0.14754470
683	0.11692371
684	0.08585749
685	0.09652161
686	0.20157848
687	0.53466369
688	0.35960265
689	0.28266169
690	0.09040007
691	0.46808162
692	0.44710787
693	0.32419184
694	0.44675769
695	0.48691793
696	0.35409866
697	0.34387642
698	0.53166775
699	0.38310567
700	0.33362044
701	0.31534350
702	0.31093019
703	0.21168295
704	0.35113811
705	0.42922387
706	0.42371725
707	0.39691652
708	0.23149610
709	0.50739575
710	0.29523869
711	0.48287274
712	0.27880380
713	0.17735174
714	0.11519146
715	0.34415979
716	0.13851026
717	0.07409490
718	0.26452440
719	0.30402254
720	0.27322334
721	0.32672272
722	0.09711601
723	0.30226778
724	0.53987732
725	0.54679130
726	0.55747613
727	0.17233802
728	0.22700937
729	0.50794770
730	0.54083063
731	0.26349779
732	0.09354523
733	0.09496014
734	0.17284058
735	0.16811343
736	0.34001359
737	0.29945525
738	0.13580406
739	0.17163135
740	0.09610997
741	0.33046198
742	0.31660801
743	0.45678350
744	0.44403110
745	0.42725022
746	0.41554741
747	0.33452090
748	0.43754184
749	0.25877273
750	0.36758856
751	0.06625852
752	0.25273968
753	0.20803389
754	0.17587495
755	0.27432932
756	0.54701379
757	0.44382286
758	0.02721149
759	0.02819073
760	0.07476558
761	0.33573781
762	0.17544934
763	0.09569294
764	0.12867958
765	0.43074773
766	0.17680549
767	0.35404981
768	0.08405823
769	0.47646321
770	0.36211419
771	0.17937952
772	0.34248817
773	0.23984994
774	0.21418583
775	0.54726985
776	0.15487857
777	0.17665827
778	0.17380784
779	0.09739199
780	0.51619760
781	0.29126553
782	0.08726192
783	0.38834688
784	0.45664805
785	0.08778974
786	0.49170542
787	0.21559966
788	0.50788085
789	0.08768085
790	0.27058184
791	0.09676837
792	0.35828920
793	0.30550235
794	0.21754847
795	0.30320833
796	0.23518113
797	0.17083582
798	0.23512750
799	0.10505093
800	0.09422565
801	0.17028558
802	0.25302365
803	0.08375769
804	0.08636208
805	0.04831864
806	0.29327642
807	0.10025246
808	0.38722219
809	0.42330533
810	0.27218620
811	0.29493702
812	0.25060793
813	0.17378311
814	0.12462256
815	0.16485402
816	0.40385751
817	0.29158085
818	0.20324173
819	0.35474141
820	0.13747762
821	0.31209659
822	0.31478208
823	0.14763027
824	0.42289426
825	0.20307984
826	0.16713019
827	0.29471954
828	0.06841695
829	0.22264865
830	0.09544254
831	0.27448261
832	0.06394078
833	0.44851271
834	0.37146459
835	0.14638455
836	0.41339174
837	0.19468263
838	0.28694743
839	0.16307749
840	0.37018584
841	0.14633402
842	0.12006394
843	0.07978507
844	0.24175719
845	0.07095508
846	0.29743216
847	0.38210620
848	0.44731252
849	0.44697301
850	0.07727615
851	0.25014168
852	0.09007336
853	0.30824510
854	0.18634182
855	0.30216950
856	0.08137882
857	0.08140553
858	0.08156277
859	0.40636189
860	0.32235695
861	0.27202808
862	0.04505945
863	0.09567698
864	0.21842630
865	0.14873587
866	0.16605446
867	0.06100692
868	0.40258577
869	0.35730000
870	0.41298155
871	0.22913342
872	0.33373280
873	0.08869059
874	0.28204549
875	0.26730090
876	0.08824692
877	0.14985492
878	0.22636032
879	0.21232217
880	0.14251944
881	0.21328632
882	0.21777991
883	0.12571204
884	0.48896053
885	0.49234335
886	0.49592012
887	0.48292683
888	0.49468535
889	0.35514805
890	0.44667366
891	0.41410621
892	0.47418113
893	0.29610983
894	0.36634491
895	0.44907703
896	0.42526994
897	0.02939071
898	0.15801749
899	0.14766381
900	0.17351181
901	0.07098210
902	0.30391059
903	0.16673954
904	0.28828328
905	0.25855169
906	0.06834424
907	0.31013472
908	0.41128840
909	0.08611915
910	0.25113749
911	0.12944131
912	0.30703663
913	0.09703892
914	0.24037084
915	0.18364989
916	0.09277737
917	0.09161377
918	0.04098558
919	0.16330199
920	0.36330620
921	0.18107739
922	0.24806464
923	0.25293762
924	0.23133698
925	0.15594547
926	0.10694657
927	0.13827324
928	0.18934579
929	0.25394703
930	0.21191038
931	0.11249153
932	0.26354122
933	0.15284210
934	0.08734325
935	0.20420531
936	0.29567319
937	0.21300750
938	0.22997935
939	0.08907102
940	0.33659797
941	0.22017513
942	0.25076613
943	0.21784244
944	0.21199954
945	0.44495861
946	0.30666724
947	0.06840364
948	0.04401396
949	0.04483416
950	0.26604138
951	0.16268282
952	0.28452034
953	0.40953532
954	0.35399105
955	0.09729373
956	0.09600305
957	0.38108060
958	0.35363982
959	0.09623398
960	0.20643802
961	0.17494946
962	0.30394205
963	0.20841200
964	0.09441610
965	0.24536870
966	0.09578854
967	0.13932736
968	0.21742590
969	0.13572597
970	0.09261470
971	0.09316793
972	0.06736212
973	0.06743405
974	0.13397869
975	0.20692314
976	0.38483041
977	0.09011347
978	0.22754648
979	0.16482071
980	0.22801043
981	0.38305105
982	0.21255499
983	0.40925698
984	0.11499266
985	0.24321550
986	0.21516789
987	0.21103751
988	0.14634734
989	0.13326722
990	0.18965022
991	0.08096229
992	0.26490219
993	0.17476086
994	0.13935400
995	0.46211970
996	0.37715832
997	0.06143534
998	0.08292484
999	0.15331633
1000	0.08339156
1001	0.29700267
1002	0.20073462
1003	0.21866665
1004	0.23856902
1005	0.31661342
1006	0.09558671
1007	0.27292205
1008	0.15295172
1009	0.27564575
1010	0.25800321
1011	0.15807274
1012	0.09459246
1013	0.19620184
1014	0.11752182
1015	0.08484508
1016	0.14096881
1017	0.08734782
1018	0.05453931
1019	0.10615317
1020	0.30006515
1021	0.09439522
1022	0.16975423
1023	0.22969583
1024	0.18298775
1025	0.15688429
1026	0.32473684
1027	0.15576166
1028	0.04204205
1029	0.07736298
1030	0.09044062
1031	0.11254402
1032	0.22930005
1033	0.09736565
1034	0.28266300
1035	0.39747831
1036	0.19440358
1037	0.25463568
1038	0.32377477
1039	0.29254981
1040	0.09106228
1041	0.22854468
1042	0.09143610
1043	0.35486773
1044	0.07608697
1045	0.25487041
1046	0.13425112
1047	0.13784634
1048	0.05375786
1049	0.10028777
1050	0.25302625
1051	0.12320067
1052	0.01582814
1053	0.20398851
1054	0.17390981
1055	0.09423643
1056	0.03225608
1057	0.06781672
1058	0.12447236
1059	0.09086538
1060	0.13857882
1061	0.13803064
1062	0.18867836
1063	0.12995806
1064	0.02808983
1065	0.08569472
1066	0.18868854
1067	0.34144660
1068	0.14429928
1069	0.32389317
1070	0.23656727
1071	0.09672067
1072	0.03042943
1073	0.14479241
1074	0.08756830
1075	0.12800588
1076	0.06367492
1077	0.08601912
1078	0.25835529
1079	0.09556505
1080	0.12235357
1081	0.07371499
1082	0.07292244
1083	0.07341862
1084	0.16493421
1085	0.04487033
1086	0.08223733
1087	0.11103158
1088	0.06215649
1089	0.06300491
1090	0.10418632
1091	0.03093017
1092	0.06376353
1093	0.04916081
1094	0.07560830
1095	0.09714339
1096	0.05615467
1097	0.15114680
1098	0.36639257
1099	0.02023500
1100	0.14137718
1101	0.07593091
1102	0.07424805
1103	0.01498104
1104	0.03144115
1105	0.25136233
1106	0.04356664
1107	0.07196484
1108	0.06293912
1109	0.07212104
1110	0.07005209
1111	0.07108395
1112	0.26976794
1113	0.09015511
1114	0.07070141
1115	0.04882616
1116	0.08389686
1117	0.07668951
1118	0.02786909
1119	0.02820224
1120	0.03710923
1121	0.01939421
1122	0.03695523
1123	0.03845068
1124	0.06603958
1125	0.01597675
1126	0.05020842
1127	0.04693082
1128	0.04007474
1129	0.03517859
1130	0.02498653
1131	0.02186034
1132	0.01996978
1133	0.00993077
