1	0.13608411
2	0.31560293
3	0.31775185
4	0.24340500
5	0.28369520
6	0.05610430
7	0.07712125
8	0.31138989
9	0.30914979
10	0.30585138
11	0.20120172
12	0.08629622
13	0.05776693
14	0.05833691
15	0.23986439
16	0.21637018
17	0.20747841
18	0.06462629
19	0.10190128
20	0.10258568
21	0.18273782
22	0.27237496
23	0.31752436
24	0.14179589
25	0.26796539
26	0.30910156
27	0.29049871
28	0.17296512
29	0.21368359
30	0.29504573
31	0.26394397
32	0.09282824
33	0.17667464
34	0.16769115
35	0.19159969
36	0.16765287
37	0.18461674
38	0.14719330
39	0.13157482
40	0.25491725
41	0.00974336
42	0.12087212
43	0.11676577
44	0.31789190
45	0.31777723
46	0.31788623
47	0.31739744
48	0.31713397
49	0.05402414
50	0.05438696
51	0.12080467
52	0.26819971
53	0.30846773
54	0.30457729
55	0.16889285
56	0.18786904
57	0.18808911
58	0.31672142
59	0.31005200
60	0.03481600
61	0.21850233
62	0.26959840
63	0.31154769
64	0.31021543
65	0.30998974
66	0.30713923
67	0.26133813
68	0.26449847
69	0.21627767
70	0.28844301
71	0.21810854
72	0.23634614
73	0.07327289
74	0.07435344
75	0.17877643
76	0.27783123
77	0.26220916
78	0.16070228
79	0.24419634
80	0.23521051
81	0.15867273
82	0.20637003
83	0.12093459
84	0.03567126
85	0.30111365
86	0.08571560
87	0.31149220
88	0.15858938
89	0.28632788
90	0.17296028
91	0.23805522
92	0.26097969
93	0.24495081
94	0.26211446
95	0.24926738
96	0.29837715
97	0.28267331
98	0.29521495
99	0.25684928
100	0.17774463
101	0.18559636
102	0.31665462
103	0.29964461
104	0.29281245
105	0.06324231
106	0.17085664
107	0.27185153
108	0.26966664
109	0.28053932
110	0.30032433
111	0.31256372
112	0.17757994
113	0.18774923
114	0.18739248
115	0.18975317
116	0.02184322
117	0.31504290
118	0.31645493
119	0.28577836
120	0.09523333
121	0.25540142
122	0.28580746
123	0.31480534
124	0.31474547
125	0.22773421
126	0.30877412
127	0.30647294
128	0.30615974
129	0.29978968
130	0.29919265
131	0.29325073
132	0.28707683
133	0.28651056
134	0.28680998
135	0.18344613
136	0.29444448
137	0.31792159
138	0.14313266
139	0.17477037
140	0.29950534
141	0.09574108
142	0.13207309
143	0.27439636
144	0.18065948
145	0.30693754
146	0.03486009
147	0.11801753
148	0.20472938
149	0.30678345
150	0.25950885
151	0.15125315
152	0.24020228
153	0.28613710
154	0.27064323
155	0.09985621
156	0.20582148
157	0.31342054
158	0.31705118
159	0.18841014
160	0.28817964
161	0.28534566
162	0.14610317
163	0.27348219
164	0.28044610
165	0.27332993
166	0.28035505
167	0.28093594
168	0.31793178
169	0.31703311
170	0.28011840
171	0.22049732
172	0.13263305
173	0.14795917
174	0.12076371
175	0.14437120
176	0.31768459
177	0.31784463
178	0.31772360
179	0.31382761
180	0.03438189
181	0.17676212
182	0.20803018
183	0.05289885
184	0.05213122
185	0.19507678
186	0.07748746
187	0.25334730
188	0.30270720
189	0.07009284
190	0.19873880
191	0.18373480
192	0.03181068
193	0.31526230
194	0.10013856
195	0.31099967
196	0.24094663
197	0.25067189
198	0.19082389
199	0.17959631
200	0.11380096
201	0.24012819
202	0.06020683
203	0.31633526
204	0.29098301
205	0.21864032
206	0.08621781
207	0.09970832
208	0.13342885
209	0.14829828
210	0.22805310
211	0.31577487
212	0.08766916
213	0.08691494
214	0.08749367
215	0.12800238
216	0.14680246
217	0.24242595
218	0.08388007
219	0.12031050
220	0.12183289
221	0.27297823
222	0.10032434
223	0.21626231
224	0.21335428
225	0.22056141
226	0.13079114
227	0.22216061
228	0.23440400
229	0.18814886
230	0.19059952
231	0.07976609
232	0.10118666
233	0.22530002
234	0.22000400
235	0.07331269
236	0.13443993
237	0.31810068
238	0.31800638
239	0.26573926
240	0.21125979
241	0.20697135
242	0.23180829
243	0.16664364
244	0.31737331
245	0.31671025
246	0.27936823
247	0.28661858
248	0.14517073
249	0.14501477
250	0.20170699
251	0.31008941
252	0.29815787
253	0.30118642
254	0.29892866
255	0.29905983
256	0.23502839
257	0.24634495
258	0.26367883
259	0.26563232
260	0.31571425
261	0.30151000
262	0.29305049
263	0.30224230
264	0.21077385
265	0.21017429
266	0.09592552
267	0.10132434
268	0.14603765
269	0.04334025
270	0.27922798
271	0.04624475
272	0.04763387
273	0.30415731
274	0.30365520
275	0.29635330
276	0.29432795
277	0.25184649
278	0.31439913
279	0.30387664
280	0.09661559
281	0.22124143
282	0.11049276
283	0.10901746
284	0.11020400
285	0.11111351
286	0.11015911
287	0.12055543
288	0.12609322
289	0.10314873
290	0.13261812
291	0.22164715
292	0.20046687
293	0.22258203
294	0.10423467
295	0.27305733
296	0.30861542
297	0.25293798
298	0.25684596
299	0.25710223
300	0.25985675
301	0.17773896
302	0.11653710
303	0.29722563
304	0.09168264
305	0.17841129
306	0.10612824
307	0.11876308
308	0.11815143
309	0.11826824
310	0.11876746
311	0.11752079
312	0.08008532
313	0.31482291
314	0.26308101
315	0.03127147
316	0.28437298
317	0.03927113
318	0.25226617
319	0.14464417
320	0.23422621
321	0.23590392
322	0.23560354
323	0.26489250
324	0.27872908
325	0.25837761
326	0.13553864
327	0.22916508
328	0.13575546
329	0.15810645
330	0.28357202
331	0.31348527
332	0.12063721
333	0.23609153
334	0.06699857
335	0.20870277
336	0.15108386
337	0.10792532
338	0.10980099
339	0.10827846
340	0.09544331
341	0.09505021
342	0.09339932
343	0.13470760
344	0.17183175
345	0.25630372
346	0.30969750
347	0.31645278
348	0.31051300
349	0.31352557
350	0.08071145
351	0.29963271
352	0.30158629
353	0.08437063
354	0.17894866
355	0.05687953
356	0.31746505
357	0.20921259
358	0.28653510
359	0.30032523
360	0.28150225
361	0.12708899
362	0.16934350
363	0.13787269
364	0.05561441
365	0.05236327
366	0.06656111
367	0.03868336
368	0.17165460
369	0.05379556
370	0.07957024
371	0.27750028
372	0.18300312
373	0.30873298
374	0.25865512
375	0.31619698
376	0.29627679
377	0.29897195
378	0.30476615
379	0.26204276
380	0.30422809
381	0.21355121
382	0.21211891
383	0.31147997
384	0.28035692
385	0.29796306
386	0.14152721
387	0.25942661
388	0.20532306
389	0.11794920
390	0.25789336
391	0.25065699
392	0.24387696
393	0.00047234
394	0.00044373
395	0.13095656
396	0.12256815
397	0.22218605
398	0.06063050
399	0.02961322
400	0.11087857
401	0.10595893
402	0.20632074
403	0.18635778
404	0.16012781
405	0.06874475
406	0.06764842
407	0.03913686
408	0.08559504
409	0.00706942
410	0.12928864
411	0.12892229
412	0.03079869
413	0.05251242
414	0.05193829
415	0.29461780
416	0.04814438
417	0.12948755
418	0.26407281
419	0.24554339
420	0.26788249
421	0.14009847
422	0.11988256
423	0.11857162
424	0.04855668
425	0.04852585
426	0.08134606
427	0.08137860
428	0.08095800
429	0.16304827
430	0.15551280
431	0.16449696
432	0.08629371
433	0.07088866
434	0.11492124
435	0.10572384
436	0.14051029
437	0.19883626
438	0.31660481
439	0.31464167
440	0.04127370
441	0.22250255
442	0.09182678
443	0.16831224
444	0.13591011
445	0.15126505
446	0.28608509
447	0.14420570
448	0.04716427
449	0.11203893
450	0.00527805
451	0.07031998
452	0.13668373
453	0.22409695
454	0.22874965
455	0.05130543
456	0.30125063
457	0.16010002
458	0.31654008
459	0.26591340
460	0.31239603
461	0.14024912
462	0.16320617
463	0.09611975
464	0.26354026
465	0.31430230
466	0.31563199
467	0.30036979
468	0.19470123
469	0.19463536
470	0.19775104
471	0.23306183
472	0.23775096
473	0.10524120
474	0.28752377
475	0.23385489
476	0.23437168
477	0.23213538
478	0.02059445
479	0.27182564
480	0.01102090
481	0.03324439
482	0.11618452
483	0.31675931
484	0.31260790
485	0.15516136
486	0.04590198
487	0.03806131
488	0.26623068
489	0.08144178
490	0.24477834
491	0.31599613
492	0.31591683
493	0.31558054
494	0.31605783
495	0.31386014
496	0.31396980
497	0.31253281
498	0.31584005
499	0.21196062
500	0.21357575
501	0.22595307
502	0.26777617
503	0.23338519
504	0.27062927
505	0.25977295
506	0.27568833
507	0.31659708
508	0.31532899
509	0.31232317
510	0.30846293
511	0.30847833
512	0.27782929
513	0.09678118
514	0.09684710
515	0.30452918
516	0.18302696
517	0.08115214
518	0.22526637
519	0.22489377
520	0.21930156
521	0.27579349
522	0.08412709
523	0.27049300
524	0.03227736
525	0.18302127
526	0.17887774
527	0.21145157
528	0.12769698
529	0.09163688
530	0.07026092
531	0.07022129
532	0.05380913
533	0.16127346
534	0.16032535
535	0.24728955
536	0.30801564
537	0.30541414
538	0.30254529
539	0.29843852
540	0.26461539
541	0.27642627
542	0.27671229
543	0.16648261
544	0.11165519
545	0.05109966
546	0.08385990
547	0.02054131
548	0.05078196
549	0.04656298
550	0.19678690
551	0.29869239
552	0.31319025
553	0.09612441
554	0.29790379
555	0.08014232
556	0.21128479
557	0.29594628
558	0.19400434
559	0.28914111
560	0.16500857
561	0.20779712
562	0.30023461
563	0.26921412
564	0.22132333
565	0.29312338
566	0.26690031
567	0.24678157
568	0.27482139
569	0.00566059
570	0.06863127
571	0.11603459
572	0.25300364
573	0.25201220
574	0.25095851
575	0.22195128
576	0.13373871
577	0.31579395
578	0.23815117
579	0.30661844
580	0.26843606
581	0.29021008
582	0.29214473
583	0.04964495
584	0.05059607
585	0.06382187
586	0.18310148
587	0.19135668
588	0.21334431
589	0.02287265
590	0.15466560
591	0.15565386
592	0.15473490
593	0.29413939
594	0.23294523
595	0.14389981
596	0.14326514
597	0.14517392
598	0.14344734
599	0.14469188
600	0.14550223
601	0.14448683
602	0.16606645
603	0.14285142
604	0.05493982
605	0.08856889
606	0.28884425
607	0.20874280
608	0.11621319
609	0.17171155
610	0.17259779
611	0.03332602
612	0.07358458
613	0.22374176
614	0.22911791
615	0.19143969
616	0.13237209
617	0.26311955
618	0.18017960
619	0.05086077
620	0.03987886
621	0.29458113
622	0.14336749
623	0.24839732
624	0.24651101
625	0.16458174
626	0.18833810
627	0.17762148
628	0.06070901
629	0.22044747
630	0.12705651
631	0.25090514
632	0.20552270
633	0.20478929
634	0.20564907
635	0.20520315
636	0.29344050
637	0.16466919
638	0.01022376
639	0.12085098
640	0.01822229
641	0.02004162
642	0.26878637
643	0.10866218
644	0.26720284
645	0.05127988
646	0.01959324
647	0.00615905
648	0.06718580
649	0.31744793
650	0.29336646
651	0.31430681
652	0.23038121
653	0.04009584
654	0.25170845
655	0.22622068
656	0.26087279
657	0.08748568
658	0.19778584
659	0.14988676
660	0.15197189
661	0.11944704
662	0.12218437
663	0.09978036
664	0.25279962
665	0.25282356
666	0.14116378
667	0.25907391
668	0.25682707
669	0.24107115
670	0.04337678
671	0.02199373
672	0.04764534
673	0.06566322
674	0.10915627
675	0.15700181
676	0.12420581
677	0.17047131
678	0.06021442
679	0.02270716
680	0.08215124
681	0.31355710
682	0.22446878
683	0.19619543
684	0.19679667
685	0.14037791
686	0.18777993
687	0.25278847
688	0.16582191
689	0.15572114
690	0.25301532
691	0.26775970
692	0.26795848
693	0.26482067
694	0.26521567
695	0.25153270
696	0.25364409
697	0.17097991
698	0.28544754
699	0.29675378
700	0.29068406
701	0.29602769
702	0.07089844
703	0.04786167
704	0.04830382
705	0.04925245
706	0.04892993
707	0.06547636
708	0.02505335
709	0.10490134
710	0.11596732
711	0.30767837
712	0.13172993
713	0.04113745
714	0.02470841
715	0.27696692
716	0.27642109
717	0.28586059
718	0.27296763
719	0.27248702
720	0.27065727
721	0.26532274
722	0.26343462
723	0.26094886
724	0.21521995
725	0.30934372
726	0.31467891
727	0.31569466
728	0.23245556
729	0.20731470
730	0.28907887
731	0.25922155
732	0.02318526
733	0.24006735
734	0.12383357
735	0.11751415
736	0.13835209
737	0.20379568
738	0.21688934
739	0.22954955
740	0.29384430
741	0.26319856
742	0.21377689
743	0.13933714
744	0.00058569
745	0.00065246
746	0.00065597
747	0.08609608
748	0.13181812
749	0.27201644
750	0.18508441
751	0.26351413
752	0.14639292
753	0.14887310
754	0.17563537
755	0.17884838
756	0.16159346
757	0.09594879
758	0.04894257
759	0.04938308
760	0.11309910
761	0.29627632
762	0.18434188
763	0.22349924
764	0.10392493
765	0.13129061
766	0.12431557
767	0.10689941
768	0.13385176
769	0.10510952
770	0.09061594
771	0.00437843
772	0.05171742
773	0.30501047
774	0.18405185
775	0.17322214
776	0.21231734
777	0.16835456
778	0.07180260
779	0.21796219
780	0.10898005
781	0.03432477
782	0.28682977
783	0.19589696
784	0.00340737
785	0.00302532
786	0.06000921
787	0.16215366
788	0.28036946
789	0.27297047
790	0.27212361
791	0.21403081
792	0.19052138
793	0.20102845
794	0.19181893
795	0.19204858
796	0.24722712
797	0.22871171
798	0.22434414
799	0.07075039
800	0.20296377
801	0.18956297
802	0.17716194
803	0.20016789
804	0.15412831
805	0.19642537
806	0.20316096
807	0.20340706
808	0.19268528
809	0.19393772
810	0.19302923
811	0.19140841
812	0.19296737
813	0.19142283
814	0.19350889
815	0.19228318
816	0.07741340
817	0.09392387
818	0.01041636
819	0.13414644
820	0.16975477
821	0.13386725
822	0.16799074
823	0.07999861
824	0.16574498
825	0.16242061
826	0.03666326
827	0.10804449
828	0.26886870
829	0.01475898
830	0.00906352
831	0.23993870
832	0.22215800
833	0.23899086
834	0.06675365
835	0.21997151
836	0.10108528
837	0.10141317
838	0.10126616
839	0.10300882
840	0.13174282
841	0.25920385
842	0.08777699
843	0.09688392
844	0.21443982
845	0.15961109
846	0.09130851
847	0.15344762
848	0.16273174
849	0.16244805
850	0.19506802
851	0.16271734
852	0.15225340
853	0.14465005
854	0.14550421
855	0.03006562
856	0.10214495
857	0.04355547
858	0.01359292
859	0.01300119
860	0.11312443
861	0.00875382
862	0.00868623
863	0.08928766
864	0.12074566
865	0.08220122
866	0.15963634
867	0.02667694
868	0.08430812
869	0.00102618
870	0.00134819
871	0.00250272
872	0.00135071
873	0.00335544
874	0.01596722
875	0.11092251
876	0.13616852
877	0.02322040
878	0.02320711
879	0.18680280
880	0.02672327
881	0.12785615
882	0.12766806
883	0.19536906
884	0.11537350
885	0.03747545
886	0.00497129
887	0.02310242
888	0.31045373
889	0.25159918
890	0.24658339
891	0.18621122
892	0.18452575
893	0.05927003
894	0.04146096
895	0.22637311
896	0.14469120
897	0.16355273
898	0.05138701
899	0.05115063
900	0.09158472
901	0.02125769
902	0.03109144
903	0.18419702
904	0.13974049
905	0.10250132
906	0.06926859
907	0.13968621
908	0.13783027
909	0.25866122
910	0.17256718
911	0.27366413
912	0.26779063
913	0.12435434
914	0.12446741
915	0.12357733
916	0.12326498
917	0.12442006
918	0.12292814
919	0.09271462
920	0.19445070
921	0.03918601
922	0.11401799
923	0.05310443
924	0.00424187
925	0.20154895
926	0.08171234
927	0.22273861
928	0.20194060
929	0.19074649
930	0.26402218
931	0.23905969
932	0.25051243
933	0.05852298
934	0.14868167
935	0.03823262
936	0.06621466
937	0.05507638
938	0.12183965
939	0.05786071
940	0.19826190
941	0.22464199
942	0.24697871
943	0.00427277
944	0.00560063
945	0.04662174
946	0.03080491
947	0.00208672
948	0.02240715
949	0.00955797
950	0.08909371
951	0.01841305
952	0.00250454
953	0.24915786
954	0.09280775
955	0.14685227
956	0.10340168
957	0.20230563
958	0.03011804
959	0.02223952
960	0.00134251
961	0.00470645
962	0.00503168
963	0.06983179
964	0.07039962
965	0.19295253
966	0.06043270
967	0.02256641
968	0.04436692
969	0.02599501
970	0.06507948
971	0.07527071
972	0.03727061
973	0.27621017
974	0.11480222
975	0.16088711
976	0.06720714
977	0.19801857
978	0.00056642
979	0.00063934
980	0.00063498
981	0.13257016
982	0.25618509
983	0.16374309
984	0.00047805
985	0.00047753
986	0.08137132
987	0.03208679
988	0.30826656
989	0.16344734
990	0.24532406
991	0.23239382
992	0.01736608
993	0.12622471
994	0.11248078
995	0.01238692
996	0.05482028
997	0.15895905
998	0.16112257
999	0.04632331
1000	0.04675850
1001	0.14097166
1002	0.15212109
1003	0.19415540
1004	0.13920009
1005	0.01973608
1006	0.02652982
1007	0.02442086
1008	0.00911228
1009	0.01046707
1010	0.06602402
1011	0.02442335
1012	0.08952152
1013	0.12881706
1014	0.21971646
1015	0.29857148
1016	0.23161701
1017	0.18398998
1018	0.10195165
1019	0.15163230
1020	0.20931584
1021	0.12846481
1022	0.15344329
1023	0.19992367
1024	0.10867318
1025	0.20795452
1026	0.09178593
1027	0.07585096
1028	0.00551225
1029	0.07258126
1030	0.06598201
1031	0.08119105
1032	0.08004188
1033	0.07946887
1034	0.07927423
1035	0.06401373
1036	0.17815456
1037	0.13919062
1038	0.05576731
1039	0.25021583
1040	0.18796472
1041	0.12457631
1042	0.12703868
1043	0.12532462
1044	0.13912005
1045	0.14099860
1046	0.12214585
1047	0.09547447
1048	0.04467491
1049	0.04455917
1050	0.15561571
1051	0.06712695
1052	0.04322434
1053	0.02707676
1054	0.00044172
1055	0.00044208
1056	0.06355739
1057	0.07019559
1058	0.09521382
1059	0.04570831
1060	0.00359627
1061	0.00411037
1062	0.08707074
1063	0.00388278
1064	0.11348853
1065	0.13989350
1066	0.07821228
1067	0.13864288
1068	0.12853176
1069	0.06628049
1070	0.10126562
1071	0.09860031
1072	0.07540610
1073	0.22104993
1074	0.25413226
1075	0.14683516
1076	0.07332923
1077	0.21466650
1078	0.07274331
1079	0.07945606
1080	0.13475547
1081	0.15297815
1082	0.11682326
1083	0.23041340
1084	0.19513251
1085	0.15551963
1086	0.21033416
1087	0.11710110
1088	0.05518303
1089	0.05469223
1090	0.05419735
1091	0.26214335
1092	0.23202444
1093	0.06378088
1094	0.16893134
1095	0.10144151
1096	0.10594112
1097	0.11181378
1098	0.01515477
1099	0.04369360
1100	0.15660555
1101	0.07825671
1102	0.18136757
1103	0.12818862
1104	0.03809293
1105	0.05036223
1106	0.18148007
1107	0.15502803
1108	0.15438392
1109	0.15287848
1110	0.16386669
1111	0.01350937
1112	0.10824232
1113	0.10876145
1114	0.00063097
1115	0.13818957
1116	0.23099003
1117	0.20208658
1118	0.08083715
1119	0.00796284
1120	0.06640245
1121	0.00127995
1122	0.07011113
1123	0.02787617
1124	0.00222181
1125	0.00718591
1126	0.07495111
1127	0.20765684
1128	0.20837458
1129	0.20846339
1130	0.20715453
1131	0.05066763
1132	0.23214514
1133	0.21921585
1134	0.18456975
1135	0.19028363
1136	0.21187976
1137	0.10049229
1138	0.17028350
1139	0.20584280
1140	0.03447138
1141	0.19414649
1142	0.17061594
1143	0.15302526
1144	0.12235249
1145	0.03250993
1146	0.14576091
1147	0.10323248
1148	0.10828861
1149	0.04286597
1150	0.05617133
1151	0.07306955
1152	0.07957768
1153	0.03667398
1154	0.03855274
1155	0.03977883
1156	0.06637646
1157	0.05575330
1158	0.06651606
1159	0.06398021
1160	0.07179684
1161	0.04571002
1162	0.04782846
1163	0.04533761
1164	0.05505524
1165	0.04883474
1166	0.07520952
1167	0.09248924
1168	0.14924706
1169	0.15867578
1170	0.06890898
1171	0.15963925
1172	0.06613309
1173	0.18819068
1174	0.05558045
1175	0.01666475
1176	0.01693424
1177	0.27477631
1178	0.00128416
1179	0.00131636
1180	0.00132097
1181	0.05990782
1182	0.10796873
1183	0.11115922
1184	0.10790424
1185	0.06927424
1186	0.08131250
1187	0.10150829
1188	0.08099669
1189	0.08048946
1190	0.05942616
1191	0.08558494
1192	0.06186533
1193	0.08836640
1194	0.02601837
1195	0.05908683
1196	0.06272689
1197	0.03606300
1198	0.03735350
1199	0.05935949
1200	0.15943214
1201	0.14565339
1202	0.05778641
1203	0.04879462
1204	0.05385104
1205	0.00525575
1206	0.00296660
1207	0.06570820
1208	0.07824278
1209	0.02726148
1210	0.16670441
1211	0.02937289
1212	0.25355456
1213	0.22947780
1214	0.05666581
1215	0.13902823
1216	0.16931972
1217	0.01468513
1218	0.05367876
1219	0.03187532
1220	0.03116736
1221	0.08354158
1222	0.04624615
1223	0.04757998
1224	0.10815609
1225	0.07456810
1226	0.04958228
1227	0.03894578
1228	0.03077216
1229	0.11055724
1230	0.01331123
1231	0.00976490
1232	0.03441707
1233	0.05756128
1234	0.07137650
1235	0.10416061
1236	0.23661152
1237	0.04287817
1238	0.20115026
1239	0.06263164
1240	0.00044669
1241	0.00050581
1242	0.00797174
1243	0.07685790
1244	0.02340856
1245	0.00095339
1246	0.00090320
1247	0.13017880
1248	0.07967901
1249	0.07952537
1250	0.22614310
1251	0.16846829
1252	0.08036514
1253	0.24606697
1254	0.20428636
1255	0.18700708
1256	0.08452557
1257	0.11721342
1258	0.08186259
1259	0.09367517
1260	0.15812980
1261	0.10863566
1262	0.09424829
1263	0.05747467
1264	0.08067259
1265	0.06204500
1266	0.21633735
1267	0.12331237
1268	0.12356699
1269	0.04447304
1270	0.02928626
1271	0.05412863
1272	0.00929301
1273	0.16407793
1274	0.16497170
1275	0.16361885
1276	0.16356733
1277	0.16400608
1278	0.20617251
1279	0.07991136
1280	0.09370267
1281	0.04538152
1282	0.10543115
1283	0.00205509
1284	0.03066568
1285	0.01592282
1286	0.21565075
1287	0.00146293
1288	0.03807984
1289	0.00056581
1290	0.02741189
1291	0.10555255
1292	0.10760334
1293	0.08418809
1294	0.02348835
1295	0.00062284
1296	0.00062041
1297	0.00065559
1298	0.00065603
1299	0.10489453
1300	0.04191501
1301	0.03866697
1302	0.06939294
1303	0.05424359
1304	0.09547330
1305	0.14353568
1306	0.12828167
1307	0.01955495
1308	0.08959218
1309	0.09137641
1310	0.09681957
1311	0.09014685
1312	0.29062223
1313	0.21650092
1314	0.19974905
1315	0.12536393
1316	0.22543477
1317	0.04261883
1318	0.11687531
1319	0.04313245
1320	0.22636318
1321	0.23918377
1322	0.01786454
1323	0.18587414
1324	0.23316515
1325	0.22819040
1326	0.18521580
1327	0.20467251
1328	0.07816742
1329	0.13897420
1330	0.02709111
1331	0.04474082
1332	0.03577701
1333	0.02679436
1334	0.14104231
1335	0.03168433
1336	0.04093130
1337	0.05324481
1338	0.03581908
1339	0.09357753
1340	0.05993236
1341	0.25481052
1342	0.04204012
1343	0.02101186
1344	0.00705326
1345	0.05723915
1346	0.03077862
1347	0.02230732
1348	0.08319043
1349	0.07355206
1350	0.10370200
1351	0.10211655
1352	0.07242373
1353	0.07341214
1354	0.07257393
1355	0.07015745
1356	0.00769612
1357	0.02684966
1358	0.01568660
1359	0.19651505
1360	0.03339660
1361	0.06486254
1362	0.01976261
1363	0.05691780
1364	0.01678111
1365	0.13206422
1366	0.20128104
1367	0.04433120
1368	0.00044245
1369	0.00044129
1370	0.17572926
1371	0.10034164
1372	0.08185895
1373	0.08602082
1374	0.10946456
1375	0.08257061
1376	0.09908362
1377	0.12531607
1378	0.05073908
1379	0.10670627
1380	0.00665895
1381	0.14005524
1382	0.08761664
1383	0.13918946
1384	0.09594946
1385	0.02262052
1386	0.11508495
1387	0.02327919
1388	0.13673839
1389	0.06082851
1390	0.02769233
1391	0.20771195
1392	0.21586218
1393	0.14247012
1394	0.14106216
1395	0.09819562
1396	0.11504055
1397	0.04969254
1398	0.09901520
1399	0.21182591
1400	0.20374330
1401	0.06752759
1402	0.10464540
1403	0.10426307
1404	0.04464716
1405	0.04395655
1406	0.21790538
1407	0.03375920
1408	0.00958387
1409	0.05115515
1410	0.02663297
1411	0.02543109
1412	0.10757875
1413	0.10117533
1414	0.02326923
1415	0.05734621
1416	0.00817079
1417	0.05610558
1418	0.18423627
1419	0.14943608
1420	0.07840013
1421	0.13226086
1422	0.12639594
1423	0.13146118
1424	0.15264847
1425	0.03588674
1426	0.00386454
1427	0.00419124
1428	0.00431797
1429	0.22781491
1430	0.11717626
1431	0.16371698
1432	0.11355740
1433	0.08533204
1434	0.08335730
1435	0.12557535
1436	0.10205519
1437	0.10190214
1438	0.08275606
1439	0.08210448
1440	0.14093556
1441	0.16955439
1442	0.18223536
1443	0.16966113
1444	0.10911200
1445	0.09986200
1446	0.14305880
1447	0.11625566
1448	0.14365776
1449	0.10342305
1450	0.12722011
1451	0.13701830
1452	0.14178049
1453	0.14056138
1454	0.01364603
1455	0.12025495
1456	0.06479074
1457	0.06602154
1458	0.00044364
1459	0.00047040
1460	0.04257619
1461	0.13790292
1462	0.00044135
1463	0.00044064
1464	0.11177346
1465	0.14960611
1466	0.02448447
1467	0.12972163
1468	0.12317829
1469	0.19141909
1470	0.14944641
1471	0.04926907
1472	0.04987599
1473	0.05034528
1474	0.05647063
1475	0.22404189
1476	0.11165196
1477	0.08166331
1478	0.06341983
1479	0.15136861
1480	0.05143345
1481	0.05523963
1482	0.06086832
1483	0.02332859
1484	0.01063866
1485	0.06818824
1486	0.06816300
1487	0.06056664
1488	0.07372498
1489	0.06322204
1490	0.15294628
1491	0.03875911
1492	0.02746665
1493	0.02730892
1494	0.02681075
1495	0.04478902
1496	0.04544290
1497	0.02574280
1498	0.00055778
1499	0.00055744
1500	0.02852988
1501	0.03948610
1502	0.10164462
1503	0.02514195
1504	0.07105607
1505	0.00975475
1506	0.08923736
1507	0.03384683
1508	0.06372821
1509	0.03458490
1510	0.03447991
1511	0.00044428
1512	0.00047095
1513	0.01168076
1514	0.04319980
1515	0.04309754
1516	0.13780387
1517	0.00532736
1518	0.02410673
1519	0.10893442
1520	0.01256230
1521	0.03219821
1522	0.03935524
1523	0.00044199
1524	0.00044214
1525	0.00048424
1526	0.00058840
1527	0.00044467
1528	0.05782364
1529	0.01674940
1530	0.05189509
1531	0.18729178
1532	0.04375232
1533	0.07071319
1534	0.02301940
1535	0.06429918
1536	0.03591725
1537	0.09844751
1538	0.08144246
1539	0.15224439
1540	0.10770030
1541	0.02672266
1542	0.03479628
1543	0.03204202
1544	0.05655663
1545	0.02323302
1546	0.06980913
1547	0.18586811
1548	0.12817946
1549	0.14754518
1550	0.12317196
1551	0.09316641
1552	0.07172779
1553	0.07169548
1554	0.07193196
1555	0.01562110
1556	0.03174649
1557	0.16552425
1558	0.04403748
1559	0.04864310
1560	0.01845904
1561	0.00504700
1562	0.00077087
1563	0.00519096
1564	0.11914198
1565	0.13339462
1566	0.10740430
1567	0.02760348
1568	0.04549450
1569	0.13241632
1570	0.01953185
1571	0.13818014
1572	0.14945442
1573	0.14868309
1574	0.13255480
1575	0.13380746
1576	0.05013768
1577	0.03196732
1578	0.01539913
1579	0.00126750
1580	0.00281828
1581	0.14370764
1582	0.03052009
1583	0.01877566
1584	0.08684325
1585	0.00665256
1586	0.04736132
1587	0.03231304
1588	0.02388144
1589	0.04224559
1590	0.19322176
1591	0.18620067
1592	0.05459284
1593	0.02390987
1594	0.02467624
1595	0.03391514
1596	0.12325177
1597	0.16067156
1598	0.04305938
1599	0.00055682
1600	0.00055847
1601	0.00047634
1602	0.00047511
1603	0.00047513
1604	0.03212523
1605	0.17147146
1606	0.18088560
1607	0.08819633
1608	0.18103965
1609	0.12412064
1610	0.06304960
1611	0.09787153
1612	0.06893684
1613	0.18116120
1614	0.00374711
1615	0.00056137
1616	0.23024379
1617	0.04431485
1618	0.02763749
1619	0.00780349
1620	0.02209544
1621	0.07033670
1622	0.04287594
1623	0.00044187
1624	0.00044211
1625	0.00059825
1626	0.08298806
1627	0.01498393
1628	0.06078655
1629	0.00055711
1630	0.00055971
1631	0.00055641
1632	0.08134250
1633	0.03057312
1634	0.02051021
1635	0.02023083
1636	0.05852845
1637	0.04319969
1638	0.04304838
1639	0.04485997
1640	0.00998211
1641	0.03036349
1642	0.00252758
1643	0.02657223
1644	0.02087079
1645	0.02070138
1646	0.00639678
1647	0.10144923
1648	0.05360679
1649	0.08807855
1650	0.04465638
1651	0.14054528
1652	0.02161622
1653	0.04601511
1654	0.04665060
1655	0.05856065
1656	0.05885734
1657	0.00047895
1658	0.00053669
1659	0.01898524
1660	0.00954811
1661	0.05345955
1662	0.07159062
1663	0.01757619
1664	0.03364051
1665	0.03289248
1666	0.00055722
1667	0.11533149
1668	0.03086439
1669	0.04616561
1670	0.02689265
1671	0.03469063
1672	0.03412766
1673	0.10812016
1674	0.10833306
1675	0.02008403
1676	0.00150689
1677	0.00050675
1678	0.00047624
1679	0.00364038
1680	0.00392145
1681	0.06484636
1682	0.07433414
1683	0.02846714
1684	0.06823024
1685	0.01407321
1686	0.02024711
1687	0.04568785
1688	0.13044312
1689	0.07208882
1690	0.00511523
1691	0.07220319
1692	0.07174271
1693	0.07670750
1694	0.08796360
1695	0.04633625
1696	0.04755311
1697	0.04123555
1698	0.00937579
1699	0.02297740
1700	0.03132890
1701	0.07607993
1702	0.06460286
1703	0.03174756
1704	0.06780743
1705	0.06686705
1706	0.06676971
1707	0.06309599
1708	0.02798842
1709	0.02911478
1710	0.06827770
1711	0.19938466
1712	0.09779063
1713	0.09295658
1714	0.00950575
1715	0.00937857
1716	0.02358002
1717	0.08415403
1718	0.00972084
1719	0.08024993
1720	0.06306362
1721	0.06322025
1722	0.02523063
1723	0.02286873
1724	0.02558922
1725	0.00580200
1726	0.01949171
1727	0.05112692
1728	0.02948901
1729	0.01283564
1730	0.12603895
1731	0.00044407
1732	0.02007660
1733	0.01111829
1734	0.03080443
1735	0.01726461
1736	0.04329894
1737	0.02434042
1738	0.10376223
1739	0.00159758
1740	0.02422321
1741	0.00702810
1742	0.01108794
1743	0.10454577
1744	0.03591200
1745	0.04340926
1746	0.02274462
1747	0.05091652
1748	0.06512515
1749	0.05698711
1750	0.05724941
1751	0.06267349
1752	0.00788911
1753	0.00044223
1754	0.00044279
1755	0.02029355
1756	0.03047838
1757	0.03092816
1758	0.00290902
1759	0.00285550
1760	0.03201619
1761	0.05600785
1762	0.12048030
1763	0.04346810
1764	0.02678897
1765	0.02330631
1766	0.00089259
1767	0.00051420
1768	0.00048331
1769	0.03069994
1770	0.00044817
1771	0.02374495
1772	0.02455154
1773	0.03622636
1774	0.02207934
1775	0.02117867
1776	0.05834753
1777	0.01864875
1778	0.02279768
1779	0.03165131
1780	0.02947056
1781	0.06706730
1782	0.01666552
1783	0.01408539
1784	0.01540158
1785	0.01585970
1786	0.00959771
1787	0.00096766
1788	0.00097404
1789	0.18006671
1790	0.00942388
1791	0.03997462
1792	0.02494387
1793	0.09752171
1794	0.09610064
1795	0.06460778
1796	0.09727289
1797	0.03048574
1798	0.01013260
1799	0.02394846
1800	0.00790841
1801	0.00342608
1802	0.02291460
1803	0.03010589
1804	0.02315752
1805	0.04068419
1806	0.04759336
1807	0.00055889
1808	0.01089905
1809	0.02671987
1810	0.00543050
1811	0.02578298
1812	0.11051621
1813	0.02364031
1814	0.02751693
1815	0.00047128
1816	0.00044587
1817	0.01275169
1818	0.01285439
1819	0.01289898
1820	0.02695570
1821	0.02652739
1822	0.02727866
1823	0.02763888
1824	0.01559474
1825	0.04434744
1826	0.02287960
1827	0.00055484
1828	0.00064824
1829	0.05690362
1830	0.01667506
1831	0.03070814
1832	0.02842475
1833	0.05539022
1834	0.03170476
1835	0.00466705
1836	0.02648479
1837	0.01271509
1838	0.01334014
1839	0.01344871
1840	0.02342439
1841	0.03631768
1842	0.02695157
1843	0.05112989
1844	0.04346802
1845	0.01387226
1846	0.02229276
1847	0.02229686
1848	0.02216044
1849	0.02675997
1850	0.01804291
1851	0.02335798
1852	0.02337180
1853	0.01391023
1854	0.03028808
1855	0.02327021
1856	0.00273901
1857	0.02672502
1858	0.02343710
1859	0.00128029
1860	0.00128410
1861	0.00128658
1862	0.00128271
1863	0.00129161
1864	0.00127894
1865	0.00128350
1866	0.00128239
1867	0.00128131
1868	0.00128960
1869	0.00128185
1870	0.00128591
1871	0.00128504
1872	0.01291547
1873	0.24806943
1874	0.24852999
1875	0.24864913
1876	0.01338291
1877	0.00055655
1878	0.00055839
1879	0.00055982
1880	0.00055973
1881	0.00055899
1882	0.00047563
1883	0.00047425
1884	0.00047444
1885	0.00115138
1886	0.00109364
1887	0.00295852
1888	0.00300444
1889	0.00665843
1890	0.00652659
1891	0.00637356
1892	0.00715632
1893	0.00673909
1894	0.00044187
1895	0.00044247
1896	0.00044098
1897	0.00044251
1898	0.08707496
1899	0.08732211
1900	0.00044210
1901	0.00044114
1902	0.00047601
1903	0.00047755
1904	0.00047550
1905	0.01073431
1906	0.00513312
1907	0.00507766
1908	0.00044138
1909	0.00044232
1910	0.00221680
1911	0.00225185
1912	0.03810947
1913	0.00448367
1914	0.00441906
1915	0.00473512
1916	0.00429754
1917	0.00438908
1918	0.00044457
1919	0.06269953
1920	0.06239146
1921	0.06326669
1922	0.00044135
1923	0.00044205
1924	0.00725347
1925	0.00372603
1926	0.00396849
1927	0.00365977
1928	0.00388155
1929	0.00478260
1930	0.21648965
1931	0.21586897
1932	0.00995644
1933	0.00143005
1934	0.00138922
1935	0.00150759
1936	0.00047481
1937	0.00047533
1938	0.00047622
1939	0.05847732
1940	0.05842376
1941	0.05713782
1942	0.03904153
1943	0.03934092
1944	0.00651627
1945	0.09254954
1946	0.00200402
1947	0.01139336
1948	0.01212462
1949	0.00228846
1950	0.00073039
1951	0.00073178
1952	0.00073331
1953	0.00073226
1954	0.00073721
1955	0.00073605
1956	0.00073586
1957	0.00073548
1958	0.00458520
1959	0.00415871
1960	0.00453475
1961	0.00044256
1962	0.00044191
1963	0.00383452
1964	0.01256449
1965	0.00047593
1966	0.00047506
1967	0.00047448
1968	0.00070336
1969	0.00375876
1970	0.00044138
1971	0.00044190
1972	0.05627860
1973	0.18504501
1974	0.18558620
1975	0.16961443
1976	0.17064260
1977	0.16938045
1978	0.17058084
1979	0.00047664
1980	0.00047623
1981	0.00047606
1982	0.00055862
1983	0.00055707
1984	0.00055811
1985	0.00055805
1986	0.00055836
1987	0.04037566
1988	0.07413279
1989	0.00184554
1990	0.00168911
1991	0.00169424
1992	0.00047603
1993	0.02058810
1994	0.02059637
1995	0.02035092
1996	0.02043477
1997	0.02033307
1998	0.02074673
1999	0.02052561
2000	0.02109200
2001	0.00990787
2002	0.01017350
2003	0.01714474
2004	0.00051410
2005	0.00051374
2006	0.00051556
2007	0.00051526
2008	0.00047644
2009	0.00047631
2010	0.00047579
2011	0.00051569
2012	0.00051433
2013	0.00051346
2014	0.00051450
2015	0.00044167
2016	0.00044253
2017	0.00044149
2018	0.00044219
2019	0.00044195
2020	0.00044138
2021	0.00044210
2022	0.00044267
2023	0.00055948
2024	0.00055833
2025	0.00055763
2026	0.00056011
2027	0.00055892
2028	0.01373253
2029	0.01444969
2030	0.00044181
2031	0.00044230
2032	0.00055598
2033	0.00055753
2034	0.00055791
2035	0.00055742
2036	0.00055832
2037	0.00048956
2038	0.00061301
2039	0.00061218
2040	0.00061245
2041	0.00061079
2042	0.00061296
2043	0.00044129
2044	0.00044257
2045	0.00090121
2046	0.00044159
2047	0.00044148
2048	0.00225809
2049	0.00044122
2050	0.00044151
2051	0.00044193
2052	0.00044288
2053	0.01583205
2054	0.03030145
2055	0.00044161
2056	0.00044258
2057	0.00044167
2058	0.00044195
2059	0.05290240
2060	0.00044397
2061	0.00060765
2062	0.00060761
2063	0.00060509
2064	0.00061110
2065	0.00060960
2066	0.00060990
2067	0.01715533
2068	0.01782340
2069	0.00044239
2070	0.00044200
2071	0.00055915
2072	0.00055810
2073	0.00055679
2074	0.00055867
2075	0.00055728
2076	0.00051340
2077	0.00051389
2078	0.00051377
2079	0.00051325
2080	0.00044434
2081	0.00047589
2082	0.00047530
2083	0.00047469
2084	0.00047502
2085	0.00047666
2086	0.00047678
2087	0.01131449
2088	0.01042901
2089	0.01115784
2090	0.00228425
2091	0.00044220
2092	0.00044152
2093	0.00056173
2094	0.00056042
2095	0.00055913
2096	0.00056397
2097	0.00650484
2098	0.00047716
2099	0.00047598
2100	0.00047630
2101	0.00160932
2102	0.14186084
2103	0.14104852
2104	0.14084752
2105	0.14002255
2106	0.14082181
2107	0.14041329
2108	0.00044157
2109	0.00044133
2110	0.01380016
2111	0.01336304
2112	0.01340740
2113	0.01372187
2114	0.01334413
2115	0.00567243
2116	0.00570012
2117	0.00047560
2118	0.00047506
2119	0.00047674
2120	0.12379753
2121	0.12457994
2122	0.12430804
2123	0.12300022
2124	0.00044200
2125	0.00044190
2126	0.03932416
2127	0.03922470
2128	0.03816363
2129	0.00044244
2130	0.00044176
2131	0.00047724
2132	0.00047676
2133	0.00047613
2134	0.00275851
2135	0.00260943
2136	0.01932200
2137	0.00044200
2138	0.00044240
2139	0.00057148
2140	0.00057199
2141	0.00057401
2142	0.00044158
2143	0.00044150
2144	0.01982057
2145	0.00044143
2146	0.00044209
2147	0.00044184
2148	0.00044206
2149	0.00044218
2150	0.00044118
2151	0.00044194
2152	0.00044190
2153	0.00044197
2154	0.00044223
2155	0.00044445
2156	0.00350128
2157	0.00779810
2158	0.00761392
2159	0.00762334
2160	0.00044119
2161	0.00044207
2162	0.03333334
2163	0.00044151
2164	0.00044129
2165	0.00051451
2166	0.00051455
2167	0.00051509
2168	0.00051364
2169	0.00044106
2170	0.00044202
2171	0.00047504
2172	0.00047612
2173	0.00047668
2174	0.00044203
2175	0.00044184
2176	0.00044253
2177	0.00044204
2178	0.00044188
2179	0.00044259
2180	0.00213373
2181	0.00044273
2182	0.00044204
2183	0.01203612
2184	0.01971969
2185	0.00801289
2186	0.00819838
2187	0.01499628
2188	0.01273473
2189	0.00055883
2190	0.00055874
2191	0.00055743
2192	0.00055862
2193	0.00055795
2194	0.00047580
2195	0.00047535
2196	0.00047545
2197	0.00088838
2198	0.00047450
2199	0.00047543
2200	0.00047636
2201	0.00345777
2202	0.00044220
2203	0.00044092
2204	0.01400872
2205	0.00055843
2206	0.00055781
2207	0.00055964
2208	0.00055992
2209	0.00055880
2210	0.01729489
2211	0.00044210
2212	0.00044208
2213	0.00044190
2214	0.00044176
2215	0.00055886
2216	0.00055630
2217	0.00055920
2218	0.00055857
2219	0.00055683
2220	0.01603317
2221	0.01612731
2222	0.00921689
2223	0.00051431
2224	0.00051386
2225	0.00051215
2226	0.00051289
2227	0.03443223
2228	0.03496426
2229	0.00047589
2230	0.00047561
2231	0.00047580
2232	0.00645336
2233	0.00210637
2234	0.00208350
2235	0.04841694
2236	0.00050833
2237	0.00749904
2238	0.00727721
2239	0.00727433
2240	0.00748936
2241	0.01154846
2242	0.00044079
2243	0.00044237
2244	0.00132129
2245	0.00044211
2246	0.00044138
2247	0.00044169
2248	0.00044193
2249	0.00044187
2250	0.00044196
2251	0.00047453
2252	0.00047680
2253	0.00047630
2254	0.00044215
2255	0.00044223
2256	0.00057980
2257	0.03517377
2258	0.00047979
2259	0.00044201
2260	0.00044158
2261	0.04660854
2262	0.02101327
2263	0.02088866
2264	0.02141678
2265	0.02110694
2266	0.02104953
2267	0.00047847
2268	0.00047784
2269	0.01923444
2270	0.01921472
2271	0.00044207
2272	0.00044168
2273	0.00051343
2274	0.00051397
2275	0.00051449
2276	0.00051713
2277	0.01655751
2278	0.00081729
2279	0.00044134
2280	0.00044145
2281	0.00047571
2282	0.00047520
2283	0.00047617
2284	0.00051467
2285	0.00051432
2286	0.00051677
2287	0.00051320
2288	0.00047409
2289	0.00047520
2290	0.00047498
2291	0.01586105
2292	0.00563982
2293	0.00044111
2294	0.00044155
2295	0.03287657
2296	0.00044231
2297	0.00044190
2298	0.00047471
2299	0.00047663
2300	0.00047707
2301	0.00044232
2302	0.00044225
2303	0.00829090
2304	0.00836280
2305	0.00846883
2306	0.00044136
2307	0.00044290
2308	0.00044173
2309	0.00044243
2310	0.00298008
2311	0.00044494
2312	0.01043397
2313	0.00218226
2314	0.00044210
2315	0.00044162
2316	0.04304201
2317	0.00759160
2318	0.00044208
2319	0.00044197
2320	0.01355296
2321	0.01688941
2322	0.00044122
2323	0.00044102
2324	0.00044090
2325	0.00044218
2326	0.01550945
2327	0.00047694
2328	0.00047619
2329	0.00047573
2330	0.00044189
2331	0.00044251
2332	0.01180004
2333	0.01186664
2334	0.01925425
2335	0.00044165
2336	0.00044145
2337	0.00362295
2338	0.04322130
2339	0.00044171
2340	0.00044242
2341	0.00048383
2342	0.00044279
2343	0.00044254
2344	0.00044227
2345	0.00044208
2346	0.00044206
2347	0.00044173
2348	0.00051261
2349	0.00051292
2350	0.00051427
2351	0.00051256
2352	0.00044197
2353	0.00044220
2354	0.00051453
2355	0.00051270
2356	0.00051491
2357	0.00051514
2358	0.00044199
2359	0.00044202
2360	0.00072049
2361	0.00073671
2362	0.00197340
2363	0.02292781
2364	0.00047535
2365	0.00047588
2366	0.00047733
2367	0.02802214
2368	0.02821480
2369	0.00044238
2370	0.00044224
2371	0.00047997
2372	0.00048021
2373	0.00044243
2374	0.00044228
2375	0.00044225
2376	0.00044220
2377	0.00044200
2378	0.00044203
2379	0.00044227
2380	0.00044209
2381	0.00545207
2382	0.00070343
2383	0.00044307
2384	0.00044120
2385	0.00106342
2386	0.00482710
2387	0.00047461
2388	0.00047641
2389	0.00047673
2390	0.00044120
2391	0.00044220
2392	0.00044289
2393	0.00044254
2394	0.00981466
2395	0.00044212
2396	0.00044190
2397	0.00047547
2398	0.00047584
2399	0.00047668
2400	0.00307758
2401	0.00044181
2402	0.00044209
2403	0.00044251
2404	0.00044217
2405	0.02220862
2406	0.00044267
2407	0.00044262
2408	0.00047538
2409	0.00047568
2410	0.00047624
2411	0.00047608
2412	0.00047477
2413	0.00047549
2414	0.00044232
2415	0.00044232
2416	0.00044221
2417	0.00044220
2418	0.00044178
2419	0.00044289
2420	0.00498693
2421	0.00909672
2422	0.00044349
2423	0.00044201
2424	0.00044295
2425	0.00044162
2426	0.00070135
