0	0.08067961
1	0.25705439
2	0.18884416
3	0.38235328
4	0.31008975
5	0.27276286
6	0.27815232
7	0.11370088
8	0.31277670
9	0.38942114
10	0.36018876
11	0.11411108
12	0.16710380
13	0.34756978
14	0.20779242
15	0.37833219
16	0.39280925
17	0.38193980
18	0.37417530
19	0.40695190
20	0.37805321
21	0.26842647
22	0.30591406
23	0.26314849
24	0.40362278
25	0.36718826
26	0.36165633
27	0.37641119
28	0.14517727
29	0.22223290
30	0.11223228
31	0.28380009
32	0.39882685
33	0.18033494
34	0.29690250
35	0.32077094
36	0.18432071
37	0.20397952
38	0.18708224
39	0.31326325
40	0.14500045
41	0.05913193
42	0.27811253
43	0.25889301
44	0.19338683
45	0.14945495
46	0.05266574
47	0.38608371
48	0.36464158
49	0.33954826
50	0.30451433
51	0.23273240
52	0.29295423
53	0.11455005
54	0.29153594
55	0.23585943
56	0.17625786
57	0.27810155
58	0.27065157
59	0.40069255
60	0.37491701
61	0.39234053
62	0.40641444
63	0.33131648
64	0.38925999
65	0.39294302
66	0.40054785
67	0.35979737
68	0.34342576
69	0.36544429
70	0.23871237
71	0.07471899
72	0.07512218
73	0.38440677
74	0.40693539
75	0.33968471
76	0.36750945
77	0.31968230
78	0.34171579
79	0.39029394
80	0.36270410
81	0.18171929
82	0.26166986
83	0.29932360
84	0.07054072
85	0.07511293
86	0.27120243
87	0.34177996
88	0.22582102
89	0.03297930
90	0.36860510
91	0.38037653
92	0.37895704
93	0.31442286
94	0.27208179
95	0.39348950
96	0.29751842
97	0.31012583
98	0.40614546
99	0.14077544
100	0.27234740
101	0.22327243
102	0.12769276
103	0.06568614
104	0.06804317
105	0.38890543
106	0.34878144
107	0.20221355
108	0.12854909
109	0.40687513
110	0.36245543
111	0.40694282
112	0.18026077
113	0.40589754
114	0.39848183
115	0.20554543
116	0.33345474
117	0.40297397
118	0.31137956
119	0.34466058
120	0.28228462
121	0.28537054
122	0.40038657
123	0.26903651
124	0.30301733
125	0.39417890
126	0.37123542
127	0.27903237
128	0.34604045
129	0.40653810
130	0.40500760
131	0.37099984
132	0.34075895
133	0.32306864
134	0.36937540
135	0.07565285
136	0.07635561
137	0.35551902
138	0.39874860
139	0.32398299
140	0.40670905
141	0.40518096
142	0.24648364
143	0.36123268
144	0.27740718
145	0.38665590
146	0.39833279
147	0.33396744
148	0.21502692
149	0.20371675
150	0.07387201
151	0.08524353
152	0.12769767
153	0.38361548
154	0.37531224
155	0.36368570
156	0.36510607
157	0.29119885
158	0.36619109
159	0.28789776
160	0.26787445
161	0.36241661
162	0.31690208
163	0.11312757
164	0.37606657
165	0.21872118
166	0.16131356
167	0.13544076
168	0.38050183
169	0.37141377
170	0.35035117
171	0.35513024
172	0.40062153
173	0.34392098
174	0.40168360
175	0.31031916
176	0.38172905
177	0.39302044
178	0.37849347
179	0.40224764
180	0.40453832
181	0.35987296
182	0.40524418
183	0.37735094
184	0.39593376
185	0.40680662
186	0.29782996
187	0.35143406
188	0.36275157
189	0.33958662
190	0.32615439
191	0.25688332
192	0.38195277
193	0.22936328
194	0.37194952
195	0.09105272
196	0.22530727
197	0.40675433
198	0.17524495
199	0.37913048
200	0.29094183
201	0.23129364
202	0.33202982
203	0.36450676
204	0.25082211
205	0.22019299
206	0.27760905
207	0.05147248
208	0.22934332
209	0.26370995
210	0.40299965
211	0.24163763
212	0.14920405
213	0.32039878
214	0.15852703
215	0.38510164
216	0.32912666
217	0.40617979
218	0.38960344
219	0.35255317
220	0.40569087
221	0.38093107
222	0.22529856
223	0.38184245
224	0.39635881
225	0.39773335
226	0.40550508
227	0.33513359
228	0.34250757
229	0.22949506
230	0.29421817
231	0.29174736
232	0.23511201
233	0.29658989
234	0.11618904
235	0.14697879
236	0.21663424
237	0.07752884
238	0.40694349
239	0.29866756
240	0.22315182
241	0.15628668
242	0.31895997
243	0.39527013
244	0.19798889
245	0.12448406
246	0.20819548
247	0.25235683
248	0.24900873
249	0.12965376
250	0.11295186
251	0.04307594
252	0.02146769
253	0.25170127
254	0.02229538
255	0.35914469
256	0.38590742
257	0.34691132
258	0.33824720
259	0.36814556
260	0.35735631
261	0.26296161
262	0.35096645
263	0.37198343
264	0.37565612
265	0.37376701
266	0.33479048
267	0.19120197
268	0.36527815
269	0.11217095
270	0.34861169
271	0.25582707
272	0.21314656
273	0.14330004
274	0.07791966
275	0.07751286
276	0.38294339
277	0.32832183
278	0.31918488
279	0.32988974
280	0.15583624
281	0.38979673
282	0.34949964
283	0.30089602
284	0.10521112
285	0.12011754
286	0.05994099
287	0.06053399
288	0.06161840
289	0.06708552
290	0.37012973
291	0.35866573
292	0.24870449
293	0.27960302
294	0.02857129
295	0.35824424
296	0.37548593
297	0.39023475
298	0.33599149
299	0.32105307
300	0.36485236
301	0.12692910
302	0.38458228
303	0.37269159
304	0.29429980
305	0.33739976
306	0.16976651
307	0.19571286
308	0.12037101
309	0.37414600
310	0.19458141
311	0.18920430
312	0.12426572
313	0.12279442
314	0.16040461
315	0.18848850
316	0.38205674
317	0.11560463
318	0.06955346
319	0.20403478
320	0.20724151
321	0.23033259
322	0.15646102
323	0.13615188
324	0.19428979
325	0.26663902
326	0.34854539
327	0.25317022
328	0.16691841
329	0.08469540
330	0.14143836
331	0.16463311
332	0.15930067
333	0.35242568
334	0.03399504
335	0.39861871
336	0.35296958
337	0.37541938
338	0.39653544
339	0.23598264
340	0.18308707
341	0.12885659
342	0.17529718
343	0.06035097
344	0.05268351
345	0.37734647
346	0.21437386
347	0.31435857
348	0.30713624
349	0.35213472
350	0.25688185
351	0.39903003
352	0.07740317
353	0.15031071
354	0.33756029
355	0.40588472
356	0.35364289
357	0.24575971
358	0.29877815
359	0.34663425
360	0.21081406
361	0.22440846
362	0.25335492
363	0.22143281
364	0.13888821
365	0.29738914
366	0.37016201
367	0.14266305
368	0.07546282
369	0.07617238
370	0.07440442
371	0.07462105
372	0.07624924
373	0.24485749
374	0.35059818
375	0.22911975
376	0.30650656
377	0.26041805
378	0.37954880
379	0.28486727
380	0.37880793
381	0.39559184
382	0.37636962
383	0.23171847
384	0.39044799
385	0.16706077
386	0.31129838
387	0.30585953
388	0.18957083
389	0.22959200
390	0.34936684
391	0.22767962
392	0.24880754
393	0.18135138
394	0.11346299
395	0.25805004
396	0.07834563
397	0.07839967
398	0.07471866
399	0.07533594
400	0.07658180
401	0.07532001
402	0.40093022
403	0.40333496
404	0.31780497
405	0.38493893
406	0.40488963
407	0.12562415
408	0.40033269
409	0.40712710
410	0.32185453
411	0.38478336
412	0.37261823
413	0.38104920
414	0.07651527
415	0.34432456
416	0.37086032
417	0.37103080
418	0.15641183
419	0.17447355
420	0.21663490
421	0.24575771
422	0.40482700
423	0.37389680
424	0.22010733
425	0.23193264
426	0.15824704
427	0.28634725
428	0.17552054
429	0.40334166
430	0.16529103
431	0.07183201
432	0.01605261
433	0.01490842
434	0.37431851
435	0.21690290
436	0.12709984
437	0.07337121
438	0.39147361
439	0.40686118
440	0.39945710
441	0.35803300
442	0.21896209
443	0.38897669
444	0.40703435
445	0.40691244
446	0.39891088
447	0.35917987
448	0.40104216
449	0.40048812
450	0.39006865
451	0.34050963
452	0.35581201
453	0.32685602
454	0.24928070
455	0.23442855
456	0.23259937
457	0.31499053
458	0.26354996
459	0.38242932
460	0.31797873
461	0.26195728
462	0.38612581
463	0.34246792
464	0.19169487
465	0.31823938
466	0.32788792
467	0.22622957
468	0.23195566
469	0.35869579
470	0.07878839
471	0.18246741
472	0.36548394
473	0.07950427
474	0.21872447
475	0.21927028
476	0.07858192
477	0.07879598
478	0.40277385
479	0.39979892
480	0.36664684
481	0.40665425
482	0.40699868
483	0.38895179
484	0.27643343
485	0.40537085
486	0.09891015
487	0.40676405
488	0.38878906
489	0.21642670
490	0.24989951
491	0.27346690
492	0.36543061
493	0.17137180
494	0.40414474
495	0.29108920
496	0.26012210
497	0.19761745
498	0.19672267
499	0.34495612
500	0.37487844
501	0.37130405
502	0.34984666
503	0.36850093
504	0.32132968
505	0.12835857
506	0.30491093
507	0.34554564
508	0.22046217
509	0.14426389
510	0.06815423
511	0.07136519
512	0.06921021
513	0.27759644
514	0.29761293
515	0.05072868
516	0.25313588
517	0.31532222
518	0.19794986
519	0.15213031
520	0.05789304
521	0.30478138
522	0.01485116
523	0.20512022
524	0.14410062
525	0.25971144
526	0.25911689
527	0.33018720
528	0.37128041
529	0.11878728
530	0.30740287
531	0.28224958
532	0.20556987
533	0.09819779
534	0.20311989
535	0.04354383
536	0.10670229
537	0.37687582
538	0.30659311
539	0.09015434
540	0.16594421
541	0.30736407
542	0.40174513
543	0.33387575
544	0.31424906
545	0.39752165
546	0.14082653
547	0.37621842
548	0.07229988
549	0.14140266
550	0.17948903
551	0.05283850
552	0.40414428
553	0.39356376
554	0.40693371
555	0.24584052
556	0.35343329
557	0.34226232
558	0.17382214
559	0.40348992
560	0.35496389
561	0.40682995
562	0.39515058
563	0.38033630
564	0.40259060
565	0.40340463
566	0.39637461
567	0.33194805
568	0.23815427
569	0.36865065
570	0.26598234
571	0.32299478
572	0.28033239
573	0.07933655
574	0.09174926
575	0.29997840
576	0.21083404
577	0.22641010
578	0.34806504
579	0.17200595
580	0.36248674
581	0.38692772
582	0.11311451
583	0.27700917
584	0.13551643
585	0.25135862
586	0.20136063
587	0.23777906
588	0.25185518
589	0.17149749
590	0.13258501
591	0.18556487
592	0.07758817
593	0.07709147
594	0.07717988
595	0.22039031
596	0.07576653
597	0.11518064
598	0.07633352
599	0.07713703
600	0.07722590
601	0.31905557
602	0.18732040
603	0.25056353
604	0.17508042
605	0.38627575
606	0.36062315
607	0.39475069
608	0.29690127
609	0.28147763
610	0.31454716
611	0.23662272
612	0.26717666
613	0.23507637
614	0.29767094
615	0.21401417
616	0.16928772
617	0.32403813
618	0.35410392
619	0.19205818
620	0.30091555
621	0.12555344
622	0.23248710
623	0.11573866
624	0.39033924
625	0.20425496
626	0.27826242
627	0.36303787
628	0.23914121
629	0.31349084
630	0.31942724
631	0.33638839
632	0.31345304
633	0.21081451
634	0.20970742
635	0.17801414
636	0.22201830
637	0.12949280
638	0.28378457
639	0.12875233
640	0.31542103
641	0.13361327
642	0.11557620
643	0.14084118
644	0.07855806
645	0.14077746
646	0.07792272
647	0.13899598
648	0.22684430
649	0.07764385
650	0.07800848
651	0.07809209
652	0.09428807
653	0.14520459
654	0.30357040
655	0.31380540
656	0.22005325
657	0.36690441
658	0.18009945
659	0.21387596
660	0.26857683
661	0.15283607
662	0.23396247
663	0.18777388
664	0.31133682
665	0.12642276
666	0.14028612
667	0.16993087
668	0.12757487
669	0.07940614
670	0.18714081
671	0.07875887
672	0.07932476
673	0.07822012
674	0.07843919
675	0.07825036
676	0.07896821
677	0.13190858
678	0.07896750
679	0.07804528
680	0.07778260
681	0.22357995
682	0.10142019
683	0.09694677
684	0.05776701
685	0.39640190
686	0.38019622
687	0.39768728
688	0.40604539
689	0.33948055
690	0.34366677
691	0.35225709
692	0.33312412
693	0.30466918
694	0.37508121
695	0.30752707
696	0.34168999
697	0.39554510
698	0.40491964
699	0.29324880
700	0.17689701
701	0.20878704
702	0.26193630
703	0.16385851
704	0.16579544
705	0.20523530
706	0.11416748
707	0.07086883
708	0.07032049
709	0.30233388
710	0.25463058
711	0.14689415
712	0.28890133
713	0.13166344
714	0.06672347
715	0.06708806
716	0.06747440
717	0.22737612
718	0.26564712
719	0.22657179
720	0.07632571
721	0.11565627
722	0.38509255
723	0.21644940
724	0.07758245
725	0.07821984
726	0.11779831
727	0.23649481
728	0.28732347
729	0.33799953
730	0.18276311
731	0.33518316
732	0.18858686
733	0.24523386
734	0.28491883
735	0.33541377
736	0.28264772
737	0.22439274
738	0.18825368
739	0.07859231
740	0.32716569
741	0.05336195
742	0.25610844
743	0.16683302
744	0.19943311
745	0.15931540
746	0.05338066
747	0.08070144
748	0.14696359
749	0.19140714
750	0.26862837
751	0.26582688
752	0.34962230
753	0.29295784
754	0.35342693
755	0.36428592
756	0.28014675
757	0.33132065
758	0.20918347
759	0.22467167
760	0.11174085
761	0.11303888
762	0.11135599
763	0.21928541
764	0.33274157
765	0.18531076
766	0.15480479
767	0.13405268
768	0.07788159
769	0.15741362
770	0.07789845
771	0.13017188
772	0.12835321
773	0.07805981
774	0.07788481
775	0.07900808
776	0.13838758
777	0.07890721
778	0.36818043
779	0.23745438
780	0.04893178
781	0.28428153
782	0.20271888
783	0.09482679
784	0.03352152
785	0.27070436
786	0.12862141
787	0.37498087
788	0.24796702
789	0.15093831
790	0.21555916
791	0.08812313
792	0.06790889
793	0.35256192
794	0.29140997
795	0.25116637
796	0.18049897
797	0.20356551
798	0.12465840
799	0.13562481
800	0.04262200
801	0.37121286
802	0.19260878
803	0.14839296
804	0.13037781
805	0.22986461
806	0.35894754
807	0.23647101
808	0.19230543
809	0.29335627
810	0.30029223
811	0.13514880
812	0.24643809
813	0.07493763
814	0.13871009
815	0.39705520
816	0.40106970
817	0.37582496
818	0.37436595
819	0.36986703
820	0.24858915
821	0.33839429
822	0.38109556
823	0.37370601
824	0.37436206
825	0.39440093
826	0.36965167
827	0.37528897
828	0.34889520
829	0.37396984
830	0.36654594
831	0.36034056
832	0.09767999
833	0.19689205
834	0.31773170
835	0.27364738
836	0.36627520
837	0.17150042
838	0.21290775
839	0.25483520
840	0.07493705
841	0.39501704
842	0.36520781
843	0.18314518
844	0.26911070
845	0.25046049
846	0.25945981
847	0.22374680
848	0.33378619
849	0.26454427
850	0.19006632
851	0.31582290
852	0.25080973
853	0.05821270
854	0.05693226
855	0.05730610
856	0.05393522
857	0.13526422
858	0.09319062
859	0.12320238
860	0.23749336
861	0.12142888
862	0.06043812
863	0.13145635
864	0.26086592
865	0.10817737
866	0.04696323
867	0.07846877
868	0.07731425
869	0.07779041
870	0.07922581
871	0.26160591
872	0.12173348
873	0.31775904
874	0.39106178
875	0.13975606
876	0.07254374
877	0.30788638
878	0.07363808
879	0.36254461
880	0.32328991
881	0.30428934
882	0.37775664
883	0.25606936
884	0.14658118
885	0.06907665
886	0.14231761
887	0.10454535
888	0.04570222
889	0.16796143
890	0.20757897
891	0.16768757
892	0.24768520
893	0.34349586
894	0.11070036
895	0.26952415
896	0.34329759
897	0.20026310
898	0.31599015
899	0.17281135
900	0.16756965
901	0.07591931
902	0.24963182
903	0.14478000
904	0.13058965
905	0.19534388
906	0.21747641
907	0.07369033
908	0.18382779
909	0.40240788
910	0.39307504
911	0.34999672
912	0.29645984
913	0.07761799
914	0.31151957
915	0.28090573
916	0.19234511
917	0.20782684
918	0.28237802
919	0.13357062
920	0.07779737
921	0.07946480
922	0.19316415
923	0.13939004
924	0.07785976
925	0.07846472
926	0.07850572
927	0.07802943
928	0.07985988
929	0.07908716
930	0.07933224
931	0.07724808
932	0.12081101
933	0.17277888
934	0.19922570
935	0.13986404
936	0.11416013
937	0.11337149
938	0.21816174
939	0.23258980
940	0.15927318
941	0.12677652
942	0.12360995
943	0.07490427
944	0.06595018
945	0.06444363
946	0.30821192
947	0.09803399
948	0.19515441
949	0.22942513
950	0.14177462
951	0.14028666
952	0.14227367
953	0.20550809
954	0.28074989
955	0.24029818
956	0.17287050
957	0.19870310
958	0.20715919
959	0.13337523
960	0.12142981
961	0.22686606
962	0.13966681
963	0.13946013
964	0.19149080
965	0.09102761
966	0.13863175
967	0.07693865
968	0.07827493
969	0.07964231
970	0.07896086
971	0.07830195
972	0.07917057
973	0.07826249
974	0.07861117
975	0.34650110
976	0.20303170
977	0.29650951
978	0.28733915
979	0.15100176
980	0.17684182
981	0.07518967
982	0.29059542
983	0.18528797
984	0.15359593
985	0.24690141
986	0.10828687
987	0.32467912
988	0.31531554
989	0.37519421
990	0.33996842
991	0.17523058
992	0.23281710
993	0.07126700
994	0.07049912
995	0.07034759
996	0.12605950
997	0.21148000
998	0.24189847
999	0.26922511
1000	0.34719873
1001	0.35729601
1002	0.28203087
1003	0.27478863
1004	0.16659577
1005	0.12485698
1006	0.22227754
1007	0.09227813
1008	0.31381113
1009	0.31967540
1010	0.06932551
1011	0.15326310
1012	0.37830536
1013	0.10920597
1014	0.22586531
1015	0.12021040
1016	0.04487442
1017	0.08706563
1018	0.04352284
1019	0.10995115
1020	0.04534676
1021	0.15274660
1022	0.36592107
1023	0.15091906
1024	0.13168114
1025	0.17690027
1026	0.13849380
1027	0.17514471
1028	0.19516640
1029	0.16341033
1030	0.07793884
1031	0.07830522
1032	0.07754904
1033	0.07794606
1034	0.11515996
1035	0.02742588
1036	0.11190213
1037	0.18402329
1038	0.19651506
1039	0.13807859
1040	0.08413603
1041	0.15861237
1042	0.26125202
1043	0.07027426
1044	0.32293254
1045	0.27905565
1046	0.04919153
1047	0.05063070
1048	0.05127011
1049	0.05024316
1050	0.04998360
1051	0.08274370
1052	0.07461948
1053	0.07571675
1054	0.17724012
1055	0.06038963
1056	0.06215716
1057	0.06270614
1058	0.30956437
1059	0.12741103
1060	0.26680761
1061	0.08898956
1062	0.26525693
1063	0.20300932
1064	0.29844206
1065	0.23438665
1066	0.12446305
1067	0.07332442
1068	0.07310044
1069	0.07359119
1070	0.07382833
1071	0.07378821
1072	0.07392250
1073	0.07396695
1074	0.07300116
1075	0.11148371
1076	0.21399629
1077	0.14191719
1078	0.31019083
1079	0.22435789
1080	0.10899606
1081	0.12122762
1082	0.12121536
1083	0.21338795
1084	0.07288137
1085	0.07210295
1086	0.25146548
1087	0.17036597
1088	0.17214282
1089	0.18531370
1090	0.27238918
1091	0.07251400
1092	0.04948078
1093	0.06487969
1094	0.22230356
1095	0.15550379
1096	0.33240653
1097	0.35051288
1098	0.34046969
1099	0.36820937
1100	0.27356244
1101	0.13580987
1102	0.38670493
1103	0.33960813
1104	0.18652201
1105	0.13936712
1106	0.11575531
1107	0.27561933
1108	0.35040468
1109	0.35960582
1110	0.18322984
1111	0.15323897
1112	0.31024374
1113	0.16794221
1114	0.27116571
1115	0.31882522
1116	0.26829853
1117	0.35509694
1118	0.28936558
1119	0.27769168
1120	0.22890682
1121	0.35900673
1122	0.13382167
1123	0.23908124
1124	0.18322587
1125	0.15323048
1126	0.07945074
1127	0.15181538
1128	0.07569183
1129	0.07843822
1130	0.07738641
1131	0.07869741
1132	0.07711806
1133	0.07765431
1134	0.30940327
1135	0.38077447
1136	0.19589683
1137	0.23464674
1138	0.38065083
1139	0.21838987
1140	0.33555178
1141	0.16664588
1142	0.30979031
1143	0.34513072
1144	0.36614592
1145	0.13988580
1146	0.11606520
1147	0.14175638
1148	0.22839320
1149	0.07841209
1150	0.07816915
1151	0.09887753
1152	0.21731363
1153	0.06728712
1154	0.06761019
1155	0.07098821
1156	0.22281369
1157	0.13322963
1158	0.30047307
1159	0.17101898
1160	0.20857815
1161	0.28870101
1162	0.07676375
1163	0.25197424
1164	0.22516598
1165	0.14024176
1166	0.10130650
1167	0.12618948
1168	0.20565112
1169	0.12197576
1170	0.34402128
1171	0.38194674
1172	0.14702514
1173	0.24815023
1174	0.09331441
1175	0.24956781
1176	0.39114974
1177	0.34632338
1178	0.10048645
1179	0.29915857
1180	0.15303737
1181	0.04013979
1182	0.04086593
1183	0.28691572
1184	0.21842227
1185	0.10138481
1186	0.03961950
1187	0.02169992
1188	0.33944692
1189	0.21380651
1190	0.15381409
1191	0.17386746
1192	0.12616085
1193	0.07087554
1194	0.10553915
1195	0.07956906
1196	0.13468410
1197	0.07721587
1198	0.32846042
1199	0.10937991
1200	0.32072226
1201	0.37512525
1202	0.28651504
1203	0.26471518
1204	0.13923103
1205	0.15805167
1206	0.16769009
1207	0.19852227
1208	0.33043319
1209	0.10619140
1210	0.07841272
1211	0.13689572
1212	0.15805133
1213	0.07828859
1214	0.21212460
1215	0.18951722
1216	0.07733080
1217	0.13369509
1218	0.18013534
1219	0.12295180
1220	0.26654242
1221	0.22780707
1222	0.18133647
1223	0.13127901
1224	0.13958741
1225	0.07882311
1226	0.07899640
1227	0.18725042
1228	0.07929351
1229	0.07832149
1230	0.05235210
1231	0.20879886
1232	0.11111836
1233	0.06104034
1234	0.01583076
1235	0.08836299
1236	0.17925752
1237	0.09435782
1238	0.07228239
1239	0.07234046
1240	0.35374433
1241	0.15793737
1242	0.05474886
1243	0.05461663
1244	0.12584865
1245	0.23598811
1246	0.09969138
1247	0.07757739
1248	0.09877772
1249	0.36987339
1250	0.10037408
1251	0.08506996
1252	0.06216925
1253	0.26162953
1254	0.08996331
1255	0.12677920
1256	0.06546840
1257	0.23202428
1258	0.07173668
1259	0.17742818
1260	0.12956369
1261	0.12995192
1262	0.29249220
1263	0.14086728
1264	0.07689651
1265	0.07899511
1266	0.07803459
1267	0.07754326
1268	0.07880906
1269	0.07704467
1270	0.07838864
1271	0.19281908
1272	0.07000185
1273	0.03481215
1274	0.13230740
1275	0.09088089
1276	0.17031020
1277	0.07309335
1278	0.08171571
1279	0.08273228
1280	0.03603635
1281	0.04608846
1282	0.05415320
1283	0.40441547
1284	0.36985983
1285	0.29165665
1286	0.14111268
1287	0.33076625
1288	0.14028271
1289	0.29970362
1290	0.19179527
1291	0.26436613
1292	0.34172966
1293	0.14252626
1294	0.07854500
1295	0.12566347
1296	0.19513779
1297	0.27819893
1298	0.13410325
1299	0.16792942
1300	0.13299606
1301	0.30673975
1302	0.20591417
1303	0.13240359
1304	0.14863020
1305	0.14806460
1306	0.14869513
1307	0.11213546
1308	0.11211865
1309	0.14678703
1310	0.14724624
1311	0.14679443
1312	0.11093842
1313	0.14707491
1314	0.14826679
1315	0.14771939
1316	0.06919737
1317	0.06843058
1318	0.06898909
1319	0.06900184
1320	0.35021034
1321	0.16115535
1322	0.10096714
1323	0.07507951
1324	0.13164363
1325	0.21735844
1326	0.22409070
1327	0.24741774
1328	0.21713039
1329	0.23559202
1330	0.21417763
1331	0.19519176
1332	0.19800585
1333	0.12541864
1334	0.06746385
1335	0.15766110
1336	0.12545245
1337	0.21519396
1338	0.17776872
1339	0.36676382
1340	0.19075338
1341	0.23493636
1342	0.29183027
1343	0.14123285
1344	0.11357312
1345	0.07901636
1346	0.07889642
1347	0.07717327
1348	0.07795960
1349	0.21822230
1350	0.07858959
1351	0.07690727
1352	0.07833051
1353	0.14841638
1354	0.14610789
1355	0.06532496
1356	0.11513691
1357	0.10960612
1358	0.15340865
1359	0.06533762
1360	0.05365290
1361	0.03647809
1362	0.09622006
1363	0.19080238
1364	0.07861717
1365	0.12846226
1366	0.17281593
1367	0.09448183
1368	0.05062033
1369	0.04995075
1370	0.14401785
1371	0.03973908
1372	0.03104113
1373	0.04177817
1374	0.06312407
1375	0.06292354
1376	0.02867678
1377	0.21067339
1378	0.20922321
1379	0.20986940
1380	0.28281255
1381	0.21043161
1382	0.22779973
1383	0.20984432
1384	0.20980693
1385	0.23834600
1386	0.20939757
1387	0.07097931
1388	0.17236510
1389	0.07769105
1390	0.19656022
1391	0.08506577
1392	0.05122062
1393	0.20589181
1394	0.06609821
1395	0.06532656
1396	0.37147442
1397	0.18906267
1398	0.07600674
1399	0.17095022
1400	0.18025371
1401	0.05128198
1402	0.10769135
1403	0.06728271
1404	0.06721199
1405	0.06745916
1406	0.06897406
1407	0.15925560
1408	0.18544427
1409	0.21783008
1410	0.29301662
1411	0.11668943
1412	0.07900754
1413	0.07716028
1414	0.07691070
1415	0.17016097
1416	0.07990107
1417	0.21882523
1418	0.18064044
1419	0.07112838
1420	0.12946493
1421	0.15923603
1422	0.13080110
1423	0.12919585
1424	0.07167900
1425	0.12498908
1426	0.15044388
1427	0.12922764
1428	0.12933360
1429	0.13694766
1430	0.16521172
1431	0.16727715
1432	0.25393498
1433	0.13871164
1434	0.07035319
1435	0.30079896
1436	0.29970469
1437	0.07565893
1438	0.11571526
1439	0.18160328
1440	0.13820309
1441	0.17339601
1442	0.16761637
1443	0.03012835
1444	0.07572921
1445	0.10489717
1446	0.03573701
1447	0.03559605
1448	0.04675573
1449	0.04171856
1450	0.04237010
1451	0.07007164
1452	0.06953546
1453	0.07085800
1454	0.25030683
1455	0.13630860
1456	0.24767562
1457	0.11979110
1458	0.12584879
1459	0.22126261
1460	0.12192611
1461	0.10662781
1462	0.06340646
1463	0.06971050
1464	0.07784618
1465	0.07693049
1466	0.27269911
1467	0.12413066
1468	0.12363512
1469	0.18053912
1470	0.07750187
1471	0.07561986
1472	0.07639866
1473	0.07645702
1474	0.07779603
1475	0.18956925
1476	0.17823790
1477	0.13737625
1478	0.07862091
1479	0.07673090
1480	0.17597180
1481	0.13870065
1482	0.28156573
1483	0.07686716
1484	0.14050706
1485	0.07591890
1486	0.07681747
1487	0.07680600
1488	0.07672884
1489	0.07614647
1490	0.20011069
1491	0.31067737
1492	0.08552244
1493	0.05451816
1494	0.14820923
1495	0.12892792
1496	0.23864876
1497	0.07659207
1498	0.07790956
1499	0.07693495
1500	0.07645093
1501	0.07756623
1502	0.07746357
1503	0.09189991
1504	0.15438169
1505	0.09136119
1506	0.14228933
1507	0.04810490
1508	0.08067877
1509	0.12572450
1510	0.11677460
1511	0.16600575
1512	0.13668583
1513	0.10170719
1514	0.09411393
1515	0.07106488
1516	0.07745645
1517	0.06664980
1518	0.07277736
1519	0.05533686
1520	0.05641359
1521	0.05640653
1522	0.05677593
1523	0.05635039
1524	0.05684936
1525	0.12809990
1526	0.14085390
1527	0.09521115
1528	0.13127521
1529	0.07771438
1530	0.07626190
1531	0.07770630
1532	0.07525767
1533	0.07685683
1534	0.15102070
1535	0.03946401
1536	0.07620567
1537	0.07597543
1538	0.08949941
1539	0.18545270
1540	0.15860466
1541	0.12520582
1542	0.06659126
1543	0.06631734
1544	0.06619759
1545	0.06733022
1546	0.06520509
1547	0.10893900
1548	0.10814688
1549	0.11601829
1550	0.07715475
1551	0.16682969
1552	0.06302392
1553	0.02545267
1554	0.02594436
1555	0.02456923
1556	0.02540713
1557	0.20263843
1558	0.19053706
1559	0.14334813
1560	0.07588820
1561	0.07653955
1562	0.07526873
1563	0.07685210
1564	0.07673069
1565	0.07709324
1566	0.07758912
1567	0.12635113
1568	0.13778444
1569	0.15132643
1570	0.10414444
1571	0.11600667
1572	0.06830032
1573	0.23245923
1574	0.04521190
1575	0.09632781
1576	0.20929113
1577	0.10828138
1578	0.25569237
1579	0.07008567
1580	0.09701379
1581	0.11630297
1582	0.07382655
1583	0.15920165
1584	0.16059086
1585	0.10651446
1586	0.12463405
1587	0.14062902
1588	0.18187969
1589	0.08923035
1590	0.12533098
1591	0.05963933
1592	0.05835969
1593	0.06111099
1594	0.08595183
1595	0.07630835
1596	0.13512471
1597	0.07324205
1598	0.07161844
1599	0.29639312
1600	0.17747907
1601	0.07382413
1602	0.13584129
1603	0.07128621
1604	0.07271480
1605	0.07209251
1606	0.24978279
1607	0.16324044
1608	0.17956154
1609	0.13677632
1610	0.19160915
1611	0.12078946
1612	0.15126295
1613	0.18920234
1614	0.07824885
1615	0.14037291
1616	0.07810517
1617	0.13491372
1618	0.07855574
1619	0.07786419
1620	0.14049607
1621	0.07742310
1622	0.20737577
1623	0.07141593
1624	0.24916298
1625	0.12899704
1626	0.07397129
1627	0.07178078
1628	0.07007894
1629	0.07095839
1630	0.07157000
1631	0.06988910
1632	0.07103058
1633	0.04796462
1634	0.15585058
1635	0.06421368
1636	0.12565778
1637	0.13545957
1638	0.07714636
1639	0.07714817
1640	0.09890972
1641	0.07219558
1642	0.14148594
1643	0.20312386
1644	0.13133827
1645	0.07837305
1646	0.07768595
1647	0.07819762
1648	0.05657276
1649	0.03781719
1650	0.08383768
1651	0.06588935
1652	0.28880176
1653	0.14041939
1654	0.07728550
1655	0.10480379
1656	0.07785942
1657	0.08265377
1658	0.20612214
1659	0.16337769
1660	0.13352862
1661	0.07820281
1662	0.14799937
1663	0.07836230
1664	0.07795796
1665	0.07872067
1666	0.07887978
1667	0.14811790
1668	0.14735913
1669	0.13965270
1670	0.07537532
1671	0.07370620
1672	0.07185695
1673	0.11093757
1674	0.12736421
1675	0.07180888
1676	0.11916515
1677	0.07088084
1678	0.09021998
1679	0.06716686
1680	0.14738648
1681	0.28209886
1682	0.13248502
1683	0.08038962
1684	0.07328102
1685	0.04581318
1686	0.04644121
1687	0.03578967
1688	0.02101389
1689	0.16015636
1690	0.07447069
1691	0.07873855
1692	0.13611425
1693	0.14880620
1694	0.14115598
1695	0.14293004
1696	0.07427985
1697	0.14698734
1698	0.13848125
1699	0.09145603
1700	0.04490436
1701	0.09965526
1702	0.10196499
1703	0.07774354
1704	0.07845344
1705	0.07720141
1706	0.05566794
1707	0.03689938
1708	0.03733199
1709	0.03772397
1710	0.02729332
1711	0.04551789
1712	0.03494156
1713	0.02422790
1714	0.06445938
1715	0.12455979
1716	0.11751303
1717	0.13806658
1718	0.02876441
1719	0.01820260
1720	0.07940440
1721	0.05961126
1722	0.13211386
1723	0.09444536
1724	0.07745697
1725	0.07566254
1726	0.07546038
1727	0.07609980
1728	0.07600539
1729	0.07710562
1730	0.02836911
1731	0.11060833
1732	0.05435723
1733	0.05355733
1734	0.05394487
1735	0.11034728
1736	0.07174408
1737	0.07142027
1738	0.06120858
1739	0.06145148
1740	0.06119648
1741	0.07731880
1742	0.07529684
1743	0.07123362
1744	0.12729353
1745	0.07820141
1746	0.23485272
1747	0.09704395
1748	0.04696024
1749	0.08197024
1750	0.04769800
1751	0.04860788
1752	0.04833371
1753	0.07641750
1754	0.13590048
1755	0.18152357
1756	0.17166881
1757	0.17156211
1758	0.17174516
1759	0.17025455
1760	0.06915362
1761	0.07677208
1762	0.07619024
1763	0.09655759
1764	0.08559344
1765	0.14643808
1766	0.14602367
1767	0.09851063
1768	0.07469316
1769	0.07612013
1770	0.07492951
1771	0.07628093
1772	0.05186493
1773	0.04456823
1774	0.04463397
1775	0.04404790
1776	0.04462891
1777	0.19401580
1778	0.16929817
1779	0.12684339
1780	0.15831888
1781	0.12551768
1782	0.18718104
1783	0.25040668
1784	0.06591453
1785	0.04343893
1786	0.18959987
1787	0.02776367
1788	0.07381033
1789	0.07556080
1790	0.03139144
1791	0.03069117
1792	0.04254324
1793	0.12660699
1794	0.19288513
1795	0.04872829
1796	0.04760012
1797	0.13515129
1798	0.07076124
1799	0.07124612
1800	0.06102591
1801	0.02932121
1802	0.02916442
1803	0.04204115
1804	0.03095173
1805	0.12423861
1806	0.04407870
1807	0.06583811
1808	0.02232264
1809	0.12269674
1810	0.07251371
1811	0.06135688
1812	0.05637781
1813	0.11537843
1814	0.06437910
1815	0.06731409
1816	0.14240916
1817	0.08425448
1818	0.06640997
1819	0.11294706
1820	0.08949029
1821	0.08897458
1822	0.04382751
1823	0.04977089
1824	0.06619356
1825	0.06538580
1826	0.05483361
1827	0.04623706
1828	0.05431556
1829	0.11549191
1830	0.26364219
1831	0.06613464
1832	0.08885652
1833	0.07710634
1834	0.07822662
1835	0.07651893
1836	0.07789293
1837	0.07807757
1838	0.07743888
1839	0.07833491
1840	0.12678728
1841	0.10662816
1842	0.09177657
1843	0.04332214
1844	0.03150287
1845	0.02520223
1846	0.19607131
1847	0.04721649
1848	0.18985902
1849	0.07169539
1850	0.06918579
1851	0.06886218
1852	0.06894025
1853	0.06801620
1854	0.06798734
1855	0.06846116
1856	0.07001932
1857	0.08037805
1858	0.03572716
1859	0.03091340
1860	0.07072987
1861	0.03139095
1862	0.13964312
1863	0.09773501
1864	0.03921020
1865	0.03995904
1866	0.02960693
1867	0.00644469
1868	0.04975259
1869	0.04980698
1870	0.09562448
1871	0.04029571
1872	0.06900486
1873	0.09580201
1874	0.07050983
1875	0.07235619
1876	0.06934853
1877	0.07030500
1878	0.15345340
1879	0.04305091
1880	0.04236699
1881	0.04329962
1882	0.04221476
1883	0.05418135
1884	0.08877337
1885	0.07380054
1886	0.07257030
1887	0.07346199
1888	0.07248611
1889	0.08668813
1890	0.07686094
1891	0.06780267
1892	0.06624592
1893	0.06743080
1894	0.06794729
1895	0.05957685
1896	0.05937036
1897	0.08805862
1898	0.05899265
1899	0.00967531
1900	0.06795442
1901	0.04488048
1902	0.08343272
1903	0.04559388
1904	0.05338019
1905	0.10748355
1906	0.06006906
1907	0.02767254
1908	0.07080908
1909	0.07053215
1910	0.07369441
1911	0.07178748
1912	0.05129730
1913	0.04871414
1914	0.04892209
1915	0.02441446
1916	0.09323837
1917	0.07029581
1918	0.07052600
1919	0.07034035
1920	0.07058540
1921	0.07357516
1922	0.07232013
1923	0.00855621
1924	0.08010887
1925	0.01566275
1926	0.09815688
1927	0.03685688
1928	0.10865307
1929	0.04679696
1930	0.04655572
1931	0.04725214
1932	0.04555355
1933	0.04715358
1934	0.04711107
1935	0.07569020
1936	0.01495826
1937	0.03366752
1938	0.08971291
1939	0.06855808
1940	0.06981871
1941	0.12033930
1942	0.05149751
1943	0.05298554
1944	0.01452974
1945	0.05874908
1946	0.05913365
1947	0.05927804
1948	0.05832831
1949	0.05391302
1950	0.05833171
1951	0.02534664
1952	0.03763037
1953	0.05677614
1954	0.04249403
1955	0.04208663
1956	0.11727361
1957	0.07301816
1958	0.06878290
1959	0.05662475
1960	0.07604325
1961	0.01835851
1962	0.09347667
1963	0.06144732
1964	0.06332771
1965	0.03710951
1966	0.03069369
1967	0.00973617
1968	0.02541662
1969	0.03514136
1970	0.03581367
1971	0.09372510
1972	0.08729910
1973	0.01949700
1974	0.01909076
1975	0.02174616
1976	0.14360775
1977	0.05651080
1978	0.02509093
1979	0.00600141
1980	0.01310413
1981	0.01501415
1982	0.04938846
1983	0.02661928
1984	0.02783414
1985	0.04781864
1986	0.04780846
1987	0.06667268
1988	0.01722809
1989	0.02125442
1990	0.07182350
1991	0.02134535
1992	0.01319598
1993	0.00307299
1994	0.00298692
1995	0.05743287
1996	0.05851541
1997	0.05803203
1998	0.04152748
1999	0.01699726
2000	0.09900134
2001	0.03596121
2002	0.06885498
2003	0.03455122
2004	0.03358596
2005	0.03444504
2006	0.03388092
2007	0.23435282
2008	0.23581081
2009	0.12289652
2010	0.20478795
2011	0.01459555
2012	0.04863720
2013	0.04791060
2014	0.04607718
2015	0.04495267
2016	0.04494804
2017	0.02765964
2018	0.02705521
2019	0.02737326
2020	0.07298133
2021	0.03954866
2022	0.03897835
2023	0.05477508
2024	0.04734356
2025	0.04896285
2026	0.01558563
2027	0.05698102
2028	0.05692826
2029	0.06426227
2030	0.04338713
2031	0.04260350
2032	0.04177523
2033	0.04190873
2034	0.04225984
2035	0.04208522
2036	0.04163691
2037	0.04200646
2038	0.06096683
2039	0.06211406
2040	0.06133031
2041	0.01527670
2042	0.03780522
2043	0.01544304
2044	0.01547743
2045	0.06430460
2046	0.06440350
2047	0.01423382
2048	0.01673728
2049	0.03316621
2050	0.06859000
2051	0.06893136
2052	0.02892854
2053	0.02922049
2054	0.04465829
2055	0.01928902
2056	0.05613157
2057	0.07704771
2058	0.06494658
2059	0.11635674
2060	0.11521377
2061	0.11728085
2062	0.06363623
2063	0.06097246
2064	0.06027531
2065	0.06093167
2066	0.04938969
2067	0.04924766
2068	0.05032199
2069	0.03746260
2070	0.01518938
2071	0.03329328
2072	0.02683763
2073	0.06223970
2074	0.05817233
2075	0.05692531
2076	0.05487909
2077	0.05424798
2078	0.05408325
2079	0.10001487
2080	0.05922694
2081	0.03278088
2082	0.03776786
2083	0.03805670
2084	0.03761280
2085	0.04169138
2086	0.02549588
2087	0.03771133
2088	0.03654660
2089	0.03593478
2090	0.03772844
2091	0.03721683
2092	0.03611629
2093	0.03724483
2094	0.03820777
2095	0.02352907
2096	0.01435134
2097	0.01493419
2098	0.03855520
2099	0.00993070
2100	0.02777468
2101	0.01497916
2102	0.03290085
2103	0.01410338
2104	0.04474651
2105	0.02729469
2106	0.03870742
2107	0.01891407
2108	0.04047936
2109	0.01973549
2110	0.02297111
2111	0.02325346
2112	0.02844160
2113	0.02803397
2114	0.03416288
2115	0.03486240
2116	0.03441034
2117	0.01549972
2118	0.01530399
2119	0.01546504
2120	0.01567153
2121	0.01509196
2122	0.04379189
2123	0.05619591
2124	0.02963125
2125	0.04872691
2126	0.01492884
2127	0.02531809
2128	0.03190403
2129	0.01226329
2130	0.01051696
2131	0.00952093
2132	0.01070392
2133	0.00862351
2134	0.01034730
2135	0.01091245
2136	0.00653894
2137	0.01245884
2138	0.00861719
2139	0.01484926
2140	0.03295553
2141	0.03340616
2142	0.03336978
2143	0.01517853
2144	0.01436269
2145	0.02753403
2146	0.01525252
2147	0.01760567
2148	0.03372068
2149	0.03014999
2150	0.02942618
2151	0.03208228
2152	0.01638398
2153	0.01718862
2154	0.03354760
2155	0.01382946
2156	0.03147328
2157	0.08269807
2158	0.03965737
2159	0.01563481
2160	0.01298248
2161	0.01265097
2162	0.03846122
2163	0.01660100
2164	0.01647710
2165	0.01698670
2166	0.03445688
2167	0.01709067
2168	0.00756992
2169	0.00785395
2170	0.00768255
2171	0.00780933
2172	0.01043691
2173	0.02172348
2174	0.02428375
2175	0.02522203
2176	0.00735470
2177	0.00760374
2178	0.00758460
2179	0.01756728
2180	0.01744915
2181	0.01400690
2182	0.00389591
2183	0.00909395
2184	0.00303781
2185	0.00335296
2186	0.00336049
2187	0.00331344
2188	0.03344986
2189	0.02222688
2190	0.01419478
2191	0.00329919
2192	0.00353796
2193	0.00315576
2194	0.00314821
2195	0.00298433
2196	0.00953483
2197	0.01255884
2198	0.01187215
2199	0.00712243
2200	0.00753409
2201	0.00759747
2202	0.00760835
2203	0.00884450
2204	0.01433708
2205	0.00243974
2206	0.00246549
2207	0.00227290
2208	0.00237859
2209	0.00231759
2210	0.00219201
2211	0.00528038
2212	0.00547280
2213	0.00216372
2214	0.00788344
2215	0.00791163
2216	0.00629081
2217	0.00348819
2218	0.00358818
2219	0.00334666
2220	0.00256861
2221	0.00602745
2222	0.00337856
2223	0.00316987
