1	0.01979619
2	0.03621057
3	0.04075280
4	0.05944308
5	0.08520265
6	0.01668340
7	0.15574529
8	0.12705807
9	0.01851871
10	0.09518812
11	0.20814499
12	0.19746686
13	0.20778161
14	0.07933390
15	0.04112467
16	0.04792638
17	0.14660286
18	0.19195720
19	0.04555753
20	0.14336011
21	0.01812845
22	0.03059251
23	0.03204605
24	0.00663631
25	0.06262300
26	0.10103760
27	0.04029252
28	0.02887290
29	0.01452865
30	0.18056830
31	0.20872968
32	0.15177805
33	0.17783838
34	0.03560944
35	0.15401005
36	0.13085285
37	0.02547966
38	0.02025319
39	0.04290879
40	0.07919417
41	0.14051390
42	0.00510386
43	0.02433737
44	0.01688532
45	0.14378043
46	0.00821974
47	0.04039041
48	0.06872699
49	0.02220502
50	0.20292443
51	0.07512546
52	0.02434943
53	0.03402156
54	0.20876183
55	0.08081291
56	0.20275856
57	0.10958236
58	0.01021016
59	0.04970525
60	0.10980513
61	0.04013312
62	0.06960766
63	0.20850658
64	0.00246456
65	0.00105122
66	0.10726892
67	0.20873941
68	0.11264374
69	0.02263169
70	0.19665417
71	0.03729339
72	0.02732977
73	0.06236325
74	0.01556294
75	0.01722321
76	0.07128206
77	0.06657900
78	0.02607980
79	0.11868760
80	0.10870914
81	0.04162407
82	0.08838894
83	0.19348615
84	0.01338586
85	0.06696939
86	0.01543769
87	0.07419919
88	0.00502657
89	0.07042308
90	0.05631460
91	0.03932297
92	0.20681114
93	0.11202205
94	0.02426719
95	0.02955365
96	0.00967234
97	0.01194079
98	0.00283953
99	0.10172774
100	0.02020611
101	0.08537205
102	0.01683868
103	0.04091710
104	0.00833240
105	0.06552142
106	0.05649120
107	0.03752140
108	0.16574964
109	0.02602407
110	0.05924271
111	0.02158223
112	0.01346710
113	0.04568075
114	0.09955193
115	0.09827872
116	0.08197747
117	0.03985937
118	0.20860086
119	0.00138999
120	0.02113646
121	0.10736936
122	0.15004580
123	0.20832204
124	0.15408989
125	0.19047617
126	0.03627748
127	0.01766594
128	0.00413606
129	0.01801227
130	0.05529626
131	0.04861288
132	0.13749202
133	0.15052995
134	0.06335984
135	0.11162676
136	0.19303531
137	0.06803016
138	0.00069767
139	0.00069918
140	0.09234030
141	0.15674107
142	0.20837213
143	0.17677547
144	0.05047467
145	0.01014593
146	0.10881307
147	0.17497161
148	0.16371125
149	0.04142496
150	0.20824590
151	0.04969417
152	0.04044170
153	0.14060155
154	0.04027435
155	0.07780980
156	0.06919020
157	0.17390808
158	0.04366626
159	0.20738233
160	0.07105172
161	0.04690823
162	0.02598599
163	0.03761311
164	0.19731605
165	0.05207253
166	0.14586404
167	0.03227217
168	0.16529231
169	0.00151275
170	0.00517504
171	0.15832805
172	0.05883211
173	0.12730208
174	0.11177421
175	0.17594456
176	0.05507667
177	0.08781746
178	0.03811061
179	0.00070022
180	0.00069748
181	0.17000484
182	0.01910897
183	0.00427556
184	0.07485815
185	0.01552190
186	0.01688034
187	0.04729185
188	0.19401237
189	0.14850018
190	0.03654676
191	0.07000346
192	0.02244314
193	0.03876843
194	0.12286666
195	0.02360239
196	0.20878920
197	0.16231233
198	0.11691443
199	0.13997224
200	0.04094381
201	0.16597158
202	0.12325415
203	0.02368351
204	0.14871408
205	0.03146633
206	0.20160712
207	0.09745894
208	0.12379899
209	0.13297517
210	0.03666633
211	0.08157386
212	0.03539335
213	0.00950124
214	0.05949422
215	0.03689755
216	0.19286047
217	0.02491669
218	0.01241703
219	0.06373883
220	0.01460474
221	0.07349491
222	0.17758764
223	0.06077034
224	0.08321443
225	0.01628124
226	0.03605510
227	0.01739719
228	0.12894118
229	0.10907198
230	0.09102522
231	0.16455236
232	0.03233156
233	0.10641151
234	0.16314968
235	0.13027229
236	0.02573490
237	0.00151794
238	0.01646444
239	0.08259614
240	0.09989792
241	0.02071504
242	0.00442658
243	0.03875359
244	0.20651830
245	0.20201999
246	0.17770423
247	0.16976343
248	0.00533604
249	0.00750792
250	0.02071376
251	0.03928701
252	0.20644022
253	0.11868456
254	0.03218069
255	0.15222615
256	0.17302669
257	0.15287583
258	0.01765256
259	0.00409358
260	0.04143775
261	0.06701729
262	0.11928563
263	0.12167143
264	0.05759212
265	0.04610506
266	0.05748648
267	0.14998749
268	0.16633226
269	0.20699814
270	0.06569300
271	0.08357328
272	0.10338781
273	0.02043129
274	0.01313748
275	0.06673050
276	0.01600509
277	0.04479243
278	0.00876415
279	0.09640823
280	0.19227030
281	0.04865750
282	0.06640200
283	0.03703502
284	0.03359943
285	0.15005710
286	0.13533423
287	0.01417171
288	0.14498025
289	0.18545352
290	0.13994868
291	0.00631936
292	0.03101946
293	0.03976336
294	0.03157630
295	0.00645431
296	0.01757675
297	0.00392429
298	0.00939844
299	0.04614172
300	0.15952202
301	0.03666883
302	0.04478601
303	0.11693363
304	0.14018843
305	0.00324665
306	0.01524129
307	0.04281999
308	0.06500305
309	0.06370073
310	0.02026402
311	0.05118383
312	0.11993928
313	0.10260253
314	0.20642431
315	0.17584367
316	0.03511128
317	0.18396502
318	0.11925689
319	0.20775882
320	0.08695415
321	0.12807665
322	0.13416665
323	0.08082318
324	0.01814215
325	0.09698919
326	0.06846641
327	0.10770315
328	0.19403992
329	0.01844478
330	0.10948451
331	0.04324022
332	0.07952091
333	0.14171039
334	0.04923290
335	0.10170679
336	0.06473256
337	0.02041157
338	0.13594904
339	0.05423596
340	0.01070946
341	0.09839945
342	0.20119449
343	0.02861204
344	0.16837007
345	0.01924637
346	0.11624644
347	0.20674275
348	0.00845038
349	0.16881362
350	0.05991219
351	0.01164394
352	0.07175042
353	0.13033159
354	0.03964166
355	0.16990204
356	0.03791891
357	0.14204998
358	0.05699978
359	0.00395145
360	0.01707488
361	0.03167763
362	0.08614658
363	0.03934594
364	0.00816695
365	0.03449811
366	0.07395994
367	0.07479469
368	0.01474937
369	0.00183702
370	0.00681637
371	0.08132966
372	0.05619896
373	0.15127273
374	0.03758125
375	0.07088621
376	0.03422791
377	0.07563404
378	0.14246247
379	0.06948264
380	0.03974396
381	0.00112050
382	0.00319671
383	0.04224674
384	0.12148585
385	0.06843906
386	0.03968717
387	0.04336920
388	0.01424193
389	0.14779509
390	0.00240047
391	0.11939918
392	0.06950819
393	0.04846689
394	0.12236147
395	0.12915304
396	0.01902254
397	0.07025007
398	0.04315741
399	0.02901220
400	0.13838870
401	0.09189716
402	0.13793387
403	0.01641699
404	0.01254195
405	0.06758015
406	0.07585723
407	0.17926785
408	0.15187984
409	0.05032722
410	0.02220219
411	0.02207565
412	0.07123061
413	0.01383862
414	0.06857551
415	0.01154735
416	0.07084256
417	0.08260369
418	0.07181830
419	0.18452340
420	0.10975970
421	0.11849868
422	0.08952999
423	0.00628909
424	0.02615565
425	0.01598229
426	0.05698343
427	0.01993945
428	0.03018763
429	0.19869501
430	0.00069753
431	0.00069735
432	0.02385440
433	0.01146970
434	0.02927880
435	0.01005923
436	0.07803046
437	0.13086831
438	0.03905285
439	0.03391903
440	0.00069957
441	0.00069916
442	0.00555551
443	0.13345359
444	0.01349585
445	0.04012423
446	0.01466620
447	0.03822130
448	0.08857317
449	0.08539244
450	0.04288672
451	0.03708865
452	0.16142368
453	0.03857863
454	0.13266993
455	0.15983353
456	0.00818859
457	0.04007610
458	0.10382176
459	0.02050510
460	0.01713257
461	0.03938107
462	0.08695464
463	0.08567220
464	0.05738185
465	0.15999544
466	0.01343957
467	0.06884843
468	0.03895203
469	0.15017914
470	0.10923301
471	0.09773467
472	0.03381075
473	0.04290478
474	0.13852642
475	0.20619549
476	0.07380091
477	0.02099725
478	0.18301115
479	0.08756962
480	0.12585911
481	0.17461048
482	0.01145469
483	0.02190639
484	0.01496635
485	0.09833314
486	0.01172782
487	0.17415733
488	0.01782749
489	0.16889111
490	0.02116218
491	0.04606494
492	0.08557941
493	0.01648891
494	0.17708041
495	0.07817584
496	0.01381423
497	0.04001079
498	0.01692604
499	0.04652542
500	0.20233356
501	0.03170471
502	0.01635346
503	0.02628498
504	0.07326174
505	0.02006965
506	0.09389354
507	0.07335435
508	0.02985154
509	0.00641672
510	0.16608079
511	0.17109026
512	0.00832114
513	0.04087216
514	0.02870517
515	0.03797844
516	0.02223184
517	0.04972145
518	0.01616853
519	0.03782089
520	0.17353898
521	0.10780914
522	0.02050293
523	0.08234009
524	0.02329199
525	0.00482131
526	0.00462678
527	0.02099198
528	0.05378222
529	0.01096260
530	0.09042426
531	0.02292880
532	0.04084111
533	0.05096977
534	0.03267699
535	0.19632611
536	0.00069848
537	0.00069742
538	0.03130989
539	0.09599645
540	0.01908011
541	0.01669892
542	0.09334457
543	0.01690011
544	0.01162880
545	0.14685131
546	0.17105447
547	0.01300856
548	0.01657183
549	0.04559479
550	0.08463920
551	0.07331163
552	0.03077597
553	0.05162729
554	0.03670620
555	0.00799312
556	0.00199871
557	0.09027015
558	0.03657308
559	0.00741760
560	0.05192642
561	0.03976871
562	0.02895887
563	0.11632528
564	0.03187906
565	0.07240408
566	0.07270948
567	0.02408170
568	0.01676286
569	0.09894251
570	0.06688090
571	0.04400796
572	0.00081032
573	0.00071891
574	0.05681519
575	0.01023086
576	0.04217080
577	0.03095605
578	0.04192001
579	0.19559721
580	0.04125120
581	0.04364318
582	0.05097212
583	0.01022315
584	0.01240973
585	0.06242049
586	0.03978254
587	0.02985775
588	0.00377886
589	0.01274866
590	0.01844701
591	0.03216758
592	0.00627143
593	0.00168409
594	0.03179461
595	0.06393785
596	0.09573130
597	0.10518934
598	0.04776587
599	0.11583877
600	0.03827060
601	0.14892691
602	0.11581120
603	0.14247927
604	0.01645215
605	0.02519825
606	0.05519927
607	0.03735299
608	0.03725558
609	0.18149028
610	0.07151479
611	0.03796974
612	0.02861837
613	0.11316785
614	0.01228080
615	0.06136230
616	0.07179766
617	0.04739360
618	0.06882182
619	0.03939846
620	0.00253327
621	0.01058271
622	0.01366626
623	0.00387426
624	0.07009305
625	0.02261944
626	0.03666626
627	0.09163873
628	0.09115676
629	0.04311433
630	0.03966751
631	0.00787544
632	0.01662331
633	0.04353131
634	0.13996962
635	0.02857832
636	0.06402304
637	0.02597320
638	0.04224249
639	0.05553193
640	0.01346251
641	0.07597987
642	0.01523358
643	0.00756227
644	0.02105218
645	0.00439965
646	0.03435411
647	0.00356883
648	0.00781324
649	0.00975165
650	0.09744148
651	0.05891780
652	0.06214067
653	0.11337598
654	0.00755523
655	0.00547308
656	0.00158657
657	0.06567074
658	0.03419203
659	0.07143756
660	0.01572623
661	0.17416267
662	0.13554655
663	0.05666700
664	0.02451899
665	0.09077170
666	0.13578415
667	0.00212008
668	0.02689436
669	0.02911259
670	0.04306252
671	0.03982707
672	0.00767843
673	0.00231826
674	0.06397012
675	0.01281753
676	0.04064646
677	0.03929678
678	0.02022728
679	0.06783093
680	0.06713440
681	0.02884999
682	0.05106802
683	0.12609455
684	0.05246767
685	0.04098458
686	0.02852928
687	0.03394009
688	0.11372090
689	0.02937964
690	0.00612488
691	0.04390177
692	0.03404740
693	0.09672645
694	0.05266985
695	0.17402543
696	0.05670966
697	0.00853566
698	0.06904327
699	0.01147246
700	0.05885052
701	0.03950635
702	0.02993365
703	0.03276011
704	0.04647606
705	0.07648716
706	0.00892628
707	0.04377216
708	0.07082083
709	0.07239288
710	0.07537641
711	0.06155726
712	0.04328447
713	0.11127741
714	0.05687096
715	0.04601169
716	0.01484926
717	0.02107685
718	0.01410703
719	0.16067873
720	0.05371742
721	0.18319476
722	0.01416381
723	0.04813236
724	0.00766914
725	0.00206334
726	0.03214204
727	0.09458291
728	0.01682490
729	0.03310843
730	0.00703586
731	0.02212465
732	0.00639727
733	0.01434423
734	0.02536263
735	0.04367274
736	0.04025558
737	0.00795807
738	0.06513348
739	0.02663150
740	0.09099334
741	0.00940386
742	0.05292508
743	0.03161395
744	0.07408720
745	0.01457488
746	0.03334474
747	0.01648108
748	0.01030312
749	0.00074040
750	0.00092148
751	0.02574939
752	0.07209800
753	0.01400257
754	0.00486691
755	0.01173231
756	0.03484138
757	0.03349327
758	0.01976601
759	0.00702292
760	0.03380689
761	0.03077576
762	0.09424646
763	0.04016000
764	0.05032502
765	0.03995247
766	0.01472662
767	0.07388844
768	0.03859886
769	0.00822528
770	0.09208751
771	0.07575876
772	0.00071898
773	0.00080686
774	0.01191821
775	0.06046695
776	0.05359070
777	0.01091087
778	0.00156583
779	0.05677937
780	0.01289970
781	0.07972083
782	0.12330652
783	0.03546837
784	0.06247110
785	0.00832447
786	0.04824688
787	0.01412907
788	0.01080027
789	0.03738683
790	0.01417429
791	0.13465333
792	0.03235667
793	0.00682563
794	0.02586178
795	0.01613328
796	0.06990026
797	0.03207075
798	0.00822396
799	0.04033873
800	0.03237634
801	0.01474277
802	0.03216603
803	0.11792851
804	0.00382573
805	0.01720661
806	0.02939748
807	0.11964090
808	0.06674341
809	0.01912982
810	0.04221528
811	0.03627891
812	0.00285920
813	0.01143666
814	0.01993322
815	0.01358096
816	0.00417604
817	0.02297249
818	0.00493811
819	0.06670257
820	0.05611623
821	0.00069848
822	0.00069756
823	0.00318007
824	0.01143733
825	0.00696941
826	0.00193905
827	0.11931899
828	0.03477215
829	0.01038487
830	0.14199451
831	0.03891876
832	0.01967712
833	0.04768226
834	0.07145955
835	0.00627952
836	0.02914411
837	0.05230757
838	0.04347000
839	0.02079973
840	0.02865638
841	0.00069773
842	0.00069696
843	0.00069720
844	0.00069774
845	0.00069720
846	0.00069705
847	0.03222114
848	0.02591064
849	0.06391012
850	0.10124860
851	0.09006789
852	0.00522479
853	0.01317270
854	0.03227256
855	0.03020202
856	0.07976688
857	0.06178312
858	0.03517053
859	0.09809620
860	0.05168404
861	0.01491549
862	0.00071911
863	0.00080485
864	0.01682381
865	0.06348192
866	0.01716342
867	0.05578886
868	0.01462414
869	0.02641916
870	0.00538342
871	0.05391430
872	0.05151838
873	0.03768219
874	0.05689172
875	0.01731714
876	0.01681679
877	0.00279523
878	0.17649589
879	0.01323610
880	0.01401924
881	0.00444164
882	0.11898770
883	0.03972430
884	0.06796510
885	0.02492185
886	0.12000967
887	0.15924465
888	0.11870640
889	0.04011604
890	0.00630244
891	0.00945075
892	0.10369951
893	0.01488392
894	0.01198620
895	0.15027492
896	0.02154538
897	0.05403185
898	0.01057007
899	0.00666352
900	0.04068836
901	0.01716120
902	0.10060842
903	0.08648382
904	0.03349475
905	0.04756521
906	0.03016185
907	0.03550250
908	0.04410321
909	0.03973810
910	0.06366445
911	0.01676773
912	0.03964275
913	0.03730630
914	0.05310210
915	0.01552123
916	0.00333417
917	0.00351110
918	0.01443414
919	0.00194503
920	0.00750286
921	0.02223545
922	0.03365341
923	0.02907564
924	0.05853483
925	0.03848286
926	0.00811925
927	0.02106233
928	0.01325659
929	0.00142546
930	0.01319623
931	0.01887430
932	0.06489002
933	0.00396705
934	0.01397770
935	0.02147834
936	0.02087280
937	0.03340754
938	0.13726449
939	0.02176730
940	0.02971911
941	0.03183525
942	0.03439982
943	0.01098826
944	0.01308754
945	0.00102726
946	0.00076225
947	0.00370158
948	0.03964117
949	0.00832379
950	0.04355742
951	0.03394707
952	0.02354819
953	0.00857621
954	0.05207696
955	0.04317224
956	0.02589742
957	0.01005585
958	0.07788703
959	0.05494780
960	0.00467482
961	0.03206298
962	0.01052087
963	0.00244400
964	0.00398825
965	0.00158040
966	0.00511825
967	0.01333080
968	0.07296375
969	0.00532564
970	0.00913695
971	0.03092212
972	0.00814250
973	0.00417049
974	0.05411716
975	0.05279069
976	0.02903308
977	0.07143185
978	0.00263953
979	0.03684850
980	0.01486023
981	0.00240124
982	0.02563428
983	0.03521224
984	0.00571658
985	0.02675025
986	0.00406030
987	0.02157727
988	0.00069844
989	0.00069675
990	0.00412109
991	0.02010258
992	0.00164805
993	0.00541567
994	0.00395213
995	0.03335057
996	0.09458247
997	0.06998515
998	0.03988694
999	0.06920923
1000	0.10355811
1001	0.01491902
1002	0.06719252
1003	0.03947597
1004	0.01627821
1005	0.01363604
1006	0.03898168
1007	0.00371701
1008	0.07116925
1009	0.00848558
1010	0.06262538
1011	0.01263263
1012	0.00160145
1013	0.03737748
1014	0.05426265
1015	0.03190985
1016	0.12828965
1017	0.07333555
1018	0.01602129
1019	0.04221604
1020	0.01049097
1021	0.01238747
1022	0.05595754
1023	0.02033769
1024	0.04453756
1025	0.04065147
1026	0.00417389
1027	0.03546899
1028	0.10449073
1029	0.01061533
1030	0.04761102
1031	0.03762729
1032	0.07210169
1033	0.01417632
1034	0.00772767
1035	0.01263118
1036	0.03586823
1037	0.00058617
1038	0.11631926
1039	0.03797941
1040	0.01860719
1041	0.08329620
1042	0.02214472
1043	0.01985172
1044	0.04022079
1045	0.00078716
1046	0.00117691
1047	0.02477528
1048	0.01703011
1049	0.05696244
1050	0.04992886
1051	0.01340032
1052	0.02163287
1053	0.00547546
1054	0.05707366
1055	0.04006142
1056	0.01639984
1057	0.03370144
1058	0.10831579
1059	0.03848275
1060	0.03891962
1061	0.01592485
1062	0.08111699
1063	0.00621464
1064	0.06929154
1065	0.03514542
1066	0.02822387
1067	0.00080828
1068	0.00071994
1069	0.01352991
1070	0.07211812
1071	0.01256114
1072	0.03688544
1073	0.00837996
1074	0.00107789
1075	0.00058617
1076	0.02027680
1077	0.00540897
1078	0.02763165
1079	0.03707637
1080	0.01705524
1081	0.01976455
1082	0.07054127
1083	0.03810655
1084	0.04471773
1085	0.05528664
1086	0.10045789
1087	0.07391064
1088	0.01554041
1089	0.03037564
1090	0.11223680
1091	0.02205485
1092	0.00656366
1093	0.02275884
1094	0.08246450
1095	0.04007525
1096	0.01332419
1097	0.01206619
1098	0.03995842
1099	0.00078454
1100	0.00120652
1101	0.01233279
1102	0.01994703
1103	0.07677319
1104	0.01099270
1105	0.03296034
1106	0.00181761
1107	0.01616996
1108	0.01083821
1109	0.01639408
1110	0.05885143
1111	0.03975240
1112	0.04052103
1113	0.02273533
1114	0.03210589
1115	0.03087451
1116	0.06273816
1117	0.04251261
1118	0.00867884
1119	0.09735503
1120	0.03972878
1121	0.08760358
1122	0.03922535
1123	0.12914308
1124	0.00233438
1125	0.03856264
1126	0.01378676
1127	0.00180792
1128	0.00184865
1129	0.03008907
1130	0.03302328
1131	0.03430770
1132	0.02542654
1133	0.00529175
1134	0.02529462
1135	0.01918558
1136	0.06959424
1137	0.00211093
1138	0.02999053
1139	0.00596013
1140	0.01331279
1141	0.00833188
1142	0.01678868
1143	0.00715661
1144	0.00148649
1145	0.00442355
1146	0.01044365
1147	0.04261331
1148	0.01724860
1149	0.03734368
1150	0.01188778
1151	0.03910678
1152	0.00457926
1153	0.00577461
1154	0.02763992
1155	0.03946937
1156	0.04080253
1157	0.03195821
1158	0.00650676
1159	0.01423428
1160	0.05003944
1161	0.02547483
1162	0.00069811
1163	0.00069872
1164	0.06368917
1165	0.00464760
1166	0.04528372
1167	0.00390477
1168	0.00128317
1169	0.03702491
1170	0.01649668
1171	0.01159927
1172	0.00637202
1173	0.00069839
1174	0.00069865
1175	0.01711970
1176	0.00315950
1177	0.04512026
1178	0.04301489
1179	0.05359491
1180	0.03962699
1181	0.09230890
1182	0.02913072
1183	0.00454544
1184	0.00076072
1185	0.01473470
1186	0.03041662
1187	0.02210559
1188	0.00974844
1189	0.00430721
1190	0.00362163
1191	0.01223165
1192	0.00100808
1193	0.00940386
1194	0.03500434
1195	0.03976475
1196	0.00076183
1197	0.05534454
1198	0.02070016
1199	0.00069689
1200	0.00069726
1201	0.03997192
1202	0.05654354
1203	0.03353532
1204	0.02258900
1205	0.00751628
1206	0.02753967
1207	0.01887138
1208	0.00409076
1209	0.00232557
1210	0.06110009
1211	0.01561440
1212	0.00069707
1213	0.00069710
1214	0.04069822
1215	0.03834673
1216	0.00871503
1217	0.07061148
1218	0.02943060
1219	0.03987737
1220	0.00496957
1221	0.03120476
1222	0.00652519
1223	0.07210672
1224	0.00069775
1225	0.00069712
1226	0.00684370
1227	0.00069736
1228	0.00069749
1229	0.01095652
1230	0.00069567
1231	0.00069739
1232	0.00424973
1233	0.03434093
1234	0.02094686
1235	0.00869393
1236	0.03498506
1237	0.00793159
1238	0.02172509
1239	0.01295831
1240	0.06299130
1241	0.00069537
1242	0.00069846
1243	0.03715181
1244	0.04262125
1245	0.09669832
1246	0.01381408
1247	0.01257780
1248	0.01976162
1249	0.00334020
1250	0.11802429
1251	0.02650009
1252	0.03149320
1253	0.07110503
1254	0.00069755
1255	0.00069725
1256	0.00844785
1257	0.00345115
1258	0.04023382
1259	0.00781683
1260	0.00501851
1261	0.01656669
1262	0.02240100
1263	0.02947168
1264	0.04009422
1265	0.01052247
1266	0.07265953
1267	0.00247975
1268	0.03983757
1269	0.00069734
1270	0.00069823
1271	0.01329906
1272	0.00689571
1273	0.06695559
1274	0.02675326
1275	0.03986594
1276	0.04794251
1277	0.01417225
1278	0.00776096
1279	0.01506974
1280	0.00376732
1281	0.03549307
1282	0.01494580
1283	0.06924168
1284	0.00525583
1285	0.04646512
1286	0.00634061
1287	0.03272863
1288	0.05560769
1289	0.01490578
1290	0.04303928
1291	0.00512648
1292	0.03953142
1293	0.06466072
1294	0.00173142
1295	0.07242601
1296	0.01389591
1297	0.03989906
1298	0.02562760
1299	0.03450150
1300	0.04839080
1301	0.04765618
1302	0.02457280
1303	0.01195158
1304	0.00069763
1305	0.00069572
1306	0.02282485
1307	0.04051900
1308	0.01361661
1309	0.01038701
1310	0.02638842
1311	0.00179843
1312	0.02042491
1313	0.01302903
1314	0.01704342
1315	0.07525377
1316	0.00962213
1317	0.02909306
1318	0.03438860
1319	0.00878148
1320	0.01500975
1321	0.06825502
1322	0.06233145
1323	0.04061708
1324	0.00102006
1325	0.01414839
1326	0.03742324
1327	0.01408979
1328	0.00765618
1329	0.00779076
1330	0.01192556
1331	0.01617776
1332	0.01685841
1333	0.03390213
1334	0.03695837
1335	0.02514286
1336	0.03435763
1337	0.00111529
1338	0.02661532
1339	0.00919842
1340	0.03671301
1341	0.00330862
1342	0.04005669
1343	0.02806920
1344	0.01674052
1345	0.02824590
1346	0.02556186
1347	0.02450512
1348	0.03353205
1349	0.01428032
1350	0.01524698
1351	0.01375782
1352	0.06991168
1353	0.00069723
1354	0.00069737
1355	0.01465675
1356	0.00175414
1357	0.04753009
1358	0.01393101
1359	0.00964762
1360	0.02397783
1361	0.03727687
1362	0.00221365
1363	0.00860665
1364	0.06627899
1365	0.02767498
1366	0.01244712
1367	0.00570219
1368	0.02707699
1369	0.03380714
1370	0.03802223
1371	0.01582056
1372	0.02203348
1373	0.00625234
1374	0.03974397
1375	0.00360698
1376	0.00717641
1377	0.01634199
1378	0.00373253
1379	0.00136478
1380	0.00100766
1381	0.00080334
1382	0.01625920
1383	0.00946998
1384	0.02540009
1385	0.00087317
1386	0.01723522
1387	0.02204390
1388	0.02055880
1389	0.01472770
1390	0.00488014
1391	0.00513720
1392	0.00589931
1393	0.01147600
1394	0.02597123
1395	0.04060809
1396	0.03480284
1397	0.00857353
1398	0.05216324
1399	0.00367791
1400	0.00069732
1401	0.00069648
1402	0.00451501
1403	0.04037732
1404	0.03794946
1405	0.00072079
1406	0.00679593
1407	0.03341988
1408	0.00080954
1409	0.00071818
1410	0.04023975
1411	0.05817362
1412	0.03846318
1413	0.00428896
1414	0.01894219
1415	0.03172118
1416	0.00996964
1417	0.07084781
1418	0.00880954
1419	0.00058617
1420	0.00456004
1421	0.03807379
1422	0.00771402
1423	0.00072021
1424	0.03156570
1425	0.01393657
1426	0.02794931
1427	0.00975563
1428	0.00069572
1429	0.00069694
1430	0.03951430
1431	0.02030100
1432	0.00240774
1433	0.00259249
1434	0.01519171
1435	0.01660638
1436	0.03704651
1437	0.01412227
1438	0.01052921
1439	0.02513267
1440	0.00074062
1441	0.02018623
1442	0.01873863
1443	0.03209703
1444	0.02665515
1445	0.02919821
1446	0.01364030
1447	0.00139191
1448	0.00444549
1449	0.03675570
1450	0.03727767
1451	0.04013090
1452	0.00839222
1453	0.00416800
1454	0.04843961
1455	0.00743596
1456	0.01179653
1457	0.01153719
1458	0.00294077
1459	0.02856283
1460	0.01102825
1461	0.00103449
1462	0.03963801
1463	0.01329885
1464	0.01704367
1465	0.01390236
1466	0.02209544
1467	0.04058648
1468	0.00147967
1469	0.02739599
1470	0.01205339
1471	0.01946137
1472	0.01802887
1473	0.02292946
1474	0.04420526
1475	0.04381637
1476	0.01852097
1477	0.00069860
1478	0.00069866
1479	0.04041763
1480	0.00072033
1481	0.00080744
1482	0.02131615
1483	0.00943286
1484	0.01380869
1485	0.00331052
1486	0.00889766
1487	0.02159920
1488	0.04081008
1489	0.01214253
1490	0.01465934
1491	0.01684467
1492	0.00777539
1493	0.03962176
1494	0.00069860
1495	0.00069685
1496	0.02867263
1497	0.03209290
1498	0.00239332
1499	0.00071641
1500	0.04042733
1501	0.03927346
1502	0.00734885
1503	0.01740846
1504	0.03906902
1505	0.00239485
1506	0.00967889
1507	0.02116810
1508	0.00058617
1509	0.03183751
1510	0.02068511
1511	0.01037114
1512	0.02901083
1513	0.02960169
1514	0.01239408
1515	0.02775864
1516	0.04020653
1517	0.01652016
1518	0.03492913
1519	0.00080708
1520	0.00342783
1521	0.01738260
1522	0.02188202
1523	0.06801591
1524	0.02425641
1525	0.01773469
1526	0.02647075
1527	0.00446413
1528	0.06180776
1529	0.01034298
1530	0.00873363
1531	0.00197094
1532	0.01885921
1533	0.00140111
1534	0.00431543
1535	0.01332401
1536	0.02800202
1537	0.01585124
1538	0.02682427
1539	0.02309469
1540	0.03142961
1541	0.02675332
1542	0.07434499
1543	0.00070047
1544	0.00069832
1545	0.00960041
1546	0.01603504
1547	0.00539225
1548	0.03749705
1549	0.01306798
1550	0.02410132
1551	0.00073937
1552	0.07093680
1553	0.00506196
1554	0.04025088
1555	0.01170940
1556	0.01314740
1557	0.03718297
1558	0.02990761
1559	0.02893475
1560	0.00953183
1561	0.01238431
1562	0.00850118
1563	0.02202975
1564	0.00359488
1565	0.03909455
1566	0.04074036
1567	0.00831980
1568	0.03104966
1569	0.00383831
1570	0.01081951
1571	0.01155234
1572	0.02959771
1573	0.01522519
1574	0.03986749
1575	0.00843763
1576	0.03997902
1577	0.02224106
1578	0.01680920
1579	0.00404291
1580	0.03672856
1581	0.03620124
1582	0.01898743
1583	0.03557305
1584	0.03988855
1585	0.00402049
1586	0.02768510
1587	0.01962203
1588	0.01697580
1589	0.00069682
1590	0.00069792
1591	0.01468918
1592	0.00440322
1593	0.04006190
1594	0.01399536
1595	0.02918347
1596	0.00470603
1597	0.00075936
1598	0.03999069
1599	0.03280295
1600	0.02962172
1601	0.01712020
1602	0.04566361
1603	0.00641860
1604	0.00334812
1605	0.00371876
1606	0.02248889
1607	0.01335261
1608	0.02745536
1609	0.02510640
1610	0.01254804
1611	0.02678444
1612	0.01707087
1613	0.05580438
1614	0.00839007
1615	0.01610943
1616	0.01037252
1617	0.03968559
1618	0.01921604
1619	0.03975089
1620	0.02128668
1621	0.00979661
1622	0.03915668
1623	0.01512780
1624	0.01273404
1625	0.00437280
1626	0.00899645
1627	0.03849624
1628	0.04042375
1629	0.00955828
1630	0.03359266
1631	0.05239334
1632	0.03885460
1633	0.00397046
1634	0.03728254
1635	0.01086034
1636	0.00265380
1637	0.04008709
1638	0.04732644
1639	0.01678094
1640	0.03724050
1641	0.03211026
1642	0.00069794
1643	0.00069788
1644	0.00250467
1645	0.00087260
1646	0.00071822
1647	0.03349632
1648	0.00086327
1649	0.01643415
1650	0.00689551
1651	0.00071878
1652	0.00069773
1653	0.00069767
1654	0.01508171
1655	0.00071954
1656	0.03963511
1657	0.03904666
1658	0.01284249
1659	0.02776864
1660	0.00222373
1661	0.02937720
1662	0.00150008
1663	0.03942875
1664	0.01982869
1665	0.01106304
1666	0.02705714
1667	0.00380535
1668	0.00735423
1669	0.02503898
1670	0.03347839
1671	0.02260965
1672	0.00514457
1673	0.00285607
1674	0.00101304
1675	0.03967699
1676	0.01005043
1677	0.02824753
1678	0.02868370
1679	0.04005648
1680	0.06399610
1681	0.03370655
1682	0.01851243
1683	0.00749869
1684	0.04023876
1685	0.04006349
1686	0.00899383
1687	0.01254109
1688	0.01775696
1689	0.02224156
1690	0.00559516
1691	0.00679250
1692	0.01951560
1693	0.03472555
1694	0.02979256
1695	0.03237354
1696	0.04007685
1697	0.01109680
1698	0.01024807
1699	0.00450762
1700	0.03418345
1701	0.01049108
1702	0.02037308
1703	0.00885377
1704	0.01259366
1705	0.03309108
1706	0.01880218
