1	0.26828673
2	0.24083918
3	0.10236839
4	0.02183053
5	0.07972167
6	0.16645614
7	0.18631071
8	0.07038483
9	0.24887703
10	0.14565202
11	0.03165561
12	0.10623339
13	0.08627849
14	0.12854014
15	0.27241544
16	0.20967503
17	0.02837084
18	0.05861864
19	0.01216360
20	0.10239046
21	0.06101693
22	0.07084990
23	0.10382491
24	0.26774902
25	0.03095461
26	0.00674953
27	0.00038589
28	0.00038585
29	0.07060361
30	0.05919440
31	0.03539950
32	0.01402635
33	0.06427861
34	0.27202207
35	0.26757586
36	0.25395080
37	0.26148449
38	0.26245324
39	0.17700465
40	0.26578021
41	0.09216659
42	0.27172886
43	0.14198307
44	0.24908474
45	0.07203321
46	0.04313445
47	0.23169757
48	0.26463203
49	0.20505223
50	0.11582206
51	0.18110403
52	0.26509462
53	0.24771951
54	0.11559776
55	0.18854480
56	0.14743559
57	0.27048818
58	0.13339072
59	0.21412453
60	0.19385842
61	0.19562945
62	0.08229019
63	0.04042493
64	0.00858778
65	0.22976758
66	0.20427593
67	0.09961407
68	0.07075578
69	0.14862792
70	0.15616998
71	0.05013796
72	0.10783156
73	0.07674029
74	0.01229694
75	0.04170386
76	0.16110255
77	0.03960320
78	0.11826692
79	0.12235726
80	0.12696785
81	0.02701218
82	0.12805465
83	0.02748120
84	0.20478014
85	0.00031918
86	0.15302109
87	0.26348970
88	0.18005147
89	0.26805035
90	0.22335581
91	0.08738765
92	0.14730827
93	0.03173875
94	0.16222543
95	0.03379387
96	0.24823341
97	0.19965210
98	0.07821311
99	0.26501201
100	0.22795607
101	0.04142387
102	0.08934462
103	0.11332333
104	0.23284401
105	0.15255195
106	0.09843586
107	0.25150556
108	0.03538433
109	0.13075202
110	0.23334311
111	0.01596140
112	0.00359401
113	0.10338054
114	0.24063350
115	0.20558616
116	0.10393535
117	0.15784274
118	0.03286094
119	0.20093909
120	0.08631780
121	0.13630474
122	0.27189092
123	0.05633094
124	0.27220989
125	0.18212217
126	0.24864883
127	0.26054052
128	0.08216667
129	0.15223949
130	0.27154254
131	0.12915390
132	0.06620136
133	0.27173365
134	0.06671928
135	0.07410761
136	0.12990044
137	0.10330087
138	0.00844720
139	0.23645846
140	0.26670781
141	0.22812586
142	0.26682097
143	0.05640654
144	0.15447592
145	0.15285001
146	0.02956939
147	0.13767219
148	0.01743953
149	0.08232387
150	0.13174870
151	0.26303765
152	0.16692263
153	0.23684845
154	0.23193787
155	0.26442392
156	0.27225148
157	0.10103701
158	0.19843679
159	0.19287530
160	0.12395487
161	0.27082024
162	0.14108639
163	0.26312353
164	0.24266751
165	0.24271746
166	0.25732516
167	0.05701085
168	0.26776058
169	0.11058230
170	0.20335797
171	0.24488677
172	0.00333305
173	0.19318820
174	0.14491233
175	0.27232216
176	0.23657223
177	0.24674966
178	0.19613729
179	0.19909051
180	0.11839641
181	0.20436303
182	0.27205906
183	0.05696739
184	0.08208216
185	0.01767849
186	0.01823136
187	0.08576116
188	0.19747118
189	0.10096709
190	0.07827974
191	0.01697143
192	0.21969816
193	0.09392649
194	0.06257763
195	0.00038592
196	0.26599005
197	0.20971237
198	0.15415427
199	0.21689986
200	0.09878787
201	0.15632542
202	0.03410744
203	0.16249422
204	0.08364405
205	0.01814289
206	0.08699655
207	0.13773528
208	0.05448578
209	0.17690137
210	0.05543586
211	0.23947020
212	0.17671773
213	0.21725396
214	0.23932379
215	0.14810500
216	0.03133072
217	0.01668991
218	0.05848098
219	0.00045357
220	0.00039967
221	0.00513650
222	0.02235219
223	0.26699508
224	0.16790315
225	0.08331551
226	0.12239104
227	0.03176109
228	0.05796996
229	0.13869867
230	0.21569634
231	0.25997073
232	0.19957106
233	0.13072141
234	0.15852996
235	0.11048990
236	0.02306603
237	0.23678510
238	0.09568975
239	0.00045357
240	0.00039918
241	0.22884393
242	0.11985775
243	0.12038275
244	0.24646236
245	0.15327594
246	0.02708555
247	0.26732886
248	0.25510393
249	0.09724864
250	0.25052704
251	0.13358739
252	0.20024897
253	0.20428690
254	0.17672558
255	0.19296331
256	0.21595211
257	0.23323004
258	0.17465939
259	0.08585717
260	0.11910138
261	0.13499604
262	0.13697185
263	0.00038571
264	0.00038501
265	0.26794804
266	0.16959992
267	0.05889603
268	0.16476261
269	0.04435344
270	0.18641408
271	0.27113433
272	0.05738640
273	0.04194921
274	0.03427037
275	0.05286242
276	0.25013130
277	0.20548508
278	0.24362965
279	0.09592507
280	0.19884699
281	0.17058444
282	0.15600888
283	0.08624924
284	0.04689347
285	0.01203118
286	0.10417831
287	0.08278596
288	0.11467485
289	0.02396186
290	0.19653607
291	0.19039465
292	0.15292004
293	0.00038600
294	0.13941432
295	0.22279120
296	0.17912042
297	0.11497243
298	0.00031918
299	0.05351608
300	0.05713259
301	0.13017171
302	0.20296360
303	0.23197695
304	0.27210742
305	0.19667344
306	0.26571054
307	0.14990931
308	0.25535583
309	0.12740531
310	0.19901741
311	0.07254327
312	0.22182211
313	0.01578456
314	0.19238692
315	0.01597330
316	0.07819065
317	0.15018085
318	0.06578606
319	0.26404851
320	0.16062846
321	0.05623549
322	0.10806894
323	0.00040098
324	0.00045282
325	0.10196034
326	0.13439996
327	0.10228288
328	0.13117935
329	0.26297499
330	0.05228571
331	0.24511330
332	0.04446022
333	0.21187266
334	0.19718538
335	0.25773315
336	0.13769909
337	0.06161667
338	0.21574753
339	0.04609272
340	0.12841734
341	0.02396063
342	0.11312094
343	0.11551288
344	0.20904960
345	0.12700211
346	0.11871455
347	0.09121579
348	0.19184182
349	0.06543033
350	0.13336554
351	0.07676041
352	0.01581644
353	0.07267987
354	0.24700652
355	0.05760954
356	0.03631053
357	0.11263200
358	0.08816669
359	0.02590943
360	0.02494072
361	0.26385273
362	0.22184831
363	0.22981184
364	0.21088706
365	0.12388389
366	0.00038476
367	0.00038530
368	0.05262420
369	0.18705159
370	0.16812329
371	0.22362442
372	0.22936131
373	0.13916110
374	0.13379561
375	0.19733409
376	0.04178260
377	0.19601872
378	0.20935171
379	0.07885379
380	0.05647474
381	0.04032499
382	0.00895503
383	0.04386919
384	0.09666211
385	0.01226260
386	0.16803053
387	0.03594751
388	0.05763815
389	0.01227890
390	0.07255364
391	0.10344048
392	0.06969071
393	0.15689699
394	0.22034981
395	0.12691907
396	0.00667404
397	0.03005860
398	0.13302885
399	0.24644308
400	0.15638124
401	0.11430972
402	0.16078162
403	0.12346289
404	0.02649445
405	0.19709959
406	0.21669866
407	0.14340675
408	0.00608504
409	0.00774203
410	0.24963445
411	0.22339298
412	0.22341130
413	0.11561020
414	0.00031918
415	0.21183312
416	0.04541893
417	0.08384283
418	0.06591728
419	0.05910440
420	0.05380728
421	0.08871521
422	0.12222289
423	0.08971351
424	0.24146680
425	0.12993406
426	0.02733766
427	0.09962398
428	0.26137801
429	0.18737092
430	0.06832453
431	0.15183725
432	0.24882343
433	0.23577989
434	0.16515722
435	0.15403744
436	0.26915939
437	0.27079749
438	0.23542629
439	0.04900892
440	0.15604302
441	0.16992800
442	0.13684084
443	0.10551899
444	0.20037021
445	0.11436038
446	0.13269497
447	0.07974405
448	0.16548473
449	0.16817058
450	0.02792564
451	0.13983208
452	0.11945943
453	0.06209442
454	0.10088439
455	0.19661645
456	0.18807332
457	0.24362299
458	0.18018439
459	0.09836282
460	0.24290417
461	0.17501151
462	0.11901639
463	0.15591540
464	0.03292696
465	0.23886576
466	0.13179362
467	0.00038642
468	0.00038527
469	0.00045287
470	0.00039907
471	0.08902771
472	0.05073173
473	0.27177697
474	0.09297038
475	0.05654645
476	0.08743380
477	0.10116837
478	0.05704164
479	0.02108250
480	0.04002019
481	0.02227046
482	0.10471522
483	0.04476342
484	0.04850892
485	0.22619334
486	0.01130056
487	0.04738219
488	0.14810366
489	0.13344092
490	0.09875219
491	0.00699586
492	0.20737158
493	0.09541339
494	0.04766100
495	0.07254666
496	0.05209985
497	0.09247534
498	0.01953196
499	0.10811168
500	0.07691488
501	0.17675697
502	0.07428906
503	0.00879645
504	0.09239002
505	0.13605207
506	0.12731254
507	0.24004405
508	0.17209582
509	0.03624234
510	0.16047965
511	0.10230915
512	0.14551115
513	0.08969767
514	0.05026809
515	0.00386089
516	0.00106205
517	0.06276193
518	0.20779173
519	0.12547778
520	0.18036860
521	0.15471424
522	0.19659562
523	0.09790675
524	0.25325325
525	0.24698672
526	0.11815816
527	0.25460801
528	0.15926320
529	0.03402832
530	0.16054386
531	0.11363408
532	0.02419056
533	0.21304709
534	0.07569939
535	0.03181615
536	0.02066350
537	0.25904506
538	0.06872949
539	0.09749350
540	0.10475929
541	0.07004533
542	0.09780830
543	0.05445235
544	0.21965614
545	0.15103585
546	0.20514052
547	0.14467215
548	0.03653692
549	0.16986068
550	0.12952993
551	0.19897079
552	0.04133643
553	0.19140781
554	0.22237371
555	0.12105240
556	0.24092930
557	0.05086827
558	0.13278658
559	0.05703054
560	0.06079663
561	0.02170229
562	0.03678502
563	0.13003836
564	0.10260369
565	0.09031244
566	0.16448809
567	0.05186924
568	0.01118082
569	0.05481251
570	0.10014169
571	0.03881312
572	0.12690563
573	0.15946026
574	0.02135890
575	0.22407138
576	0.17476625
577	0.11687628
578	0.20850945
579	0.12227688
580	0.23446774
581	0.04973542
582	0.10139330
583	0.02377925
584	0.25978568
585	0.08453317
586	0.07082204
587	0.07009192
588	0.21412506
589	0.12469863
590	0.22145436
591	0.05808832
592	0.17389191
593	0.18158154
594	0.16958675
595	0.12093846
596	0.02598121
597	0.01846159
598	0.05821445
599	0.13011240
600	0.12591203
601	0.22473372
602	0.12552959
603	0.06598199
604	0.23476165
605	0.26236650
606	0.05701240
607	0.04154253
608	0.04037754
609	0.20413557
610	0.11490389
611	0.09259037
612	0.00031918
613	0.18636178
614	0.12419481
615	0.09826607
616	0.07367176
617	0.22965583
618	0.19283457
619	0.09679350
620	0.03667717
621	0.24796837
622	0.12053775
623	0.06350945
624	0.15329688
625	0.09081457
626	0.01958189
627	0.22711423
628	0.14343129
629	0.03060544
630	0.00038575
631	0.27015729
632	0.05710200
633	0.04705680
634	0.22052257
635	0.13480341
636	0.13059787
637	0.00038661
638	0.00038677
639	0.10738746
640	0.15113820
641	0.16535625
642	0.22488179
643	0.19358057
644	0.03925223
645	0.01562186
646	0.24838640
647	0.13747650
648	0.03666412
649	0.23451178
650	0.14535138
651	0.05326354
652	0.05133759
653	0.16099324
654	0.03379794
655	0.06003706
656	0.17753636
657	0.05567217
658	0.05665668
659	0.08198138
660	0.09769050
661	0.00442305
662	0.01995096
663	0.08221941
664	0.05743076
665	0.05368274
666	0.13074993
667	0.00031918
668	0.14049332
669	0.07978209
670	0.05646115
671	0.14014364
672	0.07301030
673	0.15137798
674	0.13355337
675	0.00038587
676	0.21073169
677	0.11285984
678	0.05828898
679	0.04979609
680	0.18415575
681	0.06649029
682	0.10116470
683	0.22385295
684	0.05522533
685	0.06553918
686	0.04110335
687	0.15609224
688	0.00031918
689	0.07689814
690	0.08125121
691	0.18114694
692	0.10015461
693	0.01351597
694	0.06243056
695	0.22779008
696	0.13476289
697	0.16516181
698	0.00041463
699	0.07243117
700	0.20737585
701	0.05014771
702	0.12599287
703	0.25335262
704	0.17480487
705	0.24011928
706	0.15796121
707	0.12595726
708	0.06749594
709	0.02223052
710	0.05452354
711	0.02535554
712	0.07786014
713	0.05786156
714	0.12805895
715	0.13198235
716	0.09544274
717	0.13655698
718	0.07833795
719	0.09084054
720	0.26420569
721	0.09190816
722	0.04337202
723	0.21629316
724	0.20504267
725	0.13239494
726	0.20018345
727	0.11727620
728	0.16046405
729	0.04785341
730	0.07677565
731	0.05351164
732	0.06834916
733	0.09864540
734	0.20368147
735	0.04301027
736	0.03595427
737	0.15614767
738	0.05744320
739	0.10729388
740	0.03663348
741	0.08063807
742	0.06501451
743	0.13149168
744	0.01185375
745	0.24267808
746	0.19472883
747	0.09810287
748	0.07250304
749	0.13239223
750	0.03332827
751	0.21465387
752	0.08162222
753	0.05696229
754	0.02032358
755	0.14843239
756	0.13043542
757	0.15697434
758	0.01435226
759	0.06539334
760	0.05323367
761	0.00039956
762	0.00045367
763	0.06570759
764	0.17623018
765	0.13102894
766	0.07330662
767	0.06439791
768	0.09893154
769	0.10312748
770	0.00038577
771	0.12036490
772	0.26186373
773	0.06007978
774	0.19683770
775	0.13423002
776	0.11255080
777	0.17660617
778	0.09494470
779	0.06723278
780	0.12715152
781	0.02741747
782	0.14209288
783	0.12085763
784	0.23438671
785	0.09087742
786	0.02448543
787	0.11699553
788	0.00031918
789	0.26289433
790	0.11288845
791	0.26219964
792	0.05421964
793	0.10460428
794	0.00045172
795	0.00039960
796	0.26261529
797	0.09650208
798	0.07588688
799	0.14821494
800	0.01274834
801	0.05602242
802	0.13710801
803	0.10126599
804	0.09790037
805	0.25587095
806	0.11314862
807	0.04159582
808	0.19803265
809	0.00031918
810	0.14860492
811	0.03088453
812	0.09056061
813	0.23054797
814	0.18661341
815	0.16164650
816	0.00409288
817	0.25673473
818	0.09380282
819	0.02177329
820	0.02238565
821	0.22039611
822	0.17884339
823	0.07905939
824	0.25104677
825	0.05648596
826	0.16776308
827	0.03446645
828	0.04304992
829	0.02391407
830	0.15472253
831	0.07253069
832	0.07067164
833	0.13269263
834	0.24950516
835	0.06918830
836	0.05084820
837	0.06475702
838	0.17801664
839	0.19187619
840	0.17118148
841	0.09479030
842	0.02886137
843	0.07721309
844	0.05614825
845	0.07535058
846	0.13634926
847	0.05090925
848	0.02495622
849	0.12139103
850	0.08935295
851	0.05826197
852	0.23432379
853	0.00052084
854	0.00041406
855	0.10985535
856	0.16917365
857	0.05700736
858	0.07899639
859	0.15489723
860	0.16731419
861	0.06795849
862	0.17446049
863	0.06781410
864	0.05741678
865	0.05630703
866	0.06737000
867	0.06692255
868	0.12555896
869	0.15024874
870	0.08658087
871	0.05116415
872	0.18564796
873	0.11204760
874	0.00040096
875	0.15163062
876	0.09621929
877	0.01713018
878	0.09878727
879	0.11030763
880	0.24203041
881	0.07955487
882	0.01690137
883	0.15377185
884	0.03219332
885	0.10593673
886	0.06563136
887	0.11031529
888	0.23859798
889	0.26831545
890	0.17137185
891	0.08770553
892	0.16286352
893	0.25695858
894	0.17170878
895	0.10582184
896	0.05590199
897	0.13835509
898	0.14837805
899	0.01592139
900	0.00386968
901	0.07454111
902	0.11539334
903	0.01644689
904	0.07690974
905	0.09816506
906	0.11004922
907	0.25474259
908	0.12425204
909	0.13849389
910	0.21589261
911	0.15465957
912	0.05538647
913	0.06825846
914	0.04399640
915	0.07642194
916	0.14353197
917	0.09730546
918	0.19612042
919	0.05195328
920	0.11702327
921	0.00532522
922	0.14650067
923	0.00504084
924	0.11091110
925	0.01857138
926	0.08489424
927	0.09326919
928	0.04226880
929	0.20093401
930	0.22786296
931	0.00031918
932	0.07081884
933	0.14364169
934	0.18639315
935	0.19989725
936	0.04106545
937	0.23161358
938	0.15936993
939	0.00273526
940	0.00095671
941	0.08511812
942	0.09743970
943	0.16028741
944	0.03903748
945	0.06348402
946	0.13448046
947	0.24092494
948	0.23787762
949	0.11950521
950	0.08795436
951	0.18813516
952	0.18485412
953	0.04139387
954	0.20449026
955	0.14591233
956	0.10608756
957	0.01313762
958	0.00319915
959	0.07923454
960	0.15751897
961	0.05310594
962	0.06813448
963	0.17065081
964	0.25365679
965	0.20413780
966	0.09974448
967	0.05692162
968	0.26598829
969	0.13792018
970	0.00315818
971	0.05718525
972	0.19705230
973	0.16520010
974	0.09663639
975	0.00308719
976	0.10074850
977	0.09187018
978	0.06232176
979	0.13892383
980	0.04796709
981	0.15861538
982	0.02734038
983	0.09244173
984	0.03571842
985	0.00039974
986	0.00045277
987	0.05737842
988	0.18014808
989	0.06014263
990	0.12001688
991	0.25714829
992	0.05655191
993	0.15507381
994	0.15156373
995	0.22326367
996	0.07148696
997	0.12421667
998	0.01888163
999	0.23698044
1000	0.18460343
1001	0.07829831
1002	0.00045479
1003	0.00040056
1004	0.09854202
1005	0.11995490
1006	0.18928715
1007	0.10612762
1008	0.03140410
1009	0.03482441
1010	0.17863002
1011	0.12004907
1012	0.05683657
1013	0.13769770
1014	0.05760642
1015	0.05240444
1016	0.11441616
1017	0.12152495
1018	0.18567704
1019	0.19835323
1020	0.05085708
1021	0.12091543
1022	0.02684976
1023	0.10182223
1024	0.10018926
1025	0.02136553
1026	0.10250504
1027	0.07163562
1028	0.06027004
1029	0.03040812
1030	0.04674059
1031	0.19824117
1032	0.00040045
1033	0.00045283
1034	0.21414710
1035	0.15381406
1036	0.10711064
1037	0.16499107
1038	0.02305671
1039	0.00511736
1040	0.24443034
1041	0.05815560
1042	0.05779487
1043	0.10527689
1044	0.18524935
1045	0.05375586
1046	0.00514676
1047	0.05665358
1048	0.00038518
1049	0.00038601
1050	0.11076956
1051	0.07513955
1052	0.01606638
1053	0.02752910
1054	0.12612431
1055	0.09279130
1056	0.19271102
1057	0.23444515
1058	0.05681981
1059	0.13263777
1060	0.07039497
1061	0.05795908
1062	0.04852696
1063	0.16839474
1064	0.00919478
1065	0.04254665
1066	0.12158898
1067	0.16007114
1068	0.05782495
1069	0.15834355
1070	0.00051852
1071	0.00041382
1072	0.00041316
1073	0.01523597
1074	0.07309951
1075	0.00041302
1076	0.16887371
1077	0.09619134
1078	0.15916747
1079	0.08271452
1080	0.11723304
1081	0.05352441
1082	0.14939421
1083	0.07356973
1084	0.06337964
1085	0.09907204
1086	0.19414545
1087	0.14550061
1088	0.03018629
1089	0.20787289
1090	0.13216188
1091	0.06042447
1092	0.03482323
1093	0.05234468
1094	0.04355526
1095	0.00936406
1096	0.13880073
1097	0.04517169
1098	0.17594054
1099	0.06258278
1100	0.24281936
1101	0.09497597
1102	0.05771333
1103	0.09656563
1104	0.19024206
1105	0.13655621
1106	0.04858606
1107	0.10017657
1108	0.06068195
1109	0.03495524
1110	0.01264580
1111	0.00295135
1112	0.00039971
1113	0.04573974
1114	0.00286515
1115	0.00031918
1116	0.05585238
1117	0.04294975
1118	0.07921258
1119	0.11841470
1120	0.16122489
1121	0.05378702
1122	0.01569551
1123	0.08143114
1124	0.12130555
1125	0.09669187
1126	0.21416675
1127	0.00197620
1128	0.00882056
1129	0.05742598
1130	0.00493398
1131	0.00031918
1132	0.00031918
1133	0.04432650
1134	0.01593565
1135	0.00031918
1136	0.14713180
1137	0.00031918
1138	0.20134899
1139	0.19889321
1140	0.18886913
1141	0.05693422
1142	0.04199840
1143	0.01213649
1144	0.22221674
1145	0.08786626
1146	0.12113829
1147	0.02227337
1148	0.04982476
1149	0.05766707
1150	0.05691806
1151	0.01197606
1152	0.24222961
1153	0.05732338
1154	0.14001046
1155	0.20893048
1156	0.23553842
1157	0.04944975
1158	0.20555459
1159	0.09404793
1160	0.06083388
1161	0.03513825
1162	0.00787864
1163	0.03013833
1164	0.06096558
1165	0.00794102
1166	0.02019985
1167	0.02429712
1168	0.05681485
1169	0.16605745
1170	0.00038652
1171	0.05372553
1172	0.15828891
1173	0.10471104
1174	0.05489485
1175	0.07369602
1176	0.00038593
1177	0.00038661
1178	0.11361388
1179	0.12744417
1180	0.09077863
1181	0.07212738
1182	0.00047242
1183	0.00049618
1184	0.07401685
1185	0.07545500
1186	0.04903164
1187	0.11038808
1188	0.02178895
1189	0.23151758
1190	0.05847559
1191	0.12768718
1192	0.17177758
1193	0.04857769
1194	0.00131659
1195	0.00031918
1196	0.25517319
1197	0.08418432
1198	0.05158671
1199	0.06411332
1200	0.07294070
1201	0.04473011
1202	0.13607243
1203	0.11863972
1204	0.06110113
1205	0.01322490
1206	0.03728108
1207	0.03490929
1208	0.11733006
1209	0.06809863
1210	0.06769644
1211	0.12804863
1212	0.01930117
1213	0.05584485
1214	0.16169946
1215	0.00284477
1216	0.01306559
1217	0.21463452
1218	0.06103920
1219	0.06879327
1220	0.07641692
1221	0.00434764
1222	0.01952524
1223	0.01735357
1224	0.05778100
1225	0.01446732
1226	0.03859344
1227	0.05609237
1228	0.00396011
1229	0.00115148
1230	0.18491309
1231	0.10788655
1232	0.18783561
1233	0.17552364
1234	0.10672110
1235	0.05711387
1236	0.00765209
1237	0.02132592
1238	0.05499436
1239	0.05536034
1240	0.13131899
1241	0.01638442
1242	0.02341060
1243	0.05963503
1244	0.13532988
1245	0.12060485
1246	0.00038566
1247	0.00038575
1248	0.07255639
1249	0.05154460
1250	0.17565949
1251	0.15196700
1252	0.23143103
1253	0.02967866
1254	0.03705683
1255	0.17801362
1256	0.05660069
1257	0.18542984
1258	0.03888752
1259	0.00031918
1260	0.20527652
1261	0.00031918
1262	0.12687510
1263	0.09261336
1264	0.00038582
1265	0.00038614
1266	0.10481854
1267	0.00039870
1268	0.00045189
1269	0.03542535
1270	0.00769241
1271	0.24152091
1272	0.06662746
1273	0.00889834
1274	0.00248718
1275	0.00265810
1276	0.01318142
1277	0.24371951
1278	0.15664389
1279	0.01418297
1280	0.07959355
1281	0.09393174
1282	0.02065481
1283	0.10671167
1284	0.02264400
1285	0.00031918
1286	0.07934536
1287	0.02529543
1288	0.04083978
1289	0.07505083
1290	0.13618877
1291	0.12234414
1292	0.12497697
1293	0.05145252
1294	0.13462056
1295	0.05572025
1296	0.02400993
1297	0.04641904
1298	0.04565067
1299	0.04634942
1300	0.06300650
1301	0.04128387
1302	0.12057957
1303	0.12857819
1304	0.00038582
1305	0.05745849
1306	0.08668707
1307	0.08857147
1308	0.06158755
1309	0.05093215
1310	0.18072353
1311	0.06450991
1312	0.00038583
1313	0.00038538
1314	0.10660432
1315	0.06413840
1316	0.05213810
1317	0.04082832
1318	0.00888014
1319	0.06251221
1320	0.01480735
1321	0.01432038
1322	0.04765178
1323	0.04943633
1324	0.07779883
1325	0.06789839
1326	0.08601222
1327	0.08740751
1328	0.06589793
1329	0.02510014
1330	0.13172535
1331	0.07986850
1332	0.06407244
1333	0.15495937
1334	0.13870325
1335	0.11974681
1336	0.15731572
1337	0.21431551
1338	0.12943711
1339	0.05518299
1340	0.04713304
1341	0.16470864
1342	0.10246048
1343	0.10131312
1344	0.02339892
1345	0.09159378
1346	0.06419503
1347	0.04799846
1348	0.01035143
1349	0.09656702
1350	0.16577876
1351	0.05769951
1352	0.03906836
1353	0.01954280
1354	0.09237113
1355	0.00038689
1356	0.00038586
1357	0.03764063
1358	0.11720071
1359	0.15969167
1360	0.00031918
1361	0.04969347
1362	0.01950972
1363	0.05156327
1364	0.03324456
1365	0.05091125
1366	0.08920334
1367	0.12172154
1368	0.02590460
1369	0.14407710
1370	0.02583734
1371	0.14859957
1372	0.10824060
1373	0.07437254
1374	0.02540435
1375	0.05749293
1376	0.17760661
1377	0.12539298
1378	0.05695454
1379	0.09111353
1380	0.03706845
1381	0.04069329
1382	0.08668578
1383	0.04945468
1384	0.13440687
1385	0.13542968
1386	0.11613312
1387	0.07402278
1388	0.05284475
1389	0.13737412
1390	0.05219274
1391	0.05628221
1392	0.13080315
1393	0.05731392
1394	0.11334216
1395	0.02689292
1396	0.02062646
1397	0.08299545
1398	0.09097687
1399	0.00048541
1400	0.00048644
1401	0.00048470
1402	0.11565613
1403	0.10180054
1404	0.18041956
1405	0.13014354
1406	0.05016267
1407	0.07893965
1408	0.05195776
1409	0.06855494
1410	0.05984857
1411	0.05638123
1412	0.14382065
1413	0.10438484
1414	0.02174843
1415	0.18616552
1416	0.00031918
1417	0.11539081
1418	0.02558724
1419	0.20458563
1420	0.00031918
1421	0.00045427
1422	0.00040037
1423	0.09981946
1424	0.10441144
1425	0.15637909
1426	0.04272617
1427	0.15298176
1428	0.00038615
1429	0.00038566
1430	0.09759097
1431	0.03600985
1432	0.05808441
1433	0.02316327
1434	0.05699777
1435	0.19224154
1436	0.05575242
1437	0.08287112
1438	0.09300518
1439	0.08632301
1440	0.12857255
1441	0.04557570
1442	0.07586541
1443	0.00031918
1444	0.04566867
1445	0.16334509
1446	0.13371659
1447	0.05358901
1448	0.01206453
1449	0.05810892
1450	0.02570932
1451	0.16268426
1452	0.03463109
1453	0.04123042
1454	0.05194206
1455	0.13792822
1456	0.06582183
1457	0.06626472
1458	0.07448147
1459	0.05530838
1460	0.01183752
1461	0.04652581
1462	0.06003780
1463	0.07344566
1464	0.03388029
1465	0.10126373
1466	0.06647169
1467	0.09688007
1468	0.09857625
1469	0.16490593
1470	0.04694271
1471	0.05461623
1472	0.11840217
1473	0.00041413
1474	0.02209497
1475	0.00052230
1476	0.00041349
1477	0.00038578
1478	0.11780532
1479	0.03974641
1480	0.16417765
1481	0.09883247
1482	0.06116324
1483	0.04298636
1484	0.07618988
1485	0.05160509
1486	0.10770323
1487	0.04902227
1488	0.15931020
1489	0.10260174
1490	0.05267956
1491	0.05463983
1492	0.10586346
1493	0.17064641
1494	0.08901123
1495	0.00031918
1496	0.05564977
1497	0.00052117
1498	0.12131427
1499	0.10558487
1500	0.02546649
1501	0.02135602
1502	0.00038519
1503	0.00038456
1504	0.13730034
1505	0.22972046
1506	0.02498822
1507	0.05955553
1508	0.00038569
1509	0.00038593
1510	0.00281759
1511	0.01201994
1512	0.04186516
1513	0.05744884
1514	0.02861720
1515	0.04294989
1516	0.01236103
1517	0.05710222
1518	0.15327720
1519	0.15583906
1520	0.05661147
1521	0.02150048
1522	0.03135380
1523	0.00031918
1524	0.15227888
1525	0.00041450
1526	0.10264181
1527	0.04840872
1528	0.03241994
1529	0.11096260
1530	0.10274725
1531	0.00868169
1532	0.04106555
1533	0.08772117
1534	0.09610967
1535	0.02034108
1536	0.09371624
1537	0.06503172
1538	0.05584852
1539	0.04649722
1540	0.04967807
1541	0.06873787
1542	0.00039996
1543	0.00045323
1544	0.08045352
1545	0.05799682
1546	0.10384259
1547	0.09476020
1548	0.03868794
1549	0.05591084
1550	0.05784100
1551	0.17355772
1552	0.02016302
1553	0.04247724
1554	0.20941639
1555	0.09761970
1556	0.00674204
1557	0.07025446
1558	0.00510003
1559	0.06279536
1560	0.13427021
1561	0.00467424
1562	0.21089002
1563	0.04402438
1564	0.00031918
1565	0.09157007
1566	0.03305378
1567	0.14762132
1568	0.07686310
1569	0.06517378
1570	0.10731454
1571	0.15791864
1572	0.16147175
1573	0.05629217
1574	0.11128696
1575	0.08265549
1576	0.05148911
1577	0.05572809
1578	0.14967295
1579	0.05713064
1580	0.02670760
1581	0.00591680
1582	0.05049279
1583	0.07652596
1584	0.18222090
1585	0.00038620
1586	0.00038712
1587	0.08045212
1588	0.05578031
1589	0.09564555
1590	0.11665017
1591	0.04643996
1592	0.04238228
1593	0.07113429
1594	0.08883495
1595	0.19796002
1596	0.07047028
1597	0.02684193
1598	0.05096284
1599	0.01239626
1600	0.00291803
1601	0.16051622
1602	0.03789648
1603	0.03690445
1604	0.10833135
1605	0.09492749
1606	0.01560825
1607	0.07436881
1608	0.14376652
1609	0.08721165
1610	0.06728029
1611	0.01665450
1612	0.11740532
1613	0.05546367
1614	0.05096544
1615	0.02553267
1616	0.07763074
1617	0.13420941
1618	0.04061423
1619	0.05369067
1620	0.03886209
1621	0.02308200
1622	0.01123344
1623	0.05749535
1624	0.08304539
1625	0.03241590
1626	0.05106566
1627	0.19103319
1628	0.06915229
1629	0.05377791
1630	0.03921201
1631	0.10047056
1632	0.13719810
1633	0.00031918
1634	0.06205099
1635	0.05315544
1636	0.04161927
1637	0.07088354
1638	0.19280403
1639	0.06227251
1640	0.02151118
1641	0.09862013
1642	0.00031918
1643	0.12594580
1644	0.04831716
1645	0.05021418
1646	0.08142142
1647	0.02178373
1648	0.11456881
1649	0.11244853
1650	0.08801309
1651	0.03979288
1652	0.00031918
1653	0.08554485
1654	0.16049602
1655	0.05891598
1656	0.07305143
1657	0.04962442
1658	0.00045205
1659	0.00040058
1660	0.00039941
1661	0.16552465
1662	0.09312127
1663	0.11301676
1664	0.11097971
1665	0.04237479
1666	0.00031918
1667	0.24673432
1668	0.05694307
1669	0.05602597
1670	0.02995126
1671	0.00038612
1672	0.00038573
1673	0.13951138
1674	0.17375497
1675	0.01508407
1676	0.01463249
1677	0.03973390
1678	0.20958064
1679	0.07196497
1680	0.09684946
1681	0.00407185
1682	0.15518934
1683	0.05777850
1684	0.07221698
1685	0.09664170
1686	0.03947485
1687	0.05536305
1688	0.05156962
1689	0.03505620
1690	0.07809690
1691	0.05368601
1692	0.02549652
1693	0.00585795
1694	0.00278011
1695	0.00142177
1696	0.02237883
1697	0.05833203
1698	0.00038582
1699	0.07166786
1700	0.05156929
1701	0.07059087
1702	0.01500184
1703	0.14784739
1704	0.05753168
1705	0.00038606
1706	0.00038665
1707	0.01149064
1708	0.02767793
1709	0.05744864
1710	0.06243980
1711	0.05512926
1712	0.05127461
1713	0.05705089
1714	0.02252026
1715	0.05616020
1716	0.05715022
1717	0.00466993
1718	0.05711507
1719	0.05216346
1720	0.03349202
1721	0.05583812
1722	0.04693810
1723	0.00031918
1724	0.01981289
1725	0.05939561
1726	0.10047035
1727	0.00038564
1728	0.00038582
1729	0.01073388
1730	0.05242469
1731	0.05299909
1732	0.08810290
1733	0.00031918
1734	0.02232266
1735	0.05695012
1736	0.07371348
1737	0.02602831
1738	0.15876264
1739	0.12659210
1740	0.13437504
1741	0.00508037
1742	0.00031918
1743	0.00038546
1744	0.00038555
1745	0.09859273
1746	0.04177964
1747	0.04140053
1748	0.04262166
1749	0.01091779
1750	0.08826791
1751	0.03518096
1752	0.07247006
1753	0.16102094
1754	0.07875554
1755	0.10234569
1756	0.06045994
1757	0.04940246
1758	0.00408002
1759	0.01851613
1760	0.11222666
1761	0.15715321
1762	0.05606011
1763	0.22655480
1764	0.09630386
1765	0.10166061
1766	0.06774216
1767	0.04929159
1768	0.05696067
1769	0.02825271
1770	0.00637410
1771	0.09538451
1772	0.07488335
1773	0.03107906
1774	0.04316599
1775	0.16490935
1776	0.13495624
1777	0.05022917
1778	0.01658099
1779	0.00053615
1780	0.00041782
1781	0.05324011
1782	0.07880917
1783	0.00031918
1784	0.04126230
1785	0.01602439
1786	0.00369678
1787	0.05753731
1788	0.00038636
1789	0.00038581
1790	0.00051870
1791	0.00041353
1792	0.00031918
1793	0.00041293
1794	0.06796527
1795	0.15068668
1796	0.00038643
1797	0.00038642
1798	0.00039974
1799	0.00045252
1800	0.05693047
1801	0.06725378
1802	0.01142451
1803	0.05240447
1804	0.05599429
1805	0.05743503
1806	0.02782455
1807	0.14399909
1808	0.07238972
1809	0.04027339
1810	0.03720946
1811	0.06932966
1812	0.12631479
1813	0.06059304
1814	0.02317332
1815	0.02122659
1816	0.03124292
1817	0.01974384
1818	0.00031918
1819	0.00809726
1820	0.00773261
1821	0.00038611
1822	0.00038495
1823	0.03092279
1824	0.14431713
1825	0.09319761
1826	0.03370557
1827	0.05678044
1828	0.00626112
1829	0.04446661
1830	0.11995702
1831	0.07428744
1832	0.05692568
1833	0.05681112
1834	0.04627551
1835	0.10062474
1836	0.17815085
1837	0.13086177
1838	0.05523431
1839	0.00505703
1840	0.04529914
1841	0.01362241
1842	0.04139448
1843	0.06061184
1844	0.00038636
1845	0.00038648
1846	0.00038569
1847	0.02399763
1848	0.00515751
1849	0.13584385
1850	0.00031918
1851	0.05621263
1852	0.01804735
1853	0.02470813
1854	0.01823489
1855	0.05712415
1856	0.09504543
1857	0.02632679
1858	0.05169424
1859	0.04078771
1860	0.05549561
1861	0.07529347
1862	0.17590176
1863	0.02871114
1864	0.01574083
1865	0.08023889
1866	0.02218935
1867	0.05093098
1868	0.08674862
1869	0.00416624
1870	0.00130837
1871	0.11087918
1872	0.02156135
1873	0.04759789
1874	0.02280439
1875	0.02384354
1876	0.05035691
1877	0.12872725
1878	0.04218698
1879	0.05180757
1880	0.03101312
1881	0.00381374
1882	0.09626926
1883	0.03717335
1884	0.00605643
1885	0.03502554
1886	0.00754229
1887	0.04838394
1888	0.10666167
1889	0.00031918
1890	0.02959656
1891	0.01237997
1892	0.02266742
1893	0.00970908
1894	0.02292460
1895	0.04704252
1896	0.02343255
1897	0.05011467
1898	0.01215846
1899	0.05772344
1900	0.01629229
1901	0.03980431
1902	0.06560171
1903	0.01230102
1904	0.06753905
1905	0.00038567
1906	0.15809110
1907	0.05265654
1908	0.02756260
1909	0.17103190
1910	0.13774778
1911	0.05565695
1912	0.13840103
1913	0.00038489
1914	0.00045295
1915	0.00039894
1916	0.00031918
1917	0.00031918
1918	0.00039949
1919	0.00038601
1920	0.00038622
1921	0.10319289
1922	0.10361415
1923	0.04834088
1924	0.10343134
1925	0.03272534
1926	0.10946875
1927	0.00494329
1928	0.09870939
1929	0.10160166
1930	0.10762017
1931	0.01750261
1932	0.00040002
1933	0.00048113
1934	0.00053265
1935	0.05461739
1936	0.03336386
1937	0.18745716
1938	0.02583015
1939	0.07019434
1940	0.05506918
1941	0.07862336
1942	0.06802996
1943	0.13207864
1944	0.03906974
1945	0.07375179
1946	0.00038598
1947	0.00038653
1948	0.07206725
1949	0.19544283
1950	0.13792656
1951	0.05414869
1952	0.05791245
1953	0.11614860
1954	0.04428994
1955	0.01059741
1956	0.00038571
1957	0.00038583
1958	0.05312260
1959	0.05343978
1960	0.03190585
1961	0.00038667
1962	0.00040207
1963	0.04058739
1964	0.03832220
1965	0.08997569
1966	0.04216984
1967	0.00762166
1968	0.06062768
1969	0.05679427
1970	0.14621761
1971	0.00045210
1972	0.00039867
1973	0.00031918
1974	0.05544125
1975	0.16042765
1976	0.00031918
1977	0.09476829
1978	0.07052326
1979	0.12308724
1980	0.05138566
1981	0.04053429
1982	0.05110335
1983	0.09937301
1984	0.00031918
1985	0.01959275
1986	0.00433034
1987	0.07368456
1988	0.05755028
1989	0.07806922
1990	0.02296457
1991	0.04545406
1992	0.08940194
1993	0.06051048
1994	0.06034479
1995	0.10255027
1996	0.07867399
1997	0.05765447
1998	0.01584650
1999	0.00386326
2000	0.10222370
2001	0.08453468
2002	0.10435883
2003	0.12841322
2004	0.01526109
2005	0.00038647
2006	0.00038643
2007	0.01704269
2008	0.05046057
2009	0.03043162
2010	0.04021991
2011	0.02528569
2012	0.00031918
2013	0.11369396
2014	0.12089093
2015	0.02490098
2016	0.01849673
2017	0.00561387
2018	0.04680369
2019	0.01870905
2020	0.01140954
2021	0.09143928
2022	0.03872416
2023	0.00666718
2024	0.18057895
2025	0.00038565
2026	0.00038603
2027	0.01455204
2028	0.07491252
2029	0.01597169
2030	0.03635134
2031	0.07916275
2032	0.05919853
2033	0.00031918
2034	0.00338917
2035	0.09343154
2036	0.00031918
2037	0.07959744
2038	0.02934822
2039	0.05414871
2040	0.09981062
2041	0.10000673
2042	0.04899415
2043	0.00031918
2044	0.06558033
2045	0.10815138
2046	0.00031918
2047	0.00031918
2048	0.02759879
2049	0.05814250
2050	0.05738511
2051	0.04645655
2052	0.05765723
2053	0.05693422
2054	0.00031918
2055	0.08087581
2056	0.12443468
2057	0.01214234
2058	0.04827191
2059	0.07840385
2060	0.04098009
2061	0.05722690
2062	0.00428218
2063	0.13299494
2064	0.02800158
2065	0.00038653
2066	0.00038638
2067	0.05842017
2068	0.02514731
2069	0.11489420
2070	0.07599292
2071	0.05532857
2072	0.13712795
2073	0.00038678
2074	0.00038663
2075	0.01151542
2076	0.01863348
2077	0.09712039
2078	0.11687977
2079	0.02971367
2080	0.05684520
2081	0.16105355
2082	0.01960874
2083	0.09418333
2084	0.04986937
2085	0.05108215
2086	0.04648085
2087	0.06371940
2088	0.09414243
2089	0.12642519
2090	0.15628883
2091	0.00330714
2092	0.05773305
2093	0.00040129
2094	0.05169274
2095	0.03254195
2096	0.12254174
2097	0.07398520
2098	0.11574506
2099	0.02791198
2100	0.00031918
2101	0.04348971
2102	0.03385814
2103	0.00031918
2104	0.04026560
2105	0.14580739
2106	0.11103803
2107	0.05746713
2108	0.09405673
2109	0.02072850
2110	0.00655109
2111	0.04101782
2112	0.04925377
2113	0.00031918
2114	0.04222197
2115	0.13758058
2116	0.13959582
2117	0.01408416
2118	0.07975879
2119	0.12844859
2120	0.02834831
2121	0.05344022
2122	0.08089215
2123	0.00038536
2124	0.00038489
2125	0.02834668
2126	0.01999204
2127	0.05389125
2128	0.06332530
2129	0.07234817
2130	0.03829052
2131	0.03894392
2132	0.14887964
2133	0.09743329
2134	0.03712666
2135	0.05655327
2136	0.01778674
2137	0.03246536
2138	0.03395112
2139	0.06843420
2140	0.05315539
2141	0.00038634
2142	0.00038555
2143	0.01132544
2144	0.00038666
2145	0.00038590
2146	0.02766187
2147	0.05730476
2148	0.01839163
2149	0.07906913
2150	0.05205360
2151	0.03431453
2152	0.04509593
2153	0.02474850
2154	0.00507963
2155	0.05747417
2156	0.06447844
2157	0.05465837
2158	0.03370216
2159	0.01672571
2160	0.04790704
2161	0.05485191
2162	0.12766287
2163	0.14504760
2164	0.09630043
2165	0.05489344
2166	0.02306911
2167	0.03453344
2168	0.05422183
2169	0.02938455
2170	0.00625311
2171	0.15644476
2172	0.01116338
2173	0.00031918
2174	0.01112317
2175	0.06314961
2176	0.05922010
2177	0.05918174
2178	0.05652787
2179	0.05029447
2180	0.06795277
2181	0.01485748
2182	0.02794670
2183	0.13408552
2184	0.00816054
2185	0.04319653
2186	0.02375106
2187	0.01704958
2188	0.05631132
2189	0.05234054
2190	0.02207137
2191	0.14485738
2192	0.01221256
2193	0.05554180
2194	0.04728423
2195	0.03315630
2196	0.05391303
2197	0.05682743
2198	0.02243117
2199	0.00041318
2200	0.00038654
2201	0.08497180
2202	0.06123563
2203	0.14436525
2204	0.00038552
2205	0.00038522
2206	0.03610303
2207	0.15827971
2208	0.02867235
2209	0.05644271
2210	0.00038589
2211	0.00038613
2212	0.09380093
2213	0.00470943
2214	0.08614890
2215	0.04808235
2216	0.10225263
2217	0.05600239
2218	0.10447222
2219	0.11610370
2220	0.01995803
2221	0.00040070
2222	0.12681805
2223	0.00031918
2224	0.01669507
2225	0.11314777
2226	0.09920445
2227	0.05645793
2228	0.05674613
2229	0.13199936
2230	0.05873362
2231	0.02765992
2232	0.00038677
2233	0.00038549
2234	0.00038613
2235	0.00038655
2236	0.00038645
2237	0.00038621
2238	0.09529341
2239	0.00038610
2240	0.00038635
2241	0.08717576
2242	0.06739805
2243	0.07122366
2244	0.09007231
2245	0.04822728
2246	0.07072068
2247	0.05646517
2248	0.05000924
2249	0.03022141
2250	0.06722174
2251	0.02583983
2252	0.16809292
2253	0.10703742
2254	0.10712571
2255	0.03027578
2256	0.01436051
2257	0.07557766
2258	0.09869777
2259	0.06133288
2260	0.05720094
2261	0.05729962
2262	0.00595062
2263	0.01276853
2264	0.13014026
2265	0.04849572
2266	0.02245427
2267	0.01497951
2268	0.05721398
2269	0.00039914
2270	0.00031918
2271	0.04348833
2272	0.01760195
2273	0.05090619
2274	0.08320706
2275	0.14692044
2276	0.07635566
2277	0.11891469
2278	0.00031918
2279	0.01773217
2280	0.10250954
2281	0.05672813
2282	0.05723937
2283	0.03246781
2284	0.05412701
2285	0.05834417
2286	0.01292006
2287	0.08810702
2288	0.00200970
2289	0.02189945
2290	0.02578746
2291	0.04431263
2292	0.05150691
2293	0.05750282
2294	0.19296012
2295	0.14272594
2296	0.05248064
2297	0.05505046
2298	0.02078485
2299	0.00031918
2300	0.09890899
2301	0.01331966
2302	0.06790313
2303	0.07811382
2304	0.03830472
2305	0.00031918
2306	0.02231279
2307	0.00761222
2308	0.09802958
2309	0.07610256
2310	0.04741320
2311	0.06355291
2312	0.04744836
2313	0.04301309
2314	0.04272229
2315	0.05527026
2316	0.09105364
2317	0.02873163
2318	0.08053189
2319	0.05714303
2320	0.02175760
2321	0.03600030
2322	0.03901414
2323	0.05667531
2324	0.00345690
2325	0.09766811
2326	0.08105553
2327	0.09463978
2328	0.00294138
2329	0.01200815
2330	0.05311740
2331	0.17352961
2332	0.05119242
2333	0.10190543
2334	0.00297058
2335	0.07512634
2336	0.01327673
2337	0.01036597
2338	0.00261771
2339	0.05543646
2340	0.03748176
2341	0.05637998
2342	0.00456329
2343	0.15929544
2344	0.10093978
2345	0.00045175
2346	0.00039964
2347	0.00045185
2348	0.05181433
2349	0.05270802
2350	0.07456338
2351	0.10054619
2352	0.03287002
2353	0.10016009
2354	0.03505694
2355	0.05250011
2356	0.02858461
2357	0.05715625
2358	0.00363756
2359	0.01213417
2360	0.05796204
2361	0.00038598
2362	0.00038592
2363	0.00705159
2364	0.03165393
2365	0.05780389
2366	0.05570384
2367	0.05379678
2368	0.00687383
2369	0.08716527
2370	0.05920035
2371	0.02346595
2372	0.12270836
2373	0.13313647
2374	0.05586095
2375	0.01586447
2376	0.04096499
2377	0.00099082
2378	0.00031918
2379	0.09862109
2380	0.05659785
2381	0.00349092
2382	0.03089940
2383	0.00732451
2384	0.02771403
2385	0.08645147
2386	0.05560428
2387	0.02461720
2388	0.10777798
2389	0.00031918
2390	0.05390696
2391	0.05424105
2392	0.05773669
2393	0.02304036
2394	0.00039922
2395	0.07327042
2396	0.03380650
2397	0.05659381
2398	0.05307726
2399	0.05755833
2400	0.09848451
2401	0.04149187
2402	0.01588136
2403	0.06775274
2404	0.10125894
2405	0.01368973
2406	0.00031918
2407	0.05467885
2408	0.00040066
2409	0.02099513
2410	0.04511662
2411	0.06596704
2412	0.05981611
2413	0.07484064
2414	0.05470426
2415	0.03081031
2416	0.02825512
2417	0.04309229
2418	0.00315332
2419	0.04178504
2420	0.08280777
2421	0.09093216
2422	0.08899792
2423	0.05825429
2424	0.00299939
2425	0.00094243
2426	0.00038659
2427	0.03737838
2428	0.15348785
2429	0.02427484
2430	0.01630294
2431	0.00038546
2432	0.00038599
2433	0.00031918
2434	0.06768091
2435	0.04118686
2436	0.03189238
2437	0.00041549
2438	0.01213644
2439	0.08980744
2440	0.05677141
2441	0.06545803
2442	0.01078064
2443	0.00038629
2444	0.00038701
2445	0.07599790
2446	0.11997817
2447	0.04608499
2448	0.00371080
2449	0.07576225
2450	0.04251056
2451	0.03455099
2452	0.07612038
2453	0.04186124
2454	0.05675148
2455	0.01249473
2456	0.12879701
2457	0.00031918
2458	0.05540145
2459	0.04141018
2460	0.01164860
2461	0.00031918
2462	0.04172937
2463	0.05953733
2464	0.04005909
2465	0.00041362
2466	0.09382265
2467	0.02447015
2468	0.04678861
2469	0.07639726
2470	0.00038653
2471	0.00038649
2472	0.03103586
2473	0.05681680
2474	0.00031918
2475	0.07717009
2476	0.04245669
2477	0.15320485
2478	0.05372174
2479	0.02192228
2480	0.00737885
2481	0.03624345
2482	0.05984504
2483	0.01158434
2484	0.05553063
2485	0.05411357
2486	0.01644080
2487	0.04593370
2488	0.04142613
2489	0.02095528
2490	0.01473804
2491	0.00882056
2492	0.03746505
2493	0.05651649
2494	0.00220061
2495	0.07654396
2496	0.10145090
2497	0.00405117
2498	0.01797173
2499	0.09611558
2500	0.05356392
2501	0.10145047
2502	0.00039985
2503	0.03245613
2504	0.04124435
2505	0.00038612
2506	0.00038568
2507	0.00045323
2508	0.00040026
2509	0.00933071
2510	0.00031918
2511	0.09930340
2512	0.02944403
2513	0.10996237
2514	0.11177620
2515	0.00039971
2516	0.00045224
2517	0.05640391
2518	0.05739662
2519	0.04645360
2520	0.00048479
2521	0.05678047
2522	0.02365741
2523	0.05208814
2524	0.03659889
2525	0.03705984
2526	0.08908633
2527	0.00031918
2528	0.07105745
2529	0.02911600
2530	0.08328631
2531	0.00269513
2532	0.01466077
2533	0.06225367
2534	0.05644984
2535	0.01056962
2536	0.03310741
2537	0.00031918
2538	0.03835013
2539	0.00531762
2540	0.12055537
2541	0.09326954
2542	0.04506998
2543	0.05716741
2544	0.02497338
2545	0.05824993
2546	0.11669471
2547	0.05180336
2548	0.01102112
2549	0.00038585
2550	0.05400941
2551	0.03331510
2552	0.11808573
2553	0.00152525
2554	0.05693151
2555	0.05756823
2556	0.01665362
2557	0.05745883
2558	0.01976677
2559	0.02034008
2560	0.00031918
2561	0.00264059
2562	0.01079173
2563	0.00038583
2564	0.00038541
2565	0.08949650
2566	0.07463136
2567	0.05171706
2568	0.09089055
2569	0.03278319
2570	0.03482713
2571	0.12298655
2572	0.00031918
2573	0.13823901
2574	0.05091120
2575	0.08030672
2576	0.07306116
2577	0.00041538
2578	0.00031918
2579	0.04292275
2580	0.01183362
2581	0.00031918
2582	0.02242564
2583	0.02641134
2584	0.01860822
2585	0.05762269
2586	0.05709989
2587	0.05702707
2588	0.04228403
2589	0.06357172
2590	0.00250596
2591	0.01101242
2592	0.05384956
2593	0.05718554
2594	0.05482785
2595	0.07384035
2596	0.00803727
2597	0.12102841
2598	0.05048124
2599	0.00594578
2600	0.04146631
2601	0.03716107
2602	0.00045620
2603	0.00092212
2604	0.02081448
2605	0.09440105
2606	0.00492928
2607	0.00038620
2608	0.00660309
2609	0.09115276
2610	0.03987086
2611	0.05651471
2612	0.08238101
2613	0.00038512
2614	0.00038631
2615	0.02242871
2616	0.01032040
2617	0.04719754
2618	0.05302848
2619	0.02760172
2620	0.00031918
2621	0.05308264
2622	0.05397060
2623	0.05572163
2624	0.05574120
2625	0.03262762
2626	0.07501250
2627	0.00031918
2628	0.06190780
2629	0.02341387
2630	0.04411295
2631	0.05704830
2632	0.05676506
2633	0.08527835
2634	0.02903325
2635	0.03370685
2636	0.05684333
2637	0.05503136
2638	0.05672214
2639	0.03755907
2640	0.01589777
2641	0.00040074
2642	0.06009611
2643	0.13163406
2644	0.05303697
2645	0.00031918
2646	0.05025704
2647	0.05678065
2648	0.04120358
2649	0.00996072
2650	0.00612790
2651	0.05730624
2652	0.01353999
2653	0.02522373
2654	0.02658594
2655	0.00040005
2656	0.00090827
2657	0.00265488
2658	0.00342007
2659	0.07803756
2660	0.00038622
2661	0.00038613
2662	0.02149284
2663	0.05755395
2664	0.02015854
2665	0.06376173
2666	0.02614047
2667	0.05696201
2668	0.06107051
2669	0.10057067
2670	0.00038669
2671	0.00038640
2672	0.01256592
2673	0.02262795
2674	0.00373844
2675	0.05743166
2676	0.04846511
2677	0.03572961
2678	0.00031918
2679	0.05645251
2680	0.07938636
2681	0.05071090
2682	0.01990931
2683	0.08721627
2684	0.01232896
2685	0.05730720
2686	0.00190511
2687	0.00040053
2688	0.00045393
2689	0.00041406
2690	0.04305966
2691	0.00727304
2692	0.05734013
2693	0.09625607
2694	0.05605312
2695	0.02244046
2696	0.04500924
2697	0.02454793
2698	0.01228947
2699	0.10283945
2700	0.05919894
2701	0.01921036
2702	0.00180642
2703	0.01550413
2704	0.07772686
2705	0.03901876
2706	0.00041643
2707	0.05618944
2708	0.05350442
2709	0.02047065
2710	0.05605665
2711	0.02180753
2712	0.02230669
2713	0.00031918
2714	0.00371476
2715	0.00031918
2716	0.04312899
2717	0.00038632
2718	0.00038606
2719	0.04191126
2720	0.00442402
2721	0.04041962
2722	0.01575630
2723	0.02137815
2724	0.12891023
2725	0.00031918
2726	0.05765796
2727	0.06251888
2728	0.05773136
2729	0.02877796
2730	0.00652207
2731	0.04392017
2732	0.00031918
2733	0.01550583
2734	0.00041934
2735	0.05355186
2736	0.05622035
2737	0.02860619
2738	0.05767672
2739	0.00031918
2740	0.04122976
2741	0.04715956
2742	0.02957069
2743	0.13721395
2744	0.04732443
2745	0.02190748
2746	0.02246816
2747	0.05585688
2748	0.05438688
2749	0.05349656
2750	0.01068684
2751	0.05710193
2752	0.01254443
2753	0.00041350
2754	0.07016188
2755	0.01225182
2756	0.00564160
2757	0.00045276
2758	0.00039959
2759	0.00040099
2760	0.03353607
2761	0.05699070
2762	0.01773320
2763	0.00965035
2764	0.00031918
2765	0.01714560
2766	0.03987963
2767	0.03308479
2768	0.05724338
2769	0.02530741
2770	0.05783881
2771	0.05757141
2772	0.00038559
2773	0.00561803
2774	0.01377657
2775	0.05221274
2776	0.09686463
2777	0.00436853
2778	0.02033125
2779	0.04187473
2780	0.05244277
2781	0.00566887
2782	0.13302749
2783	0.02209371
2784	0.03076168
2785	0.00038600
2786	0.00038704
2787	0.05195245
2788	0.04767859
2789	0.03322329
2790	0.04563323
2791	0.13705947
2792	0.00891141
2793	0.05876465
2794	0.03321685
2795	0.04371896
2796	0.01210518
2797	0.06596686
2798	0.03952885
2799	0.02271848
2800	0.04746873
2801	0.05084138
2802	0.00601683
2803	0.03665015
2804	0.05238170
2805	0.00031918
2806	0.05087816
2807	0.03896292
2808	0.03609023
2809	0.03572601
2810	0.00717203
2811	0.01234382
2812	0.03336552
2813	0.05145665
2814	0.00031918
2815	0.06673917
2816	0.04306135
2817	0.02757505
2818	0.05455032
2819	0.02536109
2820	0.01870632
2821	0.04625268
2822	0.00038707
2823	0.05467620
2824	0.05602490
2825	0.02179890
2826	0.00993281
2827	0.05509706
2828	0.01465102
2829	0.00565032
2830	0.00554470
2831	0.03609651
2832	0.01146754
2833	0.05755914
2834	0.05403327
2835	0.05476530
2836	0.07075614
2837	0.06116415
2838	0.04872139
2839	0.00031918
2840	0.01240751
2841	0.08085913
2842	0.04054005
2843	0.05147630
2844	0.04716564
2845	0.01040113
2846	0.02849432
2847	0.00031918
2848	0.01860525
2849	0.03046653
2850	0.03516211
2851	0.05201023
2852	0.05589436
2853	0.00452987
2854	0.00039988
2855	0.03382958
2856	0.04267195
2857	0.00551863
2858	0.00975173
2859	0.01162216
2860	0.05382262
2861	0.02288043
2862	0.02733287
2863	0.01878579
2864	0.04348200
2865	0.03346404
2866	0.02170746
2867	0.03094808
2868	0.05797415
2869	0.02232536
2870	0.00307130
2871	0.05737987
2872	0.04676451
2873	0.06070589
2874	0.00753994
2875	0.00031918
2876	0.00383574
2877	0.00997141
2878	0.04537850
2879	0.00031918
2880	0.00409939
2881	0.01195621
2882	0.00031918
2883	0.04271283
2884	0.00031918
2885	0.01068398
2886	0.03405201
2887	0.00185639
2888	0.05420926
2889	0.01592518
2890	0.02854054
2891	0.04869028
2892	0.04914107
2893	0.05744786
2894	0.03544190
2895	0.04737540
2896	0.03269049
2897	0.05692710
2898	0.04002239
2899	0.04977348
2900	0.00982063
2901	0.00038531
2902	0.00038582
2903	0.03961436
2904	0.01308278
2905	0.00038687
2906	0.00038621
2907	0.03414797
2908	0.04265517
2909	0.05725667
2910	0.05794213
2911	0.01304353
2912	0.03871052
2913	0.00038739
2914	0.00038641
2915	0.05590484
2916	0.01214561
2917	0.00539969
2918	0.05565341
2919	0.03686958
2920	0.05690471
2921	0.01579203
2922	0.02830900
2923	0.01288634
2924	0.05628545
2925	0.04474482
2926	0.03843105
2927	0.05057261
2928	0.05066603
2929	0.04653163
2930	0.05752620
2931	0.01724696
2932	0.03244575
2933	0.05240216
2934	0.05297538
2935	0.04156880
2936	0.00038513
2937	0.00038538
2938	0.04849615
2939	0.02254100
2940	0.05708309
2941	0.06226725
2942	0.01839067
2943	0.00921164
2944	0.00038705
2945	0.00038629
2946	0.09133496
2947	0.01954257
2948	0.00031918
2949	0.03393491
2950	0.05597609
2951	0.02366838
2952	0.02822289
2953	0.08910140
2954	0.04950248
2955	0.00925739
2956	0.01840564
2957	0.00859616
2958	0.00031918
2959	0.00508770
2960	0.02867946
2961	0.02806411
2962	0.05835814
2963	0.04169380
2964	0.05339538
2965	0.02777035
2966	0.00358827
2967	0.00045164
2968	0.00039915
2969	0.06431007
2970	0.00031918
2971	0.01811031
2972	0.05279589
2973	0.00039987
2974	0.00842497
2975	0.00031918
2976	0.05281704
2977	0.05560932
2978	0.00038524
2979	0.00038556
2980	0.01390954
2981	0.00331152
2982	0.05724453
2983	0.00031918
2984	0.08984093
2985	0.02508606
2986	0.02873612
2987	0.04903378
2988	0.03895375
2989	0.03949939
2990	0.05755012
2991	0.00031918
2992	0.05673438
2993	0.00031918
2994	0.04299836
2995	0.03192043
2996	0.03353362
2997	0.03112034
2998	0.00451194
2999	0.04234993
3000	0.00040002
3001	0.00656545
3002	0.05857773
3003	0.01631775
3004	0.03838170
3005	0.00040596
3006	0.04081966
3007	0.00031918
3008	0.01962303
3009	0.00827258
3010	0.03777888
3011	0.02271360
3012	0.00038601
3013	0.00038552
3014	0.02744027
3015	0.04907712
3016	0.03872528
3017	0.05758401
3018	0.05631833
3019	0.03210099
3020	0.01859934
3021	0.00031918
3022	0.04254193
3023	0.00031918
3024	0.05552074
3025	0.00031918
3026	0.00031918
3027	0.05692851
3028	0.03082167
3029	0.05440541
3030	0.05157700
3031	0.06533474
3032	0.00625646
3033	0.09649174
3034	0.04432042
3035	0.05577508
3036	0.00280186
3037	0.01856966
3038	0.00336401
3039	0.05652328
3040	0.00038617
3041	0.05664110
3042	0.05438045
3043	0.00039895
3044	0.08916174
3045	0.00729943
3046	0.02396537
3047	0.01037563
3048	0.05507023
3049	0.00329607
3050	0.05231138
3051	0.00040007
3052	0.05585745
3053	0.01954408
3054	0.05644123
3055	0.03313593
3056	0.00039946
3057	0.00031918
3058	0.02628603
3059	0.03360301
3060	0.04884211
3061	0.05319508
3062	0.00725052
3063	0.03842136
3064	0.02619256
3065	0.00852514
3066	0.03194314
3067	0.03301074
3068	0.05250121
3069	0.05772998
3070	0.02007648
3071	0.00031918
3072	0.00309205
3073	0.05579543
3074	0.00039883
3075	0.02429154
3076	0.00031918
3077	0.00040500
3078	0.00031918
3079	0.05604398
3080	0.05759745
3081	0.04964718
3082	0.04152344
3083	0.01168637
3084	0.01208430
3085	0.05700425
3086	0.05669447
3087	0.05749341
3088	0.00537325
3089	0.05820819
3090	0.05596098
3091	0.09061195
3092	0.00990319
3093	0.01648749
3094	0.04769746
3095	0.04473855
3096	0.00031918
3097	0.05692098
3098	0.05658277
3099	0.04129079
3100	0.00561402
3101	0.00040043
3102	0.04018609
3103	0.03871441
3104	0.00716112
3105	0.00031918
3106	0.05079712
3107	0.01241441
3108	0.00031918
3109	0.01309805
3110	0.05740908
3111	0.03955862
3112	0.01247997
3113	0.05699962
3114	0.00031918
3115	0.05322037
3116	0.00119950
3117	0.03135310
3118	0.00099793
3119	0.00040090
3120	0.04780497
3121	0.00957685
3122	0.03789787
3123	0.02859533
3124	0.01229267
3125	0.05740760
3126	0.01541311
3127	0.02237657
3128	0.05643838
3129	0.03940447
3130	0.00038578
3131	0.00038530
3132	0.02808635
3133	0.04526445
