0	0.69144719
1	0.65245925
2	0.61692801
3	0.66198240
4	0.47073483
5	0.59972262
6	0.57695888
7	0.64801835
8	0.69062307
9	0.69063206
10	0.69095521
11	0.69185116
12	0.69089026
13	0.69178891
14	0.69080936
15	0.68951251
16	0.68143326
17	0.68082959
18	0.68996262
19	0.66281730
20	0.68374052
21	0.67627513
22	0.62460330
23	0.68974277
24	0.67682629
25	0.64042300
26	0.61706944
27	0.67722787
28	0.67240382
29	0.68577633
30	0.66987139
31	0.68732390
32	0.65629453
33	0.66366382
34	0.67731670
35	0.67600801
36	0.64677738
37	0.58342697
38	0.67536614
39	0.63554644
40	0.59361843
41	0.62025303
42	0.65451281
43	0.64224966
44	0.67918742
45	0.66427963
46	0.66987079
47	0.60060300
48	0.62983880
49	0.54927880
50	0.53322712
51	0.58623558
52	0.61237948
53	0.64516899
54	0.66678307
55	0.63376337
56	0.59467633
57	0.57073154
58	0.54098951
59	0.65128944
60	0.59426360
61	0.58758966
62	0.60603528
63	0.63889790
64	0.64551858
65	0.63501213
66	0.63456434
67	0.62909476
68	0.46620772
69	0.64508075
70	0.63435708
71	0.64472037
72	0.60113581
73	0.53526367
74	0.61560067
75	0.59578742
76	0.63510787
77	0.61574667
78	0.59714652
79	0.59583243
80	0.56813655
81	0.52860682
82	0.51245760
83	0.55950202
84	0.60636734
85	0.56372030
86	0.58869783
87	0.56317184
88	0.57396367
89	0.57891978
90	0.55363011
91	0.62654390
92	0.54260330
93	0.54302225
94	0.53097184
95	0.58347498
96	0.61143011
97	0.55552157
98	0.57071768
99	0.53012427
100	0.58608704
101	0.60057281
102	0.58874989
103	0.45910667
104	0.55589056
105	0.57892689
106	0.51581094
107	0.56847281
108	0.52625655
109	0.53667446
110	0.56745221
111	0.58341521
112	0.54330742
113	0.52882382
114	0.54514472
115	0.51658404
116	0.55774779
117	0.59146787
118	0.60567730
119	0.47495423
120	0.52625723
121	0.46926869
122	0.55529041
123	0.44729476
124	0.52404869
125	0.52914592
126	0.60492944
127	0.52430217
128	0.52125131
129	0.48365116
130	0.50604966
131	0.45716801
132	0.49395543
133	0.41395371
134	0.50087011
135	0.55303835
136	0.55560921
137	0.51173918
138	0.55001446
139	0.50950846
140	0.56401243
141	0.48815940
142	0.52448981
143	0.52138914
144	0.58022037
145	0.52264030
146	0.55889288
147	0.49323828
148	0.55750674
149	0.50179236
150	0.49333498
151	0.47137693
152	0.49407079
153	0.51030000
154	0.49149640
155	0.46355715
156	0.52464757
157	0.49445431
158	0.54345618
159	0.50992135
160	0.47148584
161	0.44523468
162	0.40078442
163	0.43898936
164	0.50399775
165	0.47848884
166	0.48120674
167	0.46374547
168	0.53704052
169	0.45334127
170	0.51564584
171	0.56733910
172	0.47799483
173	0.44372614
174	0.42832966
175	0.50065094
176	0.49114562
177	0.44759618
178	0.50120704
179	0.46510622
180	0.52726067
181	0.45921670
182	0.48891813
183	0.49982135
184	0.48270045
185	0.52786936
186	0.51814097
187	0.42427850
188	0.48526375
189	0.46071596
190	0.45611258
191	0.47579843
192	0.42877139
193	0.42770195
194	0.51468112
195	0.49580300
196	0.43231760
197	0.48782599
198	0.46083049
199	0.47823423
200	0.42989678
201	0.47375805
202	0.46202442
203	0.39069243
204	0.49114921
205	0.47762375
206	0.43336682
207	0.43958584
208	0.44346180
209	0.44650060
210	0.45653333
211	0.43313049
212	0.46111483
213	0.47127041
214	0.49924352
215	0.45702037
216	0.51757438
217	0.41371378
218	0.44370427
219	0.41528097
220	0.44480150
221	0.45495865
222	0.46461169
223	0.40536330
224	0.48403506
225	0.42411978
226	0.43220936
227	0.41803034
228	0.43004839
229	0.46948030
230	0.49157498
231	0.46529184
232	0.49475873
233	0.45109453
234	0.47297835
235	0.43783408
236	0.46012607
237	0.44415670
238	0.49265318
239	0.45949948
240	0.43680202
241	0.44032195
242	0.44472524
243	0.40628801
244	0.40741446
245	0.42095948
246	0.42528045
247	0.47226682
248	0.47434397
249	0.47557610
250	0.55741513
251	0.44949071
252	0.42478719
253	0.41689176
254	0.39092891
255	0.42202434
256	0.42843468
257	0.42533408
258	0.46434277
259	0.43186689
260	0.41086876
261	0.42611506
262	0.45774127
263	0.44631109
264	0.53607161
265	0.46465326
266	0.46900007
267	0.42571408
268	0.43447416
269	0.41204494
270	0.40936479
271	0.37462075
272	0.42206030
273	0.44761176
274	0.42716375
275	0.41372622
276	0.41397895
277	0.39700929
278	0.38032412
279	0.42697573
280	0.39218015
281	0.43462127
282	0.39716959
283	0.40814075
284	0.43644285
285	0.41554899
286	0.36863783
287	0.41059978
288	0.48200090
289	0.38708764
290	0.40979206
291	0.45715034
292	0.39784869
293	0.42699783
294	0.44791154
295	0.44889243
296	0.41472637
297	0.48165543
298	0.40300457
299	0.40473820
300	0.38806247
301	0.42165700
302	0.41975243
303	0.43079813
304	0.41154569
305	0.48091041
306	0.39840562
307	0.40819228
308	0.41464277
309	0.43340292
310	0.38977064
311	0.42692801
312	0.41922787
313	0.47828090
314	0.36951326
315	0.46250397
316	0.45522674
317	0.41070584
318	0.40700757
319	0.39799700
320	0.42474030
321	0.40981513
322	0.38295184
323	0.39026884
324	0.40526951
325	0.39847221
326	0.40962674
327	0.38428232
328	0.39458419
329	0.42115835
330	0.44527640
331	0.37776996
332	0.38840262
333	0.40087670
334	0.36885858
335	0.36491206
336	0.43651326
337	0.41459206
338	0.43542816
339	0.40398390
340	0.38584944
341	0.36447700
342	0.38055805
343	0.42268022
344	0.42585873
345	0.38933401
346	0.39868217
347	0.37026202
348	0.39794532
349	0.41785745
350	0.42996037
351	0.41960787
352	0.39272404
353	0.44645723
354	0.39197318
355	0.35537468
356	0.35037536
357	0.40156315
358	0.40971146
359	0.36155738
360	0.43477963
361	0.37790330
362	0.37305393
363	0.39785154
364	0.39411715
365	0.39439146
366	0.35889393
367	0.39292772
368	0.40296509
369	0.39185858
370	0.39070569
371	0.36848397
372	0.41382966
373	0.35812390
374	0.38499026
375	0.40177663
376	0.39500652
377	0.36256667
378	0.42707079
379	0.37293401
380	0.35757019
381	0.41642464
382	0.37808846
383	0.35397685
384	0.37172787
385	0.40211094
386	0.40841146
387	0.37975333
388	0.41627625
389	0.36958075
390	0.36931236
391	0.40644757
392	0.38584030
393	0.37830285
394	0.41981588
395	0.37159603
396	0.37160637
397	0.39407903
398	0.37686360
399	0.39355498
400	0.38076247
401	0.37098479
402	0.35426846
403	0.40183446
404	0.39654614
405	0.36631169
406	0.35056210
407	0.38144532
408	0.40482562
409	0.41562906
410	0.39779581
411	0.42810981
412	0.40235049
413	0.39211243
414	0.41313640
415	0.38799813
416	0.35691004
417	0.36956989
418	0.39337506
419	0.38926330
420	0.39207895
421	0.42015296
422	0.39486532
423	0.37531468
424	0.38302135
425	0.36197880
426	0.35158667
427	0.37323521
428	0.37726562
429	0.36805176
430	0.36500202
431	0.36097618
432	0.37514906
433	0.36702682
434	0.38142067
435	0.31941326
436	0.36716659
437	0.39182015
438	0.38847551
439	0.36546667
440	0.36512390
441	0.37277386
442	0.39662757
443	0.39407813
444	0.37186037
