0	0.67664123
1	0.52990576
2	0.65991908
3	0.55821486
4	0.66649444
5	0.66678420
6	0.67100917
7	0.67214076
8	0.63198688
9	0.67640060
10	0.67638059
11	0.67612704
12	0.67337075
13	0.67691339
14	0.67358668
15	0.67400248
16	0.65188186
17	0.67492256
18	0.67614645
19	0.66027831
20	0.66876941
21	0.65764391
22	0.65364558
23	0.61381680
24	0.65980509
25	0.67581573
26	0.63618621
27	0.67321165
28	0.64992597
29	0.66607570
30	0.65387175
31	0.64019331
32	0.66238320
33	0.62430663
34	0.62944116
35	0.65502564
36	0.62838748
37	0.63753641
38	0.59538052
39	0.61783989
40	0.65332001
41	0.61345743
42	0.54200689
43	0.65225422
44	0.59391292
45	0.62411734
46	0.53348461
47	0.65889866
48	0.63745529
49	0.63098481
50	0.65111473
51	0.59457075
52	0.62782242
53	0.63233133
54	0.63014960
55	0.51877095
56	0.58785301
57	0.58144351
58	0.55806640
59	0.61276794
60	0.65277664
61	0.59073353
62	0.56936191
63	0.55037149
64	0.64225857
65	0.58728762
66	0.63834016
67	0.51970040
68	0.53022677
69	0.57745743
70	0.60134190
71	0.63608956
72	0.52360395
73	0.60507537
74	0.61486881
75	0.53004565
76	0.59561867
77	0.60277216
78	0.59512684
79	0.53726205
80	0.56399398
81	0.61518809
82	0.60732784
83	0.49265248
84	0.54382497
85	0.51304866
86	0.54150207
87	0.41995843
88	0.47312309
89	0.59749438
90	0.51699023
91	0.60214311
92	0.54333922
93	0.52649290
94	0.51021908
95	0.62440924
96	0.61708628
97	0.45978052
98	0.58964043
99	0.55701319
100	0.48688159
101	0.55827430
102	0.57608387
103	0.44621426
104	0.56866151
105	0.52335448
106	0.55986111
107	0.50494572
108	0.52633246
109	0.53400214
110	0.51407778
111	0.48596580
112	0.54948588
113	0.57723661
114	0.55663788
115	0.48225301
116	0.46512456
117	0.56112122
118	0.54805127
119	0.45789344
120	0.46972671
121	0.54128688
122	0.58886486
123	0.51834150
124	0.55009685
125	0.52065495
126	0.54406205
127	0.54317610
128	0.53098153
129	0.56861620
130	0.56468715
131	0.50849458
132	0.49549538
133	0.47412697
134	0.50780388
135	0.46477805
136	0.49297477
137	0.50107825
138	0.52555964
139	0.51291553
140	0.45671827
141	0.41416017
142	0.41908146
143	0.45886988
144	0.46644672
145	0.51535850
146	0.52354645
147	0.48711078
148	0.56502564
149	0.55790957
150	0.43133521
151	0.43308963
152	0.44581807
153	0.45167544
154	0.52978186
155	0.46197336
156	0.49436613
157	0.50662209
158	0.51318025
159	0.45105997
160	0.46709357
161	0.48168099
162	0.55928005
163	0.43529933
164	0.45857550
165	0.42002162
166	0.44243280
167	0.43522758
168	0.50928748
169	0.53410080
170	0.45677102
171	0.49917122
172	0.41812062
173	0.57756104
174	0.44547550
175	0.41569531
176	0.48301345
177	0.55207182
178	0.42972537
179	0.43102142
180	0.42035609
181	0.50579070
182	0.41812771
183	0.48099150
184	0.48841131
185	0.52490622
186	0.40624705
187	0.50059398
188	0.48324465
189	0.52019605
190	0.56300234
191	0.49998681
192	0.45153400
193	0.44033039
194	0.48528246
195	0.49898307
196	0.47875482
197	0.45919612
198	0.49131319
199	0.40883755
200	0.47186740
201	0.39527577
202	0.48120502
203	0.51099244
204	0.44738614
205	0.40348387
206	0.46452195
207	0.39194491
208	0.48437965
209	0.41653862
210	0.44349592
211	0.44747410
212	0.40997463
213	0.44528373
214	0.48753882
215	0.45404511
216	0.43315295
217	0.46395609
218	0.49326693
219	0.44396760
220	0.42944639
221	0.44944833
222	0.37223005
223	0.45589719
224	0.40276680
225	0.43881627
226	0.44225315
227	0.42251004
228	0.43659759
229	0.43446111
230	0.42476285
231	0.41769833
232	0.45671151
233	0.41623648
234	0.43616205
235	0.45300656
236	0.44932584
237	0.43350930
238	0.44003280
239	0.41800736
240	0.40856714
241	0.39093681
242	0.40747644
243	0.44342195
244	0.41828989
245	0.39550643
246	0.39568641
247	0.45853079
248	0.46964264
249	0.46503166
250	0.47209458
251	0.45545830
252	0.49616171
253	0.49135194
254	0.43707691
255	0.44828635
256	0.41934926
257	0.39215040
258	0.47639893
259	0.39408434
260	0.44394759
261	0.38966754
262	0.45336720
263	0.42233066
264	0.40846098
265	0.38839304
266	0.36206600
267	0.41150147
268	0.43726861
269	0.37716459
270	0.44963193
271	0.40675977
272	0.38497999
273	0.46760274
274	0.48529116
275	0.42481232
276	0.44844137
277	0.44366526
278	0.48762677
279	0.44791988
280	0.36774612
281	0.42992912
282	0.43916921
283	0.43687718
284	0.39611452
285	0.37537610
286	0.43780582
287	0.40840368
288	0.40208588
289	0.43160622
290	0.45268206
291	0.38449391
292	0.44491787
293	0.44405060
294	0.40768815
295	0.41236232
296	0.37250810
297	0.40747778
298	0.35856961
299	0.41065843
300	0.43071232
301	0.45110770
302	0.37287343
303	0.41485776
304	0.42257992
305	0.41407564
306	0.41176452
307	0.41335562
308	0.40523869
309	0.44169685
310	0.38959083
311	0.38002363
312	0.39099311
313	0.43038353
314	0.41387604
315	0.42500348
316	0.46667985
317	0.35254210
318	0.39802162
319	0.35174940
320	0.47240710
321	0.38463079
322	0.41981386
323	0.37479190
324	0.39149712
325	0.41948494
326	0.38121446
327	0.35311519
328	0.42251894
329	0.44103494
330	0.46317664
331	0.42333715
332	0.36370348
333	0.39754806
334	0.43570950
335	0.41383012
336	0.32401071
337	0.41753494
338	0.38853327
339	0.44306687
340	0.35220683
341	0.40829505
342	0.41905817
343	0.38541620
344	0.43408983
345	0.37054029
346	0.39357845
347	0.39906714
348	0.41411948
349	0.36556981
350	0.42519558
351	0.40655054
352	0.40399659
353	0.38692784
354	0.35053447
355	0.37691573
356	0.39156807
357	0.41623220
358	0.40009123
359	0.37627055
360	0.39409465
361	0.37324933
362	0.36809183
363	0.39806031
364	0.38364819
365	0.36192383
366	0.41955502
367	0.39198005
368	0.38499036
369	0.39535455
370	0.42334317
371	0.42159444
372	0.37752035
373	0.37253722
374	0.40961841
375	0.42256111
376	0.42748601
377	0.37691807
378	0.39349210
379	0.36208420
380	0.40988541
381	0.41299531
382	0.35976560
383	0.37203253
384	0.38165040
385	0.40470375
386	0.39799023
387	0.36622965
388	0.37777570
389	0.39380770
390	0.37374143
391	0.36778896
392	0.37674772
393	0.34617276
394	0.39194043
395	0.41737564
396	0.39016780
397	0.42394096
398	0.40369511
399	0.44068414
400	0.35460790
401	0.41317102
402	0.36677597
403	0.40629993
404	0.40133400
405	0.35305656
406	0.43730141
407	0.32196272
408	0.39365482
409	0.38431734
410	0.43644960
411	0.38063119
412	0.37485107
413	0.40062155
414	0.36060649
415	0.33313360
416	0.36954337
417	0.34834839
418	0.35266881
419	0.37263722
420	0.33412155
421	0.35046124
422	0.34184297
423	0.38907390
424	0.34933735
425	0.37323621
426	0.34093347
427	0.39469940
428	0.37822865
429	0.38825187
430	0.35688407
431	0.36397758
432	0.37105469
433	0.36695482
434	0.38692028
435	0.36702483
436	0.39404224
437	0.37029471
438	0.35139029
439	0.36029190
440	0.38077644
441	0.34981954
442	0.35893514
443	0.35193782
444	0.36685335
445	0.38971620
446	0.37611138
447	0.39287818
448	0.35963909
449	0.37214364
450	0.38274900
451	0.37798153
452	0.37487169
453	0.37818655
454	0.35450020
455	0.37118748
456	0.38057256
457	0.37865033
458	0.40279351
459	0.33377416
460	0.35820308
461	0.37356178
462	0.36306084
463	0.35507758
464	0.38731365
465	0.35801191
466	0.34137657
467	0.35625750
468	0.36698233
469	0.34544552
470	0.31450187
471	0.36310348
472	0.35421071
473	0.38991486
474	0.38322062
475	0.37824036
476	0.37969953
477	0.35753514
478	0.33834772
479	0.37072242
480	0.36473347
481	0.33794157
482	0.33895482
483	0.35267985
484	0.36939772
485	0.38977945
486	0.35564110
487	0.30099177
488	0.34332979
489	0.37543588
490	0.32770261
491	0.32692918
492	0.32061319
493	0.36005187
494	0.37178220
495	0.34556212
496	0.33803815
497	0.34134518
