0	0.67374636
1	0.67098011
2	0.67360316
3	0.65558957
4	0.66633477
5	0.65617332
6	0.66730604
7	0.59778217
8	0.54782894
9	0.67388100
10	0.67400460
11	0.67339026
12	0.67171221
13	0.66938251
14	0.67370370
15	0.67206070
16	0.67303519
17	0.67294300
18	0.66739925
19	0.64658422
20	0.63859472
21	0.63625658
22	0.58581063
23	0.66394643
24	0.65598608
25	0.66956289
26	0.66093999
27	0.65164252
28	0.63188567
29	0.64683429
30	0.55967805
31	0.66903326
32	0.67013457
33	0.59683512
34	0.62243553
35	0.60087455
36	0.64138992
37	0.65751029
38	0.64377682
39	0.63893820
40	0.64421029
41	0.60413347
42	0.60562078
43	0.58465137
44	0.62366173
45	0.63910802
46	0.64554815
47	0.63510425
48	0.60101118
49	0.62652984
50	0.57242010
51	0.64631488
52	0.58531056
53	0.58620871
54	0.60720329
55	0.52776454
56	0.58541193
57	0.58299294
58	0.59407003
59	0.62633738
60	0.56664877
61	0.58211406
62	0.59187044
63	0.57825768
64	0.58707750
65	0.64815693
66	0.58840274
67	0.56223848
68	0.55085823
69	0.54506351
70	0.59304342
71	0.53221886
72	0.53721379
73	0.56918059
74	0.43660398
75	0.55272812
76	0.56183697
77	0.61305713
78	0.53267058
79	0.54425789
80	0.57851180
81	0.57870693
82	0.47203992
83	0.55051413
84	0.52999863
85	0.56646276
86	0.50949232
87	0.58386776
88	0.64104465
89	0.55292236
90	0.54631379
91	0.57680096
92	0.57597263
93	0.56882174
94	0.49289575
95	0.55487702
96	0.51347757
97	0.51354335
98	0.52422545
99	0.52923409
100	0.48255734
101	0.60178752
102	0.56103457
103	0.50907257
104	0.48928676
105	0.53573916
106	0.46482099
107	0.57091187
108	0.55282222
109	0.51872051
110	0.50500165
111	0.52241385
112	0.54823326
113	0.58523128
114	0.46008368
115	0.49168937
116	0.50605295
117	0.53371893
118	0.49911838
119	0.52765281
120	0.53900199
121	0.44067160
122	0.52967819
123	0.55081516
124	0.49065850
125	0.49968827
126	0.48277709
127	0.48167435
128	0.50721111
129	0.56575905
130	0.45943409
131	0.49482462
132	0.51305556
133	0.47413745
134	0.41014204
135	0.46187058
136	0.48415144
137	0.50558985
138	0.51237160
139	0.45548237
140	0.51534067
141	0.50278128
142	0.53432524
143	0.50062833
144	0.48498601
145	0.51933100
146	0.49506200
147	0.48701454
148	0.56398450
149	0.46808573
150	0.51536900
151	0.48227407
152	0.47902435
153	0.47175521
154	0.50980151
155	0.47420857
156	0.54087003
157	0.51724712
158	0.47511379
159	0.42714390
160	0.49023772
161	0.46223436
162	0.40765192
163	0.43479417
164	0.44687058
165	0.46440117
166	0.45164753
167	0.47468347
168	0.45529739
169	0.47024588
170	0.53011941
171	0.44238800
172	0.52561818
173	0.51718964
174	0.42538807
175	0.50064129
176	0.48234005
177	0.46047401
178	0.46012538
179	0.42698299
180	0.42069232
181	0.44211207
182	0.47154369
183	0.45837826
184	0.52922517
185	0.39111139
186	0.45234568
187	0.46639952
188	0.45122325
189	0.50299794
190	0.49178546
191	0.44046763
192	0.50689314
193	0.49057051
194	0.39476982
195	0.45877366
196	0.42894705
197	0.49368244
198	0.45237387
199	0.45067010
200	0.40892490
201	0.45395041
202	0.47015123
203	0.46002428
204	0.42357449
205	0.47240693
206	0.42784451
207	0.42410768
208	0.43421790
209	0.41525837
210	0.38808011
211	0.43885302
212	0.42242037
213	0.43886379
214	0.41971077
215	0.48264088
216	0.39363738
217	0.44437929
218	0.43381289
219	0.43594829
220	0.44266523
221	0.47970336
222	0.45214650
223	0.45507407
224	0.45925281
225	0.44579431
226	0.39936687
227	0.43812270
228	0.42667517
229	0.39662099
230	0.41278560
231	0.39486276
232	0.41812023
233	0.40642387
234	0.45924047
235	0.44215809
236	0.39476962
237	0.43500343
238	0.42273457
239	0.48641468
240	0.46053066
241	0.47502695
242	0.46323340
243	0.43546619
244	0.43139280
245	0.42789431
246	0.37204849
247	0.47475446
248	0.36552565
249	0.43236235
250	0.49512723
251	0.40748402
252	0.42025583
253	0.41710254
254	0.37191598
255	0.46912524
256	0.36398505
257	0.48177977
258	0.45673642
259	0.40406927
260	0.42252791
261	0.47868779
262	0.42482942
263	0.44195713
264	0.46098903
265	0.43168032
266	0.42158717
267	0.45714376
268	0.44439698
269	0.39581632
270	0.46583985
271	0.43274431
272	0.42118326
273	0.37202888
274	0.39534540
275	0.35139026
276	0.41878381
277	0.39734918
278	0.40430075
279	0.43150734
280	0.39970610
281	0.40834705
282	0.44233855
283	0.40828999
284	0.40282078
285	0.42323861
286	0.40778203
287	0.38656495
288	0.43561893
289	0.38810062
290	0.39365871
291	0.41555494
292	0.40844143
293	0.43346996
294	0.42559348
295	0.39530034
296	0.38453182
297	0.40179095
298	0.41562126
299	0.39346447
300	0.35674321
301	0.40493841
302	0.40979602
303	0.38410261
304	0.32991029
305	0.36628861
306	0.38037346
307	0.42858093
308	0.41534527
309	0.34769520
310	0.39106488
311	0.36658368
312	0.40651584
313	0.45562798
314	0.40905185
315	0.41846365
316	0.40254534
317	0.36150508
318	0.43078388
319	0.36049767
320	0.39199232
321	0.41249623
322	0.41069698
323	0.41936118
324	0.42117071
325	0.37244561
326	0.39984657
327	0.38240048
328	0.38799218
329	0.43750528
330	0.41898896
331	0.38731783
332	0.42297051
333	0.36088903
334	0.45312613
335	0.37435089
336	0.39404410
337	0.41117545
338	0.43840405
339	0.38136783
340	0.38484822
341	0.41843525
342	0.39805439
343	0.40084067
344	0.37388217
345	0.37483923
346	0.39202668
347	0.36714890
348	0.44975686
349	0.36469904
350	0.39874849
351	0.35613333
352	0.36171427
353	0.37593498
354	0.35499554
355	0.40129671
356	0.42641626
357	0.42366591
358	0.37634115
359	0.38056200
360	0.38654691
361	0.37530027
362	0.36689191
363	0.36516145
364	0.35975089
365	0.38349945
366	0.36985370
367	0.37200377
368	0.37154259
369	0.36572915
370	0.38569479
371	0.34797661
372	0.39587641
373	0.37750096
374	0.41669280
375	0.35481667
376	0.42038786
377	0.41741269
378	0.33856049
379	0.38717956
380	0.39669088
381	0.40454053
382	0.38830981
383	0.40941420
384	0.37531029
385	0.36175521
386	0.41749959
387	0.38564691
388	0.34804616
389	0.41888573
390	0.38105288
391	0.36096152
392	0.38332064
393	0.34414383
394	0.36109657
395	0.35459540
396	0.39653642
397	0.35386036
398	0.38047716
399	0.39507833
400	0.32115809
401	0.37971310
402	0.35312222
403	0.34457743
404	0.35757003
405	0.37719616
406	0.37821653
407	0.36726248
408	0.40149458
409	0.38695652
410	0.36329074
411	0.37800672
412	0.37168539
413	0.34174781
414	0.36404390
415	0.34908793
416	0.41222469
417	0.31939184
418	0.39188848
419	0.37265123
420	0.33181996
421	0.34447318
422	0.37670295
423	0.36782112
424	0.38111481
425	0.33136955
426	0.35429431
427	0.40853855
428	0.38251276
429	0.34422044
430	0.37901653
431	0.40038224
432	0.38256022
433	0.36189863
434	0.32360652
435	0.38395199
436	0.39540034
437	0.31545837
438	0.38964568
439	0.35384472
440	0.36006550
441	0.38306824
442	0.35708347
443	0.33831804
444	0.33250096
445	0.38662133
446	0.36196694
447	0.33562949
448	0.32347346
449	0.37434787
450	0.40656001
451	0.39424822
452	0.39343800
453	0.33883992
454	0.33317682
455	0.33683724
456	0.33494383
457	0.39117167
458	0.32346207
459	0.32877140
460	0.34432284
461	0.34597181
462	0.33678313
463	0.37631063
464	0.32679259
465	0.38879266
466	0.36827167
467	0.35754177
468	0.35334616
469	0.34333807
470	0.35664088
471	0.33118594
472	0.35785343
473	0.38576180
474	0.34836084
475	0.36183573
476	0.36279657
477	0.36081989
478	0.35224259
479	0.34403999
480	0.36479822
481	0.33058203
482	0.35929239
483	0.35914060
484	0.38556728
485	0.36791104
