0	0.56466780
1	0.56344542
2	0.50711993
3	0.56524903
4	0.56551475
5	0.56522848
6	0.56482348
7	0.56266243
8	0.56445349
9	0.55497218
10	0.55992523
11	0.56507225
12	0.56499737
13	0.56310588
14	0.51025641
15	0.54139394
16	0.54184202
17	0.56031092
18	0.55739960
19	0.55255239
20	0.56211716
21	0.55829073
22	0.53004177
23	0.54557908
24	0.54860526
25	0.54082665
26	0.50448054
27	0.50198010
28	0.51597331
29	0.54890026
30	0.44554107
31	0.41426773
32	0.50938448
33	0.52890369
34	0.34086083
35	0.39685089
36	0.42869073
37	0.52360416
38	0.54516900
39	0.48859460
40	0.51489985
41	0.43455878
42	0.47444315
43	0.42471347
44	0.52888375
45	0.54482008
46	0.52327127
47	0.54934951
48	0.41795809
49	0.51287667
50	0.49727207
51	0.44810475
52	0.48795491
53	0.48707152
54	0.45807777
55	0.53821088
56	0.51901041
57	0.46161844
58	0.45819664
59	0.51400840
60	0.45104987
61	0.38287798
62	0.46482607
63	0.51217262
64	0.56329284
65	0.39628321
66	0.43193114
67	0.43303505
68	0.52825772
69	0.45744790
70	0.39933034
71	0.47364852
72	0.48379189
73	0.43824556
74	0.53580920
75	0.53936736
76	0.34942607
77	0.47399168
78	0.50743819
79	0.49449693
80	0.49588656
81	0.45953005
82	0.39754151
83	0.53325542
84	0.40922377
85	0.41446612
86	0.42480675
87	0.47874312
88	0.40564750
89	0.37537039
90	0.40454772
91	0.45521643
92	0.52257846
93	0.36771044
94	0.36489712
95	0.43469595
96	0.37360522
97	0.46012417
98	0.50479076
99	0.48825137
100	0.45167893
101	0.41466809
102	0.37710416
103	0.48090292
104	0.33560909
105	0.29974498
106	0.42695407
107	0.43083019
108	0.34215071
109	0.44246663
110	0.37043217
111	0.38587766
112	0.46667108
113	0.36743808
114	0.47396919
115	0.31401271
116	0.38539029
117	0.45051504
118	0.35024801
119	0.49660153
120	0.42944151
121	0.46998857
122	0.39798605
123	0.34374651
124	0.46786740
125	0.40700686
126	0.41969953
127	0.36331428
128	0.33819591
129	0.43157108
130	0.37597287
131	0.48705447
132	0.48289967
133	0.44294385
134	0.47539810
135	0.40343209
136	0.27159821
137	0.36377777
138	0.34324429
139	0.41145060
140	0.41991066
141	0.38098901
142	0.40353976
143	0.41221296
144	0.41940142
145	0.43430741
146	0.38556535
147	0.42860913
148	0.40923841
149	0.48572304
150	0.33271234
151	0.42449047
152	0.44992187
153	0.40283512
154	0.39534440
155	0.33251406
156	0.32717930
157	0.42566181
158	0.45935327
159	0.45746378
160	0.38066291
161	0.42273939
162	0.42069901
163	0.30186940
164	0.33801026
165	0.36966871
166	0.37998189
167	0.51118021
168	0.46969536
169	0.33451351
170	0.41890701
171	0.41574958
172	0.33880522
173	0.36708204
174	0.37802242
175	0.43267751
176	0.38774651
177	0.33289106
178	0.43038083
179	0.32234827
180	0.47579796
181	0.40509372
182	0.35537222
183	0.33414732
184	0.34695484
185	0.26201022
186	0.41591844
187	0.30107222
188	0.31173125
189	0.36928222
190	0.39641428
191	0.26347853
192	0.37362344
193	0.44950033
194	0.32031727
195	0.32407707
196	0.33664655
197	0.37430018
198	0.31430668
199	0.39270416
200	0.43384593
201	0.37421818
202	0.40197105
203	0.29274535
204	0.33867930
205	0.40751570
206	0.29089372
207	0.30083286
208	0.33967273
209	0.32952877
210	0.39688284
211	0.30604604
212	0.41558952
213	0.34659624
214	0.32510891
215	0.35775122
216	0.26567309
217	0.33692990
218	0.27005002
219	0.39688266
220	0.32209018
221	0.32004878
222	0.39995962
223	0.29370237
224	0.25779171
225	0.35914830
226	0.32017444
227	0.41038861
228	0.29932461
229	0.31522932
230	0.40548868
231	0.44881095
232	0.34416860
233	0.41733713
234	0.30195977
235	0.40532618
236	0.37372530
237	0.39830507
238	0.35133698
239	0.28483268
240	0.32902727
241	0.33406930
242	0.38571902
243	0.37209423
244	0.33026692
245	0.40479854
246	0.33195860
247	0.35051643
248	0.29984304
249	0.33353983
250	0.31234531
251	0.36186484
252	0.35938916
253	0.38941482
254	0.36941355
255	0.27337966
256	0.28316265
257	0.31254932
258	0.38807897
259	0.47499047
260	0.30660931
261	0.36673567
262	0.31764253
263	0.34504494
264	0.35691241
265	0.36954958
266	0.32587127
267	0.37890080
268	0.38610854
269	0.29950526
270	0.30545027
271	0.30818802
272	0.43504352
273	0.43062607
274	0.37443202
275	0.33606422
276	0.30419054
277	0.36754629
278	0.41096930
279	0.35540891
280	0.31580964
281	0.40375078
282	0.29985068
283	0.33652789
284	0.34760110
285	0.31087116
286	0.34290737
287	0.30147813
288	0.30085528
289	0.35747379
290	0.38105392
291	0.36345685
292	0.40456009
293	0.36609025
294	0.32397032
295	0.33950949
296	0.33678992
297	0.41603739
298	0.31339956
299	0.42998503
300	0.36747996
301	0.31660073
302	0.36700646
303	0.35271727
304	0.36585002
305	0.37218178
306	0.35410570
307	0.43344272
308	0.30451705
309	0.32725407
310	0.31953169
311	0.34250551
312	0.31935130
313	0.24181548
314	0.33449657
315	0.30659628
316	0.26916809
317	0.26825476
318	0.37828740
319	0.26777682
320	0.30949434
321	0.28422632
322	0.27375498
323	0.33045316
324	0.27613081
325	0.28736207
326	0.34165385
327	0.29805882
328	0.31840683
329	0.26367919
330	0.36711588
331	0.31949164
332	0.28312694
333	0.33639226
334	0.34032220
335	0.26693275
336	0.26821121
337	0.30153052
338	0.25706440
339	0.39290153
340	0.37523582
341	0.32590716
342	0.29338843
343	0.42778452
344	0.31056400
345	0.39400789
346	0.25445341
347	0.35333454
348	0.32470409
349	0.35938591
350	0.31918426
351	0.31372775
352	0.31277236
353	0.28338083
354	0.24156050
355	0.38454224
356	0.30521216
357	0.34374294
358	0.26387024
359	0.38417871
360	0.34785783
361	0.34236853
362	0.34436754
363	0.31776072
364	0.29651103
365	0.29499233
366	0.34879295
367	0.31817777
368	0.29080047
369	0.34643830
370	0.31752380
371	0.26564816
372	0.31180179
373	0.35266002
374	0.28842264
375	0.37618551
376	0.37974586
377	0.28319175
378	0.32736119
379	0.27730383
380	0.27533921
381	0.34738470
382	0.34820898
383	0.27212223
384	0.35683425
385	0.34584819
386	0.28183600
387	0.27658901
388	0.31701355
389	0.33225944
390	0.30785166
391	0.30606853
392	0.38242490
393	0.35082355
394	0.34874604
395	0.26684290
396	0.23056919
397	0.29969405
398	0.27091946
399	0.28682121
400	0.30837463
401	0.31138667
402	0.25362289
403	0.26161986
404	0.31089058
405	0.33101172
406	0.25265071
407	0.31295319
408	0.40722450
409	0.33636050
410	0.33464195
411	0.28427682
412	0.27860599
413	0.33228160
414	0.35311690
415	0.28916316
416	0.33315827
417	0.28193512
418	0.33076630
419	0.23397327
420	0.36798167
421	0.31496824
422	0.28658039
423	0.29595918
424	0.31507645
425	0.30457006
426	0.24270544
427	0.27052019
428	0.32045612
429	0.29317795
430	0.22374184
431	0.30198744
432	0.27356612
433	0.26118886
434	0.29807623
435	0.26741227
436	0.35041179
437	0.26498748
438	0.36041694
439	0.39451314
440	0.28224779
441	0.31710989
442	0.39394480
443	0.25160453
444	0.25862150
445	0.33747579
446	0.26828872
447	0.28476623
448	0.30352943
449	0.24511789
450	0.35804845
451	0.32037236
452	0.29969405
453	0.29698824
454	0.21956805
455	0.25957419
456	0.23412103
457	0.27611621
458	0.30862136
459	0.35511110
460	0.28880314
461	0.33038105
462	0.27315728
463	0.24079993
464	0.28253472
465	0.29016904
466	0.31753078
467	0.23955173
468	0.26423122
469	0.30775827
470	0.28848061
471	0.28927495
472	0.28801493
473	0.31872161
474	0.32572063
475	0.30824049
476	0.25954253
477	0.25800004
478	0.30545141
479	0.29756758
480	0.29636258
481	0.26101048
482	0.28848569
483	0.28364213
484	0.27050759
485	0.25282669
486	0.28885078
487	0.28905758
488	0.25668196
489	0.28094301
490	0.27359416
491	0.35391712
492	0.27972749
493	0.33704454
494	0.24335750
495	0.17015228
496	0.28980226
497	0.22645732
498	0.26805309
499	0.32359471
500	0.28107579
501	0.24029817
502	0.27745849
503	0.31160887
504	0.30311146
505	0.21958908
506	0.29451154
507	0.27739533
508	0.23680778
509	0.22244392
510	0.31226039
511	0.23699500
512	0.28149916
513	0.29023695
514	0.29257539
515	0.27612881
516	0.32979989
517	0.29594593
518	0.28535458
519	0.34580318
520	0.28882709
521	0.29421548
522	0.33296097
523	0.36668430
524	0.23401899
525	0.25893067
526	0.34759317
527	0.29551825
528	0.31759693
529	0.22716685
530	0.29454801
531	0.25069500
532	0.31395758
533	0.23185173
534	0.35173874
535	0.32360675
536	0.22216937
537	0.27737974
538	0.32048452
539	0.25738693
540	0.20259325
541	0.30764348
542	0.30739639
543	0.33090434
544	0.24258653
545	0.22982556
546	0.29488397
547	0.30594480
548	0.28608949
549	0.35904195
550	0.19843925
551	0.28662903
552	0.29420445
553	0.25140449
554	0.23726940
555	0.27499675
556	0.29066627
557	0.27423834
558	0.27638036
559	0.30885130
560	0.25978861
561	0.30435141
562	0.28162924
563	0.24244578
564	0.28437689
565	0.26925287
566	0.18212417
567	0.27639109
568	0.28515988
569	0.19867587
570	0.25169923
571	0.29859529
572	0.26216933
573	0.28989091
574	0.21183713
575	0.31485776
576	0.27133728
577	0.29213739
578	0.30153019
579	0.23243819
580	0.27913782
581	0.23078598
582	0.35918061
583	0.27385904
584	0.19595615
585	0.27481581
586	0.24235926
587	0.26767284
588	0.25864666
589	0.27387331
590	0.29636276
591	0.25961256
592	0.27720069
593	0.26671964
594	0.29493812
595	0.26655915
596	0.24458689
597	0.25369540
598	0.27894418
599	0.26679226
600	0.23639179
601	0.29347101
602	0.27082428
603	0.25894082
604	0.27731570
605	0.28906776
606	0.27812815
607	0.26945458
608	0.28739938
609	0.22627777
610	0.26693899
611	0.23526546
612	0.33251986
613	0.27178364
614	0.20919602
615	0.23081376
616	0.28524962
617	0.30904604
618	0.30733574
619	0.29540825
620	0.24897426
621	0.29593662
622	0.28230701
623	0.24068218
624	0.30024655
625	0.30722786
626	0.23666448
627	0.23376331
628	0.31365356
629	0.26053823
630	0.27533771
631	0.25777342
632	0.29916506
633	0.26246396
634	0.28201727
635	0.26032428
636	0.23289803
637	0.27691081
638	0.24636813
639	0.23660504
640	0.27246648
641	0.27949668
642	0.26262976
643	0.32311683
644	0.36506740
645	0.21767426
646	0.27503315
647	0.24561263
648	0.30594399
649	0.27003509
650	0.26578087
651	0.24570946
652	0.38690562
653	0.25139138
654	0.26474870
655	0.34935068
656	0.23093067
657	0.25937839
658	0.29789573
659	0.26255648
660	0.26475392
661	0.34231252
662	0.22988748
663	0.30393680
664	0.29087145
665	0.24864096
666	0.23016612
667	0.32955820
668	0.28470303
669	0.31128777
670	0.26472716
671	0.31897605
672	0.25962782
673	0.29977598
674	0.26559350
675	0.30149956
676	0.25226214
677	0.24134447
678	0.25362924
679	0.30698175
680	0.21939106
681	0.32985133
682	0.23798368
683	0.19181168
684	0.22630277
685	0.20133593
686	0.27952924
687	0.23295798
688	0.25756313
689	0.23877076
690	0.31742552
691	0.26887247
692	0.26435571
693	0.26963980
694	0.22549993
695	0.29923618
696	0.26871373
697	0.27575272
698	0.22249766
699	0.24153713
700	0.22939361
701	0.26836272
702	0.26441676
703	0.28236718
704	0.34630124
705	0.27017579
706	0.26284498
707	0.26149675
708	0.24700084
709	0.27894064
710	0.31391106
711	0.27439569
712	0.22276594
713	0.23807415
714	0.27782366
715	0.23183695
716	0.26039379
717	0.25413016
718	0.29010248
719	0.19811216
720	0.26580851
721	0.22390011
722	0.21032337
723	0.23808123
724	0.26055798
725	0.24164184
726	0.31457777
727	0.24268554
728	0.28518638
729	0.28714600
730	0.30303991
731	0.21953381
732	0.27425491
733	0.26361694
734	0.23926517
735	0.22625279
736	0.26620110
737	0.27459814
738	0.26027364
739	0.28976170
740	0.22367444
741	0.26630124
742	0.25614626
743	0.23991800
744	0.21830887
745	0.19261318
746	0.29529208
747	0.22598401
748	0.20444440
749	0.27425170
750	0.20888792
751	0.18567503
752	0.22055940
753	0.20242300
754	0.23351121
755	0.24727090
756	0.26381844
757	0.25267696
758	0.33553403
759	0.24356104
760	0.22075290
761	0.20190303
762	0.27638353
763	0.27445732
764	0.31863231
765	0.23929416
766	0.22891698
767	0.28805239
768	0.27758562
769	0.28187517
770	0.22712369
771	0.21949890
772	0.29400650
773	0.17866773
774	0.23452099
775	0.24220851
776	0.25437433
777	0.23431636
778	0.29491267
779	0.19075429
780	0.27872019
781	0.26603666
782	0.32009441
783	0.25776674
784	0.32582359
785	0.22389277
786	0.29390219
787	0.22649609
788	0.21866156
789	0.23203264
790	0.25253651
791	0.27942727
792	0.22112096
793	0.29727010
794	0.26079288
795	0.24800741
796	0.31779208
797	0.22755013
798	0.32211387
799	0.18483855
800	0.31361548
801	0.24285086
802	0.26915882
803	0.26821621
804	0.30213768
805	0.25534027
806	0.26179357
807	0.29758802
808	0.27324042
809	0.24930953
810	0.26043341
811	0.25312118
812	0.32460756
813	0.23107897
814	0.31728397
815	0.22197733
816	0.23637094
817	0.26075517
818	0.19562501
819	0.19955071
820	0.27241906
821	0.26402304
822	0.30214315
823	0.22999273
824	0.24560555
825	0.27278638
826	0.19308346
827	0.29178284
828	0.22313308
829	0.19766353
830	0.29279241
831	0.25388978
832	0.29410949
833	0.23144659
834	0.30407152
835	0.18179179
836	0.30095469
837	0.31143333
838	0.26109394
839	0.26636115
840	0.27381526
841	0.25080299
842	0.24741658
843	0.29752030
844	0.21595732
845	0.22324903
846	0.27056327
847	0.21119288
848	0.26208459
849	0.19746838
850	0.21800124
851	0.25990650
852	0.26863140
853	0.30474637
854	0.28413333
855	0.23799197
856	0.26929974
857	0.24551793
858	0.22840000
859	0.22110789
860	0.30497802
861	0.22922318
862	0.24446316
863	0.28869620
864	0.23784031
865	0.28727802
866	0.28693129
867	0.24310767
868	0.24641982
869	0.22615542
870	0.24900007
871	0.30426984
872	0.26558598
873	0.28892176
874	0.25573523
875	0.23156185
876	0.26896261
877	0.21113092
878	0.17998616
879	0.26149748
880	0.30471990
881	0.24848558
882	0.28529157
883	0.24043560
884	0.21244330
885	0.17075053
886	0.23663658
887	0.25677503
888	0.31560438
889	0.26410968
890	0.20015915
891	0.25386250
892	0.26731103
893	0.24733428
894	0.20244582
895	0.23541585
896	0.22070011
897	0.22243552
898	0.20317174
899	0.24650449
900	0.25621150
901	0.23659018
902	0.25503140
903	0.22472238
904	0.28374330
905	0.22907295
906	0.23953498
907	0.26602629
908	0.27191533
909	0.29128908
910	0.28341665
911	0.21570153
912	0.25409927
