0	0.48273132
1	0.33037574
2	0.48265532
3	0.48272924
4	0.48266657
5	0.47197555
6	0.46610419
7	0.46756184
8	0.48241243
9	0.47595312
10	0.46922052
11	0.45341902
12	0.46564791
13	0.48288201
14	0.48227565
15	0.43880700
16	0.45945110
17	0.41102285
18	0.43617325
19	0.48201620
20	0.41784350
21	0.34866986
22	0.44367737
23	0.37077085
24	0.43892157
25	0.45702499
26	0.44175980
27	0.43328674
28	0.35341004
29	0.43231531
30	0.44529217
31	0.46562624
32	0.47150802
33	0.34952461
34	0.44398217
35	0.38439703
36	0.28423947
37	0.38442892
38	0.42102701
39	0.36002748
40	0.45454711
41	0.44863797
42	0.38100866
43	0.32039891
44	0.33395197
45	0.43469652
46	0.40741691
47	0.33943691
48	0.25085906
49	0.44032777
50	0.28276676
51	0.31884091
52	0.36894794
53	0.37205264
54	0.37434474
55	0.42498616
56	0.30023046
57	0.41416248
58	0.42054289
59	0.31630735
60	0.39597686
61	0.26972838
62	0.38535542
63	0.39398338
64	0.41510457
65	0.38417450
66	0.38981016
67	0.32501170
68	0.29277606
69	0.40586711
70	0.34502077
71	0.41663260
72	0.33582681
73	0.30409402
74	0.25566465
75	0.38200300
76	0.27281755
77	0.37579652
78	0.36946779
79	0.34848642
80	0.33394148
81	0.40522275
82	0.26999511
83	0.37140841
84	0.25491943
85	0.30467146
86	0.35870783
87	0.39755254
88	0.24031291
89	0.30440879
90	0.30875062
91	0.40701774
92	0.24756983
93	0.29194656
94	0.45217376
95	0.42045954
96	0.38624743
97	0.36917178
98	0.28318284
99	0.31170121
100	0.29823685
101	0.32847044
102	0.43151144
103	0.32859108
104	0.35462387
105	0.33135970
106	0.31385318
107	0.34117319
108	0.30420841
109	0.29052592
110	0.28646743
111	0.25882432
112	0.24558591
113	0.25737124
114	0.39249527
115	0.34099159
116	0.25482534
117	0.30557923
118	0.38223822
119	0.31941144
120	0.36060457
121	0.23222103
122	0.43322611
123	0.33772576
124	0.31394692
125	0.27869693
126	0.40403928
127	0.22084864
128	0.37044583
129	0.27212924
130	0.29030719
131	0.26020492
132	0.28463870
133	0.28523490
134	0.28956868
135	0.25718607
136	0.29409124
137	0.25429147
138	0.30744097
139	0.28675417
140	0.30544835
141	0.34971857
142	0.29999016
143	0.33406101
144	0.28795574
145	0.34808587
146	0.39610722
147	0.25539700
148	0.33745762
149	0.32245817
150	0.31654541
151	0.27155229
152	0.23455459
153	0.37093215
154	0.24827005
155	0.32405468
156	0.33381473
157	0.32614330
158	0.37584871
159	0.24643234
160	0.31630678
161	0.31914366
162	0.31901540
163	0.24652579
164	0.29400713
165	0.30125475
166	0.26129489
167	0.30962017
168	0.32736635
169	0.24624203
170	0.33659335
171	0.30881441
172	0.32008571
173	0.33097469
174	0.33202458
175	0.24920662
176	0.26726318
177	0.29593672
178	0.24882966
179	0.22247341
180	0.28120521
181	0.33104903
182	0.31902860
183	0.26089278
184	0.27959642
185	0.32154871
186	0.31474586
187	0.30176702
188	0.28229185
189	0.32999926
190	0.28366667
191	0.33319434
192	0.29577501
193	0.24618651
194	0.29769706
195	0.24541863
196	0.30536823
197	0.23429792
198	0.22931425
199	0.28531211
200	0.27987012
201	0.22028974
202	0.28462330
203	0.32682921
204	0.34889805
205	0.36214110
206	0.24577220
207	0.36885222
208	0.20302614
209	0.35264807
210	0.29336146
211	0.36327335
212	0.32816600
213	0.29084321
214	0.28690866
215	0.25980511
216	0.32585008
217	0.29859083
218	0.22107638
219	0.21588939
220	0.24603656
221	0.31691892
222	0.21655519
223	0.31604056
224	0.30900930
225	0.24822633
226	0.29094129
227	0.19439118
228	0.21618485
229	0.21870652
230	0.27153605
231	0.21603030
232	0.21000863
233	0.34799422
234	0.37064225
235	0.30024580
236	0.32437405
237	0.26312244
238	0.25897351
239	0.37530182
240	0.20400067
241	0.31374404
242	0.27199060
243	0.28175992
244	0.21335692
245	0.27238853
246	0.28925497
247	0.25603158
248	0.30561659
249	0.25755475
250	0.32811317
251	0.23457025
252	0.24248731
253	0.23992461
254	0.20121390
255	0.26453103
256	0.26789524
257	0.26664740
258	0.20265363
259	0.20449243
260	0.20766878
261	0.23338658
262	0.19749450
263	0.22530805
264	0.26604554
265	0.22764056
266	0.24340227
267	0.22938968
268	0.28513007
269	0.27437916
270	0.25978856
271	0.26553391
272	0.18989316
273	0.23551051
274	0.27416961
275	0.24084676
276	0.23387616
277	0.27794976
278	0.26253771
279	0.24901269
280	0.23541563
281	0.27672905
282	0.30609441
283	0.29187530
284	0.21596363
285	0.17605516
286	0.24579668
287	0.25703308
288	0.21512739
289	0.22992733
290	0.28798514
291	0.30643848
292	0.25617980
293	0.23091480
294	0.24162212
295	0.26558897
296	0.34374219
297	0.30817172
298	0.22507974
299	0.23019495
300	0.23989655
301	0.25005296
302	0.22988402
303	0.24119469
304	0.20051345
305	0.26086437
306	0.19175682
307	0.23424139
308	0.25843186
309	0.25712346
310	0.17736267
311	0.23212339
312	0.23978472
313	0.23494509
314	0.30121636
315	0.27121508
316	0.26953071
317	0.27564004
318	0.25821480
319	0.30630326
320	0.27679358
321	0.23360527
322	0.20119751
323	0.32334398
324	0.20310834
325	0.28447120
326	0.21904155
327	0.19134151
328	0.21999489
329	0.22407248
330	0.30393928
331	0.27019821
332	0.30557868
333	0.21187747
334	0.25106756
335	0.22407964
336	0.29226862
337	0.20994931
338	0.21041358
339	0.24205171
340	0.23417459
341	0.27831882
342	0.25070169
343	0.22986315
344	0.27907494
345	0.20412454
346	0.19751790
347	0.20515989
348	0.22738996
349	0.32933889
350	0.26557197
351	0.26831109
352	0.25889994
353	0.27247546
354	0.23108527
355	0.22311595
356	0.21882224
357	0.25965570
358	0.26583554
359	0.21088498
360	0.24448792
361	0.18420233
362	0.25750809
363	0.25049585
364	0.16253452
365	0.30346449
366	0.23878169
367	0.19538460
368	0.19633154
369	0.21306763
370	0.20238495
371	0.18137987
372	0.28597747
373	0.21334222
374	0.21665650
375	0.24488265
376	0.26556203
377	0.16274446
378	0.23096625
379	0.33289553
380	0.22800006
381	0.25486072
382	0.19624027
383	0.22515487
384	0.23611141
385	0.22487456
386	0.30234372
387	0.18062480
388	0.15926021
389	0.30606670
390	0.26230179
391	0.24017830
392	0.29878993
393	0.21383778
394	0.26490352
395	0.21284289
396	0.26045197
397	0.18921461
398	0.20983049
399	0.24223535
400	0.18566456
401	0.20744835
402	0.24553826
403	0.25988798
404	0.18032899
405	0.28270767
406	0.21358738
407	0.27161745
408	0.24197488
409	0.21084529
410	0.16618329
411	0.26540093
412	0.21962253
413	0.27309086
414	0.18394401
415	0.26739936
416	0.19789051
417	0.20748837
418	0.23501374
419	0.28595817
420	0.24915110
421	0.24683643
422	0.21616571
423	0.27019067
424	0.24803151
425	0.23515928
426	0.26101397
427	0.25603330
428	0.30759917
429	0.23509585
430	0.20411579
431	0.25781975
432	0.23064311
433	0.25498869
434	0.24629236
435	0.21902800
436	0.23951419
437	0.24630451
438	0.25153464
439	0.17066350
440	0.23553212
441	0.22372122
442	0.22821595
443	0.25418878
444	0.26956772
445	0.19853678
446	0.19555941
447	0.16816392
448	0.25087581
449	0.21605030
450	0.24599722
451	0.16435986
452	0.25481358
453	0.29773806
454	0.23889358
455	0.19590834
456	0.21254094
457	0.28432675
458	0.22935193
459	0.22010767
460	0.19472873
461	0.22518587
462	0.26911387
463	0.26906353
464	0.28579824
465	0.17048322
466	0.17355532
467	0.21911662
468	0.18921393
469	0.20941058
470	0.29271198
471	0.22578766
472	0.22244701
473	0.19352608
474	0.16933691
475	0.23600802
476	0.25378309
477	0.22833202
478	0.20915705
479	0.21869163
480	0.22095759
481	0.22028290
482	0.20548849
483	0.22862260
484	0.25943190
485	0.22483043
486	0.20936644
487	0.24776865
488	0.25294008
489	0.19846497
490	0.20948035
491	0.22794618
492	0.17238658
493	0.23076871
494	0.23413078
495	0.21417434
496	0.19727475
497	0.20473707
498	0.21606117
499	0.20574286
500	0.23833755
501	0.17299246
502	0.20996478
503	0.30415666
504	0.20695705
505	0.20139469
506	0.19198824
507	0.16330623
508	0.19981796
509	0.28262630
510	0.18808658
511	0.23344366
512	0.20130799
513	0.23532065
514	0.16172601
515	0.25203631
516	0.18623656
517	0.23015443
518	0.21187856
519	0.20463084
520	0.19052033
521	0.20321010
522	0.23158575
523	0.20331352
524	0.20974110
525	0.18674212
526	0.21112547
527	0.21545660
528	0.15471400
529	0.18627680
530	0.19870872
531	0.18896926
532	0.20231486
533	0.20351755
534	0.23415289
535	0.22088495
536	0.23788386
537	0.21219214
538	0.18778121
539	0.17881441
540	0.19399051
541	0.22720610
542	0.18482988
543	0.28810751
544	0.16673624
545	0.17849690
546	0.25173918
547	0.20348635
548	0.24976235
549	0.19094497
550	0.19871409
551	0.24289115
552	0.21813512
553	0.24457328
554	0.23226593
555	0.20625056
556	0.26190463
557	0.21301246
558	0.18938693
559	0.26326906
560	0.23785970
561	0.22203950
562	0.20733151
563	0.24102745
564	0.22556804
565	0.20162359
566	0.20636146
567	0.12797820
568	0.15934465
569	0.16799863
570	0.26667178
571	0.24854292
572	0.16094024
573	0.14236612
574	0.20546612
575	0.21744366
576	0.21723634
577	0.26593560
578	0.17069856
579	0.21952595
580	0.16611956
581	0.26467181
582	0.21874973
583	0.24225078
584	0.22116216
585	0.21946967
586	0.18109032
587	0.23101246
588	0.22267536
589	0.15665066
590	0.22446964
591	0.20956194
592	0.29846398
593	0.21282339
594	0.23870300
595	0.22630230
596	0.22324334
597	0.23569386
598	0.22763276
599	0.26064219
600	0.20675730
601	0.22031965
602	0.21010521
603	0.29062726
604	0.18857152
605	0.20618696
606	0.19429719
607	0.20469722
608	0.23921361
609	0.23480077
610	0.21610863
611	0.16316034
612	0.20786804
613	0.17861764
614	0.16535471
615	0.22790438
616	0.25166651
617	0.20128252
618	0.20546360
619	0.13897063
620	0.21446427
621	0.16444129
622	0.18324286
623	0.19189636
624	0.13191250
625	0.18434992
626	0.19764257
627	0.20794116
628	0.16552870
629	0.20367651
630	0.23887542
631	0.28824161
632	0.19682758
633	0.23371186
634	0.20470917
635	0.17900805
636	0.20161480
637	0.22923122
638	0.22184126
639	0.19244998
640	0.23642196
641	0.18289060
642	0.18113404
643	0.21380224
644	0.22513653
645	0.18696484
646	0.16426785
647	0.29023452
648	0.15749738
649	0.16656143
650	0.19012998
651	0.19550035
652	0.20822739
653	0.15805487
654	0.17834672
655	0.18485686
656	0.17607376
657	0.17658268
658	0.18272557
659	0.22611496
660	0.13195737
661	0.20849409
662	0.24700000
663	0.22708527
664	0.22636817
665	0.19835171
666	0.24406069
667	0.21628313
668	0.16624004
669	0.21499361
670	0.21068424
671	0.17464183
672	0.15617469
673	0.19984298
674	0.20531058
675	0.20831435
676	0.21620882
677	0.18452359
678	0.18087197
679	0.22095676
680	0.22107264
681	0.18089974
682	0.13168428
683	0.20276529
684	0.25346622
685	0.24655957
686	0.20562883
687	0.18395526
688	0.20136727
689	0.20016101
690	0.21572253
691	0.20232499
692	0.18507383
693	0.24044027
694	0.23633049
695	0.16922416
696	0.22432707
697	0.14431336
698	0.20276226
699	0.17823931
700	0.21908440
701	0.21348162
702	0.21044912
703	0.19356692
704	0.17600252
705	0.21303097
706	0.20244027
707	0.20914746
708	0.18736312
709	0.20756491
710	0.25206996
711	0.19052800
712	0.14897929
713	0.22700160
714	0.16654567
715	0.19167919
716	0.20183730
717	0.19577274
718	0.21912375
719	0.21726274
720	0.12896472
721	0.17917344
722	0.23164484
723	0.14730978
724	0.17653979
725	0.20707593
726	0.20061528
727	0.19238645
728	0.24928782
729	0.21544644
730	0.12973758
731	0.19133062
732	0.24475781
733	0.17396357
734	0.19747245
735	0.21044129
736	0.20932295
737	0.23967731
738	0.17577814
739	0.18668015
740	0.17051064
741	0.17189626
742	0.19641048
743	0.21321950
744	0.16220748
745	0.23728949
746	0.22728891
747	0.22701413
748	0.23392480
749	0.17591512
750	0.17324548
751	0.17986229
752	0.18780882
753	0.22764024
754	0.18038217
755	0.19151691
756	0.18633202
757	0.15475682
758	0.17690463
759	0.17266986
760	0.18838776
761	0.25761365
762	0.25149476
763	0.21033928
764	0.16938185
765	0.21978559
766	0.17244554
767	0.17953873
768	0.19222902
769	0.23565430
770	0.14458552
771	0.24895673
772	0.19682828
773	0.15819223
774	0.21437625
775	0.24234992
776	0.23338054
777	0.14017443
778	0.18438172
779	0.20928610
780	0.17363423
781	0.16485574
782	0.17233161
783	0.20566913
784	0.17000262
785	0.14801796
786	0.24557830
787	0.20950495
788	0.21350780
789	0.17097827
790	0.19922605
791	0.16861787
792	0.21048405
793	0.20341553
794	0.20233634
795	0.17375043
796	0.16999578
797	0.22752269
798	0.19716341
799	0.19323937
800	0.16205577
801	0.19428146
802	0.18297165
803	0.18327673
804	0.19011518
805	0.18580531
806	0.13812247
807	0.15014375
808	0.19171352
809	0.16946523
810	0.19347788
811	0.14507453
812	0.20728095
813	0.21576910
814	0.18167593
815	0.14414791
816	0.18116989
817	0.14000201
818	0.21691882
819	0.18264621
820	0.18540320
821	0.21315919
822	0.13674775
823	0.14086411
824	0.13648306
825	0.17501208
826	0.17205686
827	0.12452378
828	0.18360872
829	0.15494736
830	0.15447319
831	0.20128057
832	0.16758402
833	0.14237012
834	0.18998878
835	0.15001112
836	0.17413762
837	0.20023311
838	0.18680540
839	0.15600067
840	0.16168690
841	0.17856005
842	0.22095232
843	0.15938597
844	0.16799626
845	0.18222247
846	0.19280086
847	0.16796660
848	0.13724318
849	0.21007421
850	0.18639096
851	0.13874548
852	0.15541969
853	0.17881345
854	0.20113640
855	0.19192148
856	0.16754433
857	0.18122710
858	0.14702253
859	0.14575775
860	0.14919949
861	0.17866306
862	0.15878396
863	0.19067894
864	0.21083311
865	0.15396894
866	0.18042854
867	0.21674104
868	0.15123896
869	0.24022442
870	0.19344743
871	0.19196472
872	0.14253969
873	0.17928245
874	0.18463631
875	0.19845264
876	0.22600531
877	0.12778089
878	0.15191144
879	0.16061627
880	0.18566491
881	0.22014180
882	0.16589879
883	0.18457136
884	0.17745478
885	0.15232595
886	0.17176798
887	0.16314228
888	0.20663167
889	0.16069348
890	0.16486772
891	0.15739901
892	0.18540604
893	0.14381892
894	0.12811617
895	0.14115129
896	0.22325810
897	0.20896906
898	0.18020310
899	0.16886865
900	0.19199524
901	0.15876983
902	0.16372870
903	0.17091083
904	0.14526168
905	0.19979875
906	0.14122384
907	0.21211314
908	0.16102036
909	0.15046440
910	0.14811726
911	0.14792160
912	0.13226484
913	0.17846871
914	0.18528252
915	0.12909674
916	0.19726769
917	0.23174807
918	0.16057846
919	0.18544877
920	0.14689636
921	0.12220201
922	0.13886264
923	0.13288006
924	0.15291633
925	0.17730649
926	0.18749319
927	0.14558552
928	0.21647232
929	0.15687443
930	0.16600307
931	0.18131537
932	0.13795951
933	0.18959827
934	0.11554928
935	0.13339313
936	0.16350272
937	0.15994340
938	0.18069252
939	0.17230770
940	0.14635759
941	0.18433720
942	0.18057827
943	0.22056868
944	0.15091010
945	0.15967009
946	0.14285602
947	0.12144033
948	0.23280825
949	0.20691425
950	0.17921831
951	0.15846366
952	0.12639252
953	0.18813340
954	0.17965682
955	0.17586200
956	0.20830361
957	0.16476683
958	0.22532883
959	0.20123669
960	0.14298725
961	0.14122573
962	0.19393122
963	0.16824874
964	0.20514215
965	0.16678456
966	0.24482413
967	0.18564465
968	0.13468773
969	0.15445564
970	0.17281723
971	0.13992052
972	0.18385296
973	0.21707635
974	0.12636651
975	0.15046210
976	0.18936878
977	0.19721889
978	0.13720748
979	0.21626858
980	0.15546174
981	0.20702301
982	0.12719760
983	0.11334251
984	0.13924743
985	0.14185152
986	0.17343471
987	0.15910626
988	0.13980396
989	0.16690441
990	0.13638210
991	0.16860457
992	0.17676040
993	0.21314180
994	0.13201467
995	0.18737245
996	0.19961847
997	0.17743934
998	0.10369239
999	0.22801413
1000	0.10738396
1001	0.18996488
1002	0.21967005
1003	0.21103260
1004	0.16286059
1005	0.17703062
1006	0.16137993
1007	0.15545654
1008	0.18527683
1009	0.16247415
1010	0.19634187
1011	0.23977012
1012	0.17354238
1013	0.20528741
1014	0.14187562
1015	0.18194343
1016	0.13754417
1017	0.18883822
1018	0.11217252
1019	0.14734008
1020	0.19302176
1021	0.16073263
1022	0.13980304
1023	0.17025852
1024	0.16313889
1025	0.15036063
1026	0.23039565
1027	0.19009172
1028	0.18322637
1029	0.16330173
1030	0.19534244
1031	0.15845529
1032	0.20727053
1033	0.18333282
1034	0.13373567
1035	0.12157044
1036	0.16473394
1037	0.18014228
1038	0.16709888
1039	0.15081707
1040	0.16800911
1041	0.16941755
1042	0.18082384
