0	0.44039083
1	0.33198239
2	0.44568959
3	0.09067541
4	0.44661178
5	0.44679499
6	0.44170021
7	0.41579918
8	0.44585024
9	0.37740962
10	0.44613698
11	0.22158907
12	0.43305571
13	0.44566913
14	0.43854663
15	0.43833725
16	0.44584344
17	0.42257307
18	0.40621069
19	0.36637656
20	0.42091290
21	0.41955419
22	0.38130146
23	0.34578069
24	0.41895240
25	0.28574120
26	0.27978045
27	0.37073749
28	0.42119493
29	0.43285079
30	0.37722325
31	0.33176952
32	0.26354621
33	0.39505783
34	0.22965789
35	0.29389302
36	0.37184475
37	0.37135650
38	0.43502423
39	0.29518552
40	0.42053758
41	0.25577328
42	0.25752077
43	0.37639505
44	0.42279059
45	0.33106624
46	0.37807562
47	0.26967693
48	0.32439781
49	0.38959891
50	0.38803339
51	0.38395971
52	0.28708506
53	0.42461330
54	0.37619915
55	0.41592286
56	0.38614156
57	0.29608324
58	0.36563212
59	0.25567963
60	0.30170556
61	0.29052729
62	0.25097951
63	0.23790498
64	0.38900546
65	0.26175288
66	0.34074378
67	0.35703537
68	0.26082450
69	0.30915498
70	0.33983767
71	0.29980965
72	0.25509915
73	0.34132043
74	0.29272972
75	0.29553248
76	0.25570416
77	0.37004426
78	0.28387957
79	0.29323670
80	0.31580707
81	0.36914939
82	0.38688203
83	0.36629915
84	0.39528707
85	0.22613628
86	0.22361475
87	0.35390847
88	0.30100316
89	0.29459080
90	0.31617383
91	0.31195723
92	0.28079426
93	0.25863467
94	0.26548391
95	0.41793276
96	0.28921050
97	0.36063728
98	0.33051579
99	0.23643385
100	0.33938430
101	0.29397028
102	0.33842969
103	0.26163078
104	0.31864663
105	0.29032568
106	0.31405455
107	0.31641782
108	0.31355574
109	0.25031242
110	0.27502559
111	0.26235568
112	0.30875701
113	0.29209724
114	0.26936655
115	0.26509754
116	0.34043282
117	0.31714663
118	0.34579551
119	0.36429520
120	0.29518552
121	0.28156834
122	0.30812195
123	0.27705841
124	0.22000656
125	0.26798822
126	0.26793491
127	0.34524132
128	0.26236069
129	0.26155285
130	0.26333616
131	0.23309751
132	0.32012972
133	0.22189408
134	0.28451730
135	0.23604979
136	0.25762359
137	0.22451818
138	0.27355546
139	0.34751248
140	0.23951047
141	0.25950219
142	0.19497410
143	0.26113591
144	0.25288956
145	0.27366375
146	0.26501178
147	0.29888403
148	0.22322149
149	0.30724117
150	0.35386925
151	0.23796418
152	0.22134256
153	0.28766169
154	0.24173434
155	0.22790015
156	0.20993324
157	0.23404114
158	0.31503224
159	0.22093364
160	0.29132338
161	0.29228157
162	0.29936609
163	0.26049687
164	0.23440774
165	0.19791594
166	0.25568097
167	0.31099994
168	0.20282869
169	0.24258555
170	0.29406563
171	0.27352626
172	0.20540908
173	0.20722711
174	0.30594602
175	0.19093525
176	0.20233573
177	0.26508910
178	0.21784311
179	0.21463160
180	0.27367234
181	0.21681023
182	0.31005018
183	0.19558944
184	0.20658160
185	0.27242468
186	0.18860486
187	0.24444517
188	0.20785088
189	0.21173087
190	0.18448221
191	0.28264645
192	0.22871788
193	0.30498260
194	0.18390902
195	0.22253934
196	0.19809384
197	0.31429481
198	0.21479590
199	0.32078789
200	0.25667243
201	0.26497638
202	0.23361214
203	0.25542250
204	0.21569344
205	0.28282155
206	0.27364982
207	0.20403965
208	0.29625404
209	0.22465877
210	0.20301937
211	0.25785689
212	0.28050592
213	0.28868306
214	0.22270683
215	0.17381117
216	0.14728115
217	0.23725932
218	0.21583928
219	0.29349022
220	0.17801400
221	0.24344129
222	0.24219614
223	0.20287101
224	0.33198819
225	0.25481214
226	0.23535343
227	0.23152468
228	0.26189781
229	0.22089177
230	0.22735877
231	0.16938288
232	0.23371855
233	0.34197620
234	0.25533503
235	0.28834787
236	0.26895310
237	0.23320124
238	0.18877608
239	0.29260012
240	0.31175647
241	0.22793403
242	0.16860804
243	0.20157101
244	0.19516788
245	0.19839642
246	0.24615656
247	0.23326785
248	0.22642741
249	0.22097049
250	0.26590795
251	0.21124426
252	0.22297893
253	0.19722656
254	0.21131035
255	0.27991263
256	0.27248100
257	0.17895856
258	0.19472529
259	0.27678552
260	0.22466011
261	0.19932577
262	0.19316439
263	0.19049438
264	0.23913270
265	0.15476791
266	0.21953133
267	0.26601023
268	0.17519138
269	0.23153640
270	0.24235993
271	0.15193039
272	0.23266308
273	0.22473944
274	0.24465468
275	0.17552562
276	0.22265683
277	0.34064511
278	0.20793540
279	0.19523005
280	0.20804866
281	0.16603995
282	0.19624074
283	0.24987240
284	0.21691205
285	0.22236472
286	0.17861442
287	0.18956296
288	0.19513695
289	0.22187760
290	0.24780495
291	0.19080698
292	0.19686108
293	0.22077462
294	0.12202186
295	0.17523288
296	0.22218728
297	0.21690036
298	0.22960638
299	0.27035012
300	0.18044350
301	0.18802265
302	0.15491424
303	0.25353175
304	0.15636624
305	0.20126861
306	0.25684126
307	0.22322508
308	0.20573446
309	0.24069065
310	0.21164004
311	0.17874739
312	0.21516645
313	0.25957046
314	0.16600219
315	0.17118889
316	0.16937438
317	0.19091032
318	0.23526721
319	0.20061157
320	0.16740616
321	0.19820941
322	0.22914957
323	0.21121272
324	0.21893925
325	0.25298094
326	0.21524563
327	0.18042319
328	0.21874423
329	0.23791284
330	0.25181952
331	0.19137644
332	0.20255334
333	0.18796336
334	0.19567951
335	0.17343409
336	0.25399320
337	0.21601837
338	0.24394748
339	0.18632459
340	0.27291384
341	0.17745516
342	0.20948525
343	0.24496709
344	0.21939447
345	0.22898959
346	0.16685410
347	0.18265862
348	0.16171254
349	0.18797523
350	0.16774411
351	0.24818646
352	0.24587687
353	0.19906011
354	0.19312174
355	0.26706454
356	0.19468552
357	0.21371636
358	0.22532753
359	0.24020595
360	0.24030628
361	0.20519074
362	0.17309366
363	0.21268157
364	0.19696175
365	0.18793503
366	0.12290389
367	0.17233470
368	0.24453440
369	0.22910073
370	0.20253327
371	0.23947468
372	0.22866633
373	0.22324284
374	0.21737708
375	0.17778279
376	0.17782793
377	0.23707863
378	0.18176148
379	0.19371812
380	0.21072359
381	0.16312353
382	0.16108910
383	0.23694484
384	0.21256412
385	0.24476378
386	0.19658944
387	0.18047917
388	0.26662757
389	0.23521952
390	0.23006597
391	0.20803264
392	0.18848734
393	0.16981460
394	0.15645379
395	0.21423795
396	0.23129396
397	0.22444818
398	0.20158956
399	0.18045370
400	0.21229529
401	0.19803925
402	0.21680844
403	0.22342823
404	0.20567395
405	0.20049587
406	0.18347365
407	0.26669277
408	0.24455647
409	0.17974144
410	0.19164454
411	0.18468528
412	0.16193121
413	0.17727243
414	0.18418698
415	0.23107438
416	0.20107465
417	0.22885261
418	0.17862049
419	0.18289141
420	0.17361873
421	0.17401937
422	0.14242583
423	0.18523136
424	0.19823716
425	0.17410304
426	0.20096782
427	0.25045352
428	0.15484563
429	0.15250974
430	0.20207799
431	0.21502143
432	0.23340601
433	0.20079517
434	0.18095137
435	0.16775416
436	0.24488327
437	0.18321970
438	0.21776849
439	0.21712407
440	0.17337583
441	0.19467726
442	0.20957872
443	0.18351032
444	0.13686718
445	0.15942438
446	0.18199794
447	0.23113792
448	0.19342954
449	0.25355452
450	0.23777541
451	0.18452480
452	0.13556803
453	0.16009104
454	0.21690698
455	0.19096618
456	0.18243822
457	0.19212462
458	0.11068358
459	0.20376102
460	0.26249229
461	0.20859763
462	0.20047580
463	0.21651348
464	0.17546825
465	0.19374806
466	0.17006318
467	0.21354074
468	0.22477656
469	0.14645723
470	0.25105641
471	0.21904809
472	0.15803713
473	0.19800361
474	0.22079624
475	0.23083710
476	0.23023852
477	0.18231491
478	0.20512004
479	0.15727954
480	0.16867826
481	0.17497119
482	0.18649104
483	0.21204678
484	0.16612095
485	0.23564098
486	0.18999271
487	0.20559991
488	0.25013388
489	0.16320777
490	0.23456691
491	0.20014484
492	0.12608142
493	0.24008349
494	0.14503807
495	0.19473248
496	0.21131712
497	0.24172869
498	0.19784372
499	0.16539815
500	0.18249593
501	0.21138297
502	0.15755990
503	0.21827395
504	0.18950471
505	0.22241554
506	0.22840638
507	0.20688804
508	0.18551876
509	0.18759041
510	0.17451840
511	0.20245638
512	0.20937826
513	0.18847067
514	0.16135820
515	0.16195088
516	0.18916248
517	0.17355386
518	0.20599927
519	0.19480061
520	0.20278418
521	0.16739050
522	0.18245373
523	0.20277322
524	0.14432301
525	0.14611032
526	0.18510522
527	0.19783652
528	0.22414900
529	0.12498761
530	0.20551873
531	0.14466891
532	0.24275628
533	0.18600070
534	0.18034092
535	0.21757835
536	0.16471290
537	0.18327647
538	0.17996791
539	0.18900777
540	0.18706782
541	0.12127086
542	0.18781005
543	0.17459007
544	0.15886233
545	0.20233033
546	0.14700880
547	0.15720358
548	0.16117080
549	0.14911600
550	0.19085379
551	0.16972502
552	0.23112101
553	0.21477993
554	0.17391797
555	0.14071497
556	0.15858163
557	0.14450121
558	0.14513685
559	0.15823406
560	0.18145231
561	0.17997508
562	0.22117274
563	0.17008937
564	0.23197778
565	0.16250628
566	0.19645425
567	0.16075628
568	0.17160862
569	0.19301193
570	0.14684317
571	0.13087092
572	0.24459375
573	0.14281403
574	0.21283637
575	0.19280167
576	0.17553834
577	0.16255088
578	0.12611315
579	0.17157322
580	0.21787593
581	0.18768069
582	0.23562392
583	0.22034035
584	0.20779262
585	0.13429183
586	0.20241093
587	0.17612741
588	0.15090692
589	0.17198012
590	0.16543780
591	0.17644812
592	0.16874642
593	0.13391381
594	0.13540829
595	0.18864742
596	0.20491770
597	0.15697198
598	0.17768922
599	0.18801330
600	0.25980304
601	0.19492347
602	0.14824451
603	0.14933479
604	0.15453206
605	0.16493792
606	0.18431357
607	0.21234496
608	0.16322857
609	0.15710310
610	0.21209912
611	0.19107137
612	0.21633698
613	0.18111630
614	0.17144268
615	0.19782380
616	0.14000340
617	0.13638828
618	0.17117098
619	0.14540425
620	0.14715841
621	0.17444869
622	0.20763749
623	0.22445036
624	0.11770322
625	0.16256360
626	0.16046894
627	0.19761008
628	0.20328989
629	0.14844781
630	0.15362590
631	0.21705537
632	0.15641873
633	0.16690801
634	0.17768470
635	0.10661697
636	0.19838412
637	0.16025149
638	0.19311612
639	0.15982505
640	0.11224569
641	0.21569466
642	0.21927775
643	0.20557972
644	0.15838376
645	0.17446618
646	0.17801008
647	0.17473664
648	0.15653430
649	0.22831609
650	0.17216825
651	0.16099961
652	0.16953315
653	0.14037596
654	0.18478525
655	0.13761982
656	0.15759596
657	0.16664599
658	0.17063306
659	0.20310152
660	0.18441281
661	0.13665871
662	0.18061190
663	0.14938770
664	0.18598051
665	0.13613385
666	0.13577750
667	0.16569238
668	0.16885801
669	0.23498206
670	0.17210723
671	0.14834784
672	0.16101518
673	0.13617243
674	0.16431372
675	0.15855777
676	0.14951415
677	0.14844727
678	0.15344438
679	0.16890677
680	0.18307854
681	0.18509539
682	0.19699517
683	0.16433834
684	0.12924627
685	0.19473561
686	0.16521964
687	0.18430917
688	0.10689636
689	0.15824757
690	0.14877237
691	0.18431491
692	0.20195003
693	0.15348764
694	0.12695801
695	0.15669341
696	0.23060723
697	0.12001794
698	0.15032395
699	0.20761752
700	0.14749208
701	0.20644062
702	0.17484062
703	0.13231776
704	0.17985443
705	0.15599800
706	0.12247750
707	0.17771998
708	0.19738631
709	0.16457720
710	0.17677811
711	0.22113774
712	0.15110425
713	0.14656384
714	0.14290137
715	0.15641202
716	0.14646460
717	0.16926545
718	0.16990049
719	0.19094772
720	0.15833409
721	0.11921108
722	0.19804493
723	0.13441135
724	0.17395267
725	0.21412480
726	0.12333889
727	0.19065331
728	0.13278956
729	0.15567213
730	0.19773506
731	0.19869936
732	0.12301937
733	0.18779141
734	0.15657404
735	0.19322653
736	0.12033610
737	0.17494305
738	0.14389429
739	0.13018977
740	0.14787119
741	0.18336636
742	0.18474797
743	0.14991818
744	0.20106894
745	0.18634281
746	0.12925841
747	0.18099876
748	0.19377341
749	0.17011400
750	0.15074068
751	0.16942359
752	0.15774493
753	0.13046642
754	0.16634408
755	0.18226497
756	0.16121187
757	0.16877046
758	0.12721503
759	0.14358640
760	0.17815213
761	0.19257629
762	0.16953792
763	0.16343585
764	0.18708916
765	0.14693831
766	0.09902495
767	0.20890389
768	0.18094991
769	0.14578582
770	0.18745622
771	0.18358185
772	0.16566348
773	0.14632714
774	0.22678971
775	0.13140662
776	0.19054687
777	0.17121809
778	0.18643333
779	0.16141828
780	0.11937711
781	0.10378005
782	0.16095015
783	0.14679608
784	0.17535883
785	0.17555899
786	0.14361315
787	0.16040953
788	0.16502514
789	0.19576840
790	0.14588925
791	0.19497277
792	0.16496900
793	0.12614326
794	0.16448625
795	0.16221500
796	0.14991096
797	0.19085723
798	0.14840219
799	0.16085601
800	0.18498361
801	0.11352344
802	0.11364548
803	0.16040829
804	0.17870571
805	0.13954238
806	0.16228215
807	0.18495049
808	0.18657143
809	0.20752231
810	0.13802374
811	0.18245698
812	0.18812286
813	0.20352878
814	0.15460464
815	0.19634681
816	0.18576242
817	0.10910889
818	0.14361211
819	0.14355246
820	0.13732714
821	0.11627095
822	0.18451056
823	0.16915012
824	0.17102177
825	0.15369675
826	0.18075489
827	0.10629918
828	0.14967067
829	0.18683725
830	0.18655616
831	0.18057256
832	0.14322744
833	0.20078324
834	0.15986050
835	0.20306773
836	0.18216230
837	0.15158892
838	0.18005577
839	0.15653476
840	0.19496433
841	0.17155950
842	0.16084044
843	0.14583965
844	0.17504320
845	0.18729350
846	0.18614821
847	0.12129675
848	0.17681430
849	0.17231585
850	0.14245871
851	0.10897395
852	0.16108494
853	0.11443352
854	0.13958345
855	0.16704888
856	0.15274332
857	0.11726573
858	0.18366069
859	0.15950762
860	0.15513953
861	0.11158828
862	0.21689180
863	0.14492693
864	0.21199238
865	0.11439214
866	0.19469299
867	0.18202617
868	0.11776800
869	0.17395759
870	0.19152347
871	0.17049481
872	0.14893880
873	0.16787225
874	0.14976821
875	0.19090137
876	0.12193537
877	0.17538704
878	0.21292747
879	0.16969797
880	0.15671494
881	0.15914536
882	0.10395568
883	0.18705762
884	0.12527860
885	0.11249696
886	0.16196509
887	0.14044378
888	0.19165634
889	0.18146797
890	0.18036600
891	0.14263191
892	0.17481132
893	0.14421148
894	0.16695744
895	0.10288185
896	0.11767547
897	0.18047675
898	0.09941172
899	0.15361114
900	0.10411415
901	0.10363443
902	0.15686815
903	0.15928121
904	0.17355647
905	0.13889536
906	0.15385364
907	0.16499423
908	0.18032854
909	0.19327517
910	0.20147058
911	0.14792468
912	0.13962165
913	0.12264754
914	0.16468989
915	0.15547222
916	0.21945981
917	0.19776427
918	0.13692137
919	0.10921773
920	0.15029876
921	0.15994296
922	0.13729627
923	0.16486008
924	0.11684754
925	0.16809250
926	0.16234945
927	0.08540009
928	0.17465540
929	0.13313713
930	0.12967744
931	0.15573637
932	0.15877960
933	0.12448919
934	0.14041226
935	0.18124362
936	0.10446509
937	0.15589787
938	0.18638018
939	0.17838689
940	0.14979183
941	0.15886916
942	0.13227753
943	0.11713300
944	0.17093121
945	0.14857325
946	0.21316703
947	0.10524320
948	0.11200164
949	0.16267820
950	0.16023458
951	0.16096891
952	0.15103024
953	0.15425401
954	0.14768849
955	0.21738643
956	0.15384681
957	0.10433862
958	0.16680622
959	0.17530422
960	0.16776888
961	0.10481278
962	0.12028895
963	0.14791603
964	0.16272805
965	0.16487171
966	0.10690158
967	0.18187322
968	0.15647845
969	0.13200935
970	0.19033877
971	0.13848494
972	0.20050622
973	0.14599253
974	0.12462225
975	0.13713430
976	0.17385650
977	0.12011752
978	0.18054879
979	0.19869347
980	0.19070431
981	0.18063904
982	0.15567823
983	0.16883306
984	0.15294329
985	0.09052665
986	0.18010106
987	0.11486108
988	0.10271066
989	0.11383151
990	0.18642753
991	0.13009964
992	0.10678971
993	0.12030896
994	0.09612037
995	0.12746545
996	0.18371436
997	0.19551023
998	0.15356797
999	0.13451308
1000	0.14705085
1001	0.11021694
1002	0.15747544
1003	0.13365716
1004	0.15352933
1005	0.18309035
1006	0.14829754
1007	0.17378449
1008	0.18005267
1009	0.16167954
1010	0.17407429
1011	0.14643843
1012	0.12638934
1013	0.16248901
1014	0.13680707
1015	0.12274675
1016	0.15671740
1017	0.12608430
1018	0.16636755
1019	0.14593491
1020	0.17674675
1021	0.15189624
1022	0.15133567
1023	0.20195753
1024	0.12101154
1025	0.18385261
1026	0.18199651
1027	0.14177678
1028	0.13970121
1029	0.16596236
1030	0.15510644
1031	0.13024633
1032	0.13871296
1033	0.15238497
1034	0.13963600
1035	0.15701630
1036	0.16444092
1037	0.09686348
1038	0.10229420
1039	0.10527429
1040	0.11655364
1041	0.08723185
1042	0.14807198
1043	0.18714748
1044	0.17370634
1045	0.17404587
1046	0.14123288
1047	0.12714611
1048	0.11660619
1049	0.13956597
1050	0.17699284
1051	0.13180364
1052	0.09408591
1053	0.14506870
1054	0.13845962
1055	0.17874621
1056	0.13343792
1057	0.11503303
1058	0.11766226
1059	0.10716472
1060	0.13134035
1061	0.11296060
1062	0.17282596
1063	0.16414460
1064	0.12946190
1065	0.13823607
1066	0.18979651
1067	0.15146667
1068	0.12074967
1069	0.10548215
1070	0.12805592
1071	0.15077996
1072	0.15664897
1073	0.20139393
1074	0.11400571
1075	0.13836624
1076	0.15549044
1077	0.17448868
1078	0.14533904
1079	0.13186873
1080	0.18896293
1081	0.10967963
1082	0.23219171
1083	0.16151078
1084	0.17828036
1085	0.16306002
1086	0.14685753
1087	0.16027747
1088	0.13449693
1089	0.14335768
1090	0.11327092
1091	0.09427025
1092	0.15332374
1093	0.19723810
1094	0.16866973
1095	0.11052796
1096	0.10607398
1097	0.16126746
