0	0.45340508
1	0.45274739
2	0.45216875
3	0.45327022
4	0.43152481
5	0.45307502
6	0.42910529
7	0.45275247
8	0.45206033
9	0.41242467
10	0.32581862
11	0.44986837
12	0.44872676
13	0.39413191
14	0.44675379
15	0.38302356
16	0.43442731
17	0.37438511
18	0.31777937
19	0.44560331
20	0.44402429
21	0.35010397
22	0.35149565
23	0.38822133
24	0.33990247
25	0.43931900
26	0.42054944
27	0.37655289
28	0.42144607
29	0.30355045
30	0.31126305
31	0.39477063
32	0.42660964
33	0.32304819
34	0.35575717
35	0.43115967
36	0.31609050
37	0.39144624
38	0.35209763
39	0.34818633
40	0.30244433
41	0.42331994
42	0.33787884
43	0.32687749
44	0.33295668
45	0.39357926
46	0.40537370
47	0.37716674
48	0.42054461
49	0.26952216
50	0.24734328
51	0.20725727
52	0.40759781
53	0.25832168
54	0.37522119
55	0.23850546
56	0.35791117
57	0.37107359
58	0.21516420
59	0.38260327
60	0.35858768
61	0.24774941
62	0.29717150
63	0.28360609
64	0.29627599
65	0.29569652
66	0.30476569
67	0.31577996
68	0.27064068
69	0.27767439
70	0.34713145
71	0.29195170
72	0.22948107
73	0.22861795
74	0.33857968
75	0.26997342
76	0.22913038
77	0.28888751
78	0.36030626
79	0.32495372
80	0.39699722
81	0.29386983
82	0.29107731
83	0.35015188
84	0.27261719
85	0.37336848
86	0.28975936
87	0.28401966
88	0.18702992
89	0.28621246
90	0.32397578
91	0.31470825
92	0.36050731
93	0.30638921
94	0.27523723
95	0.28585745
96	0.35496054
97	0.25514673
98	0.32729513
99	0.38524144
100	0.28036701
101	0.28729861
102	0.28800971
103	0.34737446
104	0.18503114
105	0.28433079
106	0.30277665
107	0.32053459
108	0.24908587
109	0.31491521
110	0.22902049
111	0.28406545
112	0.30794788
113	0.37479482
114	0.26312822
115	0.27228956
116	0.35140104
117	0.28352008
118	0.35891527
119	0.29963086
120	0.22610431
121	0.23777509
122	0.24372422
123	0.19257133
124	0.25313299
125	0.30158841
126	0.29047307
127	0.35293246
128	0.24955724
129	0.32182808
130	0.26913900
131	0.24071677
132	0.32724203
133	0.21056072
134	0.23719419
135	0.30762178
136	0.32570143
137	0.24055438
138	0.22811524
139	0.29994635
140	0.26728253
141	0.23360908
142	0.24931180
143	0.22521681
144	0.16397286
145	0.29291336
146	0.28067359
147	0.25531973
148	0.29574816
149	0.25920755
150	0.32668859
151	0.27199475
152	0.33209527
153	0.26954408
154	0.21222018
155	0.23024958
156	0.23039332
157	0.26673977
158	0.28819812
159	0.23691945
160	0.26997648
161	0.20688337
162	0.25206903
163	0.21854454
164	0.28514669
165	0.23589182
166	0.23457575
167	0.24074788
168	0.21425654
169	0.23690400
170	0.25872154
171	0.29797216
172	0.28061712
173	0.26358528
174	0.32415738
175	0.18371315
176	0.22382905
177	0.21508486
178	0.27934596
179	0.19538761
180	0.20167404
181	0.29672411
182	0.25016138
183	0.18944402
184	0.19119335
185	0.34503031
186	0.20718333
187	0.24380094
188	0.23917255
189	0.29266427
190	0.26445585
191	0.21572655
192	0.29001768
193	0.26604255
194	0.25670257
195	0.35901120
196	0.25065251
197	0.18907683
198	0.19663361
199	0.21420150
200	0.19943932
201	0.28553354
202	0.23204631
203	0.20789558
204	0.20796169
205	0.25961437
206	0.29177481
207	0.24124001
208	0.28897965
209	0.22216806
210	0.22067898
211	0.23515995
212	0.18075901
213	0.16544461
214	0.25456949
215	0.16786601
216	0.23672512
217	0.27694040
218	0.16202175
219	0.21097839
220	0.26274513
221	0.27633605
222	0.19722488
223	0.22964617
224	0.26626273
225	0.19939186
226	0.27348319
227	0.21137617
228	0.22604516
229	0.29498754
230	0.18191538
231	0.26845160
232	0.20958640
233	0.14870480
234	0.23060651
235	0.21683208
236	0.22718427
237	0.18531117
238	0.24082373
239	0.31738083
240	0.20872794
241	0.26316106
242	0.25982923
243	0.28460466
244	0.23148069
245	0.25146621
246	0.16789523
247	0.25589151
248	0.14638838
249	0.28457411
250	0.27660498
251	0.21368667
252	0.21218337
253	0.25387004
254	0.19955891
255	0.21333935
256	0.15597752
257	0.21805981
258	0.19400511
259	0.16443490
260	0.24976364
261	0.24242606
262	0.16249642
263	0.22449558
264	0.25036649
265	0.19776242
266	0.21798086
267	0.26099346
268	0.28767098
269	0.19226176
270	0.22975661
271	0.25412978
272	0.27359443
273	0.21561253
274	0.19756336
275	0.18437467
276	0.19404718
277	0.22671065
278	0.22857359
279	0.22416225
280	0.22332495
281	0.22375066
282	0.20741315
283	0.25090275
284	0.20398180
285	0.20669447
286	0.20139656
287	0.24783925
288	0.19841006
289	0.18232947
290	0.22608212
291	0.20675515
292	0.25445358
293	0.21619489
294	0.23240859
295	0.18752905
296	0.16909172
297	0.17257540
298	0.21037192
299	0.23171917
300	0.19358278
301	0.20415734
302	0.22664012
303	0.22003024
304	0.18817432
305	0.19995341
306	0.20029732
307	0.22089175
308	0.23098198
309	0.17896315
310	0.16710703
311	0.25587056
312	0.34214224
313	0.18977937
314	0.21184530
315	0.18275104
316	0.21752116
317	0.22640856
318	0.21400772
319	0.23890915
320	0.19944116
321	0.27992453
322	0.22451360
323	0.21730411
324	0.16963184
325	0.13635188
326	0.21904906
327	0.16909906
328	0.19781427
329	0.26048660
330	0.21110640
331	0.17117450
332	0.20734196
333	0.19466503
334	0.20422665
335	0.19681186
336	0.19525783
337	0.19896583
338	0.21023740
339	0.24061928
340	0.23007383
341	0.21067811
342	0.18897568
343	0.16708573
344	0.21929130
345	0.22352303
346	0.18390136
347	0.14981559
348	0.25453198
349	0.17387550
350	0.20652084
351	0.22280946
352	0.20656385
353	0.22928222
354	0.23194468
355	0.18256072
356	0.24051298
357	0.21314262
358	0.21422411
359	0.18235818
360	0.18782223
361	0.19468977
362	0.27275957
363	0.21284958
364	0.15018563
365	0.23747533
366	0.19908069
367	0.16789990
368	0.16995946
369	0.20907794
370	0.18961688
371	0.20526559
372	0.21588441
373	0.19996291
374	0.19794325
375	0.17068434
376	0.15873594
377	0.24853953
378	0.15388525
379	0.22571868
380	0.17070772
381	0.24095901
382	0.17709830
383	0.24201844
384	0.18836935
385	0.21354283
386	0.19183093
387	0.18343504
388	0.18587126
389	0.16679596
390	0.19004391
391	0.16368062
392	0.19699168
393	0.21461785
394	0.17091162
395	0.15507714
396	0.23047185
397	0.18827933
398	0.15066308
399	0.20821510
400	0.17090365
401	0.18736886
402	0.15406733
403	0.23889649
404	0.21506249
405	0.21310912
406	0.17095626
407	0.20332488
408	0.21549777
409	0.17837634
410	0.17710477
411	0.16860870
412	0.24643556
413	0.17550567
414	0.21729269
415	0.24638918
416	0.24234548
417	0.20148212
418	0.15276761
419	0.19275230
420	0.19710706
421	0.18515452
422	0.20768653
423	0.20724008
424	0.17386301
425	0.19343191
426	0.15646990
427	0.19359628
428	0.19156385
429	0.18874113
430	0.23770111
431	0.23662035
432	0.22891681
433	0.17947008
434	0.13334753
435	0.16222797
436	0.19069976
437	0.22080181
438	0.21051301
439	0.16154422
440	0.19878215
441	0.18483563
442	0.11883281
443	0.14163633
444	0.22445574
445	0.18925257
446	0.30041569
447	0.23185414
448	0.15928358
449	0.22259283
450	0.18937512
451	0.21766997
452	0.19386381
453	0.17839074
454	0.19462916
455	0.19609200
456	0.14238205
457	0.23970985
458	0.22381409
459	0.17415278
460	0.16284088
461	0.21707035
462	0.16349085
463	0.18057411
464	0.20487220
465	0.20121451
466	0.17359683
467	0.17912129
468	0.18469770
469	0.19755738
470	0.21186378
471	0.19708504
472	0.21414774
473	0.19752926
474	0.19210828
475	0.16618991
476	0.14933612
477	0.22720581
478	0.16841625
479	0.19411461
480	0.13441193
481	0.20248239
482	0.22307728
483	0.25072112
484	0.14727262
485	0.14193434
486	0.17255505
487	0.18824635
488	0.17736914
489	0.17109715
490	0.21027968
491	0.20408243
492	0.14855957
493	0.18463671
494	0.22601169
495	0.16264551
496	0.17926413
497	0.18273897
498	0.17762213
499	0.20597721
500	0.14995776
501	0.16420129
502	0.19731260
503	0.19465344
504	0.17794489
505	0.20411214
506	0.17735351
507	0.17925678
508	0.21212397
509	0.17379332
510	0.17825919
511	0.18707516
512	0.14587592
513	0.21568264
514	0.17525080
515	0.14149095
516	0.15673685
517	0.16752912
518	0.12902721
519	0.17844826
520	0.12105891
521	0.23155832
522	0.20174318
523	0.16583678
524	0.15241319
525	0.18344736
526	0.18328058
527	0.20484332
528	0.19662912
529	0.22490647
530	0.11860202
531	0.17813104
532	0.21700177
533	0.24528302
534	0.18064008
535	0.21070946
536	0.18525964
537	0.19083591
538	0.21201451
539	0.20775505
540	0.21237102
541	0.22323337
542	0.15363299
543	0.21178330
544	0.18832022
545	0.23500560
546	0.15358031
547	0.15457436
548	0.10223065
549	0.18083100
550	0.16334669
551	0.16594708
552	0.15217690
553	0.15869802
554	0.19962884
555	0.20441235
556	0.20591886
557	0.18380480
558	0.21041987
559	0.22134482
560	0.19998563
561	0.20988354
562	0.22165059
563	0.17401204
564	0.14784997
565	0.24494941
566	0.14466552
567	0.19672815
568	0.12276260
569	0.17876246
570	0.20228963
571	0.16703883
572	0.19054624
573	0.18563528
574	0.15927686
575	0.18009642
576	0.20837147
577	0.17561305
578	0.16014043
579	0.15843685
580	0.15294144
581	0.16594377
582	0.17439509
583	0.16910463
584	0.16160153
585	0.18231691
586	0.21551388
587	0.20907192
588	0.19662349
589	0.19527269
590	0.18600174
591	0.20938438
592	0.16377825
593	0.13038375
594	0.17884544
595	0.16890150
596	0.21441976
597	0.17240630
598	0.15433685
599	0.17307182
600	0.14550031
601	0.16288212
602	0.17205595
603	0.16110125
604	0.13986493
605	0.14575268
606	0.15544635
607	0.10817457
608	0.18314074
609	0.14284036
610	0.17896653
611	0.12253208
612	0.13444447
613	0.20357196
614	0.11848027
615	0.15620800
616	0.17935452
617	0.19266033
618	0.13343723
619	0.17113577
620	0.15107944
621	0.19860292
622	0.20014081
623	0.12349054
624	0.16744923
625	0.19625727
626	0.23623361
627	0.19581079
628	0.19171743
629	0.15263100
630	0.13125846
631	0.18696430
632	0.15383222
633	0.18749683
634	0.15706068
635	0.16651086
636	0.14963570
637	0.15513055
638	0.12632606
639	0.20691900
640	0.18583556
641	0.19775070
642	0.15331875
643	0.20132505
644	0.15724168
645	0.21471886
646	0.14615362
647	0.23039294
648	0.21835129
649	0.20508225
650	0.19000070
651	0.19238090
652	0.19675536
653	0.17593838
654	0.16219172
655	0.19417307
656	0.19511409
657	0.15600136
658	0.13471726
659	0.16127286
660	0.17853497
661	0.14670205
662	0.21479850
663	0.13712884
664	0.14709708
665	0.15311124
666	0.18497989
667	0.17110223
668	0.19393319
669	0.15978166
670	0.18224753
671	0.18013250
672	0.13731270
673	0.12157234
674	0.15926026
675	0.19861510
676	0.15127070
677	0.14197874
678	0.16783379
679	0.17349440
680	0.20076830
681	0.15655397
682	0.08843368
683	0.11953553
684	0.14915887
685	0.14405901
686	0.20299673
687	0.20283462
688	0.16563507
689	0.17965779
690	0.17572053
691	0.14358834
692	0.17423525
693	0.19412237
694	0.13831580
695	0.15225463
696	0.17597265
697	0.12848991
698	0.19684151
699	0.14390633
700	0.12379871
701	0.12630807
702	0.16363107
703	0.15188605
704	0.18049106
705	0.14416611
706	0.16058100
707	0.14258281
708	0.14648601
709	0.16419280
710	0.16678205
711	0.18701569
712	0.21401969
713	0.16308918
714	0.21324328
715	0.19756482
716	0.17829638
717	0.15556507
718	0.14750480
719	0.25096534
720	0.16551454
721	0.17864830
722	0.12574068
723	0.18744349
724	0.10828650
725	0.17306924
726	0.16438831
727	0.17887996
728	0.13229447
729	0.14044569
730	0.18546333
731	0.18969997
732	0.17387912
733	0.19126354
734	0.18372029
735	0.17513960
736	0.13254687
737	0.20030254
738	0.15841388
739	0.18925759
740	0.19610564
741	0.11185268
742	0.14927105
743	0.13921555
744	0.15567672
745	0.12903956
746	0.15797491
747	0.18645254
748	0.21015132
749	0.20288497
750	0.17754833
751	0.15661082
752	0.15309753
753	0.18026138
754	0.12252498
755	0.20013295
756	0.10422161
757	0.22308810
758	0.14148907
759	0.17396670
760	0.18239589
761	0.17423960
762	0.16935014
763	0.18769843
764	0.21366030
765	0.18549134
766	0.16988469
767	0.14478065
768	0.19788212
769	0.22323636
770	0.14778299
771	0.16160334
772	0.12857585
773	0.15993055
774	0.20577975
775	0.17169666
776	0.17865010
777	0.13706350
778	0.11761670
779	0.13337161
780	0.13638765
781	0.18309569
782	0.13384134
783	0.12449259
784	0.20295915
785	0.13543587
786	0.19466493
787	0.17349923
788	0.17702846
789	0.17091677
790	0.13489179
791	0.18423977
792	0.21731611
793	0.14449645
794	0.15123761
795	0.14794235
796	0.15063225
797	0.17672321
798	0.16560769
799	0.17083483
800	0.11900303
801	0.15611260
802	0.17735132
803	0.13608907
804	0.18223563
805	0.12900411
806	0.14158974
807	0.12737686
808	0.14483827
809	0.15887060
810	0.20961120
811	0.17660957
812	0.16716670
813	0.14309659
814	0.09964923
815	0.15193351
816	0.12218361
817	0.16431016
818	0.15190365
819	0.20206521
820	0.10582272
821	0.15292338
822	0.20495223
823	0.16888866
824	0.15368566
825	0.11347209
826	0.12784026
827	0.14517923
828	0.15575877
829	0.13419600
830	0.19207620
831	0.09927613
832	0.18337554
833	0.18543984
834	0.17994148
835	0.13039102
836	0.15628987
837	0.20585480
838	0.14173319
839	0.13865184
840	0.15063754
841	0.13872272
842	0.15874934
843	0.10118278
844	0.17154795
845	0.19759976
846	0.17224701
847	0.17054436
848	0.15973869
849	0.15528034
850	0.18923869
851	0.16455661
852	0.14763615
853	0.14624868
854	0.18235946
855	0.15467624
856	0.17127213
857	0.20120609
858	0.18134068
859	0.16656260
860	0.18494102
861	0.18213013
862	0.14254513
863	0.17623737
864	0.15687481
865	0.15673365
866	0.20412502
867	0.15736026
868	0.16614777
869	0.17983424
870	0.18363894
871	0.18835654
872	0.16140157
873	0.16070595
874	0.15369457
875	0.14350651
876	0.16468967
877	0.16750205
878	0.13915000
879	0.16929725
880	0.14847352
881	0.15684513
882	0.17632279
883	0.16250981
884	0.17745146
885	0.11937867
886	0.12046705
887	0.12014391
888	0.13015209
889	0.16590334
890	0.19700511
891	0.14278065
892	0.17080456
893	0.15220230
894	0.14408257
895	0.18033546
896	0.12667154
897	0.15191399
898	0.11285251
899	0.15308490
900	0.14164910
901	0.12540720
902	0.14781959
903	0.11314687
904	0.14347196
905	0.11826903
906	0.13717470
907	0.14329656
908	0.11097791
909	0.13530484
910	0.08278521
911	0.19097808
912	0.14474864
913	0.13492679
914	0.19506987
915	0.15326980
916	0.15471917
917	0.17400104
918	0.11887415
919	0.14146785
920	0.10436395
921	0.15083344
922	0.15143601
923	0.16596013
924	0.15841604
925	0.11027526
926	0.18851037
927	0.16834760
928	0.10832453
929	0.17301973
930	0.14113361
931	0.11825912
932	0.14952109
933	0.17765964
934	0.14025292
935	0.16687335
936	0.12887470
937	0.15257015
938	0.14869283
939	0.16037255
940	0.11903483
941	0.19064064
942	0.13283549
943	0.16813097
944	0.13451597
945	0.13741562
946	0.19923873
947	0.11034370
948	0.14796204
949	0.09523441
950	0.11308970
951	0.18984823
952	0.17378111
953	0.20649958
954	0.13036569
955	0.14095456
956	0.15261768
957	0.11500779
