0 3
0 5
0 8
0 9
0 11
0 12
0 16
0 22
0 25
0 27
0 29
0 30
0 52
0 71
0 81
0 87
0 99
0 116
0 142
0 159
0 160
0 173
0 179
0 181
0 185
0 192
0 226
0 319
0 414
0 497
0 575
0 582
0 603
0 605
0 710
0 727
0 756
0 788
0 865
0 889
0 895
0 910
0 913
0 915
0 922
0 933
0 940
0 1047
0 1066
0 1069
0 1102
0 1190
0 1195
0 1223
0 1286
0 1287
0 1289
0 1302
0 1339
0 1381
0 1488
0 1528
0 1588
0 1665
0 1688
0 1740
0 1751
0 1760
0 1781
0 1821
0 1895
1 3
1 4
1 9
1 11
1 13
1 14
1 16
1 18
1 25
1 30
1 31
1 35
1 36
1 38
1 40
1 42
1 64
1 72
1 78
1 80
1 84
1 86
1 92
1 127
1 141
1 147
1 192
1 195
1 202
1 227
1 230
1 262
1 285
1 322
1 325
1 367
1 401
1 408
1 503
1 507
1 533
1 560
1 570
1 572
1 573
1 574
1 589
1 636
1 644
1 711
1 739
1 769
1 824
1 848
1 863
1 946
1 974
1 1065
1 1177
1 1179
1 1196
1 1209
1 1266
1 1312
1 1355
1 1456
1 1475
1 1513
1 1525
1 1529
1 1534
1 1541
1 1595
1 1625
1 1641
1 1712
1 1731
1 1757
1 1761
1 1770
1 1911
1 1959
1 1963
1 2061
2 3
2 4
2 5
2 6
2 12
2 17
2 19
2 23
2 24
2 26
2 27
2 33
2 37
2 39
2 43
2 46
2 50
2 54
2 63
2 75
2 77
2 81
2 82
2 88
2 89
2 91
2 93
2 110
2 117
2 120
2 121
2 157
2 173
2 195
2 197
2 198
2 201
2 204
2 208
2 212
2 227
2 240
2 260
2 295
2 304
2 314
2 318
2 329
2 331
2 336
2 337
2 352
2 355
2 372
2 383
2 387
2 404
2 407
2 409
2 410
2 413
2 423
2 471
2 486
2 496
2 502
2 551
2 560
2 565
2 570
2 584
2 588
2 590
2 622
2 627
2 664
2 684
2 694
2 712
2 725
2 758
2 762
2 771
2 797
2 825
2 830
2 841
2 857
2 891
2 916
2 930
2 953
2 967
2 976
2 978
2 981
2 1116
2 1173
2 1176
2 1228
2 1241
2 1243
2 1247
2 1330
2 1332
2 1357
2 1370
2 1404
2 1467
2 1494
2 1514
2 1520
2 1543
2 1560
2 1625
2 1647
2 1650
2 1664
2 1669
2 1682
2 1689
2 1758
2 1847
2 1904
2 1927
2 1928
2 1929
2 2044
3 4
3 5
3 6
3 7
3 8
3 10
3 12
3 13
3 14
3 16
3 18
3 20
3 22
3 29
3 32
3 37
3 42
3 47
3 48
3 51
3 55
3 61
3 70
3 72
3 74
3 76
3 77
3 85
3 88
3 91
3 93
3 96
3 97
3 99
3 101
3 103
3 105
3 107
3 108
3 111
3 118
3 120
3 124
3 129
3 132
3 133
3 136
3 146
3 147
3 152
3 154
3 168
3 169
3 171
3 183
3 184
3 185
3 186
3 203
3 205
3 206
3 211
3 225
3 236
3 239
3 241
3 253
3 258
3 268
3 273
3 283
3 284
3 289
3 292
3 307
3 327
3 334
3 337
3 343
3 345
3 348
3 352
3 355
3 372
3 376
3 402
3 450
3 452
3 463
3 468
3 474
3 475
3 488
3 491
3 498
3 500
3 507
3 510
3 523
3 536
3 543
3 547
3 557
3 572
3 574
3 583
3 599
3 612
3 614
3 620
3 631
3 635
3 637
3 639
3 642
3 652
3 665
3 666
3 671
3 677
3 680
3 692
3 720
3 732
3 751
3 761
3 788
3 790
3 799
3 800
3 802
3 814
3 821
3 836
3 846
3 856
3 870
3 874
3 885
3 894
3 917
3 929
3 932
3 938
3 951
3 958
3 963
3 986
3 999
3 1007
3 1038
3 1072
3 1091
3 1099
3 1116
3 1128
3 1132
3 1147
3 1148
3 1233
3 1236
3 1258
3 1278
3 1308
3 1320
3 1321
3 1328
3 1340
3 1343
3 1345
3 1351
3 1353
3 1367
3 1405
3 1419
3 1428
3 1456
3 1506
3 1562
3 1564
3 1583
3 1587
3 1606
3 1616
3 1618
3 1671
3 1799
3 1838
3 1857
3 1859
3 1862
3 1875
3 1878
3 1884
3 1893
3 1898
3 1919
3 1924
3 1938
3 1940
3 1956
3 1966
3 1993
3 2013
3 2019
3 2030
4 6
4 7
4 10
4 11
4 17
4 19
4 27
4 33
4 61
4 104
4 113
4 137
4 145
4 206
4 219
4 224
4 232
4 257
4 265
4 307
4 355
4 416
4 436
4 583
4 618
4 674
4 784
4 851
4 934
4 1002
4 1006
4 1103
4 1141
4 1142
4 1226
4 1336
4 1344
4 1368
4 1392
4 1432
4 1447
4 1606
4 1845
4 1849
4 1910
4 2032
4 2057
5 7
5 9
5 15
5 28
5 33
5 39
5 43
5 44
5 60
5 73
5 83
5 134
5 166
5 177
5 229
5 251
5 326
5 329
5 344
5 359
5 419
5 431
5 530
5 577
5 682
5 747
5 770
5 885
5 943
5 977
5 1050
5 1238
5 1371
5 1547
5 1755
5 1802
5 1840
5 1846
5 1909
5 1913
5 2050
5 2059
6 124
6 182
6 224
6 230
6 235
6 476
6 605
6 1888
7 10
7 53
7 62
7 107
7 200
7 211
7 222
7 315
7 356
7 645
7 707
7 893
7 1189
7 1276
7 1392
7 1536
7 1567
7 1581
7 1921
8 29
8 43
8 68
8 81
8 83
8 86
8 122
8 132
8 135
8 142
8 196
8 245
8 294
8 313
8 321
8 334
8 354
8 394
8 428
8 535
8 547
8 566
8 569
8 599
8 622
8 653
8 739
8 745
8 812
8 964
8 1001
8 1076
8 1156
8 1313
8 1332
8 1361
8 1492
8 1584
8 1664
8 1772
8 1858
8 1925
8 1929
8 1978
8 2039
8 2046
9 13
9 22
9 51
9 92
9 96
9 116
9 148
9 152
9 179
9 190
9 192
9 281
9 299
9 371
9 468
9 506
9 523
9 625
9 633
9 697
9 722
9 737
9 850
9 970
9 1137
9 1372
9 1382
9 1526
9 1856
9 1931
9 1945
9 1963
9 2064
10 14
10 17
10 21
10 23
10 89
10 109
10 137
10 155
10 183
10 208
10 212
10 213
10 235
10 279
10 333
10 391
10 400
10 430
10 470
10 509
10 524
10 541
10 561
10 690
10 747
10 764
10 849
10 955
10 1064
10 1077
10 1144
10 1151
10 1578
10 1614
10 1618
10 1675
10 1745
10 1750
10 1868
11 15
11 42
11 52
11 63
11 84
11 96
11 110
11 125
11 134
11 141
11 146
11 156
11 168
11 188
11 229
11 238
11 257
11 267
11 347
11 361
11 598
11 715
11 743
11 802
11 837
11 851
11 926
11 1035
11 1054
11 1110
11 1307
11 1343
11 1384
11 1468
11 1576
11 1601
11 1679
11 1754
11 1971
11 1980
11 2028
11 2063
12 15
12 18
12 19
12 24
12 40
12 41
12 44
12 47
12 49
12 58
12 69
12 70
12 100
12 102
12 114
12 116
12 117
12 119
12 122
12 128
12 141
12 150
12 177
12 196
12 252
12 272
12 273
12 308
12 335
12 339
12 375
12 409
12 426
12 429
12 442
12 460
12 471
12 507
12 515
12 557
12 603
12 609
12 638
12 657
12 741
12 746
12 786
12 809
12 828
12 858
12 869
12 884
12 942
12 952
12 957
12 970
12 1005
12 1010
12 1053
12 1067
12 1215
12 1218
12 1228
12 1246
12 1255
12 1267
12 1275
12 1292
12 1299
12 1410
12 1417
12 1481
12 1608
12 1638
12 1639
12 1693
12 1711
12 1744
12 1758
12 1761
12 1791
12 1825
12 1878
12 1982
12 2072
13 20
13 51
13 60
13 73
13 78
13 92
13 180
13 190
13 260
13 272
13 288
13 341
13 464
13 481
13 490
13 526
13 589
13 620
13 862
13 907
13 1239
13 1472
13 1569
13 1571
13 1707
13 1777
14 28
14 109
14 213
14 409
14 476
14 513
14 514
14 695
14 719
14 868
14 951
14 972
14 1179
14 1199
14 1623
14 1949
15 21
15 23
15 34
15 36
15 53
15 56
15 165
15 272
15 434
15 459
15 658
15 738
15 863
15 1030
15 1189
15 1332
15 1421
15 1928
16 21
16 25
16 26
16 28
16 31
16 35
16 38
16 41
16 48
16 57
16 115
16 131
16 147
16 157
16 210
16 225
16 236
16 247
16 262
16 267
16 276
16 277
16 316
16 340
16 361
16 366
16 371
16 398
16 412
16 435
16 443
16 446
16 451
16 457
16 475
16 494
16 501
16 533
16 578
16 604
16 677
16 693
16 709
16 717
16 758
16 794
16 815
16 865
16 889
16 928
16 940
16 964
16 969
16 983
16 985
16 1034
16 1070
16 1078
16 1092
16 1128
16 1147
16 1152
16 1162
16 1231
16 1263
16 1269
16 1315
16 1317
16 1334
16 1350
16 1398
16 1409
16 1455
16 1486
16 1518
16 1531
16 1566
16 1569
16 1633
16 1696
16 1741
16 1787
16 1791
16 1793
16 1828
16 1867
16 1876
16 1906
16 1912
16 1939
16 1962
16 1985
16 2003
16 2026
16 2053
17 59
17 69
17 90
17 138
17 155
17 160
17 162
17 172
17 232
17 541
17 595
17 624
17 672
17 725
17 839
17 851
17 866
17 906
17 948
17 993
17 1004
17 1088
17 1129
17 1130
17 1224
17 1266
17 1322
17 1435
17 1438
17 1501
17 1552
17 1674
17 1734
17 1807
17 2072
18 31
18 38
18 102
18 111
18 178
18 219
18 322
18 500
18 533
18 563
18 719
18 731
18 894
18 901
18 1121
18 1140
18 1197
18 1434
18 1561
18 1725
19 20
19 24
19 26
19 49
19 74
19 113
19 114
19 127
19 159
19 161
19 211
19 220
19 285
19 311
19 342
19 365
19 421
19 424
19 453
19 499
19 568
19 923
19 988
19 1087
19 1186
19 1194
19 1285
19 1292
19 1303
19 1384
19 1453
19 1472
19 1479
19 1504
19 1505
19 1526
19 1598
19 1732
19 1938
19 1946
19 1985
19 2029
19 2040
20 100
20 207
20 334
20 365
20 421
20 486
20 568
20 652
20 713
20 799
20 808
20 1377
21 34
21 41
21 68
21 89
21 95
21 236
21 258
21 279
21 539
21 540
21 587
21 717
21 821
21 859
21 929
21 935
21 1102
21 1161
21 1217
21 1267
21 1294
21 1462
21 1844
21 2033
22 32
22 64
22 73
22 80
22 90
22 148
22 187
22 473
22 810
22 902
22 1001
22 1138
22 1257
22 1804
23 110
23 138
23 140
23 486
23 842
23 1011
23 1222
23 1652
23 1968
24 49
24 58
24 59
24 62
24 66
24 79
24 87
24 97
24 98
24 119
24 143
24 150
24 202
24 204
24 220
24 242
24 258
24 265
24 266
24 299
24 308
24 320
24 364
24 365
24 369
24 403
24 422
24 477
24 479
24 531
24 532
24 562
24 586
24 670
24 678
24 703
24 757
24 778
24 827
24 870
24 923
24 985
24 1043
24 1089
24 1117
24 1167
24 1180
24 1210
24 1211
24 1241
24 1295
24 1301
24 1309
24 1340
24 1357
24 1366
24 1402
24 1425
24 1563
24 1599
24 1668
24 1719
24 1854
24 1866
24 1958
24 1973
25 40
25 48
25 50
25 68
25 118
25 170
25 193
25 227
25 250
25 257
25 267
25 275
25 303
25 332
25 362
25 373
25 396
25 532
25 566
25 636
25 792
25 794
25 835
25 865
25 889
25 903
25 991
25 994
25 1001
25 1034
25 1063
25 1100
25 1178
25 1259
25 1341
25 1349
25 1439
25 1530
25 1649
25 1759
25 1868
25 1957
25 1975
25 2019
26 47
26 53
26 57
26 161
26 180
26 215
26 255
26 342
26 449
26 459
26 469
26 503
26 724
26 728
26 770
26 777
26 909
26 1039
26 1125
26 1234
26 1256
26 1540
26 1657
26 1778
26 1796
26 1865
26 2051
26 2067
27 36
27 63
27 206
27 240
27 386
27 525
27 654
27 671
27 675
27 708
27 827
27 901
27 1033
27 1300
27 1553
27 1590
27 1751
28 30
28 67
28 153
28 177
28 250
28 312
28 344
28 489
28 696
28 760
28 843
28 886
28 905
28 951
28 1014
28 1048
28 1166
28 1274
28 1348
28 1476
28 1656
28 1920
28 1999
28 2069
29 61
29 154
29 791
29 890
29 1112
29 1552
30 34
30 35
30 52
30 189
30 270
30 498
30 552
30 687
30 975
30 1119
30 1499
30 1812
30 1820
31 32
31 1009
31 1111
32 46
32 289
32 337
32 350
32 414
32 504
32 754
32 773
32 878
32 1009
32 1123
32 1900
33 39
33 44
33 45
33 50
33 65
33 145
33 158
33 163
33 179
33 323
33 414
33 482
33 509
33 563
33 673
33 682
33 995
33 1000
33 1022
33 1077
33 1122
33 1141
33 1210
33 1240
33 1257
33 1283
33 1345
33 1367
33 1418
33 1464
33 1549
33 1646
33 1737
33 1806
33 2046
34 95
34 109
34 217
34 246
34 295
34 351
34 540
34 665
34 733
34 1102
34 1131
34 1273
34 1304
34 1444
34 1684
34 1739
35 118
35 130
35 133
35 189
35 217
35 242
35 247
35 254
35 256
35 263
35 297
35 310
35 387
35 450
35 466
35 485
35 487
35 619
35 650
35 662
35 690
35 795
35 897
35 949
35 960
35 1081
35 1176
35 1187
35 1293
35 1496
35 1663
35 1697
35 1738
35 1896
35 1920
35 2023
36 37
36 84
36 232
36 240
36 324
36 470
36 863
36 1071
36 1287
36 1445
36 1667
36 1908
37 77
37 82
37 106
37 132
37 138
37 222
37 237
37 324
37 390
37 436
37 490
37 693
37 786
37 787
37 826
37 836
37 931
37 1069
37 1220
37 1295
37 1314
37 1520
37 1550
37 1763
37 1811
37 1821
38 57
38 69
38 149
38 173
38 207
38 256
38 286
38 426
38 435
38 461
38 630
38 717
38 769
38 888
38 1005
38 1035
38 1108
38 1253
38 1356
38 1457
38 1886
38 1955
38 1962
38 1974
39 45
39 56
39 65
39 66
39 98
39 129
39 140
39 194
39 221
39 268
39 280
39 299
39 300
39 302
39 326
39 327
39 423
39 586
39 757
39 874
39 976
39 1191
39 1214
39 1498
39 1611
39 1839
39 1850
39 1892
39 1893
39 1994
40 60
40 123
40 128
40 149
40 368
40 401
40 444
40 546
40 563
40 620
40 651
40 791
40 801
40 925
40 961
40 980
40 991
40 996
40 1378
40 1548
40 1654
40 1685
40 1834
40 1870
40 1881
40 1889
40 1933
40 1952
40 1995
41 87
41 95
41 151
41 180
41 235
41 281
41 429
41 432
41 455
41 483
41 567
41 583
41 608
41 638
41 684
41 705
41 727
41 729
41 854
41 855
41 873
41 988
41 1045
41 1097
41 1158
41 1327
41 1442
41 1454
41 1965
41 1967
41 2065
42 105
42 156
42 158
42 168
42 293
42 345
42 353
42 367
42 389
42 929
42 1026
42 1068
42 1071
42 1114
42 1265
42 1383
42 1421
42 1468
42 1744
42 1948
42 1973
43 115
43 191
43 321
43 359
43 383
43 437
43 965
43 1042
43 1508
43 1912
44 45
44 56
44 62
44 163
44 218
44 270
44 341
44 353
44 680
44 788
44 816
44 854
44 1068
44 1228
44 1276
44 1612
44 1737
45 46
45 54
45 64
45 160
45 178
45 378
45 434
45 456
45 647
45 685
45 766
45 898
45 1136
45 1365
45 1527
45 1594
45 1611
45 1829
45 1929
46 504
46 739
46 1734
46 1983
47 157
48 85
48 98
48 101
48 117
48 167
48 170
48 237
48 248
48 249
48 282
48 303
48 306
48 316
48 356
48 382
48 429
48 669
48 778
48 812
48 820
48 867
48 883
48 905
48 930
48 956
48 1003
48 1040
48 1096
48 1117
48 1279
48 1333
48 1391
48 1513
48 1616
48 1669
48 1793
48 1906
48 2025
48 2035
49 59
49 114
49 209
49 239
49 473
49 483
49 703
49 933
49 1067
49 1238
49 1242
49 1303
49 1686
50 55
50 75
50 94
50 106
50 158
50 271
50 288
50 304
50 406
50 433
50 591
50 611
50 759
50 782
50 796
50 834
50 873
50 947
50 979
50 1015
50 1052
50 1163
50 1218
50 1229
50 1362
50 1444
50 1448
50 1545
50 1643
50 1902
50 1966
50 2000
50 2076
51 54
51 70
51 83
51 105
51 137
51 172
51 184
51 214
51 309
51 349
51 352
51 492
51 506
51 517
51 556
51 593
51 621
51 654
51 737
51 877
51 896
51 926
51 934
51 936
51 1008
51 1127
51 1205
51 1299
51 1347
51 1394
51 1549
51 1559
51 1891
51 1922
51 1977
51 2018
52 55
52 78
52 112
52 188
52 449
52 529
52 598
52 733
52 1028
52 1207
52 1221
52 1231
52 1353
52 1493
52 1996
52 2017
53 67
53 215
53 231
53 255
53 354
53 358
53 361
53 550
53 643
53 1023
53 1030
53 1140
53 1634
53 1686
53 1775
54 99
54 112
54 120
54 121
54 139
54 226
54 247
54 385
54 431
54 480
54 768
54 1182
55 93
55 104
55 201
55 304
55 330
55 405
55 406
55 427
55 716
55 1218
55 1997
56 65
56 66
56 71
56 79
56 126
56 165
56 210
56 234
56 280
56 300
56 330
56 405
56 410
56 658
56 761
56 804
56 815
56 837
56 953
56 966
56 1012
56 1091
56 1146
56 1254
56 1386
56 1551
56 1600
56 1843
56 1907
56 1954
57 106
57 216
57 262
57 286
57 287
57 435
57 503
57 728
57 921
57 1169
57 1208
58 75
58 119
58 149
58 201
58 214
58 220
58 263
58 277
58 286
58 356
58 388
58 580
58 721
58 744
58 813
58 826
58 832
58 916
58 919
58 937
58 1090
58 1245
58 1316
58 1385
58 1414
58 1457
58 1487
58 1531
58 1718
58 1841
58 1853
58 1875
59 67
59 175
59 209
59 231
59 320
59 403
59 431
59 610
59 1129
59 1294
59 1733
60 72
60 74
60 76
60 82
60 166
60 193
60 244
60 259
60 269
60 301
60 339
60 346
60 455
60 512
60 528
60 530
60 623
60 661
60 667
60 701
60 710
60 862
60 925
60 1094
60 1909
60 1971
61 133
61 154
61 317
61 462
61 746
61 820
61 1399
61 1762
61 1845
62 370
62 555
62 1523
62 1880
63 238
63 295
63 418
63 793
63 1783
64 86
64 127
64 140
64 176
64 319
64 402
64 467
64 573
64 632
64 875
64 1286
64 1435
64 1658
64 1693
64 2004
65 221
65 311
65 333
65 360
65 482
65 509
65 515
65 550
65 807
65 1033
65 1239
65 1450
65 1629
65 1792
65 2065
66 71
66 79
66 165
66 254
66 259
66 321
66 420
66 457
66 761
66 810
66 835
66 1053
66 1085
66 1117
66 1357
66 1752
66 1910
66 2000
67 231
67 250
67 255
67 377
67 487
67 627
67 644
67 812
67 1655
67 1766
67 2009
68 209
68 535
68 551
68 704
68 1020
68 1188
68 1259
68 1260
68 1270
68 1685
68 1733
68 1952
69 155
69 162
69 328
69 375
69 397
69 447
69 461
69 477
69 489
69 554
69 559
69 742
69 767
69 829
69 897
69 998
69 1074
69 1095
69 1155
69 1435
69 1470
69 1611
69 1735
69 2068
70 196
70 208
70 702
70 957
70 1461
70 1636
70 1706
71 126
71 324
71 1028
71 1181
71 1557
71 1683
72 76
72 85
72 88
72 90
72 91
72 101
72 103
72 108
72 123
72 136
72 151
72 205
72 223
72 233
72 263
72 269
72 296
72 301
72 349
72 369
72 384
72 419
72 465
72 519
72 537
72 542
72 609
72 651
72 664
72 801
72 822
72 824
72 833
72 852
72 970
72 989
72 1061
72 1082
72 1170
72 1198
72 1209
72 1280
72 1305
72 1423
72 1467
72 1474
72 1507
72 1512
72 1545
72 1628
72 1699
72 1710
72 1743
72 1847
72 1913
72 1937
72 1946
72 2011
72 2016
72 2067
73 115
73 134
73 186
73 307
73 312
73 322
73 344
73 437
73 593
73 770
73 838
73 902
73 1013
73 1284
73 1410
73 1423
73 1510
73 1695
73 1894
73 2060
74 102
74 243
74 268
74 339
74 510
74 527
74 624
74 701
74 808
74 924
74 1062
74 1099
74 1296
74 1491
74 1709
74 1819
75 195
75 271
75 288
75 354
75 411
75 524
75 602
75 691
75 728
75 743
75 1150
75 1174
75 1265
75 1383
75 1487
75 1546
75 1717
75 1874
76 125
76 151
76 549
76 1710
76 2076
77 194
77 331
77 350
77 615
77 724
77 755
77 1994
77 2070
78 80
78 112
78 384
78 447
78 772
78 1060
78 1893
78 1941
79 1365
80 124
80 182
80 187
80 197
80 202
80 219
80 270
80 417
80 438
80 441
80 443
80 530
80 541
80 546
80 634
80 782
80 1037
80 1098
80 1149
80 1250
80 1275
80 1335
80 1460
80 1470
80 1474
80 1503
80 1832
80 1984
80 2014
80 2077
81 198
81 569
81 1255
81 1665
81 1925
82 171
82 193
82 323
82 393
82 455
82 931
82 1075
82 1080
82 1765
83 245
83 395
83 492
83 803
83 1094
83 1230
83 1244
83 1850
84 139
84 144
84 174
84 280
84 411
84 499
84 660
84 688
84 743
84 908
84 1029
84 1083
84 1110
84 1264
85 108
85 135
85 146
85 233
85 513
85 650
85 852
85 912
85 1310
85 1416
85 1511
85 1692
85 1793
86 408
86 630
86 1963
87 143
87 184
87 309
87 425
87 567
87 726
87 763
88 104
88 564
88 579
88 772
88 816
88 977
88 1032
88 1061
88 1097
88 1246
88 1503
88 1505
88 1769
89 97
89 100
89 164
89 212
89 298
89 363
89 391
89 421
89 424
89 434
89 596
89 666
89 797
89 800
89 840
89 860
89 879
89 974
89 990
89 1086
89 1191
89 1216
89 1243
89 1341
89 1348
89 1748
89 1799
89 1942
89 1951
89 2067
89 2071
90 94
90 113
90 243
90 244
90 393
90 641
90 1205
90 1411
90 1512
90 1643
90 2003
90 2007
90 2011
91 125
91 136
91 163
91 256
91 296
91 306
91 374
91 399
91 418
91 440
91 881
91 972
91 1131
91 1392
91 1698
91 1767
91 1870
91 2011
92 199
92 371
92 821
92 1285
92 1631
93 94
93 107
93 152
93 200
93 315
93 317
93 338
93 626
93 777
93 1571
93 1736
94 191
95 167
95 376
95 432
95 481
95 548
95 584
95 1227
95 1462
95 1867
96 156
96 407
96 981
96 1471
96 1815
96 1877
96 1897
97 135
97 150
97 186
97 301
97 426
97 594
97 666
97 706
97 727
97 732
97 1164
97 1166
97 1220
97 1782
98 170
98 194
98 265
98 340
98 628
98 757
98 1003
98 1014
98 1668
98 1816
98 1981
98 2021
99 111
99 131
99 491
99 588
99 1699
100 122
100 164
100 264
100 544
100 759
100 779
100 939
100 1047
100 1255
100 1297
100 1322
100 1537
100 1704
100 1860
101 237
101 787
101 1165
101 1257
101 1563
101 1710
102 178
102 199
102 528
102 602
102 1909
103 123
103 210
103 305
103 469
103 900
103 1144
103 1602
103 1742
104 126
104 253
104 287
104 516
104 708
104 742
104 804
104 888
104 1013
104 1039
104 1113
104 1180
104 1230
104 1331
105 345
105 450
105 621
105 1026
105 1114
105 1429
106 143
106 216
106 246
106 387
106 444
106 484
106 655
106 921
106 1374
106 1493
106 1574
106 1821
107 153
107 200
107 223
107 228
107 597
107 626
107 805
107 1022
107 1128
107 1148
107 1306
107 1956
107 1970
108 296
108 305
108 595
108 785
108 948
108 1288
108 1964
109 333
109 513
109 733
109 798
109 939
109 1429
109 1996
110 276
110 370
110 420
111 463
111 1199
112 1231
112 1941
113 243
113 485
113 607
113 618
113 676
113 687
113 750
113 785
113 1012
113 1015
113 1202
113 1203
113 1249
113 1411
113 1689
113 1691
113 1869
113 2048
114 128
114 144
114 335
114 442
114 667
114 691
114 1233
114 1256
114 1425
114 1504
114 1630
115 181
115 312
115 532
115 1042
115 1496
115 1765
115 2060
116 148
116 181
116 187
116 216
116 468
116 477
116 504
116 508
116 522
116 580
116 648
116 668
116 697
116 813
116 823
116 853
116 856
116 1211
116 1481
116 1586
116 1883
116 2045
117 249
117 282
117 303
117 314
117 318
117 415
117 521
117 789
117 831
117 924
117 930
117 986
117 1093
117 1158
117 1371
117 1415
117 1582
117 1594
117 1696
117 1969
117 2037
118 130
118 885
119 746
119 748
119 1656
120 121
120 169
120 226
120 331
120 416
120 420
120 456
120 488
120 579
120 685
120 689
120 918
120 1393
120 1516
120 1794
120 1882
120 1921
121 129
121 131
121 139
121 153
121 169
121 174
121 215
121 230
121 241
121 259
121 276
121 278
121 291
121 358
121 398
121 399
121 480
121 570
121 571
121 681
121 701
121 712
121 754
121 806
121 931
121 967
121 993
121 1084
121 1271
121 1316
121 1488
121 1626
121 1692
121 1882
121 1903
121 2002
121 2005
122 249
122 266
122 294
122 297
122 298
122 332
122 394
122 439
122 485
122 613
122 635
122 880
122 910
122 1125
122 1127
122 1544
122 1617
122 1676
122 1708
122 1800
122 1808
122 1926
123 401
123 497
123 651
123 1195
123 1387
124 164
124 182
124 225
124 251
124 340
124 479
124 524
124 632
124 634
124 692
124 706
124 992
124 1453
124 1553
124 1585
124 1796
124 2013
125 715
125 773
125 896
125 1327
126 234
126 253
126 283
126 325
126 362
126 447
126 806
126 818
126 1150
126 1329
126 1403
126 1557
126 1636
126 1702
126 1905
126 1930
126 1978
126 1987
126 2021
127 161
127 346
127 402
127 408
127 461
127 778
127 935
127 1192
127 1485
127 1873
127 2042
128 308
128 368
128 442
128 444
128 774
128 858
128 1059
128 1120
128 1192
128 1233
128 1538
128 1548
128 1722
128 1774
128 1824
129 130
129 159
129 224
129 291
129 512
129 526
129 544
129 617
129 639
129 652
129 700
129 734
129 1038
129 1436
129 1645
129 1698
129 1851
130 229
130 242
130 275
130 742
130 984
130 1020
130 1081
130 1134
130 1175
130 1183
130 1338
130 1489
130 1953
130 2058
131 277
131 373
131 396
131 422
131 554
131 679
131 707
131 1010
131 1019
131 1031
131 1171
131 1208
131 1532
131 1561
131 1884
132 289
132 599
132 796
132 808
132 836
132 1160
132 1194
132 1652
132 1800
132 1990
133 657
133 828
133 1703
134 145
134 176
134 418
134 427
134 715
134 881
134 1062
134 1124
134 1817
135 197
135 298
135 880
135 1602
136 166
136 185
136 252
136 290
136 292
136 374
136 456
136 472
136 495
136 695
136 718
136 723
136 730
136 954
136 1067
136 1131
136 1164
136 1177
136 1204
136 1291
136 1294
136 1483
136 1510
136 1670
136 1829
136 1917
137 172
137 260
137 275
137 338
137 400
137 441
137 522
137 534
137 765
137 784
137 936
137 1006
137 1175
137 1675
137 1681
137 2032
138 142
138 162
138 167
138 203
138 397
138 454
138 502
138 589
138 722
138 760
138 767
138 839
138 906
138 1138
138 1328
138 1571
138 1763
138 1798
138 1968
139 144
139 278
139 389
139 525
139 2002
140 176
140 1541
140 2061
141 248
141 458
141 884
141 1051
141 1339
141 1379
141 1529
142 245
142 294
142 313
142 348
142 380
142 382
142 722
142 1178
142 1298
142 2031
143 1340
143 1478
144 204
144 343
144 381
144 395
144 499
144 500
144 562
144 572
144 660
144 688
144 691
144 752
144 807
144 871
144 1049
144 1118
144 1520
144 1586
145 199
145 542
145 631
145 1800
146 284
146 508
146 684
146 720
146 1308
146 1324
146 1416
146 1906
147 191
147 214
147 592
147 645
147 1714
148 445
148 538
148 713
148 1024
148 1440
149 996
150 221
150 266
150 594
150 994
150 1958
151 223
151 349
151 385
151 549
151 553
151 686
151 779
151 1407
151 1560
152 205
152 478
152 613
152 802
152 1666
152 1727
153 174
153 175
153 218
153 228
153 374
153 391
153 403
153 493
153 552
153 564
153 595
153 646
153 663
153 678
153 696
153 714
153 752
153 775
153 776
153 860
153 879
153 891
153 903
153 908
153 913
153 1075
153 1479
153 1521
153 1589
153 1605
153 1633
153 1651
153 1769
153 1788
153 1807
153 1842
153 1858
153 1950
153 2053
153 2069
154 183
154 791
154 1941
155 271
155 279
155 1077
155 1674
156 287
156 505
156 1455
158 293
158 446
158 1054
158 1362
158 1653
158 1743
159 534
159 734
160 336
160 470
160 672
160 1450
161 449
161 1042
162 207
162 261
162 397
162 451
162 511
162 781
162 842
162 906
162 940
162 962
162 1016
162 1090
162 1374
162 1387
162 1441
162 1477
162 1515
162 1683
162 1740
163 198
163 218
163 297
163 363
163 491
163 528
163 629
163 633
163 1020
163 1142
163 1202
164 244
164 264
164 544
164 603
164 632
164 759
164 1212
164 1827
164 1860
164 1965
164 2071
165 234
166 290
166 330
166 698
166 718
166 745
166 845
166 1221
166 1440
166 1464
166 1648
166 1659
166 1747
167 203
167 316
167 323
167 454
167 769
167 1060
167 1139
167 1356
167 1363
167 1424
167 1940
167 2037
168 188
168 1874
169 171
169 189
169 241
169 351
169 474
169 536
169 625
169 818
169 822
169 899
169 904
169 1037
169 1213
169 1223
169 1258
169 1308
169 1319
169 1390
169 1461
170 217
170 261
170 306
170 379
170 601
170 932
170 1057
170 1950
171 284
171 351
171 393
171 1132
171 1319
171 1367
171 1460
171 1595
171 1608
171 1898
172 305
172 490
172 573
172 585
172 702
172 866
172 1299
172 1873
173 407
173 553
173 968
173 1087
173 1241
173 1532
173 1661
173 1871
174 175
174 228
174 278
174 968
174 1727
175 681
175 1506
176 413
176 433
176 875
176 904
176 1038
176 1124
176 1539
176 1541
176 1817
177 252
177 317
177 327
177 347
177 707
177 997
177 1058
177 1395
178 843
178 1000
178 1430
178 1561
178 1694
178 1731
179 190
179 1806
180 1251
180 1366
180 1420
180 1600
180 1746
180 1772
180 1932
181 310
181 1366
181 1648
182 396
182 704
182 782
182 847
182 1188
183 380
183 493
184 309
184 476
184 726
184 737
184 811
184 1404
184 1437
184 1592
184 1605
184 1818
185 495
185 846
185 1583
186 637
186 838
186 941
186 1013
186 1284
187 302
187 392
187 2045
188 2017
189 1293
190 464
190 577
190 676
190 949
190 1107
191 346
191 1060
191 1063
191 1098
191 1144
191 1660
191 2057
192 575
192 749
192 1375
192 1514
193 388
193 518
193 519
193 558
193 630
193 646
193 764
193 771
193 1108
193 1115
193 1330
193 1424
193 1596
193 1623
193 1903
193 1950
194 581
195 480
195 673
195 946
195 1248
195 1989
196 390
196 1664
197 1250
197 1711
197 2020
198 246
198 525
198 604
198 1109
198 1408
199 523
199 1368
199 1671
200 367
200 607
200 1564
200 1581
200 1949
201 505
201 740
201 1281
201 1375
202 328
202 364
202 417
202 467
202 510
202 1055
202 1242
202 1314
202 1335
202 1354
202 1363
202 1515
202 1525
202 1538
202 1597
202 1599
202 1814
203 369
203 506
203 639
203 674
203 811
203 814
203 944
203 1161
203 1776
204 381
204 422
204 517
204 562
204 660
204 670
204 1180
204 1782
204 1958
205 478
205 696
205 735
205 1666
206 372
206 736
206 818
206 882
206 1590
207 261
207 511
207 1043
207 1844
208 400
208 1064
208 1556
209 320
209 571
209 610
209 634
209 781
209 872
209 936
209 1138
209 1685
209 1733
209 1776
210 410
210 669
210 900
210 1055
210 1475
210 1907
211 311
211 380
211 781
211 1326
211 2007
211 2029
212 213
212 1151
213 440
213 855
213 868
213 983
213 1476
213 1701
215 274
215 291
215 1537
215 1784
216 274
216 484
216 693
216 699
216 714
216 921
216 1396
216 1615
216 1747
216 1980
217 222
217 254
217 292
217 315
217 318
217 539
217 601
217 679
217 683
217 766
217 798
217 825
217 1057
217 1284
217 1359
217 1483
217 1603
217 1771
217 1813
217 2051
217 2066
218 564
218 598
218 709
218 908
218 917
218 978
218 1337
218 1634
218 1675
218 1687
218 1979
219 416
219 417
219 438
219 554
219 576
219 606
219 843
219 941
219 997
219 1019
219 1037
219 1276
219 1323
219 1449
219 1570
219 1730
219 1834
219 1865
220 462
220 1316
220 2040
221 611
221 807
222 281
222 473
222 614
222 1638
223 233
223 385
223 549
223 665
223 1320
223 1518
224 1193
225 251
225 290
225 642
225 683
225 692
225 738
225 749
225 1070
225 1172
225 1471
225 1492
225 1522
225 1635
225 2001
226 497
226 887
227 425
227 527
228 239
229 1134
229 1620
230 469
230 768
230 1826
232 424
232 779
232 2015
232 2074
233 626
233 1108
233 1209
233 1721
233 1972
234 325
234 326
234 362
234 548
234 887
234 1402
234 1577
235 773
235 957
235 1151
236 637
236 1346
237 248
237 282
237 443
237 668
237 736
237 775
237 1018
237 1466
237 1524
237 1871
239 1974
240 496
240 622
240 671
240 758
240 984
240 1027
240 1111
240 1235
240 1277
240 1300
240 1451
240 1644
240 1667
240 1916
241 358
241 819
241 886
241 917
241 1041
241 1642
241 1967
242 487
243 624
243 1110
243 1479
243 1947
244 264
244 269
245 313
245 394
245 803
245 927
245 968
246 2014
247 465
247 493
247 494
247 659
247 726
247 744
247 897
247 1070
247 1225
247 1302
247 1809
247 1986
248 359
248 453
248 458
248 668
248 731
248 962
248 1096
248 1369
248 1406
249 274
249 415
249 841
249 1089
249 1389
249 1676
249 1708
249 1926
249 1944
250 377
250 644
250 1252
250 1264
250 1707
250 2009
251 537
251 609
251 642
251 740
251 1104
251 1156
251 1676
252 347
252 460
252 1206
252 1395
252 1735
253 283
253 516
253 649
253 656
253 793
253 1251
253 2006
254 960
255 285
255 772
255 909
255 1452
255 1766
256 379
256 531
256 698
256 1092
256 1176
256 1487
256 1612
256 1662
256 1698
257 353
257 536
257 674
257 1002
257 1073
257 1103
257 1426
257 1480
257 1518
257 1624
257 1699
257 1980
258 366
258 870
258 894
258 947
258 1048
258 1168
258 1212
259 293
259 623
259 657
259 661
259 898
259 952
259 1372
259 1458
259 1531
260 310
260 341
260 1044
260 1625
261 432
261 663
261 962
261 1175
261 1309
261 1387
261 1683
261 1757
261 1826
262 1078
262 1380
263 582
263 641
263 1872
263 2054
264 329
264 628
264 939
264 965
265 628
265 844
265 1025
265 1296
265 1801
266 579
266 993
266 1196
267 350
267 392
267 1469
267 1910
268 302
268 423
268 989
268 1243
268 1708
269 273
269 376
269 430
269 484
269 1237
269 1391
269 1422
269 1607
270 357
270 531
270 907
270 911
270 932
270 1139
270 1311
270 1352
271 433
271 1052
271 1574
271 1724
272 413
272 928
272 950
272 969
272 1079
272 1200
272 1397
272 2072
273 515
273 1607
273 1785
273 1803
274 662
274 699
274 714
274 1396
274 1690
274 1784
274 2062
275 457
275 522
275 792
275 1183
275 1739
275 1872
275 1908
275 1977
276 319
276 558
276 600
276 806
276 882
276 1640
277 451
277 580
277 2077
278 366
278 398
278 462
278 488
278 529
278 656
278 1325
278 2024
279 357
279 373
279 625
279 787
279 955
279 1887
280 300
280 411
280 658
280 755
280 945
280 959
280 1083
280 1440
280 1797
280 1923
281 611
281 753
281 1690
282 440
282 521
282 987
282 1166
282 1326
282 1775
282 1966
283 314
283 543
283 680
283 1329
283 1987
284 357
284 508
284 729
285 342
285 452
285 1179
285 1318
285 1959
286 721
286 1507
286 1509
287 370
287 878
287 1169
287 1331
287 2059
288 395
288 496
288 1174
289 348
289 467
289 591
289 1087
289 1126
289 1160
289 1448
289 1610
289 1632
289 1820
289 2010
289 2070
290 698
290 736
290 1522
290 1635
290 1837
291 526
291 1078
291 1389
291 1410
292 343
292 495
292 1123
293 837
294 535
294 619
294 1044
294 1904
294 2054
295 617
297 375
297 466
297 545
297 960
297 1202
297 1535
297 1887
298 880
298 1282
298 1808
299 670
299 1407
300 498
300 945
300 992
302 392
302 404
302 1026
302 1297
302 1738
302 1756
302 1839
302 1856
303 1341
304 543
304 834
304 1111
304 1168
305 1288
305 1964
306 399
306 867
306 1039
306 1040
306 1101
306 1148
306 1201
306 1216
306 1252
306 1333
306 1391
306 1581
307 902
308 364
308 368
308 460
308 648
308 774
308 833
308 849
308 1059
308 1288
308 1548
308 1773
308 1823
309 425
309 492
309 556
309 567
309 763
309 918
309 1095
309 1437
309 1592
309 1627
309 1703
310 466
310 545
310 2039
311 360
311 1603
312 383
312 439
312 829
312 1253
312 1644
313 328
313 753
313 998
313 1184
313 1325
313 2031
314 445
314 608
314 705
314 789
314 831
314 893
314 1607
314 1843
314 1849
314 2034
315 338
315 363
315 386
315 529
315 615
315 765
315 817
315 825
315 871
315 1018
315 1022
315 1223
315 1232
315 1449
316 679
316 912
316 1248
317 910
318 336
318 949
319 1053
319 1801
320 332
320 872
320 1617
321 335
321 381
321 844
321 1160
321 1200
321 1579
321 1722
322 384
322 838
322 938
322 987
322 1261
322 1679
322 1984
322 2004
323 559
323 709
323 1260
323 1497
323 1737
323 1765
323 1864
324 675
324 786
324 1517
324 1968
325 809
325 1133
325 1177
325 1301
325 1442
325 1577
325 1595
325 1642
325 1678
325 1905
325 2025
325 2050
325 2066
326 586
326 867
326 982
326 1101
326 1627
327 412
327 1219
328 998
328 1184
328 1960
328 2020
328 2031
329 771
330 405
330 600
330 694
330 796
330 995
330 1193
330 1464
330 1659
330 2032
331 1352
332 636
332 1863
333 360
333 386
333 730
333 1170
333 1791
333 1978
334 1313
336 453
336 672
336 1450
337 377
337 502
337 540
337 616
337 1400
337 1900
338 765
338 1449
338 1948
339 575
339 999
339 1779
341 464
341 1044
341 1227
342 1298
342 1312
342 1318
343 584
344 1014
344 1032
345 689
345 1071
345 1468
345 1472
345 1923
346 911
346 973
346 1463
346 1587
346 1984
346 2006
346 2040
348 382
348 427
348 591
348 1073
348 1126
348 1409
348 1546
348 1574
350 428
350 577
350 615
351 557
352 406
352 517
352 640
352 716
352 1045
352 1105
352 1351
352 1542
352 1850
353 378
353 379
353 472
353 581
353 1068
353 1153
353 1190
353 1645
353 2049
354 566
354 745
354 1084
354 1313
354 1864
355 448
355 846
355 1099
355 1247
355 1432
356 388
356 1245
356 1822
357 777
357 911
357 1736
358 512
358 801
358 1023
358 1642
358 1678
359 1446
360 436
360 971
360 1815
360 1955
361 519
361 643
361 914
361 1236
362 915
364 1030
365 478
365 518
365 1140
365 1433
366 1017
366 1100
366 1130
366 1661
366 1758
367 389
368 378
368 390
368 686
368 774
368 850
368 961
368 1043
368 1056
368 1095
368 1154
368 1168
368 1373
368 1572
368 1654
368 1672
368 1918
369 419
369 471
369 537
369 809
369 1186
369 1210
369 1754
370 459
370 1141
370 1519
370 1551
370 1880
371 623
371 890
371 943
371 1631
371 1703
371 1931
371 1945
372 551
372 667
372 1784
373 446
373 783
373 1010
373 1360
374 472
374 958
374 1229
375 1266
375 1969
376 548
376 592
376 612
376 751
376 944
376 1007
376 1422
376 1493
376 1993
377 505
377 1252
377 1558
377 1707
378 1056
378 1136
378 1262
378 1405
379 581
379 1057
379 1597
379 2046
380 900
381 481
381 1590
382 511
382 686
382 883
382 1017
382 1073
382 1426
382 1573
382 1673
382 1789
383 404
383 555
383 617
383 954
383 965
383 1005
383 1508
383 1613
383 1718
384 817
384 852
384 938
384 1477
385 1041
385 1217
385 1253
385 1508
386 415
386 452
386 593
386 1031
386 1158
386 1170
386 1307
387 799
387 857
387 892
387 1406
387 1447
387 1892
388 646
388 1822
388 1875
389 876
390 918
390 1154
391 663
391 840
391 1036
392 412
392 1372
392 1469
393 614
393 1459
394 439
394 514
394 613
394 631
394 732
394 927
394 1035
394 1125
394 1143
394 1146
395 677
395 1244
396 792
396 1208
396 1227
396 1330
396 1622
396 1975
396 2012
397 437
397 454
397 1016
397 1477
397 1536
398 1696
399 915
399 1810
400 1064
400 1287
400 1556
401 711
401 713
401 760
401 875
401 971
401 1092
401 1272
401 1495
401 2075
402 1398
402 1873
402 1961
402 2044
403 587
403 1403
403 1840
404 1291
404 1756
406 1351
407 1281
408 587
408 877
408 1172
408 1400
408 2042
409 695
409 1262
409 1286
409 1646
409 1738
409 1825
409 1927
410 980
410 1498
411 445
411 448
411 516
411 744
411 1024
411 1083
411 1122
412 475
412 1219
412 1279
412 1798
412 2044
413 560
413 848
413 950
414 604
414 647
414 1193
414 1240
414 1705
415 1089
417 438
417 1908
418 881
418 967
418 1591
419 1754
419 1797
421 2071
422 448
422 479
422 565
422 1018
424 520
424 840
424 1126
424 1401
424 1610
424 1716
424 1750
424 1938
425 428
425 430
425 527
425 585
425 783
425 1206
425 1512
425 1579
425 1604
425 1639
425 1919
426 1164
426 1275
426 1292
426 1885
427 482
427 521
427 712
427 1662
428 585
428 901
428 1076
428 1465
428 1478
428 1584
428 1930
429 441
429 559
429 608
429 790
429 920
429 1040
430 629
430 1162
432 474
432 1107
432 1484
432 1764
433 947
433 1015
433 1204
434 879
434 1484
434 1536
434 1649
434 1986
435 794
435 876
435 888
435 1569
435 1700
435 1912
436 706
436 959
436 1214
438 546
438 576
438 619
438 920
438 941
438 1954
439 675
439 1146
439 1644
439 2019
440 539
440 1326
440 1701
440 1767
440 1870
441 920
441 1250
441 1728
442 645
442 869
442 1094
442 1534
442 1537
442 1578
442 1804
443 578
443 815
443 1090
443 1466
443 1760
443 1780
444 1109
444 1120
444 1824
445 797
445 1516
446 501
446 1420
446 1506
446 1743
447 555
448 565
448 934
448 1186
448 1598
448 1719
448 1786
448 2060
449 1120
450 465
450 1496
451 483
451 494
451 501
451 596
452 463
452 1358
452 1724
452 1901
453 458
453 520
453 1376
453 1599
454 1424
456 685
456 723
456 1324
456 1829
457 1072
457 1916
457 2058
458 520
458 1051
458 1133
458 1369
458 1376
459 1237
459 1540
459 1880
460 793
461 489
461 700
462 1762
463 635
463 805
464 676
465 616
465 659
465 819
465 1152
466 545
466 643
466 711
466 1254
466 1854
467 1448
468 610
468 1446
468 1562
469 756
469 860
469 890
469 971
471 2052
472 1658
472 2049
473 1259
475 935
475 1566
475 1787
476 514
476 605
476 1046
476 1433
477 1865
477 1997
478 518
479 923
479 1211
480 673
480 1024
480 1051
480 1189
482 550
482 655
482 995
482 1033
482 1159
482 1185
482 1240
482 1502
482 1713
483 596
483 729
483 819
483 845
483 1242
483 1342
483 1454
483 1589
484 538
484 556
484 594
484 656
484 699
484 803
484 1237
484 1289
484 1712
484 1855
485 607
485 618
485 1461
485 2048
486 538
486 1543
488 650
488 683
488 738
488 982
488 1159
488 1184
488 2055
489 767
489 898
489 1021
489 1413
489 1458
489 1853
490 768
492 1093
493 678
493 1444
494 1079
494 1773
495 718
495 723
495 954
495 1355
495 1777
496 571
496 1027
496 1065
496 1539
496 1808
496 1813
497 582
497 602
497 859
497 976
497 1157
497 1388
497 1688
497 1745
497 1905
498 1213
498 1661
498 2015
499 640
499 688
499 871
499 1116
501 1835
502 616
502 740
502 839
503 972
503 1199
503 1596
504 648
504 649
504 841
504 853
504 1135
504 1473
504 1723
504 1726
504 1900
505 578
505 703
505 730
505 752
505 1178
505 1353
505 1375
505 1430
505 1988
506 1008
506 1914
507 597
507 1261
507 1529
507 1606
509 552
510 895
511 731
512 700
512 1651
513 568
513 1567
513 1609
514 682
514 719
514 1046
514 1165
514 1342
514 2070
515 627
515 1785
515 1803
515 1832
515 2013
516 649
516 966
516 1122
516 1454
516 1666
517 640
517 704
517 826
517 1205
517 1555
517 1614
517 1619
517 1818
517 1871
517 1917
518 1192
518 1399
518 1861
518 1988
519 542
519 558
520 1401
521 638
521 1093
521 1618
521 2029
522 1183
523 1374
524 561
526 1239
526 1248
526 1434
526 1593
526 1851
527 1222
528 956
528 1100
528 1142
528 1157
528 1261
528 1976
529 945
529 1232
529 1360
530 862
530 1755
531 534
531 553
531 601
531 1805
532 958
532 1753
533 689
533 1962
534 1681
535 569
536 1350
536 1647
537 1129
538 1016
539 766
539 798
539 1382
539 1495
539 1559
539 1652
539 1701
540 1217
541 1149
541 1396
541 1501
542 547
542 978
542 1290
542 1717
543 966
543 1082
543 1185
544 884
544 892
544 1049
544 1050
544 1150
544 1282
544 1500
544 1687
544 1778
544 1965
545 561
545 1854
546 991
546 1378
546 1480
546 1570
546 1901
546 1954
547 795
547 1717
547 1896
548 592
548 612
548 887
548 1220
548 1582
550 655
550 1640
550 1775
550 1897
551 600
551 1260
551 1417
552 1842
552 2024
554 574
554 576
554 597
554 829
554 922
554 997
554 1315
554 1358
555 1086
555 1235
555 1523
555 1920
556 1244
556 1408
556 1469
557 1377
558 588
558 669
560 659
560 681
560 848
560 876
562 827
562 861
562 977
562 1547
562 1682
563 789
563 811
563 858
563 963
564 1861
565 716
565 899
565 1786
566 1527
566 1925
567 763
568 1380
569 1665
570 795
570 1370
570 1621
570 2066
571 590
573 687
573 721
573 1702
573 1868
578 1443
579 1032
579 1061
579 1505
580 813
580 832
580 919
580 1942
581 1153
582 641
582 710
582 1085
582 1386
583 708
583 988
584 654
584 762
584 830
584 994
584 1074
584 1113
584 1145
584 1490
584 1609
585 914
585 1076
585 1207
585 1465
585 1833
585 1930
585 1991
586 702
587 877
587 1161
587 1267
587 2042
588 653
588 1555
589 590
589 1279
589 1596
589 1653
589 1932
590 1494
591 912
591 1162
591 1393
591 1575
593 621
593 1298
593 1307
593 1513
593 1852
593 2018
594 1023
594 1113
594 1712
594 1816
594 1859
595 948
596 974
596 1063
596 1342
596 1348
596 1961
597 922
600 694
600 735
600 800
600 893
600 1187
600 1249
600 1417
600 1428
600 1568
601 606
602 1058
603 1066
604 783
604 928
604 1277
604 1741
604 1994
605 606
605 1433
606 1451
606 1570
607 1249
607 1445
608 705
608 735
608 1091
608 1139
609 629
609 741
609 1156
609 1485
610 647
610 1359
610 1562
611 775
611 784
611 1229
611 1523
612 1878
613 1544
615 1098
616 1400
617 734
617 1613
618 750
618 873
618 1411
618 1691
619 662
620 1072
620 1106
620 1428
620 1715
620 2030
621 1852
621 2018
622 1772
623 1931
624 725
624 1296
624 1674
624 1947
625 904
625 955
625 1213
625 1663
626 750
626 864
626 1149
627 664
627 1655
628 844
628 1025
628 1766
629 633
629 690
630 747
630 764
630 1274
630 1490
631 1714
631 1728
632 1848
633 661
633 1542
634 1021
635 1019
635 1268
636 1704
637 1346
638 1082
639 814
640 653
640 1045
640 1173
640 1555
640 1722
642 856
643 1236
643 2062
646 1350
648 833
648 849
648 864
648 1059
648 1135
648 1304
648 1431
648 1584
648 1726
648 1874
648 1936
649 853
649 1723
649 1890
649 1899
650 748
650 2026
650 2055
651 1914
652 878
652 1196
652 1321
652 1369
654 762
654 830
654 914
654 1041
654 1127
654 1145
654 1154
655 1713
656 1325
656 1335
656 1855
656 1915
657 828
658 741
658 937
658 959
658 1732
659 1225
659 1526
660 1620
660 1658
662 990
663 748
663 891
664 1048
664 1467
664 1650
664 1655
664 1826
665 1155
665 1320
665 1715
665 1739
667 1182
668 823
668 1952
669 1511
670 1214
670 1697
671 1235
672 895
672 1004
673 820
673 1283
673 1364
673 1572
674 861
674 1002
674 1327
675 1084
676 1107
676 1398
676 1869
677 720
677 842
677 963
677 1115
677 1119
677 1317
677 1405
677 1583
678 1222
678 1402
678 1403
678 2023
679 1171
680 816
680 1554
681 753
681 754
681 1271
681 1364
681 1412
681 1452
683 780
683 810
683 946
683 1867
683 2001
683 2055
685 861
685 1000
685 1420
685 1582
685 1862
685 1882
685 2005
686 874
688 1118
689 790
689 1463
689 1823
691 1306
691 2010
691 2038
692 992
695 1553
696 697
696 1049
696 1690
696 1897
697 832
698 1379
698 1522
698 1729
698 1924
699 1628
699 1633
700 1651
701 756
701 1530
701 1694
702 866
702 1706
702 1942
703 1238
703 1997
704 724
704 847
704 1080
704 1088
704 1104
704 1188
704 1280
704 1361
704 1565
704 1619
705 872
705 1323
705 1742
706 1295
708 804
708 1230
708 1723
709 985
709 1269
709 1876
711 2075
712 1662
712 1903
713 1442
715 896
715 1062
716 780
716 899
716 1105
716 1345
717 869
717 983
717 1305
717 1773
717 1830
718 1747
719 1046
720 1115
720 1278
720 1317
721 1457
721 1509
721 1883
721 1922
722 1034
724 847
724 984
724 1088
724 1264
724 1270
724 1361
724 1779
725 980
728 1383
728 1915
730 1106
731 776
731 805
731 1338
732 927
732 1066
732 1219
733 1996
734 1948
736 1524
737 1592
737 1635
738 857
738 982
738 1285
738 1329
738 1697
739 1029
739 1734
739 1862
739 1974
740 780
742 749
742 1389
744 751
744 755
744 916
744 1081
744 1273
744 1809
744 1983
745 1097
747 1632
747 1748
748 2026
749 942
749 1172
749 1181
749 1521
749 1564
750 1691
751 785
751 1499
752 776
752 1481
752 1982
753 1271
753 1334
754 1380
755 1401
758 1027
758 1143
758 1533
758 1668
760 975
760 1075
760 1272
760 1557
760 1798
760 2074
760 2075
762 1347
762 1394
762 1792
762 1928
763 845
763 975
764 905
765 817
765 850
766 1495
769 1356
769 1475
770 909
770 937
770 1137
770 1197
770 1234
770 1263
770 1415
770 1586
770 1695
771 1412
772 1291
774 961
774 1654
774 1672
774 1823
775 1121
776 1106
776 1788
776 1817
777 1736
779 2027
780 855
780 1007
780 1021
780 1304
780 1358
782 834
782 1052
782 1460
783 990
783 1360
783 1883
784 1006
785 2048
786 823
787 1145
787 1780
788 999
788 1427
789 831
789 989
789 1843
791 1443
792 1975
793 1251
793 2006
794 924
794 1446
795 1896
796 1902
797 1086
797 1182
799 1191
800 1187
801 925
801 1215
801 1889
801 1933
801 2034
802 944
802 1293
803 892
804 883
804 1386
805 1533
806 882
807 907
808 1377
808 1393
808 1680
809 1133
809 1609
809 1781
810 835
810 1802
811 1437
811 1818
811 2052
812 964
812 1047
812 2009
814 1580
816 1370
818 822
818 1603
819 886
819 1509
820 1364
820 1399
820 1576
821 859
821 1706
822 824
825 1404
826 868
826 1385
826 1550
826 1614
826 1853
826 1891
828 1011
828 1825
829 1315
829 1416
829 1634
829 1771
830 1074
830 1657
830 1711
830 1835
832 919
832 1362
833 864
834 979
834 1388
834 1643
835 1759
835 1881
836 1147
837 953
838 1412
839 1028
839 1501
839 1763
839 1934
840 1036
840 1198
840 1268
842 1373
844 1085
844 1943
845 1368
846 1409
847 854
847 1080
847 1476
848 1065
848 1641
850 2064
851 1554
851 1990
853 1899
854 1031
855 1593
856 1771
856 1783
857 979
857 1406
857 1605
858 1463
858 1639
858 2052
860 1273
863 2056
864 1730
864 1936
865 1112
865 1195
865 1338
865 1872
867 956
867 1101
867 1310
867 2056
872 1617
872 1764
872 1795
872 2069
873 2065
874 1580
877 1247
877 1347
877 1714
879 1499
879 1888
879 1951
881 1302
881 1336
881 1757
883 1017
884 1339
884 1500
886 1443
889 903
889 1011
889 1152
889 1349
889 1828
889 1949
889 2022
890 943
890 1892
891 913
891 1439
892 1517
896 926
897 1137
897 1879
900 1646
903 1521
903 2047
904 1124
904 1445
904 1759
906 1552
908 1877
911 973
911 1112
911 1628
911 1827
912 1511
912 1580
913 1989
916 1483
916 1637
916 1809
917 1123
918 1167
918 1794
920 1470
920 1989
921 942
921 1321
921 1344
921 1783
922 933
922 1025
922 1554
924 1169
924 2037
925 996
926 1054
926 1559
927 1490
928 950
928 969
928 1163
928 1678
928 1755
929 1587
930 986
930 1436
930 1848
932 981
932 1311
934 1008
934 1786
934 1913
935 952
935 1430
935 1716
936 1055
936 1776
936 1904
936 1972
938 987
938 1135
938 1185
938 1432
938 1721
939 1429
940 1381
940 1740
942 1215
943 1631
943 1866
944 1838
945 1232
946 1225
946 1806
946 1911
947 1447
947 2043
948 1153
949 1036
949 1663
949 1995
950 1079
950 1155
950 1397
952 1720
954 1204
954 1355
954 1568
954 1621
954 1796
957 973
957 1637
961 1003
961 1119
961 1421
961 1572
962 1344
963 1245
965 1482
965 1918
967 1591
967 1700
968 2043
969 1163
969 1397
970 1937
971 1272
971 1466
971 1815
971 1955
972 1585
973 1827
975 1281
976 1157
976 1388
976 1498
976 1517
976 1626
976 1688
977 1114
977 1682
978 1290
978 1946
979 1376
980 1532
980 1894
981 1311
981 1323
982 1991
983 1305
983 1482
983 1741
984 1667
985 1009
985 1354
986 1727
986 2043
987 2002
988 1303
989 1174
991 1480
993 1004
993 1096
993 2034
993 2064
995 1283
995 1297
995 1527
995 1659
995 1956
995 2036
997 1265
998 1960
999 1779
1000 1190
1000 1694
1001 1349
1001 1492
1002 1103
1004 1130
1005 1118
1007 1012
1007 1422
1007 1752
1010 1165
1012 1203
1012 1869
1015 1029
1015 1167
1015 1519
1016 1256
1016 1441
1017 1201
1018 1395
1018 1794
1019 1171
1020 1134
1021 1413
1021 1648
1021 1653
1022 1612
1025 1890
1026 1143
1032 1503
1033 1159
1033 1300
1033 1502
1033 1629
1034 1246
1035 1679
1035 1768
1035 1886
1036 1198
1036 1268
1037 1390
1037 1427
1038 1851
1039 1331
1039 1790
1040 1201
1040 1831
1040 1833
1043 1056
1044 1860
1045 1105
1045 1173
1045 1542
1045 1705
1047 1221
1047 1427
1047 1507
1048 1290
1048 1720
1048 2017
1049 1050
1049 1282
1049 1608
1049 1778
1050 1790
1050 1943
1050 1959
1051 1058
1051 1379
1051 1458
1051 1613
1051 1998
1052 1939
1054 1343
1054 1718
1054 1971
1054 1992
1055 1216
1055 1597
1055 1814
1055 1972
1057 1359
1057 1545
1057 1647
1059 1431
1060 1560
1061 1769
1064 1556
1065 1944
1066 1069
1066 1289
1066 1528
1066 1530
1067 1686
1068 1181
1070 1226
1072 1407
1072 1715
1073 1426
1073 1624
1073 1789
1074 1780
1074 2068
1075 2023
1077 1109
1077 1318
1078 1121
1080 1104
1081 1953
1083 2050
1085 1943
1086 1795
1088 1224
1088 1837
1089 1203
1090 1206
1090 1414
1090 1453
1090 1841
1091 1381
1091 1577
1091 1907
1094 1516
1094 1976
1096 1385
1099 1491
1099 1709
1099 2030
1101 1627
1102 1981
1102 2014
1104 1132
1104 1280
1104 1390
1104 1459
1104 1486
1107 1484
1108 1588
1110 1384
1111 1576
1112 1681
1112 1746
1114 1588
1114 1615
1114 2068
1115 1278
1115 1535
1115 1731
1117 1752
1124 1539
1124 1567
1124 1967
1125 1269
1126 1610
1127 1486
1127 1998
1128 1637
1128 1957
1128 1970
1129 1322
1130 1274
1130 1807
1131 2016
1132 1819
1134 1591
1135 1136
1136 1365
1137 1197
1137 1234
1137 1263
1137 1333
1137 1352
1137 1371
1137 1629
1137 1879
1138 1328
1138 1473
1138 1785
1138 1836
1139 1363
1142 1336
1142 1494
1142 2027
1144 1660
1144 1729
1144 1742
1144 1921
1144 2057
1146 1277
1146 1434
1147 1312
1148 1455
1149 1306
1150 1337
1151 1207
1151 1324
1151 1750
1153 1578
1154 1550
1155 1684
1159 1502
1159 1847
1160 1194
1160 1200
1160 1378
1162 1709
1168 1212
1168 1373
1168 1602
1168 1673
1168 1687
1170 1423
1172 1471
1175 1489
1178 1439
1179 1309
1179 1693
1179 1770
1179 2047
1184 1960
1185 1713
1185 2001
1186 1598
1186 1985
1188 1619
1188 1935
1190 1452
1190 1645
1190 1932
1191 1438
1192 1485
1193 1224
1193 1575
1193 1622
1193 1677
1193 1832
1194 1319
1194 1604
1194 1981
1196 1419
1196 1547
1196 1846
1199 1623
1201 1831
1202 1812
1203 1346
1203 1689
1204 1258
1205 1226
1205 1549
1206 1919
1207 1465
1207 1833
1208 1622
1209 1721
1210 1673
1211 1535
1215 1889
1216 1270
1219 1558
1224 1837
1225 1543
1225 1831
1226 1254
1232 1337
1235 1563
1236 1670
1236 2062
1237 1540
1239 1792
1240 1418
1240 1566
1240 1705
1240 1753
1241 1301
1242 1314
1242 1589
1242 1811
1243 1262
1243 1593
1244 1491
1252 1891
1253 1719
1256 1438
1256 1787
1257 1852
1260 1497
1262 1927
1264 1621
1269 1558
1269 1828
1271 1419
1272 1684
1272 1945
1275 1514
1275 1638
1275 1885
1277 1310
1280 1408
1283 1636
1284 1510
1286 1436
1286 1751
1287 1724
1288 1413
1289 1528
1289 1895
1290 1720
1292 1482
1297 1856
1300 1451
1302 1640
1302 1657
1304 1431
1304 1641
1306 1334
1306 2038
1308 1819
1308 2073
1310 1782
1310 1805
1313 1864
1314 1354
1314 1515
1314 1525
1314 1538
1314 1811
1314 1814
1314 1915
1315 1425
1315 1768
1317 1575
1320 1660
1324 1953
1324 2039
1328 1473
1329 1987
1333 1704
1334 2038
1337 1937
1338 1456
1339 1500
1340 1478
1341 1671
1343 1790
1346 1969
1347 1394
1348 1805
1349 2022
1350 1939
1352 1462
1352 1879
1355 1568
1355 2008
1355 2012
1357 1615
1357 1669
1359 2051
1361 1565
1365 1801
1367 1418
1367 1995
1367 2047
1368 1497
1369 1842
1372 1382
1372 1774
1372 1810
1372 1861
1377 1680
1380 1748
1382 1774
1383 1799
1384 1601
1385 1414
1390 1459
1391 1415
1391 1616
1395 1735
1396 1934
1401 1524
1401 1716
1403 1488
1403 1999
1403 2041
1403 2045
1407 1670
1409 1789
1410 1830
1411 2003
1413 1970
1421 1533
1421 1702
1421 1923
1425 1504
1425 1630
1426 1624
1427 1902
1429 1441
1432 1886
1432 1992
1432 2035
1434 1940
1434 1979
1436 1983
1441 1489
1443 1877
1446 1519
1446 2004
1447 1546
1448 1632
1449 1834
1449 2008
1452 1849
1452 1888
1453 1812
1453 1841
1455 1573
1456 1534
1456 1573
1456 1749
1457 1762
1460 1474
1462 1863
1465 1991
1466 1760
1467 1650
1473 1594
1473 1726
1474 1656
1475 2041
1476 1999
1480 1601
1480 1844
1480 1901
1481 1982
1484 1764
1486 1781
1488 1895
1488 2041
1498 1626
1500 1822
1504 1630
1506 1884
1507 2024
1508 1795
1508 1866
1509 1947
1512 1579
1512 1977
1515 2022
1516 1725
1517 1544
1519 1551
1520 1804
1531 1565
1531 2033
1532 1894
1534 1797
1536 1649
1538 1855
1541 2061
1543 1600
1547 1846
1553 1585
1553 2063
1561 1725
1562 1749
1563 1973
1568 2008
1570 1730
1572 1677
1573 1749
1577 2025
1579 1604
1582 1620
1591 1700
1593 1848
1595 1761
1595 1898
1596 2059
1597 1802
1600 1933
1601 2028
1612 2007
1614 1745
1614 1917
1615 1732
1617 1951
1618 1695
1619 1935
1621 1770
1622 1677
1622 2012
1628 1885
1632 2010
1633 2053
1634 1744
1634 1979
1635 1680
1637 1957
1638 1728
1641 1887
1643 2027
1644 1916
1651 1788
1654 1672
1654 1746
1656 1777
1659 2036
1660 1729
1672 1918
1673 1692
1676 1858
1676 1926
1679 1768
1681 1839
1685 1835
1685 1876
1689 1998
1695 1890
1701 1767
1705 1753
1710 1756
1712 1816
1712 1859
1719 1838
1722 1840
1723 1899
1729 1924
1732 2056
1752 2000
1762 1845
1762 2063
1763 1934
1771 1986
1773 1830
1774 1824
1774 1857
1780 2077
1783 1914
1785 1803
1785 1836
1792 1810
1792 1911
1795 1881
1798 2074
1799 1992
1800 1990
1803 1836
1807 1863
1808 1813
1811 2073
1812 1820
1827 2015
1830 1857
1831 1922
1844 2033
1861 1988
1861 1993
1873 1961
1874 1936
1882 2005
1885 1944
1905 2021
1915 2016
1916 1935
1916 1964
1916 2058
1917 1976
1918 2054
1938 2049
1960 2020
1994 2036
2002 2028
2013 2076
2025 2035
2069 2073
