0	0.55681145
1	0.55634181
2	0.55715830
3	0.54865693
4	0.54893099
5	0.55577836
6	0.55708965
7	0.55693881
8	0.55703713
9	0.55651308
10	0.55708655
11	0.55700163
12	0.55709816
13	0.55708619
14	0.51915131
15	0.55436119
16	0.53996176
17	0.55451633
18	0.55625940
19	0.55648009
20	0.55694606
21	0.54727332
22	0.55580646
23	0.54572232
24	0.55611581
25	0.55513114
26	0.55667195
27	0.55634301
28	0.55661366
29	0.54080000
30	0.54798283
31	0.51041261
32	0.47755856
33	0.55569475
34	0.55597447
35	0.48835021
36	0.55634386
37	0.55413120
38	0.55014470
39	0.55003577
40	0.53371807
41	0.48721213
42	0.55431077
43	0.48060588
44	0.52111035
45	0.54366528
46	0.48149590
47	0.49665347
48	0.53687673
49	0.54544023
50	0.52246975
51	0.53974895
52	0.51097532
53	0.51352805
54	0.42868288
55	0.49012700
56	0.54483887
57	0.55385315
58	0.45694758
59	0.51158944
60	0.54666455
61	0.51171077
62	0.54166029
63	0.54484669
64	0.51906381
65	0.52513251
66	0.51389774
67	0.54074816
68	0.53298288
69	0.51871176
70	0.51837327
71	0.53203524
72	0.51301045
73	0.50843330
74	0.45889259
75	0.42222227
76	0.53253908
77	0.46199685
78	0.43842264
79	0.41787710
80	0.53870935
81	0.46014716
82	0.38039275
83	0.50938708
84	0.48001292
85	0.50298923
86	0.40932426
87	0.54530273
88	0.48730131
89	0.48593220
90	0.33275446
91	0.49283971
92	0.48668718
93	0.49629301
94	0.43356145
95	0.52809076
96	0.43089491
97	0.43702132
98	0.49819732
99	0.45092033
100	0.50131418
101	0.46766759
102	0.49213923
103	0.51631628
104	0.42802279
105	0.44741297
106	0.50196670
107	0.51991387
108	0.52031849
109	0.42185105
110	0.48217994
111	0.50783634
112	0.48451429
113	0.51092642
114	0.49850483
115	0.47619207
116	0.50243514
117	0.50506481
118	0.45227610
119	0.52609349
120	0.48620651
121	0.52831696
122	0.50059202
123	0.42346103
124	0.40229391
125	0.52678183
126	0.53276066
127	0.43724795
128	0.47516250
129	0.40538199
130	0.46154170
131	0.50879039
132	0.52181597
133	0.50859827
134	0.45119412
135	0.40577253
136	0.36421450
137	0.43988913
138	0.44613204
139	0.44266628
140	0.51589596
141	0.48733046
142	0.50811455
143	0.50587117
144	0.44488214
145	0.46589454
146	0.44701943
147	0.47594165
148	0.48214107
149	0.45731754
150	0.45337195
151	0.47804506
152	0.45366738
153	0.36505835
154	0.40957831
155	0.40243803
156	0.44014175
157	0.46701124
158	0.48514065
159	0.41191282
160	0.35744364
161	0.51262069
162	0.37942117
163	0.41109233
164	0.43214832
165	0.43197195
166	0.38766366
167	0.41567600
168	0.50175982
169	0.36625504
170	0.35296728
171	0.43020021
172	0.40353298
173	0.41612794
174	0.42571691
175	0.48874123
176	0.40181108
177	0.32610877
178	0.44493157
179	0.49482910
180	0.45116807
181	0.48096539
182	0.48400226
183	0.49226087
184	0.38800940
185	0.40410357
186	0.33291098
187	0.38267616
188	0.48256555
189	0.49132248
190	0.37551455
191	0.47841045
192	0.39561492
193	0.43632384
194	0.41096507
195	0.43045846
196	0.35724638
197	0.33637395
198	0.46435116
199	0.48687153
200	0.43743839
201	0.44683834
202	0.37101597
203	0.44061938
204	0.46609002
205	0.42728697
206	0.49166192
207	0.45610982
208	0.37493356
209	0.45030641
210	0.50331964
211	0.41459238
212	0.30842941
213	0.43860961
214	0.47763965
215	0.44296728
216	0.43478466
217	0.45443445
218	0.37827526
219	0.47771644
220	0.46686071
221	0.46203829
222	0.41915562
223	0.44738592
224	0.46557605
225	0.43409480
226	0.32063151
227	0.43698356
228	0.38644575
229	0.33548435
230	0.46077232
231	0.44161014
232	0.33973535
233	0.37945079
234	0.41981166
235	0.46176329
236	0.44390777
237	0.39282610
238	0.47431901
239	0.32433845
240	0.32168818
241	0.44754722
242	0.36218130
243	0.44829858
244	0.34027642
245	0.46500352
246	0.44363424
247	0.42555530
248	0.49513193
249	0.36511308
250	0.39942605
251	0.40782337
252	0.34131812
253	0.45424217
254	0.35423361
255	0.51809800
256	0.42967841
257	0.35805940
258	0.42317001
259	0.38115609
260	0.41557400
261	0.41041218
262	0.36709438
263	0.51341954
264	0.35522668
265	0.41113845
266	0.37732264
267	0.44240877
268	0.45375683
269	0.48412421
270	0.43532836
271	0.45357300
272	0.40721460
273	0.47384249
274	0.35722831
275	0.33028645
276	0.38221145
277	0.41462185
278	0.36379575
279	0.41672810
280	0.37929291
281	0.35945152
282	0.42637605
283	0.43902080
284	0.36786082
285	0.42863178
286	0.40195352
287	0.29856597
288	0.48206822
289	0.40354664
290	0.35275956
291	0.43755840
292	0.40766591
293	0.37558178
294	0.42402363
295	0.38693388
296	0.43532411
297	0.40192516
298	0.46933850
299	0.36115205
300	0.41101392
301	0.38951954
302	0.37449638
303	0.33493120
304	0.40803613
305	0.46639480
306	0.33905425
307	0.32463913
308	0.29607616
309	0.40195431
310	0.44608193
311	0.39710835
312	0.35487358
313	0.33760735
314	0.31554317
315	0.41289648
316	0.33980940
317	0.48120158
318	0.42010373
319	0.34715961
320	0.48606660
321	0.34160898
322	0.40849401
323	0.40253771
324	0.43124317
325	0.41955588
326	0.38929869
327	0.38691271
328	0.39139449
329	0.38163109
330	0.38267195
331	0.32405257
332	0.33150693
333	0.36777374
334	0.42281187
335	0.39890273
336	0.36046707
337	0.28295914
338	0.32322773
339	0.47794895
340	0.32998976
341	0.41019034
342	0.33263960
343	0.40087180
344	0.37558797
345	0.32371313
346	0.39014128
347	0.41695599
348	0.39871560
349	0.38332826
350	0.38572090
351	0.33256670
352	0.35104795
353	0.46219596
354	0.36759795
355	0.40405756
356	0.40415919
357	0.33691639
358	0.45863703
359	0.35791397
360	0.40616203
361	0.38393083
362	0.36630383
363	0.33882248
364	0.35907484
365	0.35953188
366	0.37827216
367	0.29692085
368	0.37345068
369	0.35427027
370	0.33993477
371	0.38205294
372	0.37201276
373	0.30611728
374	0.39728866
375	0.34779196
376	0.36204144
377	0.34886003
378	0.37666576
379	0.38823304
380	0.29373981
381	0.44191796
382	0.33528461
383	0.40484375
384	0.38167489
385	0.41799701
386	0.37148272
387	0.35854769
388	0.42387789
389	0.30298062
390	0.37691917
391	0.47060299
392	0.38069932
393	0.38095152
394	0.43664732
395	0.38033445
396	0.30664076
397	0.34932495
398	0.33464533
399	0.47176339
400	0.32659238
401	0.27514223
402	0.43906654
403	0.33719533
404	0.32424086
405	0.33400263
406	0.36237731
407	0.33896208
408	0.44144007
409	0.28305982
410	0.35133025
411	0.27924354
412	0.32351991
413	0.35018813
414	0.42879512
415	0.29222663
416	0.39091140
417	0.29110741
418	0.37319800
419	0.37619417
420	0.36755720
421	0.41030110
422	0.32408577
423	0.28127889
424	0.44248267
425	0.37963650
426	0.30726728
427	0.39160919
428	0.35005462
429	0.35365137
430	0.35364280
431	0.36951849
432	0.34841245
433	0.35760720
434	0.42313687
435	0.35514685
436	0.31669596
437	0.34890987
438	0.32134995
439	0.35770200
440	0.35530231
441	0.36339470
442	0.31732001
443	0.41001922
444	0.34064039
445	0.35834149
446	0.38907232
447	0.30049280
448	0.35422258
449	0.34923335
450	0.30828109
451	0.29984785
452	0.26765699
453	0.28971765
454	0.35993902
455	0.37124160
456	0.41580378
457	0.37032211
458	0.37495930
459	0.30312988
460	0.42931665
461	0.39059711
462	0.29528950
463	0.33695226
464	0.30087700
465	0.36779832
466	0.37693309
467	0.33153214
468	0.33047279
469	0.31366476
470	0.33894055
471	0.42758293
472	0.35803771
473	0.28623351
474	0.32791077
475	0.36066339
476	0.35463015
477	0.34420415
478	0.31920194
479	0.36781907
480	0.35061145
481	0.31544695
482	0.32848766
483	0.37109244
484	0.36604764
485	0.28772658
486	0.29568577
487	0.28583225
488	0.33812883
489	0.45492059
490	0.37509081
491	0.30670105
492	0.33430037
493	0.33018603
494	0.32943866
495	0.45354800
496	0.31813120
497	0.30822390
498	0.31536581
499	0.37201681
500	0.37385977
501	0.32648655
502	0.33026712
503	0.31154995
504	0.36591218
505	0.30142148
506	0.29881796
507	0.27341780
508	0.39444076
509	0.41974543
510	0.39095620
511	0.28161576
512	0.37415210
513	0.30456833
514	0.34601334
515	0.33685867
516	0.30672033
517	0.38715662
518	0.36364737
519	0.35464748
520	0.36443682
521	0.27156964
522	0.35057658
523	0.33987243
524	0.41742642
525	0.31584958
526	0.39344165
527	0.36802994
528	0.36394097
529	0.40022064
530	0.31182080
531	0.31028965
532	0.24493535
533	0.30959181
534	0.38120725
535	0.33808750
536	0.35040431
537	0.30388445
538	0.29153839
539	0.31717584
540	0.28769144
541	0.31478298
542	0.33242941
543	0.32949496
544	0.30199464
545	0.33945683
546	0.37856518
547	0.38859858
548	0.27845147
549	0.30027369
550	0.36444039
551	0.34040788
552	0.31560320
553	0.32619827
554	0.35968923
555	0.33870861
556	0.29910672
557	0.28381665
558	0.31390063
559	0.33682342
560	0.33849879
561	0.29287090
562	0.33735163
563	0.40414013
564	0.34103487
565	0.28597642
566	0.37906765
567	0.33069144
568	0.33702127
569	0.34326061
570	0.32206008
571	0.34919123
572	0.32259055
573	0.34915215
574	0.25862127
575	0.34094575
576	0.40524832
577	0.32247421
578	0.31307432
579	0.31758960
580	0.29285404
581	0.32869947
582	0.36969270
583	0.33684842
584	0.32786182
585	0.36367006
586	0.28655798
587	0.32837631
588	0.34754611
589	0.39789947
590	0.34563235
591	0.28742085
592	0.32047511
593	0.41046282
594	0.31299102
595	0.37446334
596	0.38943030
597	0.31092574
598	0.37167479
599	0.33145977
600	0.36110940
601	0.32295772
602	0.32684165
603	0.36340226
604	0.30756239
605	0.34151744
606	0.30293220
607	0.36251103
608	0.35627794
609	0.33508650
610	0.38273613
611	0.40696050
612	0.32936408
613	0.30379858
614	0.32171397
615	0.30947237
616	0.37671591
617	0.24685357
618	0.28648162
619	0.28973561
620	0.36226229
621	0.40233193
622	0.30401502
623	0.33021019
624	0.35671786
625	0.43982458
626	0.38034989
627	0.36162873
628	0.32633020
629	0.40766381
630	0.36017957
631	0.35666544
632	0.29473902
633	0.33895467
634	0.33407768
635	0.27983062
636	0.32004701
637	0.28756922
638	0.31134863
639	0.26245373
640	0.29067059
641	0.26290966
642	0.29338876
643	0.30225798
644	0.37436476
645	0.28701928
646	0.28670683
647	0.37334301
648	0.39502873
649	0.31450483
650	0.44836345
651	0.31103923
652	0.38338850
653	0.31933687
654	0.39944911
655	0.31058283
656	0.32904527
657	0.35789081
658	0.30391077
659	0.33769065
660	0.26516408
661	0.31983540
662	0.33611087
663	0.35168041
664	0.34082962
665	0.31372810
666	0.35323661
667	0.34051875
668	0.32093241
669	0.36412805
670	0.23574858
671	0.33820341
672	0.30563382
673	0.30052017
674	0.30934412
675	0.32236387
676	0.32707096
677	0.32879175
678	0.30310972
679	0.32340672
680	0.32489863
681	0.33135609
682	0.30264491
683	0.32638666
684	0.31620762
685	0.29222358
686	0.26548472
687	0.24627432
688	0.29363157
689	0.28614590
690	0.32890578
691	0.30805588
692	0.26185289
693	0.26160289
694	0.33246854
695	0.29286318
696	0.28723309
697	0.31050709
698	0.32175362
699	0.26679286
700	0.31825830
701	0.30616817
702	0.36413136
703	0.33367500
704	0.27605126
705	0.28166077
706	0.32567721
707	0.35689207
708	0.28298571
709	0.27560467
710	0.30423388
711	0.34372069
712	0.24276586
713	0.36044737
714	0.34151623
715	0.29028834
716	0.32296066
717	0.26277847
718	0.37112710
719	0.32653015
720	0.35575184
721	0.23385389
722	0.27688671
723	0.27957820
724	0.29763708
725	0.31193776
726	0.28357069
727	0.30985420
728	0.29577043
729	0.26949312
730	0.36323981
731	0.29227064
732	0.36868682
733	0.28034039
734	0.32913887
735	0.28809517
736	0.33274023
737	0.27500683
738	0.28038634
739	0.26659900
740	0.32498771
741	0.29347211
742	0.29016534
743	0.26707006
744	0.31376313
745	0.24309049
746	0.30067563
747	0.33261933
748	0.32782132
749	0.23556408
750	0.30758535
751	0.32478036
752	0.35794422
753	0.32640347
754	0.34508009
755	0.30638388
756	0.28137836
757	0.33701056
758	0.33612511
759	0.35614680
760	0.32899491
761	0.31502206
762	0.31807369
763	0.34752458
764	0.33860284
765	0.34095588
766	0.24564984
767	0.27935142
768	0.30296549
769	0.29067253
770	0.38709806
771	0.32750966
772	0.31692211
773	0.32489575
774	0.29799669
775	0.32908015
776	0.35559596
777	0.29835425
778	0.33410924
779	0.35571528
780	0.33647390
781	0.27421481
782	0.36147484
783	0.31856324
784	0.27307952
785	0.33500646
786	0.31082841
787	0.30186901
788	0.30358304
789	0.30827495
790	0.34448950
791	0.28465825
792	0.22283787
793	0.31546213
794	0.31489517
795	0.27189359
796	0.30978162
797	0.29192311
798	0.27877731
799	0.28489023
800	0.35071901
801	0.33664354
802	0.26832148
803	0.26937847
804	0.27880662
805	0.29266702
806	0.28132096
807	0.29169932
808	0.34214023
809	0.30805583
810	0.27168529
811	0.27686628
812	0.32497532
813	0.26477621
814	0.35396770
815	0.32455756
816	0.28779028
817	0.34607899
818	0.34644974
819	0.25056717
820	0.25886938
821	0.30168078
822	0.32946176
823	0.30919133
824	0.29468929
825	0.30509659
826	0.28511429
827	0.28457878
828	0.25800562
829	0.29466250
830	0.36356518
831	0.32812132
832	0.30830404
833	0.31997337
834	0.31823881
835	0.25313041
836	0.24028724
837	0.29805966
838	0.29257180
839	0.27007421
840	0.22625966
841	0.28839821
842	0.33733514
843	0.33691224
844	0.27468109
845	0.28877579
846	0.28718524
847	0.29078755
848	0.29334522
849	0.28581507
850	0.27508214
851	0.27367001
852	0.27318839
853	0.28744354
854	0.33341786
855	0.32311870
856	0.32354133
857	0.31242243
858	0.35943613
859	0.31486954
860	0.25080499
861	0.24848755
862	0.23663015
863	0.31993141
864	0.21388960
865	0.28488944
866	0.26916586
867	0.25835189
868	0.26203566
869	0.34968566
870	0.29196497
871	0.30376486
872	0.31262474
873	0.26583850
874	0.37473929
875	0.28854685
876	0.27684879
877	0.27629364
878	0.34407805
879	0.39738251
880	0.31979007
881	0.36540263
882	0.26460257
883	0.32405536
884	0.22895095
885	0.27316964
886	0.28712211
887	0.25738477
888	0.29723697
889	0.27537553
890	0.22861182
891	0.29594364
892	0.23816928
893	0.28550541
894	0.32120551
895	0.31416376
896	0.27330667
897	0.30457048
898	0.28119123
899	0.25077269
900	0.32617600
901	0.23953214
902	0.23465709
903	0.31350200
904	0.30818304
905	0.31654701
906	0.28434911
907	0.24931534
908	0.32178456
909	0.30632957
910	0.30984984
911	0.34161129
912	0.23497652
913	0.29259732
914	0.28500998
915	0.23099890
916	0.30932910
917	0.23940914
918	0.31951071
919	0.31284664
920	0.30689417
921	0.30638608
922	0.26789869
923	0.28771759
924	0.28204107
925	0.27752526
926	0.28491717
927	0.30512295
928	0.31046119
929	0.30595068
930	0.28639848
931	0.28338808
932	0.25019407
933	0.29036056
934	0.26381901
935	0.28048587
936	0.30090945
937	0.28803566
938	0.29069391
939	0.25387957
940	0.25033776
941	0.32224974
942	0.32730930
943	0.28194133
944	0.27257180
945	0.29896218
946	0.27017437
947	0.26614428
948	0.30841460
949	0.23897931
950	0.26115410
951	0.25546738
952	0.22187516
953	0.29032558
954	0.28486261
955	0.30279916
956	0.29077773
957	0.28347978
958	0.25215488
959	0.26083908
960	0.32397337
961	0.28528971
962	0.24637237
963	0.21568414
964	0.27664779
965	0.27099491
966	0.29969800
967	0.25924653
968	0.26623235
969	0.29353440
970	0.25114947
971	0.27809407
972	0.28025341
973	0.30783099
974	0.27301591
975	0.31146486
976	0.32440021
977	0.35380394
978	0.33041749
979	0.33597258
980	0.25728619
981	0.25834407
982	0.29561870
983	0.20353571
984	0.26927568
985	0.33146943
986	0.27116880
987	0.26996418
988	0.26159538
989	0.25595315
990	0.28807831
991	0.24945021
992	0.27356864
993	0.31414375
994	0.26229832
995	0.24160972
996	0.26476780
997	0.27881754
998	0.23533845
999	0.25015331
1000	0.23968004
1001	0.31842206
1002	0.31145137
1003	0.24381938
1004	0.24540273
1005	0.26940909
1006	0.28304233
1007	0.26256633
1008	0.28296759
1009	0.26828419
1010	0.28786418
1011	0.26696796
1012	0.27845053
1013	0.27234937
1014	0.21253088
1015	0.23734701
1016	0.27987820
1017	0.28099459
1018	0.24139774
1019	0.27752027
1020	0.26523083
1021	0.26545032
1022	0.26016749
1023	0.29237568
1024	0.31322090
1025	0.29355089
1026	0.30713256
1027	0.26037411
1028	0.26038051
1029	0.34123986
1030	0.30199832
1031	0.31083739
1032	0.22267400
1033	0.28043314
1034	0.30796528
1035	0.27227474
1036	0.29987327
1037	0.29463093
1038	0.30673157
1039	0.26905940
1040	0.32026129
1041	0.29381696
1042	0.27867321
1043	0.32226476
1044	0.24861024
1045	0.29423188
1046	0.28146996
1047	0.29840882
1048	0.27957358
1049	0.25583340
1050	0.26777952
1051	0.28598440
1052	0.32683157
1053	0.27252757
1054	0.25439669
1055	0.31145425
1056	0.24346408
1057	0.20948440
1058	0.28118298
1059	0.26439343
1060	0.24137064
1061	0.26952584
1062	0.19572973
1063	0.30672327
1064	0.29871134
1065	0.27616497
1066	0.26108881
1067	0.26275699
1068	0.20203934
1069	0.28924506
1070	0.27047621
1071	0.27329554
1072	0.33032558
1073	0.19860536
1074	0.25258130
1075	0.25153986
1076	0.25705037
1077	0.27963109
1078	0.27092274
1079	0.25314217
1080	0.26549590
1081	0.28643093
1082	0.31137080
1083	0.26815898
1084	0.26075699
1085	0.29904821
1086	0.27368708
1087	0.26187290
1088	0.28810609
1089	0.28288503
1090	0.27352048
1091	0.26022447
1092	0.24282038
1093	0.28396733
1094	0.25176539
1095	0.26383540
1096	0.29593592
1097	0.31418655
1098	0.26411744
1099	0.27005095
1100	0.29076113
1101	0.25472616
1102	0.27273965
1103	0.25705777
1104	0.25086985
1105	0.26573062
1106	0.32854144
1107	0.33200767
1108	0.28313461
1109	0.29760147
1110	0.29011450
1111	0.28819191
1112	0.26795431
1113	0.25324900
1114	0.28091912
1115	0.29194774
1116	0.22480357
1117	0.23510940
1118	0.24812447
1119	0.25563072
1120	0.30475247
1121	0.29126991
1122	0.24455593
1123	0.23056166
1124	0.29046124
1125	0.26481691
1126	0.25510194
1127	0.22574853
1128	0.25971239
1129	0.29519233
1130	0.28563114
1131	0.31677836
1132	0.27003550
1133	0.33170809
1134	0.22883335
1135	0.23251649
1136	0.27671255
1137	0.35008708
1138	0.30963697
1139	0.25767558
1140	0.30692374
1141	0.32234280
1142	0.22201124
1143	0.30001271
1144	0.30557605
1145	0.30449165
1146	0.20640021
1147	0.29347300
1148	0.23646350
1149	0.28719695
1150	0.26663388
1151	0.28351812
1152	0.25816381
1153	0.25742600
1154	0.26388613
1155	0.29835331
1156	0.24019674
1157	0.19154301
1158	0.24779317
1159	0.26849569
1160	0.26146229
1161	0.29387358
1162	0.28705441
1163	0.27210567
1164	0.23638540
1165	0.30913477
1166	0.31599785
1167	0.25204412
1168	0.25052621
1169	0.23679821
1170	0.29056229
1171	0.29274674
1172	0.25733829
1173	0.27779643
1174	0.24901271
1175	0.21673608
1176	0.26714743
1177	0.21848004
1178	0.27209905
1179	0.29510299
1180	0.26628881
1181	0.30152511
1182	0.28772195
1183	0.23579606
1184	0.25111376
1185	0.31056071
1186	0.26647526
1187	0.19818440
1188	0.27603146
1189	0.28426502
1190	0.28927568
1191	0.27396528
1192	0.29527983
1193	0.22288209
1194	0.32146801
1195	0.25869165
1196	0.32484249
1197	0.25485720
1198	0.26991607
1199	0.24459438
1200	0.26599827
1201	0.27382342
1202	0.24941843
1203	0.26292988
1204	0.27039081
1205	0.25178356
1206	0.28556828
1207	0.26058671
1208	0.26229228
1209	0.27950725
1210	0.26866345
1211	0.24516733
1212	0.24878235
1213	0.28903750
1214	0.31160746
1215	0.28679207
1216	0.26381928
1217	0.26704475
1218	0.23647684
1219	0.26186744
1220	0.26934196
1221	0.28350247
1222	0.20637285
1223	0.25352994
1224	0.27878340
1225	0.27940714
1226	0.26867295
1227	0.27821145
1228	0.26044086
1229	0.29588697
1230	0.23365184
1231	0.22454391
1232	0.25503566
1233	0.26446649
1234	0.23919890
1235	0.24953225
1236	0.31921234
1237	0.22334144
1238	0.31404070
1239	0.25876928
1240	0.23744979
1241	0.27676029
1242	0.28203718
1243	0.32031171
1244	0.25994165
1245	0.24162022
1246	0.24121024
1247	0.24288062
1248	0.27877621
1249	0.24782799
1250	0.26945194
1251	0.24231408
1252	0.32201964
1253	0.28268782
1254	0.24426476
1255	0.24445105
1256	0.24517505
1257	0.28978755
1258	0.25269701
1259	0.23954685
1260	0.28458508
1261	0.23164685
1262	0.27247374
1263	0.30641665
1264	0.25497321
1265	0.25644454
1266	0.27337437
1267	0.27678729
1268	0.25638172
1269	0.22782595
1270	0.26939296
1271	0.24183540
1272	0.24140814
1273	0.28199743
1274	0.25773393
1275	0.28509774
1276	0.22214737
1277	0.26764569
1278	0.24506497
1279	0.27592374
1280	0.23311954
1281	0.21509107
1282	0.25277658
1283	0.26064018
1284	0.28237017
1285	0.23225830
1286	0.26520730
1287	0.23617363
1288	0.31167925
1289	0.26562243
1290	0.28344470
1291	0.27282290
1292	0.24019343
1293	0.26980835
1294	0.27762453
1295	0.28560362
1296	0.25932295
1297	0.28037001
1298	0.24074706
1299	0.26247621
1300	0.26095100
1301	0.25004254
1302	0.29992715
1303	0.25912127
1304	0.28066381
1305	0.23959995
1306	0.27069947
1307	0.24422537
1308	0.22391791
1309	0.27268036
1310	0.27864496
1311	0.22819611
1312	0.24738293
1313	0.25343587
1314	0.27848409
1315	0.25122542
1316	0.26793745
1317	0.27049454
1318	0.29287201
1319	0.26454312
1320	0.28248866
1321	0.22908997
1322	0.21070720
1323	0.26063424
1324	0.20950441
1325	0.27230310
1326	0.22346796
1327	0.27326728
1328	0.29673267
1329	0.28536875
1330	0.27094806
1331	0.29432117
1332	0.28620488
1333	0.25929748
1334	0.29720914
1335	0.22893188
1336	0.25222547
1337	0.23812605
1338	0.26494244
1339	0.27095935
1340	0.24862999
1341	0.29345872
1342	0.25150047
1343	0.27979837
1344	0.28250636
1345	0.23970095
1346	0.20562642
1347	0.22751098
1348	0.21756402
1349	0.22599958
1350	0.26013524
1351	0.23874396
1352	0.24657768
1353	0.30394044
1354	0.23569354
1355	0.28561602
1356	0.26375909
1357	0.23743892
1358	0.25248393
1359	0.24233939
1360	0.25462516
1361	0.27388939
1362	0.24971886
1363	0.25098634
1364	0.25231523
1365	0.28810819
1366	0.27290798
1367	0.23956623
1368	0.21846602
1369	0.24708834
1370	0.27945200
1371	0.23361681
1372	0.22506670
1373	0.24420168
1374	0.22721975
1375	0.27017006
1376	0.29907017
1377	0.21577689
1378	0.24891949
1379	0.24220767
1380	0.30431497
1381	0.20978603
1382	0.24056686
1383	0.24405909
1384	0.29004748
1385	0.21079412
1386	0.23602185
1387	0.24763855
1388	0.24184097
1389	0.24148325
1390	0.24120730
1391	0.25166591
1392	0.22927883
1393	0.30746528
1394	0.26035525
1395	0.23941213
1396	0.31581618
1397	0.25900583
1398	0.27414091
1399	0.25909443
1400	0.22821733
1401	0.25262405
1402	0.21989911
1403	0.26669034
1404	0.23892106
1405	0.23737595
1406	0.29039611
1407	0.22607153
1408	0.26688293
1409	0.26290473
1410	0.22459648
1411	0.25570630
1412	0.22240100
1413	0.30935142
1414	0.25689779
1415	0.24364223
1416	0.30225452
1417	0.28414186
1418	0.27333860
1419	0.21872437
1420	0.26193661
1421	0.21735263
1422	0.26447164
1423	0.24960909
1424	0.21285751
1425	0.24626392
1426	0.26422505
1427	0.27711591
1428	0.20299354
1429	0.25003860
1430	0.23625830
1431	0.22891229
1432	0.25501518
1433	0.25739753
1434	0.23678724
1435	0.24109228
1436	0.25140341
1437	0.30251050
1438	0.25854044
1439	0.23343114
1440	0.24281707
1441	0.24365641
1442	0.26329711
1443	0.25333241
1444	0.19749139
1445	0.24238766
1446	0.25234863
1447	0.26673529
1448	0.27322694
1449	0.22331429
1450	0.23034790
1451	0.25691985
1452	0.22411570
1453	0.23131297
1454	0.26807936
1455	0.25349023
1456	0.27466534
1457	0.25472033
1458	0.23853319
1459	0.27248346
1460	0.29822174
1461	0.21677710
1462	0.20722043
1463	0.25592836
1464	0.21508661
1465	0.28805016
1466	0.26137684
1467	0.23847222
1468	0.23283845
1469	0.23592679
1470	0.24408346
1471	0.26061801
1472	0.18938582
1473	0.24318871
1474	0.24230247
1475	0.27210483
1476	0.23232075
1477	0.25453892
1478	0.26231444
1479	0.26936738
1480	0.25504632
1481	0.24544349
1482	0.28518072
1483	0.22703950
1484	0.23815247
1485	0.22864417
1486	0.25812022
1487	0.27370189
1488	0.24085299
1489	0.25130494
1490	0.26568487
1491	0.24904748
1492	0.23784496
1493	0.23741649
1494	0.21305089
1495	0.23128787
1496	0.23406208
1497	0.25023319
1498	0.22343918
1499	0.22069916
1500	0.28149013
1501	0.20815200
1502	0.32983850
1503	0.23176549
1504	0.26050110
1505	0.26166481
1506	0.23253603
1507	0.24110131
1508	0.22853782
1509	0.28715499
1510	0.27130200
1511	0.28194139
1512	0.25272721
1513	0.22472621
1514	0.24536161
1515	0.22251717
1516	0.24939233
1517	0.28459701
1518	0.25098881
1519	0.24491014
1520	0.25595751
1521	0.22750152
1522	0.30193346
1523	0.23314596
1524	0.22578782
1525	0.27653183
1526	0.26999086
1527	0.19996313
1528	0.27925488
1529	0.23985688
1530	0.17637132
1531	0.21093409
1532	0.23904727
1533	0.24831665
1534	0.27318682
1535	0.25065100
1536	0.24641775
1537	0.26819921
1538	0.25872232
1539	0.20269391
1540	0.23293598
1541	0.23861649
1542	0.24552910
1543	0.23507815
1544	0.21360058
1545	0.27114722
1546	0.24224254
1547	0.23552915
1548	0.25302169
1549	0.23998283
1550	0.24861996
1551	0.24845147
1552	0.21938146
1553	0.24458676
1554	0.22692904
1555	0.23297920
1556	0.27864207
1557	0.22787826
1558	0.23181476
1559	0.22315462
1560	0.23938193
1561	0.18697532
1562	0.26273761
1563	0.24907999
1564	0.23642206
1565	0.24152652
1566	0.23089475
1567	0.28077332
1568	0.24276155
1569	0.24663561
1570	0.29985861
1571	0.18842369
1572	0.25196907
1573	0.24727658
1574	0.24961970
1575	0.26146381
1576	0.23822694
1577	0.22427038
1578	0.23156282
1579	0.28556744
1580	0.26622610
1581	0.19224422
1582	0.26866360
1583	0.24256003
1584	0.20801560
1585	0.20684758
1586	0.28169858
1587	0.29574217
1588	0.19319638
1589	0.22707610
1590	0.21911513
1591	0.30181518
1592	0.25350520
1593	0.27108829
1594	0.22158004
1595	0.28406497
1596	0.21582153
1597	0.27744254
1598	0.22981912
1599	0.21857253
1600	0.25538829
1601	0.26976975
1602	0.27369727
1603	0.20326660
1604	0.25694517
1605	0.23359049
1606	0.26491008
1607	0.23240483
1608	0.23645699
1609	0.23300200
1610	0.24292994
1611	0.24447794
1612	0.27928829
1613	0.23030804
1614	0.21085599
1615	0.23030168
1616	0.18718435
1617	0.22538445
1618	0.27715394
1619	0.23153325
1620	0.23909827
1621	0.23887988
1622	0.24617605
1623	0.25314491
1624	0.24760557
1625	0.24060683
1626	0.20927952
1627	0.28603918
1628	0.27641723
1629	0.26811239
1630	0.26845588
1631	0.21014653
1632	0.24274722
1633	0.23938482
1634	0.22723062
1635	0.26950840
1636	0.25749963
1637	0.22293556
1638	0.28754202
1639	0.25061560
1640	0.22370893
1641	0.22853403
1642	0.24977899
1643	0.27201880
1644	0.22209301
1645	0.23181907
1646	0.22673277
1647	0.21557946
1648	0.25498797
1649	0.24577663
1650	0.22552684
1651	0.24860263
1652	0.24646602
1653	0.21517080
1654	0.23122868
1655	0.20298314
1656	0.27079590
1657	0.26498272
1658	0.27699596
1659	0.21577195
1660	0.24000509
1661	0.19466203
1662	0.25915898
1663	0.23181833
1664	0.19308771
1665	0.29321303
1666	0.28650567
1667	0.26592668
1668	0.21894611
1669	0.25746985
1670	0.22274139
1671	0.21442547
1672	0.22563382
1673	0.21190200
1674	0.19016555
1675	0.24352700
1676	0.23339590
1677	0.26286434
1678	0.21258382
1679	0.25424034
1680	0.27510147
1681	0.23821507
1682	0.22766397
1683	0.24397857
1684	0.20414606
1685	0.25278419
1686	0.29238461
1687	0.19774842
1688	0.21752794
1689	0.27154485
1690	0.24808062
1691	0.24351964
1692	0.18984942
1693	0.22454259
1694	0.22009238
1695	0.22941738
1696	0.22999249
1697	0.24490084
1698	0.21953503
1699	0.20013419
1700	0.22672658
1701	0.21595961
1702	0.19265819
1703	0.26155210
1704	0.21694769
1705	0.23606486
1706	0.24144790
1707	0.23083361
1708	0.16312006
1709	0.21592574
1710	0.24528067
1711	0.20133556
1712	0.24119364
1713	0.24922253
1714	0.22171324
1715	0.28393519
1716	0.27559286
1717	0.21131329
1718	0.24009669
1719	0.21325221
1720	0.24227778
1721	0.22221166
1722	0.22970735
1723	0.21536471
1724	0.26135352
1725	0.20486901
1726	0.25764627
1727	0.20259044
1728	0.21995431
1729	0.24824191
1730	0.21205352
1731	0.28917962
1732	0.24780037
1733	0.23256859
1734	0.24675394
1735	0.23729149
1736	0.21999533
1737	0.24416817
1738	0.29550536
1739	0.19850047
1740	0.22265530
1741	0.22849779
1742	0.20994737
1743	0.23983529
1744	0.22442988
1745	0.24934779
1746	0.21978629
1747	0.23575373
1748	0.25641324
1749	0.23206786
1750	0.18504711
1751	0.21458792
1752	0.23933241
1753	0.22389979
1754	0.28250819
1755	0.22153487
1756	0.23738634
1757	0.21206276
1758	0.24309433
1759	0.27812342
1760	0.25695341
1761	0.20146371
1762	0.24493251
1763	0.24906460
1764	0.25368808
1765	0.18556513
1766	0.24236292
1767	0.23677405
1768	0.23358088
1769	0.21636812
1770	0.21466035
1771	0.26036035
1772	0.24632967
1773	0.25502148
1774	0.19090604
1775	0.26601213
1776	0.21333093
1777	0.20404937
1778	0.26032668
1779	0.27531922
1780	0.21182117
1781	0.18339149
1782	0.19679475
1783	0.26261113
1784	0.18360530
1785	0.24564055
1786	0.24811119
1787	0.20659569
1788	0.24115394
1789	0.24051539
1790	0.20337117
1791	0.20154359
1792	0.23290541
1793	0.23862763
1794	0.21116612
1795	0.25776418
1796	0.20910488
1797	0.22975620
1798	0.22983361
1799	0.26091765
1800	0.23631119
1801	0.26738445
1802	0.17932810
1803	0.19802553
1804	0.27245667
1805	0.24724459
1806	0.22686985
1807	0.18824107
1808	0.21761896
1809	0.19172342
1810	0.21283939
1811	0.20378025
1812	0.22359133
1813	0.22515777
1814	0.21151423
1815	0.19459533
1816	0.26587006
1817	0.18742458
1818	0.23238036
1819	0.23265688
1820	0.23552447
1821	0.19604433
1822	0.23915909
1823	0.19120935
1824	0.21029144
1825	0.22944280
1826	0.20621003
1827	0.26912395
1828	0.18903734
1829	0.24455930
1830	0.16987521
1831	0.20890683
1832	0.24797096
1833	0.29134664
1834	0.22795179
1835	0.18361182
1836	0.22109816
1837	0.22913099
1838	0.18109800
1839	0.25863939
1840	0.19115247
1841	0.25745751
1842	0.25056145
1843	0.22853624
1844	0.25629727
1845	0.25156455
1846	0.20051208
1847	0.21307967
1848	0.22307321
1849	0.24459401
1850	0.16938755
1851	0.20614464
1852	0.24682705
1853	0.28804349
1854	0.25340436
1855	0.23431539
1856	0.20510268
1857	0.19691560
1858	0.24328367
1859	0.24796539
1860	0.22788109
1861	0.22874774
1862	0.23254060
1863	0.20058351
1864	0.19383251
1865	0.24773514
1866	0.24397484
1867	0.29123944
1868	0.25574343
1869	0.17605819
1870	0.23173955
1871	0.26209926
1872	0.21542805
1873	0.21306145
1874	0.24947437
1875	0.24229937
1876	0.23437258
1877	0.22164517
1878	0.23505662
1879	0.24122768
1880	0.28099191
1881	0.24473356
1882	0.23277904
1883	0.21100084
1884	0.22305499
1885	0.22107757
1886	0.21416628
1887	0.21798025
1888	0.27917195
1889	0.22315026
1890	0.29562505
1891	0.21967679
1892	0.23826098
1893	0.22052584
1894	0.22306555
1895	0.23253918
1896	0.27089296
1897	0.24576224
1898	0.24518824
1899	0.20565095
1900	0.22155100
1901	0.24180021
1902	0.22384207
1903	0.21011738
