0	0.55319403
1	0.54981347
2	0.55346929
3	0.55294224
4	0.55326301
5	0.55113138
6	0.55335168
7	0.55323316
8	0.55309842
9	0.55308765
10	0.55142673
11	0.55345597
12	0.54596122
13	0.55325459
14	0.55235342
15	0.55290235
16	0.54346592
17	0.55076219
18	0.55304321
19	0.51288087
20	0.54560250
21	0.55284633
22	0.55030872
23	0.55285872
24	0.53528250
25	0.55346883
26	0.54825347
27	0.53852398
28	0.54808811
29	0.54380653
30	0.52294388
31	0.54359056
32	0.54254276
33	0.49605260
34	0.50178199
35	0.53604837
36	0.53385352
37	0.54386617
38	0.48089607
39	0.54265311
40	0.46664276
41	0.52985158
42	0.53293061
43	0.55187842
44	0.51204607
45	0.54311097
46	0.52956077
47	0.51645770
48	0.54302551
49	0.50532311
50	0.49148097
51	0.51168571
52	0.54353301
53	0.53529306
54	0.54682041
55	0.46094000
56	0.54486959
57	0.47933112
58	0.48300582
59	0.54369796
60	0.47866556
61	0.42010679
62	0.52685949
63	0.48970082
64	0.53155235
65	0.42875842
66	0.52927316
67	0.50519653
68	0.52988485
69	0.50821036
70	0.46634235
71	0.47568250
72	0.41153347
73	0.52257541
74	0.53339918
75	0.53028480
76	0.42409372
77	0.50564974
78	0.52471964
79	0.44456883
80	0.44420934
81	0.50561092
82	0.53454000
83	0.53510362
84	0.44415204
85	0.37708969
86	0.52177036
87	0.52932179
88	0.45789526
89	0.53298663
90	0.52419949
91	0.51874051
92	0.44942964
93	0.52918684
94	0.50471138
95	0.51958730
96	0.42970735
97	0.52385990
98	0.48817372
99	0.54883648
100	0.42424071
101	0.45487648
102	0.37009908
103	0.52203750
104	0.52068658
105	0.42879143
106	0.52139423
107	0.51386245
108	0.50704418
109	0.48811556
110	0.43248949
111	0.39548224
112	0.49371959
113	0.42902204
114	0.43045622
115	0.43073903
116	0.51112372
117	0.44030515
118	0.51267750
119	0.50387026
120	0.48600097
121	0.38244199
122	0.36869398
123	0.46660051
124	0.43835163
125	0.45469612
126	0.48259842
127	0.38517393
128	0.48079684
129	0.48000827
130	0.40206327
131	0.50868903
132	0.43233806
133	0.38803342
134	0.47050020
135	0.45397469
136	0.46666520
137	0.44751112
138	0.45947878
139	0.33926122
140	0.41259995
141	0.48244929
142	0.39844112
143	0.50631490
144	0.47571592
145	0.39815546
146	0.46046500
147	0.52347918
148	0.48647923
149	0.41726015
150	0.44945408
151	0.39676107
152	0.48606837
153	0.48346158
154	0.37435413
155	0.38412556
156	0.45917883
157	0.49328163
158	0.49703714
159	0.36684653
160	0.44373270
161	0.34487342
162	0.38897480
163	0.42091806
164	0.50670352
165	0.45583082
166	0.41814934
167	0.45020316
168	0.40676730
169	0.43361449
170	0.51339077
171	0.43048454
172	0.43974668
173	0.40176367
174	0.42127816
175	0.48144286
176	0.47921485
177	0.38229429
178	0.42221954
179	0.43600714
180	0.51714327
181	0.48961286
182	0.46243714
183	0.46117949
184	0.48708929
185	0.49374429
186	0.47001107
187	0.40428362
188	0.38486638
189	0.37133031
190	0.36245811
191	0.35264082
192	0.32544378
193	0.48182500
194	0.49662459
195	0.37623143
196	0.39820260
197	0.43474224
198	0.33069046
199	0.38656755
200	0.44584949
201	0.30206878
202	0.43464163
203	0.31160847
204	0.53319745
205	0.32705413
206	0.50811633
207	0.42600577
208	0.40867801
209	0.42608168
210	0.40694327
211	0.45633020
212	0.44775332
213	0.44390342
214	0.48256837
215	0.39650745
216	0.40617969
217	0.34399148
218	0.45299163
219	0.36814423
220	0.36254372
221	0.44846347
222	0.46472306
223	0.36985638
224	0.48828311
225	0.47638276
226	0.46433199
227	0.47224495
228	0.43416827
229	0.38024128
230	0.36605367
231	0.39212469
232	0.35406566
233	0.51372903
234	0.44711862
235	0.43001842
236	0.38708148
237	0.39612000
238	0.41331714
239	0.40072546
240	0.41790194
241	0.45030163
242	0.41806750
243	0.53691138
244	0.31031301
245	0.34644704
246	0.51481704
247	0.38233724
248	0.48744082
249	0.35968801
250	0.47477617
251	0.32699179
252	0.40153092
253	0.46428112
254	0.40910934
255	0.35389689
256	0.39480500
257	0.42686403
258	0.40495260
259	0.47725265
260	0.32520857
261	0.34658265
262	0.34862423
263	0.40815990
264	0.45580128
265	0.40436628
266	0.39270974
267	0.35727551
268	0.44044663
269	0.36837505
270	0.38315291
271	0.47199714
272	0.32569536
273	0.37478541
274	0.34279964
275	0.34128469
276	0.45314724
277	0.38205893
278	0.31906801
279	0.44134102
280	0.45665112
281	0.43331811
282	0.37787041
283	0.34481974
284	0.38387107
285	0.39167816
286	0.33697245
287	0.48808250
288	0.45373592
289	0.36887536
290	0.41433357
291	0.47831357
292	0.43476352
293	0.42355663
294	0.42742357
295	0.39366107
296	0.32099765
297	0.36081974
298	0.35788219
299	0.31940898
300	0.37761071
301	0.38194985
302	0.46126888
303	0.39686383
304	0.40868041
305	0.40317168
306	0.31475755
307	0.43146929
308	0.40860954
309	0.38589378
310	0.39874393
311	0.36698883
312	0.33347842
313	0.47818005
314	0.39998367
315	0.39304827
316	0.46112755
317	0.29330260
318	0.38509408
319	0.34375592
320	0.39222816
321	0.27458383
322	0.34357413
323	0.41136699
324	0.33512888
325	0.40284918
326	0.37257204
327	0.36445459
328	0.37756056
329	0.41461082
330	0.34175362
331	0.45529240
332	0.43667679
333	0.40628316
334	0.37067520
335	0.32480367
336	0.41799862
337	0.40896015
338	0.38649648
339	0.40349153
340	0.36142500
341	0.38503755
342	0.38695643
343	0.37351240
344	0.45433439
345	0.36213571
346	0.40576031
347	0.32982087
348	0.37055704
349	0.37002515
350	0.27381867
351	0.28301474
352	0.36680704
353	0.41154209
354	0.36451224
355	0.45140505
356	0.37775189
357	0.30080026
358	0.40211480
359	0.38558332
360	0.32553148
361	0.40381806
362	0.33064071
363	0.46534398
364	0.38570857
365	0.30561066
366	0.33225352
367	0.48043112
368	0.30489474
369	0.37925209
370	0.36081230
371	0.48394454
372	0.30400316
373	0.41254832
374	0.31546546
375	0.37805617
376	0.33948015
377	0.28238495
378	0.37923219
379	0.33102163
380	0.31926633
381	0.36987434
382	0.28987031
383	0.38147765
384	0.39524347
385	0.27308194
386	0.41157663
387	0.27612679
388	0.27073276
389	0.37668801
390	0.42972342
391	0.33201898
392	0.28965179
393	0.49909189
394	0.38746872
395	0.34909398
396	0.48501311
397	0.36204163
398	0.47434138
399	0.38952582
400	0.33844240
401	0.44945388
402	0.39905276
403	0.37139122
404	0.32150189
405	0.33140995
406	0.34915776
407	0.35887010
408	0.35764270
409	0.37445908
410	0.31687429
411	0.44685602
412	0.27939832
413	0.40676281
414	0.28437888
415	0.35539653
416	0.41132776
417	0.31242505
418	0.31616689
419	0.39436066
420	0.29520995
421	0.35028449
422	0.29793500
423	0.35706872
424	0.33766296
425	0.35390219
426	0.38400485
427	0.37317791
428	0.37838918
429	0.33075260
430	0.42980046
431	0.30372770
432	0.31120704
433	0.43329602
434	0.35729408
435	0.40116311
436	0.36527031
437	0.37577230
438	0.27754398
439	0.36630020
440	0.36200566
441	0.37174923
442	0.31246214
443	0.31272469
444	0.36288923
445	0.34437551
446	0.35474133
447	0.42964418
448	0.39973561
449	0.42054036
450	0.42023776
451	0.28543031
452	0.28401469
453	0.32120357
454	0.32371954
455	0.40253148
456	0.37941311
457	0.27769531
458	0.36904837
459	0.42592515
460	0.40389867
461	0.31544561
462	0.35150495
463	0.32057796
464	0.34319128
465	0.34063495
466	0.40510036
467	0.37399332
468	0.34231949
469	0.39996378
470	0.28780219
471	0.37865071
472	0.40992755
473	0.36369403
474	0.37627520
475	0.28753663
476	0.33479776
477	0.37304015
478	0.33326582
479	0.35320776
480	0.36233056
481	0.39690612
482	0.32236301
483	0.29544663
484	0.38551485
485	0.34222740
486	0.33248439
487	0.34712276
488	0.41253036
489	0.34912719
490	0.29721832
491	0.32506944
492	0.30072740
493	0.36108362
494	0.43558765
495	0.36151964
496	0.37602133
497	0.36380760
498	0.32883179
499	0.36119444
500	0.34208143
501	0.35342092
502	0.33781245
503	0.36409515
504	0.30906388
505	0.35911260
506	0.29147179
507	0.37123184
508	0.38009036
509	0.36242740
510	0.39843184
511	0.28650214
512	0.33205806
513	0.35488077
514	0.38336408
515	0.33186056
516	0.29942811
517	0.29042367
518	0.31413393
519	0.29452327
520	0.30382888
521	0.30126250
522	0.29056974
523	0.33024163
524	0.32981000
525	0.32048173
526	0.34840199
527	0.36999235
528	0.29372633
529	0.38169107
530	0.36325490
531	0.38381495
532	0.31442408
533	0.36985551
534	0.39292020
535	0.35340709
536	0.29309714
537	0.28206429
538	0.34479699
539	0.39667286
540	0.36381352
541	0.32188301
542	0.35008939
543	0.34779781
544	0.32247622
545	0.32775582
546	0.36254036
547	0.26176097
548	0.30910934
549	0.37557378
550	0.34601689
551	0.32276878
552	0.31777577
553	0.39470357
554	0.39862367
555	0.38681740
556	0.34264423
557	0.30571362
558	0.29034357
559	0.32254071
560	0.36281536
561	0.38236903
562	0.34848102
563	0.30239051
564	0.36954224
565	0.33780138
566	0.33306964
567	0.36199903
568	0.27240791
569	0.32909679
570	0.35529480
571	0.28510684
572	0.36025862
573	0.33081827
574	0.37332393
575	0.31741990
576	0.37217179
577	0.27513954
578	0.31195571
579	0.30607311
580	0.34911862
581	0.34729908
582	0.27690082
583	0.29720434
584	0.27969255
585	0.39192439
586	0.37518454
587	0.31132112
588	0.33858077
589	0.40938240
590	0.23423474
591	0.33885005
592	0.30291357
593	0.31932500
594	0.28353005
595	0.27426597
596	0.24717587
597	0.33617388
598	0.28974612
599	0.36980628
600	0.37995770
601	0.29430643
602	0.29478092
603	0.32248969
604	0.32057321
605	0.33585260
606	0.33189352
607	0.30570857
608	0.34939321
609	0.30302403
610	0.31542153
611	0.36303128
612	0.26389776
613	0.38078143
614	0.29378173
615	0.36018776
616	0.33176327
617	0.28333515
618	0.31317010
619	0.30254418
620	0.24600194
621	0.30964679
622	0.36225806
623	0.31522704
624	0.37504704
625	0.23478148
626	0.30642786
627	0.31472031
628	0.29485321
629	0.39514582
630	0.29103260
631	0.29689036
632	0.34648862
633	0.26787893
634	0.35974153
635	0.39488872
636	0.27955536
637	0.33486408
638	0.29399449
639	0.33564066
640	0.31297168
641	0.24847862
642	0.26885255
643	0.32075357
644	0.32818628
645	0.26163362
646	0.25143923
647	0.32585628
648	0.31583704
649	0.29436000
650	0.33264087
651	0.30063806
652	0.36628801
653	0.28579102
654	0.27767143
655	0.33093077
656	0.27231765
657	0.30196286
658	0.30689929
659	0.29620235
660	0.36181224
661	0.27578913
662	0.31103694
663	0.26252240
664	0.30204561
665	0.35228066
666	0.29534546
667	0.33441000
668	0.41043071
669	0.35050056
670	0.26966602
671	0.32765270
672	0.29382005
673	0.25847332
674	0.27256107
675	0.30704214
676	0.26719673
677	0.36899378
678	0.37427964
679	0.39567668
680	0.39566036
681	0.39226209
682	0.38080316
683	0.29973546
684	0.27709092
685	0.29064020
686	0.29056133
687	0.33770082
688	0.30413031
689	0.33452602
690	0.34155143
691	0.30989735
692	0.27716087
693	0.27552158
694	0.31659235
695	0.41392158
696	0.34509459
697	0.28387372
698	0.31103020
699	0.37258918
700	0.30688051
701	0.28080750
702	0.34544638
703	0.30025500
704	0.30753648
705	0.25552337
706	0.28160959
707	0.36138684
708	0.28523760
709	0.34165852
710	0.30084847
711	0.28359561
712	0.29050209
713	0.32857862
714	0.28305770
715	0.29649418
716	0.29448597
717	0.30034449
718	0.31180551
719	0.30510837
720	0.30634653
721	0.25895862
722	0.35239801
723	0.30264418
724	0.24169515
725	0.29610352
726	0.33909551
727	0.30802367
728	0.31004607
729	0.31087423
730	0.33832913
731	0.29138490
732	0.27685556
733	0.29681515
734	0.33392526
735	0.29826872
736	0.31999071
737	0.30578454
738	0.35953806
739	0.37538709
740	0.25692439
741	0.29483398
742	0.35754796
743	0.31207367
744	0.29477730
745	0.26367735
746	0.27994587
747	0.30943474
748	0.26592240
749	0.31460245
750	0.26323122
751	0.30075592
752	0.29026464
753	0.25539974
754	0.34664388
755	0.27959041
756	0.27166281
757	0.35681653
758	0.27472898
759	0.28769561
760	0.37521648
761	0.29172531
762	0.37632561
763	0.40835571
764	0.27085980
765	0.28878684
766	0.31313041
767	0.33518633
768	0.30812653
769	0.28049117
770	0.29115046
771	0.29428842
772	0.30051745
773	0.29541281
774	0.30248500
775	0.31279352
776	0.32036526
777	0.28879020
778	0.29056311
779	0.26351607
780	0.34704480
781	0.29131474
782	0.28587990
783	0.30309015
784	0.29580337
785	0.31205020
786	0.28916566
787	0.28079837
788	0.33497005
789	0.34492648
790	0.31065490
791	0.26131480
792	0.29536398
793	0.31767995
794	0.35082388
795	0.31163005
796	0.27441622
797	0.29520883
798	0.39506995
799	0.27654041
800	0.29434306
801	0.30906056
802	0.27051969
803	0.35504490
804	0.28066214
805	0.33129179
806	0.29342638
807	0.33330934
808	0.32034704
809	0.29250056
810	0.30083510
811	0.27951173
812	0.32440684
813	0.30286015
814	0.33331944
815	0.29022827
816	0.24488046
817	0.33537117
818	0.32665332
819	0.29685316
820	0.32664791
821	0.31101276
822	0.29138510
823	0.30817571
824	0.25780617
825	0.22957056
826	0.33017903
827	0.29814357
828	0.34706689
829	0.30276316
830	0.34274168
831	0.33397454
832	0.29951939
833	0.30568036
834	0.27851704
835	0.33587888
836	0.24361673
837	0.33711112
838	0.25493020
839	0.29540607
840	0.24519689
841	0.30812816
842	0.33604821
843	0.30275449
844	0.24960179
845	0.28015398
846	0.35470327
847	0.32854005
848	0.32009480
849	0.35087388
850	0.29532944
851	0.28747964
852	0.26500031
853	0.33752862
854	0.23613969
855	0.30229791
856	0.32556531
857	0.22081393
858	0.35698913
859	0.27668020
860	0.28713393
861	0.33055378
862	0.32826158
863	0.35351755
864	0.25965235
865	0.29402403
866	0.31862582
867	0.38547816
868	0.33772367
869	0.32211102
870	0.29035607
871	0.31725138
872	0.31206342
873	0.32649383
874	0.30066010
875	0.23936531
876	0.27043541
877	0.27179138
878	0.30902755
879	0.35317980
880	0.31694092
881	0.35182842
882	0.27156362
883	0.31293679
884	0.25691566
885	0.22246653
886	0.32672337
887	0.29533056
888	0.29081260
889	0.28200602
890	0.26986852
891	0.29519954
892	0.31828423
893	0.24134342
894	0.23267454
895	0.29026265
896	0.29286230
897	0.23560536
898	0.29226026
899	0.27573082
900	0.35437888
901	0.30185520
902	0.29543883
903	0.23732107
904	0.25496730
905	0.34469128
906	0.29332847
907	0.24458245
908	0.27658143
909	0.26477383
910	0.27602327
911	0.26701837
912	0.30887587
913	0.28429582
914	0.24428337
915	0.29094592
916	0.29540546
917	0.32298087
918	0.24992398
919	0.27965189
920	0.31279286
921	0.25074352
922	0.27750959
923	0.24701179
924	0.37318842
925	0.22156709
926	0.27957015
927	0.26640480
928	0.26394954
929	0.23865214
930	0.24177597
931	0.27345643
932	0.27253153
933	0.29345219
934	0.32311490
935	0.28983311
936	0.25845087
937	0.23796255
938	0.29814724
939	0.32550689
940	0.29476974
941	0.27132138
942	0.23318133
943	0.27456449
944	0.28920827
945	0.24961612
946	0.28638954
947	0.31816189
948	0.35053918
949	0.23832163
950	0.29309546
951	0.30053388
952	0.31511270
953	0.28434265
954	0.26523199
955	0.29094270
956	0.31450173
957	0.29782265
958	0.25258286
959	0.31530888
960	0.32832653
961	0.24440153
962	0.26775520
963	0.25603403
964	0.25409985
965	0.32130148
966	0.28825005
967	0.22389398
968	0.28951474
969	0.30378827
970	0.28722510
971	0.33236995
972	0.29133663
973	0.25622561
974	0.28594260
975	0.30164515
976	0.27923219
977	0.28675556
978	0.35808480
979	0.27614173
980	0.27349867
981	0.28963995
982	0.24811138
983	0.31465995
984	0.25274163
985	0.26714066
986	0.29678673
987	0.26734184
988	0.28254153
989	0.27078408
990	0.27388622
991	0.27362791
992	0.28782036
993	0.30432194
994	0.30898153
995	0.24374474
996	0.27835337
997	0.37013704
998	0.32697480
999	0.23360847
1000	0.29569510
1001	0.24565908
1002	0.27781444
1003	0.27493204
1004	0.28671092
1005	0.23150821
1006	0.29186480
1007	0.28352888
1008	0.27890469
1009	0.30791668
1010	0.27880102
1011	0.29002138
1012	0.31360776
1013	0.29541770
1014	0.30442842
1015	0.30709974
1016	0.28700541
1017	0.32755087
1018	0.26228413
1019	0.26564423
1020	0.25772714
1021	0.27869648
1022	0.32968224
1023	0.25397367
1024	0.24452474
1025	0.20607383
1026	0.25290546
1027	0.27939714
1028	0.29411179
1029	0.30695163
1030	0.23422332
1031	0.22129357
1032	0.23810974
1033	0.23193561
1034	0.24602954
1035	0.28029786
1036	0.35478816
1037	0.21499872
1038	0.33741327
1039	0.27541403
1040	0.31498878
1041	0.28320117
1042	0.25120250
1043	0.29133286
1044	0.27183265
1045	0.29958500
1046	0.21902219
1047	0.26582597
1048	0.29025434
1049	0.28076087
1050	0.25608602
1051	0.26326429
1052	0.29609561
1053	0.27474204
1054	0.34074959
1055	0.23552617
1056	0.26557612
1057	0.20867633
1058	0.23707786
1059	0.22186719
1060	0.26258005
1061	0.26042923
1062	0.25518173
1063	0.31882648
1064	0.30046704
1065	0.25011306
1066	0.26409184
1067	0.26144393
1068	0.25824781
1069	0.25052189
1070	0.23874699
1071	0.25941893
1072	0.29758898
1073	0.28230740
1074	0.29374740
1075	0.32131276
1076	0.23720929
1077	0.29014878
1078	0.26261194
1079	0.30300490
1080	0.26481439
1081	0.22079276
1082	0.32970184
1083	0.33219010
1084	0.25891837
1085	0.24128020
1086	0.22901286
1087	0.27752862
1088	0.23359423
1089	0.26761337
1090	0.24917643
1091	0.24390367
1092	0.22718000
1093	0.25368327
1094	0.24950740
1095	0.25558250
1096	0.24941020
1097	0.27495158
1098	0.26468602
1099	0.22927888
1100	0.21844939
1101	0.25115653
1102	0.28108949
1103	0.28833969
1104	0.26202240
1105	0.29005321
1106	0.30808260
1107	0.25178689
1108	0.23274010
1109	0.28843112
1110	0.25765684
1111	0.26008357
1112	0.27553515
1113	0.27426923
1114	0.24886714
1115	0.30687423
1116	0.22638878
1117	0.20162643
1118	0.31249888
1119	0.27168857
1120	0.26842852
1121	0.24772888
1122	0.24536041
1123	0.26586566
1124	0.20668648
1125	0.24392735
1126	0.28348347
1127	0.24054423
1128	0.29211755
1129	0.28218077
1130	0.27039531
1131	0.26049852
1132	0.25775699
1133	0.27907684
1134	0.23129847
1135	0.28635515
1136	0.29716750
1137	0.22899827
1138	0.26710668
1139	0.24824526
1140	0.24376255
1141	0.22975296
1142	0.25506469
1143	0.25344270
1144	0.24521551
1145	0.22183235
1146	0.24474469
1147	0.25039673
1148	0.23972781
1149	0.28552291
1150	0.27953214
1151	0.30801046
1152	0.25820398
1153	0.26908403
1154	0.28868270
1155	0.27431811
1156	0.20965745
1157	0.29405628
1158	0.35346628
1159	0.22171801
1160	0.27356505
1161	0.24914663
1162	0.28209005
1163	0.24258638
1164	0.25795607
1165	0.31152061
1166	0.34146944
1167	0.27487918
1168	0.26819235
1169	0.23166985
1170	0.23569643
1171	0.27739653
1172	0.24367281
1173	0.25567929
1174	0.23466219
1175	0.25119689
1176	0.30389362
1177	0.30846398
1178	0.29947383
1179	0.22104138
1180	0.24427827
1181	0.26011842
1182	0.29671449
1183	0.24633230
1184	0.24441837
1185	0.30455837
1186	0.29991168
1187	0.23491199
1188	0.21073005
1189	0.28300929
1190	0.27298097
1191	0.31423383
1192	0.28145199
1193	0.22507495
1194	0.28494107
1195	0.27527000
1196	0.28135847
1197	0.25283847
1198	0.31246204
1199	0.27896097
1200	0.29856556
1201	0.26336582
1202	0.29539811
1203	0.30438985
1204	0.24768066
1205	0.25049352
1206	0.25922311
1207	0.21404995
1208	0.25250398
1209	0.27422980
1210	0.29843480
1211	0.30521327
1212	0.26530403
1213	0.20167602
1214	0.26379362
1215	0.28190791
1216	0.24788852
1217	0.28066607
1218	0.29715434
1219	0.31142597
1220	0.21974571
1221	0.23771918
1222	0.20203719
1223	0.26436372
1224	0.26629913
1225	0.31451092
1226	0.25900061
1227	0.30050913
1228	0.26203291
1229	0.25142587
1230	0.24290163
1231	0.30810536
1232	0.27346923
1233	0.23640893
1234	0.27031974
1235	0.28851474
1236	0.26630056
1237	0.28667066
1238	0.24717679
1239	0.25978015
1240	0.26628974
1241	0.26920944
1242	0.23708066
1243	0.26558505
1244	0.28157153
1245	0.18536474
1246	0.25040776
1247	0.25530255
1248	0.28833046
1249	0.25546148
1250	0.29637286
1251	0.23616699
1252	0.24498102
1253	0.28890434
1254	0.33487173
1255	0.29194153
1256	0.30997418
1257	0.26640031
1258	0.26662321
1259	0.26965449
1260	0.24157622
1261	0.23694531
1262	0.30496291
1263	0.27722311
1264	0.28930255
1265	0.28350755
1266	0.22235944
1267	0.27600883
1268	0.25300872
1269	0.31000240
1270	0.24385153
1271	0.27853990
1272	0.25173179
1273	0.28594954
1274	0.26951786
1275	0.26674097
1276	0.23918071
1277	0.24107189
1278	0.25225541
1279	0.27374520
1280	0.27602128
1281	0.18663806
1282	0.24965949
1283	0.30101143
1284	0.25056898
1285	0.24293633
1286	0.25972224
1287	0.28282031
1288	0.23511362
1289	0.24103260
1290	0.28503036
1291	0.21540153
1292	0.26121551
1293	0.24293403
1294	0.27324291
1295	0.23807622
1296	0.23097673
1297	0.26857194
1298	0.26401429
1299	0.30077551
1300	0.24551658
1301	0.25825459
1302	0.18909046
1303	0.22383082
1304	0.23376811
1305	0.31070245
1306	0.24184811
1307	0.24929811
1308	0.20768500
1309	0.26916724
1310	0.26320362
1311	0.24684480
1312	0.26005490
1313	0.21282755
1314	0.22409347
1315	0.28986730
1316	0.29010689
1317	0.24137592
1318	0.22683122
1319	0.24723194
1320	0.24231827
1321	0.26945066
1322	0.20569327
1323	0.29328969
1324	0.24522158
1325	0.28911577
1326	0.23626811
1327	0.31385485
1328	0.30474036
1329	0.26052684
1330	0.22898056
1331	0.24264745
1332	0.26700684
1333	0.26633704
1334	0.23490434
1335	0.24582765
1336	0.18769709
1337	0.26923449
1338	0.30968464
1339	0.24207449
1340	0.30774357
1341	0.27335194
1342	0.24846230
1343	0.22036082
1344	0.25519740
1345	0.20975628
1346	0.21284714
1347	0.22751337
1348	0.20801306
1349	0.27356888
1350	0.21596770
1351	0.26925077
1352	0.26741663
1353	0.26876112
1354	0.22815520
1355	0.20791668
1356	0.20330515
1357	0.26472679
1358	0.25784046
1359	0.25124883
1360	0.21621071
1361	0.25428163
1362	0.27469362
1363	0.31433883
1364	0.25766638
1365	0.24567556
1366	0.26219061
1367	0.25776939
1368	0.24781980
1369	0.21096612
1370	0.20103357
1371	0.27308077
1372	0.24129939
1373	0.32444128
1374	0.29104694
1375	0.21962148
1376	0.21863648
1377	0.25656270
1378	0.27094602
1379	0.26183286
1380	0.25025235
1381	0.24560250
1382	0.20197944
1383	0.25110031
1384	0.20572969
1385	0.23271776
1386	0.24001265
1387	0.26800566
1388	0.27488480
1389	0.22540439
1390	0.25027362
1391	0.20900255
1392	0.26095087
1393	0.21544418
1394	0.26629015
1395	0.24174337
1396	0.25103403
1397	0.27486679
1398	0.24038444
1399	0.29040117
1400	0.26670745
1401	0.24236622
1402	0.25857194
1403	0.27156209
1404	0.24138133
1405	0.27938668
1406	0.25049816
1407	0.24616872
1408	0.29894684
1409	0.25753816
1410	0.21745173
1411	0.22504801
1412	0.27715485
1413	0.24125041
1414	0.28669291
1415	0.29387694
1416	0.23613566
1417	0.20635689
1418	0.31745224
1419	0.27627000
1420	0.23157949
1421	0.24463122
1422	0.25528658
1423	0.28130969
1424	0.27336168
1425	0.24760240
1426	0.21806490
1427	0.29837638
1428	0.27493061
1429	0.20204398
1430	0.27445714
1431	0.20006903
1432	0.25343388
1433	0.28075679
1434	0.23925582
1435	0.22908633
1436	0.23219719
1437	0.29240796
1438	0.30615811
1439	0.29988622
1440	0.28024903
1441	0.28237031
1442	0.26257316
1443	0.29335378
1444	0.24725153
1445	0.23163464
1446	0.21324643
1447	0.26235622
1448	0.25154934
1449	0.24131505
1450	0.23907857
1451	0.26141500
1452	0.23119362
1453	0.24690495
1454	0.27666959
1455	0.26691071
1456	0.24786031
1457	0.29671668
1458	0.21999367
1459	0.27647020
1460	0.23491786
1461	0.21984929
1462	0.28778061
1463	0.24401036
1464	0.28385357
1465	0.22369745
1466	0.21784903
1467	0.26492020
1468	0.24105745
1469	0.22025923
1470	0.25057041
1471	0.19875964
1472	0.20241122
1473	0.24491128
1474	0.33182985
1475	0.25411189
1476	0.23493245
1477	0.27235750
1478	0.29987939
1479	0.27977209
1480	0.24556087
1481	0.23726199
1482	0.23726005
1483	0.22383832
1484	0.22556709
1485	0.21674730
1486	0.23168903
1487	0.25730235
1488	0.27972750
1489	0.23808010
1490	0.23950071
1491	0.25362337
1492	0.18732449
1493	0.22338607
1494	0.21153505
1495	0.21372796
1496	0.23792464
1497	0.23476495
1498	0.20337245
1499	0.25447026
1500	0.24031663
1501	0.22822515
1502	0.23868296
1503	0.22078709
1504	0.29214964
1505	0.25955107
1506	0.21966342
1507	0.23353898
1508	0.23708582
1509	0.23205505
1510	0.24048765
1511	0.31170903
1512	0.25743485
1513	0.24532158
1514	0.22250546
1515	0.30181173
1516	0.19335485
1517	0.24242939
1518	0.24296265
1519	0.22532362
1520	0.21858837
1521	0.24593485
1522	0.26613184
1523	0.24868536
1524	0.26080306
1525	0.21923184
1526	0.25255923
1527	0.19623168
1528	0.21603459
1529	0.21380061
1530	0.21926791
1531	0.25955760
1532	0.24466194
1533	0.29803051
1534	0.25631173
1535	0.22760801
1536	0.23463071
1537	0.29221709
1538	0.30759929
1539	0.21223444
1540	0.25559505
1541	0.25618898
1542	0.25628745
1543	0.25251459
1544	0.28078015
1545	0.26962204
1546	0.23652423
1547	0.24152679
1548	0.26523077
1549	0.24068005
1550	0.27207827
1551	0.30384622
1552	0.27190500
1553	0.25004821
1554	0.18763311
1555	0.23078709
1556	0.22460949
1557	0.25086015
1558	0.25096199
1559	0.27364781
1560	0.20753495
1561	0.27449061
1562	0.27779204
1563	0.26920878
1564	0.24056204
1565	0.26220561
1566	0.26796286
1567	0.19417505
1568	0.25315179
1569	0.29882408
1570	0.24047730
1571	0.22089679
1572	0.21843974
1573	0.24943245
1574	0.28125337
1575	0.31644250
1576	0.26987520
1577	0.23476301
1578	0.25848459
1579	0.23474255
1580	0.22391541
1581	0.23226735
1582	0.21403184
1583	0.23781607
1584	0.24691617
1585	0.21304821
1586	0.30137964
1587	0.27101770
1588	0.22902102
1589	0.20413051
1590	0.23188301
1591	0.21412719
1592	0.22291510
1593	0.28774184
1594	0.20460617
1595	0.23393061
1596	0.23194260
1597	0.21629163
1598	0.20441296
1599	0.21746918
1600	0.26683934
1601	0.23883673
1602	0.24375148
1603	0.26068250
1604	0.25424485
1605	0.19955071
1606	0.23729770
1607	0.19936184
1608	0.22044250
1609	0.24907311
1610	0.24839551
1611	0.20385985
1612	0.24951699
1613	0.26557490
1614	0.21771617
1615	0.19839061
1616	0.24286255
1617	0.23940724
1618	0.23405403
1619	0.21721638
1620	0.24723112
1621	0.25105872
1622	0.21658903
1623	0.24685663
1624	0.25664066
1625	0.18372745
1626	0.21500010
1627	0.17969607
1628	0.24203158
1629	0.28990383
1630	0.24486923
1631	0.21677015
1632	0.25483852
1633	0.23013179
1634	0.21288832
1635	0.24773128
1636	0.22566755
1637	0.21729607
1638	0.23247372
1639	0.22342801
1640	0.25019704
1641	0.22508939
1642	0.24678403
1643	0.23979801
1644	0.25354684
1645	0.22562276
1646	0.22765832
1647	0.23967985
1648	0.23256582
1649	0.24942735
1650	0.20619240
1651	0.21331724
1652	0.21517663
1653	0.23137556
1654	0.23053806
1655	0.21178536
1656	0.22634291
1657	0.22484408
1658	0.24691755
1659	0.24468837
1660	0.22111459
1661	0.22977597
1662	0.25892235
1663	0.24627714
1664	0.21278929
1665	0.23633699
1666	0.26780143
1667	0.22801898
1668	0.18051765
1669	0.26448362
1670	0.20023679
1671	0.20664571
1672	0.22892281
1673	0.21904276
1674	0.24619505
1675	0.29475704
1676	0.24416551
1677	0.21226898
1678	0.17965439
1679	0.26320286
1680	0.20082117
1681	0.24837531
1682	0.24298230
1683	0.22231398
1684	0.22455179
1685	0.25850546
1686	0.20976735
1687	0.23931117
1688	0.22889158
1689	0.23752969
1690	0.22639510
1691	0.24947388
1692	0.19545617
1693	0.22329071
1694	0.25807862
1695	0.19488327
1696	0.27887500
1697	0.22792760
1698	0.21234061
1699	0.22772005
1700	0.21429148
1701	0.26415699
1702	0.22122602
1703	0.26104587
1704	0.24681015
1705	0.25501485
1706	0.20597184
1707	0.23374500
1708	0.24548872
1709	0.18936724
1710	0.25658622
1711	0.23419980
1712	0.24723270
1713	0.23227857
1714	0.24111582
1715	0.26625556
1716	0.21050367
1717	0.24152577
1718	0.24348388
1719	0.20879673
1720	0.24441918
1721	0.23225413
1722	0.23019495
1723	0.21142143
1724	0.25610872
1725	0.24369684
1726	0.26856781
1727	0.23191679
1728	0.23904378
1729	0.23026255
1730	0.22361964
1731	0.27089357
1732	0.26037026
1733	0.23632429
1734	0.23631786
1735	0.23773939
1736	0.21943918
1737	0.24579526
1738	0.22510071
1739	0.22686429
1740	0.19291990
1741	0.20769265
1742	0.23286112
1743	0.26697867
1744	0.24623913
1745	0.25509138
1746	0.21947541
1747	0.22134923
1748	0.24285005
1749	0.20084719
1750	0.24719026
1751	0.22712296
1752	0.21061184
1753	0.23444954
1754	0.20801765
1755	0.24588663
1756	0.23662622
1757	0.25264469
1758	0.25854184
1759	0.19666837
1760	0.24722454
1761	0.23529046
1762	0.23375474
1763	0.18416301
1764	0.22229612
1765	0.25839893
1766	0.22805087
1767	0.20368429
1768	0.24889954
1769	0.26907240
1770	0.22788770
1771	0.21876781
1772	0.26539281
1773	0.20854597
1774	0.26594026
1775	0.22927092
1776	0.22637724
1777	0.22226745
1778	0.21582480
1779	0.21796954
1780	0.21911658
1781	0.19701862
1782	0.28548862
1783	0.21371454
1784	0.18565730
1785	0.18516444
1786	0.25254469
1787	0.24933959
1788	0.24456862
1789	0.23380944
1790	0.19525235
1791	0.23911286
1792	0.22872071
1793	0.30282878
1794	0.20419306
1795	0.23297026
1796	0.20540520
1797	0.25485158
1798	0.24276352
1799	0.27716490
1800	0.18551286
1801	0.21440352
1802	0.26961735
1803	0.19088832
1804	0.25429378
1805	0.24785046
1806	0.23483434
1807	0.28448041
1808	0.25989321
1809	0.19666653
1810	0.19017209
1811	0.21802439
1812	0.23001010
1813	0.23642321
1814	0.23249490
1815	0.24960704
1816	0.18941128
1817	0.20356541
1818	0.20310628
1819	0.26676418
1820	0.22215500
1821	0.24672622
1822	0.23062184
1823	0.27365500
1824	0.23787862
1825	0.20987434
1826	0.22582724
1827	0.24690117
1828	0.27206526
1829	0.25410265
1830	0.25593872
1831	0.19504786
1832	0.19919500
1833	0.25733459
1834	0.21749949
1835	0.28148781
1836	0.26129974
1837	0.25832735
1838	0.24006189
1839	0.24301781
1840	0.23464010
1841	0.22632673
1842	0.25599837
1843	0.20290010
1844	0.25810770
1845	0.23443459
1846	0.22235372
1847	0.21707929
1848	0.21727561
1849	0.21613474
1850	0.22121408
1851	0.22934367
1852	0.24158750
1853	0.22764622
1854	0.21414520
1855	0.22738704
1856	0.22929474
1857	0.24996959
1858	0.21169372
1859	0.22707520
1860	0.24257097
1861	0.18551765
1862	0.23822235
1863	0.21692959
1864	0.21980036
1865	0.21244342
1866	0.23014388
1867	0.25321505
1868	0.21529990
1869	0.21215163
1870	0.24589219
1871	0.20216541
1872	0.22757745
1873	0.24269000
1874	0.21835872
1875	0.26035883
1876	0.19719551
1877	0.21974740
1878	0.22340474
1879	0.19531980
1880	0.24106071
1881	0.23107648
1882	0.19528495
1883	0.20690224
1884	0.23387357
1885	0.22126612
1886	0.20877791
1887	0.24768500
1888	0.20633633
1889	0.21873423
1890	0.20207194
1891	0.19931781
1892	0.21810612
1893	0.18618087
1894	0.19663648
1895	0.19449913
1896	0.24281765
1897	0.21823087
1898	0.22573199
1899	0.23543964
1900	0.20085500
1901	0.30471378
1902	0.19353735
1903	0.21254357
1904	0.17894133
1905	0.26064286
1906	0.22013362
1907	0.25709949
1908	0.23865189
1909	0.20112398
1910	0.21565005
1911	0.23047974
1912	0.22474888
1913	0.22817148
1914	0.24507643
1915	0.26923490
1916	0.24166622
1917	0.22093852
1918	0.22331490
1919	0.19775505
1920	0.26315597
1921	0.22892990
1922	0.17460459
1923	0.23492224
1924	0.21370179
1925	0.21604434
1926	0.23786679
1927	0.27923449
1928	0.20460020
1929	0.19311204
1930	0.23789908
1931	0.26917087
1932	0.22483122
1933	0.24501066
1934	0.21261628
1935	0.21273454
1936	0.24125500
1937	0.21879959
1938	0.20685454
1939	0.24640459
1940	0.22471051
1941	0.21504816
1942	0.22803423
1943	0.20696255
1944	0.27738306
1945	0.22765571
1946	0.22907510
1947	0.24336194
1948	0.23491372
1949	0.19666240
1950	0.24053755
1951	0.24471510
1952	0.19128092
1953	0.22477429
1954	0.20123959
1955	0.19010929
1956	0.17123429
1957	0.27557077
1958	0.20725949
1959	0.16406337
