0	0.54372779
1	0.54292259
2	0.54405597
3	0.46573918
4	0.54375270
5	0.54392848
6	0.54377365
7	0.54341015
8	0.54362397
9	0.54393472
10	0.54351080
11	0.54350183
12	0.54091555
13	0.54352501
14	0.54353001
15	0.54027177
16	0.54270203
17	0.54369227
18	0.54355978
19	0.51251412
20	0.54318311
21	0.54329896
22	0.53599267
23	0.52861862
24	0.54384745
25	0.54262635
26	0.47251421
27	0.53222422
28	0.51594151
29	0.51648237
30	0.53812308
31	0.52856142
32	0.53940337
33	0.52407707
34	0.52935300
35	0.53859034
36	0.52925364
37	0.54208871
38	0.36590134
39	0.53428990
40	0.48956568
41	0.52709688
42	0.43962769
43	0.53899539
44	0.51497945
45	0.49787018
46	0.51714998
47	0.49909361
48	0.54027667
49	0.49217444
50	0.48990619
51	0.52301838
52	0.46828450
53	0.49939658
54	0.47136474
55	0.53591570
56	0.49833952
57	0.53111620
58	0.50715557
59	0.47100371
60	0.48160614
61	0.46739430
62	0.52008044
63	0.47820045
64	0.51488370
65	0.51839480
66	0.47206330
67	0.51112774
68	0.41415097
69	0.52870297
70	0.48061961
71	0.46546587
72	0.43517964
73	0.46256241
74	0.50801981
75	0.46247618
76	0.52843710
77	0.52913814
78	0.53062838
79	0.38245067
80	0.44599401
81	0.53306528
82	0.47997058
83	0.52280634
84	0.45413264
85	0.50694695
86	0.42483205
87	0.42881466
88	0.47961956
89	0.40282982
90	0.41821714
91	0.35926394
92	0.50959584
93	0.40244864
94	0.45453482
95	0.49657122
96	0.50382481
97	0.44428356
98	0.50926330
99	0.45858177
100	0.49980703
101	0.35170961
102	0.52904180
103	0.47019752
104	0.41561466
105	0.43741857
106	0.52083314
107	0.46600312
108	0.50853452
109	0.44506696
110	0.34475656
111	0.47707865
112	0.43973318
113	0.50057107
114	0.49962239
115	0.48509767
116	0.48635374
117	0.50063413
118	0.48365215
119	0.49567548
120	0.52091684
121	0.47418722
122	0.41772452
123	0.45809267
124	0.35089851
125	0.49578044
126	0.47411639
127	0.38521179
128	0.47645582
129	0.48867375
130	0.42473348
131	0.46651956
132	0.48048945
133	0.43997662
134	0.35863046
135	0.47250025
136	0.49772902
137	0.37527043
138	0.43310654
139	0.47264740
140	0.47173764
141	0.41403125
142	0.41294894
143	0.38286053
144	0.41964824
145	0.34739257
146	0.39352655
147	0.45855498
148	0.49780733
149	0.44799762
150	0.45580456
151	0.42664953
152	0.47438039
153	0.42054131
154	0.45350545
155	0.45389351
156	0.52148975
157	0.36888678
158	0.46686265
159	0.41976221
160	0.35022853
161	0.42866904
162	0.51969361
163	0.29098262
164	0.43585597
165	0.45062397
166	0.48168762
167	0.43178881
168	0.45559366
169	0.34024037
170	0.39798960
171	0.47814304
172	0.44193210
173	0.38774998
174	0.41991570
175	0.36940906
176	0.36734383
177	0.40142699
178	0.47319678
179	0.46260099
180	0.42621937
181	0.44266280
182	0.46025349
183	0.35692977
184	0.42115572
185	0.39856295
186	0.46574354
187	0.41128479
188	0.44685250
189	0.35084913
190	0.35937424
191	0.46682610
192	0.48886379
193	0.52182813
194	0.42625310
195	0.46953264
196	0.42442462
197	0.45705884
198	0.41035146
199	0.41307103
200	0.44852878
201	0.51474056
202	0.47105562
203	0.41127231
204	0.38067028
205	0.47842070
206	0.36052467
207	0.39311332
208	0.41383888
209	0.35945369
210	0.41652764
211	0.40035736
212	0.41647553
213	0.34586731
214	0.38494794
215	0.38453388
216	0.37059792
217	0.40631823
218	0.29805206
219	0.36585032
220	0.40689891
221	0.35501446
222	0.32816221
223	0.49768598
224	0.42613631
225	0.45178569
226	0.39633016
227	0.38631565
228	0.42208920
229	0.43687370
230	0.49551823
231	0.46486379
232	0.42918202
233	0.44327192
234	0.32207311
235	0.33721451
236	0.36906776
237	0.44072907
238	0.46017320
239	0.40807816
240	0.44141496
241	0.42372130
242	0.35631966
243	0.43855468
244	0.45926469
245	0.32618618
246	0.42223086
247	0.32928509
248	0.37726231
249	0.41182739
250	0.43013076
251	0.34972244
252	0.40355067
253	0.36367974
254	0.34064463
255	0.40297370
256	0.37731793
257	0.45381615
258	0.40442234
259	0.31942115
260	0.44988063
261	0.41411729
262	0.37274121
263	0.42554700
264	0.35252947
265	0.39096825
266	0.31135186
267	0.46506300
268	0.45459564
269	0.41726969
270	0.39976181
271	0.39992551
272	0.43610277
273	0.38100981
274	0.28659009
275	0.45532006
276	0.41499668
277	0.35594255
278	0.45401481
279	0.38278158
280	0.51763690
281	0.43341313
282	0.31357548
283	0.46123249
284	0.41322476
285	0.38382001
286	0.40638197
287	0.41640233
288	0.49925077
289	0.35023522
290	0.35298995
291	0.32682323
292	0.38257687
293	0.36070218
294	0.40905087
295	0.36105349
296	0.36839406
297	0.30831050
298	0.33662150
299	0.34490847
300	0.29347360
301	0.30737271
302	0.27609946
303	0.43563596
304	0.42185854
305	0.40770134
306	0.43419416
307	0.33551684
308	0.38172199
309	0.35602521
310	0.38924170
311	0.36258425
312	0.36788529
313	0.38455215
314	0.28839505
315	0.42868524
316	0.37719495
317	0.28171407
318	0.34034928
319	0.33414532
320	0.40753338
321	0.32838153
322	0.26575721
323	0.29904378
324	0.32241134
325	0.34316597
326	0.39343348
327	0.42401105
328	0.35691431
329	0.41608316
330	0.34284141
331	0.36004681
332	0.37464666
333	0.41299609
334	0.40621803
335	0.35870792
336	0.34662041
337	0.42583938
338	0.32946043
339	0.38922818
340	0.36259584
341	0.35234042
342	0.27908886
343	0.30170951
344	0.32393898
345	0.32641813
346	0.30796969
347	0.35860792
348	0.35076305
349	0.32594324
350	0.39691228
351	0.36360376
352	0.36561159
353	0.31550877
354	0.32133650
355	0.33255988
356	0.28593041
357	0.39851872
358	0.35800015
359	0.42572467
360	0.36140163
361	0.35587142
362	0.37272229
363	0.32066563
364	0.34549614
365	0.41688831
366	0.24563269
367	0.40688499
368	0.35643640
369	0.39222937
370	0.35538569
371	0.45361971
372	0.32733006
373	0.36408058
374	0.37037682
375	0.37969173
376	0.28279876
377	0.30355973
378	0.30678722
379	0.43452888
380	0.38320827
381	0.37756677
382	0.34302630
383	0.35221654
384	0.29293848
385	0.40668192
386	0.36445973
387	0.33655364
388	0.36132709
389	0.46433799
390	0.43334819
391	0.34385745
392	0.46202447
393	0.28994785
394	0.33938306
395	0.38276885
396	0.31512244
397	0.44705552
398	0.32089178
399	0.36653472
400	0.36250030
401	0.38454017
402	0.37521897
403	0.32450926
404	0.27737068
405	0.34898905
406	0.36372818
407	0.36113645
408	0.39219396
409	0.41432016
410	0.35722590
411	0.33075503
412	0.34558455
413	0.38986776
414	0.39854056
415	0.35771823
416	0.34716850
417	0.39723596
418	0.31211100
419	0.31132313
420	0.38662328
421	0.33547548
422	0.33350183
423	0.42352858
424	0.37273933
425	0.41887573
426	0.34597687
427	0.38515815
428	0.35285929
429	0.42417023
430	0.33597405
431	0.25666285
432	0.39651238
433	0.40709094
434	0.33824715
435	0.38642268
436	0.32377870
437	0.29859460
438	0.44688816
439	0.41797573
440	0.33902754
441	0.30891862
442	0.34481174
443	0.40080119
444	0.28049797
445	0.35749832
446	0.32916672
447	0.38347231
448	0.40372268
449	0.36031322
450	0.37416374
451	0.34185651
452	0.35311738
453	0.29716142
454	0.31307172
455	0.27847330
456	0.33640693
457	0.36192848
458	0.31080852
459	0.26971253
460	0.37450277
461	0.32399054
462	0.32626498
463	0.27211976
464	0.36166003
465	0.36241763
466	0.36612808
467	0.40021847
468	0.33404383
469	0.29773943
470	0.38644814
471	0.33987162
472	0.30031986
473	0.41172229
474	0.29847291
475	0.29873754
476	0.39704453
477	0.28764720
478	0.30506637
479	0.32123373
480	0.34295235
481	0.32065726
482	0.36614052
483	0.35428222
484	0.34429500
485	0.32392323
486	0.40266137
487	0.38324532
488	0.32015414
489	0.39103130
490	0.34952838
491	0.29477821
492	0.39050471
493	0.38182942
494	0.32459817
495	0.32779946
496	0.29563730
497	0.38958019
498	0.26216622
499	0.32427751
500	0.38696424
501	0.37254710
502	0.37549158
503	0.29310386
504	0.29440669
505	0.30745859
506	0.37220996
507	0.36839782
508	0.30762546
509	0.31760421
510	0.35032372
511	0.29812283
512	0.33115082
513	0.24449237
514	0.28988920
515	0.25652922
516	0.29569138
517	0.31102432
518	0.36967127
519	0.31339842
520	0.25604998
521	0.36087979
522	0.29845468
523	0.34586959
524	0.27259183
525	0.36047390
526	0.32863422
527	0.41310139
528	0.35671228
529	0.35472085
530	0.30885636
531	0.32023244
532	0.41287628
533	0.31299297
534	0.37540203
535	0.33329604
536	0.31554745
537	0.30028133
538	0.31054889
539	0.35757791
540	0.29092878
541	0.28331149
542	0.31951109
543	0.30585126
544	0.30010317
545	0.27867954
546	0.44118796
547	0.35421862
548	0.28455745
549	0.35282689
550	0.35123234
551	0.27906434
552	0.33871694
553	0.32958366
554	0.33484339
555	0.33988826
556	0.33966652
557	0.32354136
558	0.32587935
559	0.25513531
560	0.35806677
561	0.28341917
562	0.35386211
563	0.38472838
564	0.30451981
565	0.30401332
566	0.34099564
567	0.33362635
568	0.33006776
569	0.32879371
570	0.35257429
571	0.34793081
572	0.33803685
573	0.33398608
574	0.29845215
575	0.27324983
576	0.35651293
577	0.33680317
578	0.34854007
579	0.35149138
580	0.26928643
581	0.35524626
582	0.38144720
583	0.28915948
584	0.30534264
585	0.28980946
586	0.26142283
587	0.35642491
588	0.28804785
589	0.43828158
590	0.39356092
591	0.39184542
592	0.32531540
593	0.34444606
594	0.33967350
595	0.33525726
596	0.30334022
597	0.36019361
598	0.29308504
599	0.31475295
600	0.31398539
601	0.30972853
602	0.31268410
603	0.34009772
604	0.26797504
605	0.29198291
606	0.31685820
607	0.31450357
608	0.28419104
609	0.32345215
610	0.32144354
611	0.37407786
612	0.23233497
613	0.33237687
614	0.31291654
615	0.27924482
616	0.33159505
617	0.31104408
618	0.34318034
619	0.29399104
620	0.30888980
621	0.20721263
622	0.31076399
623	0.30765934
624	0.34769663
625	0.33459529
626	0.28753051
627	0.27590183
628	0.35883304
629	0.33205617
630	0.30787137
631	0.24408400
632	0.32117865
633	0.40481109
634	0.33899534
635	0.31530619
636	0.28762268
637	0.34016944
638	0.34908801
639	0.27968782
640	0.29122516
641	0.35114180
642	0.33192977
643	0.31097068
644	0.29944725
645	0.35669366
646	0.31841070
647	0.32055339
648	0.34558925
649	0.28749351
650	0.29406102
651	0.29913318
652	0.25840961
653	0.27406483
654	0.31283972
655	0.30928643
656	0.30053284
657	0.30316612
658	0.32307741
659	0.27797296
660	0.31779832
661	0.34593403
662	0.34279074
663	0.29235047
664	0.27660312
665	0.29995656
666	0.32739341
667	0.30314859
668	0.30192026
669	0.32805973
670	0.28837746
671	0.26010282
672	0.31339990
673	0.33634730
674	0.36015423
675	0.25191109
676	0.31129307
677	0.26268118
678	0.31337112
679	0.27192957
680	0.30530436
681	0.28529445
682	0.32288583
683	0.28213200
684	0.26697598
685	0.37786622
686	0.27704284
687	0.31904106
688	0.26845770
689	0.30123943
690	0.26017142
691	0.34390837
692	0.30240827
693	0.26040584
694	0.34271308
695	0.28836469
696	0.22480272
697	0.25114076
698	0.27166419
699	0.34837415
700	0.35019371
701	0.26169856
702	0.23752100
703	0.34847122
704	0.31274413
705	0.25976097
706	0.29325007
707	0.29203992
708	0.31849817
709	0.32087182
710	0.27336716
711	0.32608356
712	0.30274438
713	0.31616672
714	0.27546137
715	0.27730253
716	0.29413482
717	0.23073190
718	0.24710911
719	0.30695399
720	0.28256622
721	0.26270797
722	0.28301813
723	0.25929777
724	0.31701035
725	0.25965280
726	0.23979331
727	0.34985240
728	0.31373566
729	0.24442239
730	0.33666830
731	0.30729931
732	0.31601575
733	0.32087038
734	0.26459331
735	0.28347152
736	0.25170510
737	0.31945270
738	0.24104111
739	0.27643502
740	0.28672982
741	0.27196414
742	0.31124527
743	0.29672739
744	0.39482343
745	0.28753091
746	0.31971392
747	0.26455176
748	0.34892199
749	0.23018237
750	0.26612561
751	0.29270639
752	0.29180976
753	0.33381669
754	0.29267558
755	0.25764443
756	0.33353056
757	0.34814527
758	0.36558375
759	0.30756300
760	0.26689579
761	0.33324700
762	0.37243482
763	0.26772883
764	0.34977211
765	0.28087890
766	0.24043051
767	0.25047251
768	0.30761402
769	0.23905399
770	0.24206038
771	0.28022372
772	0.30989985
773	0.32842481
774	0.28554373
775	0.33014586
776	0.26665092
777	0.31899846
778	0.29351085
779	0.29126102
780	0.25422749
781	0.28146270
782	0.28380788
783	0.27428772
784	0.27196513
785	0.30438326
786	0.34737390
787	0.29911729
788	0.25679837
789	0.26425676
790	0.30766483
791	0.23033799
792	0.23589584
793	0.33572714
794	0.25460862
795	0.28557771
796	0.25979232
797	0.32174413
798	0.26189262
799	0.35826766
800	0.28410347
801	0.27428663
802	0.33690198
803	0.29580045
804	0.28018895
805	0.30393175
806	0.24359985
807	0.27041630
808	0.27212734
809	0.26715354
810	0.34195869
811	0.33879074
812	0.32725077
813	0.29786092
814	0.32918752
815	0.34925854
816	0.27536786
817	0.23170857
818	0.26520941
819	0.25339658
820	0.31632363
821	0.24027256
822	0.34342194
823	0.31464517
824	0.28554393
825	0.27032521
826	0.25990109
827	0.30272204
828	0.25198930
829	0.31752590
830	0.32064685
831	0.28369069
832	0.27594601
833	0.26411357
834	0.26384755
835	0.26129178
836	0.26801630
837	0.24345929
838	0.27668128
839	0.33725691
840	0.30615488
841	0.30503497
842	0.27741407
843	0.29422358
844	0.19356350
845	0.28653343
846	0.31959797
847	0.34758039
848	0.22185745
849	0.33990099
850	0.28717727
851	0.42587623
852	0.36444626
853	0.34940515
854	0.32910882
855	0.27288158
856	0.29886781
857	0.27913462
858	0.26795671
859	0.29031337
860	0.25679208
861	0.26245334
862	0.35377261
863	0.28957484
864	0.30191050
865	0.29877434
866	0.31029663
867	0.29027380
868	0.26278301
869	0.20805404
870	0.28937652
871	0.29608202
872	0.24063739
873	0.30082541
874	0.28778668
875	0.26350832
876	0.30098787
877	0.29018296
878	0.26580505
879	0.30198128
880	0.28025062
881	0.37374393
882	0.23986369
883	0.27295295
884	0.22883794
885	0.27954889
886	0.26683487
887	0.30721352
888	0.28817420
889	0.22578331
890	0.24117132
891	0.30912828
892	0.27643725
893	0.22843546
894	0.27601872
895	0.21567841
896	0.27450872
897	0.29135944
898	0.35392962
899	0.27948296
900	0.29656464
901	0.30947236
902	0.29690099
903	0.27496166
904	0.30318836
905	0.33257147
906	0.29262655
907	0.24526295
908	0.31095404
909	0.27592110
910	0.28379980
911	0.29719713
912	0.30307697
913	0.24210604
914	0.25692432
915	0.34129970
916	0.26982536
917	0.29674205
918	0.30486592
919	0.26977543
920	0.26528712
921	0.30369539
922	0.27650119
923	0.23166602
924	0.31247162
925	0.25103873
926	0.29863358
927	0.25041833
928	0.26647271
929	0.29288767
930	0.27114463
931	0.32531942
932	0.26691471
933	0.25059846
934	0.24122244
935	0.27526835
936	0.29521184
937	0.26138608
938	0.28237484
939	0.31151268
940	0.26541600
941	0.34451248
942	0.23923918
943	0.21752724
944	0.28774091
945	0.27064101
946	0.30547454
947	0.31147122
948	0.25171268
949	0.29019198
950	0.28784923
951	0.26882580
952	0.26289361
953	0.25914121
954	0.29807147
955	0.26832724
956	0.23178286
957	0.29290589
958	0.28124339
959	0.29786924
960	0.24770892
961	0.29249569
962	0.25314190
963	0.27421471
964	0.27401976
965	0.33684908
966	0.27622749
967	0.26514329
968	0.26122992
969	0.26990173
970	0.29411159
971	0.30254022
972	0.21942333
973	0.24054824
974	0.23571545
975	0.28411684
976	0.25992798
977	0.25858633
978	0.26113601
979	0.24715414
980	0.28462576
981	0.32060267
982	0.26764819
983	0.32026959
984	0.25243853
985	0.27747068
986	0.23177533
987	0.26418702
988	0.26725929
989	0.31075998
990	0.28376112
991	0.29754720
992	0.21952917
993	0.26503180
994	0.25516478
995	0.29915582
996	0.30438613
997	0.24134185
998	0.22652987
999	0.25449232
1000	0.27004458
1001	0.24689123
1002	0.29654730
1003	0.27440050
1004	0.24465542
1005	0.28685111
1006	0.31525825
1007	0.25325632
1008	0.26725602
1009	0.28636191
1010	0.27751327
1011	0.27728068
1012	0.25862571
1013	0.31532868
1014	0.33522734
1015	0.29087028
1016	0.26257855
1017	0.22862298
1018	0.24435057
1019	0.23417910
1020	0.20848687
1021	0.30366355
1022	0.30668479
1023	0.24196706
1024	0.27878990
1025	0.27180639
1026	0.26366469
1027	0.27618133
1028	0.28529822
1029	0.28731372
1030	0.22647979
1031	0.31474676
1032	0.28015483
1033	0.26417434
1034	0.27000644
1035	0.31990391
1036	0.23139232
1037	0.24852833
1038	0.25803046
1039	0.24997905
1040	0.25476890
1041	0.28062308
1042	0.27377717
1043	0.32937296
1044	0.27742972
1045	0.24053769
1046	0.26757246
1047	0.23278628
1048	0.30486612
1049	0.26154403
1050	0.28640495
1051	0.27780337
1052	0.28871045
1053	0.26730485
1054	0.27355869
1055	0.24840946
1056	0.26330565
1057	0.21501798
1058	0.27870079
1059	0.28691020
1060	0.31684572
1061	0.26532288
1062	0.27042902
1063	0.26486122
1064	0.28811857
1065	0.26577098
1066	0.31204760
1067	0.26052759
1068	0.27134740
1069	0.23996122
1070	0.24605681
1071	0.29237028
1072	0.20244378
1073	0.24368534
1074	0.29067261
1075	0.24638172
1076	0.27740446
1077	0.28453284
1078	0.29746166
1079	0.31192254
1080	0.28255067
1081	0.25965136
1082	0.22254517
1083	0.26806761
1084	0.27925463
1085	0.33844958
1086	0.29684943
1087	0.27946543
1088	0.28005676
1089	0.23009123
1090	0.35447167
1091	0.22234170
1092	0.24758930
1093	0.24705250
1094	0.24037925
1095	0.22748499
1096	0.21613210
1097	0.27152645
1098	0.28458172
1099	0.28220550
1100	0.23133442
1101	0.25677107
1102	0.23642055
1103	0.31517781
1104	0.24977573
1105	0.25942585
1106	0.29257632
1107	0.25386686
1108	0.31081545
1109	0.25887271
1110	0.25961758
1111	0.23220069
1112	0.29835240
1113	0.26384111
1114	0.25882194
1115	0.26278499
1116	0.29332541
1117	0.26794408
1118	0.25602268
1119	0.25900500
1120	0.28451060
1121	0.30502680
1122	0.23769321
1123	0.29708549
1124	0.27285983
1125	0.25249287
1126	0.22619970
1127	0.24404834
1128	0.25384408
1129	0.26445087
1130	0.23587360
1131	0.24068207
1132	0.28359430
1133	0.22691793
1134	0.25605889
1135	0.30197845
1136	0.30261233
1137	0.25330302
1138	0.25831521
1139	0.23809733
1140	0.31190495
1141	0.26729688
1142	0.33836597
1143	0.21448539
1144	0.27398995
1145	0.32051407
1146	0.24092283
1147	0.22932734
1148	0.25503938
1149	0.21437345
1150	0.26873680
1151	0.25486137
1152	0.21090797
1153	0.25187023
1154	0.28731268
1155	0.30919950
1156	0.31236132
1157	0.24768227
1158	0.25573779
1159	0.24453422
1160	0.23638172
1161	0.24095087
1162	0.25753526
1163	0.26567355
1164	0.20960594
1165	0.23750510
1166	0.25705305
1167	0.21385364
1168	0.26533502
1169	0.20400248
1170	0.23617464
1171	0.24536003
1172	0.27050951
1173	0.21869168
1174	0.23546384
1175	0.27235542
1176	0.28213824
1177	0.26166964
1178	0.24952912
1179	0.28600540
1180	0.23336315
1181	0.29997533
1182	0.23306196
1183	0.30718182
1184	0.24227147
1185	0.25919173
1186	0.26465329
1187	0.23983373
1188	0.28398633
1189	0.28749000
1190	0.24009356
1191	0.27094165
1192	0.24096756
1193	0.23275988
1194	0.28247618
1195	0.23551194
1196	0.22690639
1197	0.28633457
1198	0.27569009
1199	0.24108618
1200	0.26249876
1201	0.26425196
1202	0.28573522
1203	0.31457628
1204	0.21943125
1205	0.24348321
1206	0.29849881
1207	0.23828702
1208	0.23979227
1209	0.27626038
1210	0.26509663
1211	0.30471580
1212	0.28389653
1213	0.29594408
1214	0.20493705
1215	0.24883531
1216	0.24922977
1217	0.31439401
1218	0.31345731
1219	0.23721570
1220	0.24797553
1221	0.27449381
1222	0.27543284
1223	0.24229837
1224	0.23332997
1225	0.23906974
1226	0.26513145
1227	0.21815805
1228	0.22697434
1229	0.23288881
1230	0.23224537
1231	0.24992893
1232	0.24241976
1233	0.31528613
1234	0.28348752
1235	0.23477608
1236	0.27105532
1237	0.23570758
1238	0.25996939
1239	0.25954418
1240	0.24651803
1241	0.24275552
1242	0.27341055
1243	0.24623744
1244	0.32126578
1245	0.23433739
1246	0.26014354
1247	0.28973754
1248	0.26840986
1249	0.18751496
1250	0.22720129
1251	0.25056132
1252	0.24214482
1253	0.21526627
1254	0.26305057
1255	0.26303586
1256	0.22833843
1257	0.22741625
1258	0.23491758
1259	0.22082729
1260	0.24309619
1261	0.28290258
1262	0.25503531
1263	0.24640837
1264	0.24521189
1265	0.23204651
1266	0.19167583
1267	0.23153908
1268	0.28205121
1269	0.26569901
1270	0.20384047
1271	0.24304908
1272	0.26782789
1273	0.24643046
1274	0.24393115
1275	0.25154988
1276	0.29016474
1277	0.28018569
1278	0.25467157
1279	0.29087538
1280	0.28464448
1281	0.23269916
1282	0.22342254
1283	0.26639237
1284	0.25167479
1285	0.28537088
1286	0.20202665
1287	0.22507429
1288	0.23603403
1289	0.26724750
1290	0.25831149
1291	0.28328687
1292	0.21466538
1293	0.24668435
1294	0.30298990
1295	0.27618207
1296	0.23161189
1297	0.28232407
1298	0.24642774
1299	0.24386325
1300	0.25180149
1301	0.22285453
1302	0.24932467
1303	0.26888138
1304	0.27450381
1305	0.22902714
1306	0.26448415
1307	0.28660490
1308	0.27922219
1309	0.21037623
1310	0.27518866
1311	0.26572848
1312	0.26815280
1313	0.27046786
1314	0.26329931
1315	0.24851436
1316	0.28331000
1317	0.23096374
1318	0.27003086
1319	0.25676582
1320	0.22789990
1321	0.30628643
1322	0.25741555
1323	0.26987732
1324	0.23196157
1325	0.25587801
1326	0.26452303
1327	0.26334908
1328	0.24484101
1329	0.26074111
1330	0.27087439
1331	0.26830505
1332	0.29355691
1333	0.19443269
1334	0.26169282
1335	0.25952546
1336	0.20712630
1337	0.24116013
1338	0.21594364
1339	0.27524255
1340	0.26528673
1341	0.25181169
1342	0.26526201
1343	0.24145577
1344	0.24968737
1345	0.22156469
1346	0.24780059
1347	0.21528435
1348	0.28114601
1349	0.25414928
1350	0.24216597
1351	0.27308143
1352	0.26966374
1353	0.25216736
1354	0.25922833
1355	0.23833041
1356	0.22727266
1357	0.22954690
1358	0.24993190
1359	0.26531625
1360	0.29709113
1361	0.28067850
1362	0.26002615
1363	0.29464963
1364	0.28890986
1365	0.22231050
1366	0.22425201
1367	0.26750059
1368	0.21108460
1369	0.22361213
1370	0.26077642
1371	0.19635557
1372	0.22159346
1373	0.25801199
1374	0.29671139
1375	0.28913422
1376	0.22057311
1377	0.23334507
1378	0.27939737
1379	0.27908499
1380	0.24156761
1381	0.23748237
1382	0.28668905
1383	0.27199257
1384	0.24034195
1385	0.24857737
1386	0.24921273
1387	0.23202655
1388	0.24164458
1389	0.20082670
1390	0.30995116
1391	0.25984284
1392	0.23822353
1393	0.26148702
1394	0.25218009
1395	0.29542605
1396	0.27321917
1397	0.23997449
1398	0.25354453
1399	0.28441194
1400	0.25645592
1401	0.26969643
1402	0.22462694
1403	0.28668460
1404	0.20089336
1405	0.23983383
1406	0.26468361
1407	0.30691322
1408	0.22122615
1409	0.17539346
1410	0.25381421
1411	0.18189574
1412	0.24235582
1413	0.21407717
1414	0.21067915
1415	0.24384027
1416	0.20915468
1417	0.25746493
1418	0.29698524
1419	0.28451793
1420	0.25412353
1421	0.23218177
1422	0.24024537
1423	0.22301342
1424	0.21477989
1425	0.26884200
1426	0.26580089
1427	0.21735453
1428	0.24816587
1429	0.23715815
1430	0.25348177
1431	0.22535498
1432	0.20583210
1433	0.25412615
1434	0.23765419
1435	0.21440723
1436	0.25384928
1437	0.21803626
1438	0.22112278
1439	0.24458474
1440	0.25959529
1441	0.23414819
1442	0.25985181
1443	0.24703700
1444	0.23812878
1445	0.25960168
1446	0.23411857
1447	0.25545191
1448	0.18683730
1449	0.23355706
1450	0.23513997
1451	0.22969168
1452	0.23647880
1453	0.22659004
1454	0.28204789
1455	0.20498103
1456	0.25488311
1457	0.21144349
1458	0.25934933
1459	0.24632818
1460	0.26808524
1461	0.25410475
1462	0.24771367
1463	0.28625280
1464	0.26028202
1465	0.24938192
1466	0.22857276
1467	0.18634151
1468	0.21733893
1469	0.30191090
1470	0.20682689
1471	0.19609089
1472	0.23606246
1473	0.24081426
1474	0.20393621
1475	0.25441293
1476	0.26299168
1477	0.21537514
1478	0.23326211
1479	0.24813561
1480	0.20703180
1481	0.21643061
1482	0.18203224
1483	0.24616929
1484	0.23860144
1485	0.18072219
1486	0.22144344
1487	0.22218593
1488	0.25302288
1489	0.25547949
1490	0.24316181
1491	0.27628846
1492	0.23383551
1493	0.22504854
1494	0.27581481
1495	0.29105825
1496	0.27129534
1497	0.24921218
1498	0.23413863
1499	0.23341758
1500	0.22420059
1501	0.24351446
1502	0.24747603
1503	0.24291412
1504	0.20186672
1505	0.19764681
1506	0.24412902
1507	0.24581095
1508	0.22844973
1509	0.21164973
1510	0.23256107
1511	0.28729480
1512	0.18067959
1513	0.21526053
1514	0.22164933
1515	0.24956345
1516	0.27515052
1517	0.24891119
1518	0.23087271
1519	0.23345899
1520	0.21740510
1521	0.26089713
1522	0.21782377
1523	0.25573363
1524	0.21496682
1525	0.27872873
1526	0.21543076
1527	0.24349737
1528	0.22122189
1529	0.18686355
1530	0.25070545
1531	0.25617385
1532	0.27159143
1533	0.22505542
1534	0.26639911
1535	0.21397816
1536	0.23008380
1537	0.21504225
1538	0.26214344
1539	0.22683725
1540	0.25313561
1541	0.26460822
1542	0.25291719
1543	0.27935939
1544	0.20251100
1545	0.22181768
1546	0.29201590
1547	0.21651397
1548	0.25231709
1549	0.24614076
1550	0.24628613
1551	0.26851387
1552	0.21173076
1553	0.23584428
1554	0.26357647
1555	0.26961828
1556	0.24663150
1557	0.21468772
1558	0.22519336
1559	0.22231758
1560	0.23255968
1561	0.19999728
1562	0.27183531
1563	0.20935562
1564	0.26270649
1565	0.23809163
1566	0.25872684
1567	0.20399069
1568	0.26564007
1569	0.25168301
1570	0.23617732
1571	0.28295002
1572	0.20711075
1573	0.23346171
1574	0.21775701
1575	0.26053957
1576	0.23459876
1577	0.25254274
1578	0.20897974
1579	0.24845404
1580	0.22213616
1581	0.27952323
1582	0.19803680
1583	0.24402422
1584	0.20417667
1585	0.27883140
1586	0.21372377
1587	0.25735726
1588	0.25818920
1589	0.26852481
1590	0.23303309
1591	0.27005745
1592	0.23402600
1593	0.25140733
1594	0.29874502
1595	0.18766147
1596	0.25947489
1597	0.23326360
1598	0.25186607
1599	0.16286815
1600	0.24175151
1601	0.22205934
1602	0.22718687
1603	0.23807078
1604	0.21843170
1605	0.17553972
1606	0.22244700
1607	0.25279108
1608	0.22952739
1609	0.21924403
1610	0.24346181
1611	0.23181327
1612	0.23548351
1613	0.23675889
1614	0.25633526
1615	0.26530208
1616	0.22959475
1617	0.19760441
1618	0.23334160
1619	0.23784126
1620	0.23115854
1621	0.22241600
1622	0.22412159
1623	0.25299113
1624	0.23276726
1625	0.24419564
1626	0.21255240
1627	0.27126057
1628	0.24951699
1629	0.24127355
1630	0.24131065
1631	0.25024463
1632	0.23637444
1633	0.21127058
1634	0.21170109
1635	0.23790515
1636	0.21606875
1637	0.24918192
1638	0.26172729
1639	0.22653531
1640	0.22778539
1641	0.24091927
1642	0.24107197
1643	0.22547870
1644	0.24522803
1645	0.28870466
1646	0.19140664
1647	0.21574710
1648	0.25691966
1649	0.22672075
1650	0.22249901
1651	0.21800178
1652	0.24524943
1653	0.22569708
1654	0.24944908
1655	0.23336246
1656	0.25198425
1657	0.29753482
1658	0.23923001
1659	0.24311159
1660	0.23244220
1661	0.27167330
1662	0.22414487
1663	0.22195508
1664	0.20545805
1665	0.18140337
1666	0.16756647
1667	0.21563898
1668	0.22492115
1669	0.20082120
1670	0.23107241
1671	0.25147157
1672	0.22452259
1673	0.25223066
1674	0.19265914
1675	0.20427632
1676	0.19927088
1677	0.20996909
1678	0.24358851
1679	0.22188772
1680	0.22765884
1681	0.22658217
1682	0.21719366
1683	0.20317023
1684	0.21756924
1685	0.22918172
1686	0.20156895
1687	0.22983715
1688	0.20498167
1689	0.24890436
1690	0.23072184
1691	0.26930703
1692	0.18648826
1693	0.18316622
1694	0.17065587
1695	0.22476538
1696	0.18585211
1697	0.19217182
1698	0.22750575
1699	0.17701788
1700	0.23381937
1701	0.15747395
1702	0.25153799
1703	0.24136478
1704	0.24504378
1705	0.20096300
1706	0.23374433
1707	0.26200976
1708	0.24195755
1709	0.19631362
1710	0.24029153
1711	0.23074136
1712	0.25269931
1713	0.22519856
1714	0.18881174
1715	0.21378177
1716	0.24751838
1717	0.23618083
1718	0.22070822
1719	0.22778499
1720	0.22643621
1721	0.21772655
1722	0.24018262
1723	0.19671857
1724	0.25127603
1725	0.22489411
1726	0.25864547
1727	0.22707147
1728	0.19485934
1729	0.22569599
1730	0.20996880
1731	0.19374894
1732	0.23217306
1733	0.23315404
1734	0.22504180
1735	0.23476365
1736	0.21571704
1737	0.19965102
1738	0.21703744
1739	0.22258910
1740	0.21233526
1741	0.18083635
1742	0.21285171
1743	0.23150149
1744	0.25248098
1745	0.22108534
1746	0.22071689
1747	0.18492189
1748	0.26820624
1749	0.21873309
1750	0.24528286
1751	0.25878197
1752	0.22569153
1753	0.22317514
1754	0.20398841
1755	0.22358539
1756	0.21504453
1757	0.25093640
1758	0.21522615
1759	0.24001308
1760	0.24588603
1761	0.27684463
1762	0.23653432
1763	0.22679341
1764	0.25338172
1765	0.23588430
1766	0.21717940
1767	0.22244061
1768	0.22598291
1769	0.21125835
1770	0.26531808
1771	0.20595225
1772	0.17644725
1773	0.23388440
1774	0.21945379
1775	0.21042957
1776	0.21950748
1777	0.24769817
1778	0.18733502
1779	0.26997949
1780	0.23747464
1781	0.23974958
1782	0.20983061
1783	0.23828242
1784	0.20604993
1785	0.19278252
1786	0.22508306
1787	0.20802992
1788	0.21127603
1789	0.25816444
1790	0.23135537
1791	0.22136964
1792	0.24398504
1793	0.18337628
1794	0.23999812
1795	0.18968569
1796	0.20485136
1797	0.25769980
1798	0.19154740
1799	0.20088435
1800	0.21946077
1801	0.25703551
1802	0.22508692
1803	0.20475780
1804	0.21857028
1805	0.22152209
1806	0.22741129
1807	0.20722412
1808	0.22960471
1809	0.23472065
1810	0.24889832
1811	0.23793388
1812	0.22650154
1813	0.21394200
1814	0.25911278
1815	0.17032605
1816	0.21734606
1817	0.24184720
1818	0.19847281
1819	0.19769188
1820	0.22699321
1821	0.21800416
1822	0.19196657
1823	0.20477573
1824	0.20061634
1825	0.17451828
1826	0.18728836
1827	0.22484651
1828	0.19652194
1829	0.21189321
1830	0.21183566
1831	0.25868851
1832	0.21379876
1833	0.24344685
1834	0.18954180
1835	0.25642115
1836	0.22361907
1837	0.24342784
1838	0.22923982
1839	0.23508158
1840	0.17886152
1841	0.20815017
1842	0.22686057
1843	0.22401942
1844	0.24135552
1845	0.22901005
1846	0.18382452
1847	0.18767776
1848	0.23990728
1849	0.20621961
1850	0.23662897
1851	0.20850208
1852	0.18835324
1853	0.23793343
1854	0.19476043
1855	0.26049827
1856	0.23836028
1857	0.24065592
1858	0.22064859
1859	0.20004953
1860	0.21857811
1861	0.24075750
1862	0.21402006
1863	0.18216216
1864	0.22422536
1865	0.24415290
1866	0.22844101
1867	0.21571010
1868	0.24455037
1869	0.27363665
1870	0.21798673
1871	0.19634146
1872	0.20340520
1873	0.21007821
1874	0.18337464
1875	0.22728742
1876	0.25094710
1877	0.25002704
1878	0.20114780
1879	0.25324918
1880	0.22353650
1881	0.19621387
1882	0.21300565
1883	0.21169039
1884	0.22026850
1885	0.23773427
1886	0.24227756
1887	0.24178133
1888	0.25171922
1889	0.22426850
1890	0.20969594
1891	0.21260238
1892	0.21767226
1893	0.24346082
1894	0.16701382
1895	0.16360753
1896	0.26466810
1897	0.18328787
1898	0.24106157
1899	0.23288494
1900	0.21966251
1901	0.22168648
1902	0.21279614
1903	0.22467266
1904	0.20471788
1905	0.21192937
1906	0.23860045
1907	0.25827841
1908	0.17711233
1909	0.20220570
1910	0.25967915
1911	0.20839495
1912	0.19949346
1913	0.22266573
1914	0.22433898
1915	0.22886261
1916	0.20981550
1917	0.22751347
1918	0.21889336
1919	0.22078019
1920	0.19930233
1921	0.22050376
1922	0.18731129
1923	0.21043427
1924	0.22182759
1925	0.22887415
1926	0.19610951
1927	0.20536939
1928	0.21060792
1929	0.21110005
1930	0.20895002
1931	0.21794151
1932	0.27239648
1933	0.20278519
1934	0.22010139
1935	0.17584804
1936	0.18164284
1937	0.21958583
1938	0.26300817
1939	0.22816434
1940	0.19970243
1941	0.17735879
1942	0.25805810
1943	0.21450208
1944	0.21611550
1945	0.25999316
1946	0.24065344
1947	0.23110515
1948	0.18652194
1949	0.24018410
1950	0.21860961
1951	0.21145443
1952	0.20780565
1953	0.23725592
1954	0.23075716
1955	0.18019104
1956	0.24364631
1957	0.19827533
1958	0.22499416
1959	0.23164502
1960	0.22128732
1961	0.17139936
1962	0.21915349
1963	0.21997568
1964	0.22030025
1965	0.19648707
1966	0.18932793
1967	0.25040946
1968	0.25416072
1969	0.21687989
1970	0.21670713
1971	0.23508574
1972	0.21847994
1973	0.20602184
1974	0.22936057
1975	0.20749108
1976	0.22331055
1977	0.18604517
1978	0.19349455
1979	0.21806954
1980	0.17220896
1981	0.19172576
1982	0.21863997
1983	0.18389901
1984	0.23502164
1985	0.19477880
1986	0.24285280
1987	0.25393928
1988	0.22850728
1989	0.23653274
1990	0.19342556
1991	0.21195953
1992	0.22464844
1993	0.23030337
1994	0.16479946
1995	0.22323363
1996	0.19506880
1997	0.22602759
1998	0.20399312
1999	0.20979198
2000	0.20189416
2001	0.23112353
2002	0.19000802
2003	0.22536949
2004	0.17783789
2005	0.19342982
2006	0.21639084
2007	0.23693769
2008	0.24047088
2009	0.18722590
2010	0.22096424
2011	0.15787286
2012	0.19837365
2013	0.19064542
2014	0.25476711
2015	0.18657989
2016	0.25627241
2017	0.21974616
2018	0.20601719
