0	0.56771534
1	0.50048640
2	0.53346150
3	0.56107449
4	0.56632115
5	0.54422110
6	0.56747777
7	0.56637483
8	0.56767931
9	0.56736159
10	0.56788125
11	0.56122887
12	0.56740585
13	0.56501693
14	0.56765857
15	0.55082685
16	0.56728117
17	0.56791161
18	0.56746420
19	0.56790950
20	0.56757828
21	0.56771152
22	0.56772535
23	0.56777587
24	0.56758901
25	0.56733577
26	0.56760904
27	0.56743476
28	0.56729908
29	0.56771514
30	0.56728334
31	0.56736356
32	0.56727215
33	0.56621728
34	0.56766107
35	0.56702187
36	0.56652987
37	0.56745558
38	0.56746190
39	0.56785154
40	0.56774201
41	0.56694303
42	0.56636152
43	0.56750899
44	0.56360910
45	0.56573049
46	0.56714780
47	0.56582856
48	0.56688006
49	0.56708602
50	0.56609860
51	0.56732135
52	0.56713364
53	0.56474695
54	0.56137423
55	0.55995725
56	0.56200738
57	0.55176902
58	0.56554792
59	0.51911328
60	0.56427768
61	0.56165626
62	0.56647474
63	0.56704749
64	0.55826569
65	0.56194909
66	0.56253678
67	0.55619206
68	0.56559395
69	0.54949615
70	0.56316966
71	0.55974452
72	0.56581380
73	0.54582131
74	0.56608391
75	0.56697313
76	0.56665889
77	0.56469466
78	0.56608279
79	0.56191708
80	0.55075986
81	0.56122841
82	0.55793078
83	0.56327893
84	0.55940447
85	0.55528835
86	0.56548969
87	0.56100382
88	0.56403366
89	0.56588066
90	0.55461905
91	0.56587117
92	0.56021623
93	0.56404696
94	0.54305934
95	0.55160429
96	0.54910196
97	0.53863459
98	0.56190226
99	0.54928058
100	0.56160383
101	0.53026543
102	0.56367668
103	0.56380333
104	0.55954482
105	0.55048548
106	0.55172331
107	0.56224745
108	0.55125489
109	0.54916163
110	0.55712705
111	0.54484858
112	0.56321774
113	0.55103089
114	0.54575611
115	0.52875459
116	0.56297886
117	0.55536396
118	0.55748561
119	0.56339709
120	0.54599460
121	0.55369532
122	0.56316407
123	0.51911901
124	0.53991385
125	0.52396134
126	0.55481097
127	0.54877936
128	0.52341342
129	0.55255845
130	0.55032247
131	0.49001726
132	0.55667259
133	0.53410103
134	0.56070651
135	0.56030001
136	0.54790885
137	0.51756879
138	0.55028525
139	0.54736284
140	0.56039841
141	0.54865797
142	0.53532780
143	0.54741724
144	0.51024060
145	0.54652974
146	0.49179220
147	0.56016235
148	0.56387433
149	0.54914292
150	0.56051913
151	0.52254403
152	0.53031562
153	0.55343628
154	0.53100580
155	0.51838444
156	0.54556833
157	0.54373813
158	0.54907087
159	0.54169262
160	0.54981604
161	0.50079016
162	0.53893005
163	0.55121708
164	0.54260396
165	0.55372719
166	0.51190226
167	0.51979543
168	0.52333426
169	0.54839307
170	0.53117697
171	0.54635454
172	0.53517908
173	0.50516005
174	0.52156372
175	0.53577765
176	0.53259922
177	0.53367826
178	0.53050115
179	0.54069407
180	0.52360811
181	0.53635217
182	0.49780043
183	0.54393822
184	0.51732773
185	0.53438214
186	0.55834677
187	0.53345867
188	0.50984496
189	0.52418310
190	0.50371060
191	0.55199987
192	0.53388849
193	0.52007396
194	0.53945656
195	0.53913054
196	0.53381618
197	0.50027643
198	0.51833136
199	0.51371264
200	0.55075611
201	0.52368847
202	0.50391872
203	0.53543219
204	0.51907331
205	0.53071732
206	0.55806119
207	0.54812310
208	0.50073095
209	0.52374577
210	0.53763136
211	0.52116986
212	0.51320161
213	0.54016005
214	0.52135632
215	0.51359639
216	0.54030962
217	0.53429500
218	0.54805012
219	0.48623941
220	0.53081756
221	0.52387078
222	0.55622479
223	0.51237252
224	0.50267720
225	0.52888652
226	0.52968787
227	0.51609649
228	0.54009188
229	0.52946513
230	0.51779839
231	0.55821168
232	0.50367648
233	0.50590417
234	0.53749490
235	0.51291326
236	0.54914273
237	0.52328670
238	0.52984759
239	0.48286643
240	0.49268801
241	0.48932444
242	0.51313199
243	0.53939926
244	0.51299355
245	0.54290219
246	0.51603655
247	0.52348561
248	0.55192630
249	0.52984996
250	0.53173615
251	0.48886722
252	0.47843641
253	0.52998558
254	0.53239044
255	0.50967529
256	0.50099124
257	0.51942772
258	0.49263031
259	0.55624442
260	0.54708852
261	0.48062096
262	0.47504795
263	0.53886630
264	0.49860831
265	0.49914813
266	0.47476836
267	0.49181762
268	0.50545926
269	0.48363459
270	0.48187269
271	0.55007699
272	0.50180801
273	0.48299177
274	0.51323790
275	0.53016795
276	0.46292175
277	0.49084581
278	0.51629243
279	0.50612738
280	0.48890924
281	0.45988757
282	0.52540572
283	0.50830007
284	0.47011546
285	0.47934288
286	0.50294356
287	0.51246203
288	0.48820898
289	0.48696911
290	0.48926431
291	0.48715280
292	0.46399704
293	0.50087723
294	0.52522281
295	0.49733360
296	0.48032273
297	0.51074010
298	0.50447968
299	0.52797313
300	0.44508615
301	0.53387308
302	0.47624435
303	0.51978311
304	0.49468768
305	0.48497919
306	0.46431555
307	0.50839959
308	0.52065725
309	0.44436403
310	0.50079655
311	0.47816578
312	0.52911724
313	0.44338668
314	0.54399677
315	0.49221781
316	0.54153349
317	0.49323724
318	0.52410604
319	0.49535336
320	0.49239156
321	0.47567615
322	0.51354205
323	0.48985036
324	0.52423770
325	0.49936679
326	0.55066700
327	0.44375789
328	0.50425298
329	0.50596555
330	0.49179760
331	0.50094896
332	0.48083435
333	0.51956820
334	0.49706527
335	0.51421577
336	0.43229375
337	0.51853336
338	0.49354047
339	0.52431983
340	0.53099829
341	0.44001627
342	0.46749160
343	0.51342152
344	0.51378239
345	0.47117091
346	0.49076619
347	0.49647500
348	0.52731937
349	0.48154871
350	0.41307238
351	0.43162142
352	0.49022841
353	0.49226062
354	0.50255127
355	0.51145004
356	0.48586524
357	0.48362814
358	0.47910150
359	0.53602127
360	0.46342758
361	0.46871079
362	0.44479675
363	0.48284937
364	0.50065817
365	0.53492123
366	0.50224178
367	0.44704130
368	0.47116176
369	0.45764888
370	0.49361075
371	0.42632141
372	0.46599427
373	0.46291056
374	0.50887255
375	0.48609168
376	0.50160219
377	0.46985227
378	0.46614477
379	0.47421043
380	0.43283435
381	0.46624112
382	0.46816472
383	0.50683146
384	0.44263802
385	0.46840743
386	0.44556866
387	0.54093723
388	0.50672054
389	0.46040045
390	0.50712665
391	0.42320286
392	0.46133294
393	0.48475492
394	0.51415807
395	0.48233926
396	0.51743937
397	0.45521392
398	0.46759369
399	0.45231074
400	0.38263268
401	0.47912988
402	0.51040842
403	0.44976079
404	0.45077692
405	0.49892077
406	0.48032991
407	0.49938497
408	0.47699434
409	0.45634111
410	0.45341329
411	0.45246565
412	0.50950372
413	0.44887058
414	0.43201673
415	0.49640723
416	0.44379938
417	0.41363815
418	0.45378002
419	0.46626385
420	0.48525054
421	0.50196457
422	0.50105473
423	0.49663986
424	0.48964691
425	0.49819548
426	0.43116644
427	0.46442192
428	0.40305954
429	0.49861431
430	0.49139492
431	0.50024040
432	0.46432938
433	0.51229862
434	0.43377211
435	0.45432477
436	0.44836745
437	0.48815596
438	0.39687578
439	0.42482764
440	0.46075314
441	0.46271060
442	0.43947606
443	0.45192854
444	0.45649404
445	0.47505743
446	0.44892353
447	0.41844056
448	0.43646196
449	0.49633070
450	0.52071554
451	0.47505355
452	0.46277798
453	0.42488013
454	0.41027373
455	0.47566113
456	0.45692024
457	0.45484740
458	0.41216295
459	0.46406158
460	0.45802648
461	0.44978456
462	0.42435210
463	0.45234716
464	0.45143186
465	0.41492063
466	0.44635994
467	0.49458730
468	0.42648686
469	0.42561773
470	0.46489304
471	0.44435230
472	0.44295442
473	0.41721998
474	0.42482836
475	0.47880959
476	0.46212567
477	0.45821715
478	0.46770645
479	0.45274741
480	0.48097359
481	0.45170243
482	0.48790298
483	0.46941408
484	0.48915353
485	0.47875077
486	0.47542890
487	0.45959830
488	0.43307541
489	0.43739999
490	0.43544431
491	0.48577956
492	0.46362675
493	0.45497774
494	0.48903550
495	0.45728400
496	0.47987427
497	0.47709675
498	0.48734236
499	0.48631845
500	0.44818349
501	0.45310762
502	0.47667892
503	0.40647020
504	0.46190503
505	0.45221228
506	0.47880162
507	0.48679734
508	0.47222578
509	0.48411401
510	0.44532576
511	0.45184950
512	0.48769235
513	0.47263314
514	0.37308747
515	0.49634848
516	0.51197063
517	0.48909504
518	0.50749490
519	0.47562609
520	0.47303148
521	0.40184160
522	0.45455450
523	0.43764019
524	0.48513535
525	0.50852638
526	0.38430883
527	0.45975387
528	0.49218093
529	0.40273655
530	0.44377093
531	0.43663947
532	0.48645452
533	0.40457861
534	0.45666219
535	0.46774741
536	0.46896503
537	0.42172054
538	0.42294171
539	0.44974149
540	0.41176118
541	0.44627761
542	0.49524323
543	0.46948179
544	0.37030323
545	0.47979332
546	0.45831595
547	0.38876039
548	0.45225634
549	0.44413324
550	0.48664704
551	0.39617651
552	0.38669690
553	0.44671159
554	0.36868023
555	0.50853059
556	0.45733847
557	0.46922235
558	0.43647724
559	0.48278239
560	0.42730481
561	0.42067859
562	0.41721056
563	0.44814095
564	0.46661773
565	0.44005776
566	0.38323335
567	0.48849226
568	0.39350142
569	0.40930093
570	0.46957057
571	0.45845643
572	0.42109570
573	0.47494691
574	0.46130152
575	0.45553461
576	0.44745452
577	0.46624653
578	0.46924778
579	0.41794059
580	0.44678344
581	0.47832793
582	0.45561108
583	0.43750589
584	0.42712856
585	0.44124982
586	0.49335698
587	0.44036455
588	0.44160291
589	0.47278720
590	0.45407620
591	0.40957024
592	0.44506646
593	0.44588586
594	0.47092630
595	0.42688237
596	0.44701396
597	0.40036725
598	0.42888751
599	0.47244306
600	0.42601396
601	0.48618448
602	0.43759632
603	0.45699256
604	0.44783383
605	0.43024080
606	0.41686597
607	0.45236021
608	0.43685273
609	0.42774939
610	0.44254139
611	0.42814003
612	0.44367898
613	0.44610887
614	0.44953422
615	0.43809820
616	0.46292175
617	0.45759823
618	0.43797372
619	0.48382006
620	0.39977666
621	0.42726391
622	0.46722486
623	0.42840908
624	0.42485721
625	0.43186650
626	0.43396911
627	0.45528525
628	0.41692518
629	0.47417118
630	0.38654765
631	0.46751841
632	0.45410110
633	0.43998446
634	0.40936343
635	0.40286689
636	0.40042574
637	0.39404419
638	0.46643127
639	0.46259896
640	0.40976961
641	0.41580149
642	0.45719377
643	0.46321043
644	0.48545459
645	0.41218811
646	0.45350122
647	0.39952868
648	0.41707851
649	0.44182711
650	0.39713311
651	0.46385793
652	0.45333676
653	0.35690950
654	0.42159409
655	0.45462036
656	0.38813469
657	0.41022295
658	0.36250491
659	0.42746960
660	0.38603451
661	0.45536212
662	0.44830422
663	0.40903932
664	0.43690153
665	0.42148291
666	0.40014806
667	0.44568702
668	0.43593783
669	0.40904301
670	0.37763815
671	0.39725792
672	0.46313140
673	0.46902773
674	0.33814101
675	0.40770059
676	0.46176717
677	0.39949832
678	0.37987051
679	0.44123243
680	0.36497919
681	0.45046769
682	0.40019212
683	0.47862840
684	0.40604485
685	0.37099644
686	0.43331865
687	0.42182783
688	0.39300632
689	0.44692821
690	0.40289113
691	0.38403280
692	0.43515280
693	0.36460627
694	0.44173655
695	0.43293183
696	0.44710630
697	0.40351037
698	0.40426655
699	0.40094421
700	0.44841454
701	0.41391234
702	0.39809274
703	0.48292399
704	0.47522407
705	0.35626299
706	0.49351808
707	0.37589995
708	0.45994085
709	0.46688349
710	0.39139314
711	0.45962379
712	0.47579556
713	0.40514358
714	0.40807225
715	0.41322295
716	0.40863696
717	0.39473246
718	0.46496378
719	0.44430653
720	0.38732194
721	0.42199098
722	0.38528466
723	0.44327201
724	0.41166528
725	0.38926352
726	0.43192347
727	0.40887894
728	0.36294454
729	0.38654601
730	0.39953211
731	0.41833794
732	0.39190153
733	0.38256293
734	0.40379820
735	0.42919107
736	0.41501805
737	0.37718620
738	0.43784120
739	0.48502812
740	0.39298116
741	0.40058164
742	0.39961417
743	0.40810558
744	0.39927340
745	0.42198702
746	0.45974616
747	0.43400790
748	0.47521346
749	0.45519528
750	0.39181677
751	0.41679339
752	0.30080327
753	0.43146223
754	0.41320042
755	0.37263637
756	0.40080360
757	0.41818573
758	0.46147843
759	0.40135915
760	0.39718231
761	0.45539037
762	0.40975861
763	0.38712086
764	0.39984766
765	0.49108977
766	0.43857110
767	0.38073095
768	0.45224982
769	0.44411974
770	0.43193941
771	0.45273543
772	0.46016314
773	0.40295969
774	0.40216512
775	0.41680314
776	0.47657604
777	0.43288362
778	0.39429573
779	0.41606527
780	0.43810571
781	0.43027103
782	0.39580419
783	0.46552743
784	0.49937884
785	0.42063867
786	0.36592656
787	0.37719706
788	0.38032708
789	0.44871086
790	0.47885069
791	0.36110097
792	0.38644504
793	0.41706283
794	0.44242462
795	0.37223065
796	0.44493855
797	0.39311256
798	0.36537812
799	0.42698294
800	0.39824804
801	0.46757156
802	0.42608786
803	0.37204044
804	0.38159303
805	0.44745656
806	0.42455220
807	0.41933887
808	0.39573668
809	0.39830903
810	0.44158776
811	0.42965442
812	0.41338194
813	0.41953217
814	0.39473022
815	0.41217124
816	0.33687367
817	0.42203076
818	0.42550240
819	0.37946282
820	0.43162972
821	0.42798610
822	0.38449424
823	0.37929019
824	0.38232286
825	0.36877758
826	0.42902529
827	0.40542923
828	0.41854060
829	0.41392353
830	0.36281170
831	0.42644168
832	0.36131463
833	0.43308430
834	0.44265007
835	0.40929237
836	0.42344780
837	0.38710459
838	0.40531878
839	0.38384397
840	0.37899816
841	0.34797682
842	0.36285543
843	0.38697859
844	0.40365527
845	0.42118402
846	0.39816841
847	0.39897016
848	0.37209003
849	0.35181670
850	0.44070816
851	0.38475624
852	0.35245189
853	0.36508134
854	0.36508009
855	0.33558598
856	0.45781624
857	0.41852289
858	0.41342758
859	0.41632971
860	0.43276204
861	0.41390338
862	0.35066673
863	0.35192669
864	0.37163334
865	0.41362418
866	0.37916268
867	0.39226661
868	0.37446019
869	0.41804782
870	0.41749252
871	0.42919831
872	0.37642370
873	0.44242034
874	0.44298274
875	0.42205460
876	0.40109623
877	0.40454212
878	0.44824923
879	0.32854666
880	0.40040815
881	0.38952750
882	0.39572785
883	0.38490746
884	0.37970987
885	0.40491188
886	0.44820036
887	0.36508852
888	0.38861747
889	0.36027821
890	0.42617664
891	0.43238128
892	0.44217362
893	0.38722466
894	0.41432582
895	0.44346934
896	0.36860752
897	0.39827755
898	0.40309306
899	0.45744510
900	0.40564329
901	0.39864197
902	0.37153540
903	0.38414740
904	0.42433162
905	0.38360238
906	0.43345650
907	0.41005276
908	0.37744886
909	0.35515945
910	0.45503372
911	0.41708898
912	0.39332503
913	0.46429948
914	0.41173510
915	0.35960140
916	0.39201429
917	0.40115346
918	0.35163439
919	0.41407469
920	0.43714385
921	0.39019798
922	0.40388072
923	0.40195831
924	0.42098926
925	0.38668432
926	0.42174537
927	0.34422690
928	0.40683271
929	0.38408990
930	0.41293677
931	0.38625324
932	0.43331245
933	0.44206514
934	0.41879668
935	0.40136620
936	0.43243338
937	0.34938760
938	0.42229447
939	0.39701982
940	0.30927070
941	0.36754890
942	0.37611177
943	0.39351288
944	0.36267036
945	0.45027419
946	0.45980327
947	0.38519495
948	0.39239821
949	0.37845808
950	0.38853448
951	0.43952025
952	0.39058151
953	0.40713805
954	0.37432207
955	0.40767503
956	0.42826734
957	0.35648706
958	0.38716729
959	0.40590773
960	0.41773029
961	0.39096015
962	0.40634018
963	0.37911177
964	0.38666693
965	0.36013140
966	0.43871514
967	0.40202542
968	0.38985220
969	0.35238306
970	0.37508812
971	0.40323592
972	0.31033445
973	0.39880755
974	0.41201462
975	0.40406211
976	0.34811164
977	0.39218731
978	0.38490061
979	0.38848192
980	0.35007252
981	0.40713436
982	0.39458796
983	0.38070131
984	0.40430811
985	0.37165428
986	0.43344313
987	0.39051518
988	0.42885141
989	0.38666502
990	0.45758348
991	0.40312198
992	0.41764480
993	0.41642778
994	0.42073240
995	0.38442653
996	0.36547836
997	0.31581222
998	0.42691609
999	0.37626899
1000	0.35966772
1001	0.33524811
1002	0.39015340
1003	0.40205954
1004	0.36349536
1005	0.38384331
1006	0.45522202
1007	0.37840486
1008	0.47144003
1009	0.36961147
1010	0.32501034
1011	0.40895844
1012	0.39812395
1013	0.35213884
1014	0.38748482
1015	0.38428967
1016	0.35711664
1017	0.38592373
1018	0.36126596
1019	0.35132596
1020	0.42608832
1021	0.38653296
1022	0.40926069
1023	0.40848469
1024	0.38178272
1025	0.38342034
1026	0.32528150
1027	0.42681756
1028	0.39816479
1029	0.38125153
1030	0.36016690
1031	0.40937634
1032	0.38051439
1033	0.35922914
1034	0.36924145
1035	0.36968880
1036	0.36505223
1037	0.38936113
1038	0.37803860
1039	0.36642594
1040	0.40596865
1041	0.38788402
1042	0.38284549
1043	0.33850682
1044	0.36949904
1045	0.39686241
1046	0.38317019
1047	0.42315471
1048	0.41628716
1049	0.33929342
1050	0.38862932
1051	0.39224672
1052	0.37213732
1053	0.36372805
1054	0.33302509
1055	0.40974142
1056	0.39615689
1057	0.36975051
1058	0.40852302
1059	0.32690239
1060	0.35113792
1061	0.40938194
1062	0.42065633
1063	0.38131305
1064	0.40183468
1065	0.40229645
1066	0.40442930
1067	0.38804044
1068	0.43160449
1069	0.41593644
1070	0.37701706
1071	0.41525081
1072	0.34840130
1073	0.39403761
1074	0.45212685
1075	0.35137812
1076	0.39680472
1077	0.36267134
1078	0.35879714
1079	0.33469782
1080	0.33527458
1081	0.32099131
1082	0.36513285
1083	0.36993796
1084	0.38293532
1085	0.33701469
1086	0.35454811
1087	0.42770809
1088	0.37603781
1089	0.34630356
1090	0.41353922
1091	0.39687335
1092	0.39786676
1093	0.37044820
1094	0.34552526
1095	0.40144102
1096	0.34018982
1097	0.39814003
1098	0.43368926
1099	0.33690173
1100	0.41868366
1101	0.38934328
1102	0.36515675
1103	0.33883238
1104	0.29601996
1105	0.35346131
1106	0.32908002
1107	0.37845913
1108	0.36435566
1109	0.37659725
1110	0.38457196
1111	0.40863742
1112	0.41422650
1113	0.35735942
1114	0.40551439
1115	0.36627320
1116	0.43752855
1117	0.36312119
1118	0.35606007
1119	0.39358230
1120	0.38132747
1121	0.35610821
1122	0.35497879
1123	0.38907396
1124	0.46478746
1125	0.37655872
1126	0.40481835
1127	0.38972344
1128	0.34046974
1129	0.35656425
1130	0.42851643
1131	0.37983211
1132	0.37873022
1133	0.36719436
1134	0.34900092
1135	0.40970915
1136	0.38059988
1137	0.41727024
1138	0.36955220
1139	0.38145149
1140	0.36728874
1141	0.34923592
1142	0.40571409
1143	0.34028868
1144	0.36882171
1145	0.39118784
1146	0.36101600
1147	0.36741955
1148	0.39282638
1149	0.38847573
1150	0.38256293
1151	0.38721662
1152	0.42978515
1153	0.35130290
1154	0.37843588
1155	0.40634743
1156	0.34819706
1157	0.30582652
1158	0.36348989
1159	0.36882309
1160	0.35257736
1161	0.38225338
1162	0.36012771
1163	0.37337252
1164	0.37787789
1165	0.37500988
1166	0.42034282
1167	0.36729395
1168	0.42131990
1169	0.42369848
1170	0.33648923
1171	0.34511664
1172	0.36134710
1173	0.39953507
1174	0.37241039
1175	0.38605506
1176	0.33596529
1177	0.31562069
1178	0.41938886
1179	0.39127814
1180	0.40784990
1181	0.35014701
1182	0.36550319
1183	0.42543680
1184	0.37626154
1185	0.38520642
1186	0.35496595
1187	0.38847751
1188	0.32128216
1189	0.41569459
1190	0.36050800
1191	0.37625693
1192	0.36726826
1193	0.33970803
1194	0.33346526
1195	0.34787354
1196	0.35109115
1197	0.36645090
1198	0.36973418
1199	0.33777534
1200	0.38364967
1201	0.38562959
1202	0.41756919
1203	0.33159000
1204	0.41805144
1205	0.35326437
1206	0.35643707
1207	0.33735184
1208	0.36540117
1209	0.34351637
1210	0.35009306
1211	0.37193763
1212	0.36640032
1213	0.36819548
1214	0.40672291
1215	0.43095166
1216	0.32837568
1217	0.38728506
1218	0.35776368
1219	0.32876125
1220	0.40599355
1221	0.36321682
1222	0.36451130
1223	0.33708562
1224	0.36177989
1225	0.35280985
1226	0.36009721
1227	0.31870335
1228	0.39663229
1229	0.38038102
1230	0.39698103
1231	0.37776889
1232	0.37719877
1233	0.36062142
1234	0.39788869
1235	0.39059027
1236	0.37695785
1237	0.39566199
1238	0.33113956
1239	0.40200889
1240	0.37137700
1241	0.39136620
1242	0.34590483
1243	0.36413989
1244	0.35184338
1245	0.34809978
1246	0.36674221
1247	0.36532352
1248	0.36072035
1249	0.33197721
1250	0.31673299
1251	0.36351992
1252	0.34125555
1253	0.39527090
1254	0.37993005
1255	0.39291049
1256	0.30437239
1257	0.35169762
1258	0.35200856
1259	0.39856860
1260	0.32990628
1261	0.34675288
1262	0.37097109
1263	0.37160133
1264	0.35506323
1265	0.38119146
1266	0.33549509
1267	0.42563953
1268	0.35501699
1269	0.32256102
1270	0.37138556
1271	0.32942963
1272	0.41172904
1273	0.39349970
1274	0.36719291
1275	0.33850985
1276	0.37732964
1277	0.33886946
1278	0.39262175
1279	0.33246743
1280	0.39129915
1281	0.31779385
1282	0.41190206
1283	0.36576052
1284	0.37158776
1285	0.35099987
1286	0.33270809
1287	0.40358256
1288	0.35111526
1289	0.36893664
1290	0.38137562
1291	0.35552302
1292	0.32628170
1293	0.40088448
1294	0.35179069
1295	0.37505295
1296	0.38483330
1297	0.36955931
1298	0.33339215
1299	0.39427781
1300	0.32641599
1301	0.30828262
1302	0.38920266
1303	0.32786841
1304	0.34465507
1305	0.37487684
1306	0.30816782
1307	0.35859191
1308	0.39830106
1309	0.35139906
1310	0.35699914
1311	0.34381545
1312	0.39209563
1313	0.33569084
1314	0.39347112
1315	0.37859165
1316	0.35710215
1317	0.31743345
1318	0.36445834
1319	0.41677192
1320	0.32859870
1321	0.34658803
1322	0.40911263
1323	0.37227353
1324	0.37532009
1325	0.33390601
1326	0.39789785
1327	0.33759402
1328	0.35807805
1329	0.39092327
1330	0.31479306
1331	0.36304946
1332	0.34027175
1333	0.32850906
1334	0.37095317
1335	0.32247981
1336	0.34527485
1337	0.35368083
1338	0.34343035
1339	0.34177798
1340	0.37986715
1341	0.28304334
1342	0.40742422
1343	0.36348811
1344	0.35104149
1345	0.36687064
1346	0.31827801
1347	0.37154627
1348	0.33075150
1349	0.36188428
1350	0.38494757
1351	0.33198255
1352	0.32465784
1353	0.40860706
1354	0.31911342
1355	0.37014990
1356	0.31843885
1357	0.35662326
1358	0.37995877
1359	0.37704729
1360	0.32233287
1361	0.32378693
1362	0.39192116
1363	0.33618804
1364	0.35105921
1365	0.34503524
1366	0.33076263
1367	0.35251044
1368	0.36637924
1369	0.36543536
1370	0.33345399
1371	0.35845775
1372	0.31094738
1373	0.36546322
1374	0.33741145
1375	0.35924383
1376	0.31771389
1377	0.34929862
1378	0.31460535
1379	0.36168557
1380	0.33272891
1381	0.32554442
1382	0.32371290
1383	0.34258381
1384	0.30651228
1385	0.36612876
1386	0.37563986
1387	0.30929177
1388	0.37855272
1389	0.35221623
1390	0.37332029
1391	0.43264645
1392	0.36396101
1393	0.35086972
1394	0.36405467
1395	0.38014424
1396	0.38591688
1397	0.33128440
1398	0.39940539
1399	0.36243068
1400	0.36655141
1401	0.34400448
1402	0.34041250
1403	0.35515109
1404	0.37294705
1405	0.38029421
1406	0.36071027
1407	0.38614187
1408	0.32297952
1409	0.35291253
1410	0.29903418
1411	0.37913963
1412	0.34773141
1413	0.32165310
1414	0.35205335
1415	0.34644109
1416	0.34234203
1417	0.37732148
1418	0.36108259
1419	0.37161246
1420	0.33637134
1421	0.39903794
1422	0.34595791
1423	0.38296555
1424	0.35901172
1425	0.32443456
1426	0.33003682
1427	0.33451584
1428	0.34346229
1429	0.31461404
1430	0.36270968
1431	0.36907904
1432	0.33174452
1433	0.37525535
1434	0.33171244
1435	0.33757604
1436	0.37239860
1437	0.34162609
1438	0.33212283
1439	0.32630811
1440	0.34446460
1441	0.40527267
1442	0.31805809
1443	0.31543964
1444	0.32299091
1445	0.33680439
1446	0.33497082
1447	0.37041164
1448	0.32347494
1449	0.40767944
1450	0.34086788
1451	0.42488902
1452	0.38379470
1453	0.35176546
1454	0.35493690
1455	0.34668998
1456	0.31809293
1457	0.36562959
1458	0.33858183
1459	0.36864928
1460	0.40832879
1461	0.34780728
1462	0.33469650
1463	0.35625074
1464	0.40128802
1465	0.39222216
1466	0.33952691
1467	0.33092360
1468	0.30839972
1469	0.33456860
1470	0.31692795
1471	0.31671224
1472	0.32872482
1473	0.35907153
1474	0.30255806
1475	0.36299499
1476	0.33040400
1477	0.33851130
1478	0.34808641
1479	0.34463018
1480	0.36642113
1481	0.28130798
1482	0.32715425
1483	0.35390430
1484	0.36362109
1485	0.31499295
1486	0.39425463
1487	0.31590114
1488	0.39278107
1489	0.35861411
1490	0.41165409
1491	0.35255747
1492	0.30457578
1493	0.36064921
1494	0.35366535
1495	0.32607884
1496	0.36302582
1497	0.35555114
1498	0.34807864
1499	0.36317335
1500	0.34820905
1501	0.34445637
1502	0.33168537
1503	0.32282447
1504	0.33439959
1505	0.35144464
1506	0.33113377
1507	0.32189646
1508	0.39545577
1509	0.32497188
1510	0.31380096
1511	0.33371178
1512	0.33486755
1513	0.37871811
1514	0.37462906
1515	0.37218415
1516	0.31734684
1517	0.35765310
1518	0.38850016
1519	0.30340638
1520	0.32197537
1521	0.34760838
1522	0.33925772
1523	0.36322624
1524	0.38160179
1525	0.36844767
1526	0.32566693
1527	0.34908977
1528	0.31875874
1529	0.32279866
1530	0.34458137
1531	0.38538135
1532	0.34376658
1533	0.37058579
1534	0.34745755
1535	0.37166956
1536	0.33364058
1537	0.36314747
1538	0.36877778
1539	0.35704551
1540	0.32085695
1541	0.32652756
1542	0.32475815
1543	0.33689436
1544	0.36605724
1545	0.34088151
1546	0.36214141
1547	0.31098426
1548	0.31468873
1549	0.30867622
1550	0.37911809
1551	0.31775947
1552	0.35124949
1553	0.35506876
1554	0.31088434
1555	0.36019245
1556	0.34037647
1557	0.34755799
1558	0.33067602
1559	0.32074432
1560	0.33614095
1561	0.37046038
1562	0.36038609
1563	0.33681993
1564	0.34613693
1565	0.29338569
1566	0.33708147
1567	0.39070190
1568	0.38118830
1569	0.31037463
1570	0.38705467
1571	0.34727392
1572	0.36599710
1573	0.34923612
1574	0.31590990
1575	0.35294026
1576	0.38083475
1577	0.37962774
1578	0.38097267
1579	0.33199137
1580	0.37843061
1581	0.31224369
1582	0.34301383
1583	0.35884917
1584	0.34171231
1585	0.32446032
1586	0.31249384
1587	0.36481881
1588	0.30973213
1589	0.35826227
1590	0.37139373
1591	0.32689119
1592	0.31151834
1593	0.33641566
1594	0.30962260
1595	0.39809570
1596	0.39180202
1597	0.33960443
1598	0.41183705
1599	0.32477672
1600	0.32275341
1601	0.32078338
1602	0.32351617
1603	0.34108463
1604	0.33249746
1605	0.33555193
1606	0.37705447
1607	0.30413456
1608	0.32096799
1609	0.34371139
1610	0.38484443
1611	0.34122611
1612	0.29902681
1613	0.33783449
1614	0.35066950
1615	0.36981545
1616	0.39124112
1617	0.36696542
1618	0.36351775
1619	0.32807541
1620	0.32173688
1621	0.33597827
1622	0.35895376
1623	0.35510703
1624	0.35881104
1625	0.32024942
1626	0.35807186
1627	0.32194685
1628	0.34735632
1629	0.36685424
1630	0.38910584
1631	0.32643226
1632	0.34669084
1633	0.31988402
1634	0.36145940
1635	0.35349575
1636	0.32250471
1637	0.31542218
1638	0.38229796
1639	0.32657275
1640	0.29686729
1641	0.35056478
1642	0.34487176
1643	0.32993045
1644	0.32104531
1645	0.38839926
1646	0.34459224
1647	0.32710894
1648	0.36165692
1649	0.29354884
1650	0.37186860
1651	0.29324112
1652	0.34057037
1653	0.36940875
1654	0.34049443
1655	0.33949522
1656	0.38181815
1657	0.30578845
1658	0.32996022
1659	0.37597313
1660	0.35651307
1661	0.31841533
1662	0.35724086
1663	0.31287328
1664	0.35110084
1665	0.34462847
1666	0.36494191
1667	0.34055747
1668	0.33810828
1669	0.31864012
1670	0.33797767
1671	0.33831707
1672	0.32296865
1673	0.33013950
1674	0.34063031
1675	0.35158757
1676	0.33807370
1677	0.35443720
1678	0.36442172
1679	0.36816347
1680	0.32908154
1681	0.35738102
1682	0.30837983
1683	0.34048350
1684	0.38292353
1685	0.33341784
1686	0.34030363
1687	0.33811144
1688	0.38781874
1689	0.33079826
1690	0.38171514
1691	0.35120819
1692	0.34562761
1693	0.35049733
1694	0.39747000
1695	0.34194632
1696	0.36706356
1697	0.33090489
1698	0.30306922
1699	0.35644510
1700	0.30219384
1701	0.31551472
1702	0.33688303
1703	0.29128466
1704	0.35531180
1705	0.36098011
1706	0.34037430
1707	0.31558394
1708	0.34799710
1709	0.33241731
1710	0.36012731
1711	0.29889528
1712	0.31132978
1713	0.35177284
1714	0.31293480
1715	0.34968188
1716	0.30600046
1717	0.36040763
1718	0.36840921
1719	0.31835711
1720	0.29820997
1721	0.34787927
1722	0.31649233
1723	0.34781855
1724	0.29213015
1725	0.35344905
1726	0.34018429
1727	0.34022090
1728	0.33393908
1729	0.30357900
1730	0.32015636
1731	0.30267648
1732	0.34146381
1733	0.34584542
1734	0.36444807
1735	0.29817434
1736	0.35867839
1737	0.33598353
1738	0.33268827
1739	0.31113713
1740	0.34756142
1741	0.34769598
1742	0.40122769
1743	0.33539729
1744	0.30889580
1745	0.35860785
1746	0.33682862
1747	0.36853685
1748	0.35720740
1749	0.33233867
1750	0.30226510
1751	0.29806395
1752	0.31259507
1753	0.30018718
1754	0.35057782
1755	0.35276111
1756	0.39160937
1757	0.31610650
1758	0.32789824
1759	0.34874399
1760	0.30959283
1761	0.31028710
1762	0.33459718
1763	0.37549845
1764	0.35931206
1765	0.30311981
1766	0.33893677
1767	0.35447342
1768	0.37104360
1769	0.32620194
1770	0.32249766
1771	0.30732023
1772	0.37519884
1773	0.33295936
1774	0.33685418
1775	0.34595719
1776	0.27887262
1777	0.32402213
1778	0.33046249
1779	0.31761878
1780	0.37723849
1781	0.32501581
1782	0.33184206
1783	0.30000237
1784	0.35066818
1785	0.32183561
1786	0.36359139
1787	0.31717454
1788	0.33816466
1789	0.33550069
1790	0.32867365
1791	0.31492143
1792	0.37133972
1793	0.32580748
1794	0.36247007
1795	0.38269729
1796	0.27530034
1797	0.35308549
1798	0.31553198
1799	0.34888099
1800	0.32465501
1801	0.32980129
1802	0.29076322
1803	0.36565073
1804	0.37872094
1805	0.34316222
1806	0.31339966
1807	0.34094922
1808	0.30266818
1809	0.34020800
1810	0.31171205
1811	0.30303227
1812	0.35919298
1813	0.34175815
1814	0.31679108
1815	0.35797260
1816	0.33435164
1817	0.34687908
1818	0.34442225
1819	0.37995666
1820	0.35645880
1821	0.31387763
1822	0.33360871
1823	0.34875585
1824	0.34439933
1825	0.33112007
1826	0.36163518
1827	0.29725634
1828	0.31916716
1829	0.29417632
1830	0.28924824
1831	0.31168129
1832	0.32930317
1833	0.30080827
1834	0.32494882
1835	0.30502305
1836	0.37837239
1837	0.35773312
1838	0.31084812
1839	0.32002081
1840	0.34520628
1841	0.33557953
1842	0.31899493
1843	0.30968247
1844	0.28779082
1845	0.28955048
1846	0.33911579
1847	0.29256603
1848	0.31611091
1849	0.29717776
1850	0.31227215
1851	0.32868412
1852	0.31790634
1853	0.32051110
1854	0.30988691
1855	0.33627274
1856	0.28969189
1857	0.32428538
1858	0.32505052
1859	0.29276401
1860	0.30917289
1861	0.31314753
1862	0.34224653
1863	0.34549766
1864	0.32514266
1865	0.29559573
1866	0.35813713
1867	0.29698143
1868	0.32983673
1869	0.33181394
1870	0.27403221
1871	0.30294356
1872	0.29719614
1873	0.35166436
1874	0.34708391
1875	0.32241823
1876	0.30075519
1877	0.33557373
1878	0.29814740
1879	0.31294790
1880	0.32008621
1881	0.28236613
1882	0.31030409
1883	0.33479088
1884	0.30513528
1885	0.36595877
1886	0.32498465
1887	0.29298367
1888	0.29754614
1889	0.33187394
1890	0.34098986
1891	0.36002187
1892	0.32056326
1893	0.29511157
1894	0.29886867
1895	0.33155918
1896	0.35597543
1897	0.29420365
1898	0.35355977
1899	0.35043924
1900	0.34180432
1901	0.32815952
1902	0.32852526
1903	0.30593414
1904	0.33612843
1905	0.32199447
1906	0.30412955
1907	0.33354212
1908	0.34390200
1909	0.35340071
1910	0.31913383
1911	0.31836047
1912	0.31215458
1913	0.39652348
1914	0.32113541
1915	0.30334986
1916	0.28231944
1917	0.31428828
1918	0.31254133
1919	0.32851340
1920	0.32490219
1921	0.30898057
1922	0.33809814
1923	0.30071185
1924	0.31328288
1925	0.29945380
1926	0.32535131
1927	0.30124224
1928	0.32095396
1929	0.29575301
1930	0.30367911
1931	0.32212527
1932	0.35228315
1933	0.35686834
1934	0.37089422
1935	0.27804736
1936	0.34469887
1937	0.31025581
1938	0.29905032
1939	0.34087321
1940	0.29563413
1941	0.34285359
1942	0.28018909
1943	0.30843154
1944	0.30352493
1945	0.28981888
1946	0.27569795
1947	0.28944359
1948	0.32485839
1949	0.32186241
1950	0.32663947
1951	0.28309544
1952	0.31086531
1953	0.30577192
1954	0.26928486
1955	0.32292208
1956	0.29609083
1957	0.31195949
1958	0.34052210
1959	0.32710604
1960	0.30391879
1961	0.31979187
1962	0.30931351
1963	0.35891240
1964	0.34131555
1965	0.32604630
1966	0.30744741
1967	0.32813541
1968	0.29187585
1969	0.39061325
1970	0.28490002
1971	0.32787512
1972	0.32241573
1973	0.29151472
1974	0.30170362
1975	0.28183073
1976	0.31905098
1977	0.34680676
1978	0.33482849
1979	0.30928907
1980	0.35501291
1981	0.28974880
1982	0.28091510
1983	0.30648297
1984	0.34314720
1985	0.31651479
1986	0.30537450
1987	0.34559560
1988	0.32459823
1989	0.29122123
1990	0.34760212
1991	0.32261602
1992	0.30947000
1993	0.31551986
1994	0.31772864
1995	0.36378199
1996	0.27015043
1997	0.31708121
1998	0.34489462
1999	0.37213449
2000	0.30911012
2001	0.31217236
2002	0.33220549
2003	0.35524073
2004	0.30444523
2005	0.27780149
2006	0.30199401
2007	0.34840229
2008	0.32618442
2009	0.31707969
2010	0.32821465
2011	0.33150273
2012	0.30740256
2013	0.27381058
2014	0.29431996
2015	0.30311493
2016	0.32487302
2017	0.32885550
2018	0.33101719
2019	0.33323316
2020	0.31985102
2021	0.33195291
2022	0.33718606
2023	0.35943160
2024	0.33081683
2025	0.29429671
2026	0.32653586
2027	0.31738510
2028	0.35672423
2029	0.37817803
2030	0.31370935
2031	0.31161213
2032	0.33626569
2033	0.28918448
2034	0.32887223
2035	0.33004900
2036	0.28661503
2037	0.31484483
2038	0.30547948
2039	0.28946631
2040	0.31474122
2041	0.33591253
2042	0.31798050
2043	0.33057466
2044	0.31840559
2045	0.28366640
2046	0.31896648
2047	0.35165889
2048	0.31716472
2049	0.30508128
2050	0.32428841
2051	0.28251327
2052	0.29386926
2053	0.32171942
2054	0.26425035
2055	0.32372430
2056	0.34117704
2057	0.34760779
2058	0.33949457
2059	0.35261009
2060	0.31748376
2061	0.35173062
2062	0.30001785
2063	0.29473648
2064	0.30075611
2065	0.29368313
2066	0.34250589
2067	0.34233544
2068	0.33289679
2069	0.29990153
2070	0.32036811
2071	0.33084173
2072	0.31050458
2073	0.32335263
2074	0.32805223
2075	0.28539472
2076	0.35860021
2077	0.30104973
2078	0.35244365
2079	0.28053909
2080	0.32026609
2081	0.32070829
2082	0.28933195
2083	0.26618817
2084	0.29330870
2085	0.28397668
2086	0.31506711
2087	0.30486004
2088	0.32471975
2089	0.30425384
2090	0.29160350
2091	0.32758348
2092	0.30253837
2093	0.27076283
2094	0.29450662
2095	0.32152434
2096	0.30350142
2097	0.35776737
2098	0.32389949
2099	0.29765264
2100	0.29098702
2101	0.31424857
2102	0.33877416
2103	0.37382145
2104	0.31160179
2105	0.31370190
2106	0.34061529
2107	0.33376882
2108	0.29969650
2109	0.29842877
2110	0.36010788
2111	0.34262965
2112	0.32232655
2113	0.28300711
2114	0.28187018
2115	0.31342310
2116	0.30663413
2117	0.34210400
2118	0.30326543
2119	0.29986636
2120	0.28628229
2121	0.32701587
2122	0.30379431
2123	0.32411177
2124	0.34030534
2125	0.27488421
2126	0.29345176
2127	0.28864157
2128	0.30961431
2129	0.30231891
2130	0.35654186
2131	0.33357591
2132	0.29127241
2133	0.30203570
2134	0.31530310
2135	0.31633267
2136	0.30112158
2137	0.31780024
2138	0.32797339
2139	0.29357097
2140	0.30272706
2141	0.31282296
2142	0.34093447
2143	0.33852157
2144	0.28701199
2145	0.28080551
2146	0.38104564
2147	0.27313094
2148	0.29607363
2149	0.36372226
2150	0.33120220
2151	0.32936508
2152	0.29607983
2153	0.29972957
2154	0.34913680
2155	0.30084443
2156	0.31803359
2157	0.30279727
2158	0.34589179
2159	0.29831924
2160	0.32275407
2161	0.33995936
2162	0.35353896
2163	0.30543312
2164	0.30321597
2165	0.33204044
2166	0.31087117
2167	0.29344300
2168	0.30894705
2169	0.30796713
2170	0.29330244
2171	0.25619877
2172	0.29212474
2173	0.28265501
2174	0.29907087
2175	0.33693901
2176	0.31115498
2177	0.29955733
2178	0.27744635
2179	0.31052111
2180	0.30018554
2181	0.29291201
2182	0.27212646
2183	0.32581446
2184	0.33327392
2185	0.29013298
2186	0.30045136
2187	0.31671844
2188	0.28831516
2189	0.31002430
2190	0.32451110
2191	0.33999170
2192	0.32314931
2193	0.29181078
2194	0.30281143
2195	0.32936389
2196	0.30238326
2197	0.31394197
2198	0.30934282
2199	0.33774024
2200	0.30462188
2201	0.29875980
2202	0.34159593
2203	0.30131022
2204	0.29262142
2205	0.29962609
2206	0.30450023
2207	0.32557821
2208	0.27713561
2209	0.30030343
2210	0.27371284
2211	0.31270645
2212	0.28553224
2213	0.33032345
2214	0.29161595
2215	0.30681440
2216	0.31412422
2217	0.31967180
2218	0.33484970
2219	0.29254041
2220	0.33148027
2221	0.29980544
2222	0.36589027
2223	0.30726405
2224	0.29481532
2225	0.32011348
2226	0.27992887
2227	0.29546243
2228	0.28894560
2229	0.28598320
2230	0.28267892
2231	0.28923348
2232	0.32699842
2233	0.28662478
2234	0.30356655
2235	0.28592742
2236	0.29601377
2237	0.28776131
2238	0.30133597
2239	0.28564480
2240	0.32169407
2241	0.29804564
2242	0.30922953
2243	0.31613673
2244	0.30061562
2245	0.30604070
2246	0.32153955
2247	0.30693032
2248	0.29443944
2249	0.31175018
2250	0.31857749
2251	0.30270559
2252	0.29680933
2253	0.30212402
2254	0.26999895
2255	0.32909175
2256	0.33205816
2257	0.31629625
2258	0.31941698
2259	0.29602154
2260	0.31698742
2261	0.28833689
2262	0.29482790
2263	0.29614273
2264	0.32447487
2265	0.27530020
2266	0.28002667
2267	0.31086439
2268	0.32686136
2269	0.27694560
2270	0.30168847
2271	0.28979411
2272	0.29107666
2273	0.32729171
2274	0.31771073
2275	0.33405295
2276	0.32293025
2277	0.33474952
2278	0.29459955
2279	0.29423520
2280	0.29751841
2281	0.31415959
2282	0.30487769
2283	0.32460640
2284	0.30120240
2285	0.33948218
2286	0.28835625
2287	0.28118771
2288	0.29496081
2289	0.31741283
2290	0.27988046
2291	0.30915359
2292	0.27545439
2293	0.33619726
2294	0.26514589
2295	0.31271633
2296	0.27527399
2297	0.30303998
2298	0.29943114
2299	0.31515583
2300	0.31867628
2301	0.33502411
2302	0.34264098
2303	0.31614523
2304	0.31156939
2305	0.34756629
2306	0.31482559
2307	0.27611144
2308	0.28795772
2309	0.29946506
2310	0.28888395
2311	0.28045070
2312	0.29303543
2313	0.28943549
2314	0.27333847
2315	0.32575611
2316	0.28708016
2317	0.28372127
2318	0.34267450
2319	0.27351742
2320	0.31961292
2321	0.31119074
2322	0.30653566
2323	0.31489594
2324	0.30188606
2325	0.29002937
2326	0.28289679
2327	0.28189383
2328	0.33340572
2329	0.30353929
2330	0.31031818
2331	0.32704116
2332	0.26473707
2333	0.28106995
2334	0.31909530
2335	0.33821814
2336	0.31937996
2337	0.33190990
2338	0.33032773
2339	0.29550813
2340	0.28577890
2341	0.33440796
2342	0.32100046
2343	0.31572397
2344	0.33458434
2345	0.29868550
2346	0.30621294
2347	0.33039663
2348	0.27043437
2349	0.28742989
2350	0.32077514
2351	0.30456076
2352	0.31810729
2353	0.27830455
2354	0.30173543
2355	0.27814569
2356	0.26752315
2357	0.29090232
2358	0.29012764
2359	0.31846045
2360	0.32706639
2361	0.30468965
2362	0.30644207
2363	0.29825621
2364	0.31400823
2365	0.34437186
2366	0.35685543
2367	0.30804116
2368	0.28465198
2369	0.30971047
2370	0.32305025
2371	0.33643911
2372	0.31673523
2373	0.27466008
2374	0.31390114
2375	0.31233867
2376	0.29920674
2377	0.29489976
2378	0.30624659
2379	0.27821195
2380	0.31472621
2381	0.34420299
2382	0.32143483
2383	0.32411137
2384	0.31463117
2385	0.27975657
2386	0.29277699
2387	0.31791148
2388	0.28445360
2389	0.31711131
2390	0.34357913
2391	0.28677547
2392	0.30762524
2393	0.29298584
2394	0.30726714
2395	0.30594856
2396	0.31015241
2397	0.31325878
2398	0.29826016
2399	0.26438095
2400	0.28918811
2401	0.25757242
2402	0.27157446
2403	0.30573859
2404	0.29284055
2405	0.28535935
2406	0.29208266
2407	0.29965810
2408	0.28611039
2409	0.28160120
2410	0.29413357
2411	0.32198261
2412	0.28674333
2413	0.30036192
2414	0.29789442
2415	0.29895646
2416	0.28562952
2417	0.29293177
2418	0.31660831
2419	0.28343002
2420	0.32744293
2421	0.29003023
2422	0.30100613
2423	0.31479556
2424	0.29659231
2425	0.26778463
2426	0.31737595
2427	0.28441118
2428	0.29303227
2429	0.32255872
2430	0.29675242
2431	0.29056451
2432	0.30301712
2433	0.29739768
2434	0.27658789
2435	0.32246697
2436	0.29092604
2437	0.30744280
2438	0.26708951
2439	0.29209254
2440	0.26351459
2441	0.31918448
2442	0.28579767
2443	0.28852216
2444	0.30191398
2445	0.30489093
2446	0.34184851
2447	0.29740565
2448	0.28078048
2449	0.31164776
2450	0.32438194
2451	0.32791701
2452	0.28985141
2453	0.30707061
2454	0.25799954
2455	0.33167378
2456	0.33857979
2457	0.29741164
2458	0.29156372
2459	0.29130712
2460	0.29926240
2461	0.30885892
2462	0.31870783
2463	0.33383896
2464	0.28248838
2465	0.30872812
2466	0.26503267
2467	0.29128888
2468	0.29211263
2469	0.28461681
2470	0.30443845
2471	0.27853329
2472	0.28665830
2473	0.31017144
2474	0.32668017
2475	0.29901917
2476	0.28747013
2477	0.26805150
2478	0.25623889
2479	0.29085108
2480	0.29293862
2481	0.26083435
2482	0.27733347
2483	0.31020918
2484	0.25385095
2485	0.27293539
2486	0.29090588
2487	0.34147665
2488	0.28115504
2489	0.33857228
2490	0.27715017
2491	0.25601982
2492	0.32269393
2493	0.30915715
2494	0.28758091
2495	0.28702220
2496	0.28168162
2497	0.26863288
2498	0.31592801
2499	0.27146302
2500	0.31046071
2501	0.33093078
2502	0.29446868
2503	0.27870658
2504	0.26956754
2505	0.28940315
2506	0.30683541
2507	0.28789962
2508	0.28778390
2509	0.27808773
2510	0.30532181
2511	0.31722993
2512	0.29614760
2513	0.28838833
2514	0.30097780
2515	0.26515741
2516	0.29699750
2517	0.28709379
2518	0.26503247
2519	0.30630356
2520	0.27294961
2521	0.28145143
2522	0.30842488
2523	0.28681018
2524	0.29353231
2525	0.27338912
2526	0.26351986
2527	0.29003622
2528	0.30982059
2529	0.30231647
2530	0.28354350
2531	0.29024587
2532	0.29436251
2533	0.29280570
2534	0.30820872
2535	0.27784641
2536	0.31395034
2537	0.25815774
2538	0.26959830
2539	0.29908246
2540	0.29449173
2541	0.30240288
2542	0.27293974
2543	0.33747138
2544	0.29174353
2545	0.27875288
2546	0.34100422
2547	0.27977501
2548	0.30919798
2549	0.30168550
2550	0.30551064
2551	0.28994507
2552	0.29631232
2553	0.27154996
2554	0.26697879
2555	0.31895996
2556	0.32140815
2557	0.26688928
2558	0.26960047
2559	0.26072581
2560	0.27927109
2561	0.27410235
2562	0.32372759
2563	0.29895567
2564	0.26430047
2565	0.30557037
2566	0.28645123
2567	0.32235724
2568	0.30772627
2569	0.30378324
2570	0.30113601
2571	0.28949937
2572	0.30340295
2573	0.28873819
2574	0.30392156
2575	0.28220385
2576	0.32938616
2577	0.27882981
2578	0.25809458
2579	0.31962004
2580	0.30540532
2581	0.26632543
2582	0.27432536
2583	0.29930231
2584	0.32957749
2585	0.29462616
2586	0.34649371
2587	0.27229810
2588	0.28488724
2589	0.29808859
2590	0.28296536
2591	0.29326372
2592	0.28801265
2593	0.29426628
2594	0.30813627
2595	0.30176974
2596	0.29050958
2597	0.28577396
2598	0.32239268
2599	0.30050438
2600	0.26625502
2601	0.31287967
2602	0.29028288
2603	0.31508022
2604	0.28096825
2605	0.27097477
2606	0.25269117
2607	0.27830027
2608	0.27499644
2609	0.32377350
2610	0.26985392
2611	0.29626055
2612	0.31698162
2613	0.27815978
2614	0.30257663
2615	0.29429349
2616	0.31168478
2617	0.27881710
2618	0.29736198
2619	0.28469789
2620	0.29644398
2621	0.31061720
2622	0.32274840
2623	0.29065791
2624	0.27857209
2625	0.30323777
2626	0.32115550
2627	0.32202740
2628	0.28960620
2629	0.30585714
2630	0.28514885
2631	0.28959382
2632	0.27264625
2633	0.29174168
2634	0.28987479
2635	0.29201330
2636	0.30108062
2637	0.31788197
2638	0.25868004
2639	0.27352157
2640	0.28325766
2641	0.28809912
2642	0.27437331
2643	0.27001844
2644	0.27525496
2645	0.31456800
2646	0.33306659
2647	0.30096305
2648	0.29837298
2649	0.28351222
2650	0.31660502
2651	0.29422953
2652	0.32592920
2653	0.30631193
2654	0.27095745
2655	0.29045070
2656	0.28706863
2657	0.29277541
2658	0.29508444
2659	0.27079951
2660	0.28224956
2661	0.29779286
2662	0.29170935
2663	0.32341441
2664	0.28759679
2665	0.28201535
2666	0.30901838
2667	0.25057821
2668	0.28365112
2669	0.28265428
2670	0.29691207
2671	0.29520358
2672	0.27172114
2673	0.32513166
2674	0.27412448
2675	0.28780307
2676	0.30970105
2677	0.28489910
2678	0.25881525
2679	0.30047935
2680	0.30961022
2681	0.29509293
2682	0.30832622
2683	0.25811645
2684	0.30184766
2685	0.28920154
2686	0.29620622
2687	0.25112310
2688	0.32278957
2689	0.30370678
2690	0.28900310
2691	0.27173754
2692	0.29132760
2693	0.26767398
2694	0.30147408
2695	0.28734341
2696	0.29941316
2697	0.31248567
2698	0.28327300
2699	0.25903998
2700	0.28660449
2701	0.30909616
2702	0.29949187
2703	0.31905763
2704	0.28059968
2705	0.27332385
2706	0.27153356
2707	0.25552276
2708	0.30286610
2709	0.26157288
2710	0.28512593
2711	0.26962682
2712	0.29160080
2713	0.29990549
2714	0.28728308
2715	0.28780360
2716	0.29136468
2717	0.28289403
2718	0.28402358
2719	0.29838919
2720	0.31066502
2721	0.26636053
2722	0.26077238
2723	0.26139972
2724	0.25248265
2725	0.25838457
2726	0.29201087
2727	0.27850820
2728	0.29593414
2729	0.29166976
2730	0.30500191
2731	0.27698446
2732	0.27931219
2733	0.26281723
2734	0.29266970
2735	0.29565224
2736	0.26665995
2737	0.29260278
2738	0.27354877
2739	0.25574313
2740	0.29569268
2741	0.31826411
2742	0.29459336
2743	0.28934216
2744	0.28486571
2745	0.29713904
2746	0.27350445
2747	0.28003622
2748	0.29531298
2749	0.26273016
2750	0.28460818
2751	0.25086353
2752	0.31403972
2753	0.26475855
2754	0.28191043
2755	0.25726516
2756	0.25050655
2757	0.29652355
2758	0.28275650
2759	0.28712870
2760	0.30560291
2761	0.31519449
2762	0.26159402
2763	0.31390193
2764	0.30921333
2765	0.26747118
2766	0.29167668
2767	0.30777686
2768	0.29916380
2769	0.26047533
2770	0.28848666
2771	0.29764072
2772	0.33582243
2773	0.28428591
2774	0.27851584
2775	0.25541349
2776	0.31370065
2777	0.29962820
2778	0.31104037
2779	0.27440354
2780	0.27982434
2781	0.29861095
2782	0.27798083
2783	0.29347507
2784	0.28075967
2785	0.26907739
2786	0.26253988
2787	0.29043806
2788	0.28091155
2789	0.27855793
2790	0.26819344
2791	0.30098623
2792	0.27310097
2793	0.31196463
2794	0.31263453
2795	0.28515656
2796	0.32855312
2797	0.27793038
2798	0.29279095
2799	0.29273115
2800	0.26739426
2801	0.30083363
2802	0.29910123
2803	0.29581578
2804	0.24391550
2805	0.28640578
2806	0.25471712
2807	0.26013311
2808	0.24233801
2809	0.26662926
2810	0.29660265
2811	0.29869927
2812	0.22790858
2813	0.26168478
2814	0.29219397
2815	0.27842100
2816	0.27418962
2817	0.28535671
2818	0.30054001
2819	0.29107739
2820	0.26825114
2821	0.28441428
2822	0.27294619
2823	0.28373523
2824	0.29593098
2825	0.26642383
2826	0.28228236
2827	0.26456827
2828	0.29618112
2829	0.28995218
2830	0.26386221
2831	0.27727307
2832	0.26954324
2833	0.27427504
2834	0.30171027
2835	0.29801199
2836	0.26546993
2837	0.27386636
2838	0.28339808
2839	0.28746071
2840	0.30736864
2841	0.26885141
2842	0.26214806
2843	0.28101205
2844	0.26531851
2845	0.26323869
2846	0.28443983
2847	0.29111309
2848	0.29074801
2849	0.30058585
2850	0.26779668
2851	0.27173029
2852	0.28152901
2853	0.28864855
2854	0.25678944
2855	0.26287776
2856	0.29031634
2857	0.29726609
2858	0.29851064
2859	0.28776507
2860	0.28189218
2861	0.24562043
2862	0.26359395
2863	0.31125305
2864	0.27954587
2865	0.29532069
2866	0.30238365
2867	0.27162063
2868	0.27930962
2869	0.27401699
2870	0.29910986
2871	0.30642310
2872	0.25641691
2873	0.27951722
2874	0.30535619
2875	0.26665112
2876	0.27622400
2877	0.30605954
2878	0.28899842
2879	0.30645189
2880	0.31502279
2881	0.25134236
2882	0.27897319
2883	0.30140888
2884	0.27674359
2885	0.29666173
2886	0.27204973
2887	0.27847026
2888	0.30896397
2889	0.30652045
2890	0.29215926
2891	0.28549740
2892	0.28112178
2893	0.30411816
2894	0.24771409
2895	0.28240611
2896	0.30800217
2897	0.28270223
2898	0.31309458
2899	0.26480221
2900	0.28574873
2901	0.29834018
2902	0.28864816
2903	0.28393638
2904	0.28721998
2905	0.30165837
2906	0.26052802
2907	0.28100652
2908	0.29791570
2909	0.26176533
2910	0.26939689
2911	0.27634512
2912	0.29906520
2913	0.28582164
2914	0.28096345
2915	0.27984687
2916	0.26537746
2917	0.28400224
2918	0.28502681
2919	0.29657894
2920	0.29700744
2921	0.25636198
2922	0.30570256
2923	0.26526464
2924	0.27232424
2925	0.30861049
2926	0.25337213
2927	0.28509702
2928	0.27018060
2929	0.28117269
2930	0.31368623
2931	0.27342976
2932	0.28486030
2933	0.29083962
2934	0.30318567
2935	0.27122571
2936	0.30630376
2937	0.23009853
2938	0.30178101
2939	0.27836047
2940	0.24496687
2941	0.26489034
2942	0.29854462
2943	0.28239070
2944	0.30193302
2945	0.32917434
2946	0.28696621
2947	0.27802872
2948	0.27719397
2949	0.28440288
2950	0.27735744
2951	0.27465784
2952	0.29236212
2953	0.24614016
2954	0.31931581
2955	0.27973055
2956	0.26606033
2957	0.28992847
2958	0.30418369
2959	0.27065290
2960	0.26319041
2961	0.26821287
2962	0.29634888
2963	0.27378371
2964	0.26840163
2965	0.29691820
2966	0.28081868
2967	0.28754021
2968	0.25318178
2969	0.27375703
2970	0.27776533
2971	0.30081598
2972	0.28135480
2973	0.30061220
2974	0.26329592
2975	0.27173806
2976	0.30028841
2977	0.27610136
2978	0.25737680
2979	0.29296358
2980	0.26502575
2981	0.28861332
2982	0.28251768
2983	0.32259527
2984	0.25823493
2985	0.32997859
2986	0.32481341
2987	0.27063683
2988	0.29230290
2989	0.29348060
2990	0.30093545
2991	0.27088342
2992	0.28073134
2993	0.25655345
2994	0.28623651
2995	0.25712020
2996	0.26412784
2997	0.27398268
2998	0.30415827
2999	0.24371969
3000	0.26371811
3001	0.30396806
3002	0.28545656
3003	0.29410755
3004	0.27383159
3005	0.30060285
3006	0.29057354
3007	0.26728578
3008	0.26970605
3009	0.28089455
3010	0.26053178
3011	0.27059007
3012	0.29297649
3013	0.26507746
3014	0.27713067
3015	0.30469835
3016	0.29022321
3017	0.24382098
3018	0.29381104
3019	0.23885161
3020	0.29863696
3021	0.28292841
3022	0.27278983
3023	0.30591952
3024	0.24938569
3025	0.27570315
3026	0.28614220
3027	0.30639413
3028	0.28489225
3029	0.28316018
3030	0.27280524
3031	0.28083475
3032	0.26788606
3033	0.25405776
3034	0.26155931
3035	0.29371573
3036	0.31191082
3037	0.26348963
3038	0.26491517
3039	0.26260568
3040	0.29453692
3041	0.26362840
3042	0.27104505
3043	0.30075051
3044	0.27340552
3045	0.28215076
3046	0.28408365
3047	0.26085938
3048	0.29107864
3049	0.27368853
3050	0.26718600
3051	0.29097365
3052	0.26457597
3053	0.26273786
3054	0.26272390
3055	0.28834282
3056	0.25941560
3057	0.31741994
3058	0.27219904
3059	0.26509702
3060	0.23704887
3061	0.29126813
3062	0.25815043
3063	0.31172871
3064	0.24812863
3065	0.27761062
3066	0.26346322
3067	0.29413199
3068	0.29281512
3069	0.29495673
3070	0.29309491
3071	0.26839880
3072	0.28766113
3073	0.26548027
3074	0.24530870
3075	0.29840782
3076	0.27516235
3077	0.28265527
3078	0.27123632
3079	0.26469920
3080	0.29516209
3081	0.30450003
3082	0.26624001
3083	0.26309583
3084	0.28586142
3085	0.25537549
3086	0.31464743
3087	0.26136442
3088	0.28270711
3089	0.28816723
3090	0.25643654
3091	0.23792037
3092	0.28076533
3093	0.27020773
3094	0.27166245
3095	0.29756767
3096	0.25471567
3097	0.25332345
3098	0.28790226
3099	0.26591721
3100	0.29617928
3101	0.27211612
3102	0.27057400
3103	0.26523961
3104	0.26625509
3105	0.29959389
3106	0.26385721
3107	0.27962076
3108	0.28963545
3109	0.25784167
3110	0.29768643
3111	0.31253224
3112	0.27855503
3113	0.27821425
3114	0.27041481
3115	0.31824284
3116	0.29503853
3117	0.30059145
3118	0.26126609
3119	0.28085609
3120	0.27011803
3121	0.27982764
3122	0.25609497
3123	0.25969525
3124	0.28379517
3125	0.27120115
3126	0.24951597
3127	0.29801884
3128	0.27632932
3129	0.23721234
3130	0.28654416
3131	0.24919693
3132	0.26989541
3133	0.31818132
3134	0.27590806
3135	0.28496549
3136	0.27812053
3137	0.26124488
3138	0.26765725
3139	0.27977962
3140	0.28469031
3141	0.28748956
3142	0.29251479
3143	0.27911249
3144	0.25848225
3145	0.25793420
3146	0.25781420
3147	0.26258282
3148	0.28091306
3149	0.25789185
3150	0.23867483
3151	0.28055114
3152	0.31108859
3153	0.26748535
3154	0.31245584
3155	0.26980893
3156	0.27388237
3157	0.26138826
3158	0.27122947
3159	0.30747718
3160	0.28834374
3161	0.24431634
3162	0.27956076
3163	0.25349496
3164	0.26031878
3165	0.28939301
3166	0.24435441
3167	0.31495278
3168	0.30110848
3169	0.27150155
3170	0.27178614
3171	0.26429401
3172	0.28612402
3173	0.25898011
3174	0.26334842
3175	0.26633873
3176	0.27553804
3177	0.28445110
3178	0.27296417
3179	0.26229823
3180	0.25680966
3181	0.28395837
3182	0.25756827
3183	0.26529573
3184	0.28212567
3185	0.27939465
3186	0.29769993
3187	0.25472581
3188	0.29555134
3189	0.26025074
3190	0.27999335
3191	0.28659922
3192	0.26038971
3193	0.31269584
3194	0.26900639
3195	0.26697221
3196	0.25990516
3197	0.27004729
3198	0.27289357
3199	0.29807811
3200	0.29917823
3201	0.26159916
3202	0.27605724
3203	0.27719825
3204	0.26274834
3205	0.24500474
3206	0.27118093
3207	0.28674248
3208	0.27129421
3209	0.29542640
3210	0.28013700
3211	0.25847566
3212	0.24842706
3213	0.28541250
3214	0.26255174
3215	0.28969644
3216	0.28911908
3217	0.27640387
3218	0.26161964
3219	0.25948614
3220	0.28153468
3221	0.27728387
3222	0.27054568
3223	0.26190437
3224	0.26630791
3225	0.29326701
3226	0.28751446
3227	0.25498768
3228	0.27718106
3229	0.28669881
3230	0.27303405
3231	0.27560212
3232	0.29325173
3233	0.27141935
3234	0.26852776
3235	0.27485945
3236	0.25766831
3237	0.27240578
3238	0.26198683
3239	0.25388803
3240	0.28588184
3241	0.26345505
3242	0.25654607
3243	0.27020839
3244	0.29779214
3245	0.28272891
3246	0.29530192
3247	0.26263841
3248	0.23154535
3249	0.26268089
3250	0.22895126
3251	0.27412665
3252	0.29520740
3253	0.24099980
3254	0.30132391
3255	0.28398749
3256	0.25055253
3257	0.25447461
3258	0.26754752
3259	0.25885352
3260	0.26720760
3261	0.28481183
3262	0.27284779
3263	0.26855009
3264	0.30082138
3265	0.26814668
3266	0.29236258
3267	0.26444280
3268	0.26034644
3269	0.28913956
3270	0.26520483
3271	0.25859013
3272	0.28198920
3273	0.24246269
3274	0.24865139
3275	0.26674662
3276	0.29225845
3277	0.28679648
3278	0.28592057
3279	0.27416736
3280	0.26883653
3281	0.30913166
3282	0.26671712
3283	0.26055931
3284	0.27240466
3285	0.26384239
3286	0.24060989
3287	0.25605796
3288	0.26204400
3289	0.27063453
3290	0.27974761
3291	0.25555826
3292	0.24033169
3293	0.25361108
3294	0.28352025
3295	0.25237193
3296	0.28714846
3297	0.26128394
3298	0.26293025
3299	0.26220681
3300	0.26812060
3301	0.28030560
3302	0.32925397
3303	0.30362155
3304	0.25315379
3305	0.27572489
3306	0.24388830
3307	0.27470586
3308	0.24770355
3309	0.26070381
3310	0.25733880
3311	0.27243582
3312	0.30485332
3313	0.27294961
3314	0.29697069
3315	0.24351209
3316	0.25204637
3317	0.28223460
3318	0.27048719
3319	0.28494237
3320	0.25148548
3321	0.27497932
3322	0.24135039
3323	0.26334328
3324	0.24801996
3325	0.26154258
3326	0.28362386
3327	0.26407706
3328	0.29230093
3329	0.26190246
3330	0.28534532
3331	0.26095996
3332	0.26974254
3333	0.26194395
3334	0.28586208
3335	0.24600678
3336	0.26934506
3337	0.28333518
3338	0.30556537
3339	0.25458124
3340	0.26328058
3341	0.26871527
3342	0.31878535
3343	0.25987591
3344	0.25623454
3345	0.24588481
3346	0.24403675
3347	0.29004577
3348	0.26643265
3349	0.26556504
3350	0.26301100
3351	0.24396397
3352	0.25319081
3353	0.25423520
3354	0.27553402
3355	0.26992327
3356	0.25256754
3357	0.28132359
3358	0.28072943
3359	0.25326358
3360	0.26719166
3361	0.21632082
3362	0.25120740
3363	0.24284351
3364	0.28759204
3365	0.28021550
3366	0.29941467
3367	0.27365606
3368	0.23541415
3369	0.26218461
3370	0.30036600
3371	0.27108582
3372	0.29775934
3373	0.28450886
3374	0.25260535
3375	0.23894836
3376	0.24964302
3377	0.27822361
3378	0.27228255
3379	0.26655147
3380	0.26360350
3381	0.28932306
3382	0.27251083
3383	0.26831213
3384	0.25301416
3385	0.26991128
3386	0.23100514
3387	0.25768280
3388	0.26635560
3389	0.28333162
3390	0.25814576
3391	0.27605065
3392	0.28940499
3393	0.28137410
3394	0.27016248
3395	0.28709945
3396	0.27679642
3397	0.24804472
3398	0.24223651
3399	0.27056649
3400	0.28071369
3401	0.26018158
3402	0.27536139
3403	0.25341988
3404	0.24390654
3405	0.28953711
3406	0.23646631
3407	0.26778825
3408	0.26448100
3409	0.27042692
3410	0.30589567
3411	0.26369393
3412	0.27649595
3413	0.25457393
3414	0.27979793
3415	0.26759073
3416	0.26831634
3417	0.26710261
3418	0.25972891
3419	0.26273681
3420	0.23449793
3421	0.24549760
3422	0.26194059
3423	0.23938886
3424	0.28647935
3425	0.25338978
3426	0.22967944
3427	0.26278529
3428	0.27618672
3429	0.26324040
3430	0.25962577
3431	0.26794803
3432	0.26504597
3433	0.25459856
3434	0.26280485
3435	0.28841691
3436	0.25616907
3437	0.30638504
3438	0.24028881
3439	0.24320358
3440	0.27585839
3441	0.25998373
3442	0.27017566
3443	0.26113364
3444	0.26638569
3445	0.27916400
3446	0.27327109
3447	0.26159415
3448	0.26399098
3449	0.26981611
3450	0.26234993
3451	0.24544807
3452	0.28519627
3453	0.26909814
3454	0.26762181
3455	0.24439221
3456	0.27980742
3457	0.25851861
3458	0.25138550
3459	0.27111078
3460	0.27586603
3461	0.28539959
3462	0.25436238
3463	0.23577692
3464	0.24780913
3465	0.27751703
3466	0.26600784
3467	0.23801014
3468	0.25761898
3469	0.24060153
3470	0.24647415
3471	0.26165573
3472	0.27708832
3473	0.30542995
3474	0.27849259
3475	0.26514714
3476	0.24986261
3477	0.25145669
3478	0.25395870
3479	0.26444662
3480	0.25328934
3481	0.23986972
3482	0.26743055
3483	0.31228459
3484	0.22330317
3485	0.25902793
3486	0.30190450
3487	0.27035230
3488	0.25553198
3489	0.26991471
3490	0.26590088
3491	0.27613601
3492	0.23022743
3493	0.25349681
3494	0.25905691
3495	0.25364269
3496	0.28894244
3497	0.27537206
3498	0.23294817
3499	0.26445828
3500	0.25898209
3501	0.24711401
3502	0.27091675
3503	0.24306079
3504	0.28241481
3505	0.25907087
3506	0.27095245
3507	0.26274853
3508	0.28239604
3509	0.25895548
3510	0.25422255
3511	0.27787341
3512	0.26973312
3513	0.25203827
3514	0.24211598
3515	0.25272799
3516	0.25332602
3517	0.25818238
3518	0.31224712
3519	0.24620503
3520	0.26645907
3521	0.26125127
3522	0.25649542
3523	0.23451189
3524	0.21636330
3525	0.25592696
3526	0.27315359
3527	0.28408575
3528	0.26312382
3529	0.26766120
3530	0.24858506
3531	0.22792531
3532	0.25948884
3533	0.28359685
3534	0.28310308
3535	0.26080445
3536	0.29925542
3537	0.28008338
3538	0.24677429
3539	0.28131700
3540	0.26415116
3541	0.24147566
3542	0.29765435
3543	0.26175993
3544	0.27127208
3545	0.25352710
3546	0.25575598
3547	0.28592768
3548	0.25409432
3549	0.23538629
3550	0.26411184
3551	0.28564296
3552	0.25141869
3553	0.23044655
3554	0.30453105
3555	0.26578028
3556	0.26673497
3557	0.24811941
3558	0.25456774
3559	0.26314483
3560	0.27996575
3561	0.28030067
3562	0.27757558
3563	0.25152493
3564	0.26231753
3565	0.28738319
3566	0.23894382
3567	0.27247889
3568	0.27749687
3569	0.27938207
3570	0.28459929
3571	0.25304393
3572	0.25066653
3573	0.25189304
3574	0.24714655
3575	0.30351907
3576	0.25034539
3577	0.24584601
3578	0.24201014
3579	0.24456214
3580	0.29321695
3581	0.28594514
3582	0.25790871
3583	0.26612580
3584	0.25393512
3585	0.24397827
3586	0.26291339
3587	0.24118369
3588	0.27265185
3589	0.25829731
3590	0.25283982
3591	0.25027952
3592	0.29227827
3593	0.25670441
3594	0.25299315
3595	0.21957103
3596	0.27441540
3597	0.26538984
3598	0.26684476
3599	0.26252835
3600	0.29410367
3601	0.24638872
3602	0.25168208
3603	0.21202984
3604	0.27411091
3605	0.23687855
3606	0.24130429
3607	0.25764276
3608	0.29907396
3609	0.23146704
3610	0.26964309
3611	0.26258486
3612	0.25272772
3613	0.27399743
3614	0.26878068
3615	0.26205585
3616	0.25838062
3617	0.24555898
3618	0.26379780
3619	0.27663248
3620	0.29514483
3621	0.26533188
3622	0.27003945
3623	0.26485675
3624	0.26215195
3625	0.26038016
3626	0.25175664
3627	0.27140861
3628	0.27009287
3629	0.24965725
3630	0.25638471
3631	0.26290997
3632	0.27487433
3633	0.27182988
3634	0.23226918
3635	0.27293045
3636	0.24502878
3637	0.25162313
3638	0.29050991
3639	0.25416551
3640	0.26230705
3641	0.24114832
3642	0.28773918
3643	0.23457084
3644	0.26717790
3645	0.28659119
3646	0.25823408
3647	0.24875782
3648	0.23688487
3649	0.25282731
3650	0.24164533
3651	0.25662735
3652	0.25354377
3653	0.29458072
3654	0.24596601
3655	0.25128855
3656	0.27135961
3657	0.25874932
3658	0.26326148
3659	0.25193506
3660	0.27424527
3661	0.24993051
3662	0.23438418
3663	0.25320536
3664	0.27393144
3665	0.26813192
3666	0.26441619
3667	0.26389771
3668	0.28978562
3669	0.27815629
3670	0.29019924
3671	0.26918178
3672	0.25463400
3673	0.24736752
3674	0.26575064
3675	0.24964177
3676	0.26792241
3677	0.24778259
3678	0.23885095
3679	0.25733847
3680	0.26239189
3681	0.25532767
3682	0.23314898
3683	0.25341257
3684	0.28454864
3685	0.26502878
3686	0.27729513
3687	0.23938978
3688	0.25541579
3689	0.20999611
3690	0.25203767
3691	0.30683442
3692	0.26497945
3693	0.27086808
3694	0.26868919
3695	0.23779569
3696	0.25161338
3697	0.27673582
3698	0.24930824
3699	0.27307219
3700	0.25539156
3701	0.27332345
3702	0.25038879
3703	0.26966495
3704	0.26035072
3705	0.23976987
3706	0.25394402
3707	0.24001238
3708	0.28481315
3709	0.29111605
3710	0.24579668
3711	0.26553290
3712	0.26163597
3713	0.28807271
3714	0.26303748
3715	0.28827287
3716	0.28569729
3717	0.24847836
3718	0.26127241
3719	0.27997524
3720	0.26452104
3721	0.24511058
3722	0.27633103
3723	0.22194224
3724	0.27746651
3725	0.25891280
3726	0.26079088
3727	0.23900797
3728	0.23990694
3729	0.25663209
3730	0.24780340
3731	0.26297115
3732	0.30292314
3733	0.27656642
3734	0.28505651
3735	0.25548265
3736	0.24742949
3737	0.26608628
3738	0.28102740
3739	0.28633781
3740	0.27793677
3741	0.25782033
3742	0.24960956
3743	0.25501989
3744	0.26403208
3745	0.25648449
3746	0.26623395
3747	0.24703570
3748	0.26053883
3749	0.23895666
3750	0.25714549
3751	0.26225035
3752	0.28516670
3753	0.28183495
3754	0.23665540
3755	0.30839413
3756	0.22652065
3757	0.25506356
3758	0.26565705
3759	0.22848732
3760	0.25037088
3761	0.24524995
3762	0.25355332
3763	0.25794145
3764	0.26877178
3765	0.26873615
3766	0.29330416
3767	0.28671672
3768	0.27618257
3769	0.24415847
3770	0.27439630
3771	0.26629856
3772	0.23571560
3773	0.26462616
3774	0.25069321
3775	0.26418731
3776	0.26263011
3777	0.28923981
3778	0.27572693
3779	0.26195139
3780	0.25449094
3781	0.25088546
3782	0.24285879
3783	0.24597800
3784	0.28009425
3785	0.26100468
3786	0.27097906
3787	0.25534209
3788	0.23045847
3789	0.26299967
3790	0.24999111
3791	0.25627129
3792	0.26303991
3793	0.25055141
3794	0.26318079
3795	0.27051815
3796	0.22238826
3797	0.24884654
3798	0.23541382
3799	0.28312139
3800	0.28408299
3801	0.26274669
3802	0.29169433
3803	0.27867134
3804	0.25699855
3805	0.24992650
3806	0.24691095
3807	0.25069854
3808	0.24501910
3809	0.25749681
3810	0.24939992
3811	0.26132378
3812	0.24581295
3813	0.23734552
3814	0.25433149
3815	0.23790726
3816	0.24604657
3817	0.25670441
3818	0.27939189
3819	0.25205539
3820	0.25264954
3821	0.26500527
3822	0.24857525
3823	0.25920944
3824	0.23753784
3825	0.23237470
3826	0.27356359
3827	0.23308463
3828	0.25767220
3829	0.24516683
3830	0.24959310
3831	0.25632464
3832	0.26717809
3833	0.26583738
3834	0.25146256
3835	0.26301093
3836	0.25169492
3837	0.26019476
3838	0.27547942
3839	0.27082039
3840	0.22287512
3841	0.25594724
3842	0.24086933
3843	0.24501903
3844	0.26675176
3845	0.24005941
3846	0.24146460
3847	0.26857749
3848	0.24965652
3849	0.23134005
3850	0.26246381
3851	0.24884878
3852	0.24104281
3853	0.23308990
3854	0.23351116
3855	0.27848199
3856	0.23778390
3857	0.24782079
3858	0.25143443
3859	0.24954469
3860	0.25082000
3861	0.25716696
3862	0.22975545
3863	0.24306020
3864	0.26269815
3865	0.26628921
3866	0.26835823
3867	0.23133182
3868	0.27033478
3869	0.27645926
3870	0.25986116
3871	0.23825054
3872	0.24410031
3873	0.24732694
3874	0.24957354
3875	0.24165639
3876	0.26538523
3877	0.27200125
3878	0.26519667
3879	0.26351742
3880	0.21971745
3881	0.26306171
3882	0.26118547
3883	0.24616887
3884	0.27752381
3885	0.27504149
3886	0.23764921
3887	0.27231990
3888	0.22338576
3889	0.23271448
3890	0.22319963
3891	0.25329144
3892	0.25649397
3893	0.25876118
3894	0.24411296
3895	0.25262234
3896	0.24552210
3897	0.25870981
3898	0.23969308
3899	0.24077113
3900	0.26980939
3901	0.25080406
3902	0.23339867
3903	0.27602147
3904	0.25096509
3905	0.26440058
3906	0.26546901
3907	0.23839867
3908	0.25723283
3909	0.25064440
3910	0.22953573
3911	0.25983330
3912	0.28523987
3913	0.24073345
3914	0.25144418
3915	0.23476414
3916	0.25324093
3917	0.23955957
3918	0.24366423
3919	0.25072219
3920	0.25467068
3921	0.25755753
3922	0.24343193
3923	0.25204729
3924	0.22941474
3925	0.28164704
3926	0.24115570
3927	0.25903491
3928	0.25628703
3929	0.27579787
3930	0.26038010
3931	0.23962267
3932	0.25136936
3933	0.26824962
3934	0.23643384
3935	0.26051564
3936	0.27990825
3937	0.24685154
3938	0.22289047
3939	0.26183093
3940	0.27997991
3941	0.29314786
3942	0.26825357
3943	0.25864717
3944	0.24577027
3945	0.24110097
3946	0.25715175
3947	0.25148818
3948	0.26886491
3949	0.27381730
3950	0.24507265
3951	0.25269861
3952	0.26041329
3953	0.24550892
3954	0.25613311
3955	0.25900718
3956	0.25942897
3957	0.24993730
3958	0.23930831
3959	0.24970454
3960	0.23676645
3961	0.22988652
3962	0.26904749
3963	0.23620306
3964	0.23623730
3965	0.24282685
3966	0.24689100
3967	0.21291734
3968	0.25253527
3969	0.24633748
3970	0.25009511
3971	0.26464697
3972	0.25265573
3973	0.25881756
3974	0.24769031
3975	0.25408160
3976	0.22762063
3977	0.27105111
3978	0.27837937
3979	0.21871929
3980	0.25618257
3981	0.24001706
3982	0.24864210
3983	0.27178963
3984	0.25300099
3985	0.24802509
3986	0.24685345
3987	0.26223342
3988	0.23873154
3989	0.27765257
3990	0.28006250
3991	0.26129638
3992	0.23665824
3993	0.29749779
3994	0.23278357
3995	0.25918112
3996	0.24024758
3997	0.26814246
3998	0.25812092
3999	0.28494395
4000	0.24644965
4001	0.25793605
4002	0.28311315
4003	0.25458829
4004	0.26772146
4005	0.23634216
4006	0.24362260
4007	0.24140150
4008	0.23444201
4009	0.27130514
4010	0.21956273
4011	0.22896252
4012	0.23664111
4013	0.24854548
4014	0.23486900
4015	0.21676770
4016	0.24893677
4017	0.26452210
4018	0.23787861
4019	0.25170315
4020	0.23040269
4021	0.23916110
4022	0.28223210
4023	0.23588296
4024	0.23313798
4025	0.24637990
4026	0.26651485
4027	0.26307370
4028	0.27493598
4029	0.23776632
4030	0.22700876
4031	0.23739281
4032	0.24312606
4033	0.24369933
4034	0.25232609
4035	0.27915445
4036	0.24782783
4037	0.25318152
4038	0.23018027
4039	0.27187980
4040	0.22662063
4041	0.26216591
4042	0.22926872
4043	0.27965185
4044	0.22914859
4045	0.24657288
4046	0.22846038
4047	0.27376401
4048	0.24060298
4049	0.26549951
4050	0.25506711
4051	0.26742436
4052	0.27039406
4053	0.24622822
4054	0.25297774
4055	0.26152631
4056	0.22049503
4057	0.24515833
4058	0.26361404
4059	0.24351505
4060	0.22833610
4061	0.26126628
4062	0.25850669
4063	0.24824712
4064	0.23481071
4065	0.24905342
4066	0.28353764
4067	0.23078272
4068	0.26127406
4069	0.27094290
4070	0.22373279
4071	0.23199104
4072	0.24419133
4073	0.23952467
4074	0.24654502
4075	0.24349793
4076	0.26632951
4077	0.25728275
4078	0.23397754
4079	0.23371132
4080	0.27271277
4081	0.25380821
4082	0.23429592
4083	0.25906593
4084	0.24104610
4085	0.23409741
4086	0.23713337
4087	0.25416400
4088	0.24808029
4089	0.26135461
4090	0.24251676
4091	0.23200955
4092	0.26113390
4093	0.25406415
4094	0.25024481
4095	0.25666160
4096	0.26005605
4097	0.27003300
4098	0.26098874
4099	0.23673332
4100	0.24644023
4101	0.23649667
4102	0.25282052
4103	0.23879596
4104	0.23135737
4105	0.25049430
4106	0.26232299
4107	0.24683330
4108	0.24788178
4109	0.25716920
4110	0.25679839
4111	0.26878331
4112	0.25075413
4113	0.24529862
4114	0.25159336
4115	0.26392399
4116	0.25331779
4117	0.24704018
4118	0.24063894
4119	0.24444339
4120	0.26596983
4121	0.21908694
4122	0.26971955
4123	0.24248100
4124	0.25704894
4125	0.21812982
4126	0.22686933
4127	0.25421234
4128	0.23939735
4129	0.23937977
4130	0.23359521
4131	0.27873977
4132	0.23975150
4133	0.25214767
4134	0.24129461
4135	0.25905309
4136	0.23716156
4137	0.24658032
4138	0.25148785
4139	0.25555378
4140	0.28291194
4141	0.24922815
4142	0.26439986
4143	0.24612501
4144	0.25764981
4145	0.24906685
4146	0.24653705
4147	0.23716308
4148	0.26373833
4149	0.24494527
4150	0.26265191
4151	0.26105552
4152	0.26757736
4153	0.26166798
4154	0.23690371
4155	0.27561608
4156	0.28667707
4157	0.23714720
4158	0.23761299
4159	0.26645564
4160	0.21783185
4161	0.24616670
4162	0.25981552
4163	0.23965889
4164	0.22508384
4165	0.23871699
4166	0.24236758
4167	0.26463835
4168	0.24814951
4169	0.24170724
4170	0.23859204
4171	0.22856036
4172	0.26846908
4173	0.24169295
4174	0.25424343
4175	0.24989798
4176	0.25901745
4177	0.25341527
4178	0.26948304
4179	0.26352862
4180	0.25372054
4181	0.27175993
4182	0.23160014
4183	0.24034157
4184	0.25284944
4185	0.28507989
4186	0.23611282
4187	0.24033821
4188	0.23625634
4189	0.25995034
4190	0.26177396
4191	0.24074590
4192	0.23562985
4193	0.23020865
4194	0.24329006
4195	0.24580669
4196	0.25413897
4197	0.26462768
4198	0.24408766
4199	0.27118086
4200	0.25772021
4201	0.21627452
4202	0.24692650
4203	0.22103392
4204	0.25415833
4205	0.25839465
4206	0.21256129
4207	0.22762820
4208	0.23775466
4209	0.23643641
4210	0.27477053
4211	0.23110729
4212	0.24873885
4213	0.21426958
4214	0.27073569
4215	0.25704927
4216	0.23182276
4217	0.26829961
4218	0.24073734
4219	0.23096088
4220	0.24419555
4221	0.23685128
4222	0.25008233
4223	0.24597095
4224	0.24347250
4225	0.22897965
4226	0.24781532
4227	0.23035145
4228	0.21924844
4229	0.24101284
4230	0.27248370
4231	0.24278976
4232	0.25906870
4233	0.24880109
4234	0.25228894
4235	0.23673115
4236	0.26673516
4237	0.23473747
4238	0.25015412
4239	0.24070744
4240	0.26978166
4241	0.22413877
4242	0.25619219
4243	0.26017790
4244	0.23119654
4245	0.25918349
4246	0.22536034
4247	0.26951630
4248	0.25752882
4249	0.27834413
4250	0.22670013
4251	0.24434058
4252	0.24888625
4253	0.26151577
4254	0.24181157
4255	0.21971797
4256	0.23035250
4257	0.22895811
4258	0.22181927
4259	0.21893453
4260	0.24191181
4261	0.28080274
4262	0.23650780
4263	0.26376757
4264	0.26599519
4265	0.25750754
4266	0.23474346
4267	0.24657992
4268	0.22967108
4269	0.24814714
4270	0.25273273
4271	0.23350280
4272	0.22665883
4273	0.23970665
4274	0.24547724
4275	0.26833136
4276	0.25807390
4277	0.22063630
4278	0.23713660
4279	0.23543858
4280	0.23277383
4281	0.22742343
4282	0.23846987
4283	0.25031957
4284	0.28377890
4285	0.25249483
4286	0.22214062
4287	0.25779273
4288	0.23332780
4289	0.23458480
4290	0.22733320
4291	0.26054126
4292	0.26400836
4293	0.23244267
4294	0.22390239
4295	0.25310993
4296	0.24611460
4297	0.25857347
4298	0.24596035
4299	0.23995627
4300	0.27348074
4301	0.24270875
4302	0.24217342
4303	0.23265876
4304	0.25311296
4305	0.24415939
4306	0.26749878
4307	0.25447652
4308	0.25348449
4309	0.24552954
4310	0.25321781
4311	0.23715893
4312	0.23138339
4313	0.27132049
4314	0.26182981
4315	0.23202371
4316	0.26270777
4317	0.21880992
4318	0.24720174
4319	0.25703524
4320	0.24014266
4321	0.26218165
4322	0.25086195
4323	0.25952197
4324	0.26720622
4325	0.24919324
4326	0.23995429
4327	0.25957242
4328	0.23713028
4329	0.25036534
4330	0.22228960
4331	0.23791049
4332	0.27451156
4333	0.22254884
4334	0.22837311
4335	0.26495561
4336	0.24751920
4337	0.22213706
4338	0.27300151
4339	0.24958855
4340	0.25879767
4341	0.25488118
4342	0.23218185
4343	0.21868669
4344	0.22716677
4345	0.26838556
4346	0.26237199
4347	0.24751373
4348	0.23235434
4349	0.24760390
4350	0.25766647
4351	0.24192353
4352	0.22721261
4353	0.26161147
4354	0.22792202
4355	0.25791260
4356	0.23098880
4357	0.23289238
4358	0.20833557
4359	0.22932299
4360	0.24182711
4361	0.24475216
4362	0.22797491
4363	0.27031667
4364	0.22968946
4365	0.24586656
4366	0.23589745
4367	0.26068287
4368	0.22781479
4369	0.26796773
4370	0.23474893
4371	0.24497010
4372	0.27973246
4373	0.23390167
4374	0.25661332
4375	0.22866858
4376	0.25722637
4377	0.22820180
4378	0.27378687
4379	0.24586050
4380	0.25206646
4381	0.21898893
4382	0.23417928
4383	0.23618152
4384	0.22489653
4385	0.23485069
4386	0.25836798
4387	0.24865962
4388	0.26172884
4389	0.24281473
4390	0.24977541
4391	0.23659791
4392	0.25287526
4393	0.25630501
4394	0.21137180
4395	0.24013001
4396	0.26052816
4397	0.25203675
4398	0.25338346
4399	0.25639044
4400	0.23072943
4401	0.25389554
4402	0.23185668
4403	0.25162227
4404	0.23623368
4405	0.23216933
4406	0.26356636
4407	0.25048014
4408	0.24238905
4409	0.24728631
4410	0.25490391
4411	0.21692742
4412	0.22347086
4413	0.24030962
4414	0.23453711
4415	0.22785523
4416	0.23031858
4417	0.23819212
4418	0.23386156
4419	0.25657663
4420	0.24990542
4421	0.26011025
4422	0.24758322
4423	0.25783350
4424	0.25003273
4425	0.23322881
4426	0.25544662
4427	0.25409965
4428	0.24710011
4429	0.24761938
4430	0.21558210
4431	0.22849180
4432	0.21731950
4433	0.20389284
4434	0.23150669
4435	0.24329256
4436	0.24518659
4437	0.22180854
4438	0.23718652
4439	0.24052644
4440	0.21057815
4441	0.20741955
4442	0.22828894
4443	0.22592551
4444	0.23714477
4445	0.25215689
4446	0.22616393
4447	0.24929000
4448	0.22686992
4449	0.24192472
4450	0.25723579
4451	0.22371145
4452	0.26600105
4453	0.22526042
4454	0.24179681
4455	0.22213541
4456	0.24718626
4457	0.25350326
4458	0.26032214
4459	0.22306178
4460	0.24107311
4461	0.23236686
4462	0.20706132
4463	0.22128538
4464	0.23291504
4465	0.24691550
4466	0.23111427
4467	0.24944379
4468	0.24202035
4469	0.24444965
4470	0.22193921
4471	0.24862418
4472	0.23262557
4473	0.23824330
4474	0.24340532
4475	0.25646974
4476	0.25295877
4477	0.23790700
4478	0.26725799
4479	0.25939748
4480	0.24020944
4481	0.26428512
4482	0.24392669
4483	0.23264440
4484	0.25740638
4485	0.27226016
4486	0.23949760
4487	0.24534927
4488	0.21595811
4489	0.23992202
4490	0.28448521
4491	0.21568425
4492	0.24287822
4493	0.26814062
4494	0.23950510
4495	0.23086077
4496	0.23651828
4497	0.22730481
4498	0.25007871
4499	0.26036626
4500	0.23635085
4501	0.21213008
4502	0.22575354
4503	0.22227965
4504	0.25891747
4505	0.25118580
4506	0.26856708
4507	0.24482513
4508	0.25220760
4509	0.26562596
4510	0.22804024
4511	0.26397616
4512	0.24400896
4513	0.22656102
4514	0.22032036
4515	0.23001245
4516	0.26281585
4517	0.25140190
4518	0.25803820
4519	0.25801370
4520	0.27644069
4521	0.23984450
4522	0.24196081
4523	0.23238411
4524	0.24387038
4525	0.25672087
4526	0.25521346
4527	0.24963657
4528	0.23202727
4529	0.26229731
4530	0.21888856
4531	0.22948844
4532	0.22487927
4533	0.24629658
4534	0.24706310
4535	0.22044109
4536	0.23028960
4537	0.21924080
4538	0.26346414
4539	0.22726187
4540	0.22868149
4541	0.26695502
4542	0.26878219
4543	0.24270803
4544	0.25736284
4545	0.23168682
4546	0.22483837
4547	0.25566805
4548	0.23726141
4549	0.22056886
4550	0.21751755
4551	0.23966199
4552	0.26023816
4553	0.25181855
4554	0.25068985
4555	0.26883356
4556	0.25976500
4557	0.22131812
4558	0.23087414
4559	0.25686814
4560	0.23332187
4561	0.22426563
4562	0.22177060
4563	0.22969275
4564	0.23322505
4565	0.27632128
4566	0.23518725
4567	0.26117487
4568	0.23115307
4569	0.25382408
4570	0.26258895
4571	0.24943048
4572	0.24314352
4573	0.26372482
4574	0.24794224
4575	0.23901403
4576	0.26474511
4577	0.23564664
4578	0.26745294
4579	0.24658809
4580	0.23316571
4581	0.24114187
4582	0.27832760
4583	0.23615899
4584	0.22939096
4585	0.25815419
4586	0.21953975
4587	0.25186347
4588	0.23165119
4589	0.22392669
4590	0.29243503
4591	0.23848515
4592	0.26301976
4593	0.26275433
4594	0.22738550
4595	0.25800454
4596	0.27093783
4597	0.24295587
4598	0.24679813
4599	0.21708154
4600	0.24480669
4601	0.26183745
4602	0.23017599
4603	0.23916670
4604	0.23275973
4605	0.26039459
4606	0.26267576
4607	0.24457209
4608	0.25115801
4609	0.20296312
4610	0.21900336
4611	0.27281894
4612	0.24180458
4613	0.25014641
4614	0.26209511
4615	0.25061925
4616	0.24687071
4617	0.22534387
4618	0.23538122
4619	0.22670223
4620	0.23096746
4621	0.22873306
4622	0.22849707
4623	0.25899592
4624	0.23235033
4625	0.22580419
4626	0.24171909
4627	0.24801686
4628	0.23697919
4629	0.24328018
4630	0.23071916
4631	0.26580458
4632	0.22313535
4633	0.23654212
4634	0.25975697
4635	0.23956899
4636	0.22932793
4637	0.21886011
4638	0.23279582
4639	0.22223658
4640	0.24845261
4641	0.21708279
4642	0.24118481
4643	0.23435698
4644	0.22988698
4645	0.23692445
4646	0.23760917
4647	0.24263630
4648	0.23025100
4649	0.21410834
4650	0.25649812
4651	0.24673839
4652	0.24736014
4653	0.23288731
4654	0.24174557
4655	0.23508470
4656	0.25966133
4657	0.25536995
4658	0.24227155
4659	0.22947975
4660	0.23394435
4661	0.24079075
4662	0.22165718
4663	0.25877890
4664	0.24341751
4665	0.24788632
4666	0.22771527
4667	0.24566542
4668	0.25522664
4669	0.22884838
4670	0.24969393
4671	0.22008016
4672	0.23189455
4673	0.23268267
4674	0.23778785
4675	0.21491299
4676	0.22395581
4677	0.24228809
4678	0.21465837
4679	0.24990140
4680	0.23303188
4681	0.24992907
4682	0.26376645
4683	0.23628512
4684	0.22336455
4685	0.23063657
4686	0.23829849
4687	0.22985563
4688	0.23249569
4689	0.25343417
4690	0.25346144
4691	0.24982033
4692	0.24655523
4693	0.25311579
4694	0.21937614
4695	0.21279484
4696	0.21732846
4697	0.23012244
4698	0.21734901
4699	0.23017434
4700	0.24508068
4701	0.25295449
4702	0.24839617
4703	0.24065771
4704	0.25599032
4705	0.23629750
4706	0.24133386
4707	0.24164440
4708	0.21296944
4709	0.21875532
4710	0.23367418
4711	0.24068695
4712	0.21942337
4713	0.23410136
4714	0.22928413
4715	0.23524152
4716	0.23241085
4717	0.25599934
4718	0.25291714
4719	0.22980182
4720	0.22212817
4721	0.21125897
4722	0.23581196
4723	0.24544069
4724	0.25191905
4725	0.25996187
4726	0.25732859
4727	0.24830113
4728	0.23876414
4729	0.23066700
4730	0.25558315
4731	0.22802516
4732	0.22477567
4733	0.25035665
4734	0.20572081
4735	0.25803965
4736	0.23814424
4737	0.22885938
4738	0.22396799
4739	0.24143674
4740	0.25306237
4741	0.23383396
4742	0.23120944
4743	0.25620220
4744	0.22476572
4745	0.23275499
4746	0.24639564
4747	0.22089258
4748	0.24015853
4749	0.22033669
4750	0.23459119
4751	0.22765969
4752	0.24742251
4753	0.25130600
4754	0.23189548
4755	0.23972048
4756	0.21983343
4757	0.23786531
4758	0.26887295
4759	0.25206889
4760	0.24134111
4761	0.24709504
4762	0.23142192
4763	0.25573490
4764	0.22008332
4765	0.24363406
4766	0.24000501
4767	0.24137924
4768	0.23032879
4769	0.21214444
4770	0.24996226
4771	0.24948963
4772	0.21481545
4773	0.23690331
4774	0.24386426
4775	0.24002094
4776	0.21909886
4777	0.22051419
4778	0.22937180
4779	0.22786386
4780	0.24713877
4781	0.25455826
4782	0.21839268
4783	0.23086656
4784	0.24100250
4785	0.23456794
4786	0.25345136
4787	0.20245017
4788	0.23059033
4789	0.22648185
4790	0.22531318
4791	0.24850550
4792	0.22474458
4793	0.26137786
4794	0.23238135
4795	0.22596424
4796	0.23627439
4797	0.22380893
4798	0.24734236
4799	0.22766192
4800	0.22811598
4801	0.22394270
4802	0.21957485
4803	0.20872640
4804	0.24607844
4805	0.22111249
4806	0.21541402
4807	0.21346592
4808	0.23541678
4809	0.21136738
4810	0.24428960
4811	0.21186287
4812	0.24185853
4813	0.23776441
4814	0.24073227
4815	0.23317197
4816	0.22065567
4817	0.18808226
4818	0.25234038
4819	0.22780221
4820	0.21538971
4821	0.22687361
4822	0.23557762
4823	0.22425720
4824	0.24989903
4825	0.23770895
4826	0.23532128
4827	0.22478759
4828	0.24410176
4829	0.26017447
4830	0.25933709
4831	0.24053395
4832	0.23305032
4833	0.26507772
4834	0.25877969
4835	0.25571330
4836	0.23808951
4837	0.21883093
4838	0.24270803
4839	0.23073747
4840	0.21706270
4841	0.24516196
4842	0.24877646
4843	0.23086953
4844	0.26864006
4845	0.23368662
4846	0.21778726
4847	0.23267227
4848	0.23926958
4849	0.25838168
4850	0.22896779
4851	0.20576711
4852	0.22385596
4853	0.23889521
4854	0.21916334
4855	0.20534710
4856	0.21449740
4857	0.26231733
4858	0.23563242
4859	0.22879161
4860	0.21089765
4861	0.22104228
4862	0.24422486
4863	0.22342462
4864	0.25857643
4865	0.23736936
4866	0.24384456
4867	0.22886419
4868	0.25016657
4869	0.24000527
4870	0.25097827
4871	0.22828993
4872	0.23525515
4873	0.21587078
4874	0.24127465
4875	0.25349536
4876	0.24775861
4877	0.22216163
4878	0.20134664
4879	0.25264954
4880	0.21978904
4881	0.23735988
4882	0.25000040
4883	0.20438016
4884	0.22711678
4885	0.21529276
4886	0.23603781
4887	0.20556464
4888	0.24450649
4889	0.23851689
4890	0.22040941
4891	0.25753415
4892	0.24481163
4893	0.22682362
4894	0.22177448
4895	0.22258724
4896	0.22862221
4897	0.22610057
4898	0.21767885
4899	0.22532833
4900	0.23322334
4901	0.22115320
4902	0.24917730
4903	0.22305506
4904	0.22516110
4905	0.24806369
4906	0.22379714
4907	0.23110723
4908	0.23220635
4909	0.26122281
4910	0.22467246
4911	0.22252401
4912	0.23916130
4913	0.24286946
4914	0.24125891
4915	0.23357927
4916	0.21302141
4917	0.23066528
4918	0.22392821
4919	0.24135922
4920	0.23795324
4921	0.24259382
4922	0.22883435
4923	0.22958842
4924	0.21930771
4925	0.23294026
4926	0.24850063
4927	0.24277047
4928	0.22059488
4929	0.22490483
4930	0.23656504
4931	0.25110196
4932	0.24274188
4933	0.24018349
4934	0.26514503
4935	0.23816795
4936	0.22967991
4937	0.25015781
4938	0.23101126
4939	0.23418152
4940	0.23087486
4941	0.21559158
4942	0.23085207
4943	0.21735507
4944	0.24821623
4945	0.23382750
4946	0.21219166
4947	0.21716841
4948	0.22979286
4949	0.21509787
4950	0.24280287
4951	0.24421610
4952	0.23111091
4953	0.24573220
4954	0.21424409
4955	0.23532391
4956	0.23652065
4957	0.23321406
4958	0.24159573
4959	0.22775038
4960	0.21187130
4961	0.25350919
4962	0.24014167
4963	0.21953665
4964	0.24025759
4965	0.22752592
4966	0.19490825
4967	0.22778812
4968	0.26689093
4969	0.24259982
4970	0.24724356
4971	0.22627063
4972	0.21236100
4973	0.24549193
4974	0.22749641
4975	0.23289271
4976	0.22434058
4977	0.23412738
4978	0.20790786
4979	0.20066173
4980	0.24506804
4981	0.24564467
4982	0.25012066
4983	0.20534104
4984	0.20224982
4985	0.23281618
4986	0.25190180
4987	0.23814411
4988	0.23907515
4989	0.24407666
4990	0.22639142
4991	0.22215280
4992	0.22417816
4993	0.22703339
4994	0.24100593
4995	0.20941105
4996	0.21727294
4997	0.23527313
4998	0.22138438
4999	0.23771995
5000	0.24361674
5001	0.21340170
5002	0.22598176
5003	0.21608668
5004	0.21585326
5005	0.23309155
5006	0.19900619
5007	0.21549904
5008	0.21073530
5009	0.21982480
5010	0.22705289
5011	0.20624521
5012	0.24465475
5013	0.21092162
5014	0.19356866
5015	0.23776711
5016	0.24218692
5017	0.23072660
5018	0.23233946
5019	0.24831575
5020	0.25948541
5021	0.23719298
5022	0.24573549
5023	0.21419634
5024	0.24939821
5025	0.24718112
5026	0.23132227
5027	0.23364790
5028	0.23954778
5029	0.24004116
5030	0.23813739
5031	0.24922117
5032	0.25560265
5033	0.24716677
5034	0.22491339
5035	0.23659007
5036	0.25420701
5037	0.22881413
5038	0.20599572
5039	0.24286439
5040	0.23116459
5041	0.24792525
5042	0.22102918
5043	0.23152085
5044	0.19100013
5045	0.24260265
5046	0.19478298
5047	0.23701093
5048	0.25355424
5049	0.22437008
5050	0.22754041
5051	0.23798189
5052	0.24913614
5053	0.24326628
5054	0.21574452
5055	0.25362880
5056	0.20869150
5057	0.23317678
5058	0.23560956
5059	0.21536007
5060	0.22819337
