0	0.56253536
1	0.56159696
2	0.56219191
3	0.56194476
4	0.55311156
5	0.55968856
6	0.55883809
7	0.56199384
8	0.56079429
9	0.56225231
10	0.56240505
11	0.55380943
12	0.56164819
13	0.56067738
14	0.53332811
15	0.56055250
16	0.56244864
17	0.56248185
18	0.56236608
19	0.56276483
20	0.56263319
21	0.56285965
22	0.56264202
23	0.56231204
24	0.56204801
25	0.56272312
26	0.56244804
27	0.56244348
28	0.56273517
29	0.56217879
30	0.56128130
31	0.56285583
32	0.56187619
33	0.56268260
34	0.56235396
35	0.56106957
36	0.56261986
37	0.56237900
38	0.55854299
39	0.56281592
40	0.56261223
41	0.56251681
42	0.56204018
43	0.56168535
44	0.56233333
45	0.56137331
46	0.56184411
47	0.56201045
48	0.55858397
49	0.55837532
50	0.56283467
51	0.55495092
52	0.56148607
53	0.55970450
54	0.55991931
55	0.56236018
56	0.56212897
57	0.56064216
58	0.56199699
59	0.55266245
60	0.56092045
61	0.55725727
62	0.53878934
63	0.56178559
64	0.56014316
65	0.55495547
66	0.55705886
67	0.55568441
68	0.55608055
69	0.55715227
70	0.56057252
71	0.56032121
72	0.56020966
73	0.55856020
74	0.55892728
75	0.55843270
76	0.56004185
77	0.54397509
78	0.55466606
79	0.55033420
80	0.55727916
81	0.52197154
82	0.52551754
83	0.55732289
84	0.52578204
85	0.55800569
86	0.54899029
87	0.55522245
88	0.55497241
89	0.54970999
90	0.55456562
91	0.54803114
92	0.55934003
93	0.52597034
94	0.54744623
95	0.53103053
96	0.52060848
97	0.55541878
98	0.56107312
99	0.54205364
100	0.55423242
101	0.56011845
102	0.54390632
103	0.55462930
104	0.55103469
105	0.55592366
106	0.51323651
107	0.54876115
108	0.52283856
109	0.54101098
110	0.55262241
111	0.55892246
112	0.55836320
113	0.53133039
114	0.54868254
115	0.54414109
116	0.52191523
117	0.53391228
118	0.55789025
119	0.54681345
120	0.55869854
121	0.55484827
122	0.55486681
123	0.53722479
124	0.54220899
125	0.53863138
126	0.53652879
127	0.55020671
128	0.55281030
129	0.53377742
130	0.54023490
131	0.55988583
132	0.54896525
133	0.53935878
134	0.54931954
135	0.51925646
136	0.54824481
137	0.55468421
138	0.54169921
139	0.54225954
140	0.54476751
141	0.55007218
142	0.52903897
143	0.53816245
144	0.54968970
145	0.50408799
146	0.54142286
147	0.52192326
148	0.53845781
149	0.52906884
150	0.54597007
151	0.53168388
152	0.53553931
153	0.51938021
154	0.51774166
155	0.54714343
156	0.54221662
157	0.55172285
158	0.54015709
159	0.50440003
160	0.51746973
161	0.49371220
162	0.52763533
163	0.50447690
164	0.54162294
165	0.53135101
166	0.52540384
167	0.52226637
168	0.49681827
169	0.52714303
170	0.52669506
171	0.54058946
172	0.52279302
173	0.52039273
174	0.52034713
175	0.52659147
176	0.50423282
177	0.54909971
178	0.47461042
179	0.52569332
180	0.51444877
181	0.53572030
182	0.55247891
183	0.48778385
184	0.50941449
185	0.52888148
186	0.53380856
187	0.48840994
188	0.51896799
189	0.51669566
190	0.53938288
191	0.45639829
192	0.45372064
193	0.54124575
194	0.51195594
195	0.51088014
196	0.54131733
197	0.49629055
198	0.53032429
199	0.53310125
200	0.49978124
201	0.54441168
202	0.49045460
203	0.49418321
204	0.54001701
205	0.52240933
206	0.52659509
207	0.50518676
208	0.51704681
209	0.51239728
210	0.54862267
211	0.45342607
212	0.48535161
213	0.53883762
214	0.54318247
215	0.52829932
216	0.50163787
217	0.53401902
218	0.53262307
219	0.51269593
220	0.49971682
221	0.51681144
222	0.54405049
223	0.48410988
224	0.50655611
225	0.50895139
226	0.52113151
227	0.53591087
228	0.47656201
229	0.53686969
230	0.52992005
231	0.53982021
232	0.48919030
233	0.52757768
234	0.49913519
235	0.50215180
236	0.40689755
237	0.53244375
238	0.47195366
239	0.50502745
240	0.49377173
241	0.47952812
242	0.46797047
243	0.52106743
244	0.50550790
245	0.46931244
246	0.50542614
247	0.51157526
248	0.54577468
249	0.49940023
250	0.52063854
251	0.49350710
252	0.50828003
253	0.46074990
254	0.52971756
255	0.49287030
256	0.54158283
257	0.48188416
258	0.48758966
259	0.40834170
260	0.44430461
261	0.49581184
262	0.51425311
263	0.51128459
264	0.52740117
265	0.50617001
266	0.46148996
267	0.53309683
268	0.48088717
269	0.48437411
270	0.51740190
271	0.46665743
272	0.47941878
273	0.46544241
274	0.51493157
275	0.49745935
276	0.45864725
277	0.47246384
278	0.47508611
279	0.45004292
280	0.51045386
281	0.49052665
282	0.51161417
283	0.46139835
284	0.50506515
285	0.49483842
286	0.52222626
287	0.45300121
288	0.49410868
289	0.50508297
290	0.50262756
291	0.50703161
292	0.50102096
293	0.49980039
294	0.49250228
295	0.53629798
296	0.51789293
297	0.45991047
298	0.48668843
299	0.45217015
300	0.49806730
301	0.48620959
302	0.48919579
303	0.52862020
304	0.47992119
305	0.50668140
306	0.48950275
307	0.48478633
308	0.45380086
309	0.49353710
310	0.41072144
311	0.50308163
312	0.48138148
313	0.49831385
314	0.46477494
315	0.46615314
316	0.47835001
317	0.46312167
318	0.50596163
319	0.48788007
320	0.54725814
321	0.44017089
322	0.46202404
323	0.43416941
324	0.44565441
325	0.51761397
326	0.48361316
327	0.46432014
328	0.48972017
329	0.49198534
330	0.49196632
331	0.45690244
332	0.51213707
333	0.49896391
334	0.47762495
335	0.48285094
336	0.45783039
337	0.49467450
338	0.46412703
339	0.46778090
340	0.48776925
341	0.48373818
342	0.50460145
343	0.47059388
344	0.49323296
345	0.48025338
346	0.39730775
347	0.50074849
348	0.46667872
349	0.47283722
350	0.51243873
351	0.49714618
352	0.50719847
353	0.45295025
354	0.45322157
355	0.53467430
356	0.50499725
357	0.46602397
358	0.50799946
359	0.43567042
360	0.50561236
361	0.48056053
362	0.44276952
363	0.50012569
364	0.48874695
365	0.43632436
366	0.48515207
367	0.51357339
368	0.48061169
369	0.49332590
370	0.44118140
371	0.48766472
372	0.45327628
373	0.45137177
374	0.41712421
375	0.39104573
376	0.43928412
377	0.49383394
378	0.46388523
379	0.48716781
380	0.48433862
381	0.48297737
382	0.44144958
383	0.47250529
384	0.45659830
385	0.40116144
386	0.47923939
387	0.39963620
388	0.45226222
389	0.49714035
390	0.46652484
391	0.39680575
392	0.47604078
393	0.46967283
394	0.45426925
395	0.47204373
396	0.42692741
397	0.50487599
398	0.44735677
399	0.48534097
400	0.41885684
401	0.47659783
402	0.45894650
403	0.37327682
404	0.49632282
405	0.42806127
406	0.49196451
407	0.50328291
408	0.49624883
409	0.44301634
410	0.43031217
411	0.40195098
412	0.49058631
413	0.47953107
414	0.47709515
415	0.43207259
416	0.42017517
417	0.48532938
418	0.44334304
419	0.46240244
420	0.51425050
421	0.47086849
422	0.48468977
423	0.50027280
424	0.45737364
425	0.49093378
426	0.46585208
427	0.47754239
428	0.47193357
429	0.43107834
430	0.47480320
431	0.44657285
432	0.44518548
433	0.48259676
434	0.50523376
435	0.47599411
436	0.45058390
437	0.38363111
438	0.48198105
439	0.44752203
440	0.38515615
441	0.45062006
442	0.44355283
443	0.51503422
444	0.45236795
445	0.43446418
446	0.44456221
447	0.46843799
448	0.43088951
449	0.47741991
450	0.45908410
451	0.45333896
452	0.44762053
453	0.44611892
454	0.40139668
455	0.41425010
456	0.50168709
457	0.46287070
458	0.40265006
459	0.53144107
460	0.44213111
461	0.47388530
462	0.41652792
463	0.49113245
464	0.44410366
465	0.47928405
466	0.49735115
467	0.50323343
468	0.39560359
469	0.45940538
470	0.43592507
471	0.46936514
472	0.40443398
473	0.44113821
474	0.49847569
475	0.50007319
476	0.45992052
477	0.49397007
478	0.46651292
479	0.46320591
480	0.45065943
481	0.46023343
482	0.45136487
483	0.44194181
484	0.40425151
485	0.48489969
486	0.47292701
487	0.47703449
488	0.46158410
489	0.43446364
490	0.46153368
491	0.46429818
492	0.45886327
493	0.48340103
494	0.46522753
495	0.42155946
496	0.52489701
497	0.43449980
498	0.45476932
499	0.44562488
500	0.40553027
501	0.46675352
502	0.46435362
503	0.40504440
504	0.40747402
505	0.45984632
506	0.50327849
507	0.46375727
508	0.39932784
509	0.45615702
510	0.47197857
511	0.46684271
512	0.44136561
513	0.48023068
514	0.44200281
515	0.46429061
516	0.45805236
517	0.45018475
518	0.49444924
519	0.41731586
520	0.41465669
521	0.38702725
522	0.47517042
523	0.41164798
524	0.45976517
525	0.49815160
526	0.49282597
527	0.38570979
528	0.46287143
529	0.46328351
530	0.41820557
531	0.40475733
532	0.42711839
533	0.41312160
534	0.42750964
535	0.42844148
536	0.41948828
537	0.41598667
538	0.44341014
539	0.44390431
540	0.41678264
541	0.42961966
542	0.45508129
543	0.44317731
544	0.40321689
545	0.48460955
546	0.41173624
547	0.41889795
548	0.42255029
549	0.47574829
550	0.40211450
551	0.42833253
552	0.45792895
553	0.45067169
554	0.42286943
555	0.42367035
556	0.46992440
557	0.46659234
558	0.49005799
559	0.43616225
560	0.42285657
561	0.41690163
562	0.39849016
563	0.48075352
564	0.40985402
565	0.41315234
566	0.41309274
567	0.41718180
568	0.44281385
569	0.43935456
570	0.43652531
571	0.43141811
572	0.43350074
573	0.41492695
574	0.42910781
575	0.43294810
576	0.43999484
577	0.45006341
578	0.42005149
579	0.40866479
580	0.48376008
581	0.43654232
582	0.46645366
583	0.46428351
584	0.44941556
585	0.39405524
586	0.46335389
587	0.38043197
588	0.39079048
589	0.47578559
590	0.42959221
591	0.41608732
592	0.44832443
593	0.44361457
594	0.42516185
595	0.40220979
596	0.41716372
597	0.39774662
598	0.41773544
599	0.40362877
600	0.39540210
601	0.42722399
602	0.38636943
603	0.43197409
604	0.42891924
605	0.47225151
606	0.47537753
607	0.39463948
608	0.40484740
609	0.47537150
610	0.43238168
611	0.43474648
612	0.38864738
613	0.44703094
614	0.41815930
615	0.43699719
616	0.43093511
617	0.40919861
618	0.40168970
619	0.40713171
620	0.38056723
621	0.47029798
622	0.38495480
623	0.42950368
624	0.45188951
625	0.47257185
626	0.44089862
627	0.43194000
628	0.40927086
629	0.40491784
630	0.46985295
631	0.46376691
632	0.42973169
633	0.45401815
634	0.40938402
635	0.45642360
636	0.42767664
637	0.36838978
638	0.47872720
639	0.43614899
640	0.34266238
641	0.42486668
642	0.43423416
643	0.43147583
644	0.39999638
645	0.40993237
646	0.42825412
647	0.43384264
648	0.43583280
649	0.42841998
650	0.42286996
651	0.42745092
652	0.42647683
653	0.44022526
654	0.37699779
655	0.43613948
656	0.40523390
657	0.44901728
658	0.38445761
659	0.40965194
660	0.47299116
661	0.43434907
662	0.42889440
663	0.48562307
664	0.43557098
665	0.45510145
666	0.47970658
667	0.39859073
668	0.44915120
669	0.40428927
670	0.39442788
671	0.40822774
672	0.40127528
673	0.39442460
674	0.44265461
675	0.45271361
676	0.42224240
677	0.46450395
678	0.38654031
679	0.37567075
680	0.39919861
681	0.33347971
682	0.46675539
683	0.42525144
684	0.42841228
685	0.45609883
686	0.38297770
687	0.40273590
688	0.38026329
689	0.42962984
690	0.42380749
691	0.43877916
692	0.40320202
693	0.41758511
694	0.45460647
695	0.44433554
696	0.42694355
697	0.38566781
698	0.38188623
699	0.46228438
700	0.45633153
701	0.45735289
702	0.38452873
703	0.42573825
704	0.43697723
705	0.43614002
706	0.43117778
707	0.47884010
708	0.43866057
709	0.43480896
710	0.36696645
711	0.38983507
712	0.42696699
713	0.36900201
714	0.37154794
715	0.39978365
716	0.43244482
717	0.34148072
718	0.39382664
719	0.39030039
720	0.41587746
721	0.45487097
722	0.42588242
723	0.47308477
724	0.42540244
725	0.40497080
726	0.42849592
727	0.36761350
728	0.41533005
729	0.38381967
730	0.42000609
731	0.37044991
732	0.44733186
733	0.42215294
734	0.42212234
735	0.41667912
736	0.34251152
737	0.39940224
738	0.35131438
739	0.43112877
740	0.37193136
741	0.36972338
742	0.46331043
743	0.38498279
744	0.44313432
745	0.44600596
746	0.41713392
747	0.41533956
748	0.41887076
749	0.38542186
750	0.39857232
751	0.40206468
752	0.41863988
753	0.38862227
754	0.43450181
755	0.35304399
756	0.38408062
757	0.37404754
758	0.44141898
759	0.39915314
760	0.42744094
761	0.39968053
762	0.45531063
763	0.42318294
764	0.40113118
765	0.42070932
766	0.43263653
767	0.37408404
768	0.42704881
769	0.40216185
770	0.41624434
771	0.44212783
772	0.33256495
773	0.39429048
774	0.40285349
775	0.47800797
776	0.40425244
777	0.38065990
778	0.42554219
779	0.43607426
780	0.43309381
781	0.45747944
782	0.42190083
783	0.40933528
784	0.41359013
785	0.41182664
786	0.36356013
787	0.40362247
788	0.41609656
789	0.41596317
790	0.33318796
791	0.43428325
792	0.46775546
793	0.40562602
794	0.37564022
795	0.38978050
796	0.40412207
797	0.44252585
798	0.38703455
799	0.42441683
800	0.36594918
801	0.40503174
802	0.40960854
803	0.37655765
804	0.48270463
805	0.40893679
806	0.41897194
807	0.38624146
808	0.43396324
809	0.42209415
810	0.44778090
811	0.34308718
812	0.42164410
813	0.38553589
814	0.39452484
815	0.42845547
816	0.42553281
817	0.41675117
818	0.39995393
819	0.40195206
820	0.35440016
821	0.40071528
822	0.40868970
823	0.38992527
824	0.42065214
825	0.42587438
826	0.34656937
827	0.38693317
828	0.35746893
829	0.45649377
830	0.43172425
831	0.36226965
832	0.37110031
833	0.41882342
834	0.43179456
835	0.38945025
836	0.44483929
837	0.33721829
838	0.37261383
839	0.40896257
840	0.39706147
841	0.37567028
842	0.40437090
843	0.39189788
844	0.36112656
845	0.35628197
846	0.36959575
847	0.39990230
848	0.45615100
849	0.44556710
850	0.40081157
851	0.40626168
852	0.39202109
853	0.40869338
854	0.37366526
855	0.38402846
856	0.41637284
857	0.40398266
858	0.44846284
859	0.43453984
860	0.38499987
861	0.44837056
862	0.41531525
863	0.39050007
864	0.42982771
865	0.35810459
866	0.39441516
867	0.37649565
868	0.41948748
869	0.39381947
870	0.38485516
871	0.41511002
872	0.39820651
873	0.37780581
874	0.34842715
875	0.34663754
876	0.41416714
877	0.33393920
878	0.37512863
879	0.35729269
880	0.41660714
881	0.40912153
882	0.42125820
883	0.40043458
884	0.39059770
885	0.35665595
886	0.39119760
887	0.40410218
888	0.42288918
889	0.36173463
890	0.39260399
891	0.43261162
892	0.38266767
893	0.41991248
894	0.40867102
895	0.35500013
896	0.42647757
897	0.42304306
898	0.40619412
899	0.46117309
900	0.33065669
901	0.42911397
902	0.36479148
903	0.42889320
904	0.37791924
905	0.37912977
906	0.35824448
907	0.46603094
908	0.38640987
909	0.37914517
910	0.33780896
911	0.42830896
912	0.44350482
913	0.43859080
914	0.37014658
915	0.33332838
916	0.40123490
917	0.42361122
918	0.40604024
919	0.43387512
920	0.34938737
921	0.36274916
922	0.37318106
923	0.38262133
924	0.42608096
925	0.37298199
926	0.39722432
927	0.39677032
928	0.40293799
929	0.36460058
930	0.40230581
931	0.41492453
932	0.35121106
933	0.37302893
934	0.39125077
935	0.40259837
936	0.41790143
937	0.35174039
938	0.34184358
939	0.45677896
940	0.33224414
941	0.39710500
942	0.41360178
943	0.39073992
944	0.41280916
945	0.40305216
946	0.40282302
947	0.38501065
948	0.34509729
949	0.38856154
950	0.40931840
951	0.34063017
952	0.35507660
953	0.41295828
954	0.36675465
955	0.41501594
956	0.39881766
957	0.35973209
958	0.41198433
959	0.35829724
960	0.41929731
961	0.39809823
962	0.40489105
963	0.30571334
964	0.37415984
965	0.41416499
966	0.42097743
967	0.37419352
968	0.35802190
969	0.40897556
970	0.34798567
971	0.36147630
972	0.33945795
973	0.39555524
974	0.39119486
975	0.36592333
976	0.38753147
977	0.36499042
978	0.39729744
979	0.39310439
980	0.37494295
981	0.35418301
982	0.38669144
983	0.30923517
984	0.40166747
985	0.35689112
986	0.36917631
987	0.37600522
988	0.36985657
989	0.39689922
990	0.39002632
991	0.36610962
992	0.39759241
993	0.40371354
994	0.34337472
995	0.36693083
996	0.41429691
997	0.32671997
998	0.43213493
999	0.35828639
1000	0.39590230
1001	0.36382034
1002	0.39442320
1003	0.37214102
1004	0.36190813
1005	0.37879938
1006	0.40805806
1007	0.38928760
1008	0.39297851
1009	0.32539306
1010	0.41056790
1011	0.37946371
1012	0.35853174
1013	0.38862569
1014	0.36004640
1015	0.40449980
1016	0.38954024
1017	0.40229229
1018	0.37954286
1019	0.36104841
1020	0.40187318
1021	0.40924501
1022	0.33008370
1023	0.40332550
1024	0.42211390
1025	0.32562964
1026	0.41252009
1027	0.37869506
1028	0.33201038
1029	0.40373416
1030	0.36477916
1031	0.40202109
1032	0.37310305
1033	0.41383755
1034	0.32810433
1035	0.34570959
1036	0.38850355
1037	0.37882851
1038	0.39599056
1039	0.36345132
1040	0.37125626
1041	0.35689534
1042	0.38292065
1043	0.38566452
1044	0.40327762
1045	0.32399083
1046	0.36386641
1047	0.35619486
1048	0.32234525
1049	0.40190358
1050	0.38438027
1051	0.35580220
1052	0.38490940
1053	0.36305672
1054	0.38495534
1055	0.36588751
1056	0.40832423
1057	0.38386735
1058	0.44314350
1059	0.41302538
1060	0.40260734
1061	0.38298808
1062	0.34937786
1063	0.42912468
1064	0.40166787
1065	0.39728204
1066	0.34583621
1067	0.38961296
1068	0.35892936
1069	0.37293585
1070	0.42535697
1071	0.41740726
1072	0.40527742
1073	0.30706850
1074	0.37896404
1075	0.40814330
1076	0.37329162
1077	0.39313051
1078	0.33949170
1079	0.33184144
1080	0.38799464
1081	0.37463138
1082	0.31071441
1083	0.38262810
1084	0.32405946
1085	0.38674032
1086	0.32611946
1087	0.37718702
1088	0.38373905
1089	0.37919881
1090	0.42086481
1091	0.37184673
1092	0.36036313
1093	0.35164758
1094	0.34922941
1095	0.38431519
1096	0.33637940
1097	0.35529115
1098	0.36337016
1099	0.38377889
1100	0.38064665
1101	0.33449906
1102	0.39732516
1103	0.35881766
1104	0.38273215
1105	0.37561377
1106	0.35014671
1107	0.32212549
1108	0.42461243
1109	0.35458558
1110	0.37969452
1111	0.31637271
1112	0.36937016
1113	0.43593786
1114	0.39937472
1115	0.40092581
1116	0.36864892
1117	0.35179195
1118	0.31810044
1119	0.36882034
1120	0.36768113
1121	0.37594750
1122	0.38668729
1123	0.35303676
1124	0.33142520
1125	0.41783005
1126	0.36206033
1127	0.35445929
1128	0.41327494
1129	0.38296551
1130	0.41259522
1131	0.38343264
1132	0.35127581
1133	0.36013211
1134	0.33598467
1135	0.38418521
1136	0.38413171
1137	0.36300435
1138	0.43646766
1139	0.38660426
1140	0.38688175
1141	0.35400897
1142	0.36882483
1143	0.36853515
1144	0.34233554
1145	0.35338315
1146	0.40013975
1147	0.38546002
1148	0.37739427
1149	0.36592145
1150	0.38141764
1151	0.38723329
1152	0.35729517
1153	0.37480293
1154	0.31510446
1155	0.38153388
1156	0.35949598
1157	0.38069586
1158	0.37779061
1159	0.36812763
1160	0.33082081
1161	0.36306535
1162	0.35933909
1163	0.32580648
1164	0.34205250
1165	0.32701855
1166	0.33659013
1167	0.32965676
1168	0.34074910
1169	0.37187083
1170	0.37163446
1171	0.31158718
1172	0.36118173
1173	0.34539125
1174	0.31456462
1175	0.38984967
1176	0.40102779
1177	0.35473798
1178	0.39535677
1179	0.39926336
1180	0.35320055
1181	0.35528860
1182	0.38650830
1183	0.39057901
1184	0.33891382
1185	0.35667484
1186	0.41088751
1187	0.36321642
1188	0.35611216
1189	0.31668890
1190	0.31622124
1191	0.32589139
1192	0.40604132
1193	0.38223570
1194	0.30071240
1195	0.33689474
1196	0.39848969
1197	0.38309482
1198	0.42164865
1199	0.37715388
1200	0.33659843
1201	0.31245313
1202	0.36609247
1203	0.38316560
1204	0.40512703
1205	0.33784023
1206	0.36490558
1207	0.41419573
1208	0.33851353
1209	0.39053703
1210	0.40639380
1211	0.36598507
1212	0.39070992
1213	0.38770785
1214	0.34046371
1215	0.35650395
1216	0.35579001
1217	0.35116546
1218	0.37108169
1219	0.33132007
1220	0.34076410
1221	0.35645453
1222	0.36878726
1223	0.36144938
1224	0.33284806
1225	0.35971233
1226	0.32025854
1227	0.36747234
1228	0.37156241
1229	0.32637371
1230	0.32061444
1231	0.37406495
1232	0.34381150
1233	0.37235409
1234	0.37084391
1235	0.36976985
1236	0.34993538
1237	0.37862046
1238	0.34999719
1239	0.37619030
1240	0.39851031
1241	0.32388081
1242	0.32840733
1243	0.44762816
1244	0.38561624
1245	0.33231807
1246	0.37110238
1247	0.32420296
1248	0.32743545
1249	0.33128204
1250	0.32932235
1251	0.33732965
1252	0.35395735
1253	0.34867283
1254	0.36678713
1255	0.31246505
1256	0.35387934
1257	0.35974307
1258	0.31805169
1259	0.38725847
1260	0.35253127
1261	0.38940726
1262	0.36009736
1263	0.36674956
1264	0.34044683
1265	0.35115542
1266	0.38631157
1267	0.36909254
1268	0.34514859
1269	0.37308256
1270	0.31756301
1271	0.32002725
1272	0.35216472
1273	0.31269325
1274	0.38413325
1275	0.40834927
1276	0.38318167
1277	0.34624789
1278	0.40628793
1279	0.39341985
1280	0.29695467
1281	0.37588864
1282	0.40615234
1283	0.36552565
1284	0.31067738
1285	0.38914290
1286	0.31844449
1287	0.33154279
1288	0.37338047
1289	0.31429818
1290	0.36296143
1291	0.35374059
1292	0.33861685
1293	0.36936534
1294	0.36533146
1295	0.37248540
1296	0.34468568
1297	0.33554419
1298	0.37752357
1299	0.35837913
1300	0.33590304
1301	0.32077126
1302	0.36499873
1303	0.32692822
1304	0.39764464
1305	0.38698888
1306	0.35829028
1307	0.30844824
1308	0.38016318
1309	0.31967584
1310	0.36290217
1311	0.36238938
1312	0.36185489
1313	0.30959154
1314	0.34292152
1315	0.34548540
1316	0.33530896
1317	0.37591027
1318	0.33503844
1319	0.36125894
1320	0.38393726
1321	0.38120725
1322	0.35104527
1323	0.36467792
1324	0.34983440
1325	0.32854038
1326	0.33905926
1327	0.34453562
1328	0.36870631
1329	0.36191938
1330	0.32129349
1331	0.36457285
1332	0.34697007
1333	0.34837505
1334	0.36873952
1335	0.37427133
1336	0.35546632
1337	0.32201138
1338	0.39878961
1339	0.37935510
1340	0.34387666
1341	0.29587706
1342	0.32420082
1343	0.41562113
1344	0.33476021
1345	0.36860299
1346	0.35065314
1347	0.34008049
1348	0.35528197
1349	0.35727093
1350	0.37561055
1351	0.31989373
1352	0.32482610
1353	0.39224240
1354	0.33780775
1355	0.37401433
1356	0.35128746
1357	0.35116801
1358	0.34404881
1359	0.36513948
1360	0.33877762
1361	0.40252832
1362	0.33318809
1363	0.30740418
1364	0.37627735
1365	0.32699993
1366	0.36344489
1367	0.38412877
1368	0.38753783
1369	0.37613493
1370	0.32883554
1371	0.37981633
1372	0.35716626
1373	0.34046183
1374	0.33683862
1375	0.34861323
1376	0.32809174
1377	0.32380521
1378	0.32031237
1379	0.32834418
1380	0.36832637
1381	0.34768347
1382	0.32790779
1383	0.34077186
1384	0.34375104
1385	0.32614999
1386	0.33886641
1387	0.36819553
1388	0.37685972
1389	0.30841108
1390	0.36388992
1391	0.29728746
1392	0.35017370
1393	0.36039929
1394	0.34958899
1395	0.36603549
1396	0.37843511
1397	0.34774093
1398	0.34328432
1399	0.38602096
1400	0.36532195
1401	0.31691884
1402	0.35942614
1403	0.35249009
1404	0.34433139
1405	0.35516258
1406	0.38860091
1407	0.32778579
1408	0.37438884
1409	0.33109971
1410	0.36204935
1411	0.32790907
1412	0.31490498
1413	0.33380963
1414	0.37358993
1415	0.36009160
1416	0.34143639
1417	0.30277139
1418	0.31861832
1419	0.32090478
1420	0.32578619
1421	0.35813935
1422	0.30962870
1423	0.34595273
1424	0.35513265
1425	0.32223972
1426	0.28454674
1427	0.36015234
1428	0.36152123
1429	0.32670457
1430	0.38723242
1431	0.31357808
1432	0.34418227
1433	0.32538710
1434	0.34774227
1435	0.32285891
1436	0.36810587
1437	0.35431211
1438	0.34960292
1439	0.35339554
1440	0.34989219
1441	0.35773704
1442	0.35017189
1443	0.30845540
1444	0.29390311
1445	0.32977575
1446	0.35375472
1447	0.33226262
1448	0.31281144
1449	0.31571053
1450	0.32148326
1451	0.37549772
1452	0.39795145
1453	0.32024602
1454	0.38819479
1455	0.41977012
1456	0.33775760
1457	0.33779517
1458	0.32900080
1459	0.34719124
1460	0.35201908
1461	0.32055886
1462	0.30157346
1463	0.36783608
1464	0.34237150
1465	0.36139253
1466	0.28949284
1467	0.42121240
1468	0.33845915
1469	0.32982396
1470	0.39243686
1471	0.37313975
1472	0.33078097
1473	0.35656033
1474	0.34511665
1475	0.34678887
1476	0.29032597
1477	0.36875131
1478	0.35277588
1479	0.32216740
1480	0.33476041
1481	0.33848165
1482	0.32350978
1483	0.36886621
1484	0.36909910
1485	0.31214457
1486	0.33445755
1487	0.32919767
1488	0.36196089
1489	0.37116010
1490	0.29521106
1491	0.35234170
1492	0.32823303
1493	0.33186554
1494	0.32519747
1495	0.33601527
1496	0.33760988
1497	0.31156261
1498	0.28985068
1499	0.32448393
1500	0.32953917
1501	0.33856067
1502	0.32410821
1503	0.31942012
1504	0.34140358
1505	0.34346893
1506	0.33388536
1507	0.33469151
1508	0.35524662
1509	0.31632195
1510	0.33060078
1511	0.36811939
1512	0.30792835
1513	0.35995761
1514	0.31326322
1515	0.31398252
1516	0.29885148
1517	0.32923276
1518	0.34090137
1519	0.32548855
1520	0.34024829
1521	0.39005678
1522	0.31390719
1523	0.32709388
1524	0.33255960
1525	0.34167457
1526	0.38040873
1527	0.34264551
1528	0.37312415
1529	0.34396438
1530	0.34309361
1531	0.35216493
1532	0.35883889
1533	0.33805477
1534	0.30832630
1535	0.32106703
1536	0.31523416
1537	0.34745192
1538	0.34517939
1539	0.32719780
1540	0.34324441
1541	0.35008444
1542	0.27471836
1543	0.35072867
1544	0.35228834
1545	0.34727715
1546	0.31109160
1547	0.37721428
1548	0.32449980
1549	0.33454065
1550	0.34854051
1551	0.31001527
1552	0.27550415
1553	0.30054948
1554	0.29082496
1555	0.28969131
1556	0.35962950
1557	0.32897549
1558	0.32778552
1559	0.33852906
1560	0.33278258
1561	0.29771059
1562	0.35047194
1563	0.30772780
1564	0.38802853
1565	0.30721823
1566	0.30351453
1567	0.32102009
1568	0.33537492
1569	0.29161377
1570	0.32887867
1571	0.33207098
1572	0.32347777
1573	0.37332536
1574	0.36305457
1575	0.34915796
1576	0.34325037
1577	0.31233949
1578	0.29327340
1579	0.35891342
1580	0.32062836
1581	0.34829764
1582	0.31825003
1583	0.34014584
1584	0.30067785
1585	0.28784552
1586	0.35991201
1587	0.33046525
1588	0.30701299
1589	0.33788161
1590	0.32682530
1591	0.35200509
1592	0.36103542
1593	0.31041703
1594	0.33778686
1595	0.34404634
1596	0.37108035
1597	0.32241329
1598	0.36989628
1599	0.32056174
1600	0.34661189
1601	0.27279302
1602	0.29349538
1603	0.34872191
1604	0.33744918
1605	0.33519144
1606	0.33434003
1607	0.30683661
1608	0.31029168
1609	0.35084726
1610	0.34921903
1611	0.33607439
1612	0.27390759
1613	0.32304319
1614	0.26530079
1615	0.31672968
1616	0.37533688
1617	0.32530909
1618	0.33752056
1619	0.31113078
1620	0.33211169
1621	0.31645165
1622	0.35238121
1623	0.35678753
1624	0.30303649
1625	0.31045179
1626	0.29802504
1627	0.30529657
1628	0.34500777
1629	0.34285248
1630	0.31267671
1631	0.33857098
1632	0.34731479
1633	0.36298989
1634	0.29463386
1635	0.36516640
1636	0.33681010
1637	0.41169881
1638	0.32978211
1639	0.32170557
1640	0.34306696
1641	0.34151018
1642	0.28082074
1643	0.29547482
1644	0.31326296
1645	0.35165776
1646	0.31049839
1647	0.28657580
1648	0.34989105
1649	0.31705879
1650	0.35208035
1651	0.31980708
1652	0.34003040
1653	0.31547147
1654	0.30316439
1655	0.30689775
1656	0.35680059
1657	0.34390612
1658	0.33203736
1659	0.31137559
1660	0.36535027
1661	0.30837666
1662	0.31636193
1663	0.32926490
1664	0.37581458
1665	0.32295775
1666	0.29377568
1667	0.34477930
1668	0.34761879
1669	0.30424488
1670	0.35103328
1671	0.38192889
1672	0.30339541
1673	0.29468133
1674	0.35408725
1675	0.32362703
1676	0.30304145
1677	0.35631847
1678	0.32848226
1679	0.35709087
1680	0.29973423
1681	0.30940197
1682	0.33654192
1683	0.30811256
1684	0.32764738
1685	0.31139273
1686	0.34692387
1687	0.30560064
1688	0.31619687
1689	0.34273604
1690	0.31414993
1691	0.26028519
1692	0.29208779
1693	0.33122901
1694	0.33428526
1695	0.31279209
1696	0.36972887
1697	0.36425874
1698	0.28883735
1699	0.31146270
1700	0.30678566
1701	0.34364176
1702	0.35534090
1703	0.29203877
1704	0.30087351
1705	0.33762696
1706	0.32339902
1707	0.30830816
1708	0.31615856
1709	0.31265676
1710	0.30261116
1711	0.36116801
1712	0.37545560
1713	0.32347522
1714	0.34176483
1715	0.31641623
1716	0.33339326
1717	0.32559984
1718	0.32607279
1719	0.36061256
1720	0.32527106
1721	0.33745654
1722	0.30385952
1723	0.32584184
1724	0.35153107
1725	0.34215569
1726	0.30254460
1727	0.37799297
1728	0.31887780
1729	0.29397221
1730	0.30702464
1731	0.31611116
1732	0.31631057
1733	0.33494958
1734	0.32867249
1735	0.28634606
1736	0.31930976
1737	0.30658390
1738	0.32461939
1739	0.33259100
1740	0.33252732
1741	0.34047000
1742	0.31274099
1743	0.34947255
1744	0.30039139
1745	0.30899022
1746	0.29984123
1747	0.30043686
1748	0.29482054
1749	0.29051366
1750	0.32155524
1751	0.32042695
1752	0.34389065
1753	0.35655123
1754	0.31895239
1755	0.37308752
1756	0.30945668
1757	0.32221957
1758	0.29756093
1759	0.34587699
1760	0.30554701
1761	0.30614531
1762	0.35939621
1763	0.32883876
1764	0.36918521
1765	0.31287632
1766	0.29383253
1767	0.30431371
1768	0.32592855
1769	0.32248058
1770	0.34163620
1771	0.30477936
1772	0.32172727
1773	0.33104835
1774	0.28966841
1775	0.35393773
1776	0.29749746
1777	0.31474006
1778	0.40188717
1779	0.26609542
1780	0.29851701
1781	0.29573303
1782	0.32037867
1783	0.28643692
1784	0.27130380
1785	0.30589407
1786	0.29374890
1787	0.33172787
1788	0.37272794
1789	0.30167303
1790	0.31360975
1791	0.31927314
1792	0.33491630
1793	0.33090498
1794	0.30459870
1795	0.29393525
1796	0.36496123
1797	0.32140733
1798	0.29533219
1799	0.31294007
1800	0.32498192
1801	0.32113848
1802	0.28821260
1803	0.34125439
1804	0.32333815
1805	0.33423048
1806	0.35374314
1807	0.36171173
1808	0.29166452
1809	0.30198493
1810	0.32581559
1811	0.34039085
1812	0.28980608
1813	0.29041161
1814	0.30138690
1815	0.34108457
1816	0.33393391
1817	0.34241362
1818	0.31225546
1819	0.32480467
1820	0.38209120
1821	0.32406843
1822	0.31697770
1823	0.31876851
1824	0.30865113
1825	0.29682222
1826	0.32680769
1827	0.34623898
1828	0.34908491
1829	0.32335027
1830	0.30625365
1831	0.33563707
1832	0.33064249
1833	0.30496632
1834	0.28981740
1835	0.35172097
1836	0.28845273
1837	0.34301386
1838	0.29581907
1839	0.31287693
1840	0.35183199
1841	0.32718823
1842	0.31838677
1843	0.32129744
1844	0.30754172
1845	0.30935161
1846	0.33006167
1847	0.26926697
1848	0.33460848
1849	0.29786179
1850	0.33434431
1851	0.34814537
1852	0.34398453
1853	0.35579182
1854	0.33598118
1855	0.36106997
1856	0.29027668
1857	0.29985228
1858	0.31133588
1859	0.34252665
1860	0.33003649
1861	0.30276289
1862	0.34446411
1863	0.34990585
1864	0.33100121
1865	0.29685389
1866	0.36249484
1867	0.32310104
1868	0.30831639
1869	0.33738637
1870	0.32490498
1871	0.31596197
1872	0.31461651
1873	0.29474220
1874	0.33843364
1875	0.29812616
1876	0.31830494
1877	0.27851152
1878	0.31461999
1879	0.29721247
1880	0.34377909
1881	0.29508812
1882	0.33992982
1883	0.31389447
1884	0.31402632
1885	0.30973791
1886	0.27051935
1887	0.32045219
1888	0.32084907
1889	0.36280856
1890	0.30532362
1891	0.30362770
1892	0.33710285
1893	0.31800047
1894	0.27232162
1895	0.31666298
1896	0.33575238
1897	0.30322278
1898	0.32153937
1899	0.30434465
1900	0.31027380
1901	0.30504212
1902	0.29617986
1903	0.33699150
1904	0.32461424
1905	0.30315214
1906	0.36283186
1907	0.28870256
1908	0.35941208
1909	0.26667035
1910	0.32464698
1911	0.33104500
1912	0.36016941
1913	0.27607895
1914	0.31466084
1915	0.29406977
1916	0.31412770
1917	0.30516077
1918	0.30652699
1919	0.32841369
1920	0.29855049
1921	0.33854928
1922	0.30274334
1923	0.30982630
1924	0.32113432
1925	0.32307259
1926	0.32199210
1927	0.27664524
1928	0.32724595
1929	0.35063700
1930	0.32143110
1931	0.34434217
1932	0.30774528
1933	0.30907982
1934	0.34846853
1935	0.31867236
1936	0.32612461
1937	0.29721562
1938	0.28917122
1939	0.31016071
1940	0.28824200
1941	0.35197763
1942	0.29750583
1943	0.29501393
1944	0.28693444
1945	0.29998560
1946	0.36668033
1947	0.34081137
1948	0.32869867
1949	0.32030796
1950	0.31333012
1951	0.28630936
1952	0.26014383
1953	0.33028693
1954	0.30616921
1955	0.29525412
1956	0.29859515
1957	0.30682222
1958	0.32061417
1959	0.32029483
1960	0.34629610
1961	0.34446043
1962	0.32161551
1963	0.29344020
1964	0.32561062
1965	0.32307968
1966	0.33413807
1967	0.29341898
1968	0.33339969
1969	0.32644148
1970	0.25917738
1971	0.29818676
1972	0.36211651
1973	0.28800931
1974	0.29342982
1975	0.28720738
1976	0.31892695
1977	0.28539835
1978	0.28526155
1979	0.26965408
1980	0.31259957
1981	0.34557587
1982	0.30840364
1983	0.33470450
1984	0.30602598
1985	0.37052277
1986	0.28388905
1987	0.32669660
1988	0.28638469
1989	0.29104848
1990	0.26855745
1991	0.33477226
1992	0.32113600
1993	0.35777782
1994	0.34617176
1995	0.34279898
1996	0.34018542
1997	0.31575639
1998	0.31025606
1999	0.30842607
2000	0.28952940
2001	0.33457687
2002	0.32663078
2003	0.30104567
2004	0.30326349
2005	0.30718200
2006	0.31139608
2007	0.30046746
2008	0.31759100
2009	0.32815796
2010	0.27298092
2011	0.30338456
2012	0.29975385
2013	0.28489112
2014	0.29026343
2015	0.26267417
2016	0.31362174
2017	0.28003107
2018	0.29218033
2019	0.33703254
2020	0.32923463
2021	0.27922305
2022	0.28406877
2023	0.31781539
2024	0.29869278
2025	0.33224555
2026	0.30770216
2027	0.36026289
2028	0.32744315
2029	0.32972653
2030	0.36464658
2031	0.27373811
2032	0.32589628
2033	0.32845433
2034	0.33032356
2035	0.29797080
2036	0.33674140
2037	0.31972291
2038	0.29567919
2039	0.32330548
2040	0.30674729
2041	0.32117336
2042	0.29494154
2043	0.28523852
2044	0.31377046
2045	0.32110446
2046	0.35999746
2047	0.34215937
2048	0.31208772
2049	0.29816767
2050	0.31025331
2051	0.28636280
2052	0.26051962
2053	0.27924468
2054	0.32320778
2055	0.28191302
2056	0.34152149
2057	0.34456281
2058	0.30507761
2059	0.28534211
2060	0.34296793
2061	0.32515803
2062	0.26569338
2063	0.31553663
2064	0.32392869
2065	0.31467289
2066	0.32057185
2067	0.30021957
2068	0.29421823
2069	0.31398647
2070	0.31245567
2071	0.30137297
2072	0.29925606
2073	0.29072974
2074	0.32344958
2075	0.31810854
2076	0.29311531
2077	0.27525847
2078	0.31994489
2079	0.27948775
2080	0.37349813
2081	0.32069928
2082	0.27811564
2083	0.27914290
2084	0.30023992
2085	0.35658692
2086	0.31116426
2087	0.29353556
2088	0.29253328
2089	0.32940398
2090	0.31056776
2091	0.28053844
2092	0.29599484
2093	0.30412964
2094	0.32693665
2095	0.28098212
2096	0.32484887
2097	0.29666017
2098	0.29731177
2099	0.32517872
2100	0.27600603
2101	0.33892527
2102	0.32807105
2103	0.32182316
2104	0.35336126
2105	0.29523651
2106	0.30210453
2107	0.27993304
2108	0.29679055
2109	0.31104125
2110	0.28627447
2111	0.26497810
2112	0.28016968
2113	0.29265053
2114	0.31272044
2115	0.29745266
2116	0.26521207
2117	0.30478746
2118	0.27989768
2119	0.31907901
2120	0.30410928
2121	0.30426537
2122	0.31001245
2123	0.26110680
2124	0.30609689
2125	0.31644342
2126	0.28373557
2127	0.29915013
2128	0.26930487
2129	0.31055223
2130	0.33273282
2131	0.31631686
2132	0.33694924
2133	0.25619687
2134	0.28155886
2135	0.26638161
2136	0.33060868
2137	0.30291288
2138	0.28364209
2139	0.30433849
2140	0.29859656
2141	0.27394161
2142	0.28603127
2143	0.24956663
2144	0.28455337
2145	0.25927193
2146	0.31346973
2147	0.33738831
2148	0.35404152
2149	0.29708792
2150	0.32667758
2151	0.29933501
2152	0.29103536
2153	0.25580608
2154	0.31240552
2155	0.28180829
2156	0.28506468
2157	0.32031278
2158	0.26402384
2159	0.26298306
2160	0.28451105
2161	0.30711008
2162	0.32168528
2163	0.30577909
2164	0.31703897
2165	0.28261531
2166	0.33153328
2167	0.30217256
2168	0.34265589
2169	0.25637257
2170	0.30774260
2171	0.31268568
2172	0.29026396
2173	0.26906957
2174	0.27288938
2175	0.31086072
2176	0.30734284
2177	0.25760044
2178	0.29939206
2179	0.32199471
2180	0.30485858
2181	0.31200998
2182	0.28053107
2183	0.32085757
2184	0.31847455
2185	0.29981539
2186	0.30671943
2187	0.32698587
2188	0.28960473
2189	0.30097234
2190	0.32364966
2191	0.31181345
2192	0.34488978
2193	0.32032135
2194	0.27971649
2195	0.32420088
2196	0.28757192
2197	0.27290471
2198	0.32679677
2199	0.26743692
2200	0.31571247
2201	0.30102712
2202	0.28594991
2203	0.30779336
2204	0.28146478
2205	0.28645822
2206	0.32014417
2207	0.30166412
2208	0.29434204
2209	0.27859214
2210	0.29274655
2211	0.29568280
2212	0.27790913
2213	0.30092661
2214	0.29107453
2215	0.30126088
2216	0.30322325
2217	0.32725733
2218	0.26743893
2219	0.26675994
2220	0.26506428
2221	0.30502565
2222	0.31854426
2223	0.27833715
2224	0.28741831
2225	0.30635978
2226	0.31259910
2227	0.27037257
2228	0.26439172
2229	0.30355973
2230	0.32083923
2231	0.31752457
2232	0.31277447
2233	0.26503669
2234	0.28343679
2235	0.27908451
2236	0.28091784
2237	0.27071910
2238	0.28761377
2239	0.30381351
2240	0.33730434
2241	0.31620731
2242	0.32823108
2243	0.29247924
2244	0.31197663
2245	0.27788242
2246	0.30016452
2247	0.29824461
2248	0.29294703
2249	0.31433193
2250	0.28652457
2251	0.30813225
2252	0.26678151
2253	0.30035630
2254	0.34487833
2255	0.34666593
2256	0.26781077
2257	0.33368883
2258	0.29247991
2259	0.27282516
2260	0.32558209
2261	0.29370584
2262	0.27230186
2263	0.31682911
2264	0.32396471
2265	0.33541583
2266	0.29950971
2267	0.30758303
2268	0.29183099
2269	0.28438362
2270	0.28500395
2271	0.28396243
2272	0.30706602
2273	0.28224776
2274	0.30968301
2275	0.27803656
2276	0.28876182
2277	0.30138730
2278	0.29643558
2279	0.30291864
2280	0.29849190
2281	0.28601614
2282	0.32770416
2283	0.27999163
2284	0.28256027
2285	0.31546083
2286	0.29506428
2287	0.30641315
2288	0.28886501
2289	0.33149672
2290	0.30593511
2291	0.28192708
2292	0.33775439
2293	0.29199658
2294	0.36560787
2295	0.27316908
2296	0.30723182
2297	0.28220691
2298	0.27544770
2299	0.28305196
2300	0.27614377
2301	0.34335597
2302	0.34460633
2303	0.29448982
2304	0.30203020
2305	0.29459401
2306	0.32673858
2307	0.29038121
2308	0.30683943
2309	0.31232664
2310	0.34724180
2311	0.31572579
2312	0.29152899
2313	0.30462026
2314	0.27924655
2315	0.26565575
2316	0.29518213
2317	0.29426771
2318	0.28752357
2319	0.30750797
2320	0.27427755
2321	0.31908866
2322	0.29300743
2323	0.29771133
2324	0.30062408
2325	0.30203194
2326	0.31962401
2327	0.26845413
2328	0.26644228
2329	0.27141268
2330	0.30263265
2331	0.29016894
2332	0.30207761
2333	0.32594636
2334	0.31353797
2335	0.30690565
2336	0.25637197
2337	0.27634800
2338	0.30172968
2339	0.30714202
2340	0.24746257
2341	0.30797248
2342	0.28380548
2343	0.28238148
2344	0.30890558
2345	0.28495152
2346	0.34237987
2347	0.28367812
2348	0.28362087
2349	0.30362495
2350	0.25984157
2351	0.33750321
2352	0.32171528
2353	0.29351607
2354	0.30137297
2355	0.28503455
2356	0.24315428
2357	0.29288067
2358	0.29737619
2359	0.27205049
2360	0.29104038
2361	0.29111035
2362	0.31869425
2363	0.30021816
2364	0.30490619
2365	0.28377688
2366	0.28824401
2367	0.28314022
2368	0.29712395
2369	0.25768314
2370	0.28397348
2371	0.30325800
2372	0.26204185
2373	0.28292387
2374	0.28720336
2375	0.28339554
2376	0.30781860
2377	0.28917671
2378	0.30839829
2379	0.26028800
2380	0.31272633
2381	0.25438751
2382	0.24822753
2383	0.29565923
2384	0.29272767
2385	0.27509562
2386	0.33155893
2387	0.28870745
2388	0.28864115
2389	0.31825479
2390	0.26332945
2391	0.30709602
2392	0.27686608
2393	0.28102739
2394	0.24699779
2395	0.26473349
2396	0.29664189
2397	0.29864564
2398	0.30777514
2399	0.30749103
2400	0.30280561
2401	0.31284766
2402	0.31560988
2403	0.29444616
2404	0.30473657
2405	0.31708692
2406	0.28906422
2407	0.25782925
2408	0.30692587
2409	0.31232851
2410	0.28982697
2411	0.32184204
2412	0.27395594
2413	0.30916446
2414	0.29388824
2415	0.26753576
2416	0.31356294
2417	0.27428365
2418	0.30232108
2419	0.29189300
2420	0.30037451
2421	0.28450542
2422	0.29261029
2423	0.29273611
2424	0.30029242
2425	0.28052986
2426	0.29897214
2427	0.29619452
2428	0.28233668
2429	0.30088623
2430	0.28141924
2431	0.26584847
2432	0.32210238
2433	0.29760674
2434	0.28360580
2435	0.27666647
2436	0.29516908
2437	0.27246565
2438	0.26391670
2439	0.30672372
2440	0.27535202
2441	0.31205518
2442	0.26842427
2443	0.29590920
2444	0.26284358
2445	0.27252431
2446	0.29472613
2447	0.28833005
2448	0.30922419
2449	0.30830762
2450	0.30528492
2451	0.32581110
2452	0.30931853
2453	0.29521970
2454	0.28236052
2455	0.29749022
2456	0.26972707
2457	0.28160587
2458	0.28820966
2459	0.25856448
2460	0.30534532
2461	0.27373416
2462	0.30054352
2463	0.25303991
2464	0.26778720
2465	0.30699893
2466	0.27692058
2467	0.29194857
2468	0.29121943
2469	0.30824575
2470	0.29925613
2471	0.29675425
2472	0.30952431
2473	0.31986280
2474	0.33047047
2475	0.31968120
2476	0.28563232
2477	0.29220196
2478	0.28700067
2479	0.32779677
2480	0.30879242
2481	0.26858625
2482	0.31517082
2483	0.29431258
2484	0.28171816
2485	0.32097938
2486	0.31307848
2487	0.27650583
2488	0.30440183
2489	0.30118501
2490	0.31070082
2491	0.30140599
2492	0.30506669
2493	0.26782423
2494	0.30480675
2495	0.27037960
2496	0.29185409
2497	0.29514765
2498	0.28261531
2499	0.29011973
2500	0.30403027
2501	0.27085851
2502	0.27347837
2503	0.29610225
2504	0.32047556
2505	0.30968207
2506	0.28688215
2507	0.30290753
2508	0.25834077
2509	0.26198259
2510	0.31248661
2511	0.31423678
2512	0.28548125
2513	0.25778700
2514	0.32356649
2515	0.30997810
2516	0.27067986
2517	0.29189942
2518	0.26340050
2519	0.28747040
2520	0.28991911
2521	0.28591556
2522	0.29004667
2523	0.27232007
2524	0.25887371
2525	0.26317979
2526	0.28439059
2527	0.29955718
2528	0.29292902
2529	0.29659100
2530	0.28802263
2531	0.27656529
2532	0.33804011
2533	0.30257593
2534	0.28918414
2535	0.30495145
2536	0.29120745
2537	0.29303857
2538	0.30454306
2539	0.34056763
2540	0.28673349
2541	0.27986447
2542	0.29049585
2543	0.29019325
2544	0.30096973
2545	0.30046920
2546	0.27727387
2547	0.28343612
2548	0.30389072
2549	0.24271729
2550	0.28663205
2551	0.27070249
2552	0.28094683
2553	0.29116888
2554	0.27857239
2555	0.28749772
2556	0.29396485
2557	0.27237271
2558	0.27501252
2559	0.29098185
2560	0.30652973
2561	0.27014022
2562	0.27295005
2563	0.29799766
2564	0.28769071
2565	0.30144998
2566	0.24620256
2567	0.29668260
2568	0.26650978
2569	0.26890465
2570	0.34189092
2571	0.27321508
2572	0.26440692
2573	0.28749069
2574	0.27572526
2575	0.25537585
2576	0.27525827
2577	0.28451835
2578	0.30222974
2579	0.30610895
2580	0.31493398
2581	0.30064229
2582	0.30108209
2583	0.29209026
2584	0.25545882
2585	0.26580662
2586	0.29783728
2587	0.27597697
2588	0.28289179
2589	0.33798721
2590	0.25792534
2591	0.30597777
2592	0.31568006
2593	0.29999190
2594	0.29357727
2595	0.28519292
2596	0.26122747
2597	0.28920249
2598	0.29730233
2599	0.27940163
2600	0.27902504
2601	0.27876416
2602	0.27667979
2603	0.29007379
2604	0.28383112
2605	0.31148125
2606	0.24218421
2607	0.27032007
2608	0.29019164
2609	0.29077709
2610	0.27161912
2611	0.28967972
2612	0.26907038
2613	0.29805190
2614	0.29833548
2615	0.30525017
2616	0.30452732
2617	0.28922834
2618	0.28439715
2619	0.27171079
2620	0.29561069
2621	0.28611999
2622	0.29083179
2623	0.27326985
2624	0.31535376
2625	0.26893371
2626	0.28603241
2627	0.29645748
2628	0.28309663
2629	0.27946069
2630	0.27644235
2631	0.28639293
2632	0.32151085
2633	0.29995152
2634	0.24153134
2635	0.24712924
2636	0.28847375
2637	0.28950616
2638	0.28603174
2639	0.26508484
2640	0.25953489
2641	0.27760787
2642	0.28038516
2643	0.30363426
2644	0.27389266
2645	0.29601902
2646	0.28543947
2647	0.31602384
2648	0.31252317
2649	0.31813834
2650	0.27845011
2651	0.29204754
2652	0.28897114
2653	0.28698078
2654	0.27905498
2655	0.30304808
2656	0.31135409
2657	0.27768381
2658	0.28915294
2659	0.26522834
2660	0.25495828
2661	0.26874287
2662	0.29742721
2663	0.28085168
2664	0.30235121
2665	0.27023269
2666	0.29767946
2667	0.25437177
2668	0.27522646
2669	0.30002853
2670	0.31311638
2671	0.31345025
2672	0.26863540
2673	0.29773269
2674	0.28304118
2675	0.26948159
2676	0.27578264
2677	0.29736882
2678	0.28229369
2679	0.29945681
2680	0.35296987
2681	0.30171260
2682	0.31093880
2683	0.29840411
2684	0.29754768
2685	0.27393297
2686	0.32324267
2687	0.27388637
2688	0.27675760
2689	0.27704419
2690	0.28446096
2691	0.29013031
2692	0.26033132
2693	0.31707312
2694	0.30056020
2695	0.28404520
2696	0.28488074
2697	0.26824849
2698	0.27110647
2699	0.28475372
2700	0.31528231
2701	0.27509770
2702	0.27173637
2703	0.24808009
2704	0.27829784
2705	0.29099063
2706	0.30643270
2707	0.28726939
2708	0.27550248
2709	0.27728767
2710	0.23901955
2711	0.25616298
2712	0.25878981
2713	0.28536869
2714	0.28702317
2715	0.29850603
2716	0.27113607
2717	0.23431365
2718	0.28689186
2719	0.25676677
2720	0.30620437
2721	0.30527421
2722	0.27702437
2723	0.29343853
2724	0.28713359
2725	0.28284934
2726	0.26804942
2727	0.29240177
2728	0.26337639
2729	0.27784559
2730	0.24978485
2731	0.27861712
2732	0.26322151
2733	0.25243625
2734	0.27531345
2735	0.27989648
2736	0.30746645
2737	0.29929630
2738	0.26037157
2739	0.27650797
2740	0.25937900
2741	0.26061671
2742	0.26691014
2743	0.30380079
2744	0.28351125
2745	0.25418321
2746	0.24823303
2747	0.26974628
2748	0.27597308
2749	0.26676959
2750	0.28258933
2751	0.27960111
2752	0.29266185
2753	0.28406629
2754	0.29548801
2755	0.29137940
2756	0.27334237
2757	0.30082751
2758	0.26763305
2759	0.23414899
2760	0.24963975
2761	0.26521126
2762	0.27626249
2763	0.27472265
2764	0.26089367
2765	0.27577776
2766	0.29481519
2767	0.28272164
2768	0.31104426
2769	0.27930916
2770	0.27754600
2771	0.26684110
2772	0.26943933
2773	0.32122017
2774	0.25802920
2775	0.30827454
2776	0.29068441
2777	0.28861162
2778	0.27366004
2779	0.29815448
2780	0.30807185
2781	0.28435054
2782	0.29534358
2783	0.25517785
2784	0.26827909
2785	0.23376805
2786	0.26499980
2787	0.26315950
2788	0.27050429
2789	0.25528894
2790	0.26906181
2791	0.25344824
2792	0.28918555
2793	0.26029416
2794	0.28352792
2795	0.25656756
2796	0.28955698
2797	0.27785088
2798	0.27857419
2799	0.29349893
2800	0.26962328
2801	0.26634887
2802	0.28995641
2803	0.26644543
2804	0.28397348
2805	0.28531358
2806	0.30388201
2807	0.27659207
2808	0.27132952
2809	0.26271669
2810	0.25414490
2811	0.28399712
2812	0.27280300
2813	0.25754982
2814	0.28245232
2815	0.27336079
2816	0.28773597
2817	0.28653482
2818	0.27101158
2819	0.28865856
2820	0.28945688
2821	0.27480889
2822	0.27019667
2823	0.32059053
2824	0.28956616
2825	0.27152457
2826	0.29378459
2827	0.27763640
2828	0.26970550
2829	0.25218193
2830	0.28721394
2831	0.25675914
2832	0.26217484
2833	0.30327916
2834	0.26849371
2835	0.28365950
2836	0.26420343
2837	0.24997275
2838	0.28726048
2839	0.29046096
2840	0.31296712
2841	0.24613767
2842	0.26772787
2843	0.26317644
2844	0.27377548
2845	0.27637110
2846	0.29551828
2847	0.26953964
2848	0.30100321
2849	0.27229162
2850	0.27747650
2851	0.23998935
2852	0.27622553
2853	0.28655203
2854	0.25336668
2855	0.26272747
2856	0.27538791
2857	0.26308872
2858	0.27790652
2859	0.25371508
2860	0.25316031
2861	0.26708738
2862	0.27751225
2863	0.25726309
2864	0.28789808
2865	0.28568421
2866	0.29673550
2867	0.27597543
2868	0.28167879
2869	0.30720671
2870	0.28281284
2871	0.29047214
2872	0.30420698
2873	0.23507198
2874	0.30717430
2875	0.24796491
2876	0.26858584
2877	0.27215528
2878	0.26300978
2879	0.26841529
2880	0.26862087
2881	0.25391027
2882	0.24030775
2883	0.26366044
2884	0.31057098
2885	0.24245353
2886	0.26209040
2887	0.34023222
2888	0.26506917
2889	0.29599076
2890	0.28747315
2891	0.29675706
2892	0.25231907
2893	0.26110011
2894	0.31488195
2895	0.26607901
2896	0.23410915
2897	0.28671454
2898	0.28886253
2899	0.27304359
2900	0.31072995
2901	0.27579958
2902	0.29477688
2903	0.26466298
2904	0.28743558
2905	0.33153964
2906	0.29064571
2907	0.23805785
2908	0.30693023
2909	0.27790003
2910	0.28668341
2911	0.25054848
2912	0.27837893
2913	0.26584606
2914	0.26375894
2915	0.30146953
2916	0.27635905
2917	0.27417684
2918	0.24627595
2919	0.28361725
2920	0.26797589
2921	0.25675847
2922	0.27300375
2923	0.26196672
2924	0.30710995
2925	0.27921716
2926	0.27311357
2927	0.23297583
2928	0.24970169
2929	0.25718669
2930	0.27955585
2931	0.29600783
2932	0.26594864
2933	0.29314604
2934	0.23906997
2935	0.27990512
2936	0.28967832
2937	0.28042413
2938	0.24804192
2939	0.28596438
2940	0.30364236
2941	0.23690485
2942	0.28337143
2943	0.24198246
2944	0.29211397
2945	0.29181720
2946	0.25954024
2947	0.26309890
2948	0.27207305
2949	0.25136896
2950	0.26596853
2951	0.27506006
2952	0.27701908
2953	0.25306294
2954	0.24008243
2955	0.24592279
2956	0.27587599
2957	0.25947355
2958	0.29331063
2959	0.27597389
2960	0.30282858
2961	0.29967651
2962	0.29127514
2963	0.29096813
2964	0.27126999
2965	0.30053783
2966	0.25792607
2967	0.28291375
2968	0.26716426
2969	0.29857252
2970	0.27109281
2971	0.25252498
2972	0.25489788
2973	0.24349886
2974	0.29628425
2975	0.26652022
2976	0.27266037
2977	0.29285155
2978	0.27324548
2979	0.26914872
2980	0.25248098
2981	0.24354727
2982	0.24896993
2983	0.26097817
2984	0.26455190
2985	0.27042875
2986	0.28868856
2987	0.28339996
2988	0.29853469
2989	0.28528988
2990	0.23386327
2991	0.28449973
2992	0.26279624
2993	0.25944831
2994	0.26851232
2995	0.26525499
2996	0.28172827
2997	0.23930360
2998	0.26277126
2999	0.27642875
3000	0.30374903
3001	0.27387639
3002	0.28458310
3003	0.30145011
3004	0.29037358
3005	0.31067263
3006	0.26916740
3007	0.28118562
3008	0.24866660
3009	0.27675459
3010	0.26353870
3011	0.26511772
3012	0.28913426
3013	0.28528827
3014	0.24744402
3015	0.27210479
3016	0.26854480
3017	0.30941770
3018	0.27932898
3019	0.28614423
3020	0.28206937
3021	0.26575720
3022	0.26130086
3023	0.28970684
3024	0.27163968
3025	0.26890190
3026	0.30905410
3027	0.24575405
3028	0.27296357
3029	0.25656314
3030	0.27188155
3031	0.30265301
3032	0.27754654
3033	0.27805410
3034	0.25860620
3035	0.23225506
3036	0.28245453
3037	0.26230755
3038	0.26416385
3039	0.26126416
3040	0.26561504
3041	0.27958939
3042	0.25709227
3043	0.29857834
3044	0.26430032
3045	0.28315923
3046	0.28896150
3047	0.25519646
3048	0.26128927
3049	0.28135858
3050	0.27397683
3051	0.25419834
3052	0.28968428
3053	0.30768374
3054	0.26199511
3055	0.26047750
3056	0.28584224
3057	0.27919332
3058	0.26860533
3059	0.29829858
3060	0.28834539
3061	0.28293545
3062	0.26987880
3063	0.27064115
3064	0.26218488
3065	0.27659247
3066	0.23824521
3067	0.24527193
3068	0.23996163
3069	0.27063553
3070	0.27686675
3071	0.27011002
3072	0.28953047
3073	0.26059723
3074	0.26774488
3075	0.24718160
3076	0.24122559
3077	0.25571970
3078	0.29575753
3079	0.31327052
3080	0.25975673
3081	0.26015180
3082	0.26204774
3083	0.24695929
3084	0.29147060
3085	0.29308718
3086	0.29218401
3087	0.26842453
3088	0.26557466
3089	0.27625733
3090	0.26735282
3091	0.25611866
3092	0.23441034
3093	0.27479396
3094	0.30275593
3095	0.26120015
3096	0.26801748
3097	0.27290860
3098	0.25727153
3099	0.25622238
3100	0.27086099
3101	0.26629034
3102	0.30077662
3103	0.27642447
3104	0.26582677
3105	0.24683728
3106	0.27527146
3107	0.25147763
3108	0.27150998
3109	0.25574494
3110	0.27191342
3111	0.25062642
3112	0.29612455
3113	0.26389079
3114	0.29982255
3115	0.28461283
3116	0.27277374
3117	0.26462502
3118	0.22543391
3119	0.30246498
3120	0.24345339
3121	0.25844007
3122	0.25333414
3123	0.26926443
3124	0.28072546
3125	0.25468073
3126	0.27919720
3127	0.23948172
3128	0.25744168
3129	0.28765562
3130	0.25199893
3131	0.25819104
3132	0.26682911
3133	0.26573959
3134	0.23790552
3135	0.28047630
3136	0.25728552
3137	0.25854915
3138	0.26529744
3139	0.25839326
3140	0.25837438
3141	0.24235931
3142	0.25991663
3143	0.24798855
3144	0.25379383
3145	0.27043451
3146	0.27321642
3147	0.25774421
3148	0.29982490
3149	0.23795132
3150	0.27367376
3151	0.26473939
3152	0.27226215
3153	0.26839829
3154	0.25483929
3155	0.24376758
3156	0.26749846
3157	0.28091268
3158	0.25671890
3159	0.26802216
3160	0.28094523
3161	0.27532443
3162	0.26202411
3163	0.25573483
3164	0.25056656
3165	0.26469124
3166	0.25365743
3167	0.24766821
3168	0.28036018
3169	0.28064819
3170	0.28048996
3171	0.25570276
3172	0.24881853
3173	0.24211953
3174	0.26557018
3175	0.26224260
3176	0.25569131
3177	0.25131720
3178	0.25656468
3179	0.28128425
3180	0.27175198
3181	0.26554868
3182	0.25794067
3183	0.22953716
3184	0.23894469
3185	0.26417905
3186	0.25518655
3187	0.25379791
3188	0.26262582
3189	0.26961296
3190	0.21985215
3191	0.26894938
3192	0.25562917
3193	0.26832610
3194	0.29530621
3195	0.24240358
3196	0.22896592
3197	0.25031077
3198	0.28750154
3199	0.28996793
3200	0.27565723
3201	0.25794369
3202	0.32755149
3203	0.27662046
3204	0.24175177
3205	0.27774387
3206	0.26405785
3207	0.25654071
3208	0.26756234
3209	0.26650770
3210	0.25150616
3211	0.28390431
3212	0.26329985
3213	0.27923169
3214	0.24309957
3215	0.24948848
3216	0.29404714
3217	0.27331452
3218	0.29144462
3219	0.25731532
3220	0.24059281
3221	0.26133802
3222	0.26097322
3223	0.27703549
3224	0.26691643
3225	0.26845560
3226	0.26724628
3227	0.28001734
3228	0.28516861
3229	0.25845802
3230	0.29374655
3231	0.25455163
3232	0.28937612
3233	0.22301426
3234	0.27858116
3235	0.27397683
3236	0.26604493
3237	0.24507788
3238	0.25761102
3239	0.26176490
3240	0.26622968
3241	0.29321227
3242	0.27241603
3243	0.28467363
3244	0.24702303
3245	0.27027729
3246	0.24633996
3247	0.26920309
3248	0.26434277
3249	0.26056797
3250	0.27320617
3251	0.28393083
3252	0.27445915
3253	0.24573075
3254	0.23607968
3255	0.25098346
3256	0.25845607
3257	0.26165515
3258	0.29012736
3259	0.27880715
3260	0.25774006
3261	0.26864470
3262	0.25785623
3263	0.27159495
3264	0.25559020
3265	0.26479604
3266	0.25392956
3267	0.25479101
3268	0.26821160
3269	0.24453723
3270	0.28976510
3271	0.26566693
3272	0.25902685
3273	0.23733695
3274	0.27981773
3275	0.30300275
3276	0.25971970
3277	0.30045031
3278	0.22886889
3279	0.26401480
3280	0.25657687
3281	0.25919271
3282	0.26363299
3283	0.27006314
3284	0.27167825
3285	0.24426550
3286	0.26319780
3287	0.27376115
3288	0.27433072
3289	0.26757064
3290	0.26512562
3291	0.25185885
3292	0.24246779
3293	0.24440431
3294	0.23918187
3295	0.21280601
3296	0.26327253
3297	0.26500167
3298	0.27857553
3299	0.30025740
3300	0.24364330
3301	0.26270269
3302	0.29393498
3303	0.25931258
3304	0.27976631
3305	0.25286728
3306	0.25532503
3307	0.30230407
3308	0.25334257
3309	0.27582476
3310	0.27455973
3311	0.25929061
3312	0.27827012
3313	0.27085315
3314	0.21879055
3315	0.29348801
3316	0.23932007
3317	0.26964008
3318	0.24939507
3319	0.26101399
3320	0.28735764
3321	0.26646973
3322	0.28677635
3323	0.23448219
3324	0.24836407
3325	0.24287860
3326	0.22659783
3327	0.24317577
3328	0.24649136
3329	0.23392668
3330	0.29793224
3331	0.26669385
3332	0.25258899
3333	0.25663185
3334	0.23330186
3335	0.26350475
3336	0.25461377
3337	0.27035148
3338	0.24946926
3339	0.24362743
3340	0.28141663
3341	0.24942949
3342	0.26341744
3343	0.24960044
3344	0.26551841
3345	0.26231545
3346	0.22563272
3347	0.25004466
3348	0.27492427
3349	0.22522064
3350	0.25651152
3351	0.26679409
3352	0.24602384
3353	0.26464330
3354	0.23795982
3355	0.27230749
3356	0.23673095
3357	0.24840933
3358	0.26192534
3359	0.24792634
3360	0.25374106
3361	0.27643136
3362	0.27077990
3363	0.26539018
3364	0.26047690
3365	0.26308263
3366	0.27712595
3367	0.26726831
3368	0.26475586
3369	0.26682932
3370	0.28695165
3371	0.29213714
3372	0.26902317
3373	0.25037230
3374	0.25535905
3375	0.26494971
3376	0.27275124
3377	0.23349665
3378	0.25301808
3379	0.26657868
3380	0.25370758
3381	0.26682798
3382	0.28487284
3383	0.26182583
3384	0.24903482
3385	0.29062100
3386	0.24247221
3387	0.26397730
3388	0.27296746
3389	0.24265133
3390	0.23396551
3391	0.23945246
3392	0.25980628
3393	0.26424501
3394	0.23291757
3395	0.26382550
3396	0.26440927
3397	0.25066774
3398	0.24922178
3399	0.24465294
3400	0.24922218
3401	0.26992768
3402	0.26932503
3403	0.27795634
3404	0.25441429
3405	0.26630260
3406	0.26239112
3407	0.26551011
3408	0.26430186
3409	0.25495781
3410	0.27747931
3411	0.27251132
3412	0.23422472
3413	0.28001125
3414	0.25016787
3415	0.27445835
3416	0.26183949
3417	0.25096772
3418	0.26970577
3419	0.23748661
3420	0.26671187
3421	0.25346906
3422	0.24827005
3423	0.27534766
3424	0.24674809
3425	0.28910245
3426	0.26640217
3427	0.27244998
3428	0.28261691
3429	0.26836728
3430	0.25866734
3431	0.24925084
3432	0.28315903
3433	0.25811604
3434	0.29552089
3435	0.26432403
3436	0.23663299
3437	0.26591750
3438	0.26580226
3439	0.26216164
3440	0.24734077
3441	0.27355069
3442	0.26841998
3443	0.24697643
3444	0.22137472
3445	0.28367745
3446	0.26660680
3447	0.28267490
3448	0.25148922
3449	0.25625258
3450	0.26204453
3451	0.23054687
3452	0.29589521
3453	0.24553308
3454	0.25122787
3455	0.27048714
3456	0.25104848
3457	0.24197255
3458	0.27636059
3459	0.28073905
3460	0.25950536
3461	0.24730869
3462	0.25735710
3463	0.25466064
3464	0.22717618
3465	0.25573744
3466	0.23583132
3467	0.25517383
3468	0.24067524
3469	0.27096217
3470	0.28684438
3471	0.27263573
3472	0.27299491
3473	0.24643706
3474	0.25603435
3475	0.26822050
3476	0.28240304
3477	0.24984311
3478	0.21496203
3479	0.26166097
3480	0.25252484
3481	0.28744308
3482	0.27167464
3483	0.25982155
3484	0.23889969
3485	0.26260071
3486	0.26652076
3487	0.26236025
3488	0.25656870
3489	0.25385007
3490	0.25570939
3491	0.24811966
3492	0.23143344
3493	0.25802652
3494	0.26032262
3495	0.25583159
3496	0.27024233
3497	0.27688744
3498	0.27858377
3499	0.28391891
3500	0.26489855
3501	0.27520209
3502	0.29400522
3503	0.28677943
3504	0.25364048
3505	0.22626711
3506	0.27169171
3507	0.23318006
3508	0.26469794
3509	0.23509763
3510	0.24711933
3511	0.26813165
3512	0.25038449
3513	0.25338630
3514	0.24296672
3515	0.26664122
3516	0.25253536
3517	0.25240378
3518	0.25209033
3519	0.25648112
3520	0.25002558
3521	0.25955317
3522	0.25935931
3523	0.26875834
3524	0.23625177
3525	0.25866894
3526	0.24122432
3527	0.25706127
3528	0.26226168
3529	0.27345360
3530	0.28965194
3531	0.26388784
3532	0.26157781
3533	0.24305076
3534	0.23094857
3535	0.25333313
3536	0.24487599
3537	0.27010834
3538	0.25357982
3539	0.23915702
3540	0.24231479
3541	0.25702457
3542	0.24325626
3543	0.27645011
3544	0.24905571
3545	0.24983327
3546	0.25833675
3547	0.25803321
3548	0.25696123
3549	0.25505116
3550	0.23965977
3551	0.25048982
3552	0.27758564
3553	0.24189387
3554	0.25317162
3555	0.26855966
3556	0.25571963
3557	0.28039146
3558	0.25094268
3559	0.23910292
3560	0.24942480
3561	0.26239554
3562	0.26884217
3563	0.25765609
3564	0.25101306
3565	0.27352170
3566	0.23636039
3567	0.26686701
3568	0.26483206
3569	0.24070671
3570	0.27514182
3571	0.25651292
3572	0.28515555
3573	0.23776021
3574	0.25672178
3575	0.24118301
3576	0.23988603
3577	0.24947944
3578	0.28089621
3579	0.25778365
3580	0.24998413
3581	0.25097743
3582	0.23680782
3583	0.26615200
3584	0.29304594
3585	0.25507942
3586	0.25115789
3587	0.30468769
3588	0.25684646
3589	0.26342186
3590	0.20654446
3591	0.24948420
3592	0.23259723
3593	0.26869606
3594	0.27109569
3595	0.25451373
3596	0.25643552
3597	0.25720557
3598	0.23827474
3599	0.24495902
3600	0.27798895
3601	0.25497007
3602	0.27050783
3603	0.24545386
3604	0.24464196
3605	0.27501768
3606	0.22134164
3607	0.22791831
3608	0.25073021
3609	0.23094918
3610	0.25463894
3611	0.26643947
3612	0.24681030
3613	0.24450201
3614	0.24007279
3615	0.26628164
3616	0.24252203
3617	0.26170577
3618	0.25848835
3619	0.27808765
3620	0.25753616
3621	0.27031298
3622	0.26824515
3623	0.30813419
3624	0.25546605
3625	0.25203375
3626	0.25173718
3627	0.23375305
3628	0.24754292
3629	0.24258638
3630	0.23164048
3631	0.23484103
3632	0.23463566
3633	0.25390217
3634	0.22878767
3635	0.26628686
3636	0.25436541
3637	0.29248500
3638	0.23141074
3639	0.28113104
3640	0.24768421
3641	0.26256308
3642	0.24167001
3643	0.24102089
3644	0.28280581
3645	0.22605096
3646	0.25724253
3647	0.25672894
3648	0.25986708
3649	0.25224032
3650	0.25450844
3651	0.23561249
3652	0.23075854
3653	0.24690833
3654	0.24036527
3655	0.23712535
3656	0.24241442
3657	0.26408538
3658	0.28387572
3659	0.26123041
3660	0.26335255
3661	0.25030012
3662	0.26392895
3663	0.24654915
3664	0.24562435
3665	0.25556884
3666	0.21738235
3667	0.25281331
3668	0.26770678
3669	0.25223068
3670	0.26377695
3671	0.25301835
3672	0.24873169
3673	0.24460245
3674	0.26192875
3675	0.22396277
3676	0.26449136
3677	0.25147710
3678	0.27203221
3679	0.24080883
3680	0.26492567
3681	0.24454058
3682	0.25310647
3683	0.26878238
3684	0.23991355
3685	0.25279115
3686	0.27490237
3687	0.24412368
3688	0.22404259
3689	0.27364189
3690	0.25511109
3691	0.24844529
3692	0.24591128
3693	0.22513004
3694	0.27242547
3695	0.26794690
3696	0.24579550
3697	0.23517785
3698	0.24150388
3699	0.25270162
3700	0.24390384
3701	0.26705544
3702	0.24191529
3703	0.26189367
3704	0.22845145
3705	0.25637987
3706	0.25702243
3707	0.25571783
3708	0.25847516
3709	0.23328733
3710	0.24432778
3711	0.23301031
3712	0.23163995
3713	0.23319472
3714	0.25025706
3715	0.26634211
3716	0.28665850
3717	0.25374166
3718	0.24755926
3719	0.25914343
3720	0.25233320
3721	0.26341570
3722	0.23148721
3723	0.26197409
3724	0.24100536
3725	0.22905096
3726	0.27130487
3727	0.21776704
3728	0.24231023
3729	0.25471736
3730	0.25923316
3731	0.24672492
3732	0.24226731
3733	0.25513205
3734	0.27487954
3735	0.27955518
3736	0.25541395
3737	0.25308738
3738	0.23329878
3739	0.26476771
3740	0.26765113
3741	0.22948708
3742	0.27638536
3743	0.26947435
3744	0.23863586
3745	0.24867162
3746	0.25255946
3747	0.24894161
3748	0.27746819
3749	0.21741081
3750	0.25716218
3751	0.23907379
3752	0.21610674
3753	0.27628820
3754	0.24113767
3755	0.24158852
3756	0.28265723
3757	0.25494563
3758	0.26191442
3759	0.22984405
3760	0.26079115
3761	0.24107901
3762	0.25547268
3763	0.24924213
3764	0.26690445
3765	0.23147743
3766	0.28141576
3767	0.24033474
3768	0.24224970
3769	0.26646230
3770	0.25271990
3771	0.27596967
3772	0.26157587
3773	0.24793652
3774	0.24684264
3775	0.22653897
3776	0.25633025
3777	0.26179483
3778	0.25993023
3779	0.27952806
3780	0.25044034
3781	0.25053321
3782	0.25409254
3783	0.23061370
3784	0.25586896
3785	0.23262381
3786	0.24563198
3787	0.25208886
3788	0.24420798
3789	0.26462214
3790	0.23274655
3791	0.25523028
3792	0.24644308
3793	0.25472760
3794	0.25780166
3795	0.26553790
3796	0.25103931
3797	0.24339862
3798	0.23327782
3799	0.25430126
3800	0.22350562
3801	0.24681499
3802	0.27306569
3803	0.24211986
3804	0.26040358
3805	0.25144215
3806	0.26261926
3807	0.24747864
3808	0.26944027
3809	0.25209033
3810	0.21833956
3811	0.23664959
3812	0.24002893
3813	0.24765053
3814	0.25366493
3815	0.26454038
3816	0.25602725
3817	0.24219553
3818	0.25840117
3819	0.25906703
3820	0.26609006
3821	0.22953301
3822	0.26636568
3823	0.23008892
3824	0.25562488
3825	0.23853663
3826	0.27361819
3827	0.21747201
3828	0.24935925
3829	0.24541884
3830	0.26421260
3831	0.25092674
3832	0.25613171
3833	0.24760861
3834	0.26161002
3835	0.28289306
3836	0.22748339
3837	0.23588409
3838	0.24854138
3839	0.27554111
3840	0.23740036
3841	0.24913345
3842	0.23433923
3843	0.25239199
3844	0.25079858
3845	0.22879242
3846	0.22957232
3847	0.23671803
3848	0.25817256
3849	0.24111799
3850	0.25248955
3851	0.26350368
3852	0.24191148
3853	0.24255518
3854	0.26954111
3855	0.27925479
3856	0.26131425
3857	0.25937913
3858	0.24452310
3859	0.27170182
3860	0.23915361
3861	0.26205022
3862	0.24673068
3863	0.25389996
3864	0.24716004
3865	0.24401620
3866	0.26013740
3867	0.27394174
3868	0.25256482
3869	0.22752364
3870	0.24313573
3871	0.24246150
3872	0.25855779
3873	0.24454312
3874	0.22978465
3875	0.25115528
3876	0.26489105
3877	0.24469164
3878	0.24615870
3879	0.25889480
3880	0.23707794
3881	0.24291657
3882	0.22080635
3883	0.25824200
3884	0.26360198
3885	0.25280595
3886	0.23412120
3887	0.24422358
3888	0.22114303
3889	0.24018173
3890	0.23501266
3891	0.24459716
3892	0.25331974
3893	0.25658069
3894	0.23014015
3895	0.27090666
3896	0.22165214
3897	0.23695159
3898	0.27084197
3899	0.24750496
3900	0.25093364
3901	0.24111055
3902	0.25640210
3903	0.25270544
3904	0.26959167
3905	0.24074407
3906	0.26151185
3907	0.24028773
3908	0.24789333
3909	0.25924026
3910	0.26625251
3911	0.25897656
3912	0.24505143
3913	0.28862522
3914	0.22889152
3915	0.23263339
3916	0.24868997
3917	0.24310151
3918	0.27855230
3919	0.27226718
3920	0.24744509
3921	0.23781606
3922	0.23805310
3923	0.25671709
3924	0.25122278
3925	0.22394536
3926	0.23738998
3927	0.25652022
3928	0.26266486
3929	0.22152531
3930	0.23414470
3931	0.24338617
3932	0.25894590
3933	0.24862729
3934	0.24534987
3935	0.26965903
3936	0.25835208
3937	0.24398781
3938	0.25687492
3939	0.24867001
3940	0.21567001
3941	0.28823564
3942	0.24208805
3943	0.25840980
3944	0.26572104
3945	0.24156917
3946	0.24784733
3947	0.24516546
3948	0.23446772
3949	0.25791496
3950	0.24597288
3951	0.24724689
3952	0.21449940
3953	0.25404172
3954	0.24917859
3955	0.27278572
3956	0.26597255
3957	0.24850583
3958	0.21970336
3959	0.24167604
3960	0.25196819
3961	0.28341000
3962	0.23417510
3963	0.24044362
3964	0.23426691
3965	0.21118173
3966	0.24732764
3967	0.24444261
3968	0.24646331
3969	0.24888677
3970	0.25268689
3971	0.25779510
3972	0.25104774
3973	0.22644523
3974	0.23598051
3975	0.25647422
3976	0.24091509
3977	0.23281974
3978	0.24107727
3979	0.26683106
3980	0.27375747
3981	0.25563787
3982	0.23835657
3983	0.26489373
3984	0.22049518
3985	0.25444288
3986	0.25765294
3987	0.23585449
3988	0.22257828
3989	0.24648975
3990	0.25615716
3991	0.25262763
3992	0.24692614
3993	0.23659234
3994	0.22577521
3995	0.24227447
3996	0.26485637
3997	0.24837478
3998	0.25319874
3999	0.26083789
4000	0.23188155
4001	0.26064859
4002	0.22412374
4003	0.27991369
4004	0.24940471
4005	0.22997248
4006	0.23518903
4007	0.24201473
4008	0.26132081
4009	0.25999578
4010	0.23364731
4011	0.22813399
4012	0.25914604
4013	0.21524521
4014	0.23878559
4015	0.23845447
4016	0.23500616
4017	0.24963211
4018	0.25151667
4019	0.25336922
4020	0.24268113
4021	0.25605203
4022	0.23313171
4023	0.24456997
4024	0.21988449
4025	0.26082871
4026	0.26630300
4027	0.24366071
4028	0.23843009
4029	0.24787518
4030	0.27830340
4031	0.26671414
4032	0.26647168
4033	0.24135048
4034	0.24788349
4035	0.23421702
4036	0.23937666
4037	0.26540076
4038	0.22998487
4039	0.23312830
4040	0.24715689
4041	0.24526122
4042	0.23554198
4043	0.27222117
4044	0.24979001
4045	0.23526925
4046	0.25550730
4047	0.25762984
4048	0.26073028
4049	0.24868629
4050	0.21347522
4051	0.24898380
4052	0.24191161
4053	0.22741215
4054	0.24245319
4055	0.23618046
4056	0.22216988
4057	0.22960801
4058	0.23936286
4059	0.25238596
4060	0.26728291
4061	0.26799491
4062	0.24048929
4063	0.24699304
4064	0.23570678
4065	0.25641329
4066	0.28543029
4067	0.26413874
4068	0.24664417
4069	0.26188617
4070	0.28504506
4071	0.23194777
4072	0.23714115
4073	0.25785369
4074	0.27842976
4075	0.23392092
4076	0.22840686
4077	0.24176785
4078	0.26185710
4079	0.22917109
4080	0.26581961
4081	0.23611129
4082	0.26203328
4083	0.21878070
4084	0.26725412
4085	0.23102471
4086	0.23528934
4087	0.23391014
4088	0.25985389
4089	0.24782898
4090	0.22233159
4091	0.25827762
4092	0.23451219
4093	0.20899069
4094	0.25843170
4095	0.26906877
4096	0.22571675
4097	0.27404567
4098	0.24570945
4099	0.25418642
4100	0.22265964
4101	0.24794509
4102	0.26114236
4103	0.25562247
4104	0.24110078
4105	0.22517082
4106	0.23731947
4107	0.24295011
4108	0.24796699
4109	0.23898741
4110	0.24820108
4111	0.25786742
4112	0.23319968
4113	0.23912401
4114	0.26364497
4115	0.23539983
4116	0.23212689
4117	0.22530059
4118	0.26832081
4119	0.23143799
4120	0.25382630
4121	0.24708953
4122	0.24692681
4123	0.23907687
4124	0.23024253
4125	0.23150027
4126	0.24624434
4127	0.23583949
4128	0.24154815
4129	0.24628606
4130	0.22704386
4131	0.25036735
4132	0.23815562
4133	0.25053248
4134	0.24187585
4135	0.25933876
4136	0.21107855
4137	0.24336099
4138	0.24220329
4139	0.26510151
4140	0.22246284
4141	0.22579517
4142	0.24639239
4143	0.24313854
4144	0.24531592
4145	0.25660292
4146	0.25070068
4147	0.21676898
4148	0.23001594
4149	0.22287297
4150	0.24351848
4151	0.24895045
4152	0.23314825
4153	0.23577923
4154	0.25076282
4155	0.22150616
4156	0.27762796
4157	0.25201339
4158	0.23218347
4159	0.22020711
4160	0.26725539
4161	0.25723791
4162	0.24258785
4163	0.22987405
4164	0.23456301
4165	0.26652913
4166	0.25119680
4167	0.22999196
4168	0.21447837
4169	0.24004165
4170	0.29458718
4171	0.24250569
4172	0.24810741
4173	0.21090599
4174	0.24880025
4175	0.23556221
4176	0.25331666
4177	0.26252665
4178	0.22583514
4179	0.23645982
4180	0.20797248
4181	0.20678753
4182	0.25178619
4183	0.24492741
4184	0.25554024
4185	0.23007607
4186	0.22616653
4187	0.26260185
4188	0.24763519
4189	0.24489179
4190	0.23616928
4191	0.26370939
4192	0.24744616
4193	0.27113888
4194	0.21871428
4195	0.23525927
4196	0.24836628
4197	0.24031894
4198	0.23771133
4199	0.25251386
4200	0.25484311
4201	0.24964477
4202	0.25410828
4203	0.23594261
4204	0.21665562
4205	0.23999196
4206	0.24795219
4207	0.22063660
4208	0.22501795
4209	0.23939976
4210	0.25710834
4211	0.22682510
4212	0.25752411
4213	0.25404908
4214	0.22417591
4215	0.24046933
4216	0.25974300
4217	0.25339956
4218	0.21019740
4219	0.26390800
4220	0.23635570
4221	0.26257607
4222	0.27022332
4223	0.26419995
4224	0.23646866
4225	0.25865789
4226	0.23721562
4227	0.24926497
4228	0.26167785
4229	0.24266111
4230	0.23499699
4231	0.24764865
4232	0.23666961
4233	0.25353911
4234	0.23294877
4235	0.24693866
4236	0.20677715
4237	0.25466754
4238	0.25143049
4239	0.24973490
4240	0.24553174
4241	0.24802699
4242	0.26643960
4243	0.22083675
4244	0.22721930
4245	0.21573202
4246	0.24393706
4247	0.23510017
4248	0.26471562
4249	0.23730601
4250	0.22722840
4251	0.21266894
4252	0.25582724
4253	0.20625352
4254	0.25752270
4255	0.25021749
4256	0.25716452
4257	0.27475921
4258	0.25598674
4259	0.26491154
4260	0.21858363
4261	0.23406448
4262	0.23488389
4263	0.22775278
4264	0.25564952
4265	0.27163908
4266	0.23430474
4267	0.21453047
4268	0.23501768
4269	0.23571354
4270	0.24227287
4271	0.23774869
4272	0.24567644
4273	0.25515629
4274	0.22970919
4275	0.23474635
4276	0.23243230
4277	0.23973624
4278	0.20998446
4279	0.22262328
4280	0.23159937
4281	0.23387164
4282	0.23285530
4283	0.23003730
4284	0.23553274
4285	0.26143418
4286	0.23695949
4287	0.25232463
4288	0.24982885
4289	0.24448781
4290	0.22780695
4291	0.24381124
4292	0.23733909
4293	0.24012575
4294	0.26242145
4295	0.22836447
4296	0.20965830
4297	0.24135911
4298	0.23928579
4299	0.26498246
4300	0.24614410
4301	0.24586735
4302	0.26164035
4303	0.24194194
4304	0.24813519
4305	0.21212468
4306	0.26388657
4307	0.23921890
4308	0.23431934
4309	0.21272144
4310	0.20110680
4311	0.22720175
4312	0.22563473
4313	0.25180481
4314	0.23278050
4315	0.26374535
4316	0.23654172
4317	0.25435496
4318	0.22664691
4319	0.22497583
4320	0.24339554
4321	0.24990679
4322	0.21399464
4323	0.23782242
4324	0.24428345
4325	0.27064035
4326	0.26177715
4327	0.23697596
4328	0.23591985
4329	0.23338992
4330	0.23193090
4331	0.24459488
4332	0.24209756
4333	0.24489199
4334	0.25239755
4335	0.26987023
4336	0.23239742
4337	0.23455605
4338	0.23641777
4339	0.25828599
4340	0.22498085
4341	0.24806214
4342	0.24013881
4343	0.24637110
4344	0.25600134
4345	0.26077501
4346	0.24496424
4347	0.23287853
4348	0.22545406
4349	0.23071689
4350	0.26172854
4351	0.25271809
4352	0.25140404
4353	0.22794148
4354	0.24744067
4355	0.24386514
4356	0.23310031
4357	0.23371046
4358	0.27099665
4359	0.23546002
4360	0.23006308
4361	0.21097556
4362	0.21856991
4363	0.25901165
4364	0.23380226
4365	0.24976570
4366	0.21276925
4367	0.23710037
4368	0.24002571
4369	0.25420196
4370	0.24762689
4371	0.23404352
4372	0.25914738
4373	0.22430809
4374	0.27024448
4375	0.20756663
4376	0.22146418
4377	0.23439762
4378	0.20600636
4379	0.22227253
4380	0.22615287
4381	0.26352699
4382	0.28212281
4383	0.22807761
4384	0.23335978
4385	0.22624910
4386	0.24486655
4387	0.24884572
4388	0.22753850
4389	0.23641616
4390	0.23892922
4391	0.23030487
4392	0.21963707
4393	0.21378264
4394	0.24736541
4395	0.25690659
4396	0.24300295
4397	0.23658169
4398	0.22322928
4399	0.22710078
4400	0.24412990
4401	0.22331941
4402	0.22672084
4403	0.27082483
4404	0.25277722
4405	0.22810787
4406	0.24937237
4407	0.24915327
4408	0.21427682
4409	0.24098801
4410	0.24779543
4411	0.21921488
4412	0.23882845
4413	0.21903944
4414	0.23718555
4415	0.25105297
4416	0.21943157
4417	0.24265207
4418	0.23973309
4419	0.23666921
4420	0.23733990
4421	0.25068521
4422	0.21353971
4423	0.21020671
4424	0.22372204
4425	0.23555404
4426	0.24090197
4427	0.25695005
4428	0.24353214
4429	0.24869579
4430	0.23318461
4431	0.23182697
4432	0.22445252
4433	0.23148279
4434	0.24017517
4435	0.24937626
4436	0.21270236
4437	0.27275680
4438	0.23035322
4439	0.22034974
4440	0.22990920
4441	0.23549658
4442	0.23183226
4443	0.23493819
4444	0.22940518
4445	0.22764022
4446	0.20917343
4447	0.25835235
4448	0.24128485
4449	0.25649504
4450	0.25808363
4451	0.25158183
4452	0.23016914
4453	0.21816318
4454	0.23209562
4455	0.22878244
4456	0.24670617
4457	0.23774890
4458	0.24585811
4459	0.21708203
4460	0.22837465
4461	0.24837572
4462	0.21273222
4463	0.21346230
4464	0.22217678
4465	0.22779316
4466	0.23458283
4467	0.22192172
4468	0.20267249
4469	0.25661872
4470	0.21600710
4471	0.22774622
4472	0.24953174
4473	0.23634083
4474	0.22414792
4475	0.23257185
4476	0.24952933
4477	0.22389574
4478	0.24642286
4479	0.23420088
4480	0.21929945
4481	0.25613961
4482	0.21052571
4483	0.26838938
4484	0.22729456
4485	0.23645433
4486	0.21630548
4487	0.25572553
4488	0.24290123
4489	0.25050141
4490	0.22502812
4491	0.23959930
4492	0.25771695
4493	0.22355826
4494	0.24889105
4495	0.21511310
4496	0.21012508
4497	0.21088623
4498	0.22803120
4499	0.26054788
4500	0.24650549
4501	0.21985248
4502	0.25724327
4503	0.24045514
4504	0.23675981
4505	0.22949123
4506	0.23838081
4507	0.22117959
4508	0.22421307
4509	0.22537525
4510	0.23376088
4511	0.22720778
4512	0.25190384
4513	0.24673262
4514	0.23362334
4515	0.24812555
4516	0.23053623
4517	0.22853140
4518	0.23528740
4519	0.24004359
4520	0.22970725
4521	0.22928311
4522	0.24252082
4523	0.22455431
4524	0.21719472
4525	0.23250408
4526	0.20579517
4527	0.23711598
4528	0.21638181
4529	0.24713687
4530	0.24750141
4531	0.24052886
4532	0.23222847
4533	0.22127139
4534	0.22264899
4535	0.24764417
4536	0.23905129
4537	0.25159696
4538	0.23892741
4539	0.23728760
4540	0.24607727
4541	0.25613185
4542	0.22582356
4543	0.24057346
4544	0.21811517
4545	0.23281445
4546	0.23855993
4547	0.18427836
4548	0.23079684
4549	0.24294355
4550	0.21761209
4551	0.23605906
4552	0.23061444
4553	0.23565414
4554	0.20586206
4555	0.22018769
4556	0.22701554
4557	0.24004741
4558	0.24330668
4559	0.23635235
4560	0.24175834
4561	0.21534123
4562	0.25626637
4563	0.21761564
4564	0.23035536
4565	0.22414410
4566	0.24331391
4567	0.24355062
4568	0.21491991
4569	0.22862669
4570	0.26911236
4571	0.22857942
4572	0.23883012
4573	0.24951888
4574	0.22432483
4575	0.24070088
4576	0.24113124
4577	0.26188422
4578	0.25769151
4579	0.20913868
4580	0.23571073
4581	0.24934519
4582	0.22955772
4583	0.26087693
4584	0.22539293
4585	0.22493170
4586	0.24144121
4587	0.24687010
4588	0.22082309
4589	0.20588824
4590	0.23078010
4591	0.23019084
4592	0.25265254
4593	0.23451145
4594	0.22995822
4595	0.24738067
4596	0.26207506
4597	0.25932228
4598	0.21643237
4599	0.22637164
4600	0.22920885
4601	0.22606241
4602	0.22383621
4603	0.23685108
4604	0.22633045
4605	0.27048728
4606	0.23097904
4607	0.25178184
4608	0.23293686
4609	0.26585101
4610	0.25349545
4611	0.24682101
4612	0.24157473
4613	0.23800154
4614	0.27864879
4615	0.22288610
4616	0.24467852
4617	0.23731157
4618	0.24054245
4619	0.22667176
4620	0.24159334
4621	0.23915006
4622	0.22682737
4623	0.24932242
4624	0.21567544
4625	0.23081378
4626	0.24096130
4627	0.24927568
4628	0.23030179
4629	0.22395119
4630	0.23064169
4631	0.26876363
4632	0.25207654
4633	0.23636079
4634	0.23756797
4635	0.25029932
4636	0.22427555
4637	0.26118896
4638	0.24735697
4639	0.25166091
4640	0.23399752
4641	0.23790525
4642	0.23359984
4643	0.23386246
4644	0.22498266
4645	0.20911343
4646	0.22805236
4647	0.22794750
4648	0.22367631
4649	0.23791576
4650	0.22560346
4651	0.25286454
4652	0.23859214
4653	0.25328914
4654	0.23422907
4655	0.24392366
4656	0.23582436
4657	0.20711584
4658	0.23137123
4659	0.23414698
4660	0.25486688
4661	0.23265187
4662	0.24452143
4663	0.22935128
4664	0.23658658
4665	0.23194148
4666	0.20966734
4667	0.22401359
4668	0.22363627
4669	0.21910714
4670	0.23190237
4671	0.22691275
4672	0.25088717
4673	0.23780762
4674	0.23622499
4675	0.25305511
4676	0.22320718
4677	0.24643257
4678	0.23241516
4679	0.23392835
4680	0.22608618
4681	0.19718274
4682	0.24854399
4683	0.22005437
4684	0.23508363
4685	0.21120303
4686	0.22202873
4687	0.24571247
4688	0.21102545
4689	0.22054881
4690	0.22459120
4691	0.21386387
4692	0.24554975
4693	0.24017939
4694	0.21932329
4695	0.23249987
4696	0.24549076
4697	0.24582965
4698	0.21984010
4699	0.25695427
4700	0.23589889
4701	0.21524427
4702	0.22681378
4703	0.23508464
4704	0.23715381
4705	0.23386059
4706	0.21292380
4707	0.22820035
4708	0.22330554
4709	0.21575157
4710	0.22788744
4711	0.23730467
4712	0.21943893
4713	0.21276202
4714	0.24176256
4715	0.19976510
4716	0.23992768
4717	0.23235456
4718	0.22356033
4719	0.20269171
4720	0.22861973
4721	0.23442969
4722	0.24376383
4723	0.22904533
4724	0.20519593
4725	0.25739882
4726	0.22508169
4727	0.24260158
4728	0.25196826
4729	0.21214162
4730	0.20811102
4731	0.25185215
4732	0.22449632
4733	0.23383521
4734	0.22906649
4735	0.26696873
4736	0.21496290
4737	0.24497522
4738	0.23271849
4739	0.22484525
4740	0.24573075
4741	0.23868749
4742	0.22844777
4743	0.23513365
4744	0.23943933
4745	0.24022760
4746	0.21784940
4747	0.23983715
4748	0.25491235
4749	0.22685978
4750	0.24693451
4751	0.19739634
4752	0.22688751
4753	0.21038637
4754	0.23160607
4755	0.23756489
4756	0.25612120
4757	0.24347676
4758	0.22258825
4759	0.24394382
4760	0.21277327
4761	0.23674769
4762	0.22692172
4763	0.22129443
4764	0.22895862
4765	0.22800944
4766	0.23402471
4767	0.20906013
4768	0.22092299
4769	0.23056422
4770	0.22490833
4771	0.22613995
4772	0.23665361
4773	0.21922091
4774	0.22293625
4775	0.23335161
4776	0.21780153
4777	0.20430729
4778	0.21723611
4779	0.24340183
4780	0.24637010
4781	0.22922800
4782	0.22824916
4783	0.23396679
4784	0.23350027
4785	0.22271602
4786	0.23519399
4787	0.25170042
4788	0.20888067
4789	0.21483775
4790	0.21834780
4791	0.22695105
4792	0.23017490
4793	0.22881231
4794	0.24185757
4795	0.20105156
4796	0.21722546
4797	0.20669988
4798	0.23698125
4799	0.22039768
4800	0.23176021
4801	0.21636447
4802	0.21787907
4803	0.23613446
4804	0.22555598
4805	0.24170048
4806	0.22947261
4807	0.23332081
4808	0.20934150
4809	0.21701192
4810	0.23380046
4811	0.23905056
4812	0.24303228
4813	0.25379771
4814	0.23684331
4815	0.21935168
4816	0.24581646
4817	0.21902330
4818	0.23449558
4819	0.22568809
4820	0.23072392
4821	0.21958082
4822	0.22401875
4823	0.25084204
4824	0.22260828
4825	0.22137947
4826	0.23130729
4827	0.21876095
4828	0.25518207
4829	0.24010198
4830	0.22312689
4831	0.21307500
4832	0.19251795
4833	0.24713828
4834	0.24283400
4835	0.23796217
4836	0.22786206
4837	0.22447877
4838	0.22000931
4839	0.20721749
4840	0.23233588
4841	0.26440364
4842	0.18130414
4843	0.21056120
4844	0.22643793
4845	0.22292474
4846	0.27326744
4847	0.21948172
4848	0.22667222
4849	0.21369573
4850	0.23453469
4851	0.20696150
4852	0.22074642
4853	0.22418776
4854	0.21707399
4855	0.22225385
4856	0.22923450
4857	0.23519841
4858	0.23389025
4859	0.23201654
4860	0.22496177
4861	0.21852062
4862	0.23332972
4863	0.22913057
4864	0.24446987
4865	0.21910546
4866	0.25209977
4867	0.23635570
4868	0.23876376
4869	0.21076269
4870	0.23820892
4871	0.22132235
4872	0.21801306
4873	0.21598112
4874	0.24116439
4875	0.24633072
4876	0.20164872
4877	0.23504433
4878	0.22778599
4879	0.23357828
4880	0.20613781
4881	0.25759743
4882	0.20782054
4883	0.22071073
4884	0.22507674
4885	0.21982376
4886	0.20878144
4887	0.23934217
4888	0.22061437
4889	0.25959435
4890	0.22303643
4891	0.23841268
4892	0.21970075
4893	0.25057051
4894	0.23018033
4895	0.23031646
4896	0.21802518
4897	0.22905980
4898	0.21488449
4899	0.23799859
4900	0.19826182
4901	0.21792768
4902	0.22769513
4903	0.19838697
4904	0.21616198
4905	0.22568963
4906	0.21439025
4907	0.26865508
4908	0.22951862
4909	0.22986360
4910	0.20986099
4911	0.20543217
4912	0.23296130
4913	0.21613453
4914	0.22663881
4915	0.21912662
4916	0.21659421
4917	0.23024448
4918	0.24254138
4919	0.22602257
4920	0.23242246
4921	0.25497596
4922	0.23899377
4923	0.19330159
4924	0.22821320
4925	0.23527280
4926	0.20912970
4927	0.24555839
4928	0.23748413
4929	0.24249451
4930	0.23508886
4931	0.19317859
4932	0.24784619
4933	0.24112113
4934	0.22341864
4935	0.21753147
4936	0.23032121
4937	0.21592212
4938	0.23579878
4939	0.21330112
4940	0.24049973
4941	0.22260834
4942	0.22682436
4943	0.23498909
4944	0.21688670
4945	0.22554038
4946	0.22241657
4947	0.24318334
4948	0.22909442
4949	0.22717457
4950	0.20604493
4951	0.22877354
4952	0.20545239
4953	0.22886936
4954	0.24527099
4955	0.23404560
4956	0.23814671
4957	0.26040920
4958	0.24476436
4959	0.20761236
4960	0.24200261
4961	0.25767390
4962	0.22493947
4963	0.23103978
4964	0.22767993
4965	0.23511966
4966	0.23505518
4967	0.23664979
4968	0.25148440
4969	0.24542199
4970	0.24489219
4971	0.24402638
4972	0.25663225
4973	0.23744636
4974	0.24540210
4975	0.18328452
4976	0.23785523
4977	0.24273075
