0	0.56445304
1	0.56263131
2	0.56431869
3	0.56452328
4	0.55303300
5	0.56420358
6	0.56329906
7	0.54891154
8	0.56334291
9	0.56389568
10	0.56240115
11	0.52675290
12	0.56424548
13	0.56329015
14	0.55517800
15	0.56357841
16	0.56496559
17	0.56483792
18	0.56452955
19	0.56454069
20	0.56469858
21	0.56435398
22	0.56451457
23	0.56482112
24	0.56436154
25	0.56447254
26	0.56413617
27	0.56435189
28	0.56461707
29	0.56483050
30	0.56445229
31	0.56441660
32	0.56512713
33	0.56426849
34	0.56361356
35	0.56338063
36	0.56372773
37	0.56443772
38	0.56439190
39	0.56425864
40	0.56163219
41	0.56238853
42	0.56415574
43	0.55981032
44	0.56360405
45	0.56392591
46	0.56353489
47	0.56226457
48	0.56422625
49	0.56362072
50	0.56043286
51	0.55109548
52	0.56328070
53	0.55980027
54	0.56242578
55	0.56289696
56	0.56280843
57	0.55033934
58	0.56444055
59	0.56312969
60	0.56389379
61	0.55362787
62	0.56015304
63	0.56439926
64	0.56024973
65	0.55420337
66	0.55547969
67	0.55867085
68	0.55902807
69	0.56392544
70	0.55768704
71	0.54899744
72	0.56435533
73	0.55154082
74	0.54795722
75	0.54139325
76	0.55863941
77	0.55903138
78	0.56148806
79	0.56210283
80	0.56228812
81	0.56278887
82	0.55465695
83	0.53796451
84	0.55083664
85	0.55222267
86	0.55774744
87	0.55274899
88	0.55629433
89	0.54524717
90	0.56271842
91	0.53953057
92	0.56150304
93	0.53566802
94	0.55583192
95	0.54981829
96	0.54433934
97	0.51031350
98	0.55174980
99	0.52038887
100	0.55707456
101	0.54949285
102	0.53906991
103	0.56044130
104	0.55812341
105	0.55507773
106	0.54532031
107	0.53515776
108	0.55534885
109	0.55347483
110	0.54039744
111	0.55495378
112	0.55305121
113	0.54648812
114	0.56189865
115	0.55081599
116	0.54734089
117	0.55528475
118	0.52580709
119	0.55288779
120	0.55680061
121	0.53383610
122	0.56195283
123	0.55638016
124	0.55832800
125	0.53222530
126	0.53643030
127	0.55074197
128	0.53085533
129	0.55580918
130	0.56032395
131	0.55689433
132	0.54337335
133	0.55499211
134	0.55550857
135	0.53707449
136	0.54451350
137	0.54156795
138	0.55890628
139	0.54130972
140	0.52960540
141	0.53923570
142	0.53438630
143	0.55288988
144	0.48938691
145	0.51976970
146	0.55661343
147	0.55313644
148	0.53186619
149	0.53987605
150	0.52869130
151	0.51536430
152	0.53532982
153	0.54357632
154	0.47141552
155	0.51891086
156	0.53216538
157	0.54826748
158	0.55961080
159	0.54222699
160	0.50242463
161	0.52531248
162	0.52480148
163	0.53758462
164	0.55081329
165	0.47495351
166	0.53075621
167	0.55257051
168	0.51318009
169	0.54685101
170	0.52310999
171	0.53269710
172	0.52859015
173	0.55345236
174	0.50814339
175	0.53729609
176	0.53443772
177	0.52582726
178	0.46190864
179	0.53798273
180	0.54095594
181	0.49771815
182	0.53079642
183	0.49742908
184	0.52837072
185	0.51162827
186	0.53946086
187	0.54356397
188	0.52190810
189	0.51924184
190	0.50570938
191	0.53957746
192	0.46617483
193	0.54028725
194	0.51275169
195	0.50431188
196	0.50205277
197	0.53192382
198	0.52866950
199	0.50661842
200	0.53046822
201	0.50942807
202	0.53109426
203	0.53265290
204	0.46517429
205	0.53103900
206	0.52702072
207	0.47755634
208	0.52380034
209	0.52110412
210	0.51729258
211	0.54204946
212	0.53251889
213	0.53873023
214	0.53848192
215	0.52132699
216	0.53220459
217	0.54587011
218	0.43763907
219	0.54416275
220	0.49069001
221	0.51034642
222	0.54729379
223	0.51035668
224	0.53518306
225	0.50241525
226	0.52291073
227	0.52685506
228	0.52366646
229	0.52127753
230	0.52247085
231	0.49000965
232	0.52760412
233	0.48358057
234	0.48834211
235	0.51905088
236	0.51159960
237	0.53252665
238	0.52212281
239	0.48842591
240	0.46146883
241	0.53681538
242	0.41972598
243	0.49824622
244	0.51124852
245	0.50417497
246	0.54028205
247	0.52439582
248	0.48794804
249	0.51599811
250	0.47449049
251	0.46576768
252	0.50688664
253	0.46496856
254	0.51302105
255	0.53222908
256	0.50355951
257	0.51975668
258	0.52279244
259	0.50381032
260	0.49573273
261	0.51365918
262	0.48594966
263	0.51479737
264	0.51398360
265	0.52872578
266	0.50759022
267	0.48421552
268	0.53948826
269	0.49989285
270	0.53249791
271	0.48964305
272	0.52417483
273	0.49621565
274	0.51281943
275	0.46681734
276	0.51987848
277	0.49353610
278	0.49636370
279	0.50079892
280	0.48894096
281	0.50872679
282	0.46504906
283	0.51671653
284	0.52058360
285	0.44459103
286	0.51037841
287	0.48877287
288	0.42571134
289	0.46993468
290	0.47295533
291	0.50886660
292	0.50421208
293	0.49992854
294	0.49168617
295	0.52554244
296	0.49613259
297	0.48800526
298	0.53535803
299	0.48486835
300	0.47961464
301	0.42744453
302	0.48512429
303	0.42654953
304	0.51426957
305	0.49778165
306	0.43771734
307	0.48528502
308	0.50369771
309	0.49846248
310	0.49215020
311	0.44321019
312	0.47392578
313	0.50329534
314	0.49460897
315	0.51231970
316	0.48170789
317	0.45439791
318	0.42565432
319	0.50866066
320	0.49302962
321	0.50853819
322	0.45880749
323	0.48844123
324	0.51401761
325	0.49382321
326	0.51000850
327	0.48143664
328	0.45506687
329	0.50002564
330	0.52650830
331	0.49806511
332	0.50201404
333	0.43935371
334	0.48269285
335	0.51830351
336	0.45127834
337	0.47158596
338	0.53048927
339	0.48591363
340	0.45064973
341	0.47755789
342	0.39960715
343	0.50911660
344	0.44850459
345	0.48221741
346	0.51340196
347	0.46675243
348	0.48309109
349	0.49431511
350	0.46416242
351	0.51090688
352	0.48895709
353	0.50838273
354	0.46400513
355	0.38531464
356	0.47813880
357	0.44810216
358	0.47212132
359	0.50431491
360	0.45177780
361	0.49556957
362	0.47082530
363	0.52006916
364	0.45429285
365	0.53735108
366	0.43131242
367	0.44062719
368	0.49772247
369	0.46383144
370	0.50670304
371	0.42700256
372	0.48213792
373	0.44394170
374	0.47508117
375	0.50336842
376	0.48484501
377	0.43146525
378	0.46746997
379	0.48034062
380	0.49624609
381	0.48077355
382	0.49710101
383	0.46906916
384	0.43524750
385	0.50078657
386	0.44129211
387	0.46224757
388	0.44684906
389	0.50597794
390	0.50104082
391	0.45111242
392	0.46792233
393	0.45645938
394	0.46607058
395	0.48195567
396	0.45751775
397	0.43981849
398	0.43763165
399	0.47224204
400	0.41547186
401	0.45251660
402	0.42955324
403	0.54084777
404	0.43095918
405	0.45865209
406	0.51346201
407	0.43690175
408	0.44530358
409	0.50776768
410	0.43395094
411	0.49374467
412	0.43616275
413	0.47536613
414	0.43846194
415	0.43728718
416	0.50189912
417	0.49050243
418	0.42583259
419	0.44568731
420	0.48271080
421	0.45884818
422	0.48587706
423	0.48331093
424	0.44786404
425	0.50681019
426	0.48310148
427	0.45299453
428	0.36718853
429	0.51286134
430	0.50430081
431	0.49436498
432	0.51260331
433	0.47241154
434	0.47519015
435	0.46198246
436	0.46679548
437	0.48824514
438	0.44875418
439	0.47741748
440	0.49564035
441	0.46501093
442	0.45719163
443	0.42377584
444	0.50774798
445	0.45064420
446	0.46301775
447	0.46071734
448	0.44910344
449	0.47822915
450	0.48272827
451	0.45983779
452	0.45986545
453	0.39995560
454	0.41301208
455	0.40989575
456	0.46749487
457	0.50501862
458	0.38423630
459	0.42576026
460	0.46137557
461	0.42454116
462	0.45111026
463	0.51107746
464	0.42538536
465	0.44226869
466	0.44439791
467	0.43568833
468	0.44797119
469	0.43023158
470	0.49016862
471	0.43984298
472	0.39539528
473	0.41568340
474	0.44031626
475	0.46424622
476	0.45010398
477	0.48999143
478	0.46561147
479	0.43516296
480	0.45812915
481	0.50800486
482	0.45844352
483	0.46734312
484	0.44755601
485	0.46117429
486	0.48589933
487	0.44835297
488	0.47066626
489	0.50806397
490	0.45518151
491	0.46795756
492	0.44618354
493	0.47870621
494	0.45293374
495	0.45259325
496	0.45661640
497	0.44545945
498	0.40361876
499	0.43780351
500	0.46043880
501	0.49690783
502	0.39584696
503	0.42342665
504	0.44625189
505	0.47234001
506	0.44886741
507	0.50037713
508	0.43174258
509	0.45153907
510	0.49311478
511	0.44079271
512	0.41224939
513	0.41976714
514	0.47434460
515	0.41549184
516	0.47121916
517	0.46131059
518	0.47047058
519	0.45363333
520	0.48183158
521	0.44521734
522	0.42091296
523	0.47157564
524	0.47788428
525	0.42804291
526	0.43989318
527	0.50075709
528	0.40171977
529	0.39609042
530	0.43805310
531	0.49348630
532	0.43703414
533	0.45048563
534	0.38626201
535	0.44816356
536	0.45400398
537	0.40106080
538	0.44429750
539	0.45189690
540	0.42888704
541	0.42415729
542	0.42571093
543	0.38093016
544	0.42439474
545	0.44103414
546	0.43841761
547	0.41876464
548	0.39125020
549	0.49352058
550	0.40835911
551	0.45016215
552	0.45758806
553	0.48845209
554	0.41009588
555	0.43982874
556	0.48507308
557	0.42035391
558	0.38086997
559	0.41030493
560	0.43718300
561	0.44511694
562	0.43156329
563	0.48081653
564	0.44667341
565	0.43359676
566	0.46064750
567	0.48104278
568	0.44771397
569	0.46663529
570	0.42099393
571	0.47967814
572	0.42115897
573	0.42746700
574	0.45996781
575	0.49644852
576	0.44278947
577	0.38187982
578	0.43345013
579	0.42203610
580	0.45988596
581	0.42141525
582	0.42924798
583	0.37804690
584	0.48909001
585	0.46337746
586	0.44615155
587	0.38478927
588	0.43665877
589	0.49070891
590	0.47269372
591	0.42444528
592	0.50622375
593	0.45740108
594	0.42736404
595	0.38370250
596	0.41294912
597	0.48353738
598	0.42589332
599	0.43954022
600	0.40935904
601	0.41761457
602	0.40980405
603	0.48350169
604	0.43941201
605	0.36669541
606	0.46684838
607	0.45305810
608	0.44839926
609	0.47065621
610	0.46688482
611	0.40386559
612	0.44344703
613	0.50339109
614	0.41077166
615	0.43053995
616	0.44869912
617	0.45809784
618	0.43509049
619	0.44264217
620	0.44008138
621	0.40806478
622	0.44389285
623	0.40091505
624	0.41052557
625	0.40665520
626	0.42944055
627	0.41986660
628	0.40321930
629	0.45406404
630	0.39006640
631	0.45770918
632	0.42432166
633	0.42202031
634	0.41001107
635	0.40004642
636	0.46718455
637	0.45204582
638	0.40814487
639	0.45266012
640	0.39296046
641	0.42842105
642	0.45686444
643	0.42502382
644	0.42590061
645	0.49051437
646	0.42768347
647	0.45570601
648	0.40370715
649	0.48510574
650	0.40658671
651	0.40358617
652	0.39851856
653	0.46084710
654	0.43457598
655	0.40579258
656	0.39366289
657	0.49590607
658	0.42451012
659	0.34851282
660	0.44242348
661	0.45367429
662	0.42119211
663	0.41442470
664	0.40660047
665	0.44983995
666	0.42747051
667	0.40807018
668	0.38822901
669	0.40100115
670	0.45616788
671	0.41975594
672	0.39021640
673	0.42668144
674	0.46250769
675	0.41809406
676	0.46348725
677	0.38848522
678	0.41342935
679	0.44393691
680	0.42968360
681	0.47529251
682	0.42241201
683	0.41826181
684	0.43632038
685	0.39069379
686	0.39516613
687	0.45475283
688	0.38440310
689	0.41566829
690	0.41878502
691	0.41477922
692	0.38440783
693	0.46900452
694	0.42104062
695	0.47833468
696	0.47425283
697	0.43385283
698	0.43447861
699	0.43851761
700	0.43855189
701	0.39552962
702	0.41634298
703	0.43223327
704	0.39105121
705	0.37224359
706	0.41581336
707	0.45935992
708	0.39823812
709	0.39569629
710	0.42667011
711	0.43906748
712	0.40735007
713	0.36425614
714	0.43038853
715	0.43700142
716	0.41236363
717	0.46351788
718	0.49157456
719	0.35146377
720	0.42541694
721	0.47413866
722	0.48000027
723	0.43555425
724	0.42442659
725	0.34359190
726	0.38241916
727	0.42558232
728	0.41362375
729	0.39429035
730	0.40424960
731	0.39854946
732	0.39629103
733	0.45486424
734	0.39932274
735	0.36976302
736	0.40798543
737	0.37627038
738	0.40221937
739	0.42042652
740	0.38638704
741	0.37823677
742	0.38146073
743	0.45573516
744	0.43953711
745	0.37119251
746	0.34508671
747	0.45211154
748	0.40106377
749	0.38902490
750	0.37016619
751	0.40994690
752	0.41114103
753	0.42275142
754	0.40748313
755	0.40502179
756	0.44067416
757	0.42677686
758	0.38894447
759	0.41277530
760	0.39412611
761	0.40523104
762	0.37941592
763	0.43122416
764	0.40615378
765	0.45386646
766	0.37193596
767	0.41904460
768	0.42629730
769	0.43193070
770	0.36955270
771	0.42366572
772	0.39405135
773	0.41340756
774	0.40248758
775	0.36468752
776	0.40686444
777	0.41907436
778	0.40643090
779	0.36191876
780	0.38059022
781	0.40206822
782	0.37265999
783	0.43545027
784	0.44967895
785	0.39890128
786	0.40130277
787	0.47050142
788	0.39746802
789	0.37233266
790	0.43888779
791	0.37609312
792	0.39546842
793	0.37161107
794	0.40735931
795	0.43605202
796	0.39283057
797	0.37619001
798	0.40200270
799	0.42127821
800	0.44587854
801	0.39958090
802	0.38252260
803	0.37711059
804	0.36218704
805	0.41902058
806	0.37408576
807	0.37633907
808	0.43326370
809	0.41757267
810	0.44258684
811	0.42085985
812	0.41162456
813	0.40670810
814	0.41919568
815	0.41186545
816	0.38416545
817	0.40341505
818	0.41622308
819	0.37829305
820	0.46041957
821	0.40756404
822	0.42666188
823	0.43201842
824	0.40344359
825	0.36257051
826	0.40711032
827	0.45468941
828	0.37506707
829	0.40641188
830	0.37213435
831	0.37911417
832	0.36122463
833	0.42477611
834	0.41313799
835	0.41724507
836	0.40322112
837	0.41475385
838	0.33258030
839	0.36246721
840	0.40613718
841	0.42424676
842	0.35183030
843	0.38482915
844	0.44852476
845	0.39499649
846	0.36528023
847	0.39942888
848	0.40956451
849	0.40964811
850	0.39250223
851	0.38450526
852	0.38677962
853	0.43057092
854	0.40386248
855	0.34807976
856	0.42809993
857	0.37400209
858	0.42206700
859	0.44293927
860	0.38914892
861	0.38907564
862	0.39067308
863	0.37536640
864	0.43272119
865	0.37997321
866	0.42918084
867	0.33408462
868	0.41166761
869	0.38358252
870	0.34179683
871	0.40862112
872	0.41394285
873	0.38829568
874	0.40409514
875	0.44796586
876	0.41545688
877	0.41096478
878	0.43458441
879	0.37859764
880	0.39655547
881	0.40002193
882	0.35881316
883	0.40232605
884	0.42938009
885	0.40346680
886	0.40373826
887	0.41689642
888	0.38505378
889	0.40599737
890	0.38044534
891	0.35941511
892	0.31590317
893	0.37989204
894	0.39620513
895	0.37947429
896	0.34517976
897	0.38538765
898	0.45903441
899	0.43995391
900	0.42213887
901	0.42633165
902	0.42064507
903	0.42566046
904	0.39879865
905	0.39171667
906	0.37408171
907	0.37617382
908	0.39483367
909	0.38190776
910	0.45476498
911	0.37245884
912	0.34066964
913	0.37681221
914	0.38627179
915	0.43163819
916	0.38300047
917	0.36210155
918	0.36300661
919	0.34277024
920	0.34422753
921	0.35551538
922	0.40138819
923	0.38007200
924	0.37703097
925	0.41352800
926	0.41011154
927	0.38660418
928	0.42876404
929	0.37757996
930	0.38660398
931	0.39717955
932	0.40421316
933	0.36867699
934	0.42101977
935	0.43560364
936	0.34697321
937	0.42050816
938	0.35347524
939	0.37838158
940	0.40283637
941	0.43438394
942	0.39646255
943	0.38346653
944	0.40066316
945	0.42280594
946	0.47390972
947	0.38065020
948	0.44007848
949	0.35930371
950	0.38782645
951	0.41808650
952	0.45231323
953	0.40108529
954	0.42566667
955	0.37830385
956	0.38336876
957	0.34004184
958	0.42158995
959	0.35354582
960	0.40384885
961	0.36294629
962	0.38547422
963	0.35652611
964	0.38331768
965	0.40452922
966	0.39092834
967	0.34455013
968	0.40593165
969	0.36069460
970	0.32024055
971	0.37870304
972	0.38854933
973	0.37249609
974	0.37539076
975	0.41701059
976	0.39007753
977	0.34586343
978	0.34118381
979	0.39370047
980	0.39554393
981	0.39487213
982	0.40814278
983	0.37292470
984	0.40537895
985	0.39219406
986	0.38254629
987	0.40486653
988	0.42675614
989	0.36850270
990	0.41674305
991	0.43137476
992	0.40997955
993	0.35075020
994	0.37369825
995	0.34626937
996	0.40289028
997	0.41410040
998	0.37019406
999	0.35974008
1000	0.41932787
1001	0.35711862
1002	0.38919271
1003	0.37226066
1004	0.35449744
1005	0.35877335
1006	0.41968435
1007	0.41411053
1008	0.30874879
1009	0.36354399
1010	0.40605412
1011	0.36972267
1012	0.36327787
1013	0.39855972
1014	0.35359379
1015	0.40520891
1016	0.35465897
1017	0.42123016
1018	0.42132517
1019	0.39931626
1020	0.36121950
1021	0.32840992
1022	0.37938583
1023	0.35048819
1024	0.41337524
1025	0.36170223
1026	0.38360702
1027	0.38578988
1028	0.38863691
1029	0.37294838
1030	0.40204622
1031	0.37004656
1032	0.39672260
1033	0.43906964
1034	0.43161424
1035	0.35872746
1036	0.34752227
1037	0.34685074
1038	0.35065270
1039	0.40454669
1040	0.40671255
1041	0.41048623
1042	0.37999892
1043	0.43166032
1044	0.33475412
1045	0.40898009
1046	0.42216545
1047	0.31690621
1048	0.32437254
1049	0.38352517
1050	0.40557254
1051	0.36701383
1052	0.34949980
1053	0.40264521
1054	0.36643482
1055	0.31009372
1056	0.39090735
1057	0.36989548
1058	0.38384534
1059	0.41336397
1060	0.39804467
1061	0.32666181
1062	0.34843630
1063	0.34774123
1064	0.37129568
1065	0.39069096
1066	0.39407038
1067	0.36411012
1068	0.33010864
1069	0.32395128
1070	0.43467686
1071	0.37082632
1072	0.35233934
1073	0.37115675
1074	0.37697645
1075	0.37978408
1076	0.38626970
1077	0.36546586
1078	0.30997760
1079	0.37000972
1080	0.42184953
1081	0.34913104
1082	0.37840493
1083	0.35056835
1084	0.33990445
1085	0.40859433
1086	0.40688711
1087	0.38697429
1088	0.32658333
1089	0.36273057
1090	0.35693988
1091	0.40194339
1092	0.40112503
1093	0.39543023
1094	0.38082665
1095	0.35048677
1096	0.42526383
1097	0.32620047
1098	0.36527780
1099	0.38412773
1100	0.34991707
1101	0.36753462
1102	0.38863792
1103	0.36421559
1104	0.29445634
1105	0.34687072
1106	0.39069622
1107	0.33720769
1108	0.39993239
1109	0.35644082
1110	0.35782321
1111	0.38014285
1112	0.34871289
1113	0.36423792
1114	0.40047942
1115	0.37188806
1116	0.36815182
1117	0.36150189
1118	0.37257719
1119	0.40870560
1120	0.37779993
1121	0.34384609
1122	0.39216876
1123	0.36781505
1124	0.34367584
1125	0.39462922
1126	0.41205290
1127	0.40066221
1128	0.37344103
1129	0.34170547
1130	0.37209804
1131	0.35204973
1132	0.38190223
1133	0.34872213
1134	0.35082233
1135	0.38911849
1136	0.41253077
1137	0.34603462
1138	0.34370648
1139	0.38214062
1140	0.33214771
1141	0.38526113
1142	0.39982571
1143	0.38383165
1144	0.34246430
1145	0.37489238
1146	0.36419845
1147	0.32560115
1148	0.37994420
1149	0.33965931
1150	0.41178327
1151	0.35946478
1152	0.36238684
1153	0.40417787
1154	0.37811383
1155	0.34173731
1156	0.38876626
1157	0.34860182
1158	0.31535911
1159	0.35803988
1160	0.39727078
1161	0.45619217
1162	0.38060121
1163	0.32457989
1164	0.32104224
1165	0.37275877
1166	0.40516424
1167	0.34510803
1168	0.38275803
1169	0.35920148
1170	0.39588293
1171	0.34642497
1172	0.34247004
1173	0.35779642
1174	0.36165243
1175	0.36460344
1176	0.35525270
1177	0.35942645
1178	0.36882152
1179	0.38806599
1180	0.37758057
1181	0.31847011
1182	0.32578941
1183	0.31689089
1184	0.36942814
1185	0.36969838
1186	0.39576727
1187	0.38775175
1188	0.34565823
1189	0.38557105
1190	0.42016721
1191	0.35726498
1192	0.38736464
1193	0.35296430
1194	0.36463799
1195	0.35012584
1196	0.36936484
1197	0.39818374
1198	0.33988711
1199	0.36174103
1200	0.33962402
1201	0.33602375
1202	0.38098462
1203	0.37685641
1204	0.36500688
1205	0.38976437
1206	0.39983252
1207	0.40417510
1208	0.35638097
1209	0.40806626
1210	0.37675128
1211	0.32215634
1212	0.38101282
1213	0.32388327
1214	0.31653914
1215	0.42060452
1216	0.35768239
1217	0.30940202
1218	0.39594912
1219	0.37786120
1220	0.38711208
1221	0.33200904
1222	0.32908273
1223	0.35496734
1224	0.36085830
1225	0.41297881
1226	0.37123428
1227	0.35383502
1228	0.36315769
1229	0.37732065
1230	0.38077038
1231	0.37317497
1232	0.35298354
1233	0.35285729
1234	0.37554588
1235	0.33288158
1236	0.35158117
1237	0.36488333
1238	0.36536916
1239	0.34796451
1240	0.35463583
1241	0.29579588
1242	0.34161559
1243	0.38271835
1244	0.36884143
1245	0.33832510
1246	0.40525924
1247	0.36579514
1248	0.38235499
1249	0.37302085
1250	0.34132058
1251	0.33698408
1252	0.34244642
1253	0.38710358
1254	0.35921289
1255	0.41264514
1256	0.33852024
1257	0.33950688
1258	0.36647827
1259	0.40141545
1260	0.35324136
1261	0.33017321
1262	0.33899062
1263	0.36344386
1264	0.39392679
1265	0.39205695
1266	0.31518259
1267	0.36406829
1268	0.37157679
1269	0.35770094
1270	0.40262591
1271	0.33965142
1272	0.33609460
1273	0.34372045
1274	0.33425216
1275	0.37212497
1276	0.39171869
1277	0.37502989
1278	0.36131019
1279	0.37691242
1280	0.32851775
1281	0.33724933
1282	0.36117078
1283	0.35484798
1284	0.36822186
1285	0.36311673
1286	0.32809885
1287	0.39005992
1288	0.42382092
1289	0.38347375
1290	0.34949784
1291	0.37293354
1292	0.36363111
1293	0.32675405
1294	0.34995709
1295	0.35670587
1296	0.37387362
1297	0.33703839
1298	0.37475047
1299	0.32279082
1300	0.35900742
1301	0.40561120
1302	0.35075486
1303	0.42005789
1304	0.35082719
1305	0.37365621
1306	0.35088596
1307	0.30047706
1308	0.33717760
1309	0.34705223
1310	0.38324049
1311	0.31636545
1312	0.36384723
1313	0.31493050
1314	0.33524568
1315	0.36433590
1316	0.35242780
1317	0.34065587
1318	0.37398617
1319	0.39999852
1320	0.34385304
1321	0.36478178
1322	0.36713077
1323	0.33618455
1324	0.42736991
1325	0.34778171
1326	0.33969588
1327	0.30686269
1328	0.38019480
1329	0.31176768
1330	0.33770290
1331	0.36721410
1332	0.39233374
1333	0.33129885
1334	0.32636323
1335	0.35347746
1336	0.33714265
1337	0.36057227
1338	0.32621127
1339	0.38708920
1340	0.38717045
1341	0.31783043
1342	0.36837132
1343	0.35349103
1344	0.30133880
1345	0.35806134
1346	0.37462848
1347	0.36551505
1348	0.33960290
1349	0.38589993
1350	0.32349696
1351	0.32277524
1352	0.34421950
1353	0.32382591
1354	0.32903495
1355	0.33883495
1356	0.35500978
1357	0.37191957
1358	0.32583556
1359	0.36799197
1360	0.42199184
1361	0.32848414
1362	0.35767605
1363	0.37389615
1364	0.35418590
1365	0.30812018
1366	0.34468522
1367	0.36040007
1368	0.38606592
1369	0.35861727
1370	0.34803246
1371	0.33989345
1372	0.35528603
1373	0.34018516
1374	0.35788745
1375	0.35453144
1376	0.31153947
1377	0.35494548
1378	0.34469170
1379	0.28936073
1380	0.30646889
1381	0.35089447
1382	0.35750843
1383	0.34580506
1384	0.29967733
1385	0.31962827
1386	0.37179055
1387	0.34899953
1388	0.27566829
1389	0.36095351
1390	0.34084798
1391	0.33567139
1392	0.35314399
1393	0.38113374
1394	0.33785209
1395	0.39126120
1396	0.35894244
1397	0.36313576
1398	0.33811916
1399	0.35676417
1400	0.35464204
1401	0.30158927
1402	0.32624885
1403	0.38356815
1404	0.35808313
1405	0.36147152
1406	0.33818549
1407	0.35921552
1408	0.31251457
1409	0.39775452
1410	0.30922233
1411	0.36574433
1412	0.33864170
1413	0.35480081
1414	0.39632314
1415	0.32342861
1416	0.37217834
1417	0.40356242
1418	0.31258947
1419	0.33702449
1420	0.35083738
1421	0.31239609
1422	0.37943475
1423	0.32521505
1424	0.35230918
1425	0.31691140
1426	0.34052928
1427	0.32830560
1428	0.30998995
1429	0.34430472
1430	0.33934622
1431	0.35406991
1432	0.36897605
1433	0.33391538
1434	0.32807065
1435	0.33512773
1436	0.35287240
1437	0.32476066
1438	0.35510628
1439	0.32733320
1440	0.31930216
1441	0.33846215
1442	0.34361754
1443	0.37075148
1444	0.33964831
1445	0.33413718
1446	0.30336741
1447	0.33987611
1448	0.37833839
1449	0.32972841
1450	0.37135027
1451	0.34425081
1452	0.35164953
1453	0.31738772
1454	0.33693225
1455	0.33451444
1456	0.28256484
1457	0.34278489
1458	0.36369953
1459	0.38262490
1460	0.33863367
1461	0.30728947
1462	0.35458752
1463	0.37129663
1464	0.29284177
1465	0.33204136
1466	0.38195668
1467	0.33740715
1468	0.35048677
1469	0.28048704
1470	0.31224622
1471	0.32889696
1472	0.33598360
1473	0.36272901
1474	0.32863009
1475	0.34285459
1476	0.32141937
1477	0.33745324
1478	0.31542281
1479	0.33232024
1480	0.34018367
1481	0.33620351
1482	0.37496215
1483	0.34126161
1484	0.33103927
1485	0.33979683
1486	0.35130452
1487	0.33912260
1488	0.35133448
1489	0.29642524
1490	0.34001478
1491	0.33846545
1492	0.34703475
1493	0.34563806
1494	0.33168009
1495	0.32582206
1496	0.31863819
1497	0.33337301
1498	0.36926235
1499	0.36825007
1500	0.32142895
1501	0.29629710
1502	0.37312193
1503	0.31748731
1504	0.33686127
1505	0.29747004
1506	0.32110735
1507	0.34013165
1508	0.35446032
1509	0.31578246
1510	0.32894501
1511	0.31853468
1512	0.32920412
1513	0.32468792
1514	0.33283907
1515	0.33865614
1516	0.29893347
1517	0.34588772
1518	0.37535169
1519	0.37295256
1520	0.36643866
1521	0.32839366
1522	0.34938482
1523	0.34842888
1524	0.38563043
1525	0.31913765
1526	0.30519993
1527	0.31932072
1528	0.31278907
1529	0.32764271
1530	0.32091471
1531	0.34618320
1532	0.26193158
1533	0.30719278
1534	0.29016269
1535	0.34733435
1536	0.31318630
1537	0.38085466
1538	0.31502085
1539	0.35191248
1540	0.31719089
1541	0.35578185
1542	0.34021754
1543	0.31825607
1544	0.35442888
1545	0.34348920
1546	0.30496282
1547	0.36441430
1548	0.33897200
1549	0.33425317
1550	0.36930972
1551	0.34036761
1552	0.31986329
1553	0.35772328
1554	0.34785486
1555	0.32398671
1556	0.31535783
1557	0.31072652
1558	0.34394926
1559	0.37628178
1560	0.36437632
1561	0.32861269
1562	0.33872429
1563	0.30841761
1564	0.35701943
1565	0.33246781
1566	0.35469710
1567	0.33534082
1568	0.34037551
1569	0.32128785
1570	0.32790789
1571	0.36132524
1572	0.33595148
1573	0.33454764
1574	0.36566343
1575	0.36859609
1576	0.35505547
1577	0.33829892
1578	0.31393961
1579	0.35112652
1580	0.38640648
1581	0.33101565
1582	0.35173725
1583	0.29037078
1584	0.31418522
1585	0.37228070
1586	0.33605958
1587	0.34438995
1588	0.31020297
1589	0.34137503
1590	0.29714177
1591	0.36750243
1592	0.31422854
1593	0.34755587
1594	0.33920857
1595	0.36435121
1596	0.29857179
1597	0.30640553
1598	0.29406228
1599	0.32172159
1600	0.29279130
1601	0.34931269
1602	0.32091154
1603	0.32161188
1604	0.37459993
1605	0.26450830
1606	0.32350533
1607	0.30852146
1608	0.38638495
1609	0.33527112
1610	0.32580263
1611	0.32815526
1612	0.31982976
1613	0.36087024
1614	0.32779372
1615	0.27495439
1616	0.30202659
1617	0.33004825
1618	0.39685655
1619	0.34300115
1620	0.34202470
1621	0.31864487
1622	0.32746080
1623	0.35801424
1624	0.36366444
1625	0.31229406
1626	0.35547692
1627	0.35530742
1628	0.32107510
1629	0.33980486
1630	0.29680486
1631	0.32015142
1632	0.33918036
1633	0.31511262
1634	0.31932193
1635	0.30204582
1636	0.27509730
1637	0.33439035
1638	0.41061761
1639	0.37451073
1640	0.33777287
1641	0.37083988
1642	0.38820344
1643	0.38805020
1644	0.37573509
1645	0.36081350
1646	0.40641775
1647	0.34465385
1648	0.31881181
1649	0.32510425
1650	0.32303171
1651	0.34844710
1652	0.39112179
1653	0.32562072
1654	0.33148306
1655	0.32887962
1656	0.27963536
1657	0.31501545
1658	0.33553367
1659	0.29310803
1660	0.31110560
1661	0.33439089
1662	0.29805364
1663	0.34911525
1664	0.37031053
1665	0.32485283
1666	0.30700405
1667	0.32216302
1668	0.31339933
1669	0.30267051
1670	0.31391802
1671	0.34146741
1672	0.32456916
1673	0.31485385
1674	0.34254184
1675	0.33257004
1676	0.32777672
1677	0.34668543
1678	0.31570951
1679	0.34777665
1680	0.35140425
1681	0.30127591
1682	0.35209912
1683	0.32407132
1684	0.33987928
1685	0.30299993
1686	0.30789291
1687	0.30818360
1688	0.32902928
1689	0.32112746
1690	0.29365999
1691	0.33916397
1692	0.34655290
1693	0.33688455
1694	0.30853563
1695	0.27740776
1696	0.28158212
1697	0.30693995
1698	0.26092099
1699	0.36343684
1700	0.32964305
1701	0.35259150
1702	0.31289919
1703	0.32055850
1704	0.33953104
1705	0.33404933
1706	0.35193151
1707	0.37321147
1708	0.34108009
1709	0.33535938
1710	0.34053495
1711	0.31375351
1712	0.35017692
1713	0.31347105
1714	0.30817517
1715	0.31772605
1716	0.37209008
1717	0.35991478
1718	0.29508435
1719	0.31860499
1720	0.33647146
1721	0.34625351
1722	0.35909548
1723	0.35477841
1724	0.30964541
1725	0.32870034
1726	0.34973333
1727	0.27701397
1728	0.32956498
1729	0.35491505
1730	0.33541984
1731	0.34693482
1732	0.33576161
1733	0.29990088
1734	0.31029825
1735	0.34178630
1736	0.31413866
1737	0.32915344
1738	0.27712780
1739	0.32133104
1740	0.36734055
1741	0.30248603
1742	0.33646336
1743	0.30977287
1744	0.31616059
1745	0.30365695
1746	0.30388570
1747	0.29564514
1748	0.32221977
1749	0.32752841
1750	0.33814642
1751	0.37325094
1752	0.34018482
1753	0.29693293
1754	0.32421053
1755	0.28609696
1756	0.32929973
1757	0.34200816
1758	0.30672794
1759	0.35262922
1760	0.28938387
1761	0.34429973
1762	0.30179399
1763	0.31406113
1764	0.36557854
1765	0.33028327
1766	0.31137733
1767	0.32092861
1768	0.26096700
1769	0.31187800
1770	0.35354298
1771	0.34970702
1772	0.32458381
1773	0.31417746
1774	0.36304642
1775	0.30717928
1776	0.36933711
1777	0.31812962
1778	0.31912699
1779	0.36536606
1780	0.33740607
1781	0.37703306
1782	0.38497564
1783	0.33578354
1784	0.29586538
1785	0.29501066
1786	0.29277092
1787	0.32351161
1788	0.32186619
1789	0.31363043
1790	0.35154170
1791	0.34417038
1792	0.31196194
1793	0.31722247
1794	0.30114453
1795	0.32274184
1796	0.31578246
1797	0.30868421
1798	0.33111410
1799	0.31513448
1800	0.34744460
1801	0.28695243
1802	0.29032166
1803	0.31430202
1804	0.32785243
1805	0.30672605
1806	0.31824467
1807	0.33353232
1808	0.34469885
1809	0.32803617
1810	0.31395810
1811	0.30069582
1812	0.33683171
1813	0.29306107
1814	0.33921856
1815	0.29832065
1816	0.28891147
1817	0.34948259
1818	0.31788914
1819	0.30553779
1820	0.31305796
1821	0.33838752
1822	0.29824123
1823	0.29621592
1824	0.34082881
1825	0.35145574
1826	0.32592915
1827	0.33900709
1828	0.34415142
1829	0.34028360
1830	0.28721161
1831	0.31856802
1832	0.34128097
1833	0.32597935
1834	0.33310162
1835	0.34085661
1836	0.33624588
1837	0.31747976
1838	0.34025067
1839	0.33580891
1840	0.27696680
1841	0.28745702
1842	0.32950351
1843	0.33569939
1844	0.34156802
1845	0.34026188
1846	0.28210189
1847	0.32271748
1848	0.34416997
1849	0.31253077
1850	0.30662429
1851	0.30121194
1852	0.30092004
1853	0.36728596
1854	0.35911646
1855	0.36648914
1856	0.32199157
1857	0.31570094
1858	0.28882605
1859	0.31222962
1860	0.30362389
1861	0.33236842
1862	0.36150513
1863	0.30436640
1864	0.35085182
1865	0.33051262
1866	0.30177827
1867	0.34931336
1868	0.34529035
1869	0.31284103
1870	0.28181714
1871	0.31044109
1872	0.30498839
1873	0.32415621
1874	0.29205196
1875	0.29908212
1876	0.30188920
1877	0.28871903
1878	0.32601350
1879	0.30207503
1880	0.34019993
1881	0.29043279
1882	0.30840722
1883	0.33152665
1884	0.26140331
1885	0.30085978
1886	0.35845513
1887	0.32261775
1888	0.31088853
1889	0.26702321
1890	0.33258549
1891	0.27960580
1892	0.30004737
1893	0.32413988
1894	0.32491525
1895	0.29654069
1896	0.31447854
1897	0.29634231
1898	0.28981134
1899	0.33381275
1900	0.30875371
1901	0.32206498
1902	0.32250283
1903	0.31002679
1904	0.33765655
1905	0.29283043
1906	0.34040830
1907	0.27775115
1908	0.28652733
1909	0.31274440
1910	0.29814912
1911	0.36423927
1912	0.30263252
1913	0.32755547
1914	0.31050709
1915	0.34267821
1916	0.30600283
1917	0.30482240
1918	0.30508779
1919	0.29946012
1920	0.28924298
1921	0.28038468
1922	0.32307665
1923	0.29891430
1924	0.29393711
1925	0.28779157
1926	0.33961619
1927	0.27247638
1928	0.30563623
1929	0.32780148
1930	0.30929973
1931	0.29414163
1932	0.32806134
1933	0.30715816
1934	0.27036046
1935	0.28453516
1936	0.31629764
1937	0.31162928
1938	0.32799845
1939	0.33021910
1940	0.31221316
1941	0.30323482
1942	0.29138839
1943	0.29984339
1944	0.31369143
1945	0.32743893
1946	0.31389015
1947	0.30214534
1948	0.35461228
1949	0.31531390
1950	0.30636430
1951	0.27145445
1952	0.33015047
1953	0.33438158
1954	0.33170040
1955	0.30082382
1956	0.34087814
1957	0.31914352
1958	0.32906410
1959	0.32607625
1960	0.33625648
1961	0.30962881
1962	0.33427557
1963	0.32819413
1964	0.31890236
1965	0.34598205
1966	0.30719791
1967	0.31469872
1968	0.34016910
1969	0.32875094
1970	0.32011350
1971	0.30739575
1972	0.33120270
1973	0.29302314
1974	0.33785162
1975	0.31312982
1976	0.30427699
1977	0.30460580
1978	0.31368866
1979	0.27895128
1980	0.33828839
1981	0.30477395
1982	0.31011633
1983	0.34558300
1984	0.31738927
1985	0.29354298
1986	0.33819406
1987	0.31915229
1988	0.32126457
1989	0.28381964
1990	0.27113239
1991	0.32920985
1992	0.31895142
1993	0.29564528
1994	0.28520789
1995	0.33576242
1996	0.26448968
1997	0.30680978
1998	0.28584447
1999	0.35410992
2000	0.30580385
2001	0.25750236
2002	0.31931795
2003	0.30885466
2004	0.30996768
2005	0.30505216
2006	0.33488772
2007	0.30499750
2008	0.28651437
2009	0.33554298
2010	0.29990816
2011	0.31401059
2012	0.27295007
2013	0.32224879
2014	0.28982247
2015	0.35037901
2016	0.29536194
2017	0.31144636
2018	0.30821289
2019	0.29270270
2020	0.30338462
2021	0.27937800
2022	0.28885364
2023	0.33433300
2024	0.29360837
2025	0.32097537
2026	0.31694926
2027	0.34219946
2028	0.35621592
2029	0.31404170
2030	0.37709690
2031	0.33144723
2032	0.27550094
2033	0.32800250
2034	0.31389676
2035	0.27825479
2036	0.33354798
2037	0.29638124
2038	0.34040169
2039	0.31198327
2040	0.33610452
2041	0.33705756
2042	0.30751167
2043	0.33711937
2044	0.28007632
2045	0.34779251
2046	0.30919980
2047	0.28766086
2048	0.31002807
2049	0.32125783
2050	0.29649136
2051	0.32251167
2052	0.33524096
2053	0.27276943
2054	0.28743880
2055	0.32381026
2056	0.30810128
2057	0.31553057
2058	0.28295803
2059	0.31656511
2060	0.32229345
2061	0.30966363
2062	0.31961100
2063	0.33894265
2064	0.32854406
2065	0.35303563
2066	0.34565978
2067	0.25628927
2068	0.29913873
2069	0.28502901
2070	0.32703900
2071	0.32048050
2072	0.30617422
2073	0.30814777
2074	0.28429312
2075	0.30365978
2076	0.27038286
2077	0.30186687
2078	0.31267665
2079	0.30112004
2080	0.29371687
2081	0.30456275
2082	0.31685148
2083	0.31496646
2084	0.30269238
2085	0.29436964
2086	0.32425533
2087	0.29119744
2088	0.29071430
2089	0.25696383
2090	0.31823853
2091	0.31116646
2092	0.27885013
2093	0.34831896
2094	0.31218893
2095	0.30846687
2096	0.31701856
2097	0.27325587
2098	0.29531579
2099	0.28747841
2100	0.29981424
2101	0.29893381
2102	0.33405992
2103	0.29210445
2104	0.32958259
2105	0.26433570
2106	0.29817949
2107	0.29840236
2108	0.29851849
2109	0.29523327
2110	0.30734251
2111	0.28928543
2112	0.30846417
2113	0.29764582
2114	0.31758117
2115	0.28644852
2116	0.28006525
2117	0.35500924
2118	0.28201876
2119	0.27336599
2120	0.32023853
2121	0.29050256
2122	0.29776174
2123	0.32542686
2124	0.32776484
2125	0.31097821
2126	0.29765040
2127	0.28544082
2128	0.31281646
2129	0.30981808
2130	0.29745182
2131	0.31588070
2132	0.29469332
2133	0.31675182
2134	0.32305715
2135	0.32102213
2136	0.33214312
2137	0.30167996
2138	0.29230189
2139	0.32391073
2140	0.32178900
2141	0.34041572
2142	0.29523239
2143	0.26633205
2144	0.33203711
2145	0.27934676
2146	0.29930378
2147	0.33031795
2148	0.32306404
2149	0.30361059
2150	0.30565857
2151	0.30713144
2152	0.28744379
2153	0.31514858
2154	0.33174791
2155	0.27826174
2156	0.32365918
2157	0.30607949
2158	0.33867240
2159	0.30360749
2160	0.28471626
2161	0.28057227
2162	0.32380628
2163	0.30611532
2164	0.28292314
2165	0.28936255
2166	0.24866714
2167	0.32110668
2168	0.28246059
2169	0.29972517
2170	0.31944588
2171	0.28498677
2172	0.27720655
2173	0.29069919
2174	0.27919629
2175	0.29890277
2176	0.28259399
2177	0.35668036
2178	0.27410412
2179	0.28475978
2180	0.31315540
2181	0.29916849
2182	0.33282321
2183	0.33211781
2184	0.29025229
2185	0.36025520
2186	0.27200007
2187	0.35273961
2188	0.30535283
2189	0.31630965
2190	0.29435614
2191	0.31344838
2192	0.29503576
2193	0.31214784
2194	0.30560088
2195	0.34293684
2196	0.30284008
2197	0.35849190
2198	0.28186377
2199	0.29323401
2200	0.30312449
2201	0.32031626
2202	0.26296039
2203	0.33418030
2204	0.27249211
2205	0.32419055
2206	0.30672018
2207	0.28013151
2208	0.27644858
2209	0.31934305
2210	0.28902497
2211	0.29489663
2212	0.34914899
2213	0.27154359
2214	0.31011100
2215	0.33693198
2216	0.31405486
2217	0.31129825
2218	0.27199595
2219	0.29506478
2220	0.31442314
2221	0.32488327
2222	0.30546586
2223	0.30491188
2224	0.29657564
2225	0.28104541
2226	0.29721437
2227	0.27060803
2228	0.30770607
2229	0.31255034
2230	0.32994271
2231	0.31168907
2232	0.30522618
2233	0.30089642
2234	0.33256748
2235	0.31488664
2236	0.28664305
2237	0.30078414
2238	0.29976829
2239	0.32445992
2240	0.29274818
2241	0.28161329
2242	0.32504845
2243	0.31851269
2244	0.30020385
2245	0.31575317
2246	0.34306464
2247	0.30953306
2248	0.30101748
2249	0.31604190
2250	0.26593650
2251	0.29581066
2252	0.31468522
2253	0.29869568
2254	0.26592794
2255	0.34788489
2256	0.27393084
2257	0.26794798
2258	0.28225094
2259	0.27397206
2260	0.27074656
2261	0.28265418
2262	0.32443084
2263	0.28381080
2264	0.28267591
2265	0.28128468
2266	0.27581525
2267	0.36035216
2268	0.27407470
2269	0.28708772
2270	0.32075088
2271	0.28746781
2272	0.31712510
2273	0.27326107
2274	0.31036444
2275	0.27194703
2276	0.27911876
2277	0.26075310
2278	0.29413468
2279	0.30038279
2280	0.33153104
2281	0.31954440
2282	0.28545405
2283	0.30234217
2284	0.28954184
2285	0.30152200
2286	0.30184575
2287	0.30190412
2288	0.28445520
2289	0.28122402
2290	0.31907382
2291	0.30631066
2292	0.26287085
2293	0.28595688
2294	0.29895587
2295	0.28983428
2296	0.29457045
2297	0.30746687
2298	0.28784157
2299	0.29647112
2300	0.32324109
2301	0.28029386
2302	0.27127045
2303	0.29056640
2304	0.29841107
2305	0.28845391
2306	0.31840682
2307	0.29641781
2308	0.30160668
2309	0.27345560
2310	0.26352233
2311	0.28499312
2312	0.29492719
2313	0.30323408
2314	0.27344791
2315	0.30093907
2316	0.28444217
2317	0.26102821
2318	0.29784163
2319	0.30266383
2320	0.28050223
2321	0.31963225
2322	0.30916599
2323	0.29440175
2324	0.32264642
2325	0.30718192
2326	0.29926741
2327	0.29412638
2328	0.32297726
2329	0.29987524
2330	0.29507031
2331	0.30149379
2332	0.28242767
2333	0.29435378
2334	0.30070972
2335	0.27654399
2336	0.29690607
2337	0.27728165
2338	0.30122780
2339	0.27118677
2340	0.27262416
2341	0.29345837
2342	0.33020459
2343	0.28770061
2344	0.30820560
2345	0.31379582
2346	0.29717638
2347	0.28795931
2348	0.28057996
2349	0.28434750
2350	0.31620533
2351	0.28464892
2352	0.31635762
2353	0.29239561
2354	0.27255263
2355	0.34242888
2356	0.33426619
2357	0.28653900
2358	0.27967449
2359	0.27845499
2360	0.32123934
2361	0.27105601
2362	0.28661937
2363	0.31549865
2364	0.30097767
2365	0.30785020
2366	0.25636586
2367	0.29150101
2368	0.28640533
2369	0.33289028
2370	0.30054845
2371	0.26600418
2372	0.27437942
2373	0.29213704
2374	0.31987854
2375	0.26664730
2376	0.28427416
2377	0.28819663
2378	0.27119818
2379	0.28596221
2380	0.32478036
2381	0.32612470
2382	0.33493853
2383	0.31201444
2384	0.29381835
2385	0.25771356
2386	0.24534352
2387	0.29147368
2388	0.30476889
2389	0.31948853
2390	0.29471370
2391	0.30030776
2392	0.27526147
2393	0.32118860
2394	0.28048549
2395	0.33480762
2396	0.28939177
2397	0.31164170
2398	0.28920270
2399	0.30005263
2400	0.28149892
2401	0.29916100
2402	0.31165351
2403	0.29523596
2404	0.30961653
2405	0.33928117
2406	0.27430513
2407	0.23444143
2408	0.28496430
2409	0.29462969
2410	0.27353563
2411	0.27175621
2412	0.27000337
2413	0.28958988
2414	0.31496748
2415	0.31076430
2416	0.29110715
2417	0.28809291
2418	0.28487112
2419	0.28568178
2420	0.27991026
2421	0.30141538
2422	0.29415432
2423	0.31894426
2424	0.25884406
2425	0.28654703
2426	0.28927072
2427	0.31169076
2428	0.33542254
2429	0.28329298
2430	0.28723583
2431	0.27344528
2432	0.27204474
2433	0.31248408
2434	0.31014447
2435	0.28370729
2436	0.29747719
2437	0.29849123
2438	0.30705682
2439	0.29038151
2440	0.27504352
2441	0.27320520
2442	0.26856343
2443	0.33177105
2444	0.28971464
2445	0.30459831
2446	0.26107193
2447	0.30853266
2448	0.27975864
2449	0.29090823
2450	0.24550499
2451	0.30091390
2452	0.26193354
2453	0.28529561
2454	0.27661748
2455	0.29094258
2456	0.29719015
2457	0.30189015
2458	0.28856889
2459	0.32400331
2460	0.31548893
2461	0.29674251
2462	0.29231296
2463	0.29366181
2464	0.33055182
2465	0.30078866
2466	0.30892618
2467	0.33123009
2468	0.30185675
2469	0.28894717
2470	0.28075884
2471	0.27622159
2472	0.27448428
2473	0.31896532
2474	0.24578347
2475	0.29730958
2476	0.25977652
2477	0.32533684
2478	0.27955850
2479	0.24967321
2480	0.30170209
2481	0.27884265
2482	0.28124723
2483	0.26630533
2484	0.29073745
2485	0.29153509
2486	0.31547692
2487	0.27944082
2488	0.27413117
2489	0.26450047
2490	0.27371802
2491	0.30280439
2492	0.26435290
2493	0.29138381
2494	0.29254669
2495	0.28449103
2496	0.27321302
2497	0.27763104
2498	0.30580081
2499	0.28267018
2500	0.27370567
2501	0.27684946
2502	0.28500013
2503	0.28840391
2504	0.27197402
2505	0.30445209
2506	0.31244683
2507	0.30511174
2508	0.27792018
2509	0.29762591
2510	0.27869251
2511	0.29539636
2512	0.28033252
2513	0.27943772
2514	0.28921869
2515	0.32822355
2516	0.29787760
2517	0.27771167
2518	0.29912949
2519	0.29474926
2520	0.29056093
2521	0.29071667
2522	0.28021329
2523	0.31162915
2524	0.28248893
2525	0.28407267
2526	0.25207490
2527	0.31216363
2528	0.28108313
2529	0.26954568
2530	0.32043947
2531	0.28973731
2532	0.31648819
2533	0.27299318
2534	0.30016484
2535	0.33896093
2536	0.30109744
2537	0.25300924
2538	0.27262449
2539	0.31425337
2540	0.28619136
2541	0.27913799
2542	0.26633893
2543	0.28678853
2544	0.28528117
2545	0.27637409
2546	0.28515769
2547	0.26373765
2548	0.30868286
2549	0.28710331
2550	0.31401829
2551	0.27798117
2552	0.29600978
2553	0.26812227
2554	0.27930243
2555	0.26590641
2556	0.29239224
2557	0.28023752
2558	0.29833286
2559	0.28006856
2560	0.30953381
2561	0.28086889
2562	0.28528090
2563	0.29753603
2564	0.30251808
2565	0.28270702
2566	0.30073819
2567	0.30502692
2568	0.33552011
2569	0.28067787
2570	0.28400965
2571	0.28706950
2572	0.29751161
2573	0.26529103
2574	0.26424271
2575	0.29435378
2576	0.25869258
2577	0.32507922
2578	0.28780816
2579	0.27424656
2580	0.32427686
2581	0.27385978
2582	0.29635290
2583	0.30021296
2584	0.26165924
2585	0.29712206
2586	0.28863745
2587	0.27576984
2588	0.28808252
2589	0.28613138
2590	0.31428171
2591	0.30612814
2592	0.24263306
2593	0.28757314
2594	0.29551194
2595	0.27120445
2596	0.29579717
2597	0.28165958
2598	0.27712274
2599	0.28524028
2600	0.27014474
2601	0.29198158
2602	0.27895020
2603	0.28113502
2604	0.29247625
2605	0.32300067
2606	0.29241714
2607	0.29292564
2608	0.28848320
2609	0.28759298
2610	0.29612584
2611	0.28415135
2612	0.27700175
2613	0.31338340
2614	0.25890547
2615	0.27410553
2616	0.26816457
2617	0.28669474
2618	0.30905209
2619	0.30778731
2620	0.31401296
2621	0.27357314
2622	0.28746619
2623	0.25888455
2624	0.28634143
2625	0.26287159
2626	0.30175142
2627	0.28275324
2628	0.25728846
2629	0.26746417
2630	0.25726781
2631	0.31491626
2632	0.30614582
2633	0.29859946
2634	0.28387335
2635	0.29922402
2636	0.30951424
2637	0.28280358
2638	0.28238313
2639	0.26935634
2640	0.28951059
2641	0.26892861
2642	0.25108259
2643	0.28928313
2644	0.27403354
2645	0.26158502
2646	0.27505655
2647	0.31390250
2648	0.30698448
2649	0.26873057
2650	0.25709899
2651	0.28822665
2652	0.29531282
2653	0.31330965
2654	0.26891255
2655	0.27840081
2656	0.26589278
2657	0.27416262
2658	0.28267051
2659	0.29857881
2660	0.28263961
2661	0.28899406
2662	0.26219291
2663	0.28021727
2664	0.27151208
2665	0.27859271
2666	0.26219987
2667	0.29280054
2668	0.28855270
2669	0.27080837
2670	0.27558144
2671	0.35405769
2672	0.30361181
2673	0.31130756
2674	0.28757530
2675	0.29616511
2676	0.32511080
2677	0.26399426
2678	0.23979521
2679	0.27500148
2680	0.26325830
2681	0.30452389
2682	0.27527490
2683	0.27995978
2684	0.28474669
2685	0.27202571
2686	0.28480776
2687	0.30651235
2688	0.32082038
2689	0.25126862
2690	0.29088853
2691	0.29447085
2692	0.29351727
2693	0.27580398
2694	0.30211707
2695	0.26960870
2696	0.26238016
2697	0.29755796
2698	0.27469157
2699	0.30042281
2700	0.28459069
2701	0.28029231
2702	0.26765020
2703	0.30781390
2704	0.27151100
2705	0.27736302
2706	0.31449514
2707	0.32126829
2708	0.27852942
2709	0.28363273
2710	0.26393232
2711	0.27083516
2712	0.26637409
2713	0.27846390
2714	0.27690526
2715	0.29405985
2716	0.31158347
2717	0.29103718
2718	0.26694649
2719	0.26887659
2720	0.25333529
2721	0.29524184
2722	0.29717679
2723	0.26758846
2724	0.26861140
2725	0.30121120
2726	0.27811167
2727	0.27805864
2728	0.24914595
2729	0.30118030
2730	0.26423799
2731	0.29670614
2732	0.25784966
2733	0.25484602
2734	0.26894305
2735	0.27590972
2736	0.28374676
2737	0.28705661
2738	0.29010155
2739	0.29513124
2740	0.26591984
2741	0.31912375
2742	0.27776424
2743	0.29423718
2744	0.30708381
2745	0.30336586
2746	0.29905985
2747	0.29509798
2748	0.26204190
2749	0.29090243
2750	0.28579332
2751	0.28743293
2752	0.27100601
2753	0.31777834
2754	0.27728070
2755	0.27558009
2756	0.26342571
2757	0.29117375
2758	0.31024784
2759	0.28580445
2760	0.29837530
2761	0.26817227
2762	0.30380378
2763	0.26683414
2764	0.29848576
2765	0.27747652
2766	0.29514096
2767	0.30272112
2768	0.28449082
2769	0.26072591
2770	0.25805607
2771	0.28547787
2772	0.25098286
2773	0.28481903
2774	0.29497395
2775	0.27618671
2776	0.27233752
2777	0.29413340
2778	0.28070182
2779	0.29918731
2780	0.28897321
2781	0.26153090
2782	0.30281950
2783	0.27070418
2784	0.27226633
2785	0.26630074
2786	0.27787186
2787	0.28649575
2788	0.25740776
2789	0.25815843
2790	0.28197409
2791	0.25441532
2792	0.31923623
2793	0.29768185
2794	0.31157517
2795	0.27998367
2796	0.26440769
2797	0.30497787
2798	0.28528671
2799	0.28269771
2800	0.28614676
2801	0.26986026
2802	0.25483758
2803	0.27036667
2804	0.25723691
2805	0.26057841
2806	0.29775978
2807	0.30951761
2808	0.30422672
2809	0.26664163
2810	0.25164197
2811	0.28335614
2812	0.24109109
2813	0.28327348
2814	0.25543941
2815	0.30821167
2816	0.28226687
2817	0.26290648
2818	0.27419798
2819	0.27686552
2820	0.23906829
2821	0.25174089
2822	0.26916559
2823	0.26202038
2824	0.28508448
2825	0.29175722
2826	0.25844022
2827	0.26383543
2828	0.29811032
2829	0.28003765
2830	0.28397476
2831	0.26505661
2832	0.31490229
2833	0.29080493
2834	0.28274980
2835	0.28958448
2836	0.26133704
2837	0.25706694
2838	0.29746255
2839	0.27778219
2840	0.26929467
2841	0.29187854
2842	0.27635870
2843	0.27436586
2844	0.28257126
2845	0.28036903
2846	0.28019892
2847	0.26631977
2848	0.28384440
2849	0.28725013
2850	0.28132794
2851	0.27575047
2852	0.26603212
2853	0.24879339
2854	0.28717065
2855	0.29822389
2856	0.26071626
2857	0.28119238
2858	0.26347389
2859	0.24608381
2860	0.29246754
2861	0.25760202
2862	0.30827368
2863	0.34339582
2864	0.27755209
2865	0.28946734
2866	0.31704838
2867	0.27269696
2868	0.26849710
2869	0.28774345
2870	0.28044318
2871	0.26064615
2872	0.25804170
2873	0.27117139
2874	0.23355263
2875	0.27979318
2876	0.28519298
2877	0.27282099
2878	0.27090526
2879	0.25630661
2880	0.28482915
2881	0.29919872
2882	0.27740897
2883	0.28575661
2884	0.27353536
2885	0.30033570
2886	0.29071889
2887	0.27628030
2888	0.28367854
2889	0.28134811
2890	0.26823880
2891	0.27423104
2892	0.26920202
2893	0.26740364
2894	0.28650735
2895	0.28262942
2896	0.29022841
2897	0.29335735
2898	0.25244750
2899	0.29756066
2900	0.32553003
2901	0.26349049
2902	0.24093711
2903	0.29696383
2904	0.28659568
2905	0.28621849
2906	0.26788468
2907	0.25675142
2908	0.27169136
2909	0.26794683
2910	0.29887126
2911	0.28034123
2912	0.25512733
2913	0.28010243
2914	0.27420884
2915	0.27572375
2916	0.28893576
2917	0.27167490
2918	0.27578381
2919	0.28737078
2920	0.27278509
2921	0.26125931
2922	0.25899447
2923	0.25546687
2924	0.26942362
2925	0.30263381
2926	0.26609413
2927	0.28427247
2928	0.30225931
2929	0.23829130
2930	0.28057564
2931	0.28583482
2932	0.28608367
2933	0.25726343
2934	0.25263354
2935	0.29366457
2936	0.26590816
2937	0.27850533
2938	0.27568131
2939	0.29326856
2940	0.25245013
2941	0.25431154
2942	0.24937308
2943	0.25449663
2944	0.25886235
2945	0.27902166
2946	0.29765999
2947	0.23859109
2948	0.26467213
2949	0.26268833
2950	0.32974015
2951	0.30384764
2952	0.27467895
2953	0.27617969
2954	0.28140574
2955	0.30519811
2956	0.25856417
2957	0.27391984
2958	0.28902490
2959	0.28853826
2960	0.25976140
2961	0.25912449
2962	0.27926619
2963	0.30400533
2964	0.28033677
2965	0.23869467
2966	0.25608347
2967	0.27769541
2968	0.27440978
2969	0.27679393
2970	0.26293738
2971	0.26115027
2972	0.31214582
2973	0.28350553
2974	0.25937132
2975	0.28981775
2976	0.30276653
2977	0.29042220
2978	0.31515337
2979	0.27585837
2980	0.29120088
2981	0.25805472
2982	0.27918448
2983	0.27714211
2984	0.27933981
2985	0.30253920
2986	0.27572200
2987	0.30150709
2988	0.24472173
2989	0.28776714
2990	0.25987476
2991	0.26197058
2992	0.28979737
2993	0.28326532
2994	0.26783927
2995	0.29250202
2996	0.28421464
2997	0.26875540
2998	0.28044541
2999	0.23698495
3000	0.23804582
3001	0.29538907
3002	0.25302726
3003	0.28726943
3004	0.29269825
3005	0.29566080
3006	0.27535283
3007	0.32738785
3008	0.29504447
3009	0.25444103
3010	0.26553300
3011	0.25528279
3012	0.29129217
3013	0.27763738
3014	0.27585897
3015	0.25881316
3016	0.25603482
3017	0.28132551
3018	0.28679872
3019	0.26301525
3020	0.29364325
3021	0.28378968
3022	0.28709919
3023	0.24183468
3024	0.26605162
3025	0.26030742
3026	0.24269649
3027	0.24037132
3028	0.26014764
3029	0.26531903
3030	0.25638718
3031	0.25917038
3032	0.26430547
3033	0.29386350
3034	0.27729379
3035	0.26716248
3036	0.29186646
3037	0.26517645
3038	0.28041053
3039	0.29899528
3040	0.27436404
3041	0.27624534
3042	0.21656323
3043	0.28019312
3044	0.24405796
3045	0.26600236
3046	0.27827888
3047	0.27265594
3048	0.25173617
3049	0.27780283
3050	0.28195391
3051	0.30647719
3052	0.25338070
3053	0.25201113
3054	0.24288691
3055	0.24082625
3056	0.27045945
3057	0.26128968
3058	0.27844109
3059	0.24918347
3060	0.26500580
3061	0.26958131
3062	0.27931950
3063	0.26313934
3064	0.28727578
3065	0.27593839
3066	0.26816626
3067	0.25336687
3068	0.27997854
3069	0.27745304
3070	0.28352699
3071	0.25888360
3072	0.27565142
3073	0.24823590
3074	0.26642483
3075	0.24954690
3076	0.24475702
3077	0.27832328
3078	0.30595094
3079	0.26172989
3080	0.30149352
3081	0.25375412
3082	0.25391161
3083	0.25476154
3084	0.27508934
3085	0.24741876
3086	0.27641073
3087	0.25527132
3088	0.29595135
3089	0.26596390
3090	0.25323320
3091	0.27006140
3092	0.23261829
3093	0.28308799
3094	0.26043192
3095	0.23419656
3096	0.28945135
3097	0.24228252
3098	0.28411336
3099	0.27350331
3100	0.25934143
3101	0.27522105
3102	0.27306592
3103	0.25296134
3104	0.26975229
3105	0.28393084
3106	0.28209501
3107	0.24568907
3108	0.29433644
3109	0.27383806
3110	0.27711059
3111	0.27150702
3112	0.28544568
3113	0.25704089
3114	0.26902888
3115	0.24884015
3116	0.25716727
3117	0.26553239
3118	0.25559089
3119	0.25723772
3120	0.27266565
3121	0.26637625
3122	0.24978684
3123	0.31365722
3124	0.27041802
3125	0.29716802
3126	0.28736167
3127	0.26778084
3128	0.26145135
3129	0.27851579
3130	0.26304042
3131	0.28904244
3132	0.25582436
3133	0.30557139
3134	0.27583691
3135	0.26043799
3136	0.30899966
3137	0.26868543
3138	0.25381802
3139	0.26159723
3140	0.30035972
3141	0.26398711
3142	0.25423387
3143	0.28987510
3144	0.26912510
3145	0.28935418
3146	0.22785094
3147	0.29031424
3148	0.25403866
3149	0.27994973
3150	0.29225580
3151	0.27658428
3152	0.26591707
3153	0.26297874
3154	0.25772537
3155	0.27163239
3156	0.27397476
3157	0.28020850
3158	0.27660405
3159	0.26064811
3160	0.25546586
3161	0.28288300
3162	0.22295466
3163	0.26898050
3164	0.26688252
3165	0.23619885
3166	0.28919838
3167	0.29382598
3168	0.28225628
3169	0.24909825
3170	0.26970297
3171	0.29461802
3172	0.29803644
3173	0.28670364
3174	0.25042524
3175	0.26271282
3176	0.26134730
3177	0.27929433
3178	0.24886943
3179	0.27011484
3180	0.24314028
3181	0.25587638
3182	0.29872699
3183	0.27507848
3184	0.27824683
3185	0.28722443
3186	0.22157355
3187	0.27062031
3188	0.26854784
3189	0.28340904
3190	0.26654022
3191	0.25698381
3192	0.27054447
3193	0.25328826
3194	0.25621053
3195	0.28193704
3196	0.26908205
3197	0.24682800
3198	0.24769818
3199	0.27883043
3200	0.27346255
3201	0.27560027
3202	0.26959737
3203	0.28580013
3204	0.24257719
3205	0.31114568
3206	0.22841464
3207	0.26241815
3208	0.29149393
3209	0.28517942
3210	0.27701680
3211	0.28547328
3212	0.28476889
3213	0.28007874
3214	0.27126856
3215	0.27280310
3216	0.28068725
3217	0.27914386
3218	0.25964332
3219	0.26049534
3220	0.27614278
3221	0.27671005
3222	0.23367679
3223	0.29572227
3224	0.27973772
3225	0.23871242
3226	0.24842031
3227	0.24577301
3228	0.26499514
3229	0.27040040
3230	0.26122969
3231	0.24725243
3232	0.28432389
3233	0.28381228
3234	0.26769217
3235	0.27954096
3236	0.25784912
3237	0.24879035
3238	0.24085128
3239	0.25404514
3240	0.28719467
3241	0.28512611
3242	0.25748961
3243	0.25643347
3244	0.29735688
3245	0.25511923
3246	0.26631430
3247	0.25435371
3248	0.26581808
3249	0.24256592
3250	0.28842220
3251	0.26662267
3252	0.23737038
3253	0.25845209
3254	0.27703968
3255	0.22576869
3256	0.23765472
3257	0.26678320
3258	0.27904980
3259	0.25234973
3260	0.27329838
3261	0.23120796
3262	0.26351889
3263	0.31781215
3264	0.23628232
3265	0.26138711
3266	0.27570027
3267	0.25705709
3268	0.25961653
3269	0.24290054
3270	0.23451073
3271	0.24564939
3272	0.26156896
3273	0.25450526
3274	0.27756248
3275	0.28265337
3276	0.26062800
3277	0.23239622
3278	0.27797389
3279	0.25399561
3280	0.28778691
3281	0.29886309
3282	0.24965000
3283	0.27159696
3284	0.25991323
3285	0.25975702
3286	0.25106046
3287	0.25135911
3288	0.26131032
3289	0.25473887
3290	0.25418354
3291	0.24721646
3292	0.25863374
3293	0.26398367
3294	0.30465263
3295	0.27512611
3296	0.28881748
3297	0.23499035
3298	0.26841532
3299	0.25067335
3300	0.23794231
3301	0.27824163
3302	0.24887679
3303	0.26779035
3304	0.30441350
3305	0.24067490
3306	0.25455951
3307	0.25484690
3308	0.26357193
3309	0.26842274
3310	0.29392686
3311	0.25459703
3312	0.24526829
3313	0.27690560
3314	0.28904663
3315	0.22667854
3316	0.28327584
3317	0.27090911
3318	0.24898623
3319	0.24128974
3320	0.27359534
3321	0.25610796
3322	0.24259852
3323	0.27083758
3324	0.29750243
3325	0.23104676
3326	0.23681775
3327	0.29571579
3328	0.25134622
3329	0.27044440
3330	0.26027760
3331	0.30195175
3332	0.26346673
3333	0.23778657
3334	0.23568860
3335	0.26923367
3336	0.24975094
3337	0.25535999
3338	0.31006363
3339	0.22524649
3340	0.27024143
3341	0.28348718
3342	0.23183866
3343	0.26984103
3344	0.24632368
3345	0.23851140
3346	0.25176343
3347	0.24254960
3348	0.26600169
3349	0.24993934
3350	0.24385094
3351	0.28200648
3352	0.24644710
3353	0.29148563
3354	0.27693394
3355	0.30939136
3356	0.25938475
3357	0.28418009
3358	0.27844683
3359	0.25682598
3360	0.27441579
3361	0.25834265
3362	0.26284386
3363	0.25682665
3364	0.31289305
3365	0.27076215
3366	0.29352179
3367	0.26133583
3368	0.25358212
3369	0.26980391
3370	0.26900398
3371	0.26426964
3372	0.26619379
3373	0.25369467
3374	0.27092881
3375	0.25403610
3376	0.26041896
3377	0.26236721
3378	0.25241309
3379	0.29176296
3380	0.26101343
3381	0.27828792
3382	0.28615904
3383	0.25140634
3384	0.27465283
3385	0.24025270
3386	0.28450810
3387	0.25675850
3388	0.25024265
3389	0.27331768
3390	0.28790364
3391	0.23329258
3392	0.26431667
3393	0.24640054
3394	0.23805891
3395	0.25345965
3396	0.27803441
3397	0.24506215
3398	0.26615250
3399	0.26810810
3400	0.24477564
3401	0.25158671
3402	0.26448151
3403	0.27069130
3404	0.25211876
3405	0.28712645
3406	0.27874332
3407	0.25837287
3408	0.24801140
3409	0.26739798
3410	0.26002996
3411	0.23552341
3412	0.24740992
3413	0.26680250
3414	0.25328016
3415	0.26769534
3416	0.26933246
3417	0.26065432
3418	0.25713367
3419	0.26955351
3420	0.24669683
3421	0.26098435
3422	0.24700864
3423	0.27095560
3424	0.23879636
3425	0.21231545
3426	0.28536370
3427	0.26683225
3428	0.30653570
3429	0.24331822
3430	0.29273070
3431	0.25408576
3432	0.26554447
3433	0.28919325
3434	0.27866977
3435	0.22855688
3436	0.23664615
3437	0.24245034
3438	0.27330918
3439	0.27666363
3440	0.29573981
3441	0.24568381
3442	0.26420418
3443	0.23979184
3444	0.27113995
3445	0.26423664
3446	0.22865823
3447	0.24459534
3448	0.29447848
3449	0.26764487
3450	0.25507557
3451	0.23530229
3452	0.27002240
3453	0.25685108
3454	0.30278327
3455	0.23935789
3456	0.30110209
3457	0.26038549
3458	0.22900864
3459	0.25863259
3460	0.26209750
3461	0.26475978
3462	0.25222733
3463	0.25863495
3464	0.26240297
3465	0.27273610
3466	0.23346201
3467	0.24083212
3468	0.25842085
3469	0.28963516
3470	0.23154393
3471	0.23965425
3472	0.25151964
3473	0.26714372
3474	0.24023138
3475	0.24672672
3476	0.24909723
3477	0.26505027
3478	0.25136154
3479	0.24698104
3480	0.26428030
3481	0.23625425
3482	0.23215560
3483	0.26586147
3484	0.24856498
3485	0.26528819
3486	0.25889987
3487	0.29548981
3488	0.30276599
3489	0.26311565
3490	0.26430762
3491	0.25612092
3492	0.25865607
3493	0.24411039
3494	0.25689440
3495	0.28406302
3496	0.26008887
3497	0.26175972
3498	0.27951896
3499	0.22161505
3500	0.24724798
3501	0.24362335
3502	0.25668462
3503	0.22903030
3504	0.24316194
3505	0.26282314
3506	0.29368570
3507	0.24474244
3508	0.25644359
3509	0.27465088
3510	0.25162099
3511	0.28926478
3512	0.26973502
3513	0.29172193
3514	0.28688462
3515	0.24942848
3516	0.24992072
3517	0.23080722
3518	0.26060263
3519	0.25869143
3520	0.28178009
3521	0.28396154
3522	0.30772065
3523	0.24566768
3524	0.29619838
3525	0.24509777
3526	0.29146829
3527	0.23811323
3528	0.27270445
3529	0.25506437
3530	0.24732524
3531	0.25955047
3532	0.24252382
3533	0.29751768
3534	0.27645243
3535	0.27273489
3536	0.25774852
3537	0.25760040
3538	0.23868664
3539	0.25046991
3540	0.25770587
3541	0.27319318
3542	0.24856012
3543	0.27319049
3544	0.25481437
3545	0.27840128
3546	0.24246613
3547	0.26659150
3548	0.24951964
3549	0.28048934
3550	0.25001147
3551	0.24253920
3552	0.25086282
3553	0.24139130
3554	0.27040088
3555	0.27533630
3556	0.25734487
3557	0.25472976
3558	0.23107416
3559	0.26807233
3560	0.27086383
3561	0.27483630
3562	0.22657901
3563	0.25396100
3564	0.29000870
3565	0.25593900
3566	0.26807206
3567	0.28203725
3568	0.26940007
3569	0.22402564
3570	0.25904946
3571	0.25904696
3572	0.25151559
3573	0.26589514
3574	0.25323050
3575	0.27357686
3576	0.26234663
3577	0.26917200
3578	0.25002368
3579	0.23160843
3580	0.28349629
3581	0.25026640
3582	0.25815439
3583	0.27317848
3584	0.27367733
3585	0.23290506
3586	0.25648623
3587	0.24655270
3588	0.26735169
3589	0.24153704
3590	0.23182969
3591	0.26385870
3592	0.26750337
3593	0.24240857
3594	0.24307004
3595	0.26820196
3596	0.26186835
3597	0.23516646
3598	0.25541943
3599	0.26715769
3600	0.28638907
3601	0.24058853
3602	0.25666673
3603	0.25356215
3604	0.25480034
3605	0.24413812
3606	0.24252463
3607	0.28993563
3608	0.25413097
3609	0.23438826
3610	0.25790155
3611	0.24250243
3612	0.23972740
3613	0.24652368
3614	0.27218725
3615	0.23584305
3616	0.27104231
3617	0.26929723
3618	0.24445587
3619	0.24611795
3620	0.24973927
3621	0.26788860
3622	0.25046255
3623	0.25183394
3624	0.27924588
3625	0.25763030
3626	0.23134541
3627	0.27527186
3628	0.26044265
3629	0.24645310
3630	0.24648381
3631	0.27581107
3632	0.23875702
3633	0.26427099
3634	0.25516707
3635	0.27305304
3636	0.25810816
3637	0.26179089
3638	0.25240715
3639	0.28635722
3640	0.24364723
3641	0.25618185
3642	0.25912807
3643	0.23764912
3644	0.24710891
3645	0.24999055
3646	0.25521424
3647	0.22841383
3648	0.25043590
3649	0.24379919
3650	0.28090682
3651	0.23419265
3652	0.26246559
3653	0.25686316
3654	0.26019636
3655	0.26280074
3656	0.24538455
3657	0.25705466
3658	0.26551802
3659	0.24005924
3660	0.25215823
3661	0.27766451
3662	0.24610067
3663	0.26702166
3664	0.25267051
3665	0.25621572
3666	0.21787672
3667	0.24471059
3668	0.27526977
3669	0.23798853
3670	0.27340560
3671	0.25018556
3672	0.29072267
3673	0.25762915
3674	0.27682584
3675	0.24697260
3676	0.24925580
3677	0.26288792
3678	0.24305479
3679	0.26028462
3680	0.22483246
3681	0.25230405
3682	0.25179028
3683	0.23909629
3684	0.28996505
3685	0.26294737
3686	0.26359103
3687	0.27062517
3688	0.22629534
3689	0.29319676
3690	0.26019312
3691	0.24917942
3692	0.24052449
3693	0.25126194
3694	0.25647928
3695	0.23356336
3696	0.26755277
3697	0.25038988
3698	0.28316822
3699	0.26849399
3700	0.25030439
3701	0.23870776
3702	0.27229042
3703	0.26404501
3704	0.25908441
3705	0.27271221
3706	0.24485668
3707	0.23316518
3708	0.23696606
3709	0.27370094
3710	0.27945432
3711	0.25618455
3712	0.26052686
3713	0.22662152
3714	0.22969399
3715	0.22195816
3716	0.23852368
3717	0.27711174
3718	0.22886559
3719	0.27413826
3720	0.24310290
3721	0.24621167
3722	0.23470013
3723	0.24052901
3724	0.22368300
3725	0.26834501
3726	0.24454818
3727	0.24913401
3728	0.21459231
3729	0.26736579
3730	0.25227760
3731	0.27199622
3732	0.23666053
3733	0.25669001
3734	0.25739238
3735	0.23408596
3736	0.25213887
3737	0.24687773
3738	0.27979244
3739	0.22237726
3740	0.27734399
3741	0.26530243
3742	0.25634177
3743	0.26343495
3744	0.23736161
3745	0.27328516
3746	0.25842922
3747	0.28790391
3748	0.22447827
3749	0.27065243
3750	0.28518664
3751	0.24711849
3752	0.25208050
3753	0.28806910
3754	0.25452706
3755	0.24583543
3756	0.24304123
3757	0.28176410
3758	0.24087571
3759	0.25359582
3760	0.27327395
3761	0.27378981
3762	0.25108333
3763	0.29563428
3764	0.24146646
3765	0.26886613
3766	0.23629271
3767	0.22849352
3768	0.24112314
3769	0.26878833
3770	0.25936646
3771	0.25473974
3772	0.25615641
3773	0.26460344
3774	0.26970229
3775	0.23760506
3776	0.25603354
3777	0.24862193
3778	0.24642503
3779	0.22439845
3780	0.25425169
3781	0.26756248
3782	0.23477800
3783	0.27281586
3784	0.23615182
3785	0.25232949
3786	0.26057085
3787	0.24317571
3788	0.25427368
3789	0.20574939
3790	0.27202733
3791	0.29354980
3792	0.23255196
3793	0.24008563
3794	0.21750924
3795	0.25969764
3796	0.29096316
3797	0.22246107
3798	0.26250682
3799	0.25756511
3800	0.23546910
3801	0.26259926
3802	0.28289480
3803	0.23315776
3804	0.24828239
3805	0.25167483
3806	0.25997982
3807	0.23843806
3808	0.25033968
3809	0.26549312
3810	0.22244291
3811	0.28670756
3812	0.25895331
3813	0.24483752
3814	0.25088408
3815	0.27879238
3816	0.25848731
3817	0.23741248
3818	0.23905425
3819	0.24308401
3820	0.24355837
3821	0.25390857
3822	0.24906559
3823	0.27227206
3824	0.25623718
3825	0.23266201
3826	0.26179595
3827	0.26874683
3828	0.25271937
3829	0.25193171
3830	0.24611532
3831	0.24960020
3832	0.28277038
3833	0.25774170
3834	0.26317625
3835	0.27724852
3836	0.23489656
3837	0.25036856
3838	0.24374318
3839	0.24750216
3840	0.23209042
3841	0.28192126
3842	0.26104804
3843	0.23977537
3844	0.25691235
3845	0.26529885
3846	0.23705094
3847	0.25750520
3848	0.24631660
3849	0.25061896
3850	0.24297045
3851	0.24318502
3852	0.24643036
3853	0.25211633
3854	0.21747213
3855	0.25490709
3856	0.22982126
3857	0.23072382
3858	0.28925499
3859	0.23958887
3860	0.26312659
3861	0.24210978
3862	0.24922395
3863	0.25602827
3864	0.24505304
3865	0.25635351
3866	0.28657186
3867	0.26136916
3868	0.24016862
3869	0.24839514
3870	0.25693374
3871	0.24818839
3872	0.24912726
3873	0.24627699
3874	0.21712287
3875	0.23375789
3876	0.24213313
3877	0.26706930
3878	0.22747773
3879	0.27511194
3880	0.25083050
3881	0.24111896
3882	0.26870513
3883	0.28339420
3884	0.22028192
3885	0.26482719
3886	0.25698158
3887	0.22412341
3888	0.23071026
3889	0.25578462
3890	0.23814076
3891	0.25923495
3892	0.25158408
3893	0.28175000
3894	0.26128772
3895	0.27483394
3896	0.28036606
3897	0.22025945
3898	0.27379211
3899	0.22496525
3900	0.26197874
3901	0.23673630
3902	0.23624622
3903	0.28299669
3904	0.23428455
3905	0.25724642
3906	0.24083725
3907	0.24532942
3908	0.24541188
3909	0.23115830
3910	0.25507564
3911	0.23995607
3912	0.25580054
3913	0.23968475
3914	0.21604325
3915	0.26398239
3916	0.24043448
3917	0.23920958
3918	0.24500101
3919	0.24282045
3920	0.24586248
3921	0.25147206
3922	0.24153367
3923	0.22919163
3924	0.24311174
3925	0.25374278
3926	0.23870324
3927	0.25142915
3928	0.25471640
3929	0.23925425
3930	0.24684602
3931	0.26870459
3932	0.24889082
3933	0.25478914
3934	0.25184480
3935	0.25093225
3936	0.23858644
3937	0.24782193
3938	0.25159676
3939	0.27047861
3940	0.24946559
3941	0.24130236
3942	0.25546208
3943	0.26740587
3944	0.24632740
3945	0.26836457
3946	0.23839528
3947	0.26200047
3948	0.21336768
3949	0.26202146
3950	0.25852834
3951	0.22737031
3952	0.24971464
3953	0.25598819
3954	0.22893799
3955	0.22077530
3956	0.26455513
3957	0.24460520
3958	0.24886086
3959	0.24340655
3960	0.24450594
3961	0.26748812
3962	0.26113988
3963	0.23021350
3964	0.22607476
3965	0.24089285
3966	0.27976356
3967	0.25244433
3968	0.24292928
3969	0.23127294
3970	0.25242908
3971	0.25384865
3972	0.19211680
3973	0.24881478
3974	0.25586795
3975	0.23789116
3976	0.23936815
3977	0.26581923
3978	0.22132881
3979	0.27161181
3980	0.20952888
3981	0.24546242
3982	0.25304197
3983	0.23791242
3984	0.30404211
3985	0.22382942
3986	0.23358057
3987	0.22143482
3988	0.25268833
3989	0.27187996
3990	0.23623482
3991	0.27474771
3992	0.22900277
3993	0.24911727
3994	0.23224750
3995	0.25424008
3996	0.23477726
3997	0.21282915
3998	0.24210486
3999	0.21943077
4000	0.25948907
4001	0.24624582
4002	0.23613961
4003	0.24170857
4004	0.24298023
4005	0.24427287
4006	0.28298799
4007	0.25804798
4008	0.22983752
4009	0.26285000
4010	0.23605803
4011	0.23369413
4012	0.26263340
4013	0.24726336
4014	0.26513428
4015	0.23826937
4016	0.23073192
4017	0.24527659
4018	0.25042794
4019	0.23951174
4020	0.24918455
4021	0.24479420
4022	0.23082571
4023	0.25062584
4024	0.23590418
4025	0.22338178
4026	0.26287740
4027	0.26781883
4028	0.23952699
4029	0.28625007
4030	0.24727335
4031	0.25473846
4032	0.23775904
4033	0.25981235
4034	0.24529177
4035	0.24529305
4036	0.24729150
4037	0.23728536
4038	0.22931316
4039	0.25631039
4040	0.25576862
4041	0.23050648
4042	0.23618428
4043	0.25750324
4044	0.22523738
4045	0.23855101
4046	0.25590290
4047	0.25511127
4048	0.23424683
4049	0.23812409
4050	0.25320648
4051	0.25204170
4052	0.23576606
4053	0.23483300
4054	0.23264622
4055	0.25247652
4056	0.24381161
4057	0.24032753
4058	0.24301282
4059	0.22837611
4060	0.23875088
4061	0.23265283
4062	0.26879325
4063	0.23362200
4064	0.23652848
4065	0.25215027
4066	0.26329069
4067	0.24472740
4068	0.24351511
4069	0.25115729
4070	0.25041538
4071	0.26532841
4072	0.25290857
4073	0.24173900
4074	0.27850128
4075	0.24278057
4076	0.23350101
4077	0.23343590
4078	0.24685088
4079	0.24466451
4080	0.24121957
4081	0.26402267
4082	0.25043428
4083	0.22397672
4084	0.22867780
4085	0.21729561
4086	0.25256538
4087	0.25111329
4088	0.26600297
4089	0.24197341
4090	0.25187713
4091	0.22675918
4092	0.23096829
4093	0.20034521
4094	0.25965013
4095	0.26682213
4096	0.27726748
4097	0.24887928
4098	0.25363752
4099	0.21057679
4100	0.22684811
4101	0.24855789
4102	0.23243893
4103	0.26098961
4104	0.23366970
4105	0.23762807
4106	0.21893725
4107	0.27215614
4108	0.23605783
4109	0.26264811
4110	0.25514474
4111	0.27366026
4112	0.23906451
4113	0.24102099
4114	0.23119629
4115	0.25109933
4116	0.26107780
4117	0.25866592
4118	0.23111221
4119	0.24915688
4120	0.20164980
4121	0.24948144
4122	0.28603023
4123	0.23262848
4124	0.23449399
4125	0.25403381
4126	0.22841161
4127	0.25906107
4128	0.24021356
4129	0.23539588
4130	0.23444683
4131	0.24238165
4132	0.23915290
4133	0.24083394
4134	0.22051451
4135	0.21810661
4136	0.21684575
4137	0.25309534
4138	0.24134906
4139	0.22358252
4140	0.24877982
4141	0.23751889
4142	0.24977659
4143	0.25089406
4144	0.21168077
4145	0.25235621
4146	0.23194291
4147	0.26758684
4148	0.25814757
4149	0.23090641
4150	0.25468489
4151	0.24901275
4152	0.25389717
4153	0.23461505
4154	0.22983441
4155	0.25042463
4156	0.25867348
4157	0.21602018
4158	0.24804035
4159	0.26143077
4160	0.26810351
4161	0.23324656
4162	0.22919636
4163	0.24797652
4164	0.25870040
4165	0.23377503
4166	0.23896802
4167	0.24928131
4168	0.26635189
4169	0.21496457
4170	0.24431451
4171	0.22833745
4172	0.22615607
4173	0.23631754
4174	0.24504953
4175	0.22371613
4176	0.23739906
4177	0.21962679
4178	0.24973138
4179	0.23597348
4180	0.25971134
4181	0.26064109
4182	0.23085155
4183	0.23026134
4184	0.22061653
4185	0.23207719
4186	0.23228104
4187	0.22738212
4188	0.22604345
4189	0.24396309
4190	0.24335749
4191	0.23712247
4192	0.25362058
4193	0.22721410
4194	0.25229845
4195	0.24321707
4196	0.25426910
4197	0.25492733
4198	0.25209744
4199	0.25499784
4200	0.23776714
4201	0.23777928
4202	0.23228340
4203	0.25703691
4204	0.25552598
4205	0.23308374
4206	0.23579494
4207	0.24611849
4208	0.23764622
4209	0.23292362
4210	0.22811309
4211	0.25515391
4212	0.22515722
4213	0.22916525
4214	0.21743354
4215	0.24756613
4216	0.23723171
4217	0.22732220
4218	0.25015101
4219	0.21868131
4220	0.26756269
4221	0.28840283
4222	0.24733536
4223	0.25457645
4224	0.24161039
4225	0.25108846
4226	0.25606768
4227	0.25285229
4228	0.26441086
4229	0.22016363
4230	0.21278185
4231	0.24913482
4232	0.25036275
4233	0.22808974
4234	0.23711950
4235	0.25747949
4236	0.23766201
4237	0.21473070
4238	0.25109231
4239	0.22903266
4240	0.22720324
4241	0.24597888
4242	0.23346795
4243	0.26998205
4244	0.23120601
4245	0.26568009
4246	0.25344109
4247	0.25169089
4248	0.25270391
4249	0.24055648
4250	0.25392422
4251	0.22327355
4252	0.24453043
4253	0.24552605
4254	0.22268050
4255	0.24254474
4256	0.26061329
4257	0.19795783
4258	0.25141188
4259	0.23680675
4260	0.26098489
4261	0.26610958
4262	0.22437969
4263	0.22794487
4264	0.23205479
4265	0.24997018
4266	0.23922314
4267	0.26292078
4268	0.27329123
4269	0.24584049
4270	0.24305054
4271	0.22672490
4272	0.21529285
4273	0.23983003
4274	0.25931134
4275	0.23694926
4276	0.23512510
4277	0.26514993
4278	0.26993381
4279	0.24587321
4280	0.21670816
4281	0.23219426
4282	0.21922422
4283	0.25188084
4284	0.25937281
4285	0.22567605
4286	0.26935924
4287	0.23347497
4288	0.21144521
4289	0.26681336
4290	0.21191572
4291	0.24270155
4292	0.21830108
4293	0.21558367
4294	0.23300891
4295	0.24151073
4296	0.24821242
4297	0.24971019
4298	0.24006120
4299	0.23393839
4300	0.24566700
4301	0.24139703
4302	0.21919332
4303	0.23345054
4304	0.23493394
4305	0.20573570
4306	0.23183279
4307	0.25448232
4308	0.23102112
4309	0.21227659
4310	0.22328171
4311	0.23358833
4312	0.22350520
4313	0.25272355
4314	0.23421673
4315	0.24031721
4316	0.24734426
4317	0.23300452
4318	0.23911343
4319	0.25640364
4320	0.23521532
4321	0.24292018
4322	0.23894919
4323	0.23336903
4324	0.24443043
4325	0.27909521
4326	0.25017476
4327	0.25747713
4328	0.24255978
4329	0.22972605
4330	0.21937254
4331	0.24042443
4332	0.25092422
4333	0.24148360
4334	0.25325027
4335	0.22198394
4336	0.24920472
4337	0.23023711
4338	0.23315283
4339	0.22054339
4340	0.25782740
4341	0.24144487
4342	0.22927335
4343	0.24846606
4344	0.23786107
4345	0.23810877
4346	0.24484966
4347	0.24098205
4348	0.22268657
4349	0.23714238
4350	0.22151775
4351	0.25299406
4352	0.24248853
4353	0.21397618
4354	0.23067085
4355	0.21614379
4356	0.26064615
4357	0.24451350
4358	0.23765729
4359	0.24908698
4360	0.24578623
4361	0.24529325
4362	0.20745587
4363	0.22711619
4364	0.25506984
4365	0.23967530
4366	0.22895823
4367	0.22150594
4368	0.23188718
4369	0.24005682
4370	0.22125425
4371	0.24925911
4372	0.25186937
4373	0.23496626
4374	0.22546815
4375	0.23750850
4376	0.21964359
4377	0.23847922
4378	0.23666323
4379	0.24932746
4380	0.22900601
4381	0.22449312
4382	0.25326039
4383	0.23177659
4384	0.24982632
4385	0.25931464
4386	0.22594345
4387	0.24939103
4388	0.25266424
4389	0.26437416
4390	0.24435506
4391	0.24983212
4392	0.23686100
4393	0.27174852
4394	0.23163543
4395	0.24833941
4396	0.24770951
4397	0.25580553
4398	0.21922328
4399	0.25539798
4400	0.24215229
4401	0.22504926
4402	0.25341484
4403	0.25466005
4404	0.23979521
4405	0.24444784
4406	0.25054433
4407	0.25191404
4408	0.21873455
4409	0.23689399
4410	0.25418516
4411	0.26767962
4412	0.23898826
4413	0.23304028
4414	0.21095452
4415	0.24246484
4416	0.22087456
4417	0.23101937
4418	0.26332355
4419	0.24278367
4420	0.23586687
4421	0.23489798
4422	0.21406262
4423	0.24799224
4424	0.22938644
4425	0.27297004
4426	0.23602632
4427	0.22551781
4428	0.21982240
4429	0.25803428
4430	0.24132787
4431	0.22707078
4432	0.22300655
4433	0.23810992
4434	0.25908934
4435	0.23027267
4436	0.23867355
4437	0.22217767
4438	0.23963320
4439	0.24549717
4440	0.23910749
4441	0.22420466
4442	0.23510540
4443	0.25408927
4444	0.22716970
4445	0.25129001
4446	0.23665007
4447	0.24202969
4448	0.22914946
4449	0.24283320
4450	0.25317429
4451	0.22634636
4452	0.23141579
4453	0.23226005
4454	0.23467814
4455	0.22312119
4456	0.23098171
4457	0.25906161
4458	0.26948752
4459	0.24766795
4460	0.21848428
4461	0.22067922
4462	0.24732341
4463	0.24397692
4464	0.25290655
4465	0.27185789
4466	0.22992281
4467	0.22167537
4468	0.24156323
4469	0.22881842
4470	0.22570533
4471	0.24913421
4472	0.24017530
4473	0.20844460
4474	0.23132692
4475	0.20083502
4476	0.25968489
4477	0.24033401
4478	0.22835229
4479	0.22118111
4480	0.22334238
4481	0.25815148
4482	0.22914467
4483	0.24689049
4484	0.23810776
4485	0.21886134
4486	0.22675938
4487	0.23230634
4488	0.22773448
4489	0.24025688
4490	0.24755115
4491	0.23175769
4492	0.23491667
4493	0.25883394
4494	0.23967267
4495	0.24471032
4496	0.25014764
4497	0.21092294
4498	0.27098057
4499	0.22819791
4500	0.23572861
4501	0.22104008
4502	0.23931667
4503	0.23349912
4504	0.25462955
4505	0.24543522
4506	0.23332821
4507	0.22502625
4508	0.23615796
4509	0.23068347
4510	0.22962240
4511	0.23458880
4512	0.25845135
4513	0.22563077
4514	0.23795337
4515	0.22525169
4516	0.23807740
4517	0.23363381
4518	0.24602206
4519	0.22379386
4520	0.22829143
4521	0.20179717
4522	0.22717544
4523	0.23225553
4524	0.24492719
4525	0.27047227
4526	0.22544453
4527	0.21533273
4528	0.22186856
4529	0.25136916
4530	0.25089082
4531	0.23384663
4532	0.21098819
4533	0.25530358
4534	0.22596235
4535	0.25522686
4536	0.27054737
4537	0.24499305
4538	0.24226613
4539	0.25055432
4540	0.21917179
4541	0.22942665
4542	0.24872024
4543	0.24094076
4544	0.24246835
4545	0.23445729
4546	0.21583030
4547	0.25857625
4548	0.23571856
4549	0.22831518
4550	0.23132652
4551	0.22810270
4552	0.23756404
4553	0.23191707
4554	0.21874379
4555	0.23931687
4556	0.22929049
4557	0.21454042
4558	0.22401282
4559	0.21898772
4560	0.23814852
4561	0.25189960
4562	0.25681309
4563	0.25457254
4564	0.24483529
4565	0.25310202
4566	0.22301579
4567	0.22598583
4568	0.22276781
4569	0.24386923
4570	0.22620567
4571	0.24126889
4572	0.23372969
4573	0.23584015
4574	0.21458934
4575	0.22925263
4576	0.21967510
4577	0.22658556
4578	0.22891957
4579	0.24954784
4580	0.22973036
4581	0.23075142
4582	0.25773954
4583	0.21077854
4584	0.20643839
4585	0.21312024
4586	0.24685560
4587	0.22584858
4588	0.25451815
4589	0.22032665
4590	0.23584136
4591	0.23481080
4592	0.23818252
4593	0.21644514
4594	0.22132341
4595	0.21497443
4596	0.23428259
4597	0.20810931
4598	0.25650587
4599	0.23752072
4600	0.23990513
4601	0.24192051
4602	0.21043077
4603	0.23311215
4604	0.22733806
4605	0.24406289
4606	0.22405344
4607	0.23650094
4608	0.24544103
4609	0.23813225
4610	0.24872901
4611	0.22579993
4612	0.26575202
4613	0.22240486
4614	0.23740803
4615	0.21773927
4616	0.23859757
4617	0.21029804
4618	0.19740668
4619	0.22210047
4620	0.25078273
4621	0.25799791
4622	0.23027794
4623	0.23937206
4624	0.23196457
4625	0.22185162
4626	0.22521086
4627	0.23715870
4628	0.22549730
4629	0.24655169
4630	0.22836734
4631	0.25042746
4632	0.24727976
4633	0.22731660
4634	0.24820371
4635	0.22817193
4636	0.23302713
4637	0.23362179
4638	0.21429103
4639	0.20136154
4640	0.22974507
4641	0.22260634
4642	0.26873677
4643	0.24758165
4644	0.27195189
4645	0.24381849
4646	0.24429818
4647	0.25267186
4648	0.23754649
4649	0.21769109
4650	0.20276930
4651	0.23731471
4652	0.21254143
4653	0.25127659
4654	0.22799831
4655	0.23316134
4656	0.22887591
4657	0.23740094
4658	0.23359609
4659	0.24474049
4660	0.26621707
4661	0.23224953
4662	0.23129285
4663	0.25152186
4664	0.23586066
4665	0.25516498
4666	0.21527260
4667	0.22260857
4668	0.24216289
4669	0.23537314
4670	0.22270088
4671	0.22856032
4672	0.24202557
4673	0.23414629
4674	0.23889980
4675	0.21965904
4676	0.22076430
4677	0.21740891
4678	0.23209798
4679	0.24781289
4680	0.25044663
4681	0.23839872
4682	0.21589244
4683	0.21461937
4684	0.22639291
4685	0.22474028
4686	0.23981768
4687	0.22792908
4688	0.25390277
4689	0.21598947
4690	0.20152578
4691	0.22349453
4692	0.25708354
4693	0.24010304
4694	0.24828009
4695	0.23554811
4696	0.23037868
4697	0.24007497
4698	0.22158623
4699	0.22308104
4700	0.24903765
4701	0.22951984
4702	0.23024521
4703	0.21592848
4704	0.23004339
4705	0.23857355
4706	0.24906923
4707	0.23322416
4708	0.21610452
4709	0.23262814
4710	0.24070472
4711	0.24423023
4712	0.23689406
4713	0.22839116
4714	0.21091943
4715	0.23747598
4716	0.23411741
4717	0.24382247
4718	0.23351451
4719	0.23808934
4720	0.23528462
4721	0.23831032
4722	0.25828489
4723	0.22137260
4724	0.24620668
4725	0.23177767
4726	0.23577969
4727	0.23177173
4728	0.22019892
4729	0.22040870
4730	0.23176390
4731	0.24827510
4732	0.21868286
4733	0.24760560
4734	0.22971653
4735	0.25659157
4736	0.23936748
4737	0.22097915
4738	0.23839271
4739	0.21340864
4740	0.22792713
4741	0.24662402
4742	0.23460999
4743	0.21727537
4744	0.24973833
4745	0.24850250
4746	0.22397517
4747	0.25028691
4748	0.22186262
4749	0.23063549
4750	0.21755823
4751	0.22355864
4752	0.23681005
4753	0.22944582
4754	0.21622004
4755	0.20765162
4756	0.20865547
4757	0.23778947
4758	0.24100897
4759	0.20375722
4760	0.23783846
4761	0.24723144
4762	0.22769669
4763	0.22066289
4764	0.22196221
4765	0.23520978
4766	0.23882982
4767	0.22983772
4768	0.23678833
4769	0.21708266
4770	0.22844413
4771	0.21190520
4772	0.23465391
4773	0.22532908
4774	0.23930196
4775	0.24318995
4776	0.24207058
4777	0.21026970
4778	0.25531646
4779	0.19965621
4780	0.22521451
4781	0.24229926
4782	0.25389663
4783	0.23515803
4784	0.20679190
4785	0.22681444
4786	0.23518320
4787	0.22524076
4788	0.23450789
4789	0.23031606
4790	0.22749636
4791	0.26457368
4792	0.22990020
4793	0.21696424
4794	0.23322105
4795	0.22560027
4796	0.21206120
4797	0.20755250
4798	0.20728968
4799	0.22909460
4800	0.24470047
4801	0.24007692
4802	0.21331154
4803	0.24488158
4804	0.25118974
4805	0.24132328
4806	0.22480601
4807	0.24335263
4808	0.23945891
4809	0.24072159
4810	0.25189258
4811	0.20764440
4812	0.24572773
4813	0.23487389
4814	0.22034352
4815	0.25942213
4816	0.22152969
4817	0.23941498
4818	0.21857146
4819	0.24259265
4820	0.21522335
4821	0.22829548
4822	0.22103718
4823	0.21988954
4824	0.24710978
4825	0.23618151
4826	0.24855513
4827	0.22901957
4828	0.23361694
4829	0.21325385
4830	0.22693023
4831	0.22896410
4832	0.22646964
4833	0.24342065
4834	0.22790196
4835	0.21900607
4836	0.23279123
4837	0.21610796
4838	0.22760776
4839	0.24249534
4840	0.21626795
4841	0.23006997
4842	0.24143327
4843	0.22991653
4844	0.23904717
4845	0.22043421
4846	0.23049514
4847	0.24764541
4848	0.22902402
4849	0.23291970
4850	0.23009501
4851	0.24271390
4852	0.21903381
4853	0.20779676
4854	0.22764588
4855	0.24789474
4856	0.21948448
4857	0.22533016
4858	0.26314987
4859	0.25047874
4860	0.21718657
4861	0.23517584
4862	0.23038313
4863	0.24901748
4864	0.23848151
4865	0.21531795
4866	0.22720013
4867	0.25319521
4868	0.22260924
4869	0.24353731
4870	0.23762780
4871	0.22633617
4872	0.22654676
4873	0.23040452
4874	0.23471565
4875	0.21995621
4876	0.24119008
4877	0.21311404
4878	0.23363853
4879	0.23070013
4880	0.21668070
4881	0.23307072
4882	0.24698570
4883	0.22160054
4884	0.22911559
4885	0.20885607
4886	0.23267294
4887	0.22336734
4888	0.23754933
4889	0.25761721
4890	0.20937085
4891	0.23986606
4892	0.21254265
4893	0.20075540
4894	0.21784696
4895	0.24572436
4896	0.24654541
4897	0.23839636
4898	0.20758293
4899	0.23665931
4900	0.23891242
4901	0.22595351
4902	0.20639265
4903	0.24655985
4904	0.24565445
4905	0.23501930
4906	0.20533347
4907	0.21871302
4908	0.23303819
4909	0.22702260
4910	0.25297051
4911	0.23312429
4912	0.20726417
4913	0.20599885
4914	0.22253313
4915	0.22430310
4916	0.23619825
4917	0.20775924
4918	0.21747780
4919	0.23720985
4920	0.23510067
4921	0.21428779
4922	0.24576599
4923	0.22780641
4924	0.21345425
4925	0.23884494
4926	0.24128016
4927	0.21055466
4928	0.23428657
4929	0.19283178
4930	0.21435094
4931	0.23438779
4932	0.22999582
4933	0.25324345
4934	0.23758300
4935	0.23450054
4936	0.24310007
4937	0.24251248
4938	0.21282247
4939	0.22649993
