0	0.52041774
1	0.51653333
2	0.52143125
3	0.51162829
4	0.47127884
5	0.52273043
6	0.52115641
7	0.51965652
8	0.51656186
9	0.51817049
10	0.51264736
11	0.50724719
12	0.50751293
13	0.45281907
14	0.39611687
15	0.42198638
16	0.36353565
17	0.43452052
18	0.40325420
19	0.41099194
20	0.46728626
21	0.39522736
22	0.45648330
23	0.34138128
24	0.39326441
25	0.29490678
26	0.32592174
27	0.36671675
28	0.36213125
29	0.37225351
30	0.47055536
31	0.39470232
32	0.49670046
33	0.49604017
34	0.42546191
35	0.50109722
36	0.46861762
37	0.48029977
38	0.50611559
39	0.48485728
40	0.41661362
41	0.47258255
42	0.37944191
43	0.41790006
44	0.39827357
45	0.42286487
46	0.41729780
47	0.32957762
48	0.37908609
49	0.36698771
50	0.43681594
51	0.34699826
52	0.35122104
53	0.33540603
54	0.32906093
55	0.31863096
56	0.35871583
57	0.31591188
58	0.32793699
59	0.33215855
60	0.34007704
61	0.28174614
62	0.32341588
63	0.29791038
64	0.46098603
65	0.33020684
66	0.48091507
67	0.40280197
68	0.41433316
69	0.45426893
70	0.40109496
71	0.36462348
72	0.39940081
73	0.26984580
74	0.42829049
75	0.26863762
76	0.29447484
77	0.35594122
78	0.34520620
79	0.33468852
80	0.28415061
81	0.35127386
82	0.30800539
83	0.30124864
84	0.29199496
85	0.41206626
86	0.34792939
87	0.35297948
88	0.33075699
89	0.34325496
90	0.28108151
91	0.24997716
92	0.25623774
93	0.30974580
94	0.35663299
95	0.39211548
96	0.47054551
97	0.34152962
98	0.40694093
99	0.44273183
100	0.43967362
101	0.26605171
102	0.39515930
103	0.38943443
104	0.46685565
105	0.40104997
106	0.33201217
107	0.30751304
108	0.38518470
109	0.35381449
110	0.34418597
111	0.32910122
112	0.42465281
113	0.35731339
114	0.44565809
115	0.29942139
116	0.31234568
117	0.30967038
118	0.33700417
119	0.24861357
120	0.23568006
121	0.37027983
122	0.29830064
123	0.31319281
124	0.31351067
125	0.26157310
126	0.26301733
127	0.37841090
128	0.38102528
129	0.29889043
130	0.42416730
131	0.38058957
132	0.35788412
133	0.35609490
134	0.35365252
135	0.24711751
136	0.38249090
137	0.33081478
138	0.29503125
139	0.32555177
140	0.26306754
141	0.37402203
142	0.30135757
143	0.31366603
144	0.32437351
145	0.35042875
146	0.35097919
147	0.29052667
148	0.28429501
149	0.25663455
150	0.33835623
151	0.26790186
152	0.33806336
153	0.31001107
154	0.23868365
155	0.26031229
156	0.25344128
157	0.26249281
158	0.29163223
159	0.28486000
160	0.38564261
161	0.30998493
162	0.28005154
163	0.30779548
164	0.29048690
165	0.34302122
166	0.31029803
167	0.24210997
168	0.27844058
169	0.28804522
170	0.21344174
171	0.32224012
172	0.32509890
173	0.33571548
174	0.30856087
175	0.27813675
176	0.30514064
177	0.27779890
178	0.30303791
179	0.22248817
180	0.37871919
181	0.25828887
182	0.27079194
183	0.26158522
184	0.29359588
185	0.24536800
186	0.28970319
187	0.26997513
188	0.21232151
189	0.34267925
190	0.28852562
191	0.27702922
192	0.31631397
193	0.27415530
194	0.26418359
195	0.31719246
196	0.33521217
197	0.30348116
198	0.38438023
199	0.28974261
200	0.25877090
201	0.32261913
202	0.27741206
203	0.22460499
204	0.28087467
205	0.30951855
206	0.27838406
207	0.26305310
208	0.22371264
209	0.24113223
210	0.23141768
211	0.28008568
212	0.24916945
213	0.23879913
214	0.24596412
215	0.20716504
216	0.23595061
217	0.23533780
218	0.25912099
219	0.22752081
220	0.23581542
221	0.26506730
222	0.25031588
223	0.27171571
224	0.30518875
225	0.26677716
226	0.30443357
227	0.27427287
228	0.24911548
229	0.26811507
230	0.31353577
231	0.30780226
232	0.26382829
233	0.36721658
234	0.28521751
235	0.23576551
236	0.25348986
237	0.23684023
238	0.23032904
239	0.27389316
240	0.26539293
241	0.30272817
242	0.23457449
243	0.28552986
244	0.24576162
245	0.21999461
246	0.26090493
247	0.25368099
248	0.22669791
249	0.27351658
250	0.20801797
251	0.25403316
252	0.24170499
253	0.25636209
254	0.25282400
255	0.21060099
256	0.25198157
257	0.25568643
258	0.22454858
259	0.30410075
260	0.21624081
261	0.26273629
262	0.27503971
263	0.21133101
264	0.26698736
265	0.25121345
266	0.31191148
267	0.24323600
268	0.26033322
269	0.26640180
270	0.27772243
271	0.23426626
272	0.23226899
273	0.30141391
274	0.20562232
275	0.29225397
276	0.19375965
277	0.22602939
278	0.24648771
279	0.23022388
280	0.26913096
281	0.24196701
282	0.24135641
283	0.24117646
284	0.29857693
285	0.23784099
286	0.23797890
287	0.24990649
288	0.29753130
289	0.30881780
290	0.22208272
291	0.28396186
292	0.25526841
293	0.24909125
294	0.26548986
295	0.22080313
296	0.21908325
297	0.32742783
298	0.25781867
299	0.22981739
300	0.21982696
301	0.26179536
302	0.23660910
303	0.31191270
304	0.29063136
305	0.26344696
306	0.19103936
307	0.30477577
308	0.24849339
309	0.21546504
310	0.25102330
311	0.24645861
312	0.21012307
313	0.27634307
314	0.26604128
315	0.19194232
316	0.23617710
317	0.20353194
318	0.22248174
319	0.23637235
320	0.26837733
321	0.21195803
322	0.28126986
323	0.24845478
324	0.31468864
325	0.28406249
326	0.26550052
327	0.22194081
328	0.27257467
329	0.22905513
330	0.23288841
331	0.23930557
332	0.32420881
333	0.25726690
334	0.22392655
335	0.23940997
336	0.31430968
337	0.25664284
338	0.21659038
339	0.22688249
340	0.20230504
341	0.21105971
342	0.26086243
343	0.22443797
344	0.21856957
345	0.25552406
346	0.22723009
347	0.26163791
348	0.22984214
349	0.20399391
350	0.23373867
351	0.25198301
352	0.23187101
353	0.20520487
354	0.19748528
355	0.23183171
356	0.25476417
357	0.20621322
358	0.22755072
359	0.20794104
360	0.23973629
361	0.25172719
362	0.22949438
363	0.26775959
364	0.24554133
365	0.21415513
366	0.25295287
367	0.24304365
368	0.25772997
369	0.23190899
370	0.24100417
371	0.20074557
372	0.26844870
373	0.22558614
374	0.24174017
375	0.20688991
376	0.24911501
377	0.19650557
378	0.22526272
379	0.25026736
380	0.22511490
381	0.22613310
382	0.22204997
383	0.24652209
384	0.23252452
385	0.19274551
386	0.23174580
387	0.23091171
388	0.22903896
389	0.21265177
390	0.22048591
391	0.24514041
392	0.23517183
393	0.20993913
394	0.21660394
395	0.22824452
396	0.23580765
397	0.28267901
398	0.23419235
399	0.25400145
400	0.25701322
401	0.20931241
402	0.25432962
403	0.25125009
404	0.21378319
405	0.21813107
406	0.20310875
407	0.19172226
408	0.29703733
409	0.16930626
410	0.19423055
411	0.23840841
412	0.22884313
413	0.20421675
414	0.22157490
415	0.21723125
416	0.26773757
417	0.26457386
418	0.23122893
419	0.20958620
420	0.29358788
421	0.18304533
422	0.20259357
423	0.21161797
424	0.24392759
425	0.26668070
426	0.25657374
427	0.22991507
428	0.23909107
429	0.21854348
430	0.25061171
431	0.23136754
432	0.19473872
433	0.21472928
434	0.20064968
435	0.23744974
436	0.19519942
437	0.23220383
438	0.24143159
439	0.18224162
440	0.25827125
441	0.19329339
442	0.23950672
443	0.23443003
444	0.20820330
445	0.24675443
446	0.26339710
447	0.20301646
448	0.22190064
449	0.22637942
450	0.19727026
451	0.24656945
452	0.25700829
453	0.22546319
454	0.22261438
455	0.19683130
456	0.21795571
457	0.21917820
458	0.21547478
459	0.20954429
460	0.23456116
461	0.24704220
462	0.21860701
463	0.21304916
464	0.22199478
465	0.19718359
466	0.22806852
467	0.25537751
468	0.22708870
469	0.19318893
470	0.20160545
471	0.23088197
472	0.21960284
473	0.22832597
474	0.18839009
475	0.20052029
476	0.17739583
477	0.18504023
478	0.24265971
479	0.21639977
480	0.21324174
481	0.16481449
482	0.25140325
483	0.20395878
484	0.24092493
485	0.16437119
486	0.21191797
487	0.20599774
488	0.18823554
489	0.22021542
490	0.21379258
491	0.19413658
492	0.21820301
493	0.25256446
494	0.22470174
495	0.19410029
496	0.23144249
497	0.21410284
498	0.17563449
499	0.23449658
500	0.22322197
501	0.24808823
502	0.25303988
503	0.21362110
504	0.16878568
505	0.22980580
506	0.19254272
507	0.21414997
508	0.23681977
509	0.15408319
510	0.20270806
511	0.21936325
512	0.21417762
513	0.22296713
514	0.21567316
515	0.20298070
516	0.21409183
517	0.19337757
518	0.23898412
519	0.23778446
520	0.21113519
521	0.21934342
522	0.22823241
523	0.19163345
524	0.20142603
525	0.20610962
526	0.19032075
527	0.22409559
528	0.25167530
529	0.20272388
530	0.22306533
531	0.18663530
532	0.24719977
533	0.20968690
534	0.24721762
535	0.22122128
536	0.22193246
537	0.23916209
538	0.19659014
539	0.20405322
540	0.21947241
541	0.16919293
542	0.18567652
543	0.16237896
544	0.18241049
545	0.22275304
546	0.18060609
547	0.16152267
548	0.24012643
549	0.19876284
550	0.20644116
551	0.22080238
552	0.16169357
553	0.20217420
554	0.23487374
555	0.20085049
556	0.21168806
557	0.20680939
558	0.21909559
559	0.16056203
560	0.17122481
561	0.17243032
562	0.20363710
563	0.20912968
564	0.20413293
565	0.17408812
566	0.18253820
567	0.21075096
568	0.20218557
569	0.20999420
570	0.17272035
571	0.21486383
572	0.19348128
573	0.23190371
574	0.21653328
