0	0.38497904
1	0.42063018
2	0.42212033
3	0.41385985
4	0.41579596
5	0.37464236
6	0.29045625
7	0.24264558
8	0.42524198
9	0.32099280
10	0.42442468
11	0.41773699
12	0.25108011
13	0.32066831
14	0.36197443
15	0.27107923
16	0.17828586
17	0.22759571
18	0.26714583
19	0.38651862
20	0.28152626
21	0.29790436
22	0.29150928
23	0.22549122
24	0.29389931
25	0.39419242
26	0.30903176
27	0.28928403
28	0.24019949
29	0.22916799
30	0.18970619
31	0.27404987
32	0.40167090
33	0.34515991
34	0.36287424
35	0.29602500
36	0.28988371
37	0.26527595
38	0.18380290
39	0.30045928
40	0.27685619
41	0.25039545
42	0.21782519
43	0.33409893
44	0.26560581
45	0.28594198
46	0.20955341
47	0.20220177
48	0.33579817
49	0.34621919
50	0.24259003
51	0.32214059
52	0.22236957
53	0.21217607
54	0.19803093
55	0.16819754
56	0.29945960
57	0.24555840
58	0.32894747
59	0.30469766
60	0.21912860
61	0.23478314
62	0.23867330
63	0.18026926
64	0.35677342
65	0.31492677
66	0.30320802
67	0.23472178
68	0.19075890
69	0.20182260
70	0.21269735
71	0.23095101
72	0.28971067
73	0.24934501
74	0.26094874
75	0.26086648
76	0.18469312
77	0.23411073
78	0.20191073
79	0.18844375
80	0.25716648
81	0.20967014
82	0.25909426
83	0.30849141
84	0.18128718
85	0.21398699
86	0.23859173
87	0.19708548
88	0.28938043
89	0.31430758
90	0.21407664
91	0.16166660
92	0.23285259
93	0.19405600
94	0.23826338
95	0.17308359
96	0.27175941
97	0.27916446
98	0.27493592
99	0.19086578
100	0.20093194
101	0.27983106
102	0.18385884
103	0.18082083
104	0.22524205
105	0.19092292
106	0.23516042
107	0.18797664
108	0.27538264
109	0.20513516
110	0.23443125
111	0.21842683
112	0.20275821
113	0.27511206
114	0.21947746
115	0.23948485
116	0.24320183
117	0.23005063
118	0.17151042
119	0.21046042
120	0.24967304
121	0.17161124
122	0.21029931
123	0.31048883
124	0.21897494
125	0.22023321
126	0.19109943
127	0.17532588
128	0.21439861
129	0.28711768
130	0.22218687
131	0.18526307
132	0.17468194
133	0.18810650
134	0.15215360
135	0.15005846
136	0.21276919
137	0.23284097
138	0.22733990
139	0.20663226
140	0.21734476
141	0.18019369
142	0.17443819
143	0.20592557
144	0.24235846
145	0.17504028
146	0.23192197
147	0.19452330
148	0.22174899
149	0.21161824
150	0.20163744
151	0.20823226
152	0.19265006
153	0.19318270
154	0.14317487
155	0.22072361
156	0.19895865
157	0.22396711
158	0.13085979
159	0.16042027
160	0.19268207
161	0.16235606
162	0.19189141
163	0.17765758
164	0.18197544
165	0.16905997
166	0.21845732
167	0.12331604
168	0.13786326
169	0.19787696
170	0.18494205
171	0.17970492
172	0.17924710
173	0.14993763
174	0.18314760
175	0.15723927
176	0.16543952
177	0.15494590
178	0.17667033
179	0.16130789
180	0.22267771
181	0.21251654
182	0.19261332
183	0.14339527
184	0.25781686
185	0.20993958
186	0.23488245
187	0.18790417
188	0.20377184
189	0.22775739
190	0.14754104
191	0.10519369
192	0.15786199
193	0.18436395
194	0.19260246
195	0.16839684
196	0.20067146
197	0.18552803
198	0.22254634
199	0.19609167
200	0.17044476
201	0.21935669
202	0.19759634
203	0.18358681
204	0.12398251
205	0.20869508
206	0.24295751
207	0.24317033
208	0.16114792
209	0.24130789
210	0.15175751
211	0.17705979
212	0.20405556
213	0.23943093
214	0.16364848
215	0.15508176
216	0.18693289
217	0.17463188
218	0.14758163
219	0.23348447
220	0.17822317
221	0.22565720
222	0.17338516
223	0.15954369
224	0.15749735
225	0.18542052
226	0.26719514
227	0.16575234
228	0.16837689
229	0.16386149
230	0.17642418
231	0.15761528
232	0.19653952
233	0.16772999
234	0.16198239
235	0.12545795
236	0.14903984
237	0.17237443
238	0.16299968
239	0.13918081
240	0.19418182
241	0.15874527
242	0.17031755
243	0.18241376
244	0.12885240
245	0.16118681
246	0.15967563
247	0.19605720
248	0.21965833
249	0.14282241
250	0.15600890
251	0.20475972
252	0.19317361
253	0.15800133
254	0.15870473
255	0.13538485
256	0.22536376
257	0.10865095
258	0.20367677
259	0.21710297
260	0.12025082
261	0.15684710
262	0.17382431
263	0.17469205
264	0.26925947
265	0.16608510
266	0.15120347
267	0.20882828
268	0.20932955
269	0.18748775
270	0.15778845
271	0.17803523
272	0.19326812
273	0.18334148
274	0.14385600
275	0.19523706
276	0.14175095
277	0.20875000
278	0.16132140
279	0.15395631
280	0.16143157
281	0.14147235
282	0.18046717
283	0.18666926
284	0.12824773
285	0.17896660
286	0.18175884
287	0.13686117
288	0.20228990
289	0.17414104
290	0.16961477
291	0.14744362
292	0.09974590
293	0.14601673
294	0.14876957
295	0.16286376
296	0.16694350
297	0.22380202
298	0.20054085
299	0.20391301
300	0.18144501
301	0.17410379
302	0.20468321
303	0.15629621
304	0.14859438
305	0.16564918
306	0.15135309
307	0.14612746
308	0.13526187
309	0.17614078
310	0.20134047
311	0.12359659
312	0.11153990
313	0.15654785
314	0.12293990
315	0.17690827
316	0.10702380
317	0.18195196
318	0.17646105
319	0.15304514
320	0.19811338
321	0.15146919
322	0.16840202
323	0.10821086
324	0.16727058
325	0.19209855
326	0.10391111
327	0.15955063
328	0.13084956
329	0.14979179
330	0.13511869
331	0.17206288
332	0.07948289
333	0.17454558
334	0.12583889
335	0.16870846
336	0.16195537
337	0.15470265
338	0.14527898
339	0.17218592
340	0.14579583
341	0.13529021
342	0.11479122
343	0.10788441
344	0.13815442
345	0.16052588
346	0.17307121
347	0.19089438
348	0.10407115
349	0.15925265
350	0.14601332
351	0.13364476
352	0.19504798
353	0.18045694
354	0.13490145
355	0.16197620
356	0.12579798
357	0.16734785
358	0.16971900
359	0.12173314
360	0.16798390
361	0.13149697
362	0.13351231
363	0.15522045
364	0.14173775
365	0.15064931
366	0.12644577
367	0.15760423
368	0.10571275
369	0.21498485
370	0.17129104
371	0.16959672
372	0.17755966
373	0.11226484
374	0.13966073
375	0.13618093
376	0.21725726
377	0.16241465
378	0.17080139
379	0.13259981
380	0.16120972
381	0.12637942
382	0.18962835
383	0.11228857
384	0.16485303
385	0.15501831
386	0.16847311
387	0.15220511
388	0.13825720
389	0.14213617
390	0.11396585
391	0.09174312
392	0.11273769
393	0.12235177
394	0.14225000
395	0.14130657
396	0.14160903
397	0.18423674
398	0.12385581
399	0.12754097
400	0.17912468
401	0.12227961
402	0.13774886
403	0.19248662
404	0.17772247
405	0.12159703
406	0.11944571
407	0.15136218
408	0.17160461
409	0.11866010
410	0.16379381
411	0.10998920
412	0.16756515
413	0.12865574
414	0.09604937
415	0.10040335
416	0.13573617
417	0.17389684
418	0.11784274
419	0.14080139
420	0.18235884
421	0.16934350
422	0.11501016
423	0.11388062
424	0.18702273
425	0.18503390
426	0.11664129
427	0.15207317
428	0.13001780
429	0.14861326
430	0.14426338
431	0.17868548
432	0.11982304
433	0.11556282
434	0.11531780
435	0.17296301
436	0.15132229
437	0.13711471
438	0.15376181
439	0.15859949
440	0.11463838
441	0.14287058
442	0.14763472
443	0.15676345
444	0.16076622
445	0.15172967
446	0.11029968
447	0.13335827
448	0.16421856
449	0.15184621
450	0.11972809
451	0.15447134
452	0.14802784
453	0.16704861
454	0.17713965
455	0.16621263
456	0.10834634
457	0.10259949
458	0.18852109
459	0.15647121
460	0.15159615
461	0.15380417
462	0.09817033
463	0.18242102
464	0.15380631
465	0.13587582
466	0.18238996
467	0.15847235
468	0.15058100
469	0.10349318
470	0.08666010
471	0.15535309
472	0.12235682
473	0.14306237
474	0.14407014
475	0.14565764
476	0.13580663
477	0.12681452
478	0.11922355
479	0.13537393
480	0.17528169
481	0.13027014
482	0.11319735
483	0.08845524
484	0.17084223
485	0.11747652
486	0.09903763
487	0.16896420
488	0.15686231
489	0.15246357
490	0.10817841
491	0.15181755
492	0.12484362
493	0.11505574
494	0.14523523
495	0.13238769
496	0.14196521
497	0.16843093
498	0.12909804
499	0.10600404
500	0.15633346
501	0.12581780
502	0.12608643
503	0.12456730
504	0.11523561
505	0.16946761
506	0.14647279
507	0.14698598
508	0.18484905
509	0.11805789
510	0.14937980
511	0.10514931
512	0.15853756
513	0.13762298
514	0.15255758
515	0.09393100
516	0.15898845
517	0.12932790
518	0.10243056
519	0.13443011
520	0.13251780
521	0.13670372
522	0.13687885
523	0.13124444
524	0.12616597
525	0.18094097
526	0.15714918
527	0.10761029
