0 1
0 2
0 3
0 4
0 5
0 6
0 7
0 9
0 13
0 16
0 18
0 20
0 21
0 22
0 23
0 26
0 27
0 28
0 32
0 35
0 37
0 38
0 42
0 49
0 50
0 51
0 57
0 61
0 62
0 68
0 69
0 71
0 72
0 79
0 85
0 99
0 100
0 118
0 123
0 126
0 147
0 149
0 155
0 164
0 167
0 193
0 218
0 224
0 229
0 232
0 237
0 244
0 246
0 254
0 257
0 273
0 283
0 296
0 299
0 306
0 318
0 353
0 365
0 380
0 383
0 393
0 401
0 410
0 424
0 429
0 438
0 464
0 484
0 485
0 486
0 495
0 497
0 557
0 581
0 585
0 587
0 636
0 659
0 761
0 796
0 812
0 822
0 831
0 929
0 930
0 937
0 939
0 963
0 1034
0 1045
0 1057
0 1081
0 1093
0 1097
0 1123
0 1198
0 1199
0 1216
0 1280
0 1306
0 1351
0 1396
0 1438
0 1460
0 1506
0 1516
0 1544
0 1545
0 1546
0 1592
0 1761
0 1817
0 1833
0 1865
0 1932
0 1938
0 1949
0 2008
1 6
1 8
1 14
1 18
1 30
1 42
1 43
1 52
1 56
1 58
1 65
1 92
1 98
1 110
1 137
1 178
1 189
1 197
1 200
1 201
1 221
1 232
1 263
1 269
1 321
1 328
1 371
1 374
1 378
1 418
1 423
1 448
1 463
1 502
1 526
1 547
1 613
1 628
1 663
1 680
1 689
1 709
1 730
1 782
1 784
1 983
1 984
1 991
1 1059
1 1087
1 1181
1 1222
1 1309
1 1317
1 1328
1 1390
1 1426
1 1434
1 1453
1 1517
1 1534
1 1562
1 1638
1 1641
1 1713
1 1717
1 1722
1 1760
1 1781
1 1786
1 1831
1 1870
2 6
2 7
2 8
2 9
2 10
2 11
2 12
2 14
2 17
2 19
2 27
2 29
2 30
2 33
2 37
2 39
2 57
2 59
2 61
2 75
2 87
2 93
2 103
2 113
2 126
2 132
2 136
2 153
2 173
2 180
2 198
2 202
2 214
2 223
2 241
2 245
2 271
2 272
2 281
2 291
2 299
2 325
2 336
2 337
2 358
2 369
2 383
2 386
2 390
2 408
2 416
2 425
2 433
2 449
2 456
2 461
2 469
2 480
2 492
2 505
2 532
2 554
2 556
2 558
2 563
2 618
2 619
2 624
2 628
2 661
2 667
2 689
2 706
2 732
2 745
2 746
2 776
2 852
2 867
2 891
2 899
2 909
2 911
2 945
2 957
2 999
2 1027
2 1032
2 1052
2 1099
2 1100
2 1101
2 1118
2 1153
2 1156
2 1172
2 1203
2 1238
2 1301
2 1340
2 1343
2 1357
2 1360
2 1469
2 1496
2 1507
2 1515
2 1550
2 1566
2 1589
2 1603
2 1604
2 1650
2 1661
2 1671
2 1707
2 1724
2 1733
2 1749
2 1757
2 1817
2 1868
2 1871
2 1886
2 1893
2 1907
2 1954
3 24
3 31
3 77
3 93
3 121
3 154
3 191
3 221
3 267
3 305
3 374
3 469
3 961
3 1516
3 1571
3 1613
3 1616
3 1869
4 6
4 7
4 8
4 9
4 13
4 14
4 15
4 18
4 21
4 22
4 25
4 27
4 28
4 33
4 42
4 45
4 53
4 64
4 72
4 76
4 80
4 98
4 100
4 107
4 114
4 122
4 126
4 132
4 142
4 155
4 169
4 173
4 180
4 192
4 205
4 209
4 211
4 217
4 219
4 229
4 231
4 240
4 242
4 261
4 278
4 287
4 291
4 298
4 302
4 309
4 323
4 342
4 351
4 368
4 374
4 418
4 431
4 467
4 473
4 475
4 487
4 500
4 506
4 531
4 536
4 545
4 550
4 560
4 567
4 580
4 588
4 591
4 606
4 611
4 618
4 623
4 637
4 652
4 661
4 677
4 692
4 703
4 724
4 730
4 736
4 741
4 752
4 810
4 833
4 870
4 883
4 891
4 898
4 917
4 929
4 947
4 970
4 988
4 1006
4 1008
4 1010
4 1027
4 1028
4 1044
4 1046
4 1062
4 1086
4 1110
4 1183
4 1184
4 1221
4 1248
4 1272
4 1332
4 1356
4 1363
4 1368
4 1373
4 1395
4 1412
4 1442
4 1449
4 1450
4 1460
4 1496
4 1504
4 1545
4 1546
4 1553
4 1555
4 1581
4 1594
4 1628
4 1639
4 1782
4 1866
4 1889
4 1896
4 1927
4 1946
4 2007
5 6
5 7
5 10
5 17
5 24
5 38
5 46
5 47
5 50
5 60
5 70
5 74
5 89
5 103
5 111
5 130
5 147
5 168
5 178
5 180
5 184
5 186
5 187
5 195
5 197
5 221
5 224
5 256
5 259
5 266
5 285
5 294
5 333
5 354
5 358
5 372
5 373
5 382
5 387
5 388
5 390
5 427
5 433
5 450
5 472
5 525
5 532
5 537
5 551
5 568
5 570
5 576
5 593
5 622
5 645
5 678
5 699
5 706
5 707
5 728
5 748
5 757
5 759
5 765
5 792
5 793
5 805
5 815
5 830
5 911
5 940
5 946
5 975
5 1026
5 1059
5 1130
5 1142
5 1158
5 1165
5 1181
5 1193
5 1211
5 1222
5 1240
5 1293
5 1313
5 1346
5 1352
5 1382
5 1400
5 1462
5 1473
5 1501
5 1521
5 1536
5 1543
5 1557
5 1620
5 1623
5 1708
5 1744
5 1768
5 1773
5 1779
5 1792
5 1842
5 1921
5 1925
5 1946
5 1956
5 1989
5 2016
6 7
6 8
6 9
6 10
6 11
6 12
6 13
6 14
6 34
6 54
6 55
6 56
6 58
6 59
6 70
6 73
6 74
6 78
6 83
6 84
6 90
6 95
6 100
6 106
6 163
6 169
6 179
6 187
6 194
6 201
6 213
6 222
6 253
6 255
6 272
6 281
6 313
6 315
6 350
6 368
6 402
6 406
6 414
6 428
6 435
6 438
6 458
6 476
6 486
6 499
6 500
6 516
6 527
6 568
6 574
6 594
6 600
6 613
6 622
6 625
6 630
6 713
6 737
6 742
6 758
6 793
6 843
6 850
6 863
6 866
6 868
6 1065
6 1075
6 1094
6 1141
6 1154
6 1157
6 1213
6 1263
6 1274
6 1279
6 1290
6 1321
6 1355
6 1374
6 1376
6 1416
6 1417
6 1442
6 1574
6 1579
6 1588
6 1606
6 1703
6 1710
6 1720
6 1752
6 1763
6 1868
6 1886
6 1896
6 1971
6 1986
7 8
7 9
7 10
7 11
7 15
7 17
7 18
7 24
7 26
7 48
7 64
7 95
7 97
7 112
7 115
7 133
7 135
7 141
7 151
7 170
7 185
7 190
7 215
7 222
7 258
7 277
7 287
7 301
7 327
7 346
7 375
7 450
7 475
7 524
7 547
7 590
7 653
7 665
7 703
7 813
7 814
7 879
7 930
7 944
7 953
7 959
7 982
7 995
7 1132
7 1212
7 1223
7 1231
7 1257
7 1269
7 1337
7 1350
7 1483
7 1531
7 1583
7 1615
7 1620
7 1624
7 1640
7 1644
7 1648
7 1654
7 1770
7 1797
7 1839
7 1855
7 1880
7 1898
7 1958
7 1968
7 1998
8 12
8 13
8 16
8 17
8 19
8 20
8 23
8 29
8 38
8 41
8 43
8 53
8 58
8 82
8 84
8 88
8 94
8 107
8 131
8 135
8 139
8 145
8 146
8 151
8 154
8 155
8 160
8 166
8 192
8 196
8 200
8 233
8 242
8 270
8 280
8 288
8 316
8 357
8 360
8 385
8 408
8 424
8 501
8 517
8 522
8 543
8 574
8 613
8 620
8 627
8 654
8 662
8 769
8 783
8 797
8 818
8 839
8 928
8 983
8 1002
8 1042
8 1106
8 1113
8 1148
8 1161
8 1202
8 1210
8 1236
8 1500
8 1514
8 1594
8 1630
8 1721
8 1748
8 1960
8 1963
9 10
9 11
9 15
9 16
9 20
9 23
9 25
9 29
9 30
9 31
9 35
9 40
9 46
9 62
9 67
9 71
9 75
9 78
9 80
9 83
9 94
9 102
9 106
9 127
9 129
9 135
9 152
9 162
9 175
9 179
9 191
9 199
9 202
9 218
9 234
9 243
9 248
9 253
9 259
9 263
9 273
9 357
9 363
9 411
9 460
9 488
9 499
9 506
9 520
9 523
9 526
9 528
9 535
9 551
9 552
9 572
9 582
9 594
9 633
9 644
9 673
9 679
9 700
9 730
9 737
9 743
9 785
9 811
9 818
9 833
9 851
9 870
9 929
9 953
9 987
9 999
9 1000
9 1048
9 1060
9 1077
9 1085
9 1109
9 1142
9 1144
9 1154
9 1180
9 1226
9 1234
9 1243
9 1244
9 1269
9 1288
9 1314
9 1322
9 1335
9 1400
9 1401
9 1413
9 1419
9 1420
9 1452
9 1546
9 1589
9 1611
9 1681
9 1698
9 1726
9 1737
9 1803
9 1860
9 1947
9 1999
10 11
10 12
10 15
10 16
10 20
10 28
10 34
10 38
10 39
10 45
10 48
10 62
10 65
10 72
10 78
10 104
10 128
10 133
10 156
10 163
10 164
10 172
10 177
10 200
10 243
10 280
10 310
10 318
10 326
10 333
10 359
10 379
10 395
10 415
10 416
10 435
10 459
10 495
10 506
10 591
10 594
10 626
10 641
10 646
10 656
10 682
10 690
10 703
10 717
10 744
10 801
10 865
10 879
10 908
10 919
10 964
10 1063
10 1217
10 1235
10 1273
10 1338
10 1346
10 1350
10 1362
10 1388
10 1431
10 1436
10 1451
10 1522
10 1586
10 1646
10 1659
10 1678
10 1712
10 1754
10 1770
10 1789
10 1790
10 1849
11 12
11 20
11 27
11 32
11 33
11 50
11 53
11 68
11 70
11 103
11 104
11 112
11 117
11 121
11 123
11 132
11 137
11 143
11 147
11 155
11 160
11 162
11 166
11 190
11 193
11 228
11 235
11 249
11 305
11 320
11 359
11 379
11 390
11 406
11 420
11 440
11 462
11 468
11 471
11 472
11 511
11 514
11 531
11 539
11 578
11 593
11 606
11 688
11 693
11 763
11 806
11 830
11 898
11 906
11 907
11 929
11 935
11 958
11 996
11 1009
11 1073
11 1101
11 1107
11 1172
11 1177
11 1187
11 1265
11 1294
11 1355
11 1445
11 1460
11 1464
11 1478
11 1494
11 1511
11 1581
11 1840
11 1861
11 1916
11 1967
12 13
12 19
12 21
12 32
12 42
12 59
12 66
12 98
12 112
12 176
12 190
12 228
12 246
12 247
12 251
12 277
12 307
12 323
12 331
12 411
12 446
12 478
12 504
12 573
12 587
12 595
12 624
12 650
12 651
12 655
12 669
12 731
12 807
12 838
12 846
12 879
12 904
12 913
12 917
12 974
12 1002
12 1098
12 1208
12 1221
12 1256
12 1261
12 1272
12 1339
12 1385
12 1403
12 1456
12 1546
12 1555
12 1672
12 1988
12 2010
13 14
13 40
13 44
13 45
13 52
13 56
13 84
13 90
13 103
13 105
13 113
13 125
13 134
13 155
13 158
13 168
13 175
13 178
13 184
13 191
13 224
13 233
13 237
13 263
13 279
13 283
13 287
13 323
13 356
13 370
13 400
13 429
13 451
13 456
13 457
13 526
13 540
13 563
13 732
13 775
13 838
13 918
13 951
13 954
13 1007
13 1036
13 1048
13 1052
13 1061
13 1102
13 1175
13 1179
13 1217
13 1236
13 1277
13 1344
13 1369
13 1476
13 1498
13 1513
13 1543
13 1564
13 1679
13 1685
13 1745
13 1817
13 1850
13 1858
13 1888
13 1969
14 15
14 18
14 19
14 21
14 25
14 26
14 29
14 30
14 34
14 36
14 37
14 39
14 41
14 47
14 49
14 67
14 68
14 74
14 82
14 96
14 106
14 110
14 111
14 116
14 129
14 139
14 151
14 153
14 159
14 160
14 172
14 173
14 175
14 187
14 192
14 194
14 196
14 204
14 207
14 212
14 237
14 240
14 252
14 277
14 290
14 295
14 299
14 316
14 353
14 401
14 430
14 439
14 460
14 483
14 506
14 550
14 553
14 560
14 577
14 579
14 584
14 596
14 647
14 659
14 668
14 670
14 671
14 673
14 674
14 695
14 713
14 737
14 754
14 804
14 808
14 836
14 846
14 887
14 892
14 915
14 966
14 987
14 995
14 1006
14 1008
14 1045
14 1058
14 1092
14 1158
14 1163
14 1203
14 1220
14 1246
14 1257
14 1272
14 1283
14 1367
14 1497
14 1517
14 1551
14 1588
14 1615
14 1627
14 1635
14 1652
14 1751
14 1753
14 1770
14 1915
14 1993
14 2001
15 16
15 25
15 28
15 32
15 47
15 72
15 75
15 81
15 87
15 97
15 127
15 141
15 161
15 164
15 210
15 226
15 230
15 246
15 249
15 256
15 272
15 315
15 330
15 338
15 369
15 376
15 399
15 458
15 495
15 519
15 678
15 708
15 810
15 871
15 1024
15 1059
15 1076
15 1138
15 1213
15 1268
15 1285
15 1360
15 1395
15 1565
15 1587
15 1629
15 1707
15 1743
15 1761
16 17
16 22
16 23
16 28
16 33
16 35
16 38
16 40
16 48
16 67
16 82
16 85
16 99
16 108
16 110
16 130
16 139
16 152
16 168
16 170
16 175
16 176
16 191
16 199
16 283
16 385
16 417
16 420
16 446
16 457
16 494
16 542
16 552
16 584
16 603
16 611
16 645
16 697
16 704
16 733
16 765
16 838
16 1131
16 1225
16 1308
16 1311
16 1348
16 1384
16 1399
16 1417
16 1452
16 1538
16 1575
16 1638
16 1756
16 1761
16 1780
16 1781
16 1787
16 1806
17 22
17 26
17 34
17 36
17 44
17 51
17 59
17 63
17 76
17 93
17 102
17 106
17 118
17 120
17 123
17 132
17 133
17 165
17 181
17 203
17 254
17 260
17 267
17 285
17 324
17 328
17 364
17 384
17 413
17 421
17 434
17 456
17 477
17 487
17 501
17 502
17 531
17 534
17 547
17 600
17 601
17 664
17 686
17 715
17 762
17 850
17 892
17 894
17 907
17 932
17 960
17 985
17 992
17 1006
17 1081
17 1101
17 1194
17 1248
17 1256
17 1334
17 1351
17 1377
17 1385
17 1390
17 1398
17 1425
17 1456
17 1682
17 1804
17 1843
17 1857
17 1876
17 1968
18 19
18 21
18 22
18 30
18 35
18 44
18 54
18 56
18 83
18 86
18 90
18 94
18 119
18 134
18 149
18 161
18 162
18 165
18 166
18 177
18 178
18 193
18 201
18 209
18 237
18 253
18 273
18 281
18 294
18 300
18 302
18 303
18 322
18 356
18 370
18 385
18 407
18 438
18 466
18 517
18 524
18 533
18 540
18 582
18 616
18 630
18 700
18 703
18 708
18 712
18 753
18 779
18 784
18 803
18 810
18 838
18 914
18 932
18 970
18 1005
18 1099
18 1116
18 1122
18 1134
18 1164
18 1242
18 1254
18 1379
18 1418
18 1441
18 1541
18 1577
18 1601
18 1673
18 1675
18 1755
18 1771
18 1781
18 1814
18 1835
18 1885
18 1914
18 1951
18 1952
18 1975
18 1988
18 1992
18 2014
19 24
19 35
19 41
19 49
19 89
19 138
19 147
19 169
19 276
19 385
19 550
19 598
19 602
19 615
19 783
19 807
19 892
19 1062
19 1112
19 1137
19 1189
19 1627
19 1865
20 23
20 31
20 34
20 37
20 39
20 40
20 44
20 48
20 50
20 55
20 76
20 79
20 81
20 120
20 125
20 161
20 184
20 239
20 268
20 285
20 286
20 294
20 312
20 323
20 325
20 332
20 358
20 377
20 378
20 402
20 411
20 414
20 432
20 486
20 555
20 565
20 578
20 603
20 647
20 721
20 786
20 886
20 908
20 917
20 940
20 954
20 1258
20 1311
20 1329
20 1336
20 1340
20 1360
20 1361
20 1382
20 1444
20 1459
20 1537
20 1594
20 1791
20 1798
20 1879
20 1905
20 1939
20 1976
20 2010
21 25
21 26
21 27
21 31
21 41
21 47
21 53
21 63
21 70
21 77
21 83
21 95
21 96
21 126
21 151
21 179
21 185
21 186
21 212
21 233
21 235
21 257
21 287
21 317
21 327
21 335
21 391
21 392
21 466
21 502
21 543
21 567
21 586
21 596
21 642
21 648
21 680
21 684
21 706
21 714
21 731
21 752
21 757
21 819
21 875
21 887
21 939
21 964
21 976
21 983
21 1002
21 1030
21 1031
21 1159
21 1206
21 1260
21 1289
21 1375
21 1403
21 1469
21 1475
21 1503
21 1527
21 1540
21 1558
21 1575
21 1591
21 1652
21 1690
21 1702
21 1751
21 1823
21 1934
22 24
22 46
22 50
22 61
22 111
22 114
22 121
22 124
22 140
22 142
22 159
22 205
22 226
22 260
22 261
22 267
22 311
22 560
22 572
22 635
22 670
22 754
22 785
22 857
22 862
22 912
22 1021
22 1050
22 1066
22 1166
22 1278
22 1439
22 1533
22 1577
22 1581
22 1614
22 1704
22 1769
22 1831
22 1938
22 1962
22 1967
23 36
23 39
23 51
23 57
23 60
23 62
23 66
23 73
23 101
23 102
23 122
23 383
23 482
23 487
23 492
23 614
23 694
23 714
23 822
23 909
23 952
23 1030
23 1032
23 1232
23 1366
23 1402
23 1477
23 1506
23 1566
23 1573
23 1608
24 29
24 32
24 33
24 37
24 42
24 43
24 47
24 61
24 76
24 78
24 84
24 85
24 92
24 95
24 107
24 113
24 119
24 136
24 143
24 144
24 145
24 148
24 149
24 198
24 208
24 211
24 222
24 238
24 250
24 257
24 259
24 271
24 278
24 302
24 307
24 316
24 341
24 349
24 372
24 373
24 376
24 379
24 385
24 413
24 449
24 455
24 480
24 487
24 491
24 535
24 601
24 622
24 634
24 669
24 689
24 730
24 753
24 759
24 783
24 823
24 841
24 848
24 862
24 878
24 910
24 930
24 936
24 945
24 959
24 1023
24 1024
24 1079
24 1110
24 1125
24 1186
24 1224
24 1255
24 1340
24 1380
24 1407
24 1425
24 1428
24 1443
24 1532
24 1540
24 1548
24 1568
24 1631
24 1677
24 1729
24 1762
24 1764
24 1799
24 1805
24 1830
24 1835
24 1861
24 1891
25 36
25 48
25 53
25 64
25 69
25 73
25 80
25 91
25 92
25 106
25 111
25 118
25 120
25 140
25 141
25 158
25 165
25 182
25 213
25 271
25 293
25 304
25 330
25 357
25 389
25 408
25 463
25 484
25 505
25 510
25 544
25 555
25 574
25 650
25 652
25 656
25 662
25 824
25 879
25 882
25 905
25 923
25 971
25 993
25 1172
25 1410
25 1415
25 1445
25 1450
25 1454
25 1489
25 1530
25 1593
25 1619
25 1742
25 1796
25 1808
25 1827
25 1853
25 1862
25 1932
25 1945
26 45
26 76
26 96
26 114
26 144
26 429
26 542
26 839
26 1003
26 1098
26 1514
26 1540
26 1778
26 2005
27 31
27 43
27 46
27 55
27 75
27 80
27 86
27 105
27 154
27 171
27 204
27 296
27 332
27 347
27 447
27 507
27 548
27 608
27 617
27 626
27 675
27 688
27 767
27 801
27 948
27 1105
27 1121
27 1282
27 1425
27 1469
27 1534
27 1559
27 1864
27 1912
27 1974
28 52
28 66
28 186
28 203
28 217
28 311
28 348
28 402
28 410
28 413
28 434
28 470
28 476
28 499
28 529
28 539
28 723
28 814
28 847
28 868
28 1128
28 1399
28 1618
28 1656
28 1800
28 1928
29 49
29 63
29 73
29 84
29 150
29 207
29 210
29 228
29 283
29 364
29 394
29 617
29 623
29 891
29 1009
29 1081
29 1197
29 1298
29 1353
29 1430
29 1453
29 1487
29 1495
29 1523
29 1919
29 1932
29 1986
30 44
30 58
30 65
30 133
30 148
30 161
30 181
30 214
30 220
30 284
30 303
30 311
30 321
30 326
30 341
30 387
30 411
30 508
30 509
30 529
30 579
30 590
30 595
30 679
30 702
30 761
30 806
30 858
30 864
30 931
30 967
30 1103
30 1179
30 1193
30 1207
30 1321
30 1323
30 1329
30 1332
30 1520
30 1559
30 1582
30 1642
30 1668
31 43
31 71
31 109
31 236
31 295
31 306
31 400
31 432
31 443
31 452
31 482
31 513
31 523
31 564
31 640
31 726
31 780
31 798
31 835
31 849
31 939
31 1011
31 1076
31 1140
31 1170
31 1202
31 1219
31 1284
31 1343
31 1354
31 1445
31 1542
31 1580
31 1621
31 1653
31 1671
31 1759
31 1888
31 1898
31 1911
32 66
32 74
32 77
32 81
32 97
32 107
32 117
32 131
32 172
32 217
32 245
32 353
32 373
32 414
32 415
32 427
32 462
32 473
32 476
32 482
32 486
32 524
32 561
32 566
32 589
32 619
32 665
32 691
32 915
32 986
32 1019
32 1028
32 1043
32 1061
32 1071
32 1086
32 1232
32 1359
32 1383
32 1463
32 1500
32 1510
32 1594
32 1664
32 1907
32 1938
32 1995
33 36
33 54
33 68
33 71
33 73
33 252
33 314
33 315
33 470
33 507
33 607
33 633
33 635
33 637
33 658
33 757
33 763
33 904
33 1043
33 1097
33 1295
33 1323
33 1344
33 1353
33 1399
33 1484
33 1503
33 1562
33 1565
33 1661
34 55
34 116
34 143
34 194
34 197
34 269
34 312
34 339
34 350
34 395
34 399
34 409
34 484
34 497
34 543
34 559
34 562
34 579
34 605
34 609
34 651
34 743
34 845
34 851
34 1116
34 1192
34 1280
34 1321
34 1446
34 1491
34 1554
34 1615
34 1900
34 1929
35 40
35 49
35 51
35 75
35 78
35 81
35 162
35 208
35 226
35 227
35 242
35 255
35 257
35 289
35 392
35 418
35 429
35 485
35 527
35 591
35 687
35 829
35 831
35 858
35 886
35 896
35 956
35 1029
35 1047
35 1075
35 1093
35 1135
35 1247
35 1252
35 1263
35 1405
35 1463
35 1466
35 1494
35 1495
35 1585
35 1592
35 1632
35 1655
35 1668
35 1726
35 1877
35 1918
36 54
36 71
36 108
36 145
36 230
36 260
36 402
36 429
36 437
36 447
36 453
36 493
36 500
36 556
36 654
36 720
36 811
36 820
36 892
36 903
36 938
36 1043
36 1058
36 1107
36 1108
36 1224
36 1244
36 1264
36 1400
36 1440
36 1549
36 1602
36 1621
36 1869
36 1917
36 1981
37 58
37 67
37 69
37 74
37 91
37 93
37 94
37 112
37 121
37 122
37 127
37 129
37 154
37 166
37 183
37 223
37 236
37 298
37 305
37 330
37 371
37 450
37 510
37 571
37 576
37 614
37 626
37 628
37 637
37 674
37 691
37 692
37 775
37 822
37 926
37 1018
37 1022
37 1160
37 1250
37 1268
37 1285
37 1327
37 1331
37 1361
37 1407
37 1440
37 1491
37 1496
37 1562
37 1652
37 1716
37 1735
37 1789
37 1856
37 1885
37 1888
38 223
38 521
38 616
39 41
39 52
39 57
39 79
39 87
39 105
39 174
39 207
39 273
39 290
39 355
39 362
39 366
39 368
39 380
39 389
39 404
39 412
39 469
39 480
39 581
39 632
39 689
39 727
39 732
39 776
39 1031
39 1039
39 1088
39 1098
39 1109
39 1140
39 1171
39 1204
39 1247
39 1342
39 1519
39 1700
39 1717
39 1893
39 1937
39 1991
40 59
40 119
40 156
40 175
40 176
40 231
40 413
40 424
40 465
40 744
40 946
40 1068
40 1542
40 1577
40 1591
40 1662
40 1735
41 46
41 51
41 68
41 89
41 159
41 179
41 189
41 198
41 247
41 291
41 299
41 329
41 367
41 404
41 462
41 592
41 597
41 604
41 659
41 696
41 728
41 929
41 962
41 1022
41 1050
41 1085
41 1299
41 1373
41 1564
41 1635
41 1654
41 1910
42 108
42 297
42 659
42 708
42 716
42 852
42 977
42 1058
42 1067
42 1511
42 1657
43 45
43 110
43 125
43 130
43 209
43 244
43 247
43 271
43 277
43 282
43 298
43 312
43 329
43 347
43 350
43 368
43 416
43 435
43 465
43 475
43 501
43 562
43 607
43 643
43 695
43 698
43 739
43 752
43 773
43 811
43 826
43 836
43 857
43 873
43 1028
43 1087
43 1185
43 1242
43 1297
43 1339
43 1426
43 1430
43 1437
43 1614
43 1618
43 1623
43 1627
43 1643
43 1753
43 1768
43 1831
43 1931
43 1985
44 64
44 86
44 146
44 181
44 182
44 238
44 241
44 250
44 251
44 354
44 365
44 387
44 449
44 522
44 591
44 618
44 750
44 899
44 1179
44 1248
44 1283
44 1331
44 1390
44 1645
44 1811
44 2012
45 60
45 62
45 64
45 108
45 294
45 319
45 326
45 337
45 443
45 474
45 497
45 927
45 988
45 1196
45 1222
45 1330
45 1490
45 1601
45 1696
45 1824
45 1910
46 54
46 67
46 88
46 96
46 120
46 176
46 195
46 216
46 245
46 255
46 391
46 419
46 507
46 518
46 520
46 573
46 672
46 694
46 766
46 803
46 902
46 957
46 1054
46 1598
46 1649
46 1855
47 89
47 105
47 110
47 118
47 127
47 133
47 200
47 419
47 493
47 704
47 856
47 901
47 1308
47 1344
47 1367
47 1649
47 1657
47 1680
47 1726
47 1792
47 1851
48 52
48 56
48 77
48 85
48 98
48 104
48 119
48 124
48 143
48 158
48 205
48 215
48 243
48 247
48 301
48 304
48 312
48 435
48 501
48 521
48 534
48 548
48 577
48 590
48 652
48 688
48 694
48 733
48 854
48 963
48 980
48 990
48 1060
48 1200
48 1218
48 1304
48 1395
48 1418
48 1461
48 1478
48 1486
48 1517
48 1570
48 1837
48 1879
48 1982
48 1987
49 66
49 69
49 137
49 284
49 320
49 447
49 534
49 673
49 736
49 839
49 1177
49 1185
49 1356
49 1459
49 1492
49 1525
49 1533
49 1801
49 1843
49 1863
49 1937
50 60
50 101
50 124
50 234
50 239
50 282
50 288
50 356
50 602
50 775
50 900
50 973
50 1183
50 1234
50 1342
50 1506
50 1548
50 1702
50 1783
50 1848
51 65
51 115
51 119
51 130
51 167
51 267
51 280
51 306
51 335
51 352
51 398
51 446
51 462
51 468
51 638
51 658
51 797
51 859
51 931
51 980
51 1110
51 1116
51 1121
51 1390
51 1532
51 1711
51 1801
51 1977
52 63
52 187
52 189
52 220
52 242
52 258
52 308
52 637
52 913
52 935
52 1135
52 1201
52 1225
52 1325
52 1927
53 55
53 57
53 97
53 129
53 136
53 140
53 148
53 216
53 236
53 248
53 341
53 512
53 574
53 653
53 710
53 1091
53 1915
54 60
54 107
54 135
54 212
54 278
54 421
54 430
54 861
54 930
54 1226
54 1364
54 1376
54 1394
54 1861
54 1987
55 83
55 88
55 102
55 104
55 108
55 128
55 134
55 184
55 219
55 262
55 277
55 282
55 315
55 334
55 363
55 379
55 409
55 422
55 455
55 476
55 478
55 484
55 649
55 762
55 859
55 864
55 1012
55 1103
55 1119
55 1133
55 1203
55 1296
55 1310
55 1527
55 1583
55 1632
55 1645
55 1732
55 1751
55 1884
55 1887
56 63
56 72
56 174
56 375
56 382
56 396
56 430
56 492
56 525
56 528
56 583
56 872
56 889
56 1006
56 1102
56 1233
56 1434
56 1637
56 1704
56 1705
56 1865
56 1934
56 2003
57 61
57 79
57 80
57 87
57 125
57 131
57 137
57 158
57 167
57 238
57 243
57 329
57 360
57 377
57 428
57 637
57 785
57 912
57 921
57 950
57 965
57 1002
57 1225
57 1240
57 1305
57 1337
57 1374
57 1433
57 1488
57 1596
57 1597
57 1685
57 1708
57 1748
57 1774
57 1797
57 1974
57 2016
58 65
58 89
58 91
58 97
58 101
58 134
58 199
58 224
58 410
58 433
58 436
58 466
58 499
58 578
58 683
58 748
58 1120
58 1150
58 1166
58 1393
58 1458
58 1767
59 249
59 279
59 291
59 301
59 377
59 399
59 419
59 447
59 595
59 651
59 842
59 910
59 1004
59 1029
59 1396
59 1684
59 1896
60 109
60 159
60 203
60 382
60 458
60 460
60 598
60 630
60 641
60 669
60 981
60 1052
60 1128
60 1194
60 1327
60 1461
60 1556
60 1770
61 90
61 257
61 303
61 516
61 539
61 644
61 685
61 794
61 877
61 1046
61 1158
61 1165
61 1295
61 1461
61 1742
61 1869
62 79
62 93
62 96
62 100
62 120
62 196
62 204
62 280
62 290
62 324
62 594
62 599
62 611
62 682
62 847
62 975
62 991
62 1004
62 1033
62 1074
62 1088
62 1172
62 1358
62 1479
62 1576
62 1667
62 1744
62 1816
62 1913
62 1925
63 69
63 94
63 99
63 182
63 502
63 605
63 777
63 801
63 856
63 906
63 982
63 1064
63 1341
63 1640
63 1675
63 1982
63 1984
64 86
64 92
64 102
64 145
64 149
64 268
64 305
64 356
64 374
64 470
64 589
64 616
64 618
64 683
64 752
64 811
64 839
64 854
64 981
64 991
64 1044
64 1311
64 1312
64 1509
64 1970
65 70
65 77
65 81
65 98
65 105
65 122
65 137
65 152
65 194
65 293
65 337
65 391
65 399
65 595
65 625
65 648
65 824
65 975
65 1195
65 1383
65 1530
65 1543
65 1625
65 1853
65 1891
66 92
66 115
66 164
66 240
66 252
66 297
66 378
66 508
66 672
66 755
66 809
66 866
66 943
66 1314
66 1462
67 85
67 109
67 150
67 202
67 206
67 216
67 232
67 264
67 341
67 503
67 551
67 586
67 647
67 654
67 707
67 764
67 802
67 926
67 993
67 1250
67 1315
67 1331
67 1600
67 1651
67 1921
68 211
68 226
68 459
68 598
68 613
68 766
68 1176
68 1406
68 1603
69 88
69 114
69 171
69 248
69 250
69 265
69 266
69 284
69 288
69 304
69 381
69 425
69 460
69 463
69 465
69 481
69 603
69 612
69 668
69 816
69 823
69 874
69 880
69 889
69 902
69 1031
69 1038
69 1063
69 1210
69 1217
69 1245
69 1276
69 1405
69 1626
69 1953
70 160
70 209
70 268
70 404
70 406
70 436
70 676
70 711
70 772
70 1070
70 1218
70 1226
70 1285
70 1295
70 1306
70 1426
70 1427
70 1613
70 1702
70 1759
71 134
71 170
71 171
71 226
71 340
71 525
71 627
71 661
71 671
71 888
71 947
71 1138
71 1392
71 1736
71 1887
72 185
72 229
72 265
72 682
72 686
72 873
72 958
72 961
72 1873
72 1924
72 1953
73 101
73 183
73 298
73 322
73 333
73 381
73 405
73 588
73 655
73 732
73 927
73 1348
73 1802
73 1822
73 1993
74 115
74 135
74 171
74 233
74 254
74 376
74 446
74 488
74 535
74 536
74 558
74 568
74 734
74 773
74 940
74 969
74 974
74 1019
74 1090
74 1219
74 1259
74 1267
74 1375
74 1848
74 1947
75 88
75 91
75 221
75 246
75 267
75 401
75 443
75 759
75 796
75 1017
75 1108
75 1465
75 1634
76 124
76 130
76 138
76 141
76 190
76 213
76 285
76 287
76 308
76 320
76 398
76 454
76 533
76 613
76 725
76 756
76 764
76 787
76 815
76 901
76 1043
76 1055
76 1069
76 1079
76 1155
76 1242
76 1293
76 1310
76 1378
76 1468
76 1538
76 1564
76 1571
76 1629
76 1876
76 1939
77 116
77 144
77 156
77 189
77 191
77 240
77 261
77 293
77 314
77 334
77 392
77 396
77 430
77 465
77 479
77 680
77 791
77 883
77 941
77 1024
77 1059
77 1097
77 1182
77 1209
77 1211
77 1212
77 1273
77 1303
77 1306
77 1359
77 1392
77 1466
77 1590
77 1647
77 1657
77 1924
77 1956
77 1960
78 82
78 95
78 109
78 124
78 138
78 140
78 146
78 165
78 171
78 231
78 362
78 396
78 464
78 478
78 493
78 516
78 590
78 683
78 724
78 731
78 874
78 937
78 962
78 979
78 1005
78 1038
78 1094
78 1162
78 1280
78 1363
78 1443
78 1663
78 1706
78 1712
78 1845
78 1864
79 343
79 433
79 493
79 1036
79 1230
79 1305
80 128
80 145
80 256
80 395
80 515
80 524
80 727
80 769
80 852
80 1069
80 1607
80 1877
81 82
81 116
81 117
81 138
81 156
81 218
81 237
81 239
81 251
81 264
81 296
81 371
81 441
81 472
81 503
81 543
81 582
81 624
81 671
81 672
81 701
81 710
81 733
81 740
81 746
81 800
81 883
81 936
81 966
81 1090
81 1136
81 1145
81 1147
81 1171
81 1476
81 1625
81 1669
81 1721
81 1776
81 1906
82 101
82 195
82 216
82 274
82 276
82 332
82 424
82 667
82 768
82 792
82 816
82 861
82 876
82 951
82 1014
82 1347
82 1556
82 2008
83 87
83 100
83 116
83 172
83 184
83 215
83 337
83 345
83 373
83 403
83 406
83 566
83 587
83 608
83 758
83 764
83 781
83 787
83 843
83 1025
83 1051
83 1083
83 1283
83 1354
83 1389
83 1394
83 1538
83 1560
83 1579
83 1584
83 1644
83 1997
83 2014
84 177
84 313
84 327
84 438
84 473
84 691
84 712
84 876
84 1227
84 1248
84 1312
84 1499
84 1746
85 86
85 90
85 111
85 136
85 157
85 177
85 225
85 381
85 445
85 464
85 512
85 667
85 925
85 959
85 961
85 1290
85 1302
85 1346
85 1476
85 1508
85 1550
85 1690
85 1810
86 188
86 345
86 428
86 515
86 633
86 737
86 786
86 1568
86 1792
86 1903
87 91
87 280
87 317
87 342
87 393
87 426
87 1148
87 1149
87 1713
87 1769
87 1909
88 113
88 114
88 128
88 174
88 193
88 227
88 298
88 415
88 457
88 498
88 599
88 924
88 954
88 1284
89 129
89 163
89 524
89 530
89 813
89 1023
89 1196
89 1659
90 153
90 318
90 482
90 511
90 1007
90 1339
90 1384
90 1449
90 1518
90 1589
91 489
91 710
91 1005
91 1608
91 1731
91 1751
92 109
92 115
92 125
92 185
92 204
92 228
92 270
92 292
92 317
92 320
92 549
92 609
92 700
92 723
92 825
92 965
92 1056
92 1156
92 1247
92 1281
92 1391
92 1502
92 1814
92 1844
92 1976
93 197
93 269
93 309
93 585
93 1352
93 1447
93 1510
93 1524
94 173
94 176
94 223
94 231
94 360
94 459
94 485
94 554
94 584
94 817
94 882
94 1184
94 1647
95 99
95 104
95 121
95 142
95 152
95 232
95 270
95 278
95 324
95 420
95 477
95 503
95 735
95 856
95 1080
95 1294
95 1331
95 1752
96 99
96 149
96 168
96 259
96 286
96 338
96 386
96 422
96 472
96 840
96 863
96 935
96 973
96 1121
96 1242
96 1277
96 1297
96 1325
96 1384
96 1561
96 1603
96 1616
96 1784
96 1972
96 1996
96 2014
97 141
97 296
97 534
97 537
97 565
97 686
97 737
97 790
97 818
97 1271
97 1645
97 1841
98 157
98 197
98 258
98 279
98 303
98 344
98 355
98 468
98 504
98 610
98 693
98 705
98 710
98 716
98 782
98 805
98 867
98 879
98 910
98 932
98 1032
98 1271
98 1380
98 1443
98 1571
98 1697
98 1887
99 168
99 188
99 207
99 235
99 330
99 442
99 1194
99 1221
99 1307
99 1349
99 1459
99 1683
99 1855
99 1897
99 1942
100 162
100 205
100 225
100 284
100 322
100 363
100 527
100 581
100 607
100 614
100 699
100 733
100 739
100 822
100 886
100 966
100 1016
100 1088
100 1184
100 1316
100 1378
100 1983
101 763
101 976
101 1578
101 1612
101 1952
101 1997
102 103
102 112
102 117
102 204
102 220
102 248
102 271
102 363
102 391
102 392
102 436
102 491
102 538
102 597
102 629
102 660
102 711
102 873
102 906
102 933
102 960
102 1021
102 1033
102 1043
102 1141
102 1349
102 1358
102 1401
102 1469
102 1553
102 1610
102 1788
102 1832
102 1836
102 1868
102 1949
102 2000
103 154
103 365
103 407
103 488
103 536
103 855
103 968
103 1012
103 1053
103 1148
103 1275
103 1276
103 1457
103 1493
103 1558
103 1560
103 1614
103 1998
104 232
104 684
104 742
104 776
104 820
104 1036
104 1140
104 1219
104 1265
104 1845
105 230
105 241
105 329
105 459
105 850
105 931
105 942
105 1181
105 1464
105 1477
105 1678
106 117
106 123
106 146
106 230
106 241
106 268
106 281
106 308
106 309
106 349
106 529
106 538
106 608
106 626
106 629
106 823
106 878
106 971
106 979
106 1022
106 1109
106 1155
106 1162
106 1415
106 1440
106 1481
106 1526
106 1607
106 1762
106 1767
106 1846
106 1964
107 128
107 301
107 367
107 406
107 561
107 580
107 593
107 820
107 960
107 1385
107 1463
107 1489
107 1511
107 1600
107 1833
107 2014
108 118
108 188
108 227
108 251
108 253
108 303
108 322
108 369
108 373
108 389
108 466
108 599
108 614
108 750
108 823
108 1027
108 1080
108 1143
108 1299
108 1395
108 1547
108 1569
108 1597
108 1608
108 1706
108 1710
108 1882
108 2007
109 113
109 231
109 260
109 315
109 546
109 649
109 666
109 950
109 1572
109 1623
109 1818
110 1313
110 1717
110 1828
110 1878
110 1892
111 127
111 206
111 276
111 336
111 343
111 405
111 458
111 585
111 602
111 705
111 723
111 827
111 981
111 1123
111 1292
111 1319
111 1879
111 2003
112 126
112 160
112 309
112 837
112 897
112 934
112 992
112 1013
112 1098
112 1627
112 1890
112 1900
112 1930
113 136
113 190
113 201
113 214
113 272
113 313
113 317
113 328
113 331
113 412
113 734
113 774
113 797
113 834
113 1077
113 1159
113 1454
113 1570
113 1655
113 1671
113 1691
113 1959
113 1989
114 139
114 142
114 165
114 198
114 245
114 255
114 291
114 297
114 307
114 428
114 552
114 787
114 915
114 945
114 1031
114 1060
114 1313
114 1495
114 1703
114 1899
114 1954
115 122
115 132
115 139
115 198
115 224
115 250
115 318
115 341
115 344
115 347
115 419
115 719
115 727
115 1235
115 1444
115 1938
116 131
116 157
116 161
116 196
116 251
116 293
116 314
116 414
116 426
116 496
116 564
116 741
116 743
116 821
116 846
116 1260
116 1429
116 1709
116 1836
117 143
117 169
117 208
117 220
117 250
117 266
117 292
117 401
117 424
117 465
117 483
117 490
117 557
117 607
117 754
117 781
117 902
117 1106
117 1123
117 1626
117 1628
118 123
118 178
118 354
118 478
118 709
118 720
118 799
118 814
118 873
118 876
118 920
118 993
118 1078
118 1135
118 1151
118 1410
118 1670
118 1851
118 1929
118 1970
119 170
119 192
119 199
119 215
119 311
119 339
119 423
119 426
119 445
119 589
119 599
119 721
119 983
119 1014
119 1324
119 1574
119 1681
119 1841
119 1943
119 1967
120 131
120 170
120 174
120 179
120 186
120 222
120 263
120 292
120 417
120 420
120 467
120 570
120 715
120 790
120 855
120 970
120 989
120 1128
120 1175
120 1215
120 1238
120 1280
120 1291
120 1360
120 1387
120 1575
120 1643
120 1653
120 1906
120 1942
121 230
121 241
121 297
121 338
121 439
121 571
121 588
121 628
121 649
121 718
121 747
121 833
121 946
121 984
121 1423
121 1618
121 1683
121 1810
122 327
122 352
122 496
122 721
122 819
122 1054
122 1189
122 1417
122 1596
122 1915
123 540
123 605
123 634
123 635
123 669
123 694
123 698
123 757
123 954
123 1192
123 1278
123 1423
123 1511
123 1568
123 1812
123 1838
124 206
124 207
124 479
125 157
125 167
125 210
125 234
125 367
125 425
125 711
125 788
125 920
125 1056
125 1068
125 1137
125 1228
125 1236
125 1308
125 1370
125 1414
125 1571
125 1705
125 1722
125 1740
125 1848
125 1880
125 2006
126 138
126 144
126 153
126 156
126 481
126 725
126 758
126 864
126 897
126 944
126 1145
126 1149
126 1233
126 1268
126 1291
126 1950
127 338
127 374
127 766
127 994
127 1004
127 1320
127 1443
128 150
128 195
128 523
128 604
128 635
128 747
128 835
128 867
128 871
128 899
128 1223
128 1289
128 1418
128 1463
128 1541
128 1553
128 1670
128 1720
128 1739
128 1831
129 182
129 185
129 194
129 296
129 335
129 367
129 494
129 527
129 544
129 556
129 816
129 895
129 927
129 978
129 1073
129 1259
129 1303
129 1398
129 1757
129 1873
129 1992
130 153
130 159
130 324
130 416
130 745
130 947
130 987
130 1120
130 1689
131 144
131 163
131 174
131 177
131 383
131 514
131 707
131 849
131 932
131 1034
131 1144
131 1148
131 1301
131 1402
131 1472
131 1928
131 1933
132 142
132 254
132 285
132 289
132 299
132 421
132 440
132 491
132 518
132 668
132 916
132 1058
132 1080
132 1157
132 1326
132 1422
132 1614
132 1639
132 1940
133 295
133 317
133 328
133 464
133 476
133 704
133 886
133 1016
133 1074
133 1124
133 1207
133 1345
134 394
134 482
134 974
134 1516
134 1579
135 146
135 148
135 202
135 313
135 331
135 578
135 654
135 716
135 773
135 869
135 934
135 1319
135 1360
135 1556
135 1567
135 1755
135 1867
136 140
136 150
136 166
136 203
136 304
136 349
136 439
136 503
136 700
136 791
136 980
136 1046
136 1070
136 1152
136 1243
136 1253
136 1311
136 1359
136 1777
136 1779
136 1867
136 1869
136 2001
137 148
137 622
137 701
137 1335
137 1561
137 1788
138 163
138 180
138 459
138 548
138 628
138 658
138 957
138 967
138 1029
138 1142
138 1241
138 1408
139 147
139 188
139 319
139 338
139 387
139 403
139 834
139 851
139 911
139 949
139 1105
139 1209
139 1245
139 1393
139 1461
139 1470
139 1850
140 151
140 183
140 256
140 346
140 559
140 755
140 804
140 828
140 872
140 875
140 976
140 988
140 1114
140 1359
140 1386
140 1391
140 1433
140 1526
140 1773
140 2007
141 152
141 384
141 422
141 452
141 536
141 746
141 753
141 770
142 158
142 319
142 403
142 513
142 666
142 692
142 769
142 828
142 1362
143 697
143 1073
143 1087
143 1089
143 1146
143 1408
143 1550
143 1695
144 609
144 633
144 726
144 980
144 982
144 1018
144 1221
144 1362
144 1367
144 1562
144 2003
144 2012
145 474
145 972
145 1221
145 1528
145 1628
146 386
146 563
146 834
146 942
146 1306
146 1422
146 1431
146 1837
147 274
147 544
147 582
147 739
147 905
147 945
147 1072
147 1104
147 1167
147 1281
147 1287
147 1322
147 1419
147 1483
147 1555
147 1807
147 1829
147 1968
148 150
148 173
148 246
148 289
148 300
148 470
148 526
148 529
148 554
148 675
148 692
148 851
148 950
148 1008
148 1053
148 1054
148 1071
148 1114
148 1127
148 1139
148 1163
148 1715
148 1758
148 1797
148 1902
148 1979
149 260
149 289
149 390
149 423
149 656
149 809
149 810
149 1254
149 1351
149 1366
149 1593
149 1814
150 167
150 183
150 219
150 485
150 582
150 583
150 601
150 672
150 677
150 758
150 878
150 1095
150 1372
150 1978
150 2009
151 393
151 408
151 467
151 1153
151 1320
151 1335
151 1371
151 1382
151 1507
151 1757
151 1806
151 1870
151 1880
152 181
152 259
152 275
152 610
152 645
152 750
152 756
152 772
152 801
152 963
152 965
152 1312
152 1492
152 1530
152 1680
152 1732
152 1886
152 1909
152 1942
153 234
153 265
153 475
153 513
153 569
153 1015
153 1188
153 1245
153 1273
153 1316
153 1435
153 1794
154 164
154 188
154 213
154 247
154 448
154 573
154 643
154 679
154 715
154 797
154 1294
154 1442
154 1610
155 157
155 172
155 212
155 264
155 375
155 603
155 705
155 795
155 1029
155 1281
155 1379
155 1451
155 1525
156 203
156 208
156 215
156 227
156 244
156 249
156 340
156 394
156 410
156 439
156 481
156 490
156 620
156 760
156 771
156 857
156 887
156 951
156 1012
156 1022
156 1297
156 1318
156 1454
156 1648
156 1657
156 1691
156 1738
156 1779
156 1786
156 1813
156 1866
156 1959
156 1987
157 213
157 236
157 483
157 917
157 1353
157 1471
158 210
158 227
158 235
158 321
158 434
158 468
158 483
158 521
158 643
158 662
158 921
158 1300
158 1394
158 1524
158 1587
158 1604
158 1658
159 189
159 272
159 346
159 520
159 642
159 928
159 992
159 1489
159 1774
159 1811
159 1995
160 276
160 535
160 1109
160 1900
161 282
161 345
161 498
161 522
161 528
161 545
161 1375
161 1392
161 1586
161 1695
161 1734
161 1906
162 181
162 200
162 202
162 208
162 216
162 306
162 357
162 375
162 388
162 427
162 473
162 508
162 549
162 645
162 751
162 881
162 971
162 1026
162 1041
162 1076
162 1078
162 1113
162 1377
162 1531
162 1719
162 1761
162 1794
162 1875
162 1903
163 1243
163 1672
164 448
164 462
164 469
164 569
164 619
164 704
164 741
164 1014
164 1421
164 1435
164 1759
164 1879
164 1956
165 182
165 214
165 218
165 225
165 590
165 699
165 1174
165 1178
165 1244
165 1722
165 1732
165 1857
165 2008
166 244
166 266
166 370
166 372
166 432
166 471
166 547
166 653
166 690
166 807
166 849
166 870
166 911
166 921
166 949
166 1117
166 1205
166 1806
166 1844
167 225
167 242
167 416
167 495
167 663
167 678
167 789
167 935
167 989
167 1155
167 1244
168 169
168 195
168 261
168 553
168 578
168 760
168 768
168 937
168 1085
168 1293
168 1302
168 1447
168 1531
168 1804
168 1944
169 556
169 621
169 1296
169 1456
170 180
170 193
170 353
170 585
170 1064
170 1319
170 1775
171 308
171 348
171 376
171 395
171 421
171 448
171 492
171 586
171 676
171 788
171 840
171 1015
171 1068
171 1179
171 1330
171 1379
171 1629
171 1810
171 1835
172 235
172 239
172 295
172 323
172 330
172 517
172 994
172 1069
172 1168
172 1230
172 1596
172 1631
172 1708
173 397
173 560
173 672
173 860
173 1019
173 1026
173 1741
174 218
174 342
174 348
174 418
174 538
174 606
174 752
174 754
174 855
174 933
174 1089
175 222
175 738
175 922
175 997
175 1330
175 1972
176 183
176 211
176 540
176 1010
176 1711
177 223
177 264
177 352
177 620
177 819
177 1116
177 1609
177 1796
178 265
178 268
178 350
178 366
178 381
178 451
178 456
178 648
178 817
178 922
178 1226
178 1308
178 1348
178 1396
178 1657
178 1860
178 2016
179 199
179 275
179 288
179 325
179 364
179 701
179 762
179 1119
179 1190
179 1316
179 1421
179 1590
179 1733
179 1749
179 2001
180 192
180 211
180 302
180 307
180 348
180 401
180 427
180 1611
180 1612
180 1901
181 187
181 304
181 454
181 464
181 555
181 612
181 646
181 1016
181 1156
181 1408
181 1562
181 1791
182 234
182 238
182 273
182 283
182 452
182 666
182 745
182 748
182 875
182 967
182 1156
182 1205
182 1598
182 1606
182 1739
183 364
183 675
183 690
183 726
183 1176
183 1431
183 1528
184 186
184 206
184 262
184 454
184 485
184 712
184 848
184 1103
184 1856
185 361
185 398
185 453
185 808
185 836
185 939
185 948
185 1703
185 1830
186 221
186 275
186 313
186 355
186 452
186 500
186 584
186 651
186 764
186 996
186 1035
186 1079
186 1793
186 1877
186 1893
186 1936
187 393
187 396
187 858
187 909
187 948
187 1055
187 1075
187 1083
187 1110
187 1627
187 1955
187 2015
188 196
188 214
188 320
188 386
188 523
188 574
188 934
188 1007
188 1267
188 1415
188 1568
188 1686
188 1746
188 1763
188 1773
188 1959
189 336
189 639
189 959
189 999
189 1249
190 253
190 332
190 335
190 1550
191 205
191 206
191 405
191 442
191 530
191 557
191 684
191 893
191 997
191 1205
191 1239
191 1439
191 1480
191 1529
191 1591
191 1679
191 1789
191 1890
192 217
192 219
192 220
192 236
192 274
192 290
192 339
192 379
192 494
192 496
192 498
192 516
192 702
192 729
192 1007
192 1044
192 1104
192 1286
192 1528
192 1589
192 1633
192 1881
193 244
193 252
193 256
193 278
193 412
193 420
193 441
193 478
193 487
193 526
193 544
193 614
193 630
193 631
193 677
193 681
193 698
193 744
193 862
193 865
193 912
193 921
193 955
193 962
193 1037
193 1096
193 1191
193 1255
193 1501
193 1539
193 1549
193 1673
193 1765
193 1783
193 1805
193 1984
194 201
194 361
194 642
194 686
194 1009
194 1375
194 1404
194 1713
194 1835
194 1912
194 1926
195 229
195 240
195 245
195 249
195 300
195 571
195 597
195 634
195 758
195 1134
195 1341
195 1429
195 1497
195 1521
195 1536
195 1610
195 1780
196 252
196 380
196 471
196 858
196 1027
196 1038
196 1258
196 1358
196 1667
196 1824
196 1878
196 2017
197 309
197 496
197 508
197 549
197 588
197 609
197 690
197 773
197 793
197 966
197 1011
197 1049
197 1107
197 1347
197 1455
197 1551
198 210
198 333
198 378
198 841
198 866
198 939
198 1131
198 1229
198 1921
199 292
199 360
199 409
199 603
199 692
199 904
199 1253
199 1547
199 1852
200 262
200 364
200 368
200 552
200 568
200 872
200 908
200 923
200 1213
200 1303
200 1706
200 1768
200 1776
200 1834
200 1931
201 209
201 212
201 217
201 238
201 243
201 275
201 306
201 351
201 365
201 384
201 397
201 543
201 570
201 617
201 638
201 712
201 722
201 773
201 796
201 903
201 955
201 966
201 1163
201 1407
201 1412
201 1432
201 1602
202 421
202 431
202 433
202 439
202 443
202 490
202 560
202 569
202 882
202 1048
202 1055
202 1103
202 1202
202 1313
202 1488
202 1641
202 1731
203 225
203 316
203 486
203 633
203 661
203 698
203 1638
203 1838
204 308
204 352
204 522
204 537
204 979
204 1687
205 258
205 279
205 319
205 326
205 351
205 441
205 450
205 635
205 648
205 996
205 1060
205 1178
205 1183
205 1303
205 1395
205 1631
205 1842
205 1966
206 371
206 612
206 933
206 952
206 1065
206 1729
206 1930
207 310
207 337
207 566
207 740
207 747
207 950
207 1287
207 1479
208 219
208 361
208 366
208 442
208 674
208 809
208 874
208 1814
208 1949
209 451
209 581
209 1026
209 1181
210 229
210 284
210 561
210 606
210 708
210 949
210 1099
210 1326
210 1381
210 1436
211 365
211 440
211 494
211 1028
211 1136
211 1268
211 1391
211 1396
211 1702
212 282
212 422
212 444
212 611
212 747
212 975
212 994
212 1206
212 1510
212 1525
212 1758
213 423
213 430
213 952
213 1658
214 262
214 310
214 417
214 481
214 545
214 1550
215 292
215 629
215 639
215 767
215 855
215 1090
216 254
216 652
216 876
216 887
216 1170
216 1397
217 500
217 695
217 768
217 996
217 1032
217 1035
217 1177
217 1635
217 1812
217 1821
218 541
219 300
219 377
219 551
219 1003
219 1483
219 1504
219 1741
220 488
220 641
220 716
220 744
220 900
220 908
220 1049
220 1808
220 1821
221 239
221 281
221 388
221 1424
222 263
222 1403
222 1917
223 228
223 265
223 355
223 382
223 432
223 450
223 514
223 570
223 579
223 591
223 643
223 776
223 845
223 881
223 990
223 1041
223 1082
223 1189
223 1417
223 1538
223 1615
223 1641
223 1712
223 1724
223 1945
224 261
224 342
224 417
224 615
224 623
224 739
224 817
224 891
224 961
224 998
224 1484
225 258
225 310
225 369
225 372
225 386
225 489
225 509
225 592
225 756
225 1267
225 1289
225 1473
225 1674
225 1766
225 1899
226 336
226 693
226 722
226 964
226 1258
226 1406
226 1505
226 1543
226 1650
226 1973
227 264
227 470
227 472
227 739
227 756
227 1126
227 1704
228 301
228 343
228 404
228 510
228 529
228 642
228 1029
228 1102
228 1188
228 1554
228 1889
229 262
229 427
229 525
229 601
229 786
229 904
229 952
229 1164
229 1342
229 1455
229 1630
229 1633
229 1689
229 1816
230 233
230 274
230 340
230 360
230 417
230 449
230 509
230 724
230 754
230 760
230 803
230 967
230 981
230 1106
230 1246
230 1275
230 1328
230 1484
230 1531
230 1583
230 1587
230 1638
230 1656
230 1678
230 1971
231 293
231 434
231 495
231 533
231 570
231 600
231 720
231 772
231 795
231 798
231 815
231 913
231 1084
231 1171
231 1433
231 1468
231 1725
231 1901
232 463
232 706
232 800
232 860
232 915
232 972
232 989
232 1208
232 1385
232 1585
232 1672
232 1689
232 1789
233 549
233 558
233 646
233 650
233 668
233 776
233 793
233 967
233 1182
233 1703
233 1704
233 1820
233 1971
233 1990
234 269
234 1604
234 1807
235 888
235 986
235 1357
235 1622
235 1916
236 394
236 566
236 717
236 1067
236 1138
236 1345
236 1933
237 302
237 321
237 376
237 504
237 580
237 621
237 639
237 1051
237 1068
237 1166
237 1198
237 1237
237 1527
237 1676
237 1766
238 322
238 418
238 454
238 493
238 777
238 877
238 968
238 987
238 1216
238 1262
238 1279
238 1365
238 1419
238 1437
238 1479
238 1516
238 1728
239 255
239 314
239 359
239 694
239 860
239 937
239 1037
239 1111
239 1784
239 1885
239 1957
240 335
240 346
240 351
240 393
240 451
240 667
240 860
240 1005
240 1379
240 1401
240 1616
240 1658
240 1910
241 319
241 328
241 503
241 517
241 644
241 824
241 989
241 1202
241 1239
241 1420
241 1777
242 370
242 404
242 1117
242 1154
242 1785
242 1905
243 248
243 270
243 440
243 471
243 656
243 676
243 880
243 985
243 1126
243 1205
243 1357
243 1363
243 1923
244 289
244 362
244 564
244 575
244 640
244 665
244 775
244 956
244 1046
244 1092
244 1160
244 1239
244 1268
244 1271
244 1757
244 1862
244 1883
245 750
245 1420
245 1471
245 1745
246 270
246 307
246 475
246 862
246 874
246 990
246 1141
246 1173
246 1513
246 1566
246 1816
247 1169
247 1228
247 1467
247 1522
248 326
248 519
248 696
248 760
248 1578
248 1953
248 2017
249 366
249 423
249 634
249 721
249 1034
249 1065
249 1314
249 1623
249 1716
249 1876
250 345
250 471
250 695
250 850
250 1003
250 1074
250 1099
250 1126
250 1186
250 1195
250 1373
250 1421
250 1595
250 1656
251 276
251 608
251 1130
251 1370
252 440
252 443
252 546
252 705
252 749
252 1071
252 1105
252 1180
252 1465
253 538
253 813
253 1190
253 1652
253 1750
253 1953
254 806
254 900
254 1369
254 1670
254 1808
255 546
255 697
255 728
255 745
255 944
255 1368
255 1467
255 1857
255 1911
255 1923
256 389
256 425
256 868
256 1045
256 1899
256 1984
257 311
257 336
257 358
257 646
257 710
257 829
257 830
257 948
257 991
257 995
257 1326
257 1596
257 1617
257 1845
257 1969
258 314
258 353
258 354
258 382
258 1047
258 1082
258 1129
258 1136
258 1326
258 1790
259 1054
259 1786
259 1908
260 333
260 435
260 489
260 604
260 688
260 843
260 898
260 1198
260 1262
260 1288
260 1315
260 1407
260 1555
260 1823
260 1997
261 400
261 474
261 589
261 687
261 834
261 952
261 1091
261 1111
261 1339
261 1993
262 310
262 367
262 426
262 454
262 1134
262 1563
262 1719
263 266
263 312
263 451
263 790
263 851
263 894
263 903
263 1093
263 1254
263 1552
263 1820
263 1892
264 286
264 558
264 580
264 604
264 956
264 1935
265 331
265 344
265 349
265 369
265 444
265 550
265 900
266 525
266 1333
267 279
267 334
267 407
267 426
267 480
267 632
267 771
267 778
267 842
267 944
267 959
267 1001
267 1493
267 1519
267 1631
267 1716
268 269
268 295
268 488
268 490
268 498
268 518
268 528
268 544
268 557
268 631
268 949
268 984
268 1290
268 1619
268 1853
269 275
269 290
269 515
269 549
269 909
269 968
269 1118
269 1161
269 1334
269 1645
269 1717
270 274
270 546
270 573
270 610
270 691
270 1047
270 1108
270 1300
270 1951
271 349
271 676
271 761
271 762
271 800
271 812
271 1809
272 339
272 359
272 624
272 742
272 782
272 866
272 1078
272 1152
272 1200
272 1237
272 1382
272 1917
273 640
273 706
273 1047
273 1052
273 1143
273 1241
273 1764
274 1072
274 1986
275 346
275 375
275 397
275 514
275 681
275 685
275 734
275 779
275 804
275 826
275 997
275 1125
275 1187
275 1541
275 1698
275 1827
275 1875
276 286
276 400
276 437
276 670
276 727
276 767
276 900
276 1049
276 1196
276 1261
276 1750
276 1972
277 343
277 461
277 505
277 1222
278 325
278 331
278 344
278 371
278 444
278 513
278 536
278 587
278 619
278 681
278 828
278 1228
278 1518
278 1750
278 1850
279 599
279 821
279 906
279 1125
279 1206
279 1265
279 1549
279 1724
280 294
280 300
280 354
280 359
280 397
280 461
280 489
280 497
280 507
280 552
280 559
280 561
280 592
280 611
280 715
280 751
280 798
280 859
280 969
280 1003
280 1246
280 1251
280 1323
280 1365
280 1401
280 1566
280 1598
280 1637
280 1692
280 1765
280 1790
280 1876
280 1944
281 297
281 352
281 362
281 575
281 696
281 1176
281 1189
281 1262
281 1275
281 1298
281 1423
281 1499
281 1523
282 431
282 498
282 1996
283 408
283 431
283 580
283 581
283 755
283 847
283 906
283 909
283 1131
283 1150
283 1201
283 1209
283 1231
283 1279
283 1518
283 1532
283 1962
284 321
284 370
284 384
284 388
284 847
284 938
284 1240
284 1740
284 1782
284 1919
284 1980
285 286
285 378
285 481
285 1223
285 1410
285 1424
285 1871
286 288
286 632
286 651
286 853
286 1091
286 1112
286 1312
286 1342
286 1523
286 1644
287 444
287 447
287 491
287 741
287 807
287 910
287 1066
287 1370
287 1491
287 1812
288 316
288 344
288 397
288 415
288 565
288 589
288 627
288 761
288 772
288 837
288 878
288 896
288 1117
288 1176
288 1251
288 1302
288 1322
288 1340
288 1348
288 1363
288 1465
288 1534
288 1607
288 1688
288 1837
288 1854
288 1901
289 347
289 559
289 781
289 1352
289 1451
290 396
290 442
290 573
290 1188
291 537
291 1434
291 1574
292 388
292 425
292 457
292 533
292 575
292 1369
292 1597
292 1791
293 345
293 437
293 561
293 908
293 1809
294 357
294 398
294 563
294 684
294 822
294 1405
294 1511
294 1581
294 1827
295 521
295 616
295 668
295 865
295 943
295 1072
296 324
296 477
296 558
296 661
296 1218
296 2004
297 362
297 1173
297 1570
298 318
298 391
298 1771
298 1778
299 519
299 631
299 835
299 1752
300 1137
300 1643
301 571
301 1198
303 305
303 456
303 494
303 510
303 576
303 829
303 893
303 895
303 1040
303 1229
303 1687
303 1829
303 1833
304 334
304 390
304 407
304 453
304 509
304 732
304 994
304 1671
304 1889
304 1933
305 356
305 384
305 414
305 422
305 663
305 665
305 1077
305 1473
305 1520
305 1878
306 327
306 329
306 553
306 577
306 834
306 990
306 1364
306 1501
306 1548
306 1588
306 1656
307 340
307 358
307 1332
307 1895
308 441
308 541
308 718
308 1083
308 1167
308 1226
308 1278
308 1488
308 1622
309 431
309 971
309 1089
309 1134
309 1386
309 1472
309 1747
310 399
310 438
310 492
310 1039
310 1441
310 1460
310 1496
310 1687
310 1764
311 600
311 650
311 842
311 1174
311 1581
311 1695
312 453
312 461
312 533
312 933
312 1660
312 1809
313 332
313 428
313 664
313 1366
313 1397
313 1407
313 1508
313 1524
314 506
315 387
315 444
315 480
315 605
315 687
315 1021
315 1139
315 1483
315 1486
315 1539
315 1622
315 1637
315 1932
316 351
316 372
316 646
316 1215
316 1439
316 1672
316 2013
317 1714
318 366
318 794
318 1041
318 1142
318 1402
319 761
319 1185
319 1372
319 1422
319 1759
320 412
320 467
320 625
320 722
320 847
320 1151
320 1261
320 1375
320 1892
321 325
321 621
321 1552
321 1792
323 1429
324 334
324 704
324 976
325 734
325 781
325 786
325 1164
325 1321
326 348
326 405
326 765
326 996
326 1241
326 1349
326 1580
326 1745
326 1946
327 339
327 407
327 542
327 554
327 629
327 832
327 1124
327 1436
327 1567
327 1660
327 1779
327 1958
328 901
328 922
328 1017
328 1509
328 1649
328 1992
328 2018
329 380
329 519
329 675
329 791
329 986
329 998
329 1119
329 1195
329 1263
329 1490
329 1821
329 1872
329 1920
330 340
330 713
330 1855
330 1991
331 714
331 871
331 1113
331 1264
331 1275
331 1277
331 1785
332 381
332 410
332 693
332 695
332 735
332 894
332 1186
333 363
333 564
333 571
333 799
333 941
333 1076
333 1312
333 1447
333 1661
333 1766
334 413
334 467
334 515
334 1020
334 1255
334 1277
334 1447
334 1458
334 1609
334 1651
334 1884
334 2017
335 350
335 361
335 1115
335 1374
335 1492
335 1866
336 389
336 541
336 593
336 1257
336 1304
337 343
337 383
337 458
337 484
337 512
337 528
337 753
337 1051
337 1420
337 1765
337 1892
338 361
338 455
338 1301
338 1916
339 347
339 392
339 572
339 602
339 938
339 1341
339 1575
339 1687
340 342
340 542
340 650
340 789
340 1064
340 1319
340 1530
340 1952
341 541
341 1301
341 1577
341 1620
341 1760
341 1908
342 925
342 1999
343 1127
343 1503
343 1508
343 1613
344 441
344 585
344 1505
344 1604
345 911
345 1063
345 1314
345 1484
345 1923
346 687
346 866
346 1819
347 755
347 768
347 795
347 963
347 1002
347 1092
347 1565
348 815
348 896
348 1153
348 1420
348 1459
348 1738
348 1798
349 463
349 586
349 1228
349 1244
350 572
350 687
350 965
350 1160
350 1397
350 1409
350 1523
350 1667
350 1674
350 1743
351 483
351 719
351 783
351 792
351 1033
351 1274
351 1609
352 355
352 665
352 853
352 1114
352 1718
352 1735
352 1785
352 2008
353 575
353 796
353 1338
354 1063
354 1125
354 1259
355 530
355 532
355 1673
355 1905
356 1714
357 394
357 1056
357 1141
357 1206
357 1294
357 1321
357 1428
357 1819
357 1913
358 759
358 791
358 840
358 1001
358 1656
358 1972
359 490
359 596
359 671
359 845
359 888
359 890
359 914
359 916
359 1032
359 1066
359 1332
359 1465
359 1923
360 398
360 537
360 772
360 1282
360 1304
360 1839
361 411
361 479
361 567
361 837
361 915
361 955
361 1572
361 1738
362 496
362 553
362 565
362 741
362 774
362 1001
362 1197
362 1411
363 1362
363 1502
363 1639
364 638
364 648
364 899
364 970
364 1081
365 608
365 657
365 792
365 830
365 839
365 1024
365 1095
365 1374
365 1462
365 1554
365 1711
365 1917
367 449
367 489
367 491
367 795
367 894
367 904
367 920
367 1300
367 1418
367 1807
368 708
368 947
368 1168
368 1771
368 1837
369 468
369 674
369 775
369 820
369 850
369 918
369 1573
369 1755
370 445
370 636
370 720
370 1115
370 1187
370 1377
371 377
371 415
371 474
371 512
371 711
371 846
371 877
371 947
371 1135
371 1156
371 1264
371 1270
371 1307
371 1330
371 1743
371 2015
372 598
372 631
372 743
372 1607
373 568
373 880
373 962
373 1341
373 1369
374 380
374 576
374 615
374 956
374 1165
374 1427
374 1967
375 644
375 1175
375 1278
375 1280
375 1508
375 1588
375 1852
375 1957
377 575
377 1111
377 1978
378 1211
378 1486
378 1693
379 455
379 534
379 681
379 748
379 751
379 779
379 982
379 989
379 1136
379 1190
379 1208
379 1536
380 395
380 511
380 657
380 1105
380 1145
380 1403
380 1516
380 1991
381 419
381 660
381 696
381 1135
381 1292
381 1338
381 1723
381 1925
381 2009
382 405
382 542
382 596
382 1194
383 720
383 794
383 1212
383 1270
383 1686
383 1849
384 1470
384 1630
384 1684
385 412
385 530
385 539
385 925
385 1104
385 1412
385 1542
385 1756
385 1867
386 540
386 768
386 812
386 974
386 1000
386 1525
386 1686
387 655
387 811
387 1143
387 1740
388 400
388 516
388 587
388 604
388 1157
388 1177
388 1911
389 511
389 520
389 642
389 656
389 711
389 841
389 849
389 853
389 863
389 919
389 1279
389 1307
389 1323
389 1328
389 1426
389 1624
389 1726
389 1907
389 1979
390 402
390 436
390 645
390 702
390 1000
390 1025
390 1035
390 1058
390 1183
390 1794
390 1820
390 1922
390 1956
391 563
391 912
391 1521
391 1738
392 442
392 630
392 723
392 799
392 802
392 1079
392 1121
392 1151
392 1310
392 1363
392 1422
392 1519
392 1594
392 1609
392 1645
392 1655
392 1814
392 2006
393 461
393 884
394 409
394 437
394 641
394 1240
394 1922
395 448
395 539
395 933
395 1179
395 1243
395 1249
395 1252
395 1662
395 1772
396 403
396 746
396 972
397 507
397 636
397 699
397 767
397 997
397 1056
397 1099
397 1211
397 1229
397 1315
397 1354
397 1435
397 1598
397 1606
397 1630
397 1819
397 1855
397 1884
398 682
398 1364
398 1539
398 1685
398 1990
399 548
399 554
399 729
399 1067
399 1518
399 1833
399 1943
400 666
400 1061
400 1100
400 1309
400 1373
400 1448
400 1452
400 1809
401 403
401 409
401 567
401 803
401 901
401 953
401 1673
402 538
402 620
402 884
402 946
402 1507
402 1517
402 1617
403 432
403 725
403 1454
403 1485
403 1611
404 1426
405 477
405 553
405 723
405 805
405 1071
405 1776
405 1787
406 515
406 653
406 1149
406 1196
406 1246
406 1639
406 1941
407 452
407 518
407 916
407 1240
407 1813
407 1902
407 1913
408 654
408 658
408 728
408 827
408 1328
408 1680
408 1736
408 1812
408 1964
409 509
409 531
409 636
409 679
409 722
409 735
409 867
409 1111
409 1176
409 1456
409 1659
409 1820
409 1857
410 505
410 682
410 821
410 848
410 1167
410 1175
411 502
411 1282
411 1519
412 1113
412 1391
412 1435
412 1471
412 1643
412 1708
413 523
413 555
413 785
413 817
413 914
413 1093
413 1241
413 1533
413 2018
414 446
414 504
414 601
414 717
414 824
414 829
414 1161
414 1168
414 1489
415 621
415 869
415 875
415 1552
415 1693
415 1836
415 1860
416 733
416 1273
416 1335
416 1447
416 1830
417 615
417 713
417 779
417 888
417 985
417 1180
417 1339
417 1383
417 1438
417 1492
418 705
418 1286
418 1699
419 738
419 1003
419 1943
419 2005
420 445
420 469
420 577
420 662
420 809
420 1404
420 1651
421 576
421 621
421 988
421 1038
422 627
422 684
422 1008
422 1480
422 1765
422 1830
423 466
423 497
423 512
423 722
423 731
423 1001
423 1083
423 1182
423 1218
423 1300
423 1438
423 1747
423 1945
424 455
424 593
424 770
424 771
424 1070
424 1354
424 1694
425 616
425 744
425 784
425 907
425 1084
425 1085
425 1199
425 1211
425 1570
425 1736
425 1856
425 1904
425 1954
426 624
426 1142
426 1283
426 1522
426 1723
426 1854
427 657
427 802
427 1035
427 1276
427 1324
427 1537
427 1660
427 1964
428 808
428 856
428 1132
428 1165
428 1352
428 1372
429 436
429 437
429 657
429 660
429 727
429 926
429 973
429 1041
429 1173
429 1554
429 1899
430 473
430 820
430 1130
430 1245
431 1620
432 600
432 707
432 780
432 973
432 1031
432 1062
432 1130
432 1324
432 1446
432 1856
433 434
433 660
433 719
433 871
433 1162
433 1298
433 1551
433 1801
433 1818
433 1832
433 1881
434 457
434 736
434 905
434 968
435 508
435 625
435 949
435 1069
435 1076
435 1232
435 1475
435 1490
436 664
436 806
436 1190
436 1862
437 885
437 905
437 1470
437 1891
438 460
438 609
438 653
438 756
438 769
438 777
438 1023
438 1090
438 1108
438 1144
438 1262
438 1470
438 1474
438 1800
438 1847
439 519
439 541
439 548
439 562
439 678
439 777
439 831
439 1144
439 1169
439 1421
439 1691
440 445
440 771
440 1619
440 1755
440 1907
441 729
441 1147
441 1413
441 1572
442 513
442 535
442 1087
442 1264
442 1397
442 1448
442 1713
443 453
443 511
443 729
443 738
443 868
443 883
443 1115
443 1234
443 1474
443 1764
443 1858
444 924
444 961
445 778
445 840
445 936
445 998
445 1047
445 1178
445 1662
445 1882
446 880
446 1053
446 1764
446 1825
447 740
447 827
447 835
447 844
447 856
447 861
447 901
447 1758
447 1813
448 835
448 841
448 941
448 991
448 1083
448 1088
448 1287
448 1490
448 1587
448 1729
448 1739
449 595
449 610
449 641
449 1358
449 1527
450 719
450 809
450 849
450 890
450 1174
450 1825
450 1969
451 510
451 550
451 794
451 948
451 1611
452 702
452 712
452 872
452 955
452 1173
452 1187
452 1662
453 719
453 1442
453 1485
453 1705
454 499
454 594
454 1235
454 1772
455 1389
455 1822
456 474
456 1018
456 1393
456 1578
457 551
457 640
457 659
457 1060
457 1500
457 1546
457 1600
458 667
458 1306
459 1256
460 652
460 1051
460 1086
460 1307
460 1353
460 1610
460 1612
461 566
461 749
461 893
461 1601
461 1815
461 1837
462 853
462 1019
462 1309
463 844
464 569
464 579
464 1227
464 1501
464 1544
464 1872
464 1948
465 763
465 918
465 1057
465 1318
465 1576
465 1695
466 477
466 520
466 629
466 942
466 1255
466 1665
466 1693
467 479
467 617
467 905
467 1122
467 1131
467 1155
467 1252
467 1297
467 1515
467 1688
467 1728
468 749
468 840
468 1077
468 1192
469 1013
469 1045
470 565
470 683
470 916
470 1231
470 1350
470 1388
470 1458
470 1869
470 1965
471 615
471 742
471 801
471 1182
471 1664
472 895
472 1481
473 479
473 531
473 636
473 797
473 824
473 842
473 877
473 885
473 1075
473 1291
473 1808
474 718
474 774
474 914
474 1894
475 1153
475 1409
476 564
476 655
476 812
476 831
476 845
476 859
476 1352
476 1902
476 1965
477 818
477 1018
477 1227
478 569
479 784
479 931
479 1118
479 1119
479 1590
480 556
480 736
480 1187
480 1216
481 1045
481 1197
481 1579
481 1866
482 588
482 709
482 876
482 920
482 1090
482 1356
482 1940
483 501
483 789
483 1127
483 1141
483 1624
483 1697
483 1904
484 888
484 936
484 1097
484 1547
485 631
485 1466
485 1509
485 1920
485 1966
486 532
486 742
486 759
486 1117
486 1132
486 1350
486 1539
486 1644
486 1995
487 514
487 709
487 1041
487 1217
487 1258
487 1687
487 1893
488 978
488 1069
488 1191
488 1389
489 597
489 610
489 612
489 793
489 870
489 897
489 1104
489 1167
489 1763
489 1797
490 557
490 778
490 833
490 997
490 998
490 1049
491 937
491 1223
492 505
492 546
492 625
492 662
492 1224
492 1367
492 1874
492 2010
493 545
493 898
493 903
493 926
493 958
493 999
493 1146
493 1958
494 743
494 891
494 913
494 1251
495 828
495 837
495 1243
495 1404
496 647
496 1152
496 1694
497 522
497 530
497 547
497 583
497 861
497 963
497 1170
497 1449
498 649
499 701
499 1040
499 1808
499 1894
500 771
500 925
500 1107
500 1294
500 1552
500 1640
500 1848
500 1885
500 1989
501 740
501 825
501 830
501 1124
501 1345
501 1663
501 1875
502 567
502 780
502 885
502 894
502 1020
502 1139
502 1171
502 1378
503 504
504 1225
504 1672
504 1963
505 559
505 726
505 1250
505 1431
506 518
506 527
506 596
506 1064
506 1663
506 1976
507 521
507 731
507 777
507 1300
507 1317
507 1730
508 750
508 1020
508 1024
509 686
509 1242
509 1286
509 1642
510 677
510 831
510 1010
510 1161
510 1803
510 1834
510 1873
511 1012
511 1949
511 1964
512 517
512 688
512 1284
512 1676
512 1950
514 965
515 1050
516 1129
516 1467
517 762
517 1338
517 1341
518 617
518 784
518 848
518 863
518 1219
518 1473
518 1795
518 1821
518 1826
519 623
519 658
519 883
519 1055
521 572
521 721
521 826
521 1094
521 1136
521 1316
521 1444
521 1804
522 1157
522 1210
522 1813
523 673
523 808
523 829
523 1074
523 1580
525 545
525 753
525 790
525 922
525 930
525 1296
525 1448
526 1011
526 1313
526 1858
527 532
527 592
527 640
527 691
527 827
527 1025
527 1158
527 1393
527 1428
527 1502
528 714
528 983
528 1044
528 1057
528 1198
528 1662
528 1795
529 751
529 882
529 919
529 1663
529 1766
529 1984
530 612
530 632
530 1625
530 1718
530 1950
531 619
531 681
531 1537
532 647
532 680
532 718
532 760
532 1014
532 1037
532 1316
532 1591
532 1783
532 1903
532 1968
532 2016
533 664
533 800
533 1336
533 1665
534 598
534 663
534 697
534 813
534 1122
534 1650
534 1689
534 1883
535 942
535 978
535 994
535 1203
535 1317
536 852
536 1640
536 1745
537 804
537 953
537 1016
537 1424
538 795
538 1181
538 1930
538 1980
539 813
539 832
539 863
539 1000
539 1515
539 1740
539 1826
540 562
540 1075
541 770
541 825
541 1490
541 1896
542 926
542 941
542 1234
542 1797
543 1452
544 1095
544 1327
545 848
545 1102
545 1287
546 586
546 638
546 685
546 709
546 730
546 918
546 1010
546 1050
546 1055
546 1061
546 1134
546 1310
546 1353
546 1357
546 1373
546 1381
546 1611
547 605
547 1066
547 1482
547 1714
547 1739
547 1910
548 1466
548 1653
549 788
549 1236
549 1247
549 1718
549 1851
549 1897
549 1913
550 555
550 693
550 725
550 788
550 1624
550 1637
551 627
552 657
552 1760
552 1773
552 1877
553 622
553 1276
553 1334
553 1521
553 1529
554 699
554 821
554 1208
554 1425
554 1729
555 1145
555 1376
555 1464
555 1787
555 1939
555 1981
556 583
556 923
556 1208
556 1264
556 1625
556 1688
557 713
557 1682
557 1734
557 1839
557 2004
558 805
558 1027
558 1286
558 1534
558 1793
559 1815
560 562
560 716
560 805
560 1021
560 1082
561 960
561 1847
562 583
562 597
562 978
562 1084
562 1200
562 1212
562 1580
563 655
563 1085
563 1174
563 1233
563 1497
563 1503
563 1605
563 1612
563 1715
563 1906
564 620
564 1234
564 2008
565 802
565 1330
565 1957
566 1165
566 1501
566 1582
566 1626
566 1654
566 1898
566 1900
567 584
567 685
567 853
567 1486
567 1549
568 670
568 673
568 1636
568 1950
569 867
569 1062
569 1073
569 1138
569 1194
569 1979
570 577
570 634
570 919
570 979
570 1775
571 592
571 689
571 881
571 1174
571 1215
571 1451
572 669
572 798
572 1129
572 1274
572 1744
573 814
573 861
573 1140
573 1146
573 1792
574 602
575 782
575 1355
575 1682
576 639
576 670
576 748
576 1004
576 1299
576 1309
576 1432
577 1006
577 1061
577 1065
577 1274
577 1518
578 796
578 1067
578 1152
578 1169
578 1811
578 1838
579 644
579 1009
579 1013
579 1084
579 1483
580 765
581 623
581 1129
581 1216
581 1322
581 1528
581 1748
582 666
582 728
582 936
582 1068
582 1132
582 1677
582 1947
583 671
583 1389
583 1991
583 2011
584 1133
584 1716
584 1950
585 1283
585 1333
585 1553
587 928
587 951
587 1033
587 1101
587 1491
587 1592
588 780
588 1843
589 643
589 763
589 808
589 899
589 914
589 934
589 1123
589 1133
589 1163
589 1285
589 1381
589 1515
589 1727
589 1844
589 1945
590 884
590 923
590 1106
590 1120
590 1318
590 1485
590 1557
590 1560
590 1907
590 1940
591 734
591 740
591 825
591 836
591 935
591 975
591 1670
591 1684
592 838
592 919
592 1018
592 1864
592 1964
593 660
593 738
593 1007
593 1118
593 1220
593 1593
594 618
594 717
594 757
594 1250
595 626
595 852
595 889
595 1491
596 607
596 1692
596 1794
597 606
597 664
597 826
597 1123
597 1358
597 1784
597 1997
598 766
598 1120
598 1159
599 632
599 1464
599 1584
600 675
600 749
600 1424
600 1800
601 778
601 869
601 1681
602 1145
602 1192
602 1576
602 1903
603 802
603 922
603 1009
603 1865
604 1266
604 1404
605 774
605 1166
606 792
606 1457
606 1552
606 1974
606 2011
607 1128
607 1359
607 1690
608 676
609 724
609 1105
609 1207
609 1987
610 639
610 679
610 1557
610 1660
610 1858
611 1109
611 1126
611 1139
611 1162
611 1227
611 1576
611 1616
611 1659
613 1168
613 1266
613 1934
613 1942
614 780
614 882
615 1504
615 1635
615 1695
616 895
616 988
616 1151
616 1402
616 1414
616 1746
617 940
617 1051
617 1573
618 787
618 941
618 1197
618 1480
619 735
619 1223
620 790
620 1478
620 1842
620 1937
622 663
622 1372
622 1647
623 707
623 837
623 1081
623 1774
624 1092
624 1291
624 1569
624 1660
624 1829
624 1875
625 854
625 870
625 1290
625 1685
625 1910
626 1122
627 1154
627 1783
628 745
628 828
628 1011
628 1017
628 1261
628 1725
629 747
629 1192
629 1269
629 1290
629 1990
630 1059
630 1669
631 1582
632 844
632 868
632 912
632 1122
632 1429
632 2003
633 735
633 896
633 1052
633 1173
633 1364
633 1499
633 1554
633 1593
633 1642
633 1762
633 1838
633 1986
634 818
634 881
634 1082
634 1329
634 1465
635 690
635 1347
635 2004
636 1013
636 1383
637 638
637 1478
637 1556
637 1650
638 890
638 898
638 913
638 1214
638 1388
638 1592
638 1783
639 701
639 1086
639 1925
640 1458
640 1467
640 1476
641 700
641 770
641 825
641 985
641 1100
641 1367
641 1915
642 649
642 685
642 816
642 1015
643 990
643 1369
643 1874
644 1008
644 1191
644 1567
645 717
645 785
645 1025
645 1318
645 1654
645 1761
646 902
646 1175
646 1633
646 1801
647 804
647 974
647 979
647 1521
648 764
648 799
648 1317
648 1568
648 1756
649 724
649 1266
649 2003
650 698
650 1214
650 1710
651 1147
651 1320
653 817
654 770
654 977
654 1742
655 1214
655 1441
655 1450
655 1458
655 1984
656 1016
656 1527
657 746
657 751
657 1325
657 1599
657 1774
658 832
658 890
658 1247
658 1536
658 1634
659 2015
660 778
660 896
660 968
660 1541
660 1919
661 674
661 678
661 816
661 836
661 1724
662 697
662 766
662 807
662 1216
662 1365
662 1730
663 951
663 1343
663 1895
663 1912
664 798
664 1739
664 1938
665 815
665 1023
666 812
666 844
666 1186
666 1405
666 1542
666 1736
667 928
667 1121
667 1702
668 953
668 1600
668 1849
669 781
669 1177
669 1528
669 1767
669 2006
670 1204
670 1507
670 1617
672 680
672 1203
672 1499
673 677
673 683
673 1011
673 1169
673 1424
673 1951
674 774
674 875
674 917
674 1030
674 1214
674 1563
674 1883
674 2002
675 1204
676 696
676 803
676 1023
676 1432
676 1730
677 1167
678 749
678 877
678 1251
678 1259
679 1969
680 844
680 907
680 1419
681 703
681 1897
682 969
682 1087
682 1180
682 1199
682 1811
683 1337
683 1846
684 943
685 1039
685 1329
685 1331
685 1457
685 1507
685 1537
685 1549
685 1712
685 1733
685 1735
685 1918
686 832
686 1253
687 819
687 993
687 1193
687 1376
687 1605
687 1941
689 799
690 942
691 886
691 1273
691 1327
691 1423
691 1548
691 1842
692 865
692 1349
693 1821
694 865
694 938
694 1005
694 1343
694 1859
695 1128
695 2013
697 884
698 931
699 783
699 986
699 1082
699 1190
699 1603
699 1691
699 2009
700 995
700 1237
700 1565
700 1690
700 1712
700 1733
701 702
701 767
703 714
703 1040
703 1239
703 1558
703 1727
703 1920
704 725
704 1178
704 1252
704 1258
705 1323
706 1372
706 1607
707 1753
707 1868
707 1880
708 715
708 779
708 1505
708 1793
709 823
709 1004
709 1269
709 1366
710 1404
711 864
711 897
711 903
711 1563
712 718
712 1285
712 1795
713 729
713 1446
713 1476
713 1545
713 1955
714 1625
714 1866
715 1350
716 736
716 765
716 1131
718 821
718 1894
719 738
719 874
719 924
719 1229
719 1455
720 1265
720 1351
721 1305
722 726
722 916
724 1013
724 1201
724 1288
724 1333
724 1965
725 791
725 1299
726 2012
727 782
727 788
727 842
727 857
727 1117
727 1270
728 755
728 927
728 1636
728 1856
729 1411
729 1533
730 810
730 1230
730 1362
730 1505
731 1118
731 1434
731 1749
732 1284
732 1484
732 1947
733 794
733 1091
733 1430
734 769
735 800
735 864
735 1632
736 1674
736 1823
737 819
737 1049
737 1220
738 995
738 1977
739 932
740 1039
740 1925
740 1967
741 1592
742 872
742 884
742 1017
742 1471
742 1729
743 954
743 1815
743 1982
744 920
744 1020
744 1021
744 1034
744 1127
744 1472
744 1648
744 1737
744 1919
744 1989
744 2018
745 1427
745 1487
745 1931
746 918
746 1089
746 1162
746 1707
746 1949
747 973
747 1693
748 1012
748 1349
748 1370
748 1459
748 1682
748 1753
748 1859
749 1164
749 1980
750 946
751 854
751 1582
751 1669
752 2005
753 789
753 977
753 1089
753 1389
753 1863
753 2013
754 1398
755 1328
756 1191
756 1196
756 1220
756 1288
756 1525
757 789
757 860
757 1228
757 1440
757 1999
757 2000
758 924
758 1351
758 1427
758 1481
758 1523
758 1970
758 1987
759 786
759 1674
759 1931
760 1767
761 787
761 1133
761 1186
761 1759
761 1934
762 964
762 1000
762 1026
762 1125
762 1319
762 1410
762 1710
762 1963
762 1988
763 893
764 841
764 858
764 957
764 1166
764 1170
764 1482
765 976
765 1140
766 1394
767 1809
768 814
768 1150
768 1926
768 1939
770 1053
770 1652
771 1124
771 1887
771 1935
772 855
772 962
772 1756
772 1872
773 927
773 1107
773 1227
773 1961
774 1106
774 1108
774 1270
774 1958
775 845
775 1078
775 1743
775 1944
777 1184
777 1188
777 1267
777 1434
777 1788
778 846
778 924
778 1094
778 1590
779 832
779 923
779 1962
780 1416
780 1506
781 1392
781 1708
781 1754
782 1637
782 1742
782 1974
783 1225
784 1263
785 1245
785 1508
785 1975
786 1042
786 1143
786 1206
786 1212
786 1233
786 1472
786 2017
787 843
787 1302
787 1515
788 889
788 1738
789 992
789 1114
789 1631
790 873
790 1270
790 1293
790 1734
790 1746
793 826
793 1182
793 1238
793 1399
793 1453
794 806
794 1086
795 827
795 1200
795 1852
796 1780
797 887
797 1318
797 1829
798 890
799 878
799 881
799 892
799 1072
799 1502
799 1560
799 1715
799 1839
799 1999
800 833
800 987
800 1462
801 1001
802 964
802 1036
802 1342
802 1416
802 1428
802 1758
802 1858
803 1536
803 1558
803 1622
804 857
804 1278
805 869
805 1034
805 1197
805 1406
806 1559
807 1333
808 971
808 1095
809 943
809 1519
810 880
810 1112
810 1432
810 1751
810 1994
811 986
811 1115
811 1365
811 1661
811 1899
812 869
812 1050
812 1158
812 1230
812 1378
812 1398
813 925
813 950
813 1450
813 1572
814 1149
814 1262
814 1428
814 1718
814 1924
814 1975
815 1065
815 1102
815 1215
815 1336
815 1436
815 1573
815 1731
815 1957
816 1129
816 1847
818 1079
819 1209
820 895
820 1015
820 1096
820 1416
820 1760
821 1073
821 1747
822 1063
822 1160
822 1334
822 1918
822 1978
823 984
823 1461
823 1744
824 1238
824 1828
825 998
825 1371
825 1800
826 1668
826 1771
827 1048
827 1057
827 1383
827 1696
827 1929
828 1265
829 885
829 897
829 1115
829 1968
830 843
830 977
830 1635
830 1844
831 885
831 1315
832 1137
832 1146
832 1204
832 1250
832 1253
833 1802
834 1721
835 969
836 1443
837 1163
839 1387
839 1572
839 1680
839 1833
839 1986
840 1044
840 1159
840 1439
840 1565
840 1864
841 859
841 1583
841 1816
841 2013
842 1195
842 1199
842 1368
843 1130
843 1281
843 1380
845 1224
845 1296
845 1599
846 854
846 1036
846 1191
846 1872
847 1067
847 1256
847 1437
847 1498
847 1535
847 1704
847 1777
849 871
849 910
849 1042
849 1241
849 1311
850 1154
850 1481
851 928
851 945
851 970
851 1037
851 1133
851 1218
851 1235
851 1325
851 1334
851 1535
851 1569
851 1828
851 1914
851 1943
852 1114
852 1199
852 1253
852 1575
852 1636
852 1681
852 1710
852 1750
852 1832
852 1935
853 958
853 1201
853 1382
853 1436
853 1723
853 1815
853 1946
853 1962
853 2016
854 862
854 1062
854 1314
854 1608
854 1966
854 1979
855 921
855 1266
856 1096
856 1539
856 1701
856 1787
857 992
857 1847
858 1743
859 1039
859 1277
860 1132
861 1693
861 1822
862 902
862 907
862 1097
862 1583
862 1802
862 1887
863 980
863 1438
864 934
864 1019
864 1825
864 1983
865 1038
865 1356
865 1811
865 1960
866 943
866 1098
866 1147
866 1279
867 940
867 1232
868 1251
870 1271
870 1475
871 1022
871 1628
871 1659
873 1159
873 1610
873 1985
874 1639
874 1924
874 1960
875 1168
876 1593
876 1904
876 1954
876 1992
877 1272
877 1317
877 1585
879 1914
880 982
880 1540
880 1699
881 984
881 1147
881 1150
881 1188
881 1248
881 1305
881 1388
881 1532
881 1780
881 1896
883 889
884 1412
884 1911
885 1298
885 1634
885 1719
885 1732
885 2002
887 969
887 1042
887 1775
888 893
888 1113
888 1143
888 1666
890 1207
890 1403
891 1064
891 1070
891 1953
893 1437
893 1599
894 1030
894 1037
896 1178
896 1788
897 938
897 1451
897 1870
897 1993
898 960
898 1217
898 1337
898 1348
898 1487
898 1513
898 1975
899 1035
900 1015
900 1754
900 1903
900 1946
901 981
901 1205
901 1763
901 1982
902 1303
902 1548
902 1835
903 1505
903 1535
904 1116
904 1473
904 1709
905 1095
905 1480
905 1497
905 1591
905 1646
905 1673
905 1719
906 1622
906 1878
908 1053
908 1699
908 1854
908 2000
909 1371
910 972
910 1030
911 1189
911 1699
912 1160
912 1441
912 1683
912 1795
914 1440
915 1150
915 1180
915 1464
915 1524
915 1838
915 1920
916 1040
916 1578
916 1651
917 1103
917 1892
918 1439
918 1853
918 1905
918 1963
918 1971
919 1413
919 1585
920 1071
921 1185
921 1346
921 1433
922 1296
922 1799
922 1862
922 1995
924 1077
924 1201
924 1512
924 1843
924 1847
924 1850
924 1958
925 1766
925 1776
926 1078
926 1361
926 1859
927 1604
928 978
928 1601
931 977
931 993
931 1347
931 1409
931 1471
931 1786
933 1287
935 1749
936 1014
936 1124
936 1683
937 1818
938 1514
938 1698
938 1699
938 1735
939 1146
939 1275
939 1803
940 1767
941 944
941 1233
941 1406
941 1488
941 1564
941 1745
941 1817
942 1444
942 1846
943 1517
944 1446
944 1653
944 2006
946 1096
946 1391
946 1411
946 1845
946 1993
947 1298
947 1613
947 1686
947 1901
948 1966
949 1126
949 1799
949 1977
950 1017
950 1289
950 1666
951 955
952 956
952 1595
953 1112
954 957
954 958
955 985
955 1560
957 1183
957 1590
957 1834
958 1254
958 1752
958 1878
959 1100
959 1209
961 1100
961 1149
961 1276
963 972
964 1524
964 1567
965 1561
965 1584
965 1668
965 1727
965 1857
965 1937
965 2018
968 1688
968 1773
969 1433
969 1830
969 1888
970 1713
970 1874
971 1020
971 1155
971 1623
972 1210
975 1028
976 1541
976 1796
977 1046
977 1456
977 1580
978 1299
978 1384
978 1640
980 1010
980 1842
981 1025
981 1289
981 1386
981 1936
981 2013
982 1249
982 1513
983 1080
983 1664
983 1908
983 2002
984 1696
985 999
985 1452
985 1557
987 1799
988 1989
989 1255
989 1579
989 1584
989 1827
990 1161
990 1229
991 1263
991 1563
993 1589
994 1066
995 1056
995 1498
995 1762
995 1774
996 1202
996 1569
996 1776
998 1890
999 1094
1000 1169
1000 1648
1001 1257
1001 1785
1002 1138
1003 1531
1003 1754
1004 1840
1005 1088
1005 1269
1006 1070
1006 1232
1006 1850
1008 1684
1009 1481
1009 1567
1009 1715
1010 1144
1010 1231
1010 1725
1011 1040
1011 1320
1011 1980
1012 1409
1013 1193
1013 1393
1013 1495
1013 1509
1013 1706
1013 1722
1013 1777
1014 1084
1014 1112
1014 1127
1014 1302
1014 1399
1014 1775
1015 1074
1015 1419
1015 1444
1015 1642
1016 1534
1016 1613
1017 1139
1018 1390
1021 1215
1021 1405
1021 1614
1022 1220
1022 1305
1022 1955
1023 1675
1024 1569
1025 1033
1025 1441
1026 1110
1027 1380
1028 1254
1028 1994
1029 1498
1029 1845
1031 1157
1031 1538
1031 2017
1032 1849
1033 1042
1033 1605
1034 1415
1034 1487
1035 1048
1035 1093
1035 1628
1035 1737
1035 1789
1035 1974
1037 1400
1038 1385
1039 1606
1039 1798
1040 1874
1040 1935
1040 1975
1040 1976
1041 1080
1041 1778
1042 1096
1042 1151
1042 1466
1042 1482
1043 1054
1043 1329
1043 1890
1044 1274
1044 1996
1046 1057
1048 1535
1048 1585
1048 1602
1048 1826
1049 1272
1049 1725
1050 1111
1050 1586
1050 1601
1051 1347
1051 1394
1051 1798
1052 1566
1052 1634
1053 1412
1053 1612
1053 1658
1054 1101
1054 1988
1056 1402
1058 1669
1059 1104
1060 1267
1060 1530
1060 1861
1061 1529
1062 1563
1062 1902
1063 1472
1063 1621
1064 1072
1064 1617
1064 1870
1064 1973
1064 2000
1065 1213
1065 1448
1066 1091
1066 1092
1066 1292
1066 1356
1066 1401
1067 1551
1067 1564
1068 1230
1070 1153
1071 1237
1071 1557
1071 1668
1071 1788
1073 1260
1074 1333
1074 1421
1074 1489
1074 1824
1076 1961
1077 1386
1077 1457
1077 1914
1078 1506
1078 1852
1078 1992
1078 1999
1079 1236
1079 1477
1079 1883
1079 1996
1080 1380
1080 1582
1080 1700
1083 1295
1083 1665
1084 1307
1084 1365
1084 1429
1085 1310
1085 1381
1085 1469
1085 1475
1085 1630
1086 1119
1086 1207
1086 1361
1086 1540
1087 1237
1087 1692
1087 1922
1088 1324
1088 1626
1089 1786
1090 1185
1090 1231
1090 1377
1090 1387
1090 1415
1090 1416
1090 1526
1090 1727
1092 1831
1094 1825
1095 1304
1096 1561
1097 1493
1098 1414
1098 1468
1099 1219
1100 1377
1103 1291
1103 1364
1103 1796
1103 1926
1104 1884
1105 1499
1106 1282
1106 1336
1106 1707
1108 1293
1108 1327
1108 1355
1108 1889
1108 1978
1111 1148
1112 1172
1112 1448
1112 1555
1112 1644
1112 1973
1113 1449
1113 1841
1114 1626
1114 1871
1115 1137
1115 1398
1115 1854
1116 1345
1116 1437
1116 1990
1117 1336
1117 1500
1118 1442
1118 1616
1119 1120
1120 1204
1120 1292
1120 1748
1120 1875
1121 1462
1121 1497
1121 1813
1122 1164
1123 1259
1123 1408
1123 1621
1124 1292
1124 1503
1124 1677
1124 1957
1125 1222
1127 1849
1127 1905
1128 1286
1129 1322
1129 1345
1129 1445
1129 1970
1130 1361
1132 1239
1132 1646
1132 1650
1132 1720
1134 1852
1135 1224
1135 1324
1135 1807
1136 1170
1136 1386
1136 1666
1136 1854
1136 1941
1137 1200
1137 1397
1138 1249
1138 1920
1139 1384
1140 1332
1140 1558
1140 1559
1140 1777
1140 1882
1141 1860
1142 1477
1142 1638
1142 1641
1142 1691
1142 1888
1142 1952
1144 1214
1144 1730
1145 1213
1145 1450
1145 1492
1145 1514
1145 1542
1145 1951
1146 1340
1146 1435
1147 1851
1148 1778
1150 1171
1150 1297
1151 1152
1151 1408
1153 1354
1153 1586
1154 1249
1154 1326
1154 1544
1154 1922
1155 1193
1155 1413
1155 1665
1155 1715
1155 1828
1156 1184
1156 1320
1156 1971
1157 1494
1159 1295
1161 1995
1162 1711
1163 1784
1166 1261
1168 1195
1168 1746
1168 1802
1170 1617
1174 1834
1175 1246
1175 1961
1176 1260
1176 1482
1176 1681
1177 1543
1178 1502
1178 1749
1179 1454
1181 1576
1181 1779
1181 1859
1183 1238
1183 1578
1183 1805
1183 1916
1185 1485
1185 1697
1186 1260
1186 1357
1187 1819
1188 1210
1188 1487
1188 1762
1188 1965
1189 1618
1189 1763
1189 1810
1190 1370
1191 1343
1191 1346
1191 1982
1191 2011
1192 1700
1194 1423
1194 1480
1194 1780
1195 1798
1197 1284
1197 1355
1197 1388
1197 1757
1198 1335
1198 1445
1199 1942
1200 1698
1200 1940
1200 1985
1201 1460
1201 1509
1201 1649
1202 1338
1202 1526
1203 1325
1203 1396
1203 1577
1203 1926
1204 1606
1206 1256
1206 1422
1206 1826
1206 1883
1207 1914
1209 1308
1209 1741
1209 1772
1210 1574
1210 1734
1210 1782
1211 1235
1211 1651
1211 1679
1211 1769
1212 1257
1212 1282
1212 1805
1213 1387
1213 1721
1213 1872
1213 1983
1214 1709
1215 1371
1215 1697
1216 1556
1217 1344
1217 1381
1217 1677
1217 1836
1218 1281
1218 1661
1218 1700
1218 1722
1220 1698
1220 1717
1221 1632
1222 1478
1222 1998
1223 1867
1227 1994
1229 1696
1230 1479
1231 1574
1233 1315
1233 1446
1233 1670
1233 1700
1233 1822
1233 1959
1234 1688
1234 1689
1234 1714
1236 2007
1237 1674
1237 1891
1238 1414
1238 1438
1239 1675
1239 1732
1241 1956
1243 1741
1244 1252
1244 1431
1244 1597
1244 1810
1244 1818
1246 1882
1247 1392
1247 1782
1247 1874
1251 1266
1251 1724
1252 1790
1254 1608
1254 1973
1255 1806
1260 1309
1260 1692
1261 1271
1261 1547
1261 1748
1262 1643
1263 1520
1264 1863
1265 1706
1266 1921
1268 1803
1269 1862
1269 1963
1271 1553
1272 1379
1274 1474
1274 1561
1275 1900
1276 1376
1276 1470
1276 1632
1276 1655
1277 1605
1277 1829
1277 1941
1278 1694
1278 1714
1279 1288
1279 1725
1279 1894
1280 1936
1282 1646
1283 1864
1284 1371
1284 1510
1285 1344
1285 1723
1287 1720
1288 1754
1289 1410
1289 1510
1290 1736
1291 1301
1291 1832
1291 2007
1292 1731
1294 1406
1294 1417
1294 1933
1295 1504
1295 1551
1295 1785
1296 1707
1297 1493
1297 1629
1298 1482
1298 1647
1299 1337
1300 1304
1302 1832
1303 1719
1304 1453
1304 1512
1304 1522
1304 1597
1304 1667
1305 1599
1306 1701
1307 1368
1307 1411
1307 1598
1307 1769
1308 1474
1308 1529
1310 1532
1312 1927
1313 1781
1314 1961
1314 2014
1315 2001
1316 1654
1316 1916
1316 2005
1317 1595
1318 1430
1318 1467
1318 1544
1319 1680
1320 1409
1320 1731
1321 1366
1321 1886
1321 1928
1322 1860
1323 1368
1324 1685
1325 1943
1325 1981
1326 1432
1326 1529
1327 1584
1327 1615
1329 1881
1330 1504
1330 1619
1332 1374
1332 1413
1332 1559
1333 1522
1334 1387
1334 1981
1335 1571
1335 1912
1337 1889
1339 1620
1341 1400
1342 1794
1343 1455
1345 1880
1348 1495
1349 1453
1351 1520
1351 1979
1352 1512
1352 1879
1354 1667
1355 1646
1360 1633
1361 1750
1361 1877
1361 1893
1362 1595
1362 1977
1363 1468
1363 1677
1364 1514
1364 1603
1364 1839
1364 1939
1367 1378
1370 1526
1370 1926
1370 2000
1371 1647
1372 1474
1374 1513
1374 1547
1374 1599
1374 1886
1375 1494
1375 1621
1378 1430
1378 1747
1378 1873
1379 1477
1379 1663
1380 1449
1381 1980
1382 1634
1382 1730
1383 1479
1383 1772
1383 1881
1384 1784
1386 1414
1386 1485
1386 1978
1387 1684
1387 2002
1388 1929
1390 1486
1390 1493
1390 1723
1391 1948
1391 1985
1392 1908
1393 1791
1393 1819
1394 1588
1395 1795
1396 1841
1396 2004
1397 1496
1397 1921
1398 1633
1398 1955
1399 1909
1399 2005
1400 1824
1401 1544
1403 1411
1403 1418
1403 1533
1406 1427
1406 1697
1406 1734
1406 1882
1407 1468
1407 1727
1407 1822
1408 1897
1410 1744
1412 2001
1413 1936
1414 1455
1418 1494
1418 1586
1418 1898
1419 1425
1419 1570
1419 1944
1420 1775
1422 1718
1424 1676
1425 1498
1426 1701
1427 1824
1428 1791
1429 1760
1430 1740
1430 1820
1433 1463
1434 1512
1436 1537
1439 1769
1440 1804
1441 1801
1442 1868
1444 1901
1445 1676
1446 1671
1447 1898
1449 1765
1454 1475
1454 1716
1455 1890
1456 1457
1457 1909
1458 1520
1458 1922
1458 1990
1460 1512
1462 1906
1463 1624
1463 1664
1464 1679
1464 1871
1465 1573
1469 1488
1469 1948
1472 1876
1474 2004
1475 1655
1475 1853
1476 1686
1479 1703
1479 1793
1481 1825
1487 1844
1488 1945
1489 1846
1490 1930
1491 1619
1491 1848
1493 1742
1494 1596
1494 1728
1494 1930
1495 1500
1495 1600
1495 1720
1496 1648
1497 1881
1498 1927
1498 1983
1499 1823
1502 1545
1502 1843
1503 1728
1507 1602
1508 1787
1510 1927
1511 1618
1511 1782
1512 1940
1515 1803
1516 1636
1516 1711
1520 1815
1521 1545
1521 1918
1522 1535
1523 1629
1525 1666
1525 1726
1525 1741
1532 1701
1532 1841
1534 1678
1535 1705
1535 1772
1540 1728
1541 1733
1541 1944
1542 1609
1543 1669
1543 1834
1546 1721
1548 1836
1551 1678
1551 1807
1551 1859
1554 1665
1555 1737
1556 1595
1563 1683
1564 1709
1568 1951
1569 1587
1569 1755
1571 1752
1571 1826
1573 1959
1576 1796
1578 1679
1579 1895
1581 1664
1585 1658
1585 1884
1585 1913
1585 1931
1587 1602
1588 1636
1589 1947
1590 1676
1591 1642
1593 1885
1594 1790
1595 1933
1596 1641
1600 1649
1602 1605
1607 1873
1612 1867
1612 2011
1613 1694
1613 1696
1619 1768
1622 1705
1625 1960
1628 1817
1630 1694
1632 1682
1634 1929
1636 1871
1636 1891
1637 1666
1642 1840
1642 1941
1645 1653
1645 1924
1647 1918
1648 1818
1648 1981
1649 1771
1654 1675
1657 1690
1657 1985
1658 1709
1658 1902
1659 1970
1660 1962
1661 1806
1661 1919
1673 1756
1676 1768
1678 1692
1679 1966
1682 1701
1684 1753
1689 1747
1689 1799
1691 1865
1691 1977
1695 1911
1698 1908
1700 1770
1700 1969
1707 1909
1707 1928
1707 1994
1709 1737
1711 1955
1714 2015
1716 1932
1718 1804
1718 1934
1719 1952
1720 1897
1724 1954
1725 1863
1725 2002
1727 1915
1730 1758
1734 1781
1734 1895
1744 1802
1744 1904
1746 1851
1748 1828
1748 1965
1748 2018
1750 1778
1750 1870
1754 1793
1760 1800
1760 1816
1764 1863
1775 1861
1777 1894
1777 2006
1779 1805
1780 1840
1794 1991
1799 1840
1800 1935
1801 1812
1801 1823
1802 1827
1802 1972
1809 1846
1809 1998
1810 1895
1811 1917
1839 1937
1844 1983
1859 1912
1869 1948
1877 1928
1882 1923
1890 1994
1896 2010
1898 1904
1904 1973
1910 1948
1914 1936
1918 1988
1930 1998
1932 1996
1942 2012
1942 2015
1945 1997
1948 2011
1950 2009
1953 1961
1963 2012
1973 1976
1973 2009
2002 2010
