0 1
0 2
0 3
0 4
0 5
0 6
0 7
0 8
0 9
0 11
0 12
0 13
0 14
0 17
0 19
0 20
0 21
0 24
0 27
0 31
0 32
0 36
0 40
0 42
0 43
0 44
0 46
0 50
0 52
0 56
0 58
0 60
0 61
0 63
0 64
0 67
0 68
0 69
0 72
0 76
0 81
0 82
0 86
0 102
0 103
0 105
0 106
0 108
0 111
0 113
0 119
0 124
0 125
0 126
0 127
0 133
0 134
0 140
0 143
0 145
0 147
0 153
0 170
0 173
0 182
0 183
0 188
0 190
0 192
0 200
0 212
0 214
0 219
0 225
0 230
0 233
0 235
0 254
0 255
0 256
0 257
0 259
0 262
0 264
0 269
0 278
0 282
0 285
0 289
0 291
0 292
0 296
0 317
0 324
0 329
0 333
0 342
0 346
0 351
0 389
0 433
0 434
0 455
0 458
0 464
0 472
0 474
0 478
0 492
0 493
0 511
0 518
0 524
0 527
0 530
0 535
0 543
0 544
0 551
0 578
0 585
0 589
0 594
0 606
0 616
0 634
0 637
0 652
0 654
0 656
0 667
0 672
0 697
0 702
0 714
0 742
0 744
0 745
0 754
0 757
0 796
0 811
0 815
0 817
0 837
0 842
0 844
0 848
0 863
0 864
0 888
0 893
0 905
0 970
0 978
0 981
0 1004
0 1006
0 1063
0 1071
0 1088
0 1089
0 1109
0 1114
0 1129
0 1146
0 1168
0 1174
0 1177
0 1197
0 1212
0 1217
0 1245
0 1249
0 1253
0 1276
0 1288
0 1292
0 1301
0 1303
0 1312
0 1314
0 1322
0 1326
0 1335
0 1362
0 1366
0 1370
0 1429
0 1440
0 1445
0 1452
0 1454
0 1482
0 1522
0 1527
0 1538
0 1544
0 1554
0 1555
0 1563
0 1590
0 1598
0 1600
0 1602
0 1603
0 1608
0 1661
0 1731
0 1766
0 1815
0 1831
0 1855
0 1864
0 1870
0 1886
0 1900
0 1924
0 1934
0 1940
0 1946
0 1953
0 1968
0 1975
0 2009
1 6
1 7
1 8
1 11
1 28
1 40
1 49
1 59
1 61
1 66
1 90
1 106
1 155
1 165
1 235
1 294
1 299
1 313
1 337
1 342
1 370
1 383
1 409
1 423
1 443
1 444
1 612
1 627
1 789
1 814
1 815
1 821
1 825
1 832
1 866
1 882
1 892
1 929
1 940
1 1050
1 1121
1 1227
1 1249
1 1354
1 1386
1 1416
1 1445
1 1495
1 1508
1 1520
1 1532
1 1563
1 1596
1 1601
1 1619
1 1719
1 1750
1 1816
1 1829
1 1863
1 1873
1 1884
2 6
2 7
2 8
2 9
2 10
2 12
2 13
2 14
2 15
2 24
2 26
2 31
2 50
2 61
2 80
2 114
2 118
2 156
2 185
2 220
2 273
2 313
2 388
2 460
2 476
2 477
2 501
2 524
2 566
2 641
2 708
2 715
2 899
2 1008
2 1035
2 1059
2 1218
2 1262
2 1328
2 1473
2 1525
2 1579
2 1600
2 1652
2 1678
2 1827
2 1888
3 6
3 7
3 9
3 13
3 16
3 18
3 29
3 33
3 34
3 35
3 39
3 43
3 55
3 62
3 64
3 68
3 69
3 76
3 77
3 104
3 106
3 108
3 112
3 146
3 204
3 213
3 218
3 292
3 369
3 390
3 392
3 394
3 435
3 440
3 483
3 496
3 514
3 515
3 565
3 567
3 568
3 579
3 623
3 625
3 632
3 640
3 676
3 723
3 725
3 768
3 838
3 904
3 970
3 980
3 1037
3 1087
3 1104
3 1116
3 1193
3 1233
3 1417
3 1420
3 1428
3 1429
3 1444
3 1480
3 1485
3 1544
3 1546
3 1560
3 1582
3 1642
3 1667
3 1713
3 1726
3 1893
3 2001
4 6
4 11
4 14
4 17
4 19
4 20
4 22
4 23
4 34
4 37
4 39
4 42
4 43
4 58
4 62
4 69
4 73
4 83
4 89
4 96
4 114
4 157
4 172
4 182
4 195
4 197
4 203
4 225
4 231
4 240
4 265
4 266
4 287
4 296
4 311
4 320
4 339
4 361
4 363
4 372
4 379
4 431
4 438
4 446
4 478
4 486
4 525
4 542
4 544
4 580
4 587
4 591
4 611
4 621
4 628
4 644
4 654
4 655
4 711
4 842
4 907
4 925
4 1006
4 1069
4 1136
4 1177
4 1260
4 1307
4 1325
4 1340
4 1354
4 1386
4 1418
4 1487
4 1585
4 1607
4 1668
4 1676
4 1781
4 1820
4 1852
4 1889
4 1898
4 1912
4 1960
4 1974
4 2005
4 2011
5 27
5 46
5 129
5 133
5 543
5 724
5 1040
5 1358
5 1471
5 1616
5 1624
5 1834
5 1921
6 7
6 8
6 9
6 10
6 11
6 13
6 14
6 16
6 17
6 18
6 19
6 21
6 22
6 25
6 27
6 28
6 29
6 31
6 34
6 36
6 40
6 42
6 45
6 49
6 51
6 53
6 62
6 75
6 83
6 92
6 97
6 114
6 116
6 121
6 122
6 127
6 129
6 132
6 136
6 147
6 153
6 176
6 182
6 183
6 186
6 207
6 215
6 223
6 224
6 226
6 227
6 229
6 230
6 237
6 242
6 246
6 256
6 305
6 310
6 325
6 327
6 341
6 366
6 369
6 398
6 418
6 424
6 425
6 430
6 433
6 474
6 524
6 561
6 600
6 601
6 604
6 611
6 614
6 629
6 649
6 655
6 683
6 690
6 696
6 747
6 748
6 753
6 769
6 825
6 826
6 836
6 853
6 915
6 917
6 930
6 986
6 997
6 999
6 1006
6 1016
6 1049
6 1062
6 1089
6 1126
6 1162
6 1172
6 1180
6 1189
6 1191
6 1209
6 1213
6 1215
6 1234
6 1283
6 1299
6 1308
6 1333
6 1334
6 1339
6 1358
6 1368
6 1373
6 1374
6 1375
6 1391
6 1407
6 1414
6 1423
6 1426
6 1452
6 1454
6 1470
6 1471
6 1476
6 1492
6 1498
6 1569
6 1581
6 1583
6 1599
6 1615
6 1677
6 1684
6 1704
6 1729
6 1737
6 1750
6 1752
6 1764
6 1818
6 1843
6 1856
6 1864
6 1911
6 1957
7 8
7 10
7 12
7 15
7 16
7 19
7 21
7 22
7 24
7 25
7 26
7 27
7 32
7 33
7 36
7 41
7 47
7 59
7 63
7 65
7 71
7 84
7 87
7 107
7 109
7 115
7 120
7 124
7 139
7 150
7 184
7 189
7 198
7 201
7 212
7 215
7 219
7 220
7 225
7 240
7 260
7 272
7 275
7 276
7 280
7 291
7 315
7 323
7 334
7 344
7 348
7 370
7 378
7 380
7 390
7 432
7 433
7 434
7 452
7 453
7 496
7 502
7 509
7 523
7 561
7 562
7 565
7 570
7 627
7 665
7 675
7 684
7 688
7 700
7 725
7 730
7 739
7 792
7 797
7 843
7 844
7 862
7 903
7 1083
7 1101
7 1206
7 1231
7 1254
7 1279
7 1291
7 1305
7 1319
7 1339
7 1354
7 1370
7 1372
7 1384
7 1494
7 1564
7 1630
7 1716
7 1717
7 1757
7 1776
7 1780
7 1790
7 1796
7 1800
7 1874
7 1882
7 1945
7 1949
7 1999
7 2006
8 9
8 10
8 11
8 12
8 18
8 20
8 28
8 30
8 32
8 38
8 41
8 47
8 51
8 52
8 57
8 60
8 61
8 63
8 74
8 76
8 80
8 82
8 85
8 102
8 111
8 121
8 128
8 141
8 156
8 160
8 161
8 179
8 188
8 197
8 212
8 214
8 223
8 226
8 239
8 241
8 262
8 266
8 279
8 286
8 287
8 288
8 296
8 303
8 304
8 313
8 326
8 375
8 384
8 386
8 387
8 390
8 413
8 433
8 445
8 451
8 456
8 466
8 468
8 470
8 471
8 480
8 509
8 541
8 542
8 565
8 590
8 592
8 667
8 681
8 691
8 715
8 725
8 727
8 729
8 735
8 750
8 758
8 761
8 767
8 780
8 797
8 834
8 843
8 855
8 873
8 878
8 879
8 884
8 885
8 896
8 912
8 918
8 926
8 936
8 945
8 954
8 955
8 964
8 969
8 1008
8 1031
8 1036
8 1072
8 1083
8 1089
8 1109
8 1127
8 1131
8 1148
8 1178
8 1207
8 1211
8 1214
8 1246
8 1250
8 1257
8 1304
8 1310
8 1383
8 1384
8 1457
8 1473
8 1483
8 1505
8 1537
8 1592
8 1607
8 1614
8 1640
8 1648
8 1653
8 1737
8 1747
8 1769
8 1772
8 1803
8 1835
8 1847
8 1857
8 1869
8 1874
8 1876
8 1892
8 1897
8 1914
8 1950
8 1963
8 1973
8 1976
8 1983
9 10
9 15
9 20
9 21
9 22
9 23
9 25
9 37
9 38
9 41
9 53
9 59
9 71
9 74
9 86
9 87
9 88
9 90
9 100
9 132
9 145
9 148
9 155
9 159
9 168
9 179
9 183
9 186
9 224
9 233
9 237
9 247
9 258
9 259
9 261
9 271
9 297
9 303
9 315
9 330
9 361
9 363
9 416
9 426
9 429
9 462
9 469
9 473
9 474
9 484
9 494
9 516
9 521
9 537
9 548
9 571
9 615
9 628
9 640
9 660
9 686
9 689
9 696
9 732
9 762
9 763
9 772
9 811
9 816
9 861
9 949
9 959
9 1006
9 1053
9 1136
9 1160
9 1274
9 1400
9 1431
9 1465
9 1568
9 1607
9 1638
9 1683
9 1737
9 1817
9 1861
9 1929
9 1994
10 12
10 18
10 20
10 24
10 29
10 33
10 39
10 44
10 49
10 50
10 57
10 59
10 64
10 66
10 71
10 74
10 77
10 79
10 89
10 90
10 97
10 118
10 199
10 225
10 229
10 254
10 262
10 299
10 322
10 327
10 328
10 332
10 351
10 365
10 371
10 373
10 396
10 400
10 424
10 438
10 501
10 505
10 557
10 608
10 634
10 650
10 691
10 698
10 706
10 720
10 966
10 973
10 1049
10 1053
10 1076
10 1111
10 1171
10 1271
10 1282
10 1304
10 1322
10 1331
10 1398
10 1408
10 1427
10 1434
10 1458
10 1471
10 1571
10 1650
10 1662
10 1726
10 1785
10 1787
10 1813
10 1849
10 1866
10 1880
10 1956
10 1993
10 2009
11 13
11 14
11 15
11 17
11 23
11 27
11 30
11 55
11 56
11 90
11 91
11 93
11 105
11 111
11 134
11 149
11 151
11 155
11 170
11 176
11 185
11 186
11 189
11 191
11 194
11 204
11 213
11 253
11 260
11 271
11 301
11 310
11 322
11 344
11 359
11 380
11 399
11 402
11 403
11 419
11 427
11 487
11 502
11 505
11 556
11 569
11 605
11 606
11 608
11 610
11 618
11 697
11 709
11 726
11 813
11 828
11 841
11 847
11 849
11 881
11 901
11 904
11 961
11 978
11 994
11 1006
11 1021
11 1045
11 1108
11 1134
11 1185
11 1190
11 1222
11 1258
11 1259
11 1282
11 1307
11 1309
11 1315
11 1334
11 1380
11 1418
11 1423
11 1456
11 1461
11 1488
11 1583
11 1587
11 1591
11 1599
11 1618
11 1624
11 1635
11 1648
11 1658
11 1662
11 1702
11 1719
11 1723
11 1790
11 1839
11 1910
11 1913
11 1919
11 1997
11 2006
12 21
12 23
12 25
12 30
12 31
12 37
12 45
12 61
12 67
12 78
12 97
12 112
12 130
12 140
12 161
12 162
12 177
12 182
12 206
12 207
12 208
12 221
12 229
12 253
12 254
12 259
12 264
12 277
12 308
12 320
12 329
12 330
12 331
12 341
12 411
12 417
12 435
12 457
12 520
12 528
12 545
12 549
12 571
12 581
12 582
12 643
12 669
12 672
12 674
12 701
12 705
12 732
12 754
12 761
12 764
12 775
12 814
12 846
12 856
12 945
12 976
12 988
12 993
12 1083
12 1110
12 1138
12 1141
12 1151
12 1188
12 1199
12 1210
12 1213
12 1269
12 1274
12 1309
12 1317
12 1346
12 1350
12 1468
12 1491
12 1565
12 1606
12 1623
12 1628
12 1685
12 1800
12 1872
12 1957
12 1959
13 16
13 19
13 43
13 47
13 60
13 82
13 88
13 122
13 126
13 135
13 150
13 166
13 188
13 193
13 197
13 205
13 212
13 213
13 237
13 251
13 319
13 431
13 435
13 444
13 481
13 486
13 490
13 499
13 507
13 656
13 800
13 819
13 886
13 977
13 1000
13 1151
13 1153
13 1349
13 1418
13 1479
13 1673
13 1689
13 1856
13 1862
13 1865
13 1891
14 15
14 18
14 22
14 35
14 36
14 63
14 78
14 87
14 109
14 137
14 142
14 159
14 166
14 178
14 215
14 270
14 276
14 325
14 334
14 364
14 374
14 403
14 447
14 461
14 466
14 502
14 510
14 527
14 574
14 576
14 577
14 583
14 627
14 713
14 729
14 788
14 832
14 848
14 850
14 866
14 877
14 887
14 970
14 1026
14 1047
14 1070
14 1186
14 1207
14 1253
14 1284
14 1347
14 1349
14 1502
14 1544
14 1878
14 1904
14 1919
14 1938
14 1962
14 1986
15 16
15 23
15 37
15 50
15 55
15 64
15 84
15 92
15 115
15 117
15 121
15 124
15 140
15 148
15 159
15 160
15 164
15 200
15 216
15 234
15 263
15 278
15 307
15 387
15 425
15 459
15 483
15 610
15 629
15 635
15 667
15 687
15 703
15 815
15 840
15 894
15 922
15 1062
15 1174
15 1237
15 1337
15 1409
15 1417
15 1441
15 1536
15 1740
15 1744
15 1745
16 17
16 26
16 43
16 52
16 96
16 119
16 168
16 171
16 175
16 202
16 236
16 242
16 245
16 264
16 286
16 296
16 343
16 352
16 357
16 361
16 365
16 403
16 414
16 497
16 504
16 510
16 520
16 540
16 593
16 635
16 709
16 711
16 765
16 772
16 876
16 1020
16 1048
16 1050
16 1059
16 1183
16 1200
16 1202
16 1315
16 1393
16 1401
16 1471
16 1507
16 1519
16 1532
16 1584
16 1627
16 1646
16 1675
16 1741
16 1748
16 1752
16 1771
16 1812
16 1816
16 1885
16 1933
16 1945
16 1975
17 30
17 34
17 42
17 44
17 66
17 91
17 109
17 118
17 131
17 140
17 146
17 149
17 162
17 207
17 218
17 238
17 244
17 286
17 311
17 347
17 360
17 416
17 469
17 477
17 482
17 492
17 510
17 523
17 541
17 551
17 586
17 590
17 613
17 626
17 677
17 704
17 725
17 759
17 770
17 779
17 786
17 880
17 885
17 900
17 915
17 934
17 1094
17 1124
17 1127
17 1149
17 1152
17 1161
17 1194
17 1270
17 1273
17 1286
17 1318
17 1361
17 1374
17 1398
17 1425
17 1437
17 1586
17 1654
17 1710
17 1712
17 1836
17 1852
17 1870
17 2008
17 2011
18 24
18 35
18 38
18 45
18 47
18 64
18 73
18 76
18 81
18 107
18 121
18 122
18 128
18 146
18 164
18 168
18 189
18 231
18 250
18 265
18 357
18 376
18 394
18 412
18 420
18 426
18 448
18 500
18 506
18 521
18 533
18 558
18 569
18 678
18 780
18 800
18 894
18 928
18 933
18 935
18 978
18 1033
18 1064
18 1119
18 1157
18 1176
18 1271
18 1274
18 1391
18 1429
18 1453
18 1491
18 1516
18 1533
18 1589
18 1591
18 1709
18 1712
18 1747
18 1763
18 1928
18 1980
19 29
19 32
19 35
19 40
19 52
19 65
19 72
19 73
19 78
19 142
19 153
19 156
19 158
19 171
19 173
19 174
19 182
19 206
19 214
19 232
19 268
19 288
19 295
19 314
19 317
19 345
19 403
19 406
19 407
19 427
19 461
19 488
19 529
19 532
19 535
19 554
19 578
19 609
19 628
19 636
19 643
19 653
19 671
19 702
19 724
19 743
19 769
19 806
19 888
19 901
19 907
19 926
19 939
19 952
19 962
19 978
19 1070
19 1088
19 1122
19 1130
19 1169
19 1173
19 1239
19 1244
19 1249
19 1321
19 1348
19 1372
19 1386
19 1389
19 1448
19 1522
19 1542
19 1560
19 1567
19 1591
19 1605
19 1609
19 1636
19 1657
19 1733
19 1744
19 1850
19 1868
19 1895
19 1926
19 1935
19 1990
19 2000
19 2006
20 34
20 35
20 37
20 38
20 51
20 56
20 77
20 94
20 103
20 129
20 134
20 141
20 157
20 169
20 203
20 211
20 238
20 243
20 255
20 284
20 292
20 309
20 318
20 335
20 349
20 362
20 374
20 396
20 400
20 439
20 471
20 627
20 686
20 819
20 868
20 1000
20 1065
20 1068
20 1100
20 1118
20 1175
20 1236
20 1312
20 1396
20 1435
20 1454
20 1465
20 1474
20 1504
20 1511
20 1526
20 1552
20 1775
20 1875
20 1876
20 1904
20 1929
20 1940
20 1965
21 25
21 26
21 29
21 32
21 33
21 86
21 88
21 89
21 102
21 105
21 127
21 157
21 184
21 189
21 195
21 199
21 242
21 279
21 281
21 306
21 415
21 483
21 564
21 607
21 627
21 631
21 648
21 654
21 1038
21 1059
21 1084
21 1195
21 1273
21 1397
21 1401
21 1455
21 1523
21 1576
21 1673
21 1683
21 1865
21 1892
21 1927
21 1992
22 30
22 51
22 72
22 86
22 115
22 130
22 161
22 463
22 521
22 633
22 1267
22 1440
22 1512
22 1647
22 1670
23 38
23 53
23 55
23 73
23 75
23 88
23 99
23 101
23 103
23 104
23 134
23 138
23 222
23 241
23 258
23 278
23 302
23 304
23 355
23 356
23 362
23 367
23 370
23 402
23 407
23 425
23 428
23 434
23 478
23 498
23 559
23 678
23 702
23 719
23 767
23 774
23 778
23 790
23 829
23 844
23 919
23 951
23 984
23 985
23 1001
23 1083
23 1097
23 1172
23 1224
23 1236
23 1248
23 1262
23 1390
23 1473
23 1500
23 1518
23 1590
23 1616
23 1655
23 1703
23 1725
23 1910
23 1915
23 1978
23 2004
24 26
24 45
24 48
24 50
24 52
24 54
24 66
24 91
24 93
24 108
24 113
24 146
24 152
24 174
24 193
24 210
24 246
24 251
24 342
24 382
24 408
24 417
24 547
24 550
24 573
24 579
24 583
24 584
24 615
24 645
24 722
24 756
24 779
24 786
24 801
24 821
24 830
24 871
24 966
24 980
24 999
24 1137
24 1264
24 1275
24 1310
24 1425
24 1499
24 1506
24 1513
24 1521
24 1526
24 1567
24 1675
24 1756
24 1761
24 1839
24 1956
25 28
25 48
25 65
25 68
25 70
25 79
25 106
25 137
25 152
25 190
25 277
25 314
25 443
25 452
25 463
25 490
25 507
25 559
25 605
25 674
25 745
25 784
25 1072
25 1106
25 1230
25 1252
25 1306
25 1425
25 1430
25 1438
25 1569
25 1647
25 1788
26 28
26 40
26 45
26 47
26 69
26 143
26 163
26 210
26 285
26 318
26 336
26 548
26 578
26 631
26 644
26 889
26 1111
26 1154
26 1447
26 1481
26 1593
26 1859
26 1920
26 1944
26 1951
26 2005
27 41
27 48
27 67
27 137
27 192
27 208
27 209
27 272
27 338
27 414
27 439
27 471
27 476
27 536
27 546
27 595
27 620
27 658
27 660
27 661
27 690
27 762
27 765
27 779
27 787
27 807
27 835
27 940
27 963
27 1069
27 1082
27 1120
27 1196
27 1353
27 1437
27 1496
27 1517
27 1624
27 1746
27 1790
27 1834
27 1874
28 84
28 87
28 105
28 156
28 163
28 164
28 165
28 166
28 226
28 253
28 285
28 354
28 377
28 414
28 435
28 569
28 731
28 751
28 766
28 894
28 1123
28 1188
28 1296
28 1327
28 1426
28 1469
28 1571
28 1682
28 1754
28 1818
28 1840
28 1998
29 51
29 57
29 70
29 96
29 121
29 122
29 129
29 132
29 172
29 223
29 251
29 289
29 307
29 412
29 439
29 521
29 619
29 623
29 626
29 731
29 738
29 755
29 776
29 835
29 850
29 853
29 889
29 918
29 947
29 953
29 1140
29 1193
29 1232
29 1234
29 1284
29 1392
29 1509
29 1556
29 1578
29 1705
29 1716
29 1737
29 1739
29 1762
29 1807
29 1882
30 31
30 36
30 54
30 62
30 84
30 105
30 139
30 144
30 171
30 180
30 208
30 239
30 262
30 268
30 316
30 320
30 326
30 351
30 480
30 490
30 494
30 515
30 580
30 622
30 657
30 968
30 1023
30 1032
30 1043
30 1118
30 1132
30 1139
30 1254
30 1314
30 1363
30 1422
30 1525
30 1576
30 1834
30 1963
31 33
31 46
31 48
31 54
31 56
31 58
31 67
31 94
31 104
31 117
31 126
31 179
31 218
31 290
31 313
31 330
31 332
31 339
31 369
31 371
31 389
31 416
31 441
31 447
31 504
31 556
31 611
31 741
31 823
31 839
31 852
31 873
31 882
31 930
31 934
31 973
31 1011
31 1099
31 1175
31 1193
31 1232
31 1238
31 1264
31 1283
31 1290
31 1399
31 1496
31 1503
31 1577
31 1633
31 1699
31 1742
31 1796
31 1852
31 1968
31 1971
31 1999
32 46
32 94
32 141
32 163
32 413
32 608
32 874
32 1019
32 1117
32 1136
32 1252
32 1260
32 1573
32 1706
32 1770
32 1774
32 1782
32 1876
33 39
33 44
33 58
33 100
33 128
33 130
33 133
33 158
33 174
33 263
33 272
33 325
33 346
33 356
33 384
33 397
33 413
33 420
33 470
33 613
33 790
33 829
33 908
33 1201
33 1315
33 1483
33 1579
33 1738
33 1894
33 1982
34 39
34 68
34 71
34 78
34 138
34 160
34 180
34 193
34 214
34 244
34 267
34 304
34 358
34 365
34 449
34 504
34 508
34 581
34 699
34 726
34 744
34 760
34 865
34 877
34 922
34 1005
34 1059
34 1120
34 1430
34 1551
34 1617
34 1636
34 1689
34 1691
34 1713
34 1774
35 46
35 95
35 111
35 151
35 161
35 236
35 250
35 282
35 285
35 342
35 390
35 397
35 410
35 465
35 503
35 536
35 578
35 599
35 614
35 617
35 626
35 644
35 751
35 816
35 822
35 851
35 900
35 948
35 1107
35 1202
35 1576
35 1610
35 1620
35 1781
35 1906
35 1977
36 49
36 95
36 107
36 173
36 210
36 280
36 321
36 489
36 507
36 799
36 852
36 912
36 930
36 1013
36 1032
36 1047
36 1111
36 1200
36 1423
36 1578
36 1759
37 228
37 385
37 397
37 415
37 607
37 706
37 1088
37 1103
37 1258
37 1311
37 1541
37 1561
37 1665
37 1814
37 1932
38 41
38 54
38 69
38 81
38 94
38 101
38 119
38 120
38 204
38 229
38 239
38 257
38 276
38 344
38 358
38 371
38 400
38 427
38 437
38 495
38 508
38 554
38 563
38 568
38 576
38 632
38 638
38 659
38 665
38 683
38 908
38 938
38 1004
38 1049
38 1055
38 1069
38 1156
38 1180
38 1201
38 1208
38 1398
38 1488
38 1804
38 1815
38 1989
39 65
39 93
39 99
39 119
39 123
39 129
39 167
39 169
39 180
39 237
39 270
39 290
39 310
39 328
39 387
39 450
39 488
39 569
39 585
39 633
39 634
39 648
39 653
39 659
39 701
39 736
39 766
39 815
39 898
39 957
39 1016
39 1039
39 1090
39 1267
39 1359
39 1475
39 1481
39 1537
39 1624
39 1698
39 1724
39 1745
39 1772
39 1813
39 1868
39 1908
39 1942
40 42
40 48
40 57
40 59
40 66
40 93
40 103
40 104
40 147
40 154
40 164
40 177
40 181
40 254
40 271
40 281
40 330
40 332
40 334
40 423
40 440
40 448
40 449
40 487
40 688
40 712
40 757
40 789
40 809
40 851
40 869
40 901
40 931
40 943
40 998
40 1035
40 1109
40 1321
40 1375
40 1384
40 1477
40 1545
40 1547
40 1582
40 1643
40 1735
40 1739
40 1769
40 1913
41 58
41 159
41 172
41 189
41 205
41 260
41 288
41 404
41 436
41 497
41 522
41 574
41 629
41 685
41 763
41 1076
41 1156
41 1220
41 1604
41 1692
41 1762
41 1795
41 1811
41 1848
42 44
42 57
42 73
42 80
42 123
42 134
42 150
42 175
42 176
42 196
42 209
42 283
42 359
42 381
42 391
42 417
42 456
42 464
42 493
42 513
42 517
42 545
42 562
42 592
42 625
42 633
42 680
42 711
42 727
42 765
42 773
42 821
42 830
42 935
42 977
42 989
42 1075
42 1211
42 1294
42 1303
42 1304
42 1364
42 1374
42 1378
42 1550
42 1593
42 1738
42 1881
42 1896
43 53
43 80
43 83
43 89
43 125
43 148
43 248
43 282
43 338
43 353
43 360
43 381
43 504
43 506
43 517
43 530
43 543
43 599
43 817
43 936
43 982
43 1010
43 1185
43 1213
43 1346
43 1511
43 1651
43 1746
43 1790
44 787
44 1109
44 1931
45 55
45 75
45 173
45 178
45 187
45 209
45 249
45 261
45 267
45 398
45 418
45 421
45 456
45 557
45 758
45 766
45 828
45 847
45 881
45 1040
45 1083
45 1085
45 1263
45 1551
45 1634
45 1695
45 1709
45 1808
46 49
46 78
46 79
46 92
46 98
46 101
46 137
46 150
46 158
46 187
46 217
46 229
46 240
46 272
46 275
46 322
46 446
46 461
46 464
46 547
46 572
46 582
46 598
46 645
46 686
46 781
46 887
46 897
46 983
46 1032
46 1042
46 1079
46 1262
46 1396
46 1422
46 1495
46 1687
46 1691
46 1752
46 1839
46 1962
47 72
47 74
47 76
47 89
47 136
47 175
47 184
47 185
47 199
47 242
47 249
47 265
47 267
47 311
47 332
47 338
47 341
47 349
47 379
47 391
47 401
47 408
47 445
47 497
47 583
47 609
47 646
47 721
47 725
47 733
47 739
47 795
47 834
47 925
47 937
47 990
47 1051
47 1107
47 1188
47 1240
47 1258
47 1295
47 1384
47 1394
47 1405
47 1613
47 1886
47 1939
47 1992
47 2006
48 127
48 400
48 602
48 752
48 849
48 1371
48 1634
49 97
49 98
49 143
49 175
49 222
49 256
49 257
49 332
49 334
49 356
49 374
49 377
49 388
49 404
49 502
49 506
49 525
49 553
49 668
49 702
49 914
49 970
49 989
49 1116
49 1148
49 1273
49 1455
49 1462
49 1647
49 1701
49 1871
50 53
50 63
50 70
50 71
50 87
50 88
50 99
50 109
50 114
50 116
50 128
50 138
50 153
50 191
50 281
50 294
50 300
50 313
50 323
50 335
50 340
50 360
50 437
50 438
50 695
50 750
50 763
50 902
50 1029
50 1102
50 1129
50 1284
50 1292
50 1297
50 1524
50 1679
50 1701
50 1729
50 1791
50 1854
50 1928
51 54
51 85
51 136
51 276
51 289
51 354
51 379
51 498
51 624
51 733
51 743
51 866
51 869
51 923
51 967
51 1183
51 1275
51 1494
51 1499
51 1512
51 1527
51 1805
51 1845
51 1857
51 1937
52 62
52 91
52 102
52 128
52 211
52 245
52 323
52 381
52 480
52 623
52 853
52 975
52 1073
52 1081
52 1120
52 1511
52 1584
52 1837
52 1891
52 1992
53 108
53 188
53 263
53 322
53 379
53 392
53 437
53 440
53 588
53 801
54 56
54 70
54 74
54 77
54 79
54 82
54 99
54 171
54 216
54 357
54 467
54 495
54 574
54 679
54 695
54 754
54 776
54 839
54 875
54 883
54 900
54 1302
54 1548
54 1553
54 1593
54 1729
54 1821
54 1831
55 75
55 99
55 132
55 157
55 166
55 180
55 220
55 238
55 269
55 286
55 431
55 441
55 582
55 593
55 739
55 809
55 824
55 860
55 983
55 992
55 1228
55 1278
55 1313
55 1344
55 1493
55 1522
55 1539
55 1776
55 1939
56 60
56 68
56 100
56 101
56 112
56 152
56 224
56 232
56 252
56 280
56 326
56 341
56 379
56 406
56 421
56 426
56 460
56 481
56 500
56 589
56 594
56 597
56 640
56 681
56 689
56 888
56 950
56 975
56 1163
56 1197
56 1219
56 1228
56 1380
56 1529
56 1572
56 1639
56 1646
56 1681
56 1743
56 1767
56 1863
56 1973
56 1981
56 2007
57 65
57 70
57 90
57 123
57 138
57 144
57 167
57 203
57 232
57 239
57 256
57 257
57 258
57 269
57 279
57 307
57 339
57 346
57 353
57 364
57 374
57 421
57 427
57 439
57 466
57 481
57 484
57 556
57 558
57 576
57 620
57 632
57 659
57 675
57 682
57 703
57 777
57 790
57 793
57 804
57 840
57 842
57 903
57 909
57 928
57 933
57 960
57 968
57 973
57 1019
57 1192
57 1228
57 1297
57 1405
57 1650
57 1771
57 1846
57 1874
57 1920
57 1958
57 1968
57 1980
58 60
58 198
58 200
58 297
58 338
58 443
58 526
58 716
58 753
58 1262
58 1371
58 1641
59 107
59 110
59 116
59 144
59 164
59 181
59 196
59 208
59 210
59 218
59 219
59 247
59 261
59 302
59 303
59 407
59 415
59 416
59 418
59 518
59 531
59 549
59 574
59 616
59 695
59 728
59 751
59 788
59 810
59 842
59 1021
59 1038
59 1044
59 1045
59 1175
59 1296
59 1411
59 1439
59 1505
59 1601
59 1721
59 1767
59 1814
59 1858
59 1947
60 85
60 98
60 125
60 131
60 201
60 300
60 315
60 364
60 503
60 513
60 546
60 768
60 794
60 856
60 953
60 959
60 1096
60 1114
60 1145
60 1249
60 1293
60 1446
60 1671
61 95
61 97
61 102
61 103
61 125
61 130
61 131
61 136
61 186
61 201
61 464
61 466
61 473
61 476
61 575
61 637
61 745
61 756
61 775
61 847
61 919
61 1250
61 1291
61 1349
61 1402
61 1411
61 1446
61 1584
61 1629
61 1703
61 1760
62 162
62 272
62 651
62 1225
62 1675
63 67
63 77
63 94
63 107
63 196
63 243
63 378
63 402
63 431
63 637
63 639
63 641
63 749
63 794
63 911
63 973
63 1139
63 1251
63 1264
63 1320
63 1492
63 1493
63 1517
63 1682
63 1787
63 1914
63 1991
64 95
64 98
64 232
64 240
64 244
64 262
64 372
64 621
64 699
64 967
64 976
64 1035
64 1131
64 1313
64 1358
64 1371
64 1964
64 1999
65 79
65 83
65 91
65 135
65 274
65 328
65 354
65 360
65 516
65 581
65 668
65 677
65 694
65 794
65 810
65 860
65 915
65 1042
65 1134
65 1229
65 1316
65 1609
65 1610
65 1677
65 1720
65 1766
66 85
66 106
66 111
66 112
66 120
66 139
66 143
66 185
66 191
66 321
66 355
66 763
66 804
66 835
66 971
66 976
66 1093
66 1125
66 1136
66 1138
66 1183
66 1212
66 1324
66 1401
66 1472
66 1498
66 1846
67 81
67 85
67 161
67 167
67 255
67 358
67 363
67 411
67 514
67 555
67 744
67 806
67 832
67 873
67 897
67 994
67 1034
67 1205
67 1341
67 1365
67 1672
68 75
68 104
68 123
68 130
68 298
68 299
68 307
68 308
68 318
68 321
68 336
68 555
68 579
68 664
68 674
68 888
68 920
68 947
68 1352
68 1468
68 1478
68 1513
68 1605
68 1686
68 1718
68 1893
68 1974
69 96
69 192
69 217
69 224
69 241
69 252
69 302
69 609
69 813
69 1061
69 1067
69 1245
69 1261
69 1300
69 1330
69 1842
69 1861
70 109
70 213
70 350
70 401
70 454
70 617
70 638
70 1106
71 72
71 80
71 83
71 110
71 115
71 135
71 154
71 179
71 251
71 263
71 270
71 329
71 331
71 474
71 534
71 663
71 707
71 859
71 885
71 1177
71 1322
71 1345
71 1452
71 1515
71 1669
71 1827
71 1936
72 117
72 118
72 142
72 195
72 241
72 419
72 469
72 1179
72 1844
73 92
73 98
73 344
73 353
73 457
73 475
73 540
73 748
73 754
73 930
73 1016
73 1144
73 1198
73 1622
73 1637
73 1643
73 1890
74 84
74 132
74 385
74 548
74 642
74 771
74 799
74 808
74 810
74 844
74 856
74 868
74 876
74 919
74 960
74 1126
74 1299
74 1300
74 1328
74 1395
74 1406
74 1613
74 1616
74 1896
74 1924
74 1998
75 93
75 194
75 198
75 343
75 451
75 530
75 531
75 555
75 608
75 624
75 652
75 732
75 761
75 862
75 869
75 870
75 909
75 1074
75 1142
75 1208
75 1309
75 1379
75 1534
75 1622
75 1640
75 1835
75 1853
75 1877
75 1951
76 82
76 117
76 122
76 169
76 180
76 283
76 294
76 321
76 348
76 378
76 389
76 423
76 467
76 639
76 641
76 899
76 904
76 1005
76 1079
76 1085
76 1103
76 1112
76 1368
76 1409
76 1465
76 1964
77 151
77 175
77 295
77 367
77 404
77 446
77 580
77 588
77 693
77 773
77 855
77 982
77 1024
77 1074
77 1089
77 1197
77 1274
77 1408
77 1435
77 1514
77 1569
77 1660
77 1702
77 1803
77 1809
77 1949
78 123
78 155
78 199
78 258
78 268
78 295
78 298
78 336
78 393
78 420
78 449
78 455
78 479
78 480
78 549
78 597
78 700
78 728
78 730
78 880
78 979
78 985
78 1000
78 1033
78 1043
78 1114
78 1153
78 1226
78 1364
78 1455
78 1470
78 1483
78 1545
78 1571
78 1632
78 1830
79 120
79 167
79 327
79 367
79 384
79 625
79 636
79 713
79 859
79 876
79 1119
79 1814
80 81
80 152
80 153
80 181
80 392
80 412
80 482
80 647
80 651
80 675
80 804
80 893
80 1231
80 1399
80 1406
80 1687
80 1699
80 1721
80 1774
81 96
81 118
81 194
81 199
81 205
81 227
81 231
81 261
81 264
81 266
81 274
81 315
81 324
81 325
81 364
81 389
81 419
81 447
81 469
81 575
81 586
81 656
81 719
81 813
81 899
81 900
81 1054
81 1094
81 1158
81 1442
81 1498
81 1570
81 1672
81 1715
81 1734
81 1755
81 1763
82 101
82 131
82 192
82 198
82 308
82 355
82 372
82 391
82 650
82 676
82 972
82 1564
82 1583
82 1808
82 1920
83 110
83 117
83 142
83 144
83 171
83 211
83 222
83 250
83 392
83 411
83 424
83 479
83 493
83 582
83 610
83 770
83 867
83 921
83 928
83 1087
83 1323
83 1473
83 1674
83 1696
83 1804
83 1868
83 1913
83 1953
83 1986
83 2008
84 86
84 100
84 110
84 120
84 127
84 150
84 157
84 169
84 261
84 290
84 333
84 345
84 419
84 536
84 635
84 686
84 691
84 811
84 822
84 826
84 911
84 919
84 1329
84 1361
84 1367
84 1403
84 1406
84 1486
84 1502
84 1546
84 1598
84 1967
85 124
85 145
85 201
85 228
85 230
85 325
85 480
85 612
85 634
85 640
85 740
85 1164
85 1921
86 147
86 158
86 170
86 195
86 232
86 270
86 316
86 389
86 405
86 442
86 462
86 482
86 511
86 540
86 630
86 769
86 786
86 787
86 864
86 898
86 912
86 974
86 1010
86 1266
86 1268
86 1530
86 1716
86 1723
86 1767
86 1775
87 113
87 155
87 166
87 197
87 265
87 300
87 319
87 395
87 414
87 517
87 555
87 580
87 597
87 639
87 640
87 687
87 704
87 773
87 867
87 903
87 1049
87 1138
87 1159
87 1282
87 1308
87 1378
87 1580
87 1860
87 1954
88 202
88 221
88 269
88 456
88 552
88 570
88 669
88 790
88 931
88 949
88 1101
88 1332
88 1510
88 1590
88 1637
88 1728
88 1853
89 100
89 112
89 135
89 149
89 205
89 292
89 378
89 603
89 795
89 870
89 946
89 1094
89 1133
89 1140
89 1157
89 1208
89 1679
89 1719
90 114
90 364
90 489
90 493
90 606
90 897
90 1096
90 1186
90 1482
91 92
91 126
91 141
91 156
91 209
91 287
91 314
91 506
91 669
91 1147
91 1235
91 1272
91 1582
92 113
92 179
92 224
92 246
92 297
92 447
92 485
92 611
92 662
92 855
92 943
92 1095
92 1135
92 1192
92 1240
92 1400
92 1530
92 1599
92 1609
92 1646
92 1666
92 1735
92 1764
92 1826
92 1850
92 1983
93 110
93 116
93 136
93 154
93 165
93 206
93 238
93 245
93 427
93 577
93 606
93 743
93 760
93 808
93 813
93 862
93 1010
93 1015
93 1017
93 1070
93 1081
93 1182
93 1217
93 1243
93 1275
93 1426
93 1504
93 1525
93 1610
93 1666
93 1677
93 1785
93 1831
93 1904
93 1909
93 1962
93 1998
94 95
94 133
94 149
94 216
94 276
94 300
94 331
94 353
94 657
94 775
94 1121
94 1221
94 1535
94 1577
94 1600
94 1602
94 1834
94 1873
95 159
95 223
95 266
95 311
95 418
95 537
95 575
95 587
95 854
95 889
95 1105
95 1160
95 1190
95 1196
95 1202
95 1438
95 1594
95 1981
96 221
96 254
96 347
96 1236
96 1883
96 1989
97 126
97 205
97 231
97 269
97 382
97 410
97 530
97 687
97 752
97 936
97 1239
97 1261
97 1296
97 1388
97 1404
97 1536
97 1561
97 1851
97 1876
97 1984
98 192
98 337
98 553
99 108
99 113
99 152
99 163
99 172
99 265
99 303
99 362
99 424
99 523
99 561
99 605
99 865
99 940
99 1023
99 1198
99 1219
99 1240
99 1286
100 138
100 148
100 200
100 360
100 429
100 441
100 509
100 544
100 553
100 555
100 557
100 558
100 599
100 612
100 653
100 758
100 770
100 845
100 1024
100 1299
100 1381
100 1631
100 1898
100 1935
101 154
101 292
101 444
101 451
101 454
101 466
101 512
101 552
101 590
101 883
101 916
101 1105
101 1283
101 1515
101 1690
101 1916
101 1947
102 139
102 251
102 428
102 588
102 1026
102 1421
102 1643
102 1801
102 1902
103 170
103 172
103 187
103 194
103 238
103 277
103 324
103 383
103 421
103 618
103 717
103 724
103 753
103 757
103 780
103 824
103 872
103 922
103 1066
103 1179
103 1298
103 1450
103 1459
103 1504
103 1530
103 1566
103 1615
103 1618
103 1635
103 1941
103 1949
103 1964
104 142
104 217
104 287
104 450
104 1031
104 1451
104 1733
104 1839
104 1914
105 174
105 177
105 186
105 378
105 401
105 455
105 500
105 530
105 532
105 664
105 691
105 727
105 1003
105 1014
105 1303
105 1326
105 1655
105 1799
105 1848
105 1905
105 1970
106 115
106 178
106 271
106 702
106 973
106 1404
106 1566
106 1608
106 1621
106 1702
106 1896
107 124
107 362
107 459
107 486
107 552
107 696
107 713
107 719
107 1058
107 1350
107 1809
107 1920
108 116
108 133
108 144
108 211
108 350
108 363
108 442
108 451
108 511
108 589
108 740
108 829
108 879
108 998
108 1105
108 1119
108 1242
108 1580
108 1587
108 1633
108 1709
108 1830
108 1869
108 1942
108 1971
109 135
109 190
109 233
109 243
109 303
109 384
109 473
109 479
109 563
109 603
109 613
109 639
109 643
109 895
109 1338
109 1367
109 1370
109 1557
109 1604
109 1686
109 1792
109 1795
109 1962
109 1994
110 151
110 174
110 400
110 417
110 437
110 522
110 529
110 716
110 783
110 907
110 1265
110 1351
110 1429
110 1881
110 1963
110 1992
111 178
111 198
111 290
111 302
111 309
111 354
111 453
111 503
111 525
111 536
111 595
111 667
111 734
111 830
111 855
111 877
111 891
111 924
111 964
111 966
111 1012
111 1029
111 1032
111 1183
111 1292
111 1297
111 1305
111 1323
111 1411
111 1545
111 1585
111 1756
111 1806
111 1845
111 1934
112 119
112 287
112 571
112 798
112 958
112 1176
112 1179
112 1266
112 1364
112 1367
112 1369
112 1705
112 1820
113 160
113 191
113 212
113 217
113 277
113 531
113 584
113 593
113 648
113 656
113 674
113 677
113 683
113 783
113 880
113 1005
113 1034
113 1054
113 1075
113 1115
113 1200
113 1239
113 1390
113 1474
113 1561
113 1574
113 1642
113 1693
113 1730
113 1826
113 1974
114 492
114 816
115 776
115 800
115 1151
115 1382
115 1397
116 208
116 218
116 380
116 392
116 519
116 552
116 692
116 1118
116 1129
116 1399
116 1929
117 380
117 468
117 545
117 681
117 799
117 1124
117 1267
117 1671
118 151
118 293
118 324
118 359
118 590
118 646
118 649
118 662
118 738
118 818
118 827
118 951
118 993
118 997
118 1166
118 1261
118 1394
118 1418
118 1475
118 1758
118 1818
119 141
119 177
119 178
119 312
119 409
119 522
119 722
119 802
119 948
119 1253
119 1506
119 1520
119 1663
119 1810
119 1834
120 248
120 323
120 423
120 452
120 504
120 668
120 834
120 933
120 988
120 1008
120 1219
120 1373
120 1482
120 1653
121 145
121 149
121 163
121 268
121 308
121 347
121 351
121 426
121 464
121 505
121 603
121 680
121 692
121 780
121 867
121 1064
121 1076
121 1106
121 1221
121 1243
121 1371
121 1381
121 1445
121 1543
121 1547
121 1670
121 1731
121 1930
122 162
122 168
122 169
122 312
122 356
122 573
122 660
122 662
122 714
122 716
122 732
122 738
122 743
122 810
122 913
122 948
122 1130
122 1349
122 1351
122 1405
122 1441
122 1859
122 1896
123 125
123 131
123 168
123 184
123 195
123 270
123 326
123 673
123 678
123 720
123 740
123 782
123 798
123 933
123 938
123 992
123 1031
123 1035
123 1110
123 1209
123 1463
123 1509
123 1644
123 1961
124 181
124 204
124 242
124 331
124 340
124 349
124 434
124 518
124 554
124 599
124 629
124 642
124 766
124 781
124 872
124 905
124 964
124 1090
124 1157
124 1191
124 1659
124 1759
124 1782
124 1943
124 2008
125 165
125 477
125 587
125 645
125 695
125 731
125 1052
125 1471
126 143
126 234
126 236
126 243
126 285
126 320
126 322
126 408
126 423
126 443
126 454
126 517
126 551
126 625
126 672
126 673
126 828
126 840
126 946
126 984
126 991
126 1025
126 1253
126 1474
126 1841
126 1928
127 253
127 688
127 969
127 1406
128 148
128 196
128 207
128 280
128 301
128 372
128 445
128 600
128 890
128 931
128 1092
128 1116
128 1158
128 1170
128 1191
128 1222
128 1638
128 1648
128 1970
129 146
129 419
129 1205
129 1206
129 1237
129 1383
130 147
130 154
130 167
130 173
130 220
130 235
130 404
130 433
130 537
130 542
130 566
130 707
130 833
130 905
130 995
130 1141
130 1218
130 1313
130 1539
130 1719
130 1922
130 1997
131 137
131 214
131 233
131 275
131 295
131 340
131 346
131 362
131 365
131 369
131 422
131 524
131 805
131 820
131 874
131 936
131 1007
131 1358
131 1383
131 1456
131 1653
131 1679
131 1734
132 140
132 207
132 233
132 248
132 345
132 430
132 630
132 655
132 698
132 808
132 836
132 1362
132 1485
132 1683
132 1772
132 1830
133 187
133 367
133 429
133 819
133 999
133 1014
133 1020
133 1099
133 1544
133 1562
134 247
134 327
134 352
134 411
134 694
134 703
134 742
134 846
134 893
134 894
134 924
134 1377
134 1766
134 1824
135 196
135 209
135 335
135 1051
135 1061
135 1972
136 366
136 473
136 712
136 891
136 1009
136 1449
137 139
137 145
137 183
137 193
137 236
137 281
137 316
137 460
137 472
137 598
137 717
137 738
137 754
137 789
137 791
137 910
137 923
137 1009
137 1086
137 1660
137 1704
138 216
138 535
138 566
138 649
138 705
138 729
138 760
138 793
138 1008
138 1385
138 1818
139 176
139 203
139 252
139 398
139 452
139 651
139 658
139 709
139 721
139 733
139 920
139 1058
139 1346
139 1487
139 1573
140 202
140 320
140 428
140 560
140 753
140 757
140 955
140 1178
140 1512
140 1562
140 1606
140 1669
141 306
141 333
141 342
141 343
141 352
141 547
141 684
141 710
141 717
141 799
141 813
141 959
141 1081
141 1164
141 1332
141 1368
141 1550
141 1574
141 1740
141 1797
142 206
142 263
142 485
142 619
142 755
142 1344
142 1410
142 1485
142 1536
143 215
143 451
143 520
143 642
143 1122
143 1202
143 1320
143 1679
143 1743
143 1950
144 190
144 219
144 245
144 293
144 305
144 484
144 498
144 514
144 658
144 785
144 920
144 1147
144 1298
144 1353
144 1446
144 1478
144 1511
144 1771
145 556
145 717
145 899
145 937
145 984
145 985
145 1279
145 1572
145 1833
146 184
146 486
146 588
146 644
146 691
146 842
146 857
146 1002
146 1098
146 1807
146 1877
147 200
147 252
147 601
147 749
147 796
147 845
147 1208
147 1449
147 1589
147 1684
147 1869
148 227
148 235
148 243
148 329
148 859
148 952
148 1106
148 1185
148 1386
149 176
149 309
149 317
149 1165
149 1255
149 1353
149 1558
150 158
150 380
150 586
151 183
151 185
151 193
151 194
151 215
151 256
151 312
151 384
151 489
151 505
151 533
151 585
151 793
151 1125
151 1140
151 1194
151 1393
151 1765
151 1860
151 2004
152 162
152 210
152 249
152 386
152 411
152 562
152 578
152 579
152 719
152 784
152 821
152 1120
152 1941
153 202
153 301
153 377
153 505
153 534
153 641
153 779
153 1143
153 1148
153 1664
153 1691
153 1777
153 1917
154 219
154 222
154 227
154 234
154 368
154 386
154 620
154 709
154 823
154 868
154 1015
154 1244
154 1315
154 1393
154 1492
154 1534
154 1589
154 1879
154 1893
155 160
155 188
155 279
155 299
155 449
155 563
155 601
155 767
155 816
155 963
155 1080
155 1108
155 1457
155 1700
155 1840
155 1884
156 177
156 190
156 222
156 226
156 283
156 293
156 436
156 502
156 546
156 631
156 777
156 798
156 836
156 1060
156 1199
156 1491
156 1859
156 1993
157 237
157 305
157 677
157 678
157 1066
157 1480
157 1644
158 408
158 422
158 665
158 1745
158 1778
158 1788
158 1969
159 165
159 284
159 288
159 372
159 373
159 483
159 671
159 682
159 822
159 909
159 1085
159 1268
159 1326
159 1625
159 1995
160 234
160 516
160 949
160 954
160 1056
160 1087
160 1205
160 1510
160 1554
160 1752
161 170
161 310
161 401
161 503
161 569
161 670
161 1091
161 2005
162 197
162 228
162 252
162 317
162 407
162 455
162 459
162 491
162 583
162 647
162 672
162 816
162 1101
162 1309
162 1543
162 1580
162 1581
162 1647
162 1714
162 1742
162 1783
162 1960
163 258
163 312
163 328
163 853
163 856
163 1003
163 1335
163 1404
163 1414
163 1486
163 1698
163 1797
163 1939
164 244
164 416
164 1173
164 1700
164 1895
164 1949
165 658
165 1067
166 201
166 247
166 333
166 337
166 375
166 421
166 448
166 454
166 494
166 610
166 713
166 785
166 803
166 851
166 885
166 931
166 1050
166 1290
166 1425
166 1492
166 1526
166 1709
166 1761
166 1881
166 1945
167 388
167 406
167 681
167 694
167 956
167 1216
167 1574
167 1675
167 1823
168 181
168 307
168 330
168 339
168 638
168 645
168 665
168 727
168 840
168 1013
168 1530
168 1663
168 1811
169 259
169 394
169 613
169 700
169 875
169 884
169 920
169 1280
169 1321
169 1546
169 1597
169 1698
170 211
170 441
170 461
170 488
171 204
171 206
171 260
171 321
171 331
171 336
171 402
171 567
171 658
171 685
171 718
171 730
171 851
171 853
171 964
171 1158
171 1249
171 1374
171 1496
171 1557
171 1799
171 1807
171 1836
171 1848
172 283
172 310
172 344
172 393
172 462
172 519
172 588
172 660
172 806
172 824
172 882
172 1191
172 1235
172 1257
172 1313
173 241
173 424
173 718
173 746
173 1434
173 1557
173 1835
174 304
174 499
174 635
174 861
174 889
174 937
174 942
174 1420
174 1523
175 250
175 253
175 299
175 352
175 467
175 710
175 868
175 1187
175 1232
175 1454
175 1940
176 191
176 202
176 235
176 274
176 309
176 584
176 729
176 1536
176 1640
176 1671
176 1674
177 406
177 647
177 1144
177 1377
178 247
178 249
178 324
178 365
178 432
178 538
178 758
178 976
178 1223
178 1277
178 1279
178 1324
178 1584
178 1671
178 1724
178 1783
178 1812
179 187
179 221
179 312
179 340
179 395
179 410
179 514
179 603
179 763
179 770
179 917
179 976
179 1421
179 1495
179 1571
179 1641
179 1824
179 1980
180 226
180 246
180 259
180 275
180 284
180 339
180 462
180 669
180 907
180 1070
180 1204
180 1346
180 1607
180 1857
181 314
181 471
181 513
181 898
181 997
181 1085
181 1203
181 1246
181 1363
181 1370
182 273
182 467
182 801
182 838
182 968
182 993
182 1011
182 1055
182 1230
182 1364
182 1432
182 1668
182 1915
182 1989
183 203
183 225
183 267
183 319
183 343
183 406
183 489
183 550
183 906
183 1057
183 1063
183 1282
183 1773
184 216
184 249
184 296
184 449
184 515
184 570
184 604
184 802
184 861
184 917
184 1086
184 1212
184 1223
184 1240
184 1398
184 1628
184 1799
184 1996
185 348
185 946
185 1120
185 1323
185 1329
185 1378
185 1443
185 1472
186 281
186 382
186 801
186 1131
186 1179
186 1261
186 1429
186 1509
186 1534
186 1567
186 1629
186 1688
186 1696
186 1882
187 393
187 442
187 722
187 749
187 1061
187 1134
187 1240
187 1311
187 1382
187 1416
187 1491
187 1497
187 1499
187 1549
187 1558
187 1582
187 1774
188 231
188 239
188 422
188 609
188 1173
188 1384
188 1397
188 1619
188 1670
188 1765
188 1984
189 266
189 275
189 644
189 690
189 1227
189 1817
189 1842
189 1847
190 298
190 395
190 497
190 565
190 723
190 774
190 785
190 1052
190 1133
190 1139
190 1451
190 1567
190 1685
190 1819
190 1988
191 345
191 1244
191 2008
192 376
192 508
192 512
192 661
192 831
192 1414
192 1618
192 1699
192 1721
193 811
193 975
193 1247
193 1473
193 1531
193 1632
194 472
194 873
194 937
194 1482
194 1497
194 1776
195 347
195 358
195 373
195 397
195 399
195 409
195 522
195 528
195 636
195 659
195 662
195 757
195 1068
195 1093
195 1103
195 1414
195 1749
195 1786
195 1788
196 257
196 291
196 528
196 626
196 781
196 937
196 1221
196 1355
196 1513
196 1552
197 221
197 228
197 284
197 298
197 329
197 393
197 432
197 475
197 528
197 723
197 1157
197 1159
197 1170
197 1365
197 1376
197 1488
198 264
198 366
198 512
198 580
198 859
198 1023
198 1102
199 631
199 1061
199 1369
199 1561
199 1819
200 316
200 394
200 507
200 619
200 664
200 693
200 1440
200 1608
200 1644
200 1736
200 1908
201 230
201 271
201 304
201 403
201 450
201 703
201 720
201 772
201 819
201 831
201 1010
201 1220
201 1627
201 1848
201 1919
202 220
202 280
202 289
202 293
202 311
202 314
202 357
202 405
202 519
202 684
202 706
202 747
202 911
202 975
202 998
202 1131
202 1316
202 1436
202 1973
203 230
203 335
203 395
203 648
203 867
203 1126
203 1725
203 1794
203 1802
204 217
204 223
204 282
204 352
204 475
204 476
204 692
204 745
204 951
204 1278
204 1409
204 1524
204 1568
204 1632
205 293
205 348
205 426
205 638
205 684
205 857
205 1041
205 1066
205 1133
205 1187
205 1225
205 1307
205 1347
205 1379
205 1505
205 1626
206 1020
206 1071
206 1211
207 268
207 481
207 747
207 760
207 894
207 1265
207 1427
208 317
208 1026
208 1301
208 1572
209 228
209 236
209 274
209 631
209 858
209 867
209 963
209 1385
210 213
210 338
210 377
210 470
210 711
210 836
210 1002
210 1090
210 1159
210 1689
210 1768
211 326
211 500
211 538
211 1017
211 1093
211 1604
211 1742
211 1901
212 1089
212 1293
213 485
213 576
213 736
213 1986
214 949
214 1226
214 1369
214 1517
215 345
215 437
215 519
215 590
215 646
215 682
215 801
215 988
215 1184
215 1362
215 1368
215 1549
215 1724
215 1761
215 1904
216 244
216 412
216 457
216 476
216 630
216 736
216 1057
216 1465
216 1914
217 234
217 343
217 527
217 724
217 843
217 909
217 932
217 1164
217 1225
217 1334
217 1750
217 1772
218 248
218 485
218 538
218 573
218 642
218 793
218 861
218 906
218 1004
218 1036
218 1133
218 1254
218 1442
218 1466
218 1778
218 1832
218 1841
219 227
219 284
219 483
219 494
219 523
219 551
219 661
219 711
219 788
219 991
219 1362
219 1369
219 1425
219 1497
219 1570
219 1855
219 1956
219 2010
220 286
220 350
220 422
220 598
220 602
220 881
220 1717
220 1878
221 334
221 774
221 1279
221 1280
221 1353
221 1538
222 279
222 596
222 769
222 1051
222 1432
222 1469
223 245
223 282
223 346
223 399
223 434
223 438
223 481
223 508
223 535
223 997
223 1040
223 1138
223 1665
223 1855
224 255
224 294
224 453
224 457
224 735
224 737
224 760
224 767
224 769
224 841
224 917
224 921
224 927
224 1048
224 1178
224 1194
224 1447
224 1687
224 1806
225 248
225 309
225 355
225 366
225 475
225 526
225 539
225 583
225 587
225 807
225 1085
225 1093
225 1738
225 1830
226 694
226 718
226 748
226 799
226 803
226 948
226 1145
226 1443
226 1809
226 1954
226 1983
227 240
227 298
227 305
227 458
227 460
227 468
227 1357
228 246
228 582
228 821
228 1338
229 385
229 1061
229 1714
229 1832
230 430
230 557
230 608
230 787
230 1201
230 1236
230 1327
230 1464
230 1595
230 1985
231 308
231 518
231 532
231 567
231 667
231 708
231 786
231 935
231 992
231 1143
231 1336
231 1626
231 1749
231 1765
231 1777
232 452
232 643
232 678
232 695
232 761
233 534
233 1340
233 1581
234 443
234 485
234 912
234 1016
234 1046
235 375
235 382
235 477
235 586
235 847
235 1012
235 1178
235 1214
236 428
236 1238
236 1560
237 250
237 444
237 618
237 707
237 1881
237 1889
238 278
238 361
238 432
238 501
238 604
238 616
238 871
238 1080
238 1162
238 1248
238 1285
238 1305
238 1317
238 1452
238 1624
238 1746
238 1756
238 1844
239 290
239 604
239 734
239 906
239 941
239 1099
239 1231
239 1742
240 316
240 347
240 941
240 955
240 1076
240 1333
240 1342
240 1412
240 1445
240 2001
241 535
241 1335
241 1610
241 1670
242 685
242 1028
242 1545
242 1685
242 1734
243 730
243 854
243 961
243 1115
243 1835
244 375
244 612
244 1181
244 1555
244 1811
245 688
245 714
245 1097
245 1154
245 1669
245 1851
246 255
246 288
246 357
246 432
246 549
246 692
246 719
246 839
246 920
246 1135
246 1190
246 1445
246 1477
246 1656
246 1729
246 1856
247 490
247 511
247 663
247 668
247 1228
247 1639
247 1692
248 436
248 516
248 615
248 904
248 983
248 987
248 1402
248 1703
248 1850
248 1883
249 860
249 980
249 1047
249 1082
249 1166
249 1255
249 1284
249 1489
249 1536
249 1618
249 1679
249 1833
249 1929
250 559
250 615
250 992
250 1568
251 277
251 297
251 300
251 522
251 659
251 1007
251 1046
251 1067
252 315
252 359
252 445
252 487
252 572
252 585
252 712
252 854
252 958
252 990
252 1265
252 1422
252 1431
252 1459
252 1484
252 1506
253 374
253 472
253 909
253 1282
253 1424
253 1766
253 1807
253 1897
254 260
254 301
254 341
254 487
254 532
254 1078
254 1123
254 1570
254 1778
255 267
255 435
255 1084
255 1352
255 1784
256 537
256 698
256 1158
256 1308
256 1507
256 1687
257 291
257 428
257 1039
257 1250
258 306
258 319
258 323
258 366
258 391
258 577
258 613
258 653
258 661
258 665
258 728
258 870
258 1002
258 1029
258 1174
258 1275
258 1631
258 1721
258 1892
259 348
259 417
259 440
259 674
259 739
259 825
259 924
260 386
260 539
260 570
260 670
260 952
260 995
260 1161
260 1266
260 1481
260 1739
261 273
261 301
261 381
261 730
261 892
261 980
261 1074
261 1474
261 1640
261 1823
262 273
262 453
262 676
262 994
262 1233
263 283
263 354
263 395
263 529
263 542
263 718
263 959
263 1256
263 1571
263 1612
263 1619
264 289
264 629
264 705
264 1148
264 1206
264 1701
264 1922
265 748
265 1516
265 1762
266 278
266 295
266 302
266 306
266 487
266 624
266 682
266 740
266 839
266 960
266 968
266 1073
266 1200
266 1224
266 1324
266 1548
266 1564
266 1641
266 1696
266 1840
266 1879
267 645
267 795
267 972
267 1277
268 696
269 273
269 491
269 728
269 750
269 965
269 1030
269 1105
269 1320
269 1370
269 1637
269 1745
270 349
270 367
270 373
270 429
270 563
270 641
270 823
270 1263
270 1460
270 1853
270 1989
271 446
271 465
271 516
271 551
271 636
271 681
271 791
271 805
271 838
271 870
271 910
271 1178
271 1227
271 1292
271 1478
271 1702
271 1801
271 1838
271 1866
271 2002
272 274
272 318
272 377
272 438
272 512
272 747
272 838
272 1373
272 1387
272 1540
272 1646
272 1671
272 1755
272 1797
272 1910
272 1923
273 472
273 562
273 773
273 1509
273 1803
273 1925
273 1946
274 477
274 538
274 577
274 917
274 1221
274 1296
274 1377
274 1498
275 470
275 911
275 1726
276 501
276 715
276 1042
276 1171
276 1326
276 1612
277 291
277 564
277 764
277 864
277 948
277 1013
277 1198
277 1203
277 1906
278 370
278 439
278 556
278 597
278 802
278 910
278 939
278 995
278 1044
278 1053
278 1258
278 1400
278 1499
278 1842
278 1912
278 1995
279 340
279 457
279 720
279 833
279 896
279 921
279 1094
279 1614
279 1726
279 2011
280 442
280 533
280 646
280 663
280 955
280 1229
280 1248
280 1270
280 1630
280 1754
281 396
281 594
281 944
282 456
282 503
282 524
282 525
282 575
282 727
282 776
282 780
282 982
282 1036
282 1390
283 401
283 775
283 870
283 1056
283 1060
283 1063
283 1141
283 1149
283 1208
283 1262
283 1338
283 1480
283 1531
283 1550
283 1912
283 1943
284 1075
285 305
285 807
285 987
285 1541
285 1805
286 759
287 409
287 463
287 567
287 652
287 846
287 941
287 1405
287 1456
287 1588
288 404
288 408
288 446
288 482
288 782
288 1588
289 523
289 778
289 1467
290 445
290 512
290 683
290 881
290 925
290 977
290 1257
290 1366
291 294
291 371
291 604
291 654
291 697
291 749
291 926
291 989
291 1135
291 1158
291 1524
291 1820
291 1951
291 1957
292 297
292 616
292 890
292 906
292 1002
292 1029
292 1196
292 1251
292 1288
292 1431
292 1514
292 1854
293 465
293 520
293 962
293 1003
293 1744
293 1749
294 1154
294 1322
294 1355
294 1774
294 2002
295 496
295 651
295 852
295 857
295 967
295 1030
295 1409
295 1431
295 1519
295 1577
295 1643
295 1985
297 319
297 1303
297 1695
298 335
298 353
298 385
298 418
298 1001
298 1088
298 1335
298 1357
298 1458
298 1707
298 1795
298 1863
298 1922
299 370
299 405
299 515
299 543
299 771
299 805
299 827
299 895
299 929
299 930
299 979
299 1145
299 1160
299 1194
299 1210
299 1259
299 1261
299 1413
299 1420
299 1437
299 1441
299 1595
299 1634
299 1673
299 1789
299 1813
299 1855
300 591
300 835
300 1707
300 1715
301 369
301 383
301 468
301 561
301 693
301 704
301 710
301 871
301 1065
301 1113
302 336
302 519
302 1304
302 1436
302 1611
303 306
303 350
303 355
303 356
303 388
303 410
303 647
303 714
303 762
303 935
303 1128
303 1171
303 1172
303 1428
303 1690
303 1708
303 1732
303 1789
304 526
304 652
304 1092
304 1105
304 1287
305 402
305 812
305 1043
305 1236
306 327
306 359
306 376
306 752
306 1301
306 1620
306 1727
306 1798
307 363
307 415
307 571
307 572
307 679
307 768
307 863
307 1255
307 1332
307 1342
307 1400
307 1419
307 1463
307 1791
307 1982
308 537
308 619
308 771
308 1078
308 1183
309 376
309 531
309 539
309 563
309 919
309 1041
309 1431
309 1523
309 1841
309 1986
310 705
310 916
310 1025
310 1078
310 1144
310 1517
310 1637
310 1901
311 333
311 442
311 448
311 460
311 507
311 550
311 694
311 945
311 1238
311 1853
311 1906
312 508
312 1621
312 1751
313 318
313 877
314 459
314 688
314 795
314 874
314 903
314 1435
314 1757
315 349
315 465
315 1593
315 1725
316 361
316 368
316 739
316 833
316 903
316 1052
316 1099
316 1127
316 1156
316 1173
316 1317
316 1356
316 1360
316 1666
316 1704
316 1769
316 1785
317 390
317 529
317 549
317 803
317 883
317 1080
317 1327
317 1841
318 375
318 415
318 447
318 541
318 756
318 851
318 997
318 1040
318 1108
318 1441
318 1524
318 1586
318 1727
319 373
319 509
319 527
319 728
319 744
319 1333
319 1444
319 1486
319 2002
320 474
320 533
320 545
320 671
320 693
320 825
320 991
320 1193
320 1352
320 1663
320 1664
321 337
321 630
321 1027
321 1712
322 368
322 680
322 698
322 699
322 820
322 926
322 1168
323 337
323 746
323 847
323 900
323 1021
323 1205
323 1550
323 1588
323 1859
323 1921
324 488
324 547
324 741
324 811
324 879
324 938
324 959
324 1063
324 1360
324 1365
324 1483
324 1694
324 1708
324 1759
324 1944
324 1953
325 405
325 409
325 465
325 498
325 615
325 897
325 1040
325 1060
325 1232
325 1477
325 1816
325 1865
325 1992
326 328
326 414
326 420
326 1211
327 1283
327 1970
328 382
328 385
328 562
328 839
328 954
328 1770
329 350
329 448
329 756
329 796
329 904
329 1132
329 1381
329 1538
329 1923
330 383
330 454
330 633
330 685
330 710
330 788
330 932
330 1048
330 1490
330 1569
330 1804
330 1909
331 479
331 595
331 617
331 807
331 856
331 1340
331 1377
331 1403
331 1432
331 1651
332 358
332 701
332 796
332 1082
332 1234
332 1527
332 1651
333 397
333 520
333 1156
333 1243
333 1268
334 538
334 572
334 679
334 710
334 901
334 1216
334 1305
334 1448
334 1493
335 1424
335 1554
335 1921
336 1295
336 1314
337 482
337 611
337 869
337 956
337 965
337 1004
337 1269
337 1318
337 1532
337 1674
337 1801
337 1930
337 1959
338 398
338 666
338 791
338 987
338 1828
338 1831
338 1900
339 351
339 368
339 526
339 553
339 632
339 716
339 1034
339 1328
339 1960
340 371
340 440
340 527
340 533
340 605
340 865
341 407
341 444
341 497
341 707
341 876
341 1402
341 1430
341 1792
341 1905
342 388
342 461
342 470
342 564
342 759
342 774
342 818
342 884
342 1302
342 1490
342 1539
342 1692
343 1064
343 1563
343 1806
343 1911
344 399
344 635
344 940
344 952
345 544
345 941
345 1885
346 671
346 759
346 797
346 982
347 368
347 425
348 1564
348 1648
348 1866
348 1894
348 1955
349 621
349 961
349 1080
349 1266
349 1540
349 1593
349 1738
350 463
350 666
350 802
350 806
350 812
350 1153
351 394
351 752
351 998
351 1012
351 1508
351 1575
352 529
352 685
352 1022
352 1839
352 1860
353 573
353 1347
354 413
354 1003
354 1669
355 425
355 661
355 1306
355 1572
356 878
356 1069
356 1177
356 1535
357 376
357 396
357 701
357 781
357 1159
357 1447
357 1464
357 1595
357 1668
358 383
358 420
358 603
358 822
358 1287
358 1415
358 1474
358 2001
359 560
359 568
359 687
359 706
359 1096
359 1329
359 1430
359 1599
359 1620
359 1840
359 1959
360 1015
360 1077
360 1146
361 1057
361 1347
362 774
362 843
362 1039
362 1234
362 1250
362 1900
362 1910
362 1916
363 387
363 489
363 593
363 699
363 732
363 829
363 846
363 1122
363 1250
363 1354
363 1397
363 1457
363 1475
363 1604
363 1686
364 600
364 943
364 1109
364 1113
364 1164
364 1435
364 1813
365 496
365 596
365 701
365 942
365 1016
365 1088
365 1343
365 1374
365 1870
365 1945
365 1953
366 381
366 458
366 944
366 1338
366 1632
367 436
367 478
367 676
367 1100
367 1204
367 1951
368 453
368 626
368 947
369 471
369 576
369 670
369 689
369 923
369 1225
369 1297
369 1558
369 1747
369 1778
369 1955
370 1090
370 1735
371 514
371 528
371 657
371 670
371 943
371 1319
371 1397
371 1617
371 1703
371 1822
371 1863
372 498
372 778
372 806
372 911
372 1056
372 1339
372 1559
372 1596
372 1849
372 1913
373 525
373 567
373 742
373 826
373 846
373 910
373 1037
373 1049
373 1586
373 1727
374 396
374 540
374 600
374 740
374 741
374 1028
374 1037
374 1055
374 1278
374 1678
374 1682
375 393
375 689
375 1449
376 499
376 670
376 706
376 735
376 764
376 1281
376 1389
376 1942
377 467
377 620
377 621
377 726
377 1352
377 1382
377 1461
377 1500
377 1591
377 1885
378 412
378 492
378 835
378 1365
378 1510
378 1568
379 387
379 660
379 778
379 1170
379 1706
380 871
380 1214
380 1231
380 1412
380 1526
380 1734
381 515
381 607
381 628
381 872
381 908
381 988
381 1028
381 1218
381 1299
381 1427
381 1827
382 405
382 410
382 536
382 550
382 595
382 673
382 768
382 792
382 875
382 928
382 1100
382 1272
382 1281
382 1348
382 1378
382 1412
382 1560
382 1656
383 422
383 436
383 518
383 532
383 655
383 884
383 898
383 912
383 1091
383 1269
383 1505
383 1832
383 1886
384 386
384 399
384 820
384 971
384 1048
384 1130
384 1163
384 1259
384 1470
384 1476
385 764
385 1944
386 430
386 940
386 1375
386 1779
386 1941
387 542
387 643
387 736
387 965
387 1032
387 1079
387 1298
387 1344
387 1438
387 1516
387 1588
387 1616
387 1696
387 1852
388 391
388 491
388 539
388 1014
388 1059
388 1150
388 1182
388 1235
388 1704
388 1847
389 671
389 1051
389 1151
389 1407
389 1628
389 1693
389 1982
390 882
390 974
390 1521
391 479
391 833
391 1077
391 1219
391 1534
391 1900
392 462
393 413
393 852
393 1196
393 1204
393 1907
394 554
394 558
394 592
394 679
394 791
394 953
394 1287
394 1576
394 1838
395 398
395 463
395 531
395 673
395 1216
395 1386
395 1448
396 450
396 755
396 803
396 831
396 1528
396 1597
396 1753
397 475
397 499
397 511
397 553
397 1165
397 1185
397 1494
397 1821
397 1996
398 622
398 628
398 675
398 827
398 1036
398 1867
398 1871
398 1928
399 496
399 984
399 1510
399 1579
399 1778
400 484
400 653
400 700
400 832
400 1055
401 614
401 624
402 441
402 513
402 747
402 1113
402 1179
402 1241
402 1348
402 1385
403 558
403 1132
403 1755
404 540
404 1702
405 492
405 824
405 828
405 1008
405 1444
405 1518
405 1888
406 639
406 743
406 784
406 1095
406 1142
406 1417
406 1719
407 1192
407 1822
408 574
408 783
408 802
408 1288
408 1360
408 1402
409 560
409 698
409 771
409 1084
409 1153
409 1324
409 1447
409 1504
410 431
410 1676
411 469
411 630
411 704
412 683
412 708
412 1427
413 429
413 880
413 1125
413 1210
413 1264
413 1635
414 908
414 1116
414 1182
414 1539
414 1625
415 550
415 564
415 565
415 619
415 762
415 868
415 898
415 991
415 1123
415 1202
415 1293
415 1304
415 1463
415 1594
415 1620
416 1046
417 602
417 1215
417 1765
417 1770
417 1799
417 1993
418 579
418 632
418 841
418 941
418 957
418 1018
418 1030
418 1938
418 1956
419 1301
419 1649
420 733
420 1408
420 1728
421 430
421 598
421 1176
421 1215
421 1641
422 534
422 637
422 844
422 1108
422 1707
422 1759
423 657
423 708
423 1127
423 1328
423 1453
423 1500
423 1512
424 490
424 693
424 1289
424 1734
425 501
425 560
425 591
425 601
425 1114
425 1276
425 1385
425 1694
426 491
426 495
426 762
426 1459
426 1468
426 1903
427 495
427 922
427 1479
428 491
428 863
428 1112
428 1162
428 1267
429 953
429 1152
429 1188
429 1192
429 1597
429 1975
430 450
430 493
430 557
430 687
430 783
430 805
430 1216
430 1344
430 1361
430 1587
430 1643
430 1923
431 592
431 599
431 1082
431 1461
431 1574
431 1585
432 994
432 1071
432 1181
432 1193
432 1757
432 1797
433 610
433 655
433 866
433 1045
433 1275
433 1373
433 1410
433 1649
433 1823
433 1958
434 1036
434 1045
434 1321
434 1516
434 1672
435 1001
435 1796
436 484
436 924
436 1086
438 650
438 958
438 974
439 617
439 649
439 705
439 871
439 971
439 1207
439 1214
439 1506
439 1595
439 1608
439 1698
439 1797
440 886
441 812
441 1046
441 1428
441 1605
442 459
442 1165
443 1800
444 458
444 478
444 510
444 513
444 668
444 722
444 818
444 854
444 895
444 1468
444 1899
445 601
445 785
445 1716
445 1906
446 862
446 956
446 1295
446 1432
446 1589
446 1644
446 1794
447 1871
448 614
448 633
448 664
448 921
448 927
448 1013
448 1242
448 1327
448 1629
448 1697
449 455
449 1097
449 1167
449 1222
450 543
450 1019
450 1801
451 561
451 575
451 1559
452 862
452 1147
452 1252
452 1533
452 1833
452 1937
453 458
453 573
453 914
453 1446
453 1688
454 971
454 1017
454 1367
454 1470
454 1763
454 1972
455 879
455 1293
455 1572
455 1932
456 517
456 785
456 810
456 1155
456 1328
456 1555
456 1592
456 1684
456 1846
456 1928
457 571
457 686
457 1010
457 1147
457 1273
457 1318
457 1808
458 663
458 676
458 1740
459 736
459 741
459 772
459 808
459 891
459 1058
459 1218
459 1486
459 1785
459 1972
460 473
460 887
460 1214
460 1460
460 1595
461 620
461 1210
461 1363
461 1448
461 1800
462 618
462 938
462 1066
463 606
463 664
463 1028
463 1192
463 1288
464 539
464 755
464 860
464 1226
464 1243
464 1330
464 1459
465 494
465 918
465 1444
466 468
466 616
466 825
466 934
466 1005
466 1288
466 1527
467 724
467 946
467 1176
467 1387
468 752
468 1076
469 534
469 721
469 969
469 1421
470 1296
471 1113
471 1313
472 592
472 814
472 1864
473 581
473 744
473 815
473 932
473 1077
473 1107
473 1189
473 1277
473 1447
473 1600
473 1674
474 560
474 614
474 845
474 865
474 982
474 1123
474 1172
474 1209
474 1680
474 1750
475 548
475 593
475 1009
475 1024
475 1723
475 1741
476 488
476 566
476 622
476 777
476 942
476 1080
476 1141
476 1987
477 486
477 509
477 675
477 690
477 708
477 731
477 921
477 1187
477 1264
477 1758
477 1925
478 495
478 521
478 939
478 1004
478 1053
478 1117
478 1633
479 544
479 612
479 1316
480 712
480 1312
480 1475
480 1558
481 621
481 654
481 834
481 905
481 1681
481 1773
481 1793
481 1837
481 1903
481 1996
481 2002
482 572
482 828
482 1119
482 1167
482 1215
482 1241
482 1408
482 1551
482 2011
483 666
483 773
483 777
483 831
483 849
483 950
483 1278
483 1781
483 1983
484 666
484 922
484 961
484 1306
485 499
485 589
485 865
485 1311
486 1377
486 1802
487 500
487 1152
487 1355
487 1392
488 506
488 622
489 908
489 949
489 1568
490 559
490 895
490 990
490 1092
490 1167
490 1247
490 1307
490 1554
490 1672
491 589
491 1149
491 1798
492 634
492 755
492 1861
492 2000
493 602
493 857
493 993
493 1009
493 1390
493 1807
493 1872
494 877
494 1503
494 1733
495 526
495 554
495 729
495 896
495 989
495 1293
495 1489
495 1713
495 1763
495 1875
495 1904
496 545
496 568
496 591
496 886
496 1458
497 547
497 830
497 1254
497 1804
498 1168
499 546
499 552
499 577
499 751
499 1598
499 1650
499 1859
500 697
500 812
500 830
500 1114
501 1121
502 902
502 1122
502 1341
502 1772
503 741
503 1352
503 1611
504 1077
504 1789
505 596
505 746
506 510
506 650
506 692
506 798
506 818
506 857
506 1095
506 1220
506 1781
506 1924
507 623
507 646
507 837
508 1155
509 796
509 978
509 1322
509 1505
509 1525
509 1695
511 794
511 881
511 1693
511 1829
511 1848
512 586
512 637
512 972
512 1034
512 1136
512 1387
512 1514
512 1577
512 1641
513 594
513 962
513 964
513 1018
513 1037
513 1337
513 1419
513 1692
513 1722
513 1882
514 737
515 584
515 913
515 944
515 1018
516 966
516 1137
516 1246
517 827
517 1027
517 1119
517 1519
518 1005
518 1142
518 1278
518 1751
518 1753
519 585
519 591
519 1134
519 1415
520 721
520 1683
520 1741
520 1835
521 720
521 1294
521 1380
521 1749
521 2010
522 541
522 564
522 607
522 1020
522 1294
522 1754
523 958
523 1107
523 1232
523 1419
523 1476
523 1958
524 598
524 680
524 699
524 1653
525 718
525 1455
526 879
526 1276
527 605
527 929
527 1051
527 1184
527 1286
527 1731
527 1755
528 651
528 657
528 1361
528 1415
528 1461
529 915
529 955
529 1184
529 1266
529 1281
529 1311
529 1345
529 1366
529 1684
530 548
530 566
530 570
530 1181
530 1980
531 818
532 546
532 1433
533 622
533 1022
533 1146
533 1263
533 1716
535 652
535 700
535 714
535 954
535 1047
535 1110
535 1265
535 1433
536 936
536 1668
536 1872
536 1931
537 541
537 617
537 951
538 624
538 707
538 831
538 1647
538 1761
538 1857
539 2007
540 733
540 1325
541 906
541 967
542 826
542 850
542 1339
542 1350
542 1718
543 779
543 902
543 1223
543 1403
544 596
544 1062
544 1603
544 1789
544 1938
545 750
545 840
545 864
545 1379
545 1501
545 1681
545 1690
546 609
546 864
546 1325
546 1492
546 1538
546 1547
546 1609
546 1698
546 1995
547 636
547 1160
547 1535
547 1792
547 1950
548 1149
548 1507
550 602
550 638
550 704
550 776
550 1035
550 1169
550 1268
550 1446
550 1822
551 1111
551 1682
552 559
552 584
552 721
552 892
552 957
552 965
552 1015
552 1044
552 1461
552 1559
552 1688
552 1952
553 1291
553 1890
554 786
554 803
554 914
554 1210
554 1306
554 1823
554 1909
554 1935
555 1229
556 568
556 913
556 1336
556 1351
556 1843
557 875
557 1860
558 746
558 787
558 1056
558 1469
558 1506
558 1864
558 1997
559 581
559 849
559 1031
559 1680
559 1732
560 684
560 748
560 1164
560 1668
560 1933
561 689
561 850
561 1407
561 1699
561 1736
561 1905
562 766
562 1267
563 594
563 746
563 1038
563 1126
563 1888
564 974
564 1055
564 1196
564 1779
565 933
566 925
567 1041
567 1683
568 792
568 1201
570 625
570 726
570 878
570 1276
570 1302
570 1428
570 1499
571 642
571 648
571 824
571 1744
572 1057
572 1320
572 1636
573 770
573 1180
573 1413
573 1898
575 587
575 1511
575 1645
575 1656
575 1657
575 1699
576 618
576 1091
576 1948
577 791
577 914
578 596
578 788
578 1034
578 1654
579 734
579 793
579 887
579 1140
579 1337
579 1659
580 1062
580 1157
580 1255
581 716
581 771
581 907
582 1060
582 1649
583 595
583 849
583 874
583 1230
583 1910
584 765
584 1134
584 1344
585 650
585 666
585 1031
585 1067
585 1287
585 1294
585 1314
585 1469
585 1503
586 647
586 848
587 1966
588 722
588 1754
588 1872
589 1792
589 1956
590 1331
590 1579
590 1715
591 820
591 1553
591 1821
592 597
592 753
592 764
592 989
592 1156
592 1242
592 1714
593 600
594 1170
594 1317
594 1666
594 1692
595 927
595 972
595 1020
595 1428
595 1542
596 979
596 1022
596 1543
596 1942
597 1084
597 1665
597 1819
597 1958
598 761
598 991
599 607
599 1217
599 1488
599 1878
600 1663
600 1894
601 1866
602 767
602 1203
602 1333
602 1552
602 1654
603 905
603 1027
603 1560
603 1652
604 623
604 682
605 1175
605 1605
606 943
607 983
607 1137
607 1765
608 723
608 878
608 946
608 1222
609 1529
609 1856
609 1950
610 963
610 1086
610 1129
610 1416
610 1717
610 1821
610 1985
611 1528
611 1822
611 1889
612 918
612 1042
613 790
613 822
614 782
614 924
614 1161
614 1171
614 1606
615 861
615 1074
615 1783
616 872
616 939
616 1626
618 751
618 981
618 1050
618 1133
618 1270
618 1462
618 1489
618 1540
618 1730
618 1738
618 1743
618 1977
619 669
619 1248
619 1418
620 731
620 775
620 1099
620 1142
620 1543
620 1617
620 1715
621 863
621 996
621 1115
621 1433
622 1247
622 1277
622 1500
622 2003
623 690
624 795
624 945
624 1065
624 1684
624 1825
624 1827
627 696
627 1135
627 1873
627 1990
628 672
628 1017
628 1098
628 1711
629 717
629 848
629 858
629 1058
629 1347
629 1482
629 1714
629 1922
630 679
630 734
630 797
630 962
630 1520
631 656
631 902
631 1001
631 1117
631 1502
631 1700
631 1743
631 1847
632 649
632 677
632 1056
633 1476
634 772
634 1174
635 837
636 697
636 750
636 759
636 891
636 944
636 1289
636 1670
636 1819
636 1916
637 1091
637 1530
638 858
638 896
638 947
638 983
638 1436
638 1475
638 1722
639 663
639 980
640 1652
640 1749
641 758
641 888
641 996
641 1201
641 1592
641 1660
641 1771
642 1541
642 1808
643 715
643 986
643 1102
643 1259
643 1635
643 1786
643 1968
644 890
644 1501
645 738
645 809
645 960
645 1220
645 1343
645 1355
645 1529
645 1753
645 1805
646 876
646 985
646 1195
646 1343
646 1414
646 1745
646 1858
647 797
647 969
647 1147
647 1877
648 1819
649 662
649 712
649 2004
650 1253
651 874
651 1101
651 1301
652 1777
653 737
653 1395
653 1867
654 703
654 1184
654 1331
654 1570
654 1832
654 1884
655 875
655 1150
655 1230
655 1404
655 1805
655 1947
656 995
657 1440
658 1029
658 1044
658 1148
658 1449
658 1553
658 1771
659 804
659 927
659 1043
659 1186
659 1280
659 1297
659 1764
659 1844
659 1863
659 1902
659 1907
659 1932
660 756
660 798
660 809
660 829
660 1082
660 1091
660 1144
660 1725
660 1747
661 981
661 1054
661 1566
662 745
662 892
662 932
662 1812
662 1978
663 869
663 1664
663 1788
664 1450
666 841
666 1224
666 1454
666 1558
666 1675
667 713
668 1723
669 1041
670 673
670 735
670 749
670 820
670 1112
670 1376
670 1845
671 999
671 1065
671 1254
671 2007
672 680
672 709
673 958
673 1239
673 1391
674 792
674 893
674 1251
675 789
675 939
675 1673
675 1720
675 1889
675 2010
677 1018
677 1521
678 890
678 899
678 913
678 1132
678 1478
679 836
679 858
679 1146
679 1398
679 1601
679 1808
679 1966
680 1095
680 1285
680 1648
680 1812
681 734
681 901
681 1578
682 910
683 1002
683 1095
683 1542
683 2000
684 1012
684 1073
684 1125
684 1382
684 1850
685 737
685 807
685 977
685 1019
685 1104
685 1121
686 726
686 873
686 890
686 1457
686 1656
687 742
687 1033
687 1092
687 1528
687 1856
687 1991
688 931
688 1305
688 1366
688 1462
688 1541
688 1654
689 1047
689 1144
690 812
691 1000
691 1678
692 1409
692 1708
692 1937
693 986
693 1252
694 987
695 777
695 895
695 926
695 1376
695 1479
696 768
696 957
696 1149
696 1649
696 1976
697 957
697 1044
697 1169
697 1172
697 1730
698 715
698 1033
698 1224
698 1227
699 1017
700 723
700 735
701 860
701 1128
701 1925
702 1553
703 1295
703 1884
705 1467
705 1713
706 1054
706 1359
706 1633
706 1637
706 1806
707 1620
708 742
708 952
708 1379
708 1915
709 889
710 1023
710 1150
711 1075
711 1319
711 1385
711 1401
711 1563
711 1787
711 1878
712 789
712 974
712 995
712 1079
713 996
713 1636
714 817
714 883
714 1166
715 882
715 950
715 1453
715 1520
715 1528
715 1984
716 1816
717 814
717 859
717 947
717 1038
717 1569
718 782
718 944
718 984
718 1027
718 1520
720 737
720 1025
720 1265
721 1335
721 1586
722 1046
722 1395
722 1556
722 1638
722 1703
722 1991
723 994
723 1068
723 1273
723 1565
723 1736
723 1814
724 826
724 1159
724 1167
724 1190
724 1357
724 1416
725 1116
725 1332
725 1574
726 1387
727 1038
728 1356
729 942
730 1070
730 1785
732 845
732 886
732 1072
732 1348
732 1917
733 1026
733 1663
734 837
734 1316
734 1363
734 1570
734 1820
734 1843
735 838
735 979
735 1050
735 1298
736 792
736 1359
736 1732
736 1838
737 778
737 1450
737 1730
738 765
738 1272
738 1760
738 1780
738 1890
739 1396
740 1901
742 884
742 966
742 1269
742 1285
742 1319
742 1613
742 1693
744 784
744 1420
744 1967
745 953
746 902
746 1762
747 823
747 1063
747 1073
747 1163
747 1295
747 1323
747 1642
747 1704
748 1168
748 1263
748 1345
749 809
749 977
749 1043
749 1494
749 1533
749 1930
750 827
751 800
751 1007
751 1631
752 814
752 1112
752 1137
753 954
753 1316
753 1936
754 945
754 1496
755 783
755 841
755 858
755 929
755 1052
755 1103
755 1217
755 1241
755 1306
755 1371
755 1388
755 1906
756 897
756 1453
757 794
757 1104
757 1177
757 1246
757 1886
759 781
759 1078
760 1145
760 1229
761 893
761 963
761 987
761 1184
761 1217
761 1410
761 1480
761 1669
761 1826
762 854
762 914
762 956
762 1013
762 1220
762 1233
762 1519
762 1854
762 1982
763 1518
763 1731
764 1037
766 804
766 817
766 1416
766 1967
766 1998
767 800
767 819
767 1175
767 1351
767 1657
768 808
768 1226
768 1245
768 1298
768 1330
768 1376
768 1472
768 1775
769 1773
770 855
770 1284
770 1302
770 1615
771 845
771 1289
772 782
772 1069
772 2005
773 1169
773 1342
773 1686
774 918
774 1106
774 1589
774 1850
774 1865
774 1926
775 1041
775 1186
775 1453
775 1756
776 817
776 823
776 1195
776 1594
776 1759
778 923
778 1583
778 1775
779 1342
779 1965
780 863
780 887
780 1185
780 1339
780 1502
780 1680
780 1988
781 784
781 1198
781 1883
781 1988
782 1594
782 1893
782 1917
783 1007
783 1127
783 1150
783 1404
783 1419
784 843
784 979
784 1195
784 1629
785 1025
785 1724
785 1959
785 1991
786 833
786 1948
787 1985
788 1068
789 805
789 1737
790 1126
790 1421
790 1697
791 896
791 1086
791 1392
791 1552
793 1115
794 834
794 837
794 993
794 1117
794 1633
795 1107
795 1396
796 916
796 1456
797 850
797 1246
797 1448
798 961
798 1661
798 1961
799 1450
799 1875
799 1957
800 832
800 1018
800 1272
801 1484
801 1579
802 968
802 1039
802 1403
802 1547
802 1631
802 1645
802 1758
803 927
803 951
803 1011
803 1237
803 1247
803 1458
803 1497
803 1741
805 925
805 1081
805 1130
805 1451
805 1864
806 872
806 1858
807 1009
807 1655
807 1855
808 1012
808 1207
808 1219
809 1152
809 1500
810 1841
811 1141
811 1195
811 1694
812 986
812 1045
812 1617
812 1887
814 1938
815 967
815 1064
815 1285
815 1490
815 1522
815 1700
816 929
816 1118
816 1732
817 1548
817 1559
818 1071
818 1258
818 1442
818 1777
819 892
819 1021
819 1030
819 1676
820 1139
820 1628
821 1248
821 1467
821 1754
822 1460
823 1067
824 866
824 1356
824 1996
825 1110
825 1203
827 878
828 960
828 1145
828 1815
829 1039
829 1367
830 1846
831 1221
831 1436
831 1872
832 848
832 1351
832 1417
833 1419
833 1987
834 1087
834 1708
835 1757
836 1467
836 1580
837 985
838 934
838 1917
839 1187
840 1197
841 1162
841 1329
841 1963
842 883
842 885
842 1098
842 1829
843 913
843 1197
843 1340
845 934
845 1022
845 1124
845 1128
845 1281
845 1437
845 1614
845 1722
845 1793
845 1916
846 938
846 1098
846 1456
847 1151
847 1760
849 950
849 986
849 1426
849 2004
850 1233
851 852
851 1011
851 1276
851 1281
851 1341
852 916
853 1241
853 1395
853 1493
853 1555
853 1578
854 1974
855 880
856 932
856 998
856 1011
856 1065
856 1389
856 1746
857 1152
858 1130
860 916
860 1121
860 1399
861 1025
861 1203
861 1234
861 1566
861 1651
861 1918
862 915
864 1087
864 1468
864 1501
864 1895
865 1071
865 1619
865 1700
865 1930
866 1163
866 1508
866 1728
866 1887
867 886
867 891
867 990
867 1001
867 1093
867 1443
868 1211
869 1607
869 1968
870 1334
870 1645
870 1947
871 942
871 990
871 1512
871 1659
871 1665
872 956
873 1077
874 1380
874 1503
874 1541
874 1792
875 1601
876 1019
876 1244
876 1260
876 1290
876 1802
877 1730
878 965
878 1229
878 1233
878 1659
878 1693
879 1426
879 1463
879 1639
880 1256
880 1652
880 1967
880 2001
883 1090
884 1115
884 1603
884 2003
886 1118
886 1231
886 1540
886 1550
886 1970
888 1350
888 1562
888 1706
889 1024
889 1135
889 1168
889 1430
889 1444
889 1649
889 1761
890 981
890 1124
890 1140
890 1268
890 1390
890 1394
890 1488
890 1843
890 1879
890 1971
891 1015
892 1330
892 1389
892 1891
893 1072
893 1786
893 1858
893 1903
894 1437
894 1715
895 1706
897 1102
899 1042
899 1336
899 1837
900 1180
900 1182
901 1394
901 1420
901 1870
901 1914
901 1943
902 1332
902 1751
903 1357
903 1833
904 992
904 1360
904 1559
907 935
907 1413
908 1930
908 1997
909 923
909 969
909 1359
909 1545
909 1768
909 1880
909 1963
910 1733
910 1880
911 972
911 1865
911 1978
912 996
912 1194
912 1625
912 1828
913 962
914 971
914 1014
914 1053
914 1965
915 1361
915 1728
915 1939
915 1946
916 975
916 1104
916 1534
916 1711
916 1824
917 1014
917 1166
917 1873
918 1096
920 1181
920 1270
920 1676
921 928
921 999
921 1257
921 1614
921 1657
921 1935
922 1212
922 1286
922 1434
922 1440
922 1901
923 1024
924 1292
925 1100
925 1226
926 1073
926 1464
926 1867
927 1003
927 1104
927 1905
927 1972
928 1353
929 1581
931 1131
931 1330
931 1455
933 996
933 1022
933 1078
933 1300
933 1994
934 1161
934 1223
934 1489
934 1537
934 1551
934 1888
936 1399
936 1902
937 1237
937 1289
937 1375
937 1658
937 1662
937 1935
938 1828
939 1097
939 1271
939 1576
939 1642
940 1790
941 1154
942 1072
942 1355
944 1213
944 1342
944 1902
945 1442
945 1524
946 1348
947 950
947 1308
948 1000
948 1661
948 1697
948 1862
949 1434
949 1611
950 1718
950 1845
950 1866
950 1925
952 1405
952 1494
952 1584
952 1705
953 1097
953 1887
953 1995
954 981
954 1546
954 1813
955 988
955 1251
955 1411
956 970
956 1026
956 1028
956 1111
956 1383
956 1979
957 1112
957 1166
957 1325
957 1356
957 1802
957 1887
958 1277
958 1630
958 1905
959 1395
960 1096
960 1787
962 1341
962 1372
964 1892
965 1341
966 1101
966 1373
966 1803
966 1917
966 1919
966 1934
967 1170
968 1052
968 1100
968 1508
969 1027
970 1959
970 1979
972 1381
972 1820
973 1314
974 1336
974 1613
974 1662
975 1372
975 1438
975 1752
976 1260
976 1767
979 1139
979 1936
980 1007
980 1768
981 1274
982 1528
982 1554
983 1810
984 1143
984 1162
984 1467
984 1837
985 1173
985 1422
985 1538
987 1030
987 1033
987 1187
987 1285
987 1507
987 1531
987 1634
987 1688
987 2000
988 1058
988 1432
990 1054
990 1869
991 1137
991 1309
992 1060
992 1155
992 1189
992 1215
992 1466
994 1160
994 1469
994 1691
995 1117
995 1356
995 1913
995 1972
997 1487
998 1129
998 1999
999 1074
1000 1308
1000 1464
1000 1932
1002 1213
1003 1021
1003 1290
1003 1465
1003 1540
1003 1549
1003 1911
1004 1023
1004 1235
1004 1480
1004 1873
1005 1359
1005 1410
1005 1496
1005 1973
1006 1410
1007 1081
1007 1780
1007 1985
1008 1079
1008 1362
1008 1382
1008 1645
1008 1784
1008 1885
1009 1513
1009 1701
1010 1068
1010 1263
1010 1941
1011 1245
1013 1477
1014 1874
1015 1132
1015 1142
1015 1228
1015 1443
1015 1556
1015 1918
1016 1098
1016 1547
1016 2010
1017 1143
1017 1401
1017 1713
1017 1816
1018 1241
1018 1487
1018 1776
1019 1064
1019 1123
1019 1198
1019 1587
1020 1102
1020 1299
1020 1660
1021 1092
1021 1205
1021 1383
1021 1556
1021 1924
1022 1218
1022 1632
1023 1271
1023 1674
1023 1966
1024 1243
1024 1659
1025 1748
1026 2003
1027 1124
1027 1349
1027 1527
1027 1651
1027 1932
1028 1182
1028 1687
1029 1161
1030 1108
1030 1191
1030 1225
1030 1472
1032 1048
1032 1782
1033 1199
1034 1128
1034 1406
1034 1495
1034 1940
1034 1969
1035 1125
1035 1176
1035 1392
1035 1966
1036 2004
1037 1326
1037 1408
1038 1701
1038 1766
1039 1920
1040 1460
1040 1940
1041 1451
1042 1165
1043 1580
1044 1204
1045 1075
1045 1302
1045 1387
1045 1748
1045 2002
1046 1529
1047 1057
1047 1216
1047 1422
1047 1623
1048 1188
1048 1315
1048 1487
1049 1094
1049 1154
1049 1280
1049 1318
1049 1498
1049 2003
1050 1066
1050 1345
1050 1630
1050 1689
1052 1110
1052 1150
1052 1413
1052 1503
1054 1062
1054 1122
1054 1331
1054 1481
1055 1627
1055 1979
1057 1451
1057 1533
1057 1596
1057 1825
1057 1860
1057 1942
1059 1186
1060 1230
1060 1365
1060 1825
1060 1966
1061 1206
1061 1804
1062 1113
1063 1319
1064 1103
1065 1238
1065 1582
1065 1980
1066 1189
1066 1269
1066 1598
1066 1886
1067 1084
1067 1171
1068 1423
1069 1690
1070 1537
1071 1363
1071 1871
1073 1143
1073 1312
1073 1340
1073 1464
1073 1695
1074 1247
1074 1368
1074 1557
1075 1155
1075 1918
1075 2006
1076 1153
1076 1484
1076 1490
1076 1660
1076 1691
1078 1128
1078 1238
1078 1392
1078 1755
1079 1515
1079 1562
1079 1625
1079 1626
1079 1984
1080 1466
1081 1286
1081 1741
1081 1815
1081 1878
1083 1366
1084 1272
1084 1822
1085 1838
1085 1894
1085 1960
1086 1381
1086 1666
1086 1883
1087 1259
1087 1489
1087 1898
1092 1388
1093 1334
1093 1592
1094 1442
1095 1255
1095 1851
1096 1502
1097 1312
1097 1909
1098 1519
1098 1770
1098 1952
1099 1539
1100 1438
1100 1760
1101 1207
1101 1337
1102 1479
1102 1799
1103 1924
1104 1450
1104 1977
1105 1256
1105 1747
1106 1717
1106 1947
1107 1327
1107 1573
1107 1644
1107 1868
1109 1333
1109 1466
1109 1709
1110 1163
1110 1681
1110 1990
1111 1167
1111 1200
1111 1697
1112 1449
1112 1602
1112 1635
1112 1726
1112 1836
1113 1180
1113 1237
1114 1190
1115 1897
1117 1364
1117 1927
1118 1411
1118 1588
1118 1941
1119 1826
1120 1251
1120 1421
1120 1472
1120 1919
1121 1748
1121 1758
1122 1391
1123 1138
1123 1169
1123 1336
1123 1510
1123 1610
1124 1549
1124 1575
1124 1621
1124 1694
1125 1155
1125 1827
1128 1289
1129 1165
1129 1415
1129 1435
1131 1969
1132 1616
1132 1658
1134 1235
1134 1566
1136 1617
1136 1896
1137 1388
1138 1552
1138 1739
1139 1394
1139 1876
1140 1257
1140 1415
1141 1712
1143 1146
1144 1484
1145 1256
1145 1786
1146 1239
1146 1553
1147 1343
1147 1621
1148 1307
1148 1407
1148 1852
1149 1324
1149 1380
1149 1596
1149 1921
1150 1331
1151 1591
1151 1944
1152 1564
1153 1661
1153 1680
1153 1746
1155 1310
1155 1357
1156 1206
1157 1378
1159 1897
1160 1481
1160 1598
1161 1290
1161 1678
1162 1223
1162 1555
1163 1181
1163 1291
1163 1477
1164 1575
1164 1688
1164 1757
1165 1174
1165 1329
1165 1452
1165 1623
1166 1845
1168 1615
1169 1680
1170 1209
1170 1548
1170 1646
1170 1784
1171 1189
1171 1227
1171 1389
1171 1532
1172 1212
1172 1338
1172 1354
1172 1433
1172 1577
1172 1711
1173 1310
1174 1642
1174 1773
1175 1317
1176 1565
1178 1245
1178 1658
1179 1533
1179 1770
1179 1810
1179 1954
1183 1199
1183 1836
1184 1433
1185 1544
1186 1199
1187 1204
1187 1970
1190 1883
1191 1776
1191 1869
1192 1638
1193 1224
1194 1439
1195 1260
1198 1812
1199 1209
1199 1242
1200 1526
1201 1501
1201 1971
1202 1294
1202 1784
1202 1937
1203 1244
1203 1300
1203 1590
1203 1767
1203 2010
1205 1400
1205 1718
1207 1283
1207 1424
1207 1705
1208 1222
1208 1427
1208 1911
1209 1462
1209 1525
1210 1604
1213 1375
1213 1521
1214 1345
1214 1728
1216 1736
1216 1858
1216 1887
1217 1652
1217 1743
1218 1479
1219 1343
1219 1750
1220 1918
1221 1271
1224 1833
1226 1769
1226 1981
1227 1242
1227 1676
1228 1279
1228 1310
1230 1476
1230 1542
1230 1602
1230 1849
1232 1256
1232 1413
1232 1895
1233 1543
1234 1619
1235 1291
1235 1388
1236 1603
1236 1696
1236 1926
1237 1831
1238 1710
1239 1321
1239 1443
1239 1614
1242 1573
1243 1891
1244 1672
1245 1391
1245 1396
1245 1760
1246 1529
1247 1270
1247 1434
1249 1372
1249 1459
1250 1252
1250 1625
1250 1706
1252 1280
1252 1590
1252 1622
1253 1320
1256 1943
1256 1961
1257 1782
1258 1602
1258 1630
1258 1794
1258 1889
1259 1303
1259 1567
1259 1735
1259 1936
1260 1612
1260 1665
1261 1393
1261 2009
1262 1318
1262 1575
1262 2009
1263 1311
1263 1549
1263 1609
1263 1707
1263 1751
1263 2000
1264 1944
1267 1462
1267 1918
1268 1497
1268 1622
1271 1562
1271 1782
1273 1300
1274 1287
1274 1423
1274 1563
1274 1667
1274 1829
1275 1522
1275 1586
1277 1323
1278 1360
1278 1436
1278 1712
1278 1777
1278 1868
1280 1337
1280 1686
1280 1828
1280 1977
1281 1490
1281 1923
1281 1939
1282 1439
1282 1466
1282 1655
1283 1412
1283 1521
1283 1979
1284 1677
1284 1994
1285 1402
1285 1484
1285 1842
1287 1658
1288 1605
1288 1725
1288 1783
1289 1379
1290 1417
1290 1557
1290 1677
1291 1517
1291 1729
1291 1840
1292 1350
1292 1881
1295 1748
1296 1717
1298 1780
1299 1825
1299 1847
1299 1901
1300 1412
1304 1623
1306 1483
1307 1424
1307 1678
1307 1955
1307 2005
1309 1325
1309 1854
1310 1441
1311 1531
1312 1508
1312 1518
1312 1606
1312 1796
1313 1346
1314 1358
1314 1662
1317 1532
1319 1486
1320 1751
1322 1613
1323 1640
1325 1988
1327 1573
1327 1612
1327 2007
1328 1955
1329 1599
1330 1946
1333 1915
1334 1657
1336 1626
1336 1908
1337 1634
1339 1403
1339 1879
1340 1535
1341 1618
1341 1622
1341 1891
1342 1592
1345 1516
1345 1615
1347 1424
1347 1862
1349 1764
1349 1842
1349 1844
1350 1903
1351 1802
1352 1509
1352 1514
1354 1495
1354 1720
1355 1969
1356 1899
1357 1515
1357 1594
1357 1689
1357 1826
1357 1851
1358 1470
1358 1810
1361 1439
1361 1463
1362 1877
1363 1369
1366 1457
1368 1407
1368 1493
1369 1376
1369 1882
1369 1951
1379 1439
1381 1491
1381 1690
1385 1393
1385 1787
1386 1542
1388 1583
1388 1711
1389 1783
1389 1927
1390 1458
1390 1667
1390 1791
1391 1718
1394 1581
1394 1818
1395 1531
1395 1786
1397 1654
1400 1722
1401 1764
1401 1937
1401 1938
1404 1708
1406 1768
1406 1832
1407 1578
1409 1893
1411 1817
1412 1478
1412 1501
1412 1535
1412 1639
1416 1788
1416 1823
1416 1853
1417 1639
1419 1551
1419 1694
1419 1987
1421 1742
1421 1964
1423 1514
1424 1899
1425 1655
1425 1877
1427 1983
1427 1997
1430 1585
1432 1485
1432 1851
1433 1870
1437 1623
1440 1756
1443 1830
1444 1460
1445 1546
1448 1565
1448 1710
1448 1793
1448 1962
1449 1628
1451 1664
1451 1733
1451 1775
1451 1810
1451 1811
1451 1849
1452 1518
1454 1880
1456 1867
1456 1981
1457 1629
1458 1720
1459 1934
1461 1513
1461 1793
1462 1993
1467 1537
1468 1948
1470 1597
1470 1606
1470 1825
1472 1485
1474 1565
1475 1638
1475 1986
1477 1829
1481 1650
1484 1504
1484 1523
1485 1627
1492 1664
1492 1907
1492 1973
1494 1929
1497 1523
1497 1667
1498 1507
1498 1650
1499 1907
1499 1916
1501 1846
1502 1603
1503 1681
1507 1723
1510 1707
1510 1871
1510 1952
1511 1515
1513 1967
1513 1974
1514 1673
1515 1817
1516 1601
1516 1627
1517 1575
1517 1753
1517 1798
1517 1805
1518 1597
1522 1779
1523 1600
1524 1987
1525 1885
1529 1809
1532 1653
1533 1740
1533 1978
1533 1982
1534 1721
1535 1556
1536 1912
1537 1705
1538 1608
1541 1611
1541 1915
1542 1561
1542 1926
1544 1793
1545 1727
1547 1548
1547 1779
1548 1636
1548 1900
1549 1894
1550 1969
1552 1861
1553 1585
1553 1814
1556 1988
1558 1697
1558 1762
1558 1948
1558 1990
1562 1740
1563 1875
1565 1587
1565 1739
1565 1794
1565 1958
1566 1685
1567 1611
1568 1711
1568 1976
1569 1621
1570 1794
1571 1661
1571 1843
1573 1795
1573 1854
1577 1857
1578 1612
1578 1798
1582 1821
1582 1931
1583 1909
1586 1789
1588 1714
1588 1984
1590 1596
1590 1758
1590 1824
1592 1895
1596 1815
1598 1656
1598 1926
1598 1945
1600 1903
1601 1631
1608 1952
1610 1780
1610 1791
1611 1667
1611 1965
1613 1931
1615 1796
1615 1811
1620 1931
1621 1736
1621 1908
1625 1791
1625 1795
1625 1922
1627 1722
1628 1960
1630 1695
1632 1836
1639 1824
1639 1902
1642 1645
1644 1899
1644 1907
1644 1996
1646 1946
1647 1781
1651 1753
1656 1769
1658 1744
1658 1768
1658 1978
1658 1981
1663 1682
1664 1803
1667 1735
1670 1685
1670 1731
1673 2001
1679 1837
1683 1724
1683 1763
1683 1965
1684 1710
1684 1888
1684 1927
1691 1890
1694 1720
1695 1817
1698 1710
1698 1971
1701 1779
1703 1943
1709 1961
1713 1732
1715 1801
1717 1954
1719 1727
1719 1849
1722 1867
1729 1828
1730 1806
1730 1934
1732 1862
1738 1784
1743 1925
1744 1908
1745 1798
1752 1809
1752 1838
1754 1955
1761 1800
1761 1884
1762 1994
1763 1879
1764 2007
1765 1911
1767 1773
1776 1927
1776 1952
1777 2009
1778 1923
1784 1899
1789 1897
1791 1948
1792 1898
1793 1892
1797 1995
1815 1862
1816 1976
1818 1875
1823 1936
1825 1953
1829 1933
1834 1861
1841 1993
1843 1844
1849 1880
1860 2008
1877 1950
1878 1890
1878 1975
1883 1998
1886 1990
1887 1933
1888 1912
1895 1987
1897 1976
1899 1991
1906 1949
1912 1933
1913 1977
1925 1954
1930 1989
1935 1964
1936 1957
1942 1979
1949 1961
1964 1975
1971 1999
1979 2003
2010 2011
