0 1
0 2
0 3
0 4
0 5
0 6
0 7
0 8
0 9
0 11
0 13
0 15
0 17
0 23
0 28
0 31
0 36
0 40
0 41
0 43
0 44
0 47
0 48
0 49
0 50
0 53
0 54
0 55
0 62
0 69
0 70
0 72
0 80
0 83
0 84
0 85
0 89
0 90
0 93
0 99
0 106
0 107
0 110
0 119
0 126
0 133
0 136
0 137
0 140
0 163
0 177
0 192
0 199
0 209
0 212
0 214
0 216
0 226
0 228
0 231
0 241
0 247
0 255
0 256
0 261
0 268
0 274
0 275
0 276
0 284
0 299
0 303
0 323
0 325
0 327
0 328
0 333
0 339
0 343
0 346
0 357
0 359
0 362
0 366
0 373
0 385
0 391
0 421
0 423
0 434
0 440
0 487
0 517
0 524
0 534
0 538
0 545
0 552
0 585
0 609
0 616
0 623
0 655
0 671
0 678
0 720
0 735
0 747
0 773
0 806
0 825
0 874
0 882
0 917
0 918
0 925
0 952
0 964
0 986
0 989
0 998
0 1066
0 1076
0 1094
0 1104
0 1161
0 1198
0 1217
0 1221
0 1243
0 1245
0 1276
0 1296
0 1301
0 1323
0 1327
0 1329
0 1356
0 1376
0 1384
0 1408
0 1410
0 1426
0 1452
0 1460
0 1511
0 1517
0 1539
0 1551
0 1561
0 1565
0 1579
0 1587
0 1601
0 1613
0 1627
0 1638
0 1649
0 1659
0 1694
0 1708
0 1768
0 1784
0 1788
0 1802
0 1844
0 1854
1 6
1 9
1 15
1 31
1 40
1 42
1 59
1 63
1 71
1 86
1 96
1 116
1 139
1 168
1 169
1 212
1 233
1 316
1 460
1 701
1 809
1 837
1 888
1 899
1 951
1 978
1 1028
1 1160
1 1180
1 1242
1 1247
1 1260
1 1332
1 1438
1 1444
1 1482
1 1591
1 1806
2 6
2 8
2 9
2 10
2 18
2 32
2 42
2 60
2 65
2 68
2 92
2 94
2 97
2 127
2 131
2 147
2 149
2 152
2 220
2 239
2 365
2 648
2 704
2 780
2 785
2 817
2 827
2 857
2 903
2 908
2 1046
2 1051
2 1111
2 1158
2 1235
2 1413
2 1548
2 1647
2 1754
2 1850
2 1889
3 6
3 7
3 8
3 10
3 11
3 12
3 13
3 14
3 16
3 20
3 22
3 27
3 38
3 44
3 45
3 48
3 52
3 56
3 58
3 63
3 69
3 70
3 79
3 86
3 91
3 113
3 119
3 127
3 153
3 158
3 160
3 162
3 167
3 188
3 189
3 194
3 196
3 197
3 204
3 225
3 233
3 235
3 241
3 249
3 250
3 269
3 282
3 286
3 287
3 308
3 329
3 335
3 338
3 356
3 373
3 381
3 389
3 403
3 404
3 422
3 435
3 455
3 461
3 480
3 482
3 494
3 525
3 541
3 571
3 611
3 619
3 628
3 635
3 641
3 646
3 652
3 656
3 670
3 687
3 706
3 732
3 742
3 750
3 767
3 780
3 786
3 794
3 796
3 800
3 805
3 807
3 814
3 824
3 840
3 843
3 854
3 927
3 930
3 979
3 985
3 1033
3 1036
3 1049
3 1056
3 1114
3 1150
3 1183
3 1188
3 1192
3 1196
3 1262
3 1265
3 1291
3 1298
3 1383
3 1387
3 1402
3 1407
3 1421
3 1427
3 1436
3 1484
3 1535
3 1568
3 1570
3 1594
3 1603
3 1642
3 1661
3 1680
3 1711
3 1742
3 1776
3 1809
3 1813
4 7
4 8
4 12
4 14
4 19
4 20
4 22
4 29
4 31
4 34
4 35
4 36
4 37
4 38
4 39
4 41
4 45
4 49
4 54
4 60
4 65
4 67
4 70
4 74
4 77
4 82
4 94
4 98
4 100
4 101
4 107
4 111
4 115
4 119
4 127
4 139
4 144
4 156
4 157
4 160
4 163
4 166
4 167
4 172
4 174
4 175
4 185
4 192
4 194
4 195
4 198
4 202
4 208
4 229
4 236
4 237
4 264
4 270
4 274
4 293
4 305
4 309
4 330
4 331
4 337
4 341
4 349
4 350
4 351
4 356
4 368
4 371
4 375
4 376
4 389
4 400
4 404
4 413
4 424
4 426
4 428
4 433
4 446
4 453
4 454
4 455
4 458
4 465
4 468
4 474
4 476
4 480
4 484
4 557
4 566
4 569
4 595
4 624
4 648
4 665
4 689
4 730
4 742
4 763
4 768
4 816
4 822
4 837
4 851
4 865
4 866
4 898
4 914
4 935
4 944
4 972
4 982
4 1015
4 1045
4 1054
4 1075
4 1103
4 1133
4 1154
4 1167
4 1191
4 1193
4 1203
4 1210
4 1215
4 1230
4 1260
4 1285
4 1315
4 1335
4 1340
4 1350
4 1354
4 1355
4 1357
4 1458
4 1534
4 1552
4 1576
4 1598
4 1607
4 1609
4 1632
4 1644
4 1664
4 1665
4 1691
4 1751
4 1777
4 1779
4 1800
4 1809
4 1811
4 1816
4 1825
4 1827
4 1832
4 1839
4 1846
4 1881
4 1897
5 6
5 7
5 8
5 9
5 25
5 26
5 27
5 32
5 73
5 83
5 86
5 92
5 99
5 101
5 109
5 119
5 137
5 142
5 145
5 159
5 177
5 179
5 205
5 214
5 223
5 253
5 266
5 270
5 346
5 348
5 369
5 432
5 490
5 494
5 565
5 574
5 579
5 594
5 670
5 680
5 699
5 727
5 751
5 779
5 787
5 789
5 808
5 857
5 878
5 931
5 932
5 937
5 997
5 1013
5 1116
5 1329
5 1362
5 1433
5 1491
5 1536
5 1550
5 1624
5 1691
5 1711
5 1820
5 1836
6 7
6 10
6 12
6 17
6 18
6 22
6 24
6 29
6 34
6 36
6 42
6 45
6 47
6 48
6 49
6 56
6 60
6 63
6 64
6 71
6 72
6 73
6 77
6 78
6 97
6 106
6 107
6 112
6 119
6 121
6 124
6 130
6 141
6 149
6 172
6 173
6 178
6 183
6 184
6 200
6 204
6 227
6 230
6 244
6 251
6 256
6 260
6 269
6 285
6 315
6 321
6 338
6 360
6 366
6 388
6 401
6 432
6 441
6 443
6 454
6 459
6 485
6 496
6 552
6 565
6 580
6 600
6 603
6 623
6 626
6 678
6 683
6 692
6 694
6 699
6 708
6 710
6 749
6 760
6 782
6 791
6 795
6 808
6 822
6 842
6 927
6 947
6 977
6 994
6 999
6 1028
6 1039
6 1053
6 1067
6 1078
6 1088
6 1099
6 1101
6 1108
6 1109
6 1113
6 1117
6 1131
6 1151
6 1189
6 1190
6 1204
6 1284
6 1298
6 1369
6 1372
6 1390
6 1393
6 1417
6 1426
6 1445
6 1450
6 1454
6 1459
6 1466
6 1484
6 1526
6 1567
6 1600
6 1621
6 1634
6 1639
6 1640
6 1641
6 1651
6 1673
6 1686
6 1698
6 1760
6 1802
6 1825
6 1834
6 1840
6 1858
6 1874
7 10
7 11
7 13
7 15
7 18
7 19
7 24
7 25
7 26
7 28
7 31
7 35
7 37
7 44
7 47
7 49
7 50
7 54
7 58
7 61
7 62
7 74
7 75
7 77
7 85
7 90
7 91
7 94
7 97
7 104
7 105
7 116
7 120
7 128
7 133
7 167
7 168
7 180
7 182
7 187
7 190
7 201
7 203
7 217
7 218
7 220
7 224
7 239
7 252
7 262
7 263
7 265
7 288
7 290
7 292
7 295
7 297
7 302
7 335
7 336
7 340
7 358
7 359
7 371
7 374
7 377
7 379
7 416
7 430
7 441
7 472
7 483
7 519
7 533
7 535
7 541
7 586
7 609
7 621
7 624
7 642
7 666
7 674
7 700
7 709
7 714
7 715
7 724
7 725
7 736
7 741
7 772
7 781
7 792
7 805
7 826
7 827
7 848
7 853
7 919
7 927
7 930
7 937
7 945
7 956
7 958
7 975
7 983
7 1005
7 1019
7 1052
7 1053
7 1060
7 1097
7 1098
7 1142
7 1151
7 1154
7 1164
7 1166
7 1178
7 1208
7 1210
7 1215
7 1251
7 1277
7 1280
7 1288
7 1295
7 1300
7 1302
7 1321
7 1331
7 1386
7 1417
7 1446
7 1449
7 1458
7 1498
7 1499
7 1517
7 1529
7 1537
7 1580
7 1596
7 1601
7 1605
7 1656
7 1665
7 1706
7 1715
7 1748
7 1766
7 1783
7 1787
7 1800
7 1824
7 1845
7 1881
7 1901
8 9
8 11
8 13
8 14
8 15
8 18
8 21
8 22
8 23
8 26
8 32
8 39
8 51
8 56
8 61
8 81
8 88
8 92
8 110
8 112
8 113
8 114
8 117
8 121
8 130
8 134
8 145
8 164
8 165
8 174
8 175
8 176
8 180
8 182
8 186
8 190
8 201
8 211
8 214
8 216
8 217
8 247
8 262
8 268
8 287
8 304
8 314
8 319
8 351
8 401
8 438
8 449
8 460
8 472
8 474
8 479
8 480
8 512
8 548
8 557
8 574
8 605
8 628
8 663
8 691
8 694
8 782
8 784
8 795
8 812
8 845
8 851
8 856
8 932
8 1030
8 1031
8 1058
8 1068
8 1075
8 1101
8 1163
8 1207
8 1220
8 1230
8 1242
8 1254
8 1270
8 1299
8 1336
8 1374
8 1384
8 1401
8 1430
8 1487
8 1569
8 1633
8 1650
8 1656
8 1679
8 1709
8 1718
8 1720
8 1728
8 1751
8 1771
8 1830
8 1834
8 1859
8 1884
9 10
9 12
9 13
9 14
9 16
9 22
9 27
9 28
9 29
9 31
9 33
9 40
9 46
9 51
9 71
9 74
9 75
9 76
9 100
9 102
9 110
9 123
9 128
9 132
9 134
9 144
9 168
9 235
9 249
9 253
9 272
9 273
9 289
9 304
9 311
9 337
9 389
9 390
9 404
9 421
9 439
9 463
9 481
9 490
9 502
9 509
9 532
9 534
9 564
9 574
9 634
9 658
9 713
9 757
9 783
9 847
9 889
9 925
9 963
9 1003
9 1007
9 1011
9 1026
9 1159
9 1203
9 1396
9 1449
9 1540
9 1546
9 1571
9 1610
9 1720
9 1834
10 11
10 12
10 16
10 19
10 21
10 23
10 24
10 25
10 33
10 34
10 46
10 53
10 59
10 68
10 78
10 90
10 98
10 115
10 121
10 162
10 171
10 189
10 193
10 196
10 203
10 232
10 254
10 265
10 266
10 278
10 280
10 336
10 358
10 364
10 365
10 369
10 370
10 412
10 417
10 432
10 440
10 489
10 508
10 512
10 515
10 523
10 532
10 538
10 548
10 593
10 634
10 641
10 647
10 692
10 695
10 696
10 711
10 714
10 767
10 792
10 826
10 841
10 854
10 889
10 898
10 906
10 921
10 931
10 1027
10 1040
10 1045
10 1093
10 1103
10 1212
10 1219
10 1221
10 1229
10 1236
10 1251
10 1289
10 1293
10 1294
10 1316
10 1321
10 1383
10 1385
10 1418
10 1421
10 1428
10 1465
10 1486
10 1517
10 1657
10 1687
10 1776
10 1833
11 15
11 24
11 35
11 44
11 57
11 64
11 67
11 91
11 194
11 255
11 266
11 305
11 332
11 337
11 402
11 411
11 415
11 453
11 538
11 656
11 664
11 815
11 911
11 968
11 1378
11 1443
11 1510
11 1584
11 1653
11 1669
11 1847
11 1896
11 1912
12 14
12 16
12 17
12 18
12 19
12 21
12 25
12 29
12 30
12 38
12 51
12 52
12 53
12 62
12 64
12 73
12 90
12 95
12 120
12 146
12 150
12 153
12 154
12 176
12 186
12 191
12 196
12 300
12 331
12 394
12 423
12 434
12 478
12 508
12 550
12 566
12 603
12 605
12 688
12 734
12 792
12 797
12 875
12 891
12 922
12 934
12 966
12 967
12 978
12 996
12 997
12 1000
12 1061
12 1079
12 1084
12 1360
12 1373
12 1398
12 1452
12 1576
12 1633
12 1637
12 1687
12 1715
12 1766
12 1842
12 1870
12 1881
12 1892
13 17
13 26
13 102
13 131
13 188
13 209
13 321
13 347
13 419
13 436
13 464
13 552
13 571
13 603
13 673
13 743
13 838
13 867
13 912
13 944
13 952
13 988
13 1302
13 1403
13 1598
13 1633
13 1759
14 20
14 29
14 32
14 36
14 64
14 70
14 76
14 83
14 122
14 132
14 165
14 179
14 307
14 313
14 339
14 345
14 373
14 390
14 399
14 409
14 413
14 414
14 420
14 504
14 542
14 700
14 777
14 818
14 833
14 852
14 873
14 895
14 945
14 971
14 992
14 1099
14 1106
14 1321
14 1354
14 1368
14 1427
14 1429
14 1497
14 1516
14 1585
14 1609
14 1690
14 1716
14 1747
14 1831
15 16
15 17
15 24
15 35
15 53
15 54
15 74
15 81
15 85
15 91
15 121
15 122
15 139
15 156
15 171
15 172
15 183
15 193
15 224
15 226
15 230
15 247
15 275
15 276
15 280
15 282
15 292
15 298
15 312
15 327
15 345
15 369
15 383
15 393
15 395
15 479
15 488
15 526
15 546
15 568
15 578
15 608
15 664
15 700
15 718
15 737
15 770
15 796
15 812
15 849
15 886
15 904
15 934
15 935
15 971
15 991
15 1010
15 1028
15 1043
15 1059
15 1096
15 1104
15 1121
15 1141
15 1152
15 1250
15 1297
15 1313
15 1329
15 1361
15 1398
15 1438
15 1480
15 1530
15 1621
15 1647
15 1651
15 1686
15 1718
15 1724
15 1762
15 1906
16 19
16 23
16 26
16 41
16 42
16 43
16 47
16 61
16 63
16 65
16 71
16 79
16 82
16 113
16 130
16 148
16 172
16 192
16 229
16 246
16 289
16 323
16 364
16 391
16 397
16 411
16 428
16 499
16 519
16 568
16 577
16 591
16 597
16 601
16 654
16 739
16 811
16 824
16 866
16 909
16 936
16 960
16 1014
16 1145
16 1222
16 1229
16 1321
16 1346
17 37
17 40
17 42
17 46
17 55
17 89
17 124
17 148
17 173
17 175
17 263
17 320
17 327
17 370
17 410
17 429
17 444
17 455
17 500
17 503
17 507
17 586
17 693
17 717
17 718
17 804
17 832
17 839
17 862
17 913
17 1099
17 1259
17 1282
17 1289
17 1329
17 1353
17 1386
17 1387
17 1391
17 1469
17 1484
17 1514
17 1549
17 1557
17 1735
17 1749
17 1752
17 1834
17 1873
17 1907
18 20
18 27
18 30
18 35
18 52
18 65
18 68
18 70
18 83
18 85
18 87
18 88
18 96
18 102
18 122
18 131
18 146
18 170
18 173
18 191
18 213
18 245
18 248
18 250
18 255
18 263
18 294
18 313
18 334
18 338
18 344
18 371
18 384
18 405
18 420
18 441
18 466
18 470
18 478
18 486
18 501
18 519
18 531
18 532
18 543
18 548
18 551
18 624
18 637
18 673
18 687
18 837
18 872
18 874
18 886
18 925
18 970
18 1022
18 1040
18 1128
18 1142
18 1193
18 1196
18 1202
18 1320
18 1332
18 1346
18 1377
18 1434
18 1435
18 1499
18 1508
18 1540
18 1555
18 1562
18 1606
18 1614
18 1695
18 1879
19 20
19 21
19 39
19 41
19 47
19 65
19 93
19 111
19 143
19 151
19 158
19 182
19 188
19 242
19 277
19 285
19 295
19 320
19 407
19 408
19 418
19 430
19 463
19 490
19 511
19 565
19 618
19 701
19 713
19 761
19 774
19 776
19 802
19 806
19 855
19 862
19 907
19 1038
19 1172
19 1173
19 1176
19 1181
19 1183
19 1269
19 1283
19 1304
19 1431
19 1494
19 1502
19 1512
19 1550
19 1566
19 1744
19 1838
19 1845
19 1899
20 21
20 23
20 32
20 37
20 63
20 68
20 72
20 81
20 142
20 145
20 163
20 187
20 218
20 219
20 291
20 319
20 365
20 431
20 445
20 468
20 471
20 477
20 538
20 540
20 661
20 805
20 822
20 851
20 1025
20 1026
20 1061
20 1258
20 1388
20 1528
20 1728
20 1730
20 1756
20 1865
20 1903
21 28
21 39
21 50
21 52
21 61
21 67
21 104
21 204
21 235
21 285
21 301
21 355
21 367
21 368
21 390
21 407
21 414
21 418
21 527
21 537
21 563
21 604
21 605
21 674
21 675
21 690
21 728
21 764
21 769
21 990
21 1149
21 1221
21 1252
21 1397
21 1401
21 1403
21 1573
21 1651
21 1675
21 1734
21 1860
22 348
22 386
22 448
22 458
22 730
22 755
22 1271
22 1422
22 1473
22 1503
22 1504
23 28
23 30
23 34
23 45
23 48
23 96
23 364
23 406
23 583
23 622
23 629
23 640
23 815
23 821
23 824
23 972
23 1034
23 1334
23 1440
23 1455
23 1468
23 1591
23 1606
23 1632
23 1796
23 1833
23 1836
24 25
24 30
24 34
24 36
24 44
24 48
24 53
24 57
24 66
24 84
24 95
24 97
24 103
24 108
24 111
24 118
24 138
24 141
24 157
24 174
24 199
24 213
24 220
24 225
24 279
24 281
24 342
24 349
24 350
24 353
24 431
24 438
24 447
24 452
24 466
24 520
24 530
24 570
24 580
24 614
24 653
24 728
24 810
24 862
24 877
24 968
24 979
24 1005
24 1008
24 1044
24 1095
24 1148
24 1151
24 1166
24 1170
24 1269
24 1308
24 1357
24 1376
24 1415
24 1458
24 1460
24 1528
24 1543
24 1622
24 1723
24 1734
24 1779
24 1826
25 112
25 117
25 157
25 165
25 326
25 365
25 468
25 484
25 485
25 833
25 843
25 1127
25 1129
25 1328
25 1521
25 1544
25 1655
25 1721
25 1773
25 1883
26 27
26 30
26 33
26 38
26 43
26 49
26 75
26 79
26 101
26 108
26 114
26 118
26 150
26 154
26 186
26 231
26 234
26 251
26 252
26 264
26 271
26 300
26 310
26 315
26 318
26 358
26 369
26 373
26 400
26 420
26 425
26 426
26 451
26 477
26 536
26 573
26 595
26 612
26 614
26 620
26 629
26 657
26 692
26 716
26 749
26 763
26 820
26 843
26 907
26 995
26 1004
26 1029
26 1039
26 1128
26 1153
26 1166
26 1167
26 1178
26 1179
26 1190
26 1250
26 1253
26 1261
26 1274
26 1336
26 1360
26 1367
26 1380
26 1405
26 1448
26 1452
26 1453
26 1468
26 1476
26 1510
26 1547
26 1573
26 1585
26 1840
26 1913
27 43
27 51
27 54
27 57
27 62
27 112
27 134
27 173
27 198
27 236
27 488
27 521
27 574
27 650
27 788
27 862
27 1267
27 1275
27 1317
27 1407
27 1479
27 1490
27 1743
27 1850
28 66
28 89
28 105
28 110
28 118
28 129
28 132
28 176
28 189
28 257
28 271
28 314
28 378
28 425
28 465
28 512
28 553
28 606
28 619
28 663
28 683
28 709
28 778
28 820
28 884
28 1389
28 1428
28 1436
28 1537
28 1548
28 1739
28 1841
28 1863
29 55
29 59
29 60
29 66
29 76
29 96
29 121
29 173
29 199
29 205
29 241
29 260
29 278
29 301
29 307
29 477
29 491
29 534
29 570
29 625
29 638
29 895
29 910
29 1114
29 1219
29 1359
29 1474
29 1636
29 1752
29 1886
29 1910
30 56
30 58
30 116
30 204
30 206
30 212
30 232
30 238
30 262
30 275
30 299
30 334
30 367
30 470
30 502
30 518
30 612
30 768
30 836
30 964
30 1005
30 1024
30 1026
30 1156
30 1236
30 1371
30 1533
30 1623
30 1767
30 1905
31 33
31 40
31 80
31 84
31 96
31 140
31 151
31 166
31 170
31 171
31 246
31 250
31 272
31 296
31 324
31 351
31 359
31 392
31 395
31 427
31 450
31 513
31 519
31 534
31 554
31 572
31 575
31 598
31 624
31 631
31 711
31 736
31 741
31 852
31 884
31 1034
31 1073
31 1175
31 1224
31 1246
31 1343
31 1471
31 1492
31 1501
31 1520
31 1525
31 1527
31 1567
31 1582
31 1600
31 1689
31 1707
32 33
32 125
32 135
32 137
32 139
32 159
32 316
32 349
32 370
32 405
32 577
32 813
32 854
32 951
32 1114
32 1188
32 1205
32 1433
32 1480
32 1531
32 1647
32 1791
32 1903
32 1905
33 66
33 72
33 185
33 317
33 462
33 478
33 587
33 755
33 821
33 884
33 940
33 1033
33 1202
33 1366
33 1489
33 1513
33 1693
33 1783
33 1896
34 50
34 61
34 106
34 140
34 155
34 223
34 232
34 234
34 346
34 351
34 358
34 465
34 508
34 570
34 573
34 594
34 683
34 995
34 1038
34 1144
34 1220
34 1545
34 1716
34 1744
35 43
35 51
35 57
35 127
35 160
35 174
35 243
35 556
35 653
35 791
35 878
35 1322
35 1355
35 1443
35 1445
35 1556
35 1565
35 1581
35 1644
35 1690
35 1797
35 1902
36 37
36 39
36 41
36 59
36 82
36 93
36 128
36 143
36 146
36 150
36 151
36 178
36 197
36 239
36 248
36 255
36 256
36 275
36 288
36 352
36 353
36 372
36 417
36 432
36 434
36 436
36 481
36 506
36 511
36 515
36 516
36 547
36 563
36 618
36 644
36 685
36 690
36 747
36 753
36 770
36 807
36 838
36 942
36 970
36 991
36 1031
36 1047
36 1104
36 1168
36 1187
36 1213
36 1227
36 1406
36 1518
36 1576
36 1649
36 1697
36 1705
36 1856
36 1859
36 1876
37 38
37 71
37 73
37 104
37 120
37 202
37 218
37 287
37 442
37 506
37 547
37 610
37 622
37 725
37 756
37 963
37 1053
37 1056
37 1148
37 1345
37 1443
37 1475
37 1512
37 1590
37 1629
37 1886
38 45
38 46
38 50
38 66
38 80
38 85
38 135
38 137
38 145
38 147
38 153
38 197
38 218
38 227
38 240
38 274
38 283
38 352
38 375
38 419
38 466
38 592
38 659
38 696
38 732
38 758
38 791
38 857
38 910
38 919
38 1023
38 1171
38 1177
38 1245
38 1301
38 1322
38 1407
38 1432
38 1572
38 1658
38 1829
38 1852
38 1866
38 1897
39 46
39 87
39 94
39 117
39 118
39 138
39 211
39 233
39 444
39 873
39 1193
39 1373
39 1388
39 1695
39 1758
40 64
40 69
40 185
40 219
40 234
40 324
40 426
40 443
40 625
40 637
40 701
40 761
40 893
40 1220
40 1299
40 1324
40 1475
40 1489
40 1855
40 1873
41 113
41 190
41 234
41 531
41 803
41 1237
41 1720
42 83
42 88
42 98
42 99
42 101
42 129
42 163
42 181
42 209
42 210
42 213
42 285
42 291
42 300
42 307
42 454
42 482
42 490
42 514
42 535
42 548
42 568
42 581
42 746
42 749
42 775
42 972
42 1004
42 1090
42 1228
42 1292
42 1342
42 1531
42 1606
42 1627
42 1648
42 1668
42 1839
42 1905
43 55
43 57
43 100
43 116
43 155
43 169
43 176
43 179
43 182
43 245
43 263
43 273
43 294
43 295
43 299
43 302
43 326
43 331
43 381
43 382
43 418
43 510
43 529
43 537
43 540
43 542
43 570
43 587
43 625
43 645
43 652
43 654
43 720
43 726
43 912
43 1071
43 1103
43 1160
43 1171
43 1270
43 1281
43 1344
43 1498
43 1509
43 1518
43 1654
43 1761
43 1804
44 60
44 80
44 195
44 409
44 590
44 610
44 733
44 955
44 1032
44 1060
44 1368
45 84
45 88
45 100
45 103
45 106
45 124
45 167
45 211
45 255
45 274
45 299
45 301
45 306
45 399
45 535
45 545
45 575
45 707
45 771
45 801
45 804
45 875
45 876
45 938
45 1113
45 1204
45 1567
45 1677
45 1711
45 1725
45 1811
46 67
46 95
46 102
46 138
46 149
46 244
46 339
46 341
46 393
46 531
46 619
46 765
46 938
46 1022
46 1162
46 1187
46 1217
46 1234
46 1237
46 1333
46 1828
46 1888
47 78
47 86
47 101
47 108
47 118
47 122
47 125
47 140
47 160
47 161
47 162
47 169
47 194
47 202
47 276
47 294
47 314
47 318
47 322
47 367
47 377
47 380
47 384
47 391
47 431
47 443
47 499
47 500
47 568
47 582
47 601
47 604
47 677
47 710
47 717
47 729
47 785
47 796
47 800
47 804
47 810
47 843
47 847
47 856
47 858
47 897
47 964
47 972
47 983
47 1001
47 1090
47 1207
47 1266
47 1335
47 1412
47 1413
47 1442
47 1476
47 1525
47 1587
47 1657
47 1739
47 1743
47 1788
47 1794
47 1851
47 1886
48 104
48 209
48 232
48 237
48 266
48 286
48 650
48 670
48 890
49 56
49 74
49 89
49 93
49 135
49 147
49 192
49 199
49 200
49 205
49 240
49 256
49 257
49 322
49 323
49 379
49 387
49 408
49 416
49 433
49 481
49 518
49 526
49 566
49 637
49 776
49 791
49 813
49 818
49 846
49 892
49 923
49 987
49 1073
49 1082
49 1124
49 1133
49 1136
49 1167
49 1194
49 1229
49 1256
49 1268
49 1312
49 1320
49 1563
49 1604
49 1654
49 1684
49 1745
49 1791
49 1846
50 55
50 58
50 59
50 68
50 78
50 86
50 89
50 92
50 165
50 206
50 213
50 248
50 253
50 258
50 296
50 300
50 341
50 376
50 416
50 424
50 464
50 467
50 553
50 581
50 600
50 611
50 635
50 651
50 658
50 669
50 681
50 750
50 830
50 847
50 962
50 993
50 994
50 1045
50 1156
50 1289
50 1328
50 1425
50 1467
50 1576
50 1822
50 1898
51 52
51 69
51 124
51 141
51 194
51 385
51 399
51 436
51 437
51 719
51 881
51 882
51 1032
51 1068
51 1091
51 1117
51 1138
51 1234
51 1263
51 1309
51 1488
51 1494
51 1565
51 1680
51 1714
51 1717
51 1789
52 137
52 271
52 336
52 480
52 649
52 1479
53 81
53 92
53 105
53 187
53 195
53 221
53 267
53 309
53 377
53 388
53 414
53 419
53 427
53 467
53 486
53 544
53 549
53 631
53 720
53 732
53 1023
53 1172
53 1621
53 1676
53 1831
53 1842
54 98
54 99
54 120
54 138
54 162
54 271
54 307
54 339
54 416
54 498
54 574
54 686
54 695
54 819
54 823
54 854
54 865
54 943
54 944
54 970
54 1060
54 1111
54 1129
54 1259
54 1273
54 1508
54 1719
55 58
55 80
55 84
55 268
55 316
55 671
55 729
55 749
55 1422
56 62
56 76
56 99
56 102
56 107
56 190
56 198
56 240
56 279
56 285
56 320
56 328
56 330
56 331
56 353
56 366
56 419
56 469
56 593
56 627
56 711
56 775
56 900
56 962
56 994
56 1013
56 1017
56 1223
56 1370
56 1556
56 1713
56 1910
57 72
57 95
57 141
57 177
57 229
57 303
57 319
57 354
57 406
57 461
57 541
57 618
57 656
57 935
57 1107
57 1121
57 1237
57 1261
57 1420
57 1737
58 69
58 77
58 114
58 117
58 166
58 180
58 227
58 231
58 252
58 264
58 289
58 293
58 335
58 400
58 451
58 457
58 459
58 484
58 496
58 498
58 522
58 562
58 565
58 667
58 721
58 819
58 820
58 880
58 923
58 926
58 959
58 960
58 992
58 1051
58 1088
58 1224
58 1254
58 1255
58 1323
58 1440
58 1626
58 1640
58 1662
58 1747
58 1754
58 1908
59 73
59 75
59 197
59 230
59 501
59 533
59 591
59 635
59 887
59 1244
59 1435
59 1488
59 1870
60 103
60 146
60 219
60 260
60 290
60 292
60 324
60 359
60 419
60 476
60 481
60 571
60 578
60 649
60 755
60 836
60 981
60 1043
60 1751
61 87
61 105
61 111
61 140
61 171
61 204
61 208
61 238
61 251
61 265
61 305
61 326
61 394
61 400
61 401
61 415
61 500
61 813
61 818
61 902
61 916
61 1012
61 1109
61 1136
61 1228
61 1370
61 1381
61 1568
61 1577
61 1725
61 1742
61 1753
61 1792
62 116
62 123
62 131
62 139
62 222
62 235
62 279
62 298
62 306
62 365
62 621
62 654
62 661
62 670
62 707
62 932
62 939
62 1010
62 1035
62 1053
62 1089
62 1102
62 1108
62 1120
62 1134
62 1148
62 1209
62 1392
62 1524
62 1623
62 1640
62 1646
62 1705
62 1761
63 154
63 166
63 170
63 228
63 240
63 243
63 280
63 308
63 321
63 349
63 392
63 422
63 699
63 739
63 755
63 757
63 765
63 777
63 788
63 930
63 1077
63 1122
63 1208
63 1218
63 1334
63 1570
63 1618
63 1619
63 1676
63 1695
63 1868
64 79
64 146
64 147
64 165
64 245
64 277
64 332
64 363
64 373
64 374
64 449
64 453
64 457
64 698
64 731
64 752
64 825
64 838
64 954
64 1085
64 1168
64 1347
64 1359
64 1411
64 1473
64 1495
64 1626
64 1681
64 1684
65 67
65 94
65 132
65 148
65 161
65 187
65 259
65 297
65 303
65 309
65 319
65 368
65 375
65 445
65 480
65 486
65 505
65 508
65 566
65 592
65 617
65 640
65 641
65 712
65 717
65 723
65 724
65 888
65 982
65 1064
65 1077
65 1125
65 1285
65 1446
65 1496
65 1587
65 1648
65 1786
65 1909
66 103
66 111
66 112
66 120
66 167
66 208
66 244
66 245
66 261
66 270
66 322
66 348
66 383
66 396
66 428
66 440
66 575
66 623
66 683
66 686
66 760
66 772
66 808
66 948
66 993
66 1003
66 1017
66 1050
66 1100
66 1122
66 1261
66 1310
66 1326
66 1394
66 1426
66 1442
66 1715
66 1833
66 1909
67 75
67 82
67 88
67 136
67 183
67 222
67 257
67 267
67 302
67 434
67 514
67 539
67 550
67 560
67 571
67 585
67 694
67 735
67 800
67 822
67 844
67 1045
67 1063
67 1113
67 1173
67 1180
67 1198
67 1245
67 1255
67 1675
67 1692
67 1865
68 81
68 192
68 210
68 221
68 222
68 239
68 249
68 317
68 546
68 559
68 563
68 575
68 639
68 708
68 728
68 844
68 1063
68 1071
68 1171
68 1240
68 1478
68 1506
68 1560
68 1712
69 237
69 272
69 324
69 415
69 704
69 731
69 829
69 895
69 953
69 1049
70 362
70 393
70 499
70 1005
70 1249
70 1547
70 1779
70 1862
71 76
71 77
71 87
71 109
71 135
71 144
71 258
71 281
71 382
71 548
71 602
71 607
71 623
71 820
71 858
71 1112
71 1211
71 1291
71 1333
71 1422
71 1654
71 1704
71 1904
72 82
72 107
72 142
72 143
72 158
72 256
72 281
72 304
72 344
72 369
72 498
72 516
72 590
72 740
72 1039
72 1093
72 1139
72 1161
72 1178
72 1220
72 1326
72 1433
72 1600
72 1726
72 1868
73 115
73 129
73 158
73 196
73 201
73 250
73 251
73 275
73 448
73 466
73 469
73 708
73 760
73 836
73 866
73 1495
73 1908
74 103
74 223
74 227
74 231
74 236
74 246
74 265
74 317
74 463
74 486
74 705
74 786
74 917
74 956
74 958
74 1079
74 1176
74 1255
74 1298
74 1368
74 1372
74 1411
74 1506
74 1589
74 1600
74 1636
74 1640
74 1774
74 1781
74 1819
74 1891
75 78
75 93
75 155
75 170
75 241
75 298
75 311
75 471
75 493
75 502
75 513
75 758
75 788
75 815
75 1044
75 1057
75 1076
75 1155
75 1208
75 1265
75 1332
75 1339
75 1340
75 1404
75 1438
75 1497
75 1573
75 1626
75 1719
75 1732
76 87
76 100
76 109
76 242
76 272
76 402
76 521
76 563
76 591
76 976
76 1501
76 1540
76 1594
76 1662
77 79
77 155
77 245
77 304
77 550
77 754
77 770
77 839
77 882
77 906
77 1064
77 1175
77 1205
77 1226
77 1425
77 1508
77 1688
77 1721
77 1765
78 98
78 115
78 164
78 207
78 224
78 306
78 535
78 562
78 649
78 769
78 772
78 803
78 866
78 907
78 942
78 1572
78 1597
78 1631
79 105
79 128
79 136
79 212
79 259
79 309
79 345
79 382
79 599
79 849
79 859
79 1091
79 1570
79 1583
79 1796
79 1824
80 95
80 125
80 148
80 200
80 412
80 523
80 557
80 622
80 885
80 902
80 906
80 1082
80 1212
80 1528
80 1747
80 1860
81 117
81 205
81 333
81 362
81 386
81 573
81 742
81 775
81 1412
81 1569
81 1871
82 91
82 106
82 113
82 134
82 142
82 178
82 217
82 225
82 246
82 258
82 263
82 278
82 314
82 385
82 422
82 462
82 468
82 518
82 525
82 588
82 673
82 682
82 695
82 830
82 851
82 920
82 1006
82 1021
82 1024
82 1069
82 1098
82 1138
82 1199
82 1239
82 1345
82 1349
82 1430
82 1441
82 1445
82 1454
82 1557
82 1567
82 1574
82 1772
82 1788
82 1790
82 1853
82 1888
83 129
83 130
83 180
83 229
83 330
83 357
83 396
83 411
83 462
83 588
83 720
83 807
83 917
83 1616
83 1676
83 1785
84 198
84 234
84 361
84 371
84 379
84 633
84 636
84 705
84 1150
84 1351
84 1424
84 1432
84 1515
84 1578
84 1678
84 1691
84 1865
84 1893
85 97
85 123
85 125
85 267
85 278
85 355
85 479
85 489
85 544
85 577
85 797
85 817
85 1097
85 1327
86 114
86 273
86 291
86 404
86 552
86 707
86 744
86 756
86 759
86 1197
86 1821
86 1831
87 90
87 109
87 157
87 215
87 244
87 318
87 324
87 363
87 416
87 446
87 632
87 698
87 716
87 851
87 855
87 876
87 905
87 928
87 929
87 966
87 1060
87 1070
87 1125
87 1196
87 1446
87 1473
87 1477
87 1492
87 1566
87 1627
87 1663
87 1684
87 1736
87 1740
88 144
88 289
88 613
88 669
88 812
88 887
88 953
88 1137
88 1634
89 184
89 307
89 346
89 529
89 816
89 1724
90 110
90 206
90 210
90 260
90 296
90 374
90 417
90 479
90 570
90 588
90 747
90 766
90 789
90 831
90 850
90 926
90 1065
90 1126
90 1137
90 1319
90 1327
90 1350
90 1371
90 1523
91 225
91 283
91 286
91 384
91 460
91 491
91 530
91 599
91 656
91 696
91 1038
91 1184
91 1227
91 1301
91 1352
91 1614
91 1687
91 1711
91 1723
91 1795
92 439
92 538
92 543
92 569
92 584
92 1115
92 1125
92 1379
92 1404
92 1545
92 1703
92 1709
93 562
93 715
93 922
93 951
93 1020
93 1069
93 1116
93 1396
93 1443
93 1860
94 349
94 522
94 811
94 996
94 1017
94 1185
94 1423
94 1849
95 208
95 367
95 612
95 1587
95 1589
96 122
96 354
96 362
96 392
96 402
96 561
96 678
96 756
96 999
96 1009
96 1083
96 1213
96 1291
96 1430
96 1441
96 1452
96 1696
96 1754
96 1826
96 1864
97 104
97 134
97 149
97 189
97 201
97 249
97 284
97 327
97 336
97 423
97 513
97 541
97 547
97 549
97 575
97 733
97 762
97 1137
97 1248
97 1257
97 1275
97 1515
97 1566
97 1670
97 1737
98 126
98 202
98 242
98 318
98 381
98 532
98 675
98 686
98 719
98 951
98 964
98 1232
98 1264
98 1396
98 1692
99 108
99 135
99 156
99 395
99 524
99 789
99 1127
99 1195
99 1394
99 1473
99 1880
100 108
100 115
100 130
100 191
100 350
100 428
100 527
100 652
100 839
100 1007
100 1179
100 1286
100 1373
100 1419
100 1798
101 127
101 222
101 315
101 343
101 355
101 411
101 532
101 662
101 759
101 807
101 1159
101 1235
101 1597
101 1872
102 133
102 193
102 221
102 288
102 308
102 640
102 810
102 895
102 1291
102 1299
102 1420
102 1497
102 1547
102 1844
103 109
103 133
103 136
103 151
103 152
103 156
103 216
103 230
103 236
103 244
103 246
103 352
103 449
103 497
103 544
103 626
103 628
103 686
103 711
103 785
103 939
103 996
103 1290
103 1354
103 1444
103 1458
103 1496
103 1731
103 1900
103 1902
104 254
104 271
104 298
104 503
104 517
104 549
104 582
104 601
104 702
104 841
104 1058
104 1064
104 1098
104 1130
104 1150
104 1207
104 1235
104 1466
104 1542
105 161
105 164
105 172
105 220
105 257
105 282
105 321
105 338
105 340
105 370
105 435
105 449
105 505
105 584
105 615
105 661
105 662
105 814
105 1207
105 1358
105 1503
105 1550
105 1561
105 1611
105 1643
105 1667
105 1836
106 114
106 123
106 132
106 136
106 145
106 150
106 151
106 152
106 158
106 171
106 207
106 371
106 409
106 473
106 517
106 744
106 753
106 782
106 875
106 898
106 1118
106 1273
106 1444
106 1568
106 1589
106 1710
106 1733
106 1782
107 221
107 332
107 699
107 700
107 806
107 874
107 1142
107 1281
107 1422
107 1900
108 161
108 184
108 211
108 225
108 488
108 499
108 622
108 625
108 668
108 1009
108 1027
108 1228
108 1366
108 1500
108 1747
109 152
109 280
109 424
109 525
109 727
109 735
109 841
109 965
109 986
109 1059
109 1353
109 1637
110 153
110 181
110 304
110 342
110 471
110 576
110 1044
110 1057
110 1312
111 126
111 128
111 129
111 138
111 152
111 161
111 164
111 179
111 197
111 554
111 599
111 793
111 814
111 1056
111 1173
111 1556
111 1602
111 1611
111 1745
111 1777
112 133
112 181
112 203
112 262
112 286
112 352
112 455
112 613
112 668
112 969
112 989
112 1006
112 1078
112 1103
112 1140
112 1293
112 1599
112 1696
112 1709
112 1867
113 143
113 208
113 213
113 288
113 381
113 450
113 471
113 567
113 745
113 759
113 803
113 845
113 904
113 965
113 1015
113 1081
113 1327
113 1334
113 1403
113 1596
113 1630
113 1878
114 168
114 614
114 744
114 1031
114 1072
114 1074
114 1166
114 1749
114 1825
115 170
115 178
115 281
115 476
115 701
115 712
115 957
115 1083
115 1339
115 1406
116 131
116 242
116 352
116 592
116 601
116 658
116 840
116 867
116 1080
116 1154
116 1268
116 1312
116 1356
116 1599
116 1622
116 1838
116 1900
117 142
117 150
117 162
117 186
117 284
117 425
117 459
117 607
117 720
117 881
117 978
117 986
117 1186
117 1375
117 1386
117 1470
117 1569
117 1736
117 1756
118 169
118 176
118 184
118 188
118 215
118 217
118 226
118 291
118 357
118 367
118 424
118 621
118 630
118 676
118 886
118 899
118 921
118 940
118 941
118 1058
118 1071
118 1341
118 1461
118 1514
118 1519
118 1593
118 1604
118 1787
118 1893
119 123
119 163
119 214
119 489
119 604
119 631
119 633
119 679
119 1117
119 1210
119 1395
119 1641
120 375
120 452
120 549
120 639
120 696
120 726
120 1377
120 1589
121 125
121 238
121 248
121 363
121 406
121 551
121 558
121 679
121 923
121 933
121 946
121 982
121 1070
121 1148
121 1174
121 1289
121 1318
121 1402
121 1529
121 1558
121 1586
121 1645
121 1786
121 1887
121 1889
122 147
122 200
122 290
122 334
122 378
122 397
122 463
122 485
122 516
122 531
122 545
122 553
122 580
122 798
122 830
122 896
122 903
122 1430
122 1723
123 124
123 249
123 397
123 467
123 633
123 660
123 729
123 784
123 853
123 913
123 950
123 1094
123 1112
123 1127
123 1590
123 1701
123 1862
123 1913
124 126
124 212
124 241
124 302
124 340
124 341
124 368
124 458
124 482
124 516
124 687
124 771
124 809
124 969
124 1024
124 1051
124 1102
124 1153
124 1254
124 1363
124 1426
124 1734
124 1893
125 126
125 169
125 185
125 374
125 424
125 521
125 528
125 732
125 938
125 1094
125 1123
125 1133
125 1180
125 1277
125 1441
125 1750
125 1880
126 195
126 251
126 403
126 631
126 698
126 724
126 730
126 934
126 993
126 1098
126 1424
127 179
127 598
127 609
127 627
127 631
127 1061
127 1819
128 160
128 180
128 196
128 228
128 306
128 355
128 517
128 620
128 653
128 729
128 860
128 863
128 872
128 884
128 942
128 960
128 1043
128 1101
128 1216
128 1317
128 1441
128 1488
128 1682
128 1721
128 1729
128 1801
128 1808
128 1857
129 211
129 298
129 342
129 490
129 759
129 776
129 799
129 1003
129 1010
129 1132
129 1144
129 1149
129 1181
129 1448
130 189
130 253
130 310
130 585
130 636
130 663
130 738
130 1177
131 157
131 312
131 407
131 435
131 447
131 590
131 644
131 688
131 706
131 731
131 781
131 802
131 1389
131 1395
131 1584
131 1678
131 1790
132 188
132 874
132 1201
133 177
133 326
133 348
133 384
133 386
133 425
133 528
133 558
133 583
133 666
133 950
133 988
133 1107
133 1325
133 1438
133 1507
133 1518
134 423
134 510
134 518
134 641
134 673
134 691
134 754
134 768
134 937
134 949
134 1009
134 1391
134 1500
134 1519
134 1532
135 149
135 345
135 1290
135 1522
135 1553
136 294
136 626
136 793
136 816
136 1092
136 1120
136 1472
136 1568
136 1817
137 148
137 297
137 660
137 830
137 1119
137 1203
137 1363
137 1428
137 1468
137 1504
137 1529
137 1592
137 1644
137 1778
138 143
138 329
138 423
138 940
138 967
138 1686
138 1702
139 202
139 335
139 464
139 732
139 1162
140 141
140 155
140 186
140 193
140 207
140 259
140 265
140 435
140 690
140 754
140 1189
140 1276
140 1278
140 1406
140 1881
141 154
141 159
141 195
141 210
141 389
141 447
141 616
141 1019
141 1162
141 1789
142 144
142 159
142 174
142 177
142 231
142 236
142 258
142 299
142 377
142 476
142 555
142 679
142 892
142 944
142 994
142 1798
142 1818
142 1913
143 175
143 185
143 191
143 201
143 215
143 222
143 239
143 250
143 279
143 310
143 380
143 530
143 665
143 726
143 1068
143 1155
143 1347
143 1361
143 1381
143 1455
143 1473
143 1655
144 153
144 254
144 267
144 359
144 1145
144 1149
144 1505
144 1559
145 156
145 159
145 243
145 448
145 470
145 519
145 858
145 912
145 1227
146 183
146 297
146 353
146 355
146 556
146 588
146 671
146 688
146 795
146 861
146 1123
146 1266
146 1307
146 1509
146 1611
146 1616
147 237
147 257
147 453
147 540
147 554
147 651
147 995
147 1581
147 1660
147 1685
147 1815
147 1839
147 1897
148 332
148 465
148 491
148 493
148 697
148 790
148 883
148 1029
148 1110
148 1118
148 1133
148 1390
148 1689
150 154
150 183
150 218
150 437
150 442
150 482
150 524
150 795
150 823
150 899
150 989
150 1006
150 1054
150 1105
150 1231
150 1264
150 1280
150 1326
150 1357
150 1410
150 1416
150 1577
151 219
151 286
151 545
151 682
151 718
151 762
151 930
151 959
151 977
151 1665
151 1689
151 1781
152 293
152 328
152 378
152 392
152 417
152 452
152 457
152 485
152 505
152 526
152 668
152 684
152 743
152 750
152 950
152 1110
152 1174
152 1292
152 1395
153 203
153 414
153 487
153 543
153 668
153 936
153 1042
153 1069
153 1175
153 1796
153 1841
154 184
154 214
154 215
154 216
154 233
154 252
154 317
154 388
154 396
154 420
154 467
154 510
154 567
154 864
154 882
154 909
154 915
154 966
154 1102
154 1250
154 1296
154 1358
154 1423
154 1840
154 1858
154 1899
155 193
155 207
155 379
155 389
155 494
155 854
155 901
155 924
155 1182
155 1290
155 1676
155 1780
156 446
156 748
156 775
156 869
156 1041
156 1891
157 178
157 282
157 330
157 405
157 644
157 1132
157 1155
157 1489
157 1764
158 223
158 227
158 243
158 266
158 441
158 458
158 496
158 913
158 1358
158 1450
158 1697
158 1757
158 1814
159 383
159 596
159 598
159 1492
160 372
160 412
160 682
160 784
160 901
160 1660
160 1753
161 166
161 210
161 372
161 513
161 528
161 531
161 585
161 1116
161 1130
161 1150
161 1311
161 1349
161 1423
161 1633
161 1672
162 164
162 277
162 334
162 340
162 449
162 657
162 825
162 970
162 1329
162 1433
162 1555
162 1758
162 1785
162 1891
163 168
163 200
163 229
163 235
163 277
163 316
163 429
163 456
163 555
163 561
163 595
163 618
163 650
163 662
163 764
163 786
163 813
163 1106
163 1187
163 1279
163 1431
163 1466
163 1517
163 1603
163 1610
163 1646
163 1661
163 1731
163 1744
163 1815
164 278
164 296
164 379
164 411
164 676
164 743
164 962
164 983
164 990
164 1224
164 1283
164 1295
164 1410
164 1449
164 1551
164 1554
165 216
165 461
165 487
165 494
165 507
165 593
165 643
165 1016
165 1283
165 1548
165 1689
165 1784
166 273
166 339
166 383
166 404
166 567
166 1625
167 228
167 477
167 931
167 1907
168 224
168 430
168 462
168 465
168 596
168 697
168 703
168 801
168 823
168 921
168 997
168 1373
168 1595
168 1777
169 224
169 361
169 539
169 567
169 803
169 816
169 908
169 998
169 1037
169 1211
169 1604
169 1857
169 1900
170 182
170 243
170 310
170 376
170 902
170 1020
170 1034
170 1083
170 1181
170 1286
170 1347
170 1510
170 1559
170 1564
171 219
171 262
171 300
171 497
171 559
171 569
171 770
171 857
171 1031
171 1065
171 1089
171 1122
171 1148
171 1272
171 1311
171 1484
171 1580
171 1778
171 1804
171 1878
172 391
172 468
172 660
172 702
172 735
172 790
172 896
172 1176
172 1286
172 1593
172 1618
173 181
173 190
173 215
173 277
173 293
173 308
173 360
173 387
173 401
173 402
173 436
173 542
173 562
173 564
173 638
173 706
173 775
173 782
173 902
173 915
173 953
173 1022
173 1174
173 1365
173 1434
173 1457
173 1461
173 1462
173 1482
173 1691
174 175
174 252
174 280
174 497
174 607
174 1301
174 1560
174 1656
174 1685
174 1795
174 1848
175 181
175 187
175 325
175 350
175 637
175 1113
175 1144
175 1401
175 1507
176 311
176 313
176 314
176 394
176 502
176 703
176 987
176 1216
176 1671
176 1704
176 1792
177 207
177 527
177 924
177 1058
177 1285
177 1481
178 191
178 346
178 360
178 386
178 469
178 606
178 766
178 943
178 1123
178 1303
178 1304
178 1896
179 206
179 501
179 506
179 520
179 614
179 990
179 1029
179 1343
179 1506
179 1520
179 1781
179 1848
180 264
180 276
180 384
180 491
180 603
180 646
180 649
180 940
180 954
180 973
180 1036
180 1042
180 1073
180 1176
180 1238
180 1313
180 1468
181 254
181 258
181 269
181 353
181 407
181 421
181 445
181 579
181 617
181 635
181 677
181 721
181 746
181 779
181 785
181 811
181 813
181 817
181 1144
181 1200
181 1579
181 1662
181 1715
181 1761
181 1793
182 217
182 308
182 396
182 417
182 608
182 971
182 1120
182 1733
182 1849
183 710
183 724
183 752
183 1031
183 1076
183 1233
183 1315
183 1756
183 1797
184 272
184 380
184 442
184 493
184 764
184 955
184 1001
184 1126
184 1230
184 1252
184 1255
184 1502
184 1759
185 309
185 341
185 356
185 477
185 521
185 560
185 947
185 1157
185 1289
186 259
186 361
186 1020
186 1830
186 1857
187 613
187 645
187 1011
187 1240
187 1315
187 1699
187 1746
187 1775
187 1797
187 1844
188 199
188 206
188 284
188 450
188 956
188 984
188 1601
188 1622
189 398
189 601
189 616
189 715
189 863
189 1275
189 1603
189 1624
189 1782
190 273
190 375
190 381
190 394
190 903
190 959
191 198
191 261
191 331
191 366
191 383
191 400
191 429
191 498
191 606
191 626
191 793
191 814
191 917
191 919
191 1059
191 1083
191 1325
191 1352
191 1574
191 1724
191 1787
192 203
192 322
192 525
192 587
192 759
192 1385
192 1549
192 1654
193 247
193 325
193 604
193 731
193 1023
193 1340
193 1383
193 1673
194 361
194 492
194 1441
194 1767
195 522
195 865
195 1303
195 1590
195 1800
195 1822
195 1909
196 832
197 233
197 240
197 276
197 311
197 395
197 433
197 473
197 582
197 640
197 687
197 694
197 702
197 753
197 835
197 861
197 906
197 907
197 909
197 1112
197 1147
197 1198
197 1204
197 1320
197 1330
197 1348
197 1439
197 1478
197 1623
197 1782
197 1806
198 237
198 439
198 456
198 501
198 520
198 797
198 806
198 821
198 852
198 871
198 921
198 981
198 1239
198 1256
198 1395
198 1509
198 1525
198 1535
198 1874
199 247
199 254
199 377
199 422
199 546
199 704
199 828
199 1185
199 1284
199 1553
199 1624
200 287
200 313
200 572
200 579
200 609
200 667
200 755
200 863
200 1010
200 1062
200 1119
200 1225
200 1265
200 1626
201 523
201 586
201 592
201 604
201 610
201 887
202 205
202 253
202 325
202 364
202 445
202 558
202 646
202 751
202 967
202 975
202 1003
202 1038
202 1185
202 1232
202 1462
202 1670
202 1745
202 1786
203 321
203 599
203 681
203 761
203 1090
203 1875
204 220
204 537
204 636
204 911
204 1072
204 1146
204 1355
204 1561
204 1614
204 1825
204 1842
204 1883
205 410
205 580
205 829
205 1002
205 1153
205 1190
205 1884
206 408
206 1419
206 1421
206 1649
207 629
207 933
207 963
207 1052
207 1133
207 1363
207 1475
207 1542
208 209
208 343
208 430
208 644
208 682
208 776
208 905
208 949
208 998
208 1515
208 1772
209 333
209 427
210 226
210 302
210 667
210 1804
211 584
211 589
211 625
211 655
211 1188
211 1361
212 382
212 712
212 794
212 999
212 1180
212 1304
213 223
213 342
213 728
213 1509
213 1559
214 269
214 310
214 368
214 450
214 463
214 524
214 557
214 716
214 1030
214 1203
214 1248
214 1341
214 1436
214 1479
214 1659
214 1780
214 1851
215 320
215 388
215 460
215 464
215 514
215 651
215 681
215 1009
215 1016
215 1084
215 1597
215 1885
216 228
216 264
216 282
216 616
216 622
216 693
216 1009
216 1153
216 1312
216 1889
217 918
217 932
217 1684
218 221
218 267
218 292
218 972
218 1245
218 1339
219 403
219 762
219 1438
219 1539
219 1903
220 1566
221 322
221 412
221 664
221 681
221 792
221 853
221 881
221 1049
221 1146
221 1198
221 1237
221 1537
221 1755
221 1837
222 232
222 270
222 293
222 392
222 859
222 1883
223 328
223 333
223 576
223 655
223 678
223 703
223 734
223 891
223 912
223 1008
223 1081
223 1087
223 1757
224 226
224 378
224 547
224 685
224 689
224 723
224 1845
225 295
225 360
225 438
225 447
225 487
225 654
225 1319
225 1437
225 1733
226 230
226 295
226 644
226 1146
226 1394
226 1463
226 1498
226 1828
227 354
227 380
227 537
227 1674
228 248
228 259
228 354
228 998
228 1004
228 1342
228 1591
228 1615
228 1763
228 1814
228 1866
229 292
229 316
229 327
229 418
229 536
229 651
229 665
229 778
229 844
229 861
229 1018
229 1151
229 1169
229 1202
229 1222
229 1363
229 1435
229 1485
229 1607
229 1721
229 1864
230 714
230 1195
231 288
231 455
231 984
231 1066
231 1175
231 1195
231 1209
231 1388
231 1409
231 1712
231 1894
232 281
232 393
232 505
232 556
232 685
232 793
232 837
232 1059
232 1195
232 1196
232 1227
232 1258
232 1413
232 1493
232 1625
232 1738
232 1866
232 1872
232 1885
232 1906
233 238
233 1297
233 1348
234 464
234 503
234 526
234 540
234 652
234 1004
234 1109
234 1410
234 1504
234 1513
234 1679
234 1686
235 382
235 425
235 510
235 616
235 773
235 888
235 1412
236 238
236 323
236 332
236 399
236 536
236 1618
236 1904
237 261
237 483
237 484
237 545
237 840
237 933
237 957
237 1066
237 1077
237 1301
237 1361
237 1429
237 1488
237 1627
237 1715
237 1731
237 1821
238 268
238 376
238 456
238 714
238 870
238 894
238 1231
238 1345
238 1356
238 1512
238 1535
239 329
239 440
239 469
239 473
239 721
239 914
239 1001
239 1047
239 1286
239 1287
239 1471
239 1505
239 1541
239 1735
239 1754
240 242
240 261
240 363
240 434
240 547
240 581
240 1005
240 1040
240 1041
240 1211
240 1320
241 337
241 456
241 513
241 619
241 705
241 1191
241 1542
242 705
242 832
242 1049
242 1222
242 1290
243 269
243 500
243 627
243 697
243 891
243 1049
243 1170
243 1369
243 1392
243 1519
244 270
244 283
244 634
244 724
244 985
244 1360
244 1634
244 1863
245 1341
246 313
246 405
246 462
246 752
246 758
246 1015
246 1096
246 1524
246 1569
246 1668
246 1718
246 1803
248 443
248 522
248 734
248 794
248 1010
248 1062
248 1618
248 1835
249 344
249 706
249 766
249 783
249 927
249 937
249 1027
249 1064
249 1104
249 1107
249 1126
249 1297
249 1582
250 345
250 566
250 608
250 881
250 927
250 1157
250 1233
250 1455
250 1710
250 1736
250 1784
251 387
251 478
251 578
251 600
251 673
251 712
251 748
251 870
251 887
251 977
251 1127
251 1475
251 1534
251 1707
251 1851
252 431
252 662
252 1243
252 1282
252 1351
253 274
253 283
253 294
253 297
253 351
253 402
253 407
253 436
253 587
253 602
253 642
253 672
253 741
253 890
253 899
253 1048
253 1223
253 1228
253 1385
253 1405
253 1465
253 1571
253 1614
254 260
254 1298
254 1397
254 1737
255 543
255 777
256 315
256 328
256 361
256 506
256 671
256 1111
256 1158
256 1544
256 1552
256 1650
256 1785
257 268
257 305
257 340
257 388
257 475
257 961
257 1575
258 717
259 279
259 283
259 319
259 347
259 439
259 544
259 598
259 883
259 907
259 1374
259 1570
260 376
260 413
260 711
260 801
261 287
261 306
261 320
261 378
261 395
261 451
261 615
261 1607
261 1652
261 1722
262 329
262 954
263 488
263 943
263 1002
263 1112
263 1272
264 290
264 408
264 688
264 690
264 1332
264 1452
264 1548
264 1681
264 1799
265 437
265 630
265 871
265 1781
266 691
266 740
266 860
266 1428
266 1461
267 291
267 330
267 446
267 452
267 642
267 677
267 1371
267 1586
268 470
268 773
268 859
268 1342
268 1384
269 317
269 396
269 781
269 1318
269 1436
269 1698
270 429
270 1793
271 347
271 790
271 1035
271 1247
271 1490
271 1794
272 442
272 1613
273 312
273 406
273 457
273 461
273 1266
273 1549
273 1584
273 1612
274 350
274 387
274 481
274 600
274 650
274 774
274 826
274 1046
274 1239
274 1257
275 284
275 312
275 426
275 492
275 675
275 774
275 1727
275 1815
276 366
276 390
276 454
276 569
276 611
276 672
276 714
276 741
276 1169
276 1217
276 1377
276 1746
276 1794
276 1807
278 403
278 659
278 834
278 870
278 1201
278 1236
278 1622
278 1868
279 296
279 303
279 358
279 448
279 549
279 653
279 695
279 719
279 891
279 961
279 965
279 1000
279 1066
279 1079
279 1201
279 1273
279 1278
279 1714
280 289
280 334
280 394
280 409
280 421
280 630
280 710
280 872
280 883
280 1034
280 1085
280 1717
280 1830
281 579
281 584
281 626
281 692
281 892
281 949
281 1125
281 1673
282 343
282 397
282 438
282 492
282 712
282 726
282 833
282 926
282 931
282 1169
282 1179
282 1403
282 1628
282 1858
283 290
283 497
283 1206
283 1557
284 398
284 432
284 646
284 934
284 1086
284 1091
284 1185
284 1798
284 1806
284 1875
285 478
285 988
285 1332
286 408
286 1417
287 303
287 454
287 533
287 869
287 924
287 1096
287 1363
287 1409
287 1521
287 1588
287 1897
287 1911
288 953
288 1120
288 1232
288 1314
289 301
289 312
289 337
289 372
289 430
289 515
289 630
289 746
289 877
289 958
289 1051
289 1741
290 301
290 1663
291 364
291 451
291 536
291 632
291 779
291 860
291 885
291 1024
291 1072
291 1096
291 1325
291 1448
291 1464
291 1476
291 1499
291 1664
291 1764
291 1766
291 1812
291 1892
292 356
292 1045
292 1118
293 305
293 318
293 426
293 487
293 567
293 608
293 671
293 687
293 861
293 878
293 976
293 1018
293 1048
293 1108
293 1187
293 1241
293 1431
293 1464
293 1831
294 338
294 414
294 509
294 515
294 586
294 621
294 633
294 805
294 957
294 1177
294 1437
294 1614
294 1634
294 1753
294 1853
295 311
295 385
295 433
295 661
295 666
295 745
295 1019
295 1269
295 1308
295 1493
295 1661
296 333
296 783
296 1140
296 1432
297 354
297 553
297 654
297 1249
297 1313
297 1605
298 391
298 829
298 1307
299 483
300 323
301 343
301 440
301 1191
301 1212
301 1399
302 474
302 576
302 1074
302 1199
302 1297
302 1389
302 1404
302 1659
302 1707
303 564
303 645
303 647
303 810
303 828
303 905
303 1306
303 1861
304 516
304 684
304 763
304 1306
304 1706
305 398
305 571
305 747
305 996
305 1028
305 1089
305 1249
305 1285
305 1353
305 1774
305 1799
305 1810
306 648
307 483
307 561
307 819
307 842
307 879
307 916
307 1002
307 1091
307 1100
307 1238
307 1338
307 1669
307 1787
308 347
308 539
308 1609
308 1867
309 342
309 646
309 683
309 778
309 976
309 1134
309 1172
309 1186
309 1214
309 1608
309 1712
309 1770
309 1905
310 315
310 336
310 357
310 435
310 541
310 550
310 620
310 643
310 693
310 849
310 877
310 879
310 910
310 941
310 983
310 1093
310 1146
310 1179
310 1237
310 1274
310 1353
310 1416
310 1513
310 1598
310 1663
310 1820
310 1882
311 344
311 390
311 406
311 893
311 1084
311 1204
311 1417
311 1741
311 1835
312 385
312 438
312 551
312 572
312 1113
312 1269
312 1496
312 1677
312 1730
313 401
313 1145
314 325
314 405
314 527
314 560
314 657
314 689
314 737
314 848
314 855
314 881
314 1006
314 1020
314 1114
314 1283
314 1300
314 1569
314 1669
314 1847
315 344
315 372
315 659
315 707
315 826
315 1260
315 1309
315 1388
315 1585
315 1686
316 795
316 869
316 1047
316 1080
316 1294
316 1522
316 1708
317 347
317 348
317 363
317 437
317 505
317 554
317 672
317 821
317 846
317 941
317 1238
317 1243
317 1364
317 1387
317 1418
317 1461
317 1708
317 1752
317 1902
318 362
318 429
318 563
318 648
318 672
318 676
318 754
318 1288
318 1366
318 1553
319 370
319 766
319 958
319 1087
319 1197
320 357
320 415
320 469
320 484
320 611
320 657
320 890
320 1126
320 1153
320 1163
320 1832
320 1843
321 326
321 1328
321 1399
321 1519
322 511
322 515
322 587
322 702
322 706
322 728
322 765
322 1000
322 1311
322 1399
322 1509
323 335
323 552
323 753
323 890
323 1094
323 1183
323 1393
323 1418
323 1471
323 1478
323 1611
323 1726
324 329
324 387
324 474
324 511
324 565
324 709
324 737
324 797
324 836
324 868
324 1440
324 1911
325 542
325 777
325 884
325 908
325 956
326 374
326 873
326 1240
326 1580
326 1787
327 589
327 658
327 758
327 852
327 1380
327 1483
327 1501
327 1873
328 399
328 459
328 953
328 968
328 1805
328 1898
328 1899
329 496
329 507
329 737
329 1169
329 1223
329 1531
329 1544
329 1738
329 1890
330 1182
330 1912
331 431
331 599
331 1541
331 1624
332 495
332 784
332 831
332 902
332 1254
332 1296
332 1697
332 1846
333 456
333 693
333 924
333 1226
333 1538
333 1664
333 1759
333 1799
333 1871
334 380
334 475
334 495
334 508
334 530
334 708
334 883
334 1544
334 1701
335 447
335 470
335 521
335 702
335 898
335 965
335 1331
335 1793
336 451
336 564
336 777
336 796
336 806
336 837
336 1109
336 1538
336 1560
336 1578
336 1799
337 393
337 656
337 710
337 959
337 1008
337 1075
337 1179
337 1196
337 1744
338 356
338 418
338 445
338 448
338 453
338 472
338 492
338 559
338 577
338 596
338 605
338 615
338 754
338 781
338 799
338 896
338 1077
338 1222
338 1324
338 1439
339 466
339 634
339 802
339 830
339 890
339 896
339 1061
339 1161
339 1251
339 1629
339 1838
340 695
340 738
340 773
340 798
340 825
340 1634
340 1859
341 550
341 952
341 1037
341 1326
342 403
342 594
342 623
342 874
342 1106
342 1142
342 1538
342 1767
342 1803
343 360
343 398
343 846
343 1091
343 1152
344 617
344 730
344 852
344 1017
344 1293
344 1545
345 442
346 483
346 760
346 865
346 1426
346 1763
347 572
347 765
347 1067
347 1390
347 1522
347 1688
347 1756
348 409
348 410
348 443
348 719
348 833
348 962
348 1018
348 1063
348 1375
348 1666
348 1714
348 1817
349 497
349 1302
349 1615
349 1646
350 1235
350 1280
350 1669
350 1735
351 1265
351 1302
351 1370
351 1491
351 1804
351 1877
352 663
352 707
352 1337
352 1394
352 1435
353 666
353 889
353 1347
353 1496
353 1863
354 602
354 828
354 1264
354 1281
354 1672
354 1704
354 1789
355 526
355 535
355 1106
355 1228
355 1762
356 818
356 834
356 1773
357 427
357 716
357 901
358 415
358 509
358 528
358 1263
358 1356
358 1501
359 509
359 640
359 914
359 1339
359 1450
359 1855
360 398
360 540
360 864
360 1511
360 1822
361 427
361 697
361 1450
361 1775
362 850
362 942
362 970
362 985
363 437
363 1035
363 1429
363 1750
364 413
364 536
364 597
364 632
364 665
364 1191
364 1382
364 1737
365 412
365 494
365 726
365 1112
365 1414
366 446
366 608
366 896
366 1128
366 1156
366 1226
366 1379
366 1823
367 472
367 475
367 551
367 668
367 769
367 788
367 789
367 1908
368 542
368 594
368 900
368 1287
368 1389
368 1659
368 1757
368 1769
368 1792
369 452
369 576
369 1275
370 474
370 740
370 750
370 1250
370 1331
370 1335
370 1358
370 1815
371 973
371 1159
372 410
372 428
373 636
373 719
373 1147
374 1434
375 471
375 495
375 597
375 605
375 636
375 700
375 845
375 1001
375 1154
375 1242
375 1451
375 1546
375 1570
375 1763
375 1769
375 1835
375 1884
376 1392
377 475
377 558
377 715
377 723
377 776
377 1018
378 441
378 460
378 488
378 562
378 661
378 745
378 1419
379 590
379 1411
380 633
380 1129
380 1260
380 1655
380 1712
381 520
381 802
381 1050
381 1184
381 1861
382 386
382 768
382 887
382 916
382 1037
382 1092
382 1166
382 1184
382 1367
383 704
383 842
383 897
383 909
383 1491
383 1856
383 1880
383 1895
383 1899
384 1095
384 1314
384 1901
385 632
385 740
385 1002
385 1360
385 1562
386 410
386 525
386 593
386 615
386 897
386 990
386 1482
386 1515
386 1876
387 457
387 624
387 703
387 768
387 822
388 472
388 596
388 665
388 1024
388 1100
388 1558
388 1659
389 433
389 647
389 659
389 664
389 680
389 960
389 1060
389 1119
389 1121
389 1123
389 1172
389 1268
389 1379
389 1571
389 1739
389 1811
390 420
390 676
390 741
390 880
390 1014
390 1026
390 1382
391 818
391 1443
392 397
392 501
392 926
392 1013
393 546
393 638
393 780
393 995
393 1159
393 1446
393 1575
393 1650
393 1821
394 925
394 1518
395 444
395 476
395 495
395 539
395 721
395 945
395 951
395 952
395 979
395 1156
395 1241
395 1582
395 1597
395 1620
395 1736
395 1794
396 413
396 475
396 479
396 489
396 522
396 600
396 643
396 1154
396 1414
396 1594
396 1764
397 564
397 583
397 1021
398 1016
398 1486
399 933
399 1076
399 1703
400 512
400 530
400 698
400 748
400 1337
400 1680
401 444
401 511
401 603
401 769
401 1229
401 1243
401 1458
401 1636
402 422
403 975
403 1016
403 1132
403 1447
403 1714
404 1554
404 1843
406 946
406 1206
406 1483
407 512
407 627
407 650
407 1089
408 871
408 1726
408 1819
409 450
409 573
409 716
409 744
409 831
409 950
409 973
409 1032
409 1039
409 1108
409 1186
409 1214
409 1247
409 1280
409 1411
409 1646
409 1823
410 473
410 829
410 1168
410 1482
410 1546
411 637
411 1017
411 1588
411 1869
412 486
412 977
412 1616
413 1350
413 1594
413 1741
414 473
414 556
414 689
414 819
414 1256
414 1355
414 1375
414 1523
415 507
415 840
415 1623
416 778
416 1218
416 1322
416 1358
417 461
417 489
417 602
417 864
417 893
417 1239
417 1692
417 1856
418 1019
418 1141
418 1209
418 1703
418 1740
419 421
419 444
419 688
419 947
419 976
419 993
419 1121
419 1128
419 1170
419 1878
420 558
420 667
420 680
420 859
420 959
420 990
420 1279
421 518
421 613
421 684
421 1083
421 1828
422 578
422 861
422 943
422 976
422 1272
423 537
423 602
423 628
423 1201
423 1300
423 1767
423 1796
424 699
425 509
425 556
425 894
425 906
425 1044
426 492
426 514
426 533
426 582
426 674
426 685
426 824
426 835
426 1023
426 1125
426 1218
426 1235
426 1295
426 1351
426 1526
426 1762
426 1798
427 751
427 1806
428 610
428 1775
428 1883
429 502
429 1748
430 524
430 753
430 761
430 980
430 1527
431 559
431 803
431 826
431 923
431 1205
432 1003
432 1442
432 1830
433 1577
433 1744
434 439
434 835
434 1413
434 1460
434 1853
435 555
435 669
435 939
435 971
435 1500
435 1534
435 1752
436 459
436 503
436 614
436 808
436 872
436 1328
436 1445
436 1625
437 659
437 799
437 908
437 1307
438 482
438 696
438 771
438 820
438 823
438 873
438 939
438 1238
438 1391
438 1414
438 1592
439 804
439 812
439 1022
439 1230
439 1390
439 1575
439 1722
440 504
440 643
440 980
440 1382
440 1396
440 1420
441 589
442 1131
442 1360
442 1417
443 1012
443 1271
443 1288
443 1462
443 1562
443 1677
444 496
444 499
444 533
445 620
445 1139
445 1225
445 1365
445 1503
445 1620
445 1641
446 589
446 1213
446 1220
447 839
447 1043
447 1550
447 1586
447 1866
448 722
448 1087
449 510
449 1267
449 1302
449 1555
449 1732
450 458
450 1043
450 1190
451 529
451 766
451 1131
451 1497
451 1513
451 1706
452 527
452 593
452 751
452 799
452 904
452 914
452 923
452 1072
452 1735
452 1772
452 1885
453 503
453 578
453 697
453 749
453 905
453 1048
453 1116
453 1145
453 1277
453 1287
453 1357
453 1408
453 1457
453 1544
453 1581
454 507
454 736
454 835
454 1304
455 615
455 639
455 841
455 857
455 1025
455 1165
455 1341
455 1635
455 1661
456 581
456 1216
457 747
457 863
457 1088
457 1635
458 1141
458 1272
458 1375
458 1486
458 1644
458 1651
458 1652
458 1758
458 1879
459 1747
460 598
460 708
460 1554
460 1742
461 467
461 609
461 812
461 1062
461 1523
461 1908
462 529
462 586
462 689
462 760
462 1067
462 1494
463 555
463 1150
463 1191
463 1233
463 1456
463 1470
463 1542
463 1872
464 581
464 597
464 606
464 634
464 709
464 946
464 948
464 1068
464 1486
464 1610
464 1671
464 1694
464 1701
464 1875
465 900
465 1136
465 1409
465 1465
465 1873
465 1887
467 572
467 617
467 621
467 715
467 1117
467 1156
467 1618
467 1620
467 1632
467 1775
467 1828
468 922
468 1325
468 1629
469 529
469 568
469 736
469 779
469 792
469 1104
469 1178
469 1562
469 1658
470 498
470 1268
471 493
471 693
471 796
472 1157
472 1164
472 1397
472 1415
472 1725
473 698
473 835
473 864
473 920
473 1057
473 1139
473 1251
473 1558
474 560
474 577
474 767
474 1381
475 672
475 989
475 1578
475 1638
475 1876
476 493
476 546
476 666
476 797
476 1087
476 1327
476 1373
476 1547
476 1577
476 1639
476 1688
476 1823
477 485
477 677
477 975
477 1147
477 1291
477 1741
478 694
478 1013
478 1015
478 1293
478 1342
478 1495
478 1821
480 504
480 506
480 746
480 831
480 1090
480 1258
480 1323
480 1336
480 1864
481 718
481 1759
482 1435
482 1719
484 491
484 642
484 1525
485 500
485 504
485 544
485 920
485 935
485 940
485 1041
485 1680
486 523
486 584
486 591
486 639
486 684
486 1185
486 1213
486 1333
486 1396
487 585
487 915
487 1002
488 692
488 782
488 1063
488 1530
488 1775
489 682
489 704
489 992
489 997
489 1107
489 1199
489 1209
489 1294
489 1318
489 1541
489 1628
489 1639
489 1664
490 748
490 938
490 1119
490 1279
490 1418
490 1469
490 1685
490 1820
491 495
491 554
491 638
491 1337
491 1416
491 1463
491 1765
491 1869
492 1215
492 1582
492 1876
494 641
494 801
494 1857
495 878
495 929
496 1513
497 612
497 684
497 924
497 941
497 1110
497 1158
497 1423
497 1680
498 514
498 619
498 660
498 722
498 781
498 908
498 1243
498 1248
498 1464
498 1819
498 1827
499 780
499 988
499 1226
499 1596
499 1832
500 504
500 534
500 561
500 1347
501 743
501 867
501 1055
501 1388
501 1483
501 1776
502 523
502 628
502 1315
503 561
503 594
503 843
503 853
503 892
503 900
503 1771
504 582
504 607
504 612
504 1090
504 1595
504 1630
505 543
505 643
505 980
505 1344
505 1756
505 1871
506 771
506 984
506 1337
506 1499
507 1046
507 1378
507 1807
507 1815
507 1879
508 674
508 675
508 827
508 1258
508 1536
508 1874
509 606
509 713
509 880
509 916
509 1160
509 1527
510 576
510 942
510 1653
510 1728
511 738
511 1253
511 1313
512 520
512 553
512 743
512 922
512 986
512 1071
512 1081
512 1123
512 1177
512 1252
512 1256
512 1643
512 1681
513 629
513 918
513 1751
514 756
514 770
514 860
514 1284
514 1666
515 975
515 1012
515 1399
515 1420
515 1445
515 1474
515 1583
515 1612
515 1669
515 1694
515 1795
516 517
516 1453
516 1683
517 772
517 949
517 1257
517 1648
518 738
518 1314
519 588
519 1164
519 1517
519 1532
520 1175
520 1276
520 1739
520 1833
520 1835
521 681
521 966
521 1218
522 528
522 995
522 1297
522 1319
522 1403
523 891
523 933
524 539
525 838
525 1025
525 1262
525 1498
525 1823
526 632
526 865
526 1055
526 1317
526 1729
527 1642
527 1893
528 560
528 596
528 597
528 669
528 1331
528 1629
529 676
529 718
529 879
529 974
529 1075
529 1171
529 1279
529 1324
529 1339
530 639
530 901
531 591
531 894
531 961
531 1882
532 559
532 948
532 1784
533 557
533 1600
534 635
534 670
534 734
534 804
534 911
534 1040
534 1137
534 1219
534 1398
534 1548
534 1565
534 1792
534 1875
535 1051
535 1913
536 957
536 1216
536 1700
536 1805
538 705
538 911
538 1173
538 1282
538 1701
539 595
539 734
539 1322
540 607
540 765
540 991
540 1007
540 1058
540 1182
540 1378
540 1456
540 1468
540 1483
540 1619
540 1630
540 1801
540 1802
540 1886
540 1894
541 583
541 764
541 787
541 828
541 1099
541 1549
542 551
542 903
542 1198
542 1273
542 1316
542 1431
542 1487
542 1541
544 1414
544 1497
545 590
545 660
546 742
546 1141
546 1490
546 1912
547 611
547 1035
547 1152
547 1421
547 1645
548 555
548 617
548 740
548 787
548 809
548 1259
548 1406
548 1601
548 1628
548 1671
548 1733
549 592
549 1411
549 1613
549 1718
550 664
550 834
550 1246
550 1442
550 1709
550 1861
550 1899
551 583
551 1200
551 1810
551 1826
552 679
552 967
552 1526
552 1698
552 1897
553 722
553 811
553 1387
553 1749
553 1829
554 569
554 904
554 1399
555 997
555 1722
555 1729
556 723
556 1491
556 1507
557 717
557 727
557 1037
557 1425
558 627
558 1012
558 1144
558 1745
559 769
559 1670
560 853
560 1550
560 1717
560 1762
561 1073
561 1352
561 1750
562 1027
562 1349
563 686
563 783
563 832
564 1678
564 1699
565 799
565 823
565 1027
565 1646
565 1795
566 580
566 980
566 1607
566 1770
567 885
567 1223
567 1700
568 595
568 802
568 815
568 918
568 943
568 1011
568 1274
568 1572
569 677
569 1095
569 1214
569 1685
569 1789
571 573
571 739
571 842
571 962
571 1086
571 1306
571 1315
571 1326
571 1493
572 1139
572 1364
572 1374
572 1454
572 1862
573 589
573 787
573 897
573 1130
573 1310
573 1380
573 1480
573 1751
574 800
574 895
574 974
574 1033
574 1197
574 1200
574 1206
574 1401
574 1437
574 1527
574 1660
574 1689
574 1912
575 727
576 579
576 840
576 1007
576 1129
576 1849
577 629
577 680
577 745
577 1412
577 1474
578 850
578 963
578 1900
579 883
579 1115
579 1504
581 653
581 790
581 866
581 918
581 1867
581 1882
582 750
583 613
583 946
583 992
583 1187
583 1688
584 954
584 1748
585 836
585 1143
585 1234
585 1457
586 655
586 757
586 841
586 922
587 885
587 1786
587 1864
588 888
588 1075
589 725
589 794
589 1093
589 1264
589 1543
590 1355
591 784
591 914
591 1130
591 1432
591 1485
591 1530
591 1770
592 847
592 1699
592 1885
593 610
593 685
593 786
593 1470
594 690
594 738
594 758
594 764
594 1132
594 1608
595 722
595 774
595 1192
595 1240
595 1262
595 1276
595 1300
595 1423
595 1565
595 1721
595 1788
596 657
596 1593
596 1605
597 651
597 679
597 848
597 981
597 1086
598 733
598 793
598 809
598 919
598 973
598 1149
598 1161
598 1162
598 1214
598 1304
598 1635
598 1657
598 1812
598 1908
599 736
599 1019
599 1080
599 1253
599 1703
599 1791
600 620
600 638
600 858
600 897
600 947
600 1081
600 1244
600 1436
600 1666
600 1802
601 733
601 968
601 1174
601 1495
602 794
602 1305
602 1401
603 947
603 1056
603 1192
603 1402
603 1699
603 1760
603 1765
604 642
604 1406
604 1480
604 1708
605 788
605 829
605 869
605 1085
605 1306
605 1552
606 811
606 827
606 1116
606 1379
606 1556
606 1863
607 787
607 1241
607 1439
608 757
608 1037
608 1434
608 1603
610 630
610 649
610 652
610 746
610 848
610 862
610 1157
610 1280
611 645
611 647
611 824
611 1359
612 618
612 939
612 961
613 713
613 1270
613 1362
613 1805
614 838
615 648
615 893
615 1520
615 1656
616 816
616 1029
616 1124
616 1516
616 1561
616 1725
617 647
617 798
617 966
617 1094
617 1199
617 1224
617 1285
617 1499
617 1530
617 1563
617 1567
617 1643
617 1661
618 667
618 810
618 870
618 871
619 709
619 928
619 945
619 1520
619 1903
620 965
620 1253
620 1405
621 722
621 1186
621 1233
621 1244
621 1705
622 789
622 1249
622 1309
623 663
623 846
623 1163
623 1424
625 767
625 1270
625 1368
625 1716
626 798
626 859
626 888
626 989
626 1354
626 1655
627 678
627 767
627 1100
627 1412
627 1463
627 1612
628 1201
628 1776
628 1780
628 1785
629 1293
630 805
630 1054
630 1454
631 763
631 786
631 1074
631 1730
632 669
632 725
632 850
632 1225
632 1578
632 1819
632 1826
632 1829
633 680
633 817
633 863
633 1033
633 1155
633 1241
633 1334
633 1667
633 1847
634 725
634 739
634 825
634 880
634 936
634 1124
634 1359
634 1649
635 790
635 1811
635 1890
636 855
636 1330
637 1752
638 920
638 963
638 1766
638 1810
639 1162
640 978
640 1011
641 1849
642 645
642 655
642 785
642 1048
643 815
643 967
643 1143
643 1165
643 1221
643 1310
643 1400
643 1558
643 1602
644 798
644 1101
645 658
645 675
645 730
645 772
645 921
645 1036
645 1146
645 1194
645 1258
645 1419
645 1460
645 1494
645 1522
645 1590
645 1658
645 1791
645 1852
646 928
646 1652
647 903
647 1161
647 1536
647 1856
648 821
648 875
649 779
649 1213
649 1324
649 1882
652 752
652 1025
652 1117
652 1393
652 1457
652 1470
652 1676
652 1898
654 742
654 877
654 1025
654 1268
654 1427
655 980
655 1575
655 1807
656 691
656 729
656 936
656 938
657 1078
657 1674
658 733
658 1197
658 1895
659 735
659 1092
659 1310
659 1370
660 662
660 936
661 727
661 771
661 1014
662 1378
662 1398
662 1521
662 1702
663 701
663 878
663 1059
663 1270
663 1386
663 1907
663 1910
664 739
664 791
664 1063
664 1225
664 1314
664 1808
665 783
665 1030
666 1046
666 1238
666 1549
667 1305
667 1349
667 1827
668 691
668 1364
668 1409
668 1816
669 855
669 1149
669 1343
669 1459
669 1585
669 1842
670 870
670 941
670 1169
671 780
671 893
671 1159
671 1208
671 1348
672 674
672 762
672 868
672 946
672 1023
673 703
673 752
673 876
673 929
673 1620
673 1835
674 846
674 1394
674 1799
675 1487
676 1029
676 1760
676 1766
677 879
677 928
677 1212
677 1306
678 1047
678 1354
678 1380
678 1480
679 721
679 1510
679 1638
680 982
680 1437
681 1065
682 1343
682 1809
683 817
683 1135
684 809
684 1062
684 1210
684 1674
685 1084
685 1362
685 1677
686 723
686 944
686 974
686 1183
686 1338
687 1078
687 1336
687 1397
687 1465
687 1793
688 1077
688 1210
688 1650
688 1704
688 1768
688 1840
689 1495
689 1506
689 1697
690 1079
690 1248
690 1638
691 925
691 1374
691 1524
692 849
692 969
692 1115
693 1533
694 892
694 911
694 1296
695 731
695 961
695 981
695 1062
696 1604
696 1701
697 929
698 737
698 1404
698 1526
698 1648
699 1147
699 1522
701 1244
701 1380
701 1532
701 1667
703 1041
703 1526
703 1911
704 763
704 1742
705 1015
705 1366
705 1563
706 713
706 801
706 828
706 1504
706 1631
706 1743
706 1764
707 864
708 1533
708 1738
708 1809
708 1890
709 1184
709 1442
709 1574
709 1849
709 1862
712 868
712 904
712 955
712 1140
712 1246
712 1617
712 1870
714 984
716 827
717 1322
719 1359
719 1476
719 1631
719 1695
720 834
720 856
720 1151
721 931
721 1670
721 1852
722 773
722 1769
723 917
723 1141
723 1791
724 1134
725 1127
725 1466
726 912
727 761
727 1232
727 1241
727 1277
728 745
728 915
728 1100
728 1467
729 1109
729 1266
729 1907
731 844
732 756
732 800
732 807
732 1462
732 1599
732 1609
732 1907
733 833
734 1135
735 845
736 744
736 977
736 991
736 1055
736 1362
736 1609
737 839
737 1032
737 1134
737 1418
738 1165
739 844
739 873
739 877
740 1591
741 987
741 1269
741 1478
741 1841
741 1880
742 910
742 985
742 1200
742 1336
742 1913
743 751
743 1021
743 1114
743 1658
743 1750
743 1864
743 1888
744 748
744 1219
744 1254
744 1465
744 1746
745 757
745 808
745 834
746 1034
746 1687
747 1110
747 1165
747 1364
747 1430
747 1824
748 819
748 1407
748 1851
749 1111
749 1782
749 1892
749 1911
750 969
750 1085
750 1474
751 762
751 894
752 845
752 882
752 1082
752 1119
754 935
754 1391
754 1555
754 1611
754 1771
754 1903
755 1007
755 1234
755 1863
756 1211
757 1001
757 1181
757 1279
757 1785
758 1535
758 1610
758 1777
759 1152
759 1295
759 1377
761 1257
761 1477
761 1825
762 876
762 979
762 1314
762 1898
764 778
764 1020
765 987
765 1764
766 886
766 1061
766 1453
766 1471
766 1739
767 847
768 1189
768 1407
768 1877
769 974
769 981
769 1050
769 1152
769 1496
770 774
771 889
771 1729
772 988
773 968
773 1042
774 1021
774 1108
774 1246
774 1381
774 1538
775 1369
775 1453
775 1576
776 1194
776 1655
777 879
777 986
777 1070
777 1160
778 1318
779 949
779 1164
779 1206
780 916
780 1099
780 1794
780 1829
781 1564
782 868
782 1164
782 1343
782 1738
783 1078
783 1559
783 1768
784 920
784 1056
784 1439
785 814
785 1636
785 1719
785 1854
786 1231
786 1253
786 1397
786 1447
786 1516
787 948
787 1142
787 1305
788 1365
788 1848
788 1877
789 1000
789 1070
789 1136
789 1278
789 1317
789 1463
789 1759
790 955
790 993
790 1087
790 1118
790 1140
790 1255
790 1308
790 1346
790 1713
791 858
791 880
791 905
791 950
791 1456
791 1720
791 1740
791 1896
792 957
792 1350
792 1585
792 1861
793 875
793 1757
794 1126
794 1898
796 856
796 1132
796 1287
797 1910
798 900
798 1340
799 901
799 985
799 1052
799 1183
799 1521
799 1616
799 1840
800 982
800 1000
800 1102
800 1200
800 1205
800 1365
801 886
801 930
801 994
801 1172
801 1405
802 1067
802 1307
802 1533
802 1625
803 1283
803 1303
803 1500
803 1639
804 945
804 1120
804 1337
805 1511
806 831
806 1006
806 1323
806 1813
807 1033
807 1615
807 1619
807 1684
808 832
809 1088
809 1095
809 1223
809 1392
810 932
810 1734
811 971
811 1384
811 1455
812 1082
812 1124
812 1440
812 1808
813 1074
813 1673
814 1046
814 1047
814 1536
814 1645
814 1790
815 1242
815 1595
816 842
816 1028
817 850
817 856
817 889
817 979
817 1271
818 1089
818 1586
819 1188
819 1693
820 1292
820 1472
820 1690
822 1189
823 872
823 1143
823 1247
823 1400
823 1451
823 1647
823 1801
824 1252
824 1389
824 1692
825 1184
826 885
826 1032
826 1376
826 1514
826 1521
826 1742
827 898
827 1261
827 1271
827 1877
829 987
829 1074
829 1515
829 1641
829 1642
829 1745
829 1851
830 1016
830 1065
830 1344
830 1535
830 1879
831 1454
831 1668
832 1318
832 1529
832 1564
833 1700
834 955
834 1122
834 1367
834 1420
835 1330
835 1896
836 1011
836 1346
836 1536
836 1847
837 1262
837 1537
837 1828
838 848
838 871
840 1182
840 1678
840 1679
842 1095
842 1155
842 1463
843 849
843 860
843 1130
843 1424
843 1508
843 1626
845 929
845 1026
845 1163
845 1338
845 1801
846 876
847 1014
848 868
848 954
848 1136
848 1381
848 1638
848 1662
848 1772
849 1906
850 910
850 1233
850 1732
851 1543
852 909
852 1370
854 899
854 1434
856 1163
856 1182
857 1598
858 974
858 1755
859 867
859 915
859 1904
860 1093
861 869
861 1021
861 1193
861 1672
861 1696
862 999
862 1797
863 973
863 1097
863 1138
863 1194
863 1593
864 913
864 978
864 1236
864 1704
865 867
865 928
869 1419
869 1477
869 1682
870 937
870 1129
870 1694
871 1065
871 1080
872 1097
873 1041
873 1282
873 1774
874 1591
875 926
875 1244
876 1344
876 1481
876 1698
877 894
877 1042
877 1111
877 1372
878 958
878 1030
878 1105
878 1147
878 1188
878 1202
878 1385
878 1485
878 1543
878 1786
879 1131
881 1876
882 1050
882 1260
884 934
884 1375
885 1082
885 1092
887 1054
887 1067
887 1207
887 1272
888 1073
888 1842
889 1561
889 1884
890 1334
890 1431
890 1717
891 1069
891 1197
891 1387
891 1478
891 1692
891 1725
891 1826
892 1008
892 1475
892 1702
893 1807
894 913
894 992
894 1366
894 1484
896 1259
896 1649
896 1800
897 1580
898 952
898 1221
900 1040
901 1189
902 1353
902 1446
903 919
903 1107
904 1232
905 1249
905 1471
905 1793
906 1726
906 1895
907 1540
907 1666
908 1044
908 1055
909 1167
909 1472
909 1621
909 1727
909 1873
910 1070
910 1770
910 1798
911 1662
912 1216
914 1642
915 1012
917 1275
917 1516
919 1449
919 1500
919 1675
920 964
920 999
920 1695
921 1234
921 1460
921 1885
922 1514
923 1348
923 1464
924 1042
924 1079
925 1217
925 1749
926 1035
926 1128
926 1312
926 1356
927 1229
927 1316
929 1324
929 1651
929 1707
930 1256
930 1448
930 1530
931 1098
931 1265
931 1307
934 1675
935 1212
935 1596
935 1685
936 996
937 948
937 1055
937 1106
937 1168
937 1170
937 1415
937 1507
938 1248
938 1447
938 1730
939 969
939 1895
940 1030
940 1053
941 1290
942 1612
942 1754
942 1869
943 1122
943 1769
944 1292
944 1853
944 1872
945 1118
945 1346
945 1846
946 1054
947 960
948 1333
948 1582
949 1069
949 1628
949 1850
951 956
951 1018
951 1404
951 1761
952 1124
952 1376
953 1066
953 1227
954 1143
955 1085
955 1204
955 1231
955 1330
955 1369
955 1502
955 1760
956 1008
957 1052
957 1551
958 991
959 1057
959 1160
959 1257
960 1571
961 1013
961 1215
961 1562
961 1628
961 1657
962 1004
963 1693
965 1595
965 1757
966 1487
966 1557
966 1705
967 1050
967 1173
967 1194
967 1267
967 1377
967 1448
967 1579
967 1660
967 1841
968 1110
968 1131
968 1617
968 1727
970 1287
971 1427
971 1808
972 1014
972 1208
973 983
973 984
973 1214
973 1639
973 1713
974 1247
974 1284
975 1398
975 1503
976 1088
976 1121
976 1702
977 1469
977 1481
978 1311
979 1036
979 1281
980 1720
981 1672
982 1667
985 1488
987 1371
987 1566
987 1665
987 1700
987 1749
987 1839
988 1071
988 1874
991 998
991 1105
991 1309
993 1252
993 1263
993 1525
993 1736
995 1286
995 1295
995 1364
995 1608
996 1369
997 1577
997 1796
997 1814
998 1048
998 1081
998 1140
998 1345
999 1810
1001 1278
1001 1447
1001 1733
1001 1832
1002 1022
1002 1158
1002 1292
1002 1351
1002 1645
1002 1768
1002 1781
1003 1350
1003 1472
1003 1590
1004 1299
1005 1641
1006 1691
1007 1771
1008 1171
1009 1115
1009 1383
1010 1453
1010 1462
1011 1328
1012 1038
1012 1663
1012 1867
1013 1064
1013 1102
1014 1072
1014 1143
1014 1368
1014 1485
1014 1506
1014 1727
1015 1086
1015 1170
1015 1340
1015 1392
1015 1400
1015 1642
1015 1732
1016 1167
1016 1681
1016 1722
1017 1230
1017 1615
1018 1797
1019 1274
1020 1762
1021 1519
1022 1176
1022 1622
1023 1206
1023 1266
1023 1758
1024 1599
1024 1703
1025 1224
1026 1619
1028 1080
1029 1455
1029 1546
1029 1803
1029 1850
1030 1594
1030 1813
1031 1068
1031 1251
1031 1385
1031 1602
1032 1052
1032 1138
1032 1178
1032 1288
1032 1470
1032 1584
1032 1635
1033 1135
1033 1205
1033 1466
1033 1467
1033 1469
1033 1627
1034 1036
1034 1805
1035 1537
1035 1648
1036 1039
1036 1165
1036 1308
1037 1134
1038 1580
1038 1738
1039 1135
1039 1698
1039 1887
1040 1510
1040 1581
1041 1086
1042 1057
1042 1115
1042 1362
1042 1444
1043 1479
1044 1084
1044 1708
1045 1097
1045 1267
1045 1425
1045 1481
1046 1199
1046 1625
1046 1886
1047 1731
1048 1319
1049 1598
1051 1502
1053 1365
1053 1410
1053 1481
1053 1810
1054 1357
1054 1503
1055 1450
1056 1209
1057 1414
1060 1157
1060 1202
1060 1319
1060 1505
1060 1716
1061 1103
1061 1644
1062 1219
1062 1456
1062 1883
1063 1158
1065 1281
1065 1597
1067 1192
1067 1531
1067 1573
1067 1663
1068 1491
1069 1222
1069 1753
1070 1101
1070 1231
1073 1092
1073 1592
1073 1593
1074 1076
1075 1259
1076 1527
1076 1773
1078 1682
1078 1845
1079 1180
1079 1421
1079 1449
1079 1551
1080 1105
1080 1351
1080 1818
1081 1137
1081 1138
1081 1636
1082 1545
1082 1831
1083 1553
1083 1558
1084 1588
1085 1276
1085 1444
1085 1894
1086 1425
1087 1487
1087 1543
1088 1135
1088 1433
1088 1652
1089 1769
1093 1246
1093 1303
1093 1383
1093 1705
1094 1096
1094 1783
1095 1316
1097 1803
1098 1505
1099 1579
1100 1105
1100 1203
1101 1459
1102 1245
1105 1190
1105 1236
1105 1344
1106 1294
1106 1391
1106 1844
1107 1174
1107 1282
1109 1264
1109 1371
1109 1490
1110 1263
1110 1451
1110 1656
1111 1571
1111 1683
1112 1271
1113 1139
1113 1379
1113 1761
1116 1774
1116 1854
1116 1865
1117 1338
1117 1352
1117 1763
1118 1273
1118 1361
1118 1424
1118 1505
1118 1552
1119 1284
1119 1529
1120 1395
1122 1215
1124 1844
1125 1211
1129 1678
1129 1893
1131 1181
1131 1277
1131 1637
1131 1778
1132 1145
1134 1240
1135 1186
1135 1278
1135 1709
1135 1813
1136 1192
1137 1376
1138 1765
1139 1588
1139 1621
1140 1592
1140 1768
1145 1168
1145 1242
1146 1780
1147 1325
1147 1595
1148 1217
1148 1226
1148 1250
1148 1776
1149 1274
1149 1672
1149 1856
1150 1624
1151 1345
1151 1750
1151 1894
1152 1305
1153 1554
1155 1854
1156 1531
1156 1816
1156 1910
1159 1640
1159 1780
1160 1457
1160 1817
1161 1888
1163 1469
1163 1808
1165 1330
1165 1843
1165 1880
1166 1619
1168 1740
1171 1263
1171 1308
1171 1643
1172 1177
1172 1299
1172 1313
1172 1534
1172 1668
1173 1829
1174 1320
1176 1416
1176 1498
1177 1193
1177 1573
1178 1518
1178 1866
1181 1294
1181 1524
1181 1653
1183 1422
1183 1589
1183 1865
1186 1789
1187 1333
1187 1338
1187 1384
1187 1729
1187 1878
1189 1486
1189 1824
1191 1218
1192 1195
1195 1859
1197 1557
1197 1578
1198 1239
1198 1490
1198 1546
1199 1467
1200 1902
1202 1316
1204 1542
1205 1342
1205 1416
1207 1723
1207 1802
1208 1679
1209 1225
1209 1474
1210 1857
1211 1323
1211 1341
1211 1382
1211 1818
1212 1372
1212 1533
1212 1682
1213 1477
1213 1724
1214 1372
1216 1583
1216 1777
1217 1261
1217 1734
1217 1847
1217 1892
1218 1300
1218 1605
1219 1296
1220 1492
1220 1679
1222 1836
1223 1523
1223 1677
1224 1317
1224 1413
1224 1681
1225 1352
1225 1451
1225 1760
1225 1869
1226 1603
1226 1613
1226 1617
1227 1321
1227 1653
1228 1773
1229 1633
1230 1602
1231 1516
1234 1262
1235 1494
1236 1493
1238 1560
1238 1877
1238 1906
1239 1437
1239 1483
1239 1683
1240 1303
1242 1378
1243 1631
1244 1890
1246 1586
1246 1833
1247 1288
1249 1693
1251 1374
1251 1800
1252 1267
1256 1298
1257 1439
1257 1476
1257 1563
1259 1631
1262 1805
1263 1408
1265 1335
1265 1647
1267 1311
1267 1832
1268 1427
1268 1728
1270 1528
1270 1606
1270 1855
1271 1846
1273 1310
1273 1477
1273 1514
1273 1545
1273 1731
1274 1755
1276 1668
1276 1901
1278 1447
1278 1730
1280 1657
1280 1836
1283 1335
1283 1690
1284 1654
1285 1629
1287 1432
1287 1723
1287 1837
1288 1305
1288 1331
1288 1706
1293 1348
1294 1367
1294 1588
1294 1837
1294 1852
1295 1309
1295 1778
1295 1790
1296 1861
1297 1783
1299 1724
1302 1871
1304 1408
1306 1889
1308 1402
1308 1461
1308 1718
1309 1382
1311 1349
1313 1482
1313 1809
1313 1843
1317 1393
1317 1428
1318 1456
1319 1583
1320 1658
1322 1737
1322 1763
1322 1854
1323 1400
1323 1547
1323 1606
1323 1827
1325 1790
1326 1408
1328 1400
1328 1717
1329 1637
1331 1616
1332 1390
1332 1652
1333 1601
1335 1541
1335 1767
1337 1386
1337 1700
1337 1779
1337 1887
1339 1890
1341 1415
1342 1472
1342 1765
1342 1773
1342 1888
1343 1560
1343 1814
1345 1675
1349 1528
1350 1511
1350 1553
1354 1367
1354 1485
1356 1501
1357 1824
1359 1821
1363 1643
1364 1393
1365 1415
1367 1912
1369 1523
1369 1807
1369 1892
1370 1596
1370 1623
1371 1429
1371 1630
1371 1688
1371 1719
1372 1666
1376 1710
1378 1538
1378 1830
1378 1839
1381 1451
1382 1440
1382 1467
1383 1512
1384 1429
1384 1612
1384 1818
1385 1632
1386 1409
1386 1837
1387 1551
1387 1587
1387 1848
1389 1867
1390 1459
1390 1812
1391 1532
1391 1540
1392 1508
1395 1665
1396 1402
1396 1713
1398 1539
1398 1682
1398 1820
1401 1405
1401 1822
1404 1520
1404 1860
1405 1492
1407 1617
1408 1845
1409 1584
1409 1604
1409 1858
1411 1512
1411 1748
1412 1613
1414 1583
1416 1605
1416 1716
1416 1795
1417 1493
1418 1817
1419 1532
1420 1568
1420 1581
1424 1555
1424 1559
1424 1650
1426 1607
1427 1502
1427 1804
1429 1702
1429 1860
1430 1554
1430 1778
1431 1459
1433 1511
1433 1904
1434 1507
1434 1753
1435 1610
1436 1862
1442 1572
1443 1687
1443 1895
1444 1674
1444 1714
1444 1823
1445 1489
1446 1894
1447 1696
1448 1534
1448 1741
1451 1489
1454 1464
1454 1706
1457 1620
1458 1524
1458 1803
1462 1564
1465 1697
1465 1712
1466 1479
1466 1552
1466 1784
1467 1834
1470 1556
1474 1539
1474 1563
1481 1599
1488 1564
1489 1812
1490 1713
1491 1891
1492 1539
1492 1615
1494 1838
1495 1574
1497 1653
1498 1671
1500 1811
1503 1667
1505 1816
1507 1664
1507 1673
1511 1690
1514 1572
1516 1746
1520 1602
1522 1879
1522 1891
1525 1645
1530 1818
1533 1608
1533 1632
1537 1755
1538 1869
1539 1579
1541 1575
1542 1758
1544 1630
1544 1772
1548 1816
1549 1574
1549 1592
1549 1693
1549 1783
1551 1746
1555 1822
1556 1617
1556 1660
1556 1711
1558 1608
1559 1855
1562 1683
1564 1671
1569 1909
1570 1848
1575 1670
1576 1905
1578 1806
1578 1881
1578 1882
1585 1728
1589 1904
1595 1743
1598 1813
1600 1635
1606 1637
1608 1771
1609 1735
1612 1755
1613 1674
1613 1694
1619 1732
1620 1870
1624 1740
1636 1710
1651 1699
1651 1868
1651 1909
1653 1889
1657 1722
1659 1683
1661 1770
1668 1779
1670 1801
1671 1792
1672 1696
1672 1710
1672 1843
1674 1870
1679 1817
1680 1707
1683 1743
1686 1774
1687 1827
1689 1748
1706 1727
1708 1868
1714 1726
1715 1855
1716 1871
1720 1782
1731 1812
1746 1887
1747 1850
1751 1884
1758 1788
1765 1874
1772 1814
1777 1820
1778 1859
1783 1841
1795 1901
1796 1837
1796 1878
1815 1852
1820 1838
1820 1858
1823 1906
1833 1853
1864 1901
1866 1902
1868 1875
1870 1872
1889 1911
