0 1
0 2
0 3
0 4
0 5
0 6
0 7
0 8
0 11
0 12
0 13
0 14
0 15
0 20
0 22
0 23
0 24
0 30
0 41
0 42
0 47
0 52
0 62
0 63
0 66
0 72
0 74
0 79
0 90
0 91
0 93
0 99
0 104
0 106
0 109
0 114
0 126
0 140
0 143
0 154
0 155
0 156
0 173
0 174
0 175
0 188
0 192
0 195
0 198
0 220
0 229
0 236
0 271
0 288
0 301
0 316
0 363
0 408
0 410
0 413
0 416
0 425
0 465
0 470
0 490
0 502
0 511
0 529
0 567
0 588
0 590
0 603
0 615
0 622
0 649
0 666
0 668
0 687
0 751
0 765
0 794
0 801
0 849
0 871
0 875
0 885
0 898
0 911
0 937
0 953
0 959
0 965
0 993
0 1016
0 1028
0 1041
0 1042
0 1053
0 1069
0 1070
0 1087
0 1139
0 1170
0 1259
0 1271
0 1279
0 1282
0 1316
0 1335
0 1399
0 1418
0 1439
0 1441
0 1469
0 1526
0 1582
0 1604
0 1629
0 1632
0 1646
0 1660
0 1691
0 1697
0 1802
0 1826
0 1835
0 1915
0 1928
0 2006
0 2018
0 2027
0 2060
0 2067
0 2077
1 7
1 10
1 14
1 40
1 44
1 50
1 67
1 108
1 144
1 249
1 291
1 297
1 347
1 354
1 556
1 619
1 834
1 1108
1 1262
1 1373
1 1391
1 1544
1 1750
1 1813
1 1865
1 1963
2 6
2 7
2 8
2 10
2 11
2 12
2 18
2 19
2 20
2 21
2 29
2 31
2 37
2 38
2 43
2 45
2 51
2 56
2 58
2 62
2 85
2 89
2 90
2 91
2 100
2 103
2 107
2 108
2 121
2 130
2 132
2 140
2 156
2 165
2 171
2 185
2 190
2 209
2 214
2 218
2 242
2 244
2 253
2 269
2 278
2 280
2 286
2 302
2 347
2 351
2 367
2 394
2 395
2 396
2 416
2 418
2 496
2 505
2 539
2 550
2 555
2 560
2 584
2 619
2 630
2 637
2 658
2 672
2 689
2 702
2 723
2 737
2 745
2 773
2 799
2 813
2 829
2 841
2 845
2 937
2 996
2 1044
2 1069
2 1120
2 1123
2 1132
2 1140
2 1150
2 1176
2 1214
2 1233
2 1291
2 1328
2 1329
2 1333
2 1334
2 1390
2 1403
2 1419
2 1434
2 1449
2 1454
2 1470
2 1516
2 1527
2 1566
2 1583
2 1613
2 1681
2 1689
2 1714
2 1722
2 1737
2 1859
2 1875
2 1893
2 1934
2 1942
2 1999
2 2013
2 2050
3 6
3 7
3 8
3 13
3 18
3 25
3 28
3 36
3 42
3 49
3 58
3 63
3 79
3 87
3 126
3 158
3 208
3 209
3 215
3 221
3 263
3 282
3 403
3 578
3 656
3 699
3 789
3 811
3 920
3 957
3 1229
3 1353
3 1412
3 1550
3 1712
3 1775
3 1789
3 1927
3 2064
4 6
4 8
4 9
4 10
4 21
4 22
4 31
4 35
4 41
4 58
4 68
4 90
4 114
4 123
4 126
4 165
4 171
4 186
4 211
4 244
4 262
4 291
4 292
4 295
4 310
4 313
4 314
4 343
4 386
4 419
4 437
4 457
4 464
4 469
4 477
4 523
4 535
4 552
4 577
4 593
4 657
4 754
4 792
4 950
4 1005
4 1022
4 1121
4 1175
4 1232
4 1296
4 1324
4 1420
4 1444
4 1525
4 1561
4 1614
4 1635
4 1667
4 1720
4 1743
4 1883
4 1894
4 2005
4 2046
4 2062
5 6
5 9
5 32
5 34
5 40
5 63
5 72
5 115
5 119
5 124
5 135
5 138
5 151
5 225
5 317
5 515
5 702
5 994
5 1098
5 1165
5 1236
5 1238
5 1281
5 1333
5 1420
5 1428
5 1753
5 1865
5 1972
6 7
6 8
6 9
6 11
6 13
6 16
6 20
6 27
6 29
6 39
6 46
6 56
6 60
6 61
6 62
6 64
6 74
6 77
6 84
6 85
6 86
6 103
6 105
6 114
6 119
6 128
6 134
6 146
6 152
6 158
6 159
6 175
6 177
6 228
6 236
6 239
6 246
6 254
6 270
6 282
6 292
6 301
6 313
6 314
6 316
6 323
6 357
6 377
6 396
6 398
6 406
6 421
6 424
6 436
6 439
6 453
6 455
6 459
6 463
6 479
6 528
6 534
6 542
6 550
6 559
6 572
6 575
6 595
6 599
6 617
6 627
6 679
6 684
6 694
6 722
6 732
6 755
6 785
6 790
6 796
6 803
6 808
6 837
6 900
6 913
6 978
6 986
6 1002
6 1041
6 1045
6 1097
6 1166
6 1173
6 1200
6 1216
6 1222
6 1225
6 1259
6 1298
6 1315
6 1328
6 1355
6 1406
6 1423
6 1469
6 1489
6 1512
6 1527
6 1542
6 1562
6 1564
6 1643
6 1664
6 1683
6 1684
6 1719
6 1758
6 1797
6 1811
6 1832
6 1850
6 1881
6 1925
6 2000
6 2033
7 9
7 12
7 26
7 27
7 31
7 32
7 35
7 47
7 51
7 53
7 57
7 61
7 79
7 88
7 97
7 99
7 104
7 116
7 133
7 145
7 163
7 176
7 178
7 186
7 208
7 210
7 223
7 226
7 252
7 288
7 322
7 329
7 333
7 339
7 358
7 381
7 394
7 409
7 412
7 413
7 463
7 579
7 582
7 591
7 598
7 601
7 625
7 652
7 665
7 706
7 708
7 716
7 731
7 761
7 763
7 814
7 815
7 825
7 866
7 867
7 876
7 887
7 895
7 982
7 1049
7 1057
7 1091
7 1116
7 1236
7 1249
7 1289
7 1290
7 1355
7 1389
7 1417
7 1468
7 1556
7 1557
7 1667
7 1696
7 1723
7 1738
7 1766
7 1992
7 1993
7 2007
7 2030
8 9
8 10
8 13
8 14
8 15
8 16
8 17
8 21
8 22
8 26
8 29
8 30
8 33
8 36
8 38
8 40
8 41
8 43
8 44
8 48
8 69
8 79
8 87
8 89
8 92
8 101
8 103
8 156
8 161
8 165
8 169
8 176
8 194
8 195
8 215
8 216
8 219
8 227
8 235
8 257
8 302
8 344
8 374
8 422
8 435
8 466
8 477
8 498
8 501
8 531
8 582
8 583
8 591
8 613
8 643
8 654
8 712
8 730
8 765
8 779
8 792
8 816
8 833
8 835
8 854
8 877
8 885
8 905
8 941
8 958
8 960
8 974
8 983
8 1003
8 1027
8 1052
8 1071
8 1075
8 1111
8 1121
8 1150
8 1246
8 1267
8 1276
8 1280
8 1296
8 1377
8 1380
8 1435
8 1478
8 1515
8 1543
8 1582
8 1589
8 1598
8 1611
8 1661
8 1697
8 1818
8 1824
8 1868
8 1907
8 1991
9 10
9 11
9 12
9 13
9 14
9 15
9 16
9 17
9 27
9 32
9 37
9 39
9 40
9 46
9 48
9 49
9 69
9 78
9 82
9 85
9 92
9 94
9 96
9 100
9 135
9 141
9 152
9 176
9 183
9 184
9 187
9 196
9 197
9 218
9 219
9 221
9 250
9 259
9 295
9 310
9 327
9 368
9 372
9 376
9 414
9 419
9 431
9 462
9 486
9 513
9 526
9 530
9 546
9 609
9 630
9 639
9 675
9 738
9 748
9 751
9 821
9 823
9 826
9 839
9 840
9 848
9 891
9 926
9 953
9 975
9 978
9 1011
9 1042
9 1054
9 1159
9 1168
9 1227
9 1231
9 1236
9 1237
9 1244
9 1245
9 1248
9 1256
9 1387
9 1389
9 1402
9 1442
9 1446
9 1460
9 1470
9 1532
9 1548
9 1581
9 1596
9 1666
9 1695
9 1760
9 1785
9 1807
9 1868
9 1872
9 1896
9 1929
9 1940
9 1962
10 11
10 12
10 15
10 19
10 23
10 24
10 25
10 29
10 32
10 33
10 34
10 36
10 37
10 39
10 47
10 50
10 51
10 53
10 54
10 62
10 65
10 66
10 67
10 71
10 81
10 82
10 93
10 113
10 122
10 130
10 133
10 137
10 138
10 158
10 159
10 161
10 163
10 167
10 190
10 192
10 210
10 221
10 228
10 234
10 235
10 239
10 242
10 254
10 261
10 285
10 294
10 309
10 324
10 338
10 346
10 354
10 401
10 403
10 419
10 424
10 429
10 452
10 464
10 509
10 541
10 557
10 588
10 603
10 605
10 607
10 617
10 625
10 628
10 637
10 663
10 686
10 695
10 710
10 713
10 739
10 745
10 762
10 763
10 769
10 779
10 806
10 816
10 846
10 856
10 880
10 883
10 899
10 902
10 935
10 942
10 960
10 989
10 1026
10 1109
10 1171
10 1176
10 1190
10 1215
10 1295
10 1299
10 1323
10 1328
10 1337
10 1341
10 1352
10 1365
10 1371
10 1376
10 1416
10 1451
10 1470
10 1490
10 1543
10 1548
10 1567
10 1569
10 1681
10 1743
10 1749
10 1774
10 1812
10 1827
10 1835
10 1857
10 1909
10 1922
10 1945
10 1953
10 1957
10 1959
10 2006
10 2028
10 2051
10 2077
11 18
11 37
11 49
11 268
11 277
11 450
11 475
11 510
11 580
11 581
11 674
11 786
11 856
11 870
11 908
11 987
11 1097
11 1119
11 1179
11 1189
11 1252
11 1436
11 1439
11 1498
11 1531
11 1604
11 1615
11 1626
11 1673
11 1959
11 2056
12 14
12 15
12 16
12 17
12 19
12 26
12 28
12 30
12 33
12 34
12 35
12 36
12 45
12 57
12 67
12 81
12 83
12 84
12 93
12 105
12 115
12 118
12 126
12 152
12 161
12 164
12 180
12 182
12 186
12 195
12 199
12 215
12 242
12 243
12 246
12 260
12 273
12 284
12 296
12 300
12 382
12 384
12 389
12 404
12 427
12 428
12 444
12 445
12 479
12 490
12 505
12 512
12 515
12 531
12 556
12 562
12 594
12 596
12 597
12 605
12 669
12 691
12 699
12 710
12 775
12 885
12 920
12 973
12 980
12 983
12 984
12 1091
12 1093
12 1149
12 1151
12 1215
12 1223
12 1240
12 1249
12 1258
12 1271
12 1276
12 1368
12 1395
12 1435
12 1543
12 1551
12 1571
12 1577
12 1578
12 1616
12 1631
12 1659
12 1665
12 1687
12 1693
12 1728
12 1763
12 1781
12 1800
12 1874
12 1949
12 1978
12 2002
12 2024
12 2069
13 16
13 17
13 22
13 24
13 33
13 37
13 38
13 59
13 64
13 74
13 82
13 92
13 97
13 98
13 112
13 144
13 200
13 201
13 202
13 208
13 222
13 267
13 284
13 289
13 291
13 306
13 314
13 330
13 340
13 341
13 352
13 364
13 369
13 371
13 386
13 392
13 405
13 430
13 446
13 453
13 481
13 491
13 508
13 510
13 518
13 520
13 535
13 553
13 590
13 614
13 623
13 683
13 686
13 690
13 692
13 708
13 757
13 803
13 836
13 848
13 854
13 865
13 875
13 892
13 895
13 920
13 924
13 942
13 1048
13 1131
13 1140
13 1183
13 1188
13 1249
13 1282
13 1308
13 1469
13 1496
13 1502
13 1507
13 1520
13 1525
13 1590
13 1627
13 1647
13 1809
13 1864
13 1865
13 2016
14 19
14 20
14 22
14 23
14 25
14 26
14 33
14 49
14 83
14 92
14 94
14 109
14 119
14 123
14 137
14 151
14 181
14 212
14 248
14 253
14 255
14 293
14 309
14 313
14 342
14 365
14 397
14 417
14 423
14 430
14 451
14 478
14 493
14 564
14 684
14 704
14 764
14 793
14 851
14 930
14 939
14 948
14 1000
14 1014
14 1047
14 1063
14 1083
14 1097
14 1102
14 1180
14 1181
14 1200
14 1211
14 1228
14 1306
14 1311
14 1345
14 1356
14 1358
14 1361
14 1400
14 1407
14 1461
14 1549
14 1576
14 1593
14 1636
14 1707
14 1783
14 1851
14 1853
14 1966
14 1994
14 2001
14 2021
14 2034
14 2040
14 2044
15 24
15 27
15 32
15 34
15 40
15 44
15 52
15 60
15 76
15 81
15 83
15 88
15 106
15 114
15 160
15 163
15 169
15 170
15 182
15 197
15 202
15 204
15 205
15 261
15 262
15 376
15 381
15 392
15 406
15 420
15 440
15 454
15 480
15 537
15 545
15 582
15 587
15 591
15 615
15 638
15 671
15 711
15 712
15 741
15 757
15 785
15 805
15 806
15 850
15 899
15 949
15 961
15 991
15 992
15 1029
15 1055
15 1076
15 1102
15 1114
15 1167
15 1169
15 1191
15 1231
15 1275
15 1335
15 1375
15 1424
15 1481
15 1504
15 1510
15 1536
15 1550
15 1595
15 1853
15 1951
15 1983
15 1987
15 1992
15 2019
15 2056
16 17
16 18
16 28
16 41
16 45
16 72
16 73
16 112
16 122
16 139
16 142
16 188
16 265
16 304
16 306
16 366
16 382
16 408
16 421
16 478
16 524
16 538
16 588
16 621
16 762
16 777
16 810
16 853
16 1013
16 1057
16 1087
16 1158
16 1246
16 1293
16 1378
16 1533
16 1591
16 1631
16 1707
16 1762
16 1765
16 1767
16 1769
16 1964
17 18
17 30
17 61
17 66
17 72
17 73
17 78
17 98
17 102
17 107
17 131
17 138
17 149
17 160
17 172
17 189
17 200
17 207
17 248
17 252
17 272
17 306
17 319
17 332
17 346
17 350
17 449
17 453
17 485
17 487
17 501
17 503
17 510
17 544
17 549
17 567
17 585
17 589
17 624
17 633
17 637
17 654
17 659
17 671
17 702
17 704
17 713
17 725
17 776
17 786
17 820
17 878
17 884
17 972
17 981
17 1096
17 1159
17 1250
17 1268
17 1347
17 1348
17 1372
17 1401
17 1410
17 1431
17 1439
17 1502
17 1557
17 1637
17 1640
17 1651
17 1680
17 1854
17 1900
17 1923
17 1961
17 2022
17 2063
18 19
18 21
18 35
18 38
18 48
18 50
18 55
18 61
18 75
18 90
18 107
18 108
18 111
18 121
18 146
18 147
18 150
18 152
18 154
18 191
18 207
18 212
18 216
18 227
18 242
18 247
18 264
18 268
18 270
18 285
18 311
18 342
18 363
18 371
18 381
18 396
18 402
18 409
18 452
18 457
18 469
18 472
18 477
18 483
18 494
18 516
18 525
18 539
18 545
18 590
18 602
18 616
18 635
18 640
18 654
18 660
18 665
18 734
18 782
18 801
18 931
18 941
18 961
18 968
18 996
18 998
18 1036
18 1051
18 1054
18 1062
18 1065
18 1080
18 1083
18 1115
18 1145
18 1149
18 1157
18 1168
18 1193
18 1201
18 1373
18 1381
18 1410
18 1416
18 1463
18 1466
18 1482
18 1598
18 1611
18 1691
18 1693
18 1843
18 2065
18 2075
19 20
19 27
19 31
19 58
19 68
19 80
19 104
19 145
19 172
19 253
19 307
19 321
19 397
19 400
19 415
19 428
19 458
19 555
19 629
19 722
19 747
19 752
19 771
19 831
19 834
19 1024
19 1041
19 1047
19 1091
19 1098
19 1135
19 1163
19 1213
19 1336
19 1356
19 1433
19 1456
19 1643
19 1672
19 1678
19 1862
19 2038
20 21
20 23
20 25
20 36
20 70
20 84
20 128
20 148
20 162
20 163
20 177
20 182
20 239
20 250
20 252
20 297
20 324
20 352
20 371
20 379
20 390
20 395
20 434
20 525
20 541
20 548
20 566
20 584
20 783
20 788
20 847
20 868
20 870
20 880
20 886
20 927
20 930
20 956
20 965
20 967
20 982
20 1020
20 1076
20 1198
20 1344
20 1353
20 1464
20 1707
20 1719
20 1768
20 1804
20 1857
20 1935
20 1963
21 24
21 42
21 44
21 53
21 77
21 97
21 180
21 204
21 237
21 334
21 340
21 399
21 479
21 533
21 610
21 700
21 817
21 993
21 1028
21 1079
21 1241
21 1288
21 1313
21 1393
21 1497
21 1703
22 23
22 26
22 45
22 78
22 96
22 132
22 206
22 244
22 247
22 252
22 322
22 326
22 376
22 378
22 485
22 657
22 731
22 779
22 941
22 1025
22 1253
22 1287
22 1656
22 1878
22 1971
22 2001
23 25
23 28
23 35
23 43
23 56
23 69
23 75
23 94
23 113
23 137
23 164
23 194
23 215
23 220
23 226
23 239
23 251
23 279
23 297
23 300
23 327
23 340
23 397
23 412
23 444
23 466
23 483
23 507
23 569
23 627
23 634
23 756
23 809
23 850
23 995
23 1040
23 1170
23 1295
23 1321
23 1338
23 1484
23 1487
23 1563
23 1823
23 1832
23 1880
23 2050
24 39
24 42
24 47
24 56
24 61
24 86
24 88
24 94
24 107
24 110
24 111
24 142
24 177
24 189
24 252
24 269
24 350
24 362
24 384
24 555
24 701
24 703
24 750
24 764
24 804
24 818
24 876
24 920
24 968
24 1030
24 1089
24 1147
24 1240
24 1444
24 1534
24 1579
24 1596
24 1655
24 1694
24 1797
24 1806
24 1822
24 1982
25 28
25 29
25 30
25 38
25 91
25 103
25 119
25 125
25 135
25 141
25 146
25 151
25 157
25 159
25 181
25 188
25 190
25 193
25 200
25 206
25 225
25 238
25 264
25 277
25 283
25 299
25 318
25 326
25 329
25 350
25 373
25 512
25 572
25 611
25 623
25 634
25 644
25 647
25 657
25 740
25 760
25 775
25 781
25 795
25 797
25 818
25 857
25 858
25 860
25 936
25 963
25 967
25 977
25 1048
25 1077
25 1089
25 1117
25 1180
25 1192
25 1239
25 1242
25 1253
25 1290
25 1313
25 1323
25 1346
25 1388
25 1423
25 1472
25 1546
25 1576
25 1646
25 1722
25 1734
25 1739
25 1766
25 1773
25 1778
25 1801
25 1837
25 1861
25 1874
25 1886
25 1915
25 1947
25 1999
25 2011
25 2028
25 2054
26 47
26 48
26 49
26 64
26 80
26 83
26 117
26 142
26 155
26 162
26 201
26 205
26 246
26 369
26 437
26 478
26 566
26 608
26 678
26 762
26 838
26 907
26 957
26 1004
26 1018
26 1039
26 1138
26 1158
26 1165
26 1166
26 1194
26 1262
26 1300
26 1479
26 1521
26 1590
26 1594
26 1947
26 1999
27 34
27 53
27 74
27 76
27 89
27 110
27 113
27 114
27 124
27 144
27 170
27 192
27 228
27 240
27 247
27 253
27 288
27 289
27 356
27 438
27 471
27 472
27 484
27 485
27 503
27 579
27 664
27 732
27 750
27 817
27 942
27 955
27 973
27 1009
27 1013
27 1020
27 1146
27 1195
27 1217
27 1252
27 1284
27 1350
27 1356
27 1373
27 1425
27 1626
27 1717
27 2047
28 51
28 52
28 60
28 87
28 92
28 96
28 185
28 194
28 236
28 243
28 256
28 319
28 351
28 450
28 499
28 551
28 632
28 778
28 812
28 830
28 947
28 1118
28 1260
28 1278
28 1417
28 1458
28 1484
28 1546
28 1590
28 1871
28 2015
28 2050
29 44
29 54
29 57
29 64
29 65
29 95
29 98
29 99
29 127
29 150
29 176
29 179
29 181
29 209
29 264
29 268
29 274
29 286
29 288
29 310
29 319
29 393
29 442
29 461
29 490
29 524
29 564
29 583
29 640
29 694
29 741
29 742
29 760
29 873
29 927
29 1063
29 1112
29 1148
29 1156
29 1286
29 1288
29 1366
29 1423
29 1427
29 1627
29 1672
29 1792
29 1811
29 1831
29 1873
29 1876
29 1910
29 2002
29 2027
29 2048
29 2071
30 31
30 59
30 72
30 125
30 179
30 223
30 250
30 357
30 676
30 688
30 718
30 962
30 967
30 1148
30 1284
30 1316
30 1523
30 1639
30 1672
30 1706
30 1866
30 1989
31 39
31 41
31 46
31 58
31 66
31 109
31 153
31 184
31 206
31 225
31 360
31 754
31 802
31 862
31 997
31 1035
31 1207
31 1210
31 1809
31 2003
32 71
32 98
32 100
32 133
32 168
32 193
32 233
32 301
32 383
32 445
32 450
32 554
32 589
32 667
32 699
32 721
32 783
32 862
32 977
32 1002
32 1143
32 1146
32 1303
32 1420
32 1912
32 1952
32 1995
32 2060
32 2078
33 95
33 217
33 284
33 296
33 328
33 355
33 408
33 550
33 561
33 626
33 665
33 764
33 804
33 857
33 1349
33 1415
33 1665
33 1750
33 2046
34 42
34 55
34 63
34 106
34 136
34 149
34 218
34 287
34 345
34 356
34 449
34 538
34 542
34 720
34 757
34 762
34 884
34 922
34 932
34 936
34 987
34 1051
34 1134
34 1268
34 1271
34 1280
34 1382
34 1449
34 1717
34 1808
34 1809
34 1824
34 1906
34 2070
35 55
35 237
35 271
35 315
35 341
35 353
35 368
35 481
35 536
35 585
35 604
35 608
35 805
35 871
35 938
35 952
35 998
35 1100
35 1168
35 1280
35 1381
35 1414
36 71
36 118
36 173
36 236
36 241
36 264
36 328
36 371
36 404
36 455
36 500
36 587
36 691
36 707
36 735
36 863
36 893
36 904
36 1111
36 1231
36 1235
36 1311
36 1390
36 1461
36 1463
36 1479
36 1497
36 1554
36 1670
36 1699
36 1769
36 1994
36 2041
36 2057
37 43
37 46
37 48
37 50
37 57
37 65
37 68
37 78
37 87
37 88
37 109
37 150
37 326
37 329
37 344
37 352
37 715
37 763
37 799
37 896
37 924
37 1129
37 1320
37 1477
37 1587
37 1733
37 1824
37 1908
37 1916
37 1922
37 2033
38 70
38 71
38 91
38 129
38 139
38 148
38 185
38 230
38 271
38 290
38 305
38 309
38 361
38 391
38 432
38 573
38 579
38 649
38 651
38 737
38 787
38 798
38 899
38 958
38 999
38 1062
38 1075
38 1226
38 1356
38 1399
38 1562
38 1688
38 1699
38 1765
38 1814
38 1839
38 1953
38 1977
39 55
39 76
39 121
39 193
39 206
39 277
39 349
39 353
39 372
39 403
39 405
39 425
39 436
39 456
39 507
39 550
39 600
39 640
39 662
39 773
39 916
39 1067
39 1122
39 1142
39 1149
39 1164
39 1204
39 1334
39 1356
39 1427
39 1483
39 1577
39 1612
39 1663
39 1668
39 1727
39 1756
40 50
40 54
40 59
40 66
40 107
40 150
40 161
40 168
40 213
40 257
40 290
40 348
40 353
40 373
40 387
40 489
40 631
40 694
40 755
40 791
40 815
40 832
40 860
40 863
40 934
40 951
40 967
40 979
40 1036
40 1286
40 1309
40 1330
40 1421
40 1485
40 1496
40 1649
40 1800
40 1990
40 2038
41 120
41 154
41 167
41 201
41 260
41 273
41 274
41 335
41 655
41 736
41 787
41 950
41 1326
41 1411
41 1414
41 1879
42 43
42 118
42 269
42 376
42 407
42 511
42 523
42 533
42 599
42 647
42 672
42 705
42 716
42 738
42 746
42 918
42 968
42 1142
42 1614
42 1732
42 1842
42 1858
42 1904
43 45
43 46
43 54
43 62
43 64
43 69
43 73
43 124
43 186
43 213
43 217
43 233
43 240
43 244
43 250
43 285
43 295
43 336
43 367
43 372
43 375
43 385
43 470
43 560
43 632
43 633
43 656
43 667
43 728
43 739
43 795
43 809
43 848
43 867
43 901
43 1023
43 1218
43 1256
43 1419
43 1473
43 1518
43 1535
43 1574
43 1634
43 1658
43 1766
43 1780
43 1837
44 54
44 57
44 70
44 77
44 111
44 148
44 149
44 150
44 158
44 171
44 225
44 244
44 303
44 329
44 384
44 443
44 474
44 524
44 650
44 654
44 669
44 710
44 773
44 914
44 961
44 1019
44 1052
44 1120
44 1204
44 1217
44 1277
44 1338
44 1386
44 1426
44 1435
45 53
45 74
45 77
45 91
45 111
45 128
45 141
45 211
45 231
45 237
45 249
45 256
45 258
45 273
45 283
45 400
45 516
45 518
45 561
45 570
45 725
45 752
45 785
45 843
45 910
45 914
45 1059
45 1481
45 1525
45 1561
45 1633
45 1656
45 1721
45 2001
45 2011
45 2062
46 52
46 56
46 59
46 110
46 117
46 131
46 139
46 140
46 169
46 175
46 191
46 196
46 360
46 361
46 378
46 381
46 389
46 403
46 405
46 426
46 509
46 584
46 685
46 747
46 817
46 830
46 869
46 997
46 1023
46 1052
46 1094
46 1111
46 1112
46 1179
46 1241
46 1492
46 1497
46 1553
46 1619
46 1668
46 1675
46 1724
46 1834
46 2043
46 2053
47 52
47 63
47 70
47 109
47 143
47 168
47 170
47 191
47 202
47 205
47 206
47 207
47 229
47 233
47 242
47 287
47 311
47 342
47 416
47 419
47 489
47 625
47 638
47 793
47 1081
47 1122
47 1172
47 1310
47 1464
47 1557
47 1610
47 2042
48 60
48 253
48 391
48 710
48 984
48 1223
48 1425
48 1706
48 1903
49 85
49 98
49 120
49 466
49 662
49 679
49 990
49 1019
49 1660
49 1662
49 1960
49 2074
50 51
50 65
50 84
50 101
50 125
50 144
50 155
50 157
50 180
50 187
50 261
50 266
50 298
50 403
50 417
50 425
50 438
50 444
50 454
50 489
50 494
50 524
50 628
50 642
50 666
50 700
50 770
50 797
50 799
50 802
50 819
50 892
50 909
50 919
50 936
50 965
50 1152
50 1196
50 1223
50 1240
50 1247
50 1254
50 1287
50 1391
50 1395
50 1420
50 1500
50 1525
50 1582
50 1645
50 1721
50 1757
50 1813
50 1840
50 1872
50 1930
50 1937
50 1948
51 81
51 99
51 106
51 135
51 138
51 156
51 165
51 272
51 286
51 377
51 427
51 482
51 517
51 543
51 547
51 696
51 716
51 772
51 812
51 909
51 952
51 993
51 1012
51 1017
51 1033
51 1078
51 1187
51 1550
51 1576
51 1904
51 1931
51 2038
51 2062
52 77
52 84
52 115
52 168
52 192
52 218
52 303
52 321
52 331
52 493
52 511
52 988
52 1487
52 1713
52 1861
52 1967
52 2040
53 60
53 116
53 145
53 153
53 265
53 303
53 487
53 522
53 533
53 542
53 624
53 724
53 818
53 961
53 985
53 1010
53 1089
53 1119
53 1220
53 1235
53 1252
53 1351
53 1564
53 1945
54 55
54 127
54 133
54 190
54 208
54 213
54 235
54 268
54 293
54 377
54 421
54 531
54 561
54 563
54 575
54 596
54 606
54 751
54 907
54 943
54 1010
54 1054
54 1095
54 1619
54 1770
55 59
55 67
55 75
55 131
55 139
55 162
55 172
55 184
55 228
55 229
55 233
55 346
55 402
55 426
55 429
55 433
55 517
55 555
55 564
55 657
55 659
55 722
55 909
55 916
55 1009
55 1017
55 1074
55 1141
55 1158
55 1242
55 1260
55 1657
55 1659
55 1665
55 1678
55 1713
55 1719
55 1776
55 1848
55 1888
55 1915
55 1921
55 2028
55 2065
56 75
56 78
56 86
56 89
56 95
56 97
56 105
56 115
56 123
56 137
56 349
56 364
56 414
56 434
56 467
56 516
56 582
56 697
56 752
56 848
56 867
56 933
56 962
56 1083
56 1436
56 1653
56 1844
56 1858
56 1870
56 1879
56 1883
56 1884
56 1942
56 1946
56 1951
56 2065
57 70
57 76
57 100
57 102
57 132
57 143
57 169
57 179
57 193
57 195
57 201
57 214
57 241
57 288
57 319
57 327
57 355
57 363
57 401
57 408
57 467
57 586
57 590
57 672
57 750
57 768
57 799
57 808
57 827
57 1007
57 1034
57 1140
57 1202
57 1308
57 1363
57 1412
57 1662
57 1795
57 1796
57 1838
57 1998
58 93
58 105
58 120
58 174
58 212
58 222
58 229
58 296
58 308
58 330
58 361
58 401
58 436
58 445
58 492
58 506
58 520
58 542
58 647
58 714
58 740
58 859
58 1067
58 1081
58 1183
58 1256
58 1301
58 1365
58 1371
58 1414
58 1500
58 1584
58 1593
58 1614
58 1682
58 1728
58 1784
58 1915
58 1943
58 1950
58 1986
58 1990
59 96
59 102
59 120
59 152
59 231
59 261
59 305
59 318
59 332
59 336
59 347
59 504
59 522
59 655
59 670
59 784
59 999
59 1201
59 1217
59 1429
59 1682
59 1807
59 1973
59 2072
60 67
60 69
60 112
60 120
60 131
60 145
60 207
60 231
60 257
60 258
60 281
60 293
60 427
60 456
60 559
60 571
60 579
60 648
60 652
60 777
60 915
60 927
60 1130
60 1270
60 1281
60 1298
60 1386
60 1554
60 1621
60 1710
60 1745
60 1771
60 1829
60 1877
60 1922
60 1936
60 2009
61 68
61 73
61 86
61 102
61 108
61 129
61 148
61 211
61 219
61 224
61 293
61 315
61 333
61 343
61 378
61 439
61 463
61 547
61 610
61 635
61 735
61 740
61 832
61 844
61 928
61 947
61 983
61 1088
61 1183
61 1474
61 1787
61 1870
61 1996
61 2011
62 71
62 79
62 113
62 123
62 322
62 461
62 569
62 573
62 606
62 691
62 759
62 967
62 1021
62 1026
62 1045
62 1047
62 1096
62 1113
62 1230
62 1336
62 1551
62 1673
62 1884
62 1888
63 65
63 128
63 226
63 251
63 344
63 381
63 451
63 519
63 580
63 596
63 630
63 865
63 878
63 946
63 1005
63 1025
63 1160
63 1196
63 1307
63 1380
63 1440
63 1522
63 1547
63 1574
63 1731
63 2078
64 75
64 97
64 167
64 180
64 274
64 303
64 372
64 398
64 437
64 607
64 643
64 849
64 964
64 1085
64 1118
64 1127
64 1397
64 1568
64 1594
64 1987
65 86
65 113
65 129
65 183
65 220
65 259
65 279
65 290
65 409
65 461
65 513
65 517
65 540
65 562
65 817
65 826
65 875
65 1014
65 1460
65 1537
65 1578
65 1746
65 1791
65 1948
65 1950
66 68
66 80
66 83
66 87
66 96
66 110
66 148
66 263
66 281
66 528
66 638
66 662
66 860
66 945
66 1015
66 1049
66 1088
66 1127
66 1218
66 1579
66 1626
66 1649
66 1839
66 2048
66 2074
67 82
67 104
67 134
67 140
67 175
67 185
67 235
67 260
67 283
67 321
67 459
67 664
67 727
67 731
67 782
67 814
67 835
67 862
67 890
67 936
67 1059
67 1073
67 1088
67 1119
67 1224
67 1294
67 1395
67 1606
67 1721
67 1735
67 1858
67 1944
67 1957
67 2007
67 2034
68 80
68 112
68 118
68 197
68 214
68 224
68 230
68 243
68 305
68 324
68 374
68 419
68 440
68 536
68 576
68 583
68 586
68 607
68 705
68 868
68 911
68 1099
68 1115
68 1190
68 1623
68 1632
68 1713
68 1804
68 1816
68 1907
68 1928
68 2035
69 121
69 164
69 272
69 276
69 280
69 296
69 322
69 411
69 426
69 614
69 685
69 892
69 980
69 996
69 1084
69 1137
69 1161
69 1257
69 1390
69 1580
69 1960
70 80
70 101
70 172
70 194
70 211
70 299
70 400
70 435
70 588
70 647
70 687
70 753
70 821
70 825
70 846
70 934
70 987
70 1019
70 1069
70 1100
70 1109
70 1182
70 1239
70 1461
70 1485
70 1607
70 1843
71 102
71 135
71 275
71 292
71 334
71 340
71 1546
71 1624
71 1837
71 1892
72 73
72 76
72 88
72 136
72 138
72 151
72 170
72 203
72 215
72 219
72 230
72 266
72 272
72 289
72 307
72 315
72 417
72 418
72 455
72 479
72 499
72 517
72 581
72 656
72 692
72 703
72 709
72 734
72 819
72 826
72 833
72 890
72 1015
72 1060
72 1084
72 1107
72 1161
72 1219
72 1319
72 1340
72 1341
72 1360
72 1385
72 1450
72 1472
72 1483
72 1568
72 1588
72 1713
72 1741
72 1801
72 1878
72 1890
72 1974
72 2020
72 2046
73 81
73 82
73 100
73 248
73 356
73 359
73 498
73 571
73 802
73 1244
73 1246
73 1468
73 1752
74 85
74 158
74 204
74 361
74 488
74 504
74 523
74 533
74 569
74 689
74 728
74 869
74 888
74 1060
74 1322
74 1531
74 1583
74 1852
74 1908
75 157
75 173
75 178
75 441
75 570
75 647
75 668
75 858
75 990
75 1260
75 1493
75 1536
75 1720
76 89
76 147
76 157
76 173
76 230
76 241
76 259
76 328
76 386
76 424
76 483
76 553
76 597
76 658
76 680
76 939
76 1039
76 1118
76 1323
76 1362
76 1398
76 1585
76 1816
76 1887
76 1906
76 1943
76 2043
77 90
77 94
77 151
77 202
77 267
77 281
77 477
77 522
77 528
77 714
77 730
77 952
77 1236
77 1773
77 1812
77 1877
77 1940
77 1958
78 95
78 115
78 116
78 121
78 133
78 159
78 162
78 163
78 241
78 278
78 287
78 311
78 322
78 345
78 346
78 364
78 464
78 501
78 606
78 631
78 641
78 687
78 689
78 692
78 701
78 765
78 934
78 943
78 953
78 986
78 1029
78 1095
78 1257
78 1313
78 1343
78 1463
78 1507
78 1561
78 1641
78 1651
78 1776
78 1824
78 1860
78 1880
78 1907
78 1976
78 1982
78 2012
78 2036
79 112
79 141
79 159
79 181
79 182
79 223
79 275
79 339
79 448
79 456
79 459
79 502
79 578
79 599
79 613
79 623
79 635
79 649
79 880
79 893
79 1015
79 1043
79 1172
79 1289
79 1309
79 1320
79 1458
79 1536
79 1578
79 1601
79 1625
79 1646
79 1740
79 1827
79 1917
79 1979
79 1980
79 2003
80 118
80 134
80 154
80 156
80 161
80 167
80 168
80 173
80 209
80 290
80 307
80 363
80 383
80 385
80 401
80 523
80 540
80 565
80 572
80 921
80 1051
80 1074
80 1080
80 1156
80 1177
80 1338
80 1541
80 1611
80 1628
80 1771
80 1886
80 2066
81 99
81 147
81 235
81 257
81 445
81 656
81 813
81 859
81 1179
81 1364
82 198
82 316
82 361
82 385
82 617
82 635
82 645
82 698
82 800
82 882
82 1006
82 1394
82 1617
82 1895
82 1897
82 1960
82 2018
83 93
83 125
83 132
83 166
83 177
83 199
83 203
83 247
83 261
83 314
83 368
83 423
83 426
83 485
83 566
83 583
83 617
83 634
83 651
83 748
83 804
83 849
83 851
83 853
83 962
83 980
83 1031
83 1105
83 1273
83 1455
83 1685
83 1758
83 1805
83 2076
84 182
84 344
84 409
84 454
84 924
84 1014
84 1116
84 1624
85 129
85 144
85 178
85 240
85 267
85 411
85 468
85 492
85 502
85 510
85 511
85 514
85 523
85 724
85 819
85 840
85 935
85 1018
85 1103
85 1608
85 1714
85 1725
85 1812
85 1831
85 1846
85 1851
85 1879
85 1884
85 1893
85 1951
86 127
86 136
86 179
86 234
86 271
86 295
86 565
86 570
86 589
86 639
86 692
86 715
86 896
86 1174
86 1265
86 1337
86 1401
86 1421
86 1653
86 1764
86 1817
86 1864
87 95
87 116
87 231
87 287
87 304
87 482
87 562
87 1038
87 1205
87 1573
87 1769
87 1881
87 2065
88 104
88 110
88 116
88 227
88 277
88 280
88 329
88 331
88 336
88 351
88 474
88 769
88 777
88 812
88 896
88 956
88 965
88 1006
88 1431
88 1479
88 1571
88 1660
88 1767
88 1826
88 1845
88 1924
89 238
89 317
89 1167
90 145
90 307
90 564
90 568
90 887
90 1186
90 1281
91 101
91 186
91 220
91 237
91 246
91 255
91 410
91 475
91 488
91 543
91 571
91 572
91 616
91 643
91 755
91 769
91 976
91 1022
91 1032
91 1034
91 1037
91 1156
91 1171
91 1355
91 1357
91 1488
91 1540
91 1588
91 1603
91 1613
91 1637
91 1739
91 1825
91 2050
92 147
92 153
92 162
92 441
92 476
92 485
92 491
92 506
92 829
92 832
92 937
92 959
92 1034
92 1092
92 1198
92 1249
92 1331
92 1498
92 1514
92 1735
92 1764
92 1787
93 101
93 122
93 368
93 725
93 730
93 942
93 989
93 1141
93 1286
93 1438
93 1564
93 1834
93 1991
93 2016
94 117
94 476
94 569
94 765
95 222
95 360
95 393
95 443
95 526
95 712
95 714
95 780
95 1251
95 1281
95 1320
95 1532
95 1718
95 1724
96 210
96 260
96 298
96 332
96 374
96 382
96 520
96 549
96 738
96 925
96 946
96 1013
96 1106
96 1498
96 1725
96 1771
96 1928
97 108
97 122
97 126
97 128
97 130
97 131
97 164
97 166
97 170
97 214
97 218
97 232
97 241
97 254
97 259
97 285
97 315
97 336
97 343
97 365
97 458
97 462
97 474
97 481
97 497
97 600
97 624
97 642
97 670
97 682
97 697
97 760
97 780
97 859
97 869
97 896
97 929
97 970
97 1207
97 1277
97 1374
97 1512
97 1533
97 1580
97 1608
97 1662
97 1728
97 1744
97 1748
97 1892
97 1912
97 1925
98 105
98 174
98 227
98 342
98 451
98 515
98 517
98 563
98 700
98 736
98 744
98 784
98 939
98 1079
98 1103
98 1478
98 1517
98 1810
98 1926
99 192
99 217
99 223
99 270
99 343
99 539
99 652
99 668
99 729
99 1289
99 1321
99 1464
99 1644
99 1665
100 153
100 256
100 308
100 363
100 449
100 458
100 526
100 556
100 598
100 659
100 687
100 772
100 997
100 1079
100 1168
100 1272
100 1451
100 1537
100 1599
100 1856
100 1864
100 1886
100 1912
100 2006
100 2047
101 147
101 169
101 183
101 196
101 343
101 496
101 666
101 681
101 829
101 962
101 984
101 1031
101 1087
101 1386
101 1492
102 103
102 106
102 266
102 283
102 358
102 362
102 373
102 402
102 415
102 420
102 432
102 434
102 462
102 752
102 1319
102 1334
102 1545
102 1689
102 1711
102 1720
102 1777
102 1821
102 1943
102 2032
103 111
103 141
103 200
103 269
103 292
103 349
103 365
103 369
103 418
103 441
103 492
103 493
103 575
103 729
103 876
103 886
103 905
103 944
103 1047
103 1298
103 1545
103 1652
103 1731
103 1739
103 1782
103 1900
103 1955
103 1973
103 1989
104 136
104 751
104 1341
104 1572
105 125
105 137
105 229
105 275
105 309
105 341
105 367
105 399
105 478
105 492
105 574
105 596
105 612
105 704
105 764
105 811
105 828
105 836
105 958
105 1008
105 1037
105 1067
105 1120
105 1122
105 1140
105 1151
105 1171
105 1227
105 1409
105 1558
105 1630
105 1688
105 1739
105 2045
106 166
106 180
106 347
106 374
106 504
106 667
106 753
106 1387
106 1670
106 1704
106 1798
107 117
107 130
107 140
107 177
107 256
107 302
107 337
107 482
107 493
107 627
107 700
107 747
107 783
107 898
107 969
107 1167
107 1297
107 1883
108 117
108 189
108 201
108 225
108 317
108 324
108 447
108 468
108 598
108 599
108 628
108 708
108 724
108 742
108 753
108 824
108 929
108 1066
108 1234
108 1302
108 1355
108 1553
108 1568
108 1613
108 1753
108 1923
108 1934
108 1964
109 216
109 222
109 271
109 297
109 301
109 308
109 334
109 362
109 631
109 773
109 844
109 1062
109 1070
109 1107
109 1153
109 1172
109 1192
109 1350
109 1378
109 1603
109 1709
109 1755
109 1770
110 139
110 142
110 160
110 204
110 300
110 433
110 779
110 791
110 838
110 879
110 897
110 1018
110 1123
110 1265
110 1297
110 1378
110 1392
110 1471
110 1530
110 1778
110 1977
110 2000
111 119
111 142
111 246
111 273
111 279
111 331
111 368
111 390
111 445
111 454
111 519
111 598
111 962
111 1380
111 1455
111 1584
111 1638
111 1846
111 1862
112 127
112 149
112 185
112 188
112 194
112 311
112 401
112 431
112 499
112 548
112 601
112 623
112 629
112 645
112 678
112 733
112 1416
112 1722
112 1733
112 1751
112 1762
112 1832
112 1853
112 1861
112 1879
112 1939
112 1955
112 1981
113 439
113 778
113 1221
113 1655
114 136
114 143
114 166
114 207
114 224
114 286
114 524
114 577
114 756
114 1034
114 1155
114 1191
114 1462
114 1614
114 1705
114 1712
114 1737
114 1905
114 1919
115 122
115 124
115 129
115 157
115 183
115 355
115 414
115 430
115 532
115 604
115 653
115 767
115 787
115 938
115 957
115 1086
115 1121
115 1250
115 1450
115 1671
115 1728
115 1932
115 1958
115 2012
115 2043
116 123
116 178
116 195
116 204
116 269
116 281
116 318
116 323
116 339
116 436
116 447
116 728
116 729
116 756
116 874
116 1103
116 1127
116 1163
116 1182
116 1197
116 1265
116 1350
116 1701
116 1775
116 1856
116 1944
117 199
117 203
117 236
117 282
117 512
117 720
117 862
117 916
117 971
117 1246
117 1489
117 1569
117 1598
117 2039
118 171
118 172
118 187
118 189
118 212
118 232
118 326
118 472
118 507
118 680
118 697
118 715
118 883
118 944
118 986
118 1024
118 1055
118 1066
118 1105
118 1198
118 1261
118 1266
118 1318
118 1362
118 1400
118 1453
118 1528
118 1572
118 1607
118 1625
118 1801
118 1891
118 1963
119 187
119 357
119 410
119 542
119 639
119 719
119 901
119 985
119 1128
119 1395
119 1441
119 1497
119 1741
119 1792
119 1799
119 1829
119 1859
119 2076
120 132
120 171
120 187
120 263
120 388
120 487
120 514
120 516
120 526
120 532
120 536
120 580
120 664
120 713
120 765
120 816
120 1025
120 1032
120 1417
120 1733
121 124
121 127
121 176
121 308
121 345
121 1126
121 1905
122 214
122 294
122 317
122 828
122 848
122 904
122 1171
122 1342
122 1373
122 1455
122 1615
122 1657
122 1898
122 1906
123 181
123 232
123 245
123 262
123 458
123 463
123 543
123 546
123 709
123 968
123 994
123 1071
123 1225
123 1270
123 1327
123 1545
123 1571
123 1699
123 1729
123 1744
124 130
124 209
124 383
124 554
124 1100
124 1105
124 1180
124 1473
125 178
125 299
125 308
125 370
125 394
125 398
125 434
125 470
125 510
125 519
125 520
125 527
125 720
125 787
125 897
125 923
125 1003
125 1004
125 1053
125 1061
125 1148
125 1339
125 1345
125 1431
125 1450
125 1636
125 1637
125 1740
125 1747
125 1856
125 1909
125 2019
126 199
126 230
126 265
126 379
126 417
126 667
126 870
126 1112
126 1384
126 1848
127 167
127 174
127 175
127 243
127 391
127 530
127 627
127 634
127 652
127 726
127 739
127 750
127 778
127 782
127 955
127 980
127 990
127 1010
127 1118
127 1221
127 1233
127 1402
127 1456
127 1639
127 1744
127 1959
128 183
128 575
128 1212
128 1759
129 160
129 196
129 197
129 203
129 227
129 315
129 323
129 327
129 486
129 753
129 855
129 1012
129 1095
129 1983
130 134
130 220
130 334
130 354
130 620
130 1124
130 1177
130 1482
131 226
131 240
131 328
131 489
131 602
131 909
131 1140
131 1293
131 1423
131 1424
131 1788
131 1822
131 1866
132 193
132 275
132 304
132 328
132 387
132 431
132 446
132 478
132 528
132 554
132 655
132 661
132 671
132 933
132 1046
132 1101
132 1145
132 1147
132 1247
132 1544
132 1904
132 2014
133 134
133 155
133 413
133 456
133 457
133 631
133 814
133 856
133 1174
133 1263
133 1512
133 1546
133 1602
133 1792
133 2003
134 432
134 618
134 713
134 1232
134 1247
134 1406
135 268
135 546
135 621
135 1352
135 1357
135 1632
136 273
136 301
136 323
136 493
136 551
136 573
136 606
136 612
136 621
136 640
136 741
136 1082
136 1178
136 1195
136 1312
136 1317
136 1444
136 1531
136 1556
136 1622
136 1793
136 1847
136 1895
136 1982
137 143
137 146
137 248
137 285
137 475
137 615
137 684
137 789
137 822
137 832
137 901
137 917
137 960
137 1208
137 1831
137 1998
137 2005
138 153
138 212
138 217
138 251
138 452
138 475
138 476
138 518
138 993
138 1153
138 1180
138 1259
138 1283
138 1573
138 1623
138 1737
138 1790
138 1957
138 1988
139 149
139 290
139 340
139 375
139 402
139 490
139 528
139 636
139 683
139 736
139 1101
139 1225
139 1409
139 1724
139 1924
139 1994
139 2031
139 2063
140 558
140 759
140 1456
141 146
141 222
141 295
141 407
141 497
141 547
141 567
141 1091
141 1343
141 1478
141 1595
141 1788
141 1847
142 221
142 320
142 492
142 538
142 718
142 721
142 873
142 953
142 1007
142 1078
142 1618
142 1679
143 154
143 213
143 234
143 276
143 294
143 333
143 462
143 482
143 515
143 558
143 601
143 666
143 771
143 922
143 948
143 1021
143 1029
143 1197
143 1567
143 1688
143 2035
144 429
144 615
144 701
144 725
144 1228
144 1457
144 1987
144 1997
145 375
145 433
145 974
145 1162
145 1317
145 1575
145 1727
145 1903
146 160
146 248
146 711
146 723
146 836
146 972
146 1232
146 1513
146 1575
147 249
147 251
147 274
147 428
147 459
147 467
147 571
147 599
147 1339
147 1492
147 1748
148 155
148 503
148 860
148 865
148 972
148 1403
148 1537
148 1845
149 205
149 245
149 448
149 585
149 674
149 895
149 1513
149 1560
149 1655
149 1681
150 284
150 300
150 337
150 375
150 508
150 557
150 633
150 663
150 768
150 1050
150 1104
150 1702
150 1816
150 1941
150 1953
151 191
151 303
151 398
151 500
151 1491
151 1616
152 166
152 208
152 356
152 429
152 695
152 756
152 779
152 1057
152 1181
152 1502
152 1606
152 1696
152 1912
152 1951
153 164
153 174
153 198
153 202
153 232
153 238
153 266
153 279
153 310
153 319
153 334
153 355
153 380
153 441
153 459
153 460
153 470
153 474
153 541
153 544
153 557
153 636
153 735
153 810
153 815
153 921
153 1021
153 1115
153 1143
153 1187
153 1189
153 1196
153 1238
153 1318
153 1380
153 1454
153 1549
153 1560
153 1638
153 1777
153 1778
153 1781
153 1855
153 1884
153 1901
153 2053
154 211
154 406
154 418
154 578
154 1448
154 1587
154 2004
155 226
155 281
155 367
155 636
155 639
155 1004
155 1071
155 1154
155 1238
155 1303
155 2022
156 196
156 335
156 370
156 538
156 1185
156 1890
157 189
157 313
157 336
157 342
157 351
157 420
157 426
157 452
157 705
157 786
157 883
157 900
157 1203
157 1235
157 1274
157 1429
157 1431
157 1698
157 1734
157 2071
158 621
158 894
158 921
158 1529
158 1692
159 234
159 279
159 468
159 877
160 165
160 560
160 842
160 1403
160 1438
161 254
161 479
161 577
161 910
161 917
161 1181
161 1377
161 1664
161 1919
161 2067
162 628
162 803
162 1058
162 1318
162 1379
162 1518
162 1923
163 594
164 320
164 352
164 633
164 839
164 1066
164 1073
164 1159
164 1168
164 1514
164 1641
164 1660
164 1680
164 2021
165 326
165 673
165 985
165 1156
165 1279
165 1647
165 2008
166 240
166 348
166 593
166 706
166 746
166 1107
166 1235
166 1376
166 1521
166 1789
167 276
167 350
167 438
167 566
167 693
167 847
167 1259
167 1418
167 1604
167 1935
168 197
168 228
168 270
168 282
168 304
168 337
168 370
168 473
168 625
168 697
168 801
168 852
168 890
168 903
168 940
168 1075
168 1212
168 1242
168 1251
168 1305
168 1439
168 1467
168 1597
168 1626
168 1655
169 198
169 443
169 525
169 559
169 632
169 641
169 785
169 824
169 895
169 914
169 1065
169 1266
169 1412
169 1534
169 1732
170 348
170 392
170 494
170 802
170 845
170 886
170 1298
170 1761
171 188
171 191
171 203
171 210
171 729
171 911
171 1226
171 1310
171 1325
171 1452
171 1589
171 1876
172 487
172 590
172 867
172 1330
173 258
173 259
173 282
173 360
173 460
173 466
173 626
173 940
173 1548
173 1698
173 1704
174 179
174 335
174 415
174 423
174 509
174 621
174 835
174 840
174 958
174 1353
174 1954
175 184
175 217
175 234
175 354
175 430
175 497
175 566
175 578
175 620
175 709
175 861
175 883
175 938
175 978
175 1052
175 1269
175 1327
175 1671
175 1677
175 1724
175 1745
175 1773
175 1878
175 1911
175 2048
175 2052
175 2070
176 205
176 277
176 376
176 443
176 446
176 611
176 821
176 873
176 1128
176 1282
177 233
177 251
177 267
177 292
177 323
177 332
177 362
177 440
177 513
177 571
177 689
177 692
177 778
177 853
177 865
177 928
177 931
177 997
177 1045
177 1209
177 1323
177 1351
177 1457
177 1551
177 1938
177 1942
177 1946
178 184
178 275
178 387
178 693
178 723
178 746
178 1060
178 1264
178 1949
178 1971
178 2039
179 190
179 200
179 473
179 541
179 753
179 1361
179 1698
179 1855
179 1880
179 1910
180 199
180 245
180 405
180 592
180 680
180 880
180 1035
180 1404
180 1485
180 1922
180 1980
181 294
181 341
181 488
181 660
181 717
181 767
181 812
181 853
181 884
181 906
181 1011
181 1040
181 1302
181 1350
181 1556
181 1920
182 430
182 442
182 749
182 1459
182 1576
182 1846
183 216
183 280
183 320
183 379
183 383
183 393
183 394
183 467
183 505
183 572
183 632
183 730
183 754
183 790
183 833
183 839
183 889
183 914
183 1096
183 1102
183 1107
183 1155
183 1193
183 1219
183 1261
183 1295
183 1447
183 1633
183 1842
183 1981
183 2060
184 198
184 238
184 481
184 634
184 734
184 1141
184 1161
184 1201
184 1363
184 1396
184 1417
184 1434
184 1752
185 262
185 306
185 394
185 404
185 622
185 872
185 1038
185 1402
185 1600
185 1889
186 243
186 385
186 834
186 919
186 933
186 1027
187 318
187 378
187 424
187 529
187 774
187 1263
187 1369
187 1426
187 1511
187 1833
187 2030
188 257
188 325
188 391
188 448
188 471
188 762
188 1016
188 1146
188 1292
188 1415
188 1621
188 1653
188 1771
188 1798
188 1914
188 1917
188 1953
189 330
189 383
189 447
189 501
189 525
189 585
189 608
189 699
189 987
189 1042
189 1182
189 1221
189 1228
189 1516
189 1622
189 1840
189 1846
189 1867
190 755
190 854
190 1002
190 1166
190 1969
191 221
191 432
191 537
191 678
191 693
191 1064
191 1492
191 1708
192 325
192 428
192 488
192 497
192 705
192 1189
192 1284
192 1447
192 1487
192 1666
193 255
193 317
193 428
193 468
193 527
193 1241
193 1322
193 1522
193 1882
194 451
194 788
194 1005
194 1107
194 1108
194 1128
194 1347
195 213
195 431
195 790
195 930
195 944
195 1213
195 1489
195 1647
195 1663
195 1750
195 1845
196 249
196 278
196 327
196 332
196 347
196 399
196 559
196 644
196 727
196 902
196 1687
196 1715
196 1794
196 2075
197 237
197 289
197 309
197 338
197 390
197 495
197 605
197 726
197 743
197 796
197 841
197 896
197 923
197 1058
197 1084
197 1129
197 1394
197 1397
197 1476
197 1630
197 1841
197 1902
197 1975
198 224
198 266
198 298
198 331
198 366
198 372
198 425
198 471
198 514
198 548
198 596
198 605
198 646
198 698
198 800
198 843
198 992
198 1133
198 1272
198 1482
198 1486
198 1692
198 1955
198 2072
199 316
199 562
199 601
199 924
199 1541
199 2039
200 302
200 463
200 560
200 578
200 610
200 805
200 827
200 1227
200 1344
200 1346
200 1508
200 1531
200 1829
200 1889
201 247
201 299
201 494
201 521
201 531
201 618
201 622
201 684
201 864
201 870
201 1077
201 1154
201 1217
201 1258
201 1315
201 1557
202 238
202 249
202 359
202 380
202 422
202 471
202 644
202 843
202 908
202 1030
202 1058
202 1376
202 1473
202 1756
203 223
203 291
203 299
203 321
203 458
203 672
203 997
203 1302
203 1466
203 1866
203 2066
204 264
204 304
204 407
204 472
204 612
204 733
204 932
204 1210
204 1648
205 210
205 224
205 258
205 407
205 619
205 733
205 748
205 758
205 818
205 945
205 1034
205 1038
205 1064
205 1086
205 1348
205 1409
205 1691
205 1736
205 2061
206 484
206 834
206 1960
207 263
207 499
207 581
207 698
207 851
207 1524
207 1609
208 985
208 1047
208 1106
208 1181
208 1673
209 219
209 313
209 941
209 1080
209 1774
209 1781
210 286
210 522
210 1403
210 1542
211 216
211 239
211 255
211 375
211 384
211 388
211 414
211 461
211 462
211 534
211 650
211 695
211 718
211 757
211 818
211 846
211 856
211 886
211 1007
211 1024
211 1093
211 1207
211 1294
211 1438
211 1442
211 1602
211 1618
211 1648
211 1773
211 1891
211 1967
211 1997
212 333
212 384
212 483
212 545
212 1009
212 1330
212 1466
212 1653
212 1764
212 1944
213 265
213 391
213 429
213 705
213 740
213 746
213 832
213 904
213 994
213 1499
213 1513
213 1610
213 1745
213 1984
213 2027
214 231
214 863
214 961
214 1114
214 1393
214 1489
215 296
215 388
215 607
215 1038
215 1039
215 1220
215 1392
215 1407
215 1535
215 1918
215 1926
216 283
216 415
216 991
216 1033
216 1084
216 1144
216 1296
216 1343
216 1532
216 1759
216 1811
217 367
217 399
217 568
217 841
217 1385
217 1402
217 1558
217 1694
217 1758
217 1921
217 1985
218 254
218 395
218 732
218 798
218 838
218 1712
218 2049
219 366
219 417
219 618
219 886
219 926
219 951
219 991
219 1293
219 1379
219 1509
219 1642
219 1774
219 1968
219 1984
219 2063
220 567
220 570
220 721
220 786
220 795
220 1000
220 1205
220 1508
220 1528
220 1662
220 2072
221 350
221 359
221 505
221 954
221 1077
221 1484
222 250
222 307
222 494
222 660
222 668
222 845
222 864
222 894
222 1011
222 1235
222 1260
222 1740
222 1830
223 476
223 507
223 651
223 699
223 1134
223 1160
223 1526
223 1635
223 1835
224 284
224 294
224 311
224 351
224 365
224 486
224 604
224 616
224 743
224 788
224 851
224 1031
224 1182
224 1293
224 1316
224 1415
224 1473
224 1477
224 1599
224 1691
224 1785
224 1836
224 1992
225 256
225 272
225 274
225 276
225 489
225 519
225 721
225 827
225 947
225 1203
225 1254
225 1651
225 1680
225 2053
226 466
226 576
226 1117
226 1205
227 232
227 330
227 549
227 1933
228 349
228 521
228 1297
228 1729
229 245
229 464
229 564
229 690
229 1115
229 1283
229 1300
230 396
230 676
230 1054
230 1153
230 1173
230 1359
230 1464
230 1473
231 418
231 574
231 626
231 744
231 977
231 1364
231 1474
231 1484
231 1589
231 1760
231 1955
231 2041
232 260
232 262
232 263
232 320
232 392
232 400
232 415
232 534
232 592
232 685
232 761
232 948
232 1095
232 1341
232 1494
232 1932
232 2008
232 2077
233 270
233 357
233 582
233 640
233 708
233 730
233 1344
233 1440
233 1520
233 1645
233 1913
233 2041
234 278
234 300
234 380
234 421
234 509
234 513
234 532
234 534
234 644
234 727
234 749
234 809
234 1040
234 1054
234 1188
234 1592
234 1885
234 1895
234 1952
234 2055
235 541
235 568
235 1224
235 1352
235 1591
236 406
236 573
236 766
236 857
236 1142
236 1689
236 1710
237 305
237 495
237 759
237 995
237 1277
237 1312
237 1741
238 245
238 593
238 1440
238 1697
239 306
239 826
239 1337
239 1382
239 1799
239 1874
240 377
240 565
240 841
240 970
240 1524
240 1680
240 1709
240 2072
241 491
241 579
241 675
241 830
241 944
241 1083
241 1361
242 348
242 389
242 486
242 653
242 781
242 836
242 1190
243 514
243 839
243 981
243 1129
243 1165
243 1198
243 1287
243 1993
243 2023
243 2061
244 387
244 432
244 440
244 535
244 628
244 668
244 690
244 822
244 975
244 1055
244 1201
244 1218
244 1295
244 1299
244 1451
244 1641
244 1706
244 2016
244 2068
245 312
245 558
245 1520
246 335
246 501
246 532
246 646
246 701
246 801
246 948
246 954
246 1174
246 1215
246 1539
246 1569
246 1802
247 661
247 794
247 1138
247 1349
247 1453
247 1540
247 1543
247 1644
248 891
248 1637
248 1803
248 2051
249 255
249 305
249 410
249 611
249 823
249 963
249 1061
249 1595
249 1612
250 558
250 673
250 677
250 746
250 802
250 915
250 930
250 1422
250 1452
250 1486
250 1642
250 1726
250 1758
250 1877
250 1897
250 1902
250 1956
250 2000
250 2019
250 2020
251 258
251 321
251 354
251 509
251 530
251 544
251 591
251 602
251 616
251 793
251 806
251 1185
251 1228
251 1273
251 1585
251 1595
251 1619
251 1808
252 302
252 439
252 470
252 471
252 514
252 608
252 1024
252 1079
252 1165
252 1206
252 1382
252 1542
252 1977
253 312
253 335
253 807
253 842
253 960
253 1000
253 1035
253 1041
253 1617
253 1895
253 1899
253 1932
254 265
254 276
254 339
254 460
254 503
254 866
254 911
254 919
254 1074
254 1200
254 1359
254 1379
254 1650
254 1704
254 1756
254 1803
254 1904
254 1947
255 532
255 646
255 1015
255 1074
255 1565
255 1670
256 667
256 912
256 921
256 1080
256 1540
256 1598
256 1733
257 291
257 358
257 1106
257 1110
257 1401
257 1663
257 1783
257 1787
257 1834
257 1894
258 356
258 413
258 549
258 679
258 763
258 1474
258 1506
258 1525
258 1718
259 379
259 413
259 911
259 976
259 1246
259 1510
259 1682
259 1706
259 1888
260 331
260 387
260 548
260 549
260 555
260 710
260 803
260 931
260 975
260 1763
261 297
261 314
261 380
261 442
261 460
261 465
261 527
261 630
261 1307
261 1761
261 2032
262 390
262 414
262 502
262 879
262 2061
263 412
263 422
263 477
263 484
263 787
263 877
263 1803
263 1841
263 2068
264 382
264 409
264 441
264 663
264 777
264 903
264 1113
264 1229
264 1276
264 1342
265 298
265 570
265 918
265 1109
265 1501
265 1677
265 1685
265 1922
266 267
266 1206
266 1463
267 312
267 324
267 346
267 362
267 373
267 377
267 397
267 411
267 421
267 467
267 529
267 649
267 677
267 745
267 871
267 1022
267 1072
267 1120
267 1146
267 1203
267 1256
267 1372
267 1711
267 2000
267 2063
268 280
268 337
268 348
268 742
268 964
268 981
268 1100
268 1483
268 1496
268 1532
268 1636
268 1703
269 316
269 595
269 682
269 721
269 773
269 1042
270 460
270 676
270 714
270 1481
270 1539
270 1658
270 1944
271 866
271 958
271 1369
271 1647
271 2027
272 364
272 374
272 397
272 518
272 648
272 920
272 988
272 1132
272 1303
272 1541
272 1789
272 1793
272 1801
272 1892
272 1979
273 358
273 366
273 389
273 486
273 739
273 837
273 870
273 915
273 957
273 1018
273 1032
273 1080
273 1086
274 379
274 388
274 427
274 442
274 444
274 488
274 536
274 603
274 952
274 995
274 996
274 1050
274 1248
274 1322
274 1640
274 1731
275 278
275 318
275 439
275 457
275 671
275 1011
275 1226
275 1645
275 1720
275 1860
275 1952
275 2045
276 298
276 588
276 1125
276 1220
276 1569
276 1972
277 312
277 320
277 469
277 561
277 617
277 624
277 702
277 1261
277 1461
277 1613
277 1827
278 353
278 395
278 789
278 1001
278 1063
278 1203
278 1237
278 1450
279 344
279 352
279 740
279 864
279 910
279 928
279 959
279 1048
279 1056
279 1085
279 1377
279 1633
280 416
280 495
280 729
280 1295
280 1437
281 289
281 325
281 665
281 861
281 1045
281 1129
281 1143
281 1157
281 1236
281 1273
281 1329
281 1521
281 1524
281 1716
282 480
282 498
282 1761
282 2044
283 422
283 618
283 874
283 907
283 1319
284 325
284 778
284 1059
284 1717
284 1856
284 1941
285 749
285 783
285 816
285 940
285 998
285 1063
285 1067
285 1141
285 1755
285 1867
285 1896
285 2015
286 287
286 547
286 814
286 1037
286 1339
286 1445
286 1457
286 1467
286 1488
287 563
287 1184
287 1230
287 1526
288 365
288 675
288 707
288 819
288 1156
288 1157
288 1222
288 1684
289 293
289 483
289 507
289 522
289 533
289 563
289 712
289 776
289 921
289 932
289 949
289 1142
289 1214
289 1223
289 1298
289 1397
289 1425
289 1564
289 2037
290 425
290 473
290 680
290 823
290 859
290 1093
290 1184
290 1353
290 1366
290 1446
290 1938
291 338
291 392
291 603
291 793
291 1195
291 1323
291 1408
291 1581
291 1592
291 1873
292 583
292 690
292 821
292 963
292 1043
292 1352
292 1752
292 1912
293 469
293 622
293 678
293 1147
293 1152
293 1169
293 1331
293 1383
293 1460
293 1565
293 1702
293 1755
293 1833
293 1897
293 1946
293 2029
293 2043
294 951
294 1664
295 371
295 373
295 423
295 481
295 484
295 498
295 631
295 718
295 883
295 934
295 991
295 1006
295 1068
295 1253
295 1290
295 1536
295 1864
296 450
296 901
296 949
296 1194
296 1562
296 1621
296 1639
296 1647
296 1712
297 969
297 1769
297 1934
298 512
298 716
298 798
298 1124
298 1209
298 1397
298 1424
298 1480
298 1610
299 434
299 473
299 602
299 696
299 834
299 888
299 1350
299 1432
299 1657
299 1701
300 423
300 456
300 525
300 581
300 891
300 1104
300 1106
300 1182
300 1248
300 1326
300 1426
300 1440
300 1660
300 1678
300 1854
300 1885
301 366
301 420
301 602
301 1094
301 1322
301 1594
301 1608
301 1631
301 1663
301 1697
301 2032
302 310
302 330
302 357
302 369
302 450
302 465
302 646
302 733
302 875
302 878
302 1001
302 1247
302 1348
302 1398
302 1459
302 1474
302 1508
302 1559
302 1607
302 1883
303 404
303 503
303 726
303 1148
303 1269
303 1503
303 1860
303 1956
304 359
304 531
304 589
304 597
304 658
304 722
304 792
304 827
304 863
304 981
304 1127
304 1144
304 1166
304 1187
304 1290
304 1369
304 1545
304 1987
305 325
305 734
305 830
305 894
305 1148
305 1732
305 2022
306 416
306 703
306 1102
306 1119
306 1177
306 1510
306 1613
306 1753
307 312
307 333
307 370
307 614
307 669
307 849
307 855
307 900
307 903
307 1169
307 1211
307 1536
307 1802
307 1910
308 442
308 688
308 709
308 794
308 850
308 1225
308 1446
309 1088
310 422
310 850
310 1608
310 1671
310 1783
310 1950
311 600
311 645
311 650
311 807
311 983
311 1003
311 1023
311 1169
311 1577
311 1718
311 1966
311 2032
311 2069
312 393
312 717
312 1437
313 345
313 496
313 686
313 927
313 1566
314 424
314 436
314 664
314 772
314 881
314 1480
314 1674
314 1776
315 496
315 552
315 913
315 988
315 1258
315 1436
315 1777
315 1945
316 411
316 440
316 613
316 703
316 799
316 1271
316 1477
316 1650
316 1681
317 455
317 506
317 645
317 719
317 727
317 736
317 745
317 781
317 789
317 798
317 1301
317 1760
317 1936
317 2053
318 339
318 431
318 499
318 527
318 546
318 750
318 998
319 484
319 965
319 1895
320 1578
321 453
321 540
321 642
321 693
321 825
321 925
321 1026
321 1048
321 1253
321 1514
321 1521
321 1537
321 1695
321 1806
321 1917
322 386
322 404
322 679
322 771
322 800
322 810
322 814
322 1368
322 1534
322 1582
322 1710
322 2013
322 2036
323 395
323 408
323 482
323 611
323 757
323 908
323 1062
323 1105
323 1285
323 1320
323 1487
323 1797
323 1953
324 345
324 390
324 447
324 609
324 758
324 1173
324 1313
324 1511
324 2022
325 1384
325 1388
325 1645
325 1720
325 1830
325 1858
326 341
326 589
326 1464
326 1805
327 906
327 1570
327 1734
327 1778
328 412
328 468
328 475
328 879
328 1579
328 1625
329 435
329 685
329 789
329 864
329 1135
329 1342
329 1361
329 1509
329 1674
329 1685
329 1730
329 1790
329 1894
329 2066
330 337
330 355
330 370
330 648
330 784
330 912
330 972
330 1046
330 1115
330 1122
330 1210
330 1272
330 1638
330 1811
330 1868
331 563
331 734
331 837
331 1162
331 1408
331 1428
331 1475
331 1641
331 1698
331 2010
331 2048
332 684
332 1097
332 1099
332 1240
332 1465
332 1796
333 643
333 752
333 975
334 623
334 637
334 796
334 913
334 917
334 927
335 338
335 349
335 385
335 609
335 732
335 1239
335 1426
335 1588
335 1732
335 1735
335 1743
336 378
336 480
336 724
336 791
336 806
336 912
336 936
336 1349
336 1535
336 1639
336 1868
337 338
337 407
337 540
337 557
337 604
337 612
337 620
337 850
337 1003
337 1170
337 1708
337 1756
338 604
338 1919
339 839
339 845
339 1123
340 685
340 1202
341 405
341 410
341 682
341 959
341 1155
341 1399
341 1471
341 1606
341 1628
342 389
342 399
342 515
342 556
342 574
342 803
342 897
342 973
342 1040
342 1243
342 1279
342 1708
342 1746
343 388
343 393
343 600
343 663
343 719
343 1391
343 1831
343 1999
344 607
344 626
344 639
344 687
344 769
344 831
344 841
344 884
344 930
344 933
344 1098
344 1145
344 1175
344 1244
344 1465
344 1786
344 1814
344 1844
344 1860
344 1954
344 2029
345 369
345 490
345 500
345 504
345 660
345 694
345 780
345 844
345 894
345 1045
345 1073
345 1469
345 1855
345 1877
345 2044
346 1972
347 359
347 364
347 435
347 545
347 643
347 796
347 866
347 954
347 1363
347 1695
347 1715
347 1854
348 360
348 396
348 449
348 498
348 584
348 593
348 654
348 838
348 907
348 1199
348 1405
348 1408
348 1441
348 1494
348 1496
348 1548
348 1631
348 1699
348 1823
348 1852
348 1876
349 402
349 535
349 963
349 1321
349 1354
349 1819
350 353
350 358
350 527
350 653
350 775
350 1068
350 1254
350 1432
350 1462
350 2029
351 449
351 567
351 1521
351 1849
352 1820
354 457
354 1446
354 1620
355 546
355 979
355 1087
355 1229
355 1302
355 1413
355 1670
356 1095
356 1157
356 1227
356 1572
356 1657
356 1770
356 1936
357 448
357 461
357 465
357 678
357 733
357 1125
357 1134
357 1283
357 1289
357 1351
357 1839
358 398
358 544
358 568
358 580
358 932
358 950
358 1451
358 1505
358 1643
358 1885
358 1991
359 380
359 472
359 1407
360 400
360 696
360 1229
360 1708
360 1793
361 506
361 758
361 932
361 1594
361 1969
362 505
362 545
362 576
362 619
362 735
362 822
362 966
362 1027
362 1092
362 1172
362 1221
362 1383
363 412
363 697
363 1072
363 1392
363 1454
364 504
364 784
364 1596
364 1847
364 2034
364 2073
365 420
365 435
365 437
365 681
365 824
365 1058
365 1062
365 1083
365 1094
365 1234
365 1301
365 1762
365 1862
365 2066
366 769
366 1514
366 1596
367 1702
368 573
368 791
368 868
368 1029
368 1234
368 1304
368 1529
368 1642
368 1881
368 1965
369 770
369 840
369 879
369 992
369 1059
369 1583
370 382
370 464
370 606
370 1037
370 1112
370 1511
370 1819
371 386
371 559
371 1848
372 728
372 1128
373 558
373 671
373 908
373 1046
373 1110
373 1498
374 406
374 586
374 594
374 888
374 1176
374 2075
375 480
375 632
375 2076
376 688
376 1126
377 451
377 1188
377 2059
378 714
378 813
378 878
378 881
378 1001
378 1096
378 1207
378 1232
378 1279
378 1501
379 661
379 923
379 1001
379 1304
379 1527
379 1620
379 1748
379 1833
380 444
380 448
380 1153
381 871
381 1471
382 1790
383 577
383 676
383 852
383 1328
383 2017
384 702
384 1022
384 1507
384 1911
385 860
385 1043
387 648
387 1049
387 1119
387 1305
387 1465
387 1949
388 657
388 874
388 1164
389 437
389 469
389 552
389 761
389 1428
389 1547
389 1563
389 1780
390 1194
390 1522
390 1751
391 706
391 1053
392 864
392 943
392 1085
392 2070
393 1010
394 1016
394 1036
394 1216
394 1293
395 521
395 686
395 783
395 792
395 1421
395 1585
396 726
396 763
396 971
396 1787
396 1872
396 1925
397 577
397 1204
397 1299
397 2060
398 529
398 698
398 822
398 1258
398 1485
398 1819
398 1898
398 1901
398 1924
399 497
399 1253
399 1823
399 1866
399 1920
399 2024
400 1608
401 529
401 1416
402 438
402 495
402 610
402 747
402 861
402 938
402 1003
402 1185
402 1305
402 1704
402 1770
402 1875
403 1282
403 1676
404 411
404 491
404 585
404 673
404 1044
404 1354
404 1407
404 1669
404 1692
404 1747
404 1779
406 455
406 508
406 1692
407 592
407 620
407 638
407 713
407 1039
407 1337
407 1349
407 1780
408 433
408 637
408 790
408 1048
408 1306
408 1379
408 1663
408 1749
408 1979
409 770
410 1873
411 560
411 650
411 677
411 737
411 972
411 1005
411 1093
411 2023
411 2045
412 526
412 948
412 1171
412 1270
412 1677
412 1754
412 2017
413 427
413 727
413 895
413 1013
413 1120
413 1961
414 819
414 1050
414 1371
414 1570
414 1743
415 683
415 695
415 809
415 924
415 1386
415 1605
416 495
416 496
416 500
416 539
416 882
416 970
416 1025
416 1251
416 1412
416 1499
416 1574
416 1639
416 1652
416 1837
417 1233
417 1261
417 1354
417 1367
417 1776
417 1921
417 2005
418 433
419 1081
419 1176
420 698
420 1455
420 1679
420 1873
420 1966
421 1189
421 1319
421 1760
422 480
422 964
422 1364
422 1627
422 1727
423 648
423 666
423 670
423 781
423 858
423 912
423 1002
423 1027
423 1446
424 438
424 553
424 603
424 644
424 749
424 845
424 1033
424 1105
424 1674
424 1938
425 474
425 761
425 995
425 1560
425 1600
425 1698
425 1701
425 1854
425 2045
427 820
427 1006
427 1151
427 1320
427 1360
427 1611
428 1463
428 1545
428 1886
428 2031
430 521
430 720
430 904
430 1980
431 544
431 822
431 1160
431 1223
431 1306
431 1490
431 1549
431 1751
431 1828
431 1909
432 443
432 452
432 593
432 646
432 686
432 693
432 913
432 1233
432 1278
432 1441
432 1582
432 1658
433 938
433 1131
433 1138
433 1205
433 1243
433 1346
433 1547
434 683
434 1355
434 1838
435 446
435 636
435 885
436 1179
436 1506
437 465
437 957
437 1053
437 1638
438 554
438 1056
438 1075
438 1087
438 1180
438 1251
438 1696
438 1902
439 453
439 454
439 491
439 537
439 706
439 1004
439 1152
439 1275
439 1334
439 1597
439 1899
439 1950
439 1985
440 518
440 537
440 547
440 670
440 844
440 975
440 1234
440 1254
440 1366
440 1374
440 1412
440 1686
440 1826
440 1977
441 447
441 890
441 1144
441 1667
441 2075
442 610
442 873
442 953
442 1237
442 1267
442 2074
443 534
443 916
443 1557
443 1986
444 1086
444 1672
445 446
445 760
445 1245
445 1276
445 1420
446 1596
446 2009
447 722
447 925
447 964
447 970
447 1050
447 1272
447 1332
447 1495
447 1600
447 1652
447 1813
447 1942
448 595
448 651
448 653
448 661
448 837
448 987
448 991
448 1008
448 1056
448 1124
448 1164
448 1326
448 1338
448 1422
448 1523
448 1654
449 608
449 986
449 1017
449 1162
449 1354
449 1618
449 1650
449 1796
449 1829
450 829
450 1794
450 1880
450 1980
450 2018
451 506
451 530
451 536
451 580
451 775
451 842
451 989
451 1325
451 1426
452 543
452 605
452 614
452 1661
453 764
453 855
453 925
453 966
453 1633
453 1827
454 615
455 940
456 473
456 600
456 954
456 1098
456 1108
456 1302
456 1899
457 598
457 1270
457 1445
457 1572
457 1951
457 2058
458 613
458 624
458 744
458 770
458 775
458 1274
458 1550
459 720
459 1061
459 1450
459 1705
459 1721
459 1826
460 487
460 885
460 1099
460 1204
460 1654
460 1675
460 1833
461 766
461 788
461 893
461 979
461 1234
461 1321
461 1406
462 1070
462 1258
462 1666
463 551
463 587
463 613
463 630
463 683
463 706
463 808
463 846
463 1164
463 1399
463 1776
463 1931
464 575
465 1347
466 508
466 539
466 682
466 977
466 1133
466 1700
466 1914
466 1957
467 520
467 535
467 931
467 1022
467 1445
467 1555
467 1978
468 935
468 1026
468 1264
468 1876
469 1109
469 2040
470 476
470 1130
470 1422
470 1511
470 1530
470 1533
470 1785
471 837
472 1144
472 1443
472 1632
472 1744
473 513
473 688
473 1370
473 1563
473 1924
474 749
474 1078
474 1364
474 1565
475 592
475 638
475 877
475 976
475 978
475 1285
476 500
476 553
476 780
476 945
476 994
476 1029
476 1137
476 1210
476 1449
476 2065
477 561
477 597
477 614
477 719
477 755
477 843
477 1009
477 1012
477 1161
478 565
478 776
479 543
479 688
479 1126
479 1129
479 1292
479 1667
479 1749
479 1807
479 2014
480 553
480 905
480 1061
480 1228
480 1344
480 1853
480 1863
480 2005
481 512
481 738
481 1580
481 1681
481 1908
482 680
482 696
482 805
482 998
482 1151
482 1313
482 1398
482 1587
483 728
483 853
483 955
483 1103
483 1314
484 650
484 939
484 1605
484 1799
485 516
485 674
485 995
485 1219
485 1751
485 1969
485 1974
487 642
487 707
487 716
487 825
487 867
487 1012
487 1230
487 1237
487 1347
488 949
488 1304
488 1657
488 1677
489 594
489 641
489 676
489 902
489 1384
490 568
490 629
490 748
490 806
490 933
490 1065
490 1108
490 1324
490 1414
490 1488
490 2016
491 550
491 591
491 1419
492 712
492 1077
492 1376
492 1424
492 1887
492 1934
493 581
493 1066
493 1176
493 1268
493 1331
493 1552
493 1572
493 1754
494 1202
494 1255
494 2025
495 677
495 903
495 966
495 1104
495 1244
495 1687
496 565
496 983
496 1131
496 1411
497 521
497 670
497 1476
497 2010
498 586
498 629
498 888
498 976
498 1211
498 1433
498 1788
499 636
499 898
499 1072
499 1152
499 1384
500 502
500 620
500 737
500 981
500 990
500 1445
500 1700
501 508
501 681
501 732
501 743
501 771
501 1178
501 1206
501 1544
502 554
502 595
502 633
502 794
502 1154
502 1427
503 2002
504 813
504 1488
504 1547
505 530
505 1026
505 1086
505 1358
505 1968
506 1000
506 1130
506 1475
507 511
507 569
507 584
507 1281
507 1444
507 1523
507 1620
507 1782
507 1806
507 1833
508 776
508 805
508 1117
508 1815
509 955
509 1360
509 1849
511 790
511 872
511 881
511 1454
512 538
512 800
512 955
512 1041
512 1209
512 1772
512 1782
514 552
514 664
514 672
514 754
514 875
514 996
514 1343
514 1555
514 1756
514 1763
514 1789
514 1795
514 1812
514 1857
515 519
515 540
515 905
515 1126
515 1301
515 1440
515 1493
516 594
516 1394
517 1212
517 1442
517 1489
517 1707
518 597
518 1406
518 1616
519 1448
519 2020
520 1072
520 1984
521 548
521 656
521 673
521 766
521 900
521 1111
521 1224
521 1849
521 1867
522 800
522 816
522 857
522 926
522 1561
522 1712
522 2059
523 576
523 1049
523 1500
523 1602
523 1723
523 2021
523 2030
524 551
524 772
524 889
524 1145
524 1996
524 2018
525 627
525 662
525 663
525 744
525 782
525 813
525 833
525 869
525 1008
525 1133
525 1147
525 1183
525 1376
525 1462
525 1479
525 1497
525 1511
525 1654
525 1786
525 2059
526 820
526 977
526 984
526 992
527 556
527 611
527 717
527 795
527 863
527 904
527 1122
527 1152
527 1275
527 1794
528 662
528 780
528 877
528 1255
529 892
530 1061
530 1084
530 1238
530 1456
530 1830
530 1942
530 2024
531 861
531 1581
531 1609
532 562
532 707
532 758
532 1333
532 1370
532 1718
533 731
533 812
533 838
533 988
533 1071
533 1121
533 1181
533 1659
534 1150
534 1324
534 1330
534 1518
534 1519
535 675
535 931
535 947
535 1150
535 1269
535 1726
536 537
536 576
536 587
536 974
536 1175
536 1191
536 1692
536 1719
536 1798
536 1969
537 726
537 1520
537 2013
538 677
538 767
538 894
538 943
538 946
538 1151
538 1154
538 1299
538 1470
538 1587
538 1731
538 1914
538 1936
539 723
539 882
539 889
539 1367
540 756
540 897
540 974
540 1820
541 735
541 1283
541 1310
542 862
542 1493
543 742
543 1004
543 1443
544 551
544 552
544 660
544 1172
544 1199
544 1549
544 1591
544 2051
545 618
545 960
545 1177
545 1375
545 1460
546 874
546 1009
547 711
547 1079
547 1114
547 1301
547 1491
547 2011
548 902
548 1073
548 1199
548 1278
548 1427
548 1482
548 1607
548 1994
549 1057
550 1195
550 1985
552 919
553 1746
553 1772
554 595
554 913
554 1008
554 1321
554 1528
554 1554
554 1887
554 1939
555 557
555 1113
555 1190
556 842
556 1197
556 1467
556 2006
557 715
557 881
557 1028
557 1085
557 1112
557 2055
558 586
558 587
558 906
558 940
558 966
558 1007
558 1201
558 1242
558 1396
558 1634
558 1843
558 2058
559 619
559 1224
559 1275
560 574
560 658
560 696
560 831
560 1686
561 609
561 1726
562 771
562 1371
562 1486
562 1727
563 652
563 1043
564 1125
565 655
565 737
565 844
565 1311
565 1906
565 2071
567 609
567 1553
567 1584
567 1823
568 658
568 659
568 738
568 891
568 1214
568 1457
568 1568
568 2042
569 715
569 907
569 1763
570 893
570 1173
570 1405
571 574
571 811
571 823
571 1131
571 1186
571 1245
571 1880
571 1907
572 592
572 649
572 695
572 723
572 768
572 1393
572 1568
572 1725
572 1805
572 1844
573 1039
573 1898
573 1982
574 1055
574 1606
574 1690
575 741
575 1106
575 1366
575 1552
575 1661
575 1729
576 899
576 1065
576 1617
577 629
577 854
577 934
577 980
577 1063
577 1250
577 1501
577 1539
577 1896
578 612
578 742
578 809
578 928
578 1216
579 674
579 1051
579 1076
579 1261
579 1644
579 1786
579 1863
580 679
580 882
580 1220
581 635
581 1273
582 659
582 691
582 743
582 827
582 1757
583 689
583 910
583 1288
583 1373
583 1469
583 1642
583 1847
583 1999
584 1361
584 1903
585 616
585 766
585 855
585 1690
585 1933
585 1941
586 810
587 625
587 691
587 861
587 1142
587 1206
587 1389
587 1899
587 2023
588 774
588 1303
588 1359
589 1138
589 1216
589 2009
589 2017
590 622
590 653
590 655
590 761
590 767
590 917
590 966
590 976
590 1211
590 1214
590 1217
590 1218
590 1622
591 817
591 1028
591 1480
592 768
592 925
592 1136
592 1200
592 1259
592 1603
593 674
593 754
593 795
593 880
593 1059
593 1068
593 1410
593 1624
593 1874
594 1330
595 601
595 704
595 759
595 1021
595 1336
596 823
596 1195
596 1404
596 1519
596 1926
597 694
597 718
597 881
597 1053
597 1218
597 1219
597 1439
597 1476
598 1144
598 1186
598 1245
598 1366
598 1374
599 1347
599 1841
600 1232
600 1850
601 641
601 690
601 1241
601 1934
602 1056
602 1161
602 1196
602 1416
603 793
603 1967
604 1046
604 1090
604 1213
604 1329
604 1676
604 2061
605 711
605 717
605 1149
606 1538
606 1612
606 1794
607 922
607 1000
607 1586
608 776
608 1025
608 1825
610 852
610 1146
610 1193
610 1332
610 1338
610 1500
610 1573
610 1635
610 1978
610 2064
611 1592
612 626
612 846
612 871
612 1132
612 1170
612 1199
612 1208
612 1285
612 1309
612 1432
612 1462
612 1589
612 1792
615 681
615 1566
615 1971
616 661
616 1042
616 1101
616 1116
616 1291
616 1459
616 1592
616 1938
616 1967
617 1629
617 1656
617 1670
618 711
618 945
618 1368
618 1519
618 1715
618 1837
619 642
619 681
619 804
619 1090
619 1944
620 731
620 1414
620 1980
621 725
621 878
621 1255
622 669
622 905
622 909
622 1072
622 1274
622 1300
622 1304
622 1385
622 1599
622 1674
622 2020
623 859
623 929
623 1436
623 1456
623 1495
623 1664
624 708
624 784
624 910
624 1384
624 1956
625 673
625 1956
625 2008
626 1816
627 828
627 1291
627 1296
627 1730
627 1759
628 1405
628 1700
628 1788
628 1971
629 751
629 876
629 1016
629 1030
629 1187
629 1813
629 1850
630 918
630 1505
632 804
632 892
632 1527
632 1820
632 2035
633 641
633 1580
634 1554
634 1601
635 645
635 747
635 1208
635 1255
635 1534
636 1899
637 1309
637 1352
637 1425
637 1865
638 872
638 946
638 979
638 1020
638 1192
638 1226
638 1372
638 1429
638 1491
638 1812
639 709
639 1535
639 1965
640 669
640 929
640 1082
640 1208
640 1225
640 1242
640 1645
640 1729
640 1738
640 1757
642 821
642 1109
642 1649
643 810
643 918
643 1398
643 1881
643 1970
644 900
644 1036
644 1311
644 1517
644 1773
645 906
645 984
645 1573
645 1644
645 1897
646 704
646 745
646 898
646 1458
646 1467
647 831
647 1222
647 1382
647 1434
647 1499
648 665
648 724
648 815
648 835
648 899
648 912
648 1094
648 1163
648 1192
648 1267
648 1367
648 1591
648 1990
650 651
650 767
650 1137
650 1287
650 2008
651 1102
652 947
652 1149
652 1448
652 1768
653 1266
653 1814
653 1962
653 2071
654 842
654 2058
655 682
655 736
655 914
655 1032
655 1285
655 1409
655 1538
655 1673
655 1996
656 923
656 1070
657 1363
658 858
658 1839
659 774
659 890
659 1717
659 1850
660 1605
660 1723
660 2048
661 719
661 768
661 1139
662 758
662 820
662 847
662 1121
663 675
663 1170
663 1499
663 1741
664 1325
664 1669
664 1739
665 797
665 1983
667 808
667 1017
667 1314
668 828
668 1167
668 1185
668 1602
669 748
670 1203
670 1504
671 774
671 1012
671 1430
672 1486
672 1551
673 759
673 902
673 971
673 1695
674 1060
674 1067
675 1174
676 1044
676 1871
676 1927
677 1104
677 1921
678 1875
679 1597
680 847
680 929
680 1742
680 1791
680 1995
681 959
682 971
682 1422
683 825
683 1213
683 1379
683 1531
683 1615
684 703
684 1070
684 1118
684 1155
684 1790
685 792
685 1274
685 1307
685 1331
685 1332
685 1488
685 1691
686 811
686 889
686 952
686 1312
686 1528
686 1593
686 1714
686 1830
686 1997
687 1018
687 1023
687 1231
687 1995
688 707
688 916
688 1094
688 1406
688 1509
688 1538
688 1659
688 1716
688 1824
688 1885
689 1374
689 1987
690 1840
691 760
691 808
691 1208
691 1263
691 1333
692 777
692 824
692 1231
692 1495
692 1786
693 1015
693 1561
694 700
694 717
694 785
694 1580
694 1669
694 1964
695 831
695 1925
696 897
696 1382
696 1649
696 1668
696 1916
696 1930
696 2033
696 2078
697 836
698 701
698 741
698 1137
698 1785
700 1354
701 1593
701 1937
702 1082
702 1383
702 1940
703 1005
703 1365
703 1438
703 1819
704 743
704 1011
704 1503
704 1834
705 1404
705 1415
705 1962
706 788
706 1615
707 739
707 1411
707 1749
708 893
708 963
708 1336
708 1689
709 908
709 964
709 1069
709 1502
709 1804
709 1828
710 851
710 868
710 1211
710 1287
710 1327
710 1830
711 852
711 887
711 971
711 1506
711 1618
711 1709
711 1902
712 942
713 855
713 1433
713 1445
713 2046
714 820
714 1878
715 829
715 1044
715 1834
716 1051
717 854
717 1882
718 1425
718 1958
720 950
720 1838
721 766
721 786
721 1694
721 1859
722 939
722 1185
722 1252
722 1470
722 1471
722 1784
722 2017
723 807
724 993
724 1131
724 1779
724 1901
725 849
725 994
725 1110
725 1478
726 744
726 982
726 1742
726 1745
726 1822
727 1032
727 1842
728 1092
728 1132
728 1579
728 1933
729 1056
729 1324
730 797
730 1191
730 1529
730 1743
730 2040
731 919
731 1304
731 1358
732 1027
732 1994
733 884
733 1738
733 1998
734 1575
734 1734
735 1096
735 1530
736 1017
736 1186
736 1413
736 1600
737 1058
739 1016
739 1928
740 928
740 1130
740 1264
740 1383
740 2041
741 794
741 1191
741 1219
741 1918
742 1132
742 1202
742 1703
742 1862
742 1997
743 1262
743 1808
744 796
744 876
744 926
744 1337
744 1357
744 1368
745 982
745 1280
745 1724
746 791
746 943
746 1314
746 1458
746 1694
747 1523
747 1753
748 774
748 898
748 906
748 1248
748 1444
748 1714
748 1840
749 782
749 1809
750 1623
751 1265
751 1976
752 833
752 868
752 1851
753 1023
753 1254
753 1325
753 1667
754 937
754 1581
754 1978
755 1752
756 772
756 781
756 826
756 945
756 970
756 1207
756 1308
756 1495
756 1769
756 1945
757 797
757 840
757 1540
758 935
758 1125
758 1155
758 1186
758 1309
758 1693
758 1877
758 1918
759 1123
759 1134
759 1331
759 1794
760 807
760 1064
760 1308
761 956
761 1266
761 1278
761 1351
761 1435
761 1593
761 1801
762 770
763 1082
763 1154
763 1487
763 1850
763 1976
763 2039
764 1372
764 1683
765 811
765 956
765 1523
765 1807
766 2052
767 1690
768 1139
768 1465
768 2018
769 888
769 1260
769 1556
770 922
770 1558
770 1586
770 1638
770 1669
770 1859
770 1866
770 1888
771 835
772 1028
772 1134
772 1248
773 815
773 1127
773 1188
774 985
774 1076
774 1404
774 1676
775 801
775 843
775 968
775 1345
775 1708
776 1197
776 1318
776 1791
777 1068
777 1192
777 1573
777 1762
778 830
778 1071
778 1164
778 1369
778 1451
778 1526
778 1718
778 1973
779 1159
779 1267
779 1518
779 1993
780 1976
781 1438
781 1552
782 891
782 950
782 1013
782 1138
782 1266
783 1136
783 1306
783 1401
783 1962
784 798
784 949
784 1503
784 1952
785 1675
786 1634
786 1949
787 852
787 1198
788 824
788 869
788 1082
788 1177
788 1380
789 1307
789 1567
789 1909
790 1224
790 1288
790 1423
790 1902
791 1968
792 941
792 1212
793 903
793 1558
794 1687
794 1703
796 872
796 2025
797 858
797 935
797 1196
797 1575
799 951
799 1002
799 1581
799 1624
799 1867
799 1897
800 866
800 1421
800 1430
800 1591
800 1774
800 1965
801 872
802 807
802 2061
803 856
803 857
803 1077
803 1534
804 1490
804 1738
805 1158
805 1348
805 1424
805 1808
806 1139
806 1387
806 1484
806 1869
807 999
807 1136
807 1429
807 1907
808 1222
808 1765
809 1428
810 828
810 918
810 1262
810 1264
810 1452
810 1841
811 1091
812 1475
812 1585
813 978
813 1294
814 979
814 1098
814 1243
814 1472
814 1546
814 1659
814 1894
814 2003
814 2051
815 1383
816 1279
816 1316
817 1069
817 1900
817 2045
818 874
818 1001
818 1030
818 1110
818 1184
818 1317
818 1387
818 1415
818 1524
818 1742
818 1806
818 2008
818 2049
820 887
820 973
820 1315
821 887
821 1204
821 1230
821 1417
821 1540
821 1746
821 2002
822 1060
823 879
823 946
823 1007
823 1680
823 1814
824 865
824 1089
824 1157
824 1539
824 1571
825 847
825 1723
825 1740
827 1270
827 1344
827 1583
827 1620
829 1040
829 1141
829 1286
829 1986
830 982
830 990
830 1116
830 1403
830 2056
831 1896
832 1747
833 1305
833 1612
833 1821
833 1921
837 1092
838 1722
839 1064
839 1682
839 1772
840 923
840 1135
840 1340
840 1706
843 889
843 999
843 1099
843 1371
843 1717
845 1867
846 1956
848 1190
849 1267
849 1405
850 1263
850 1286
850 1831
851 973
851 1348
851 1900
852 1052
852 1178
852 1273
852 1652
852 1704
852 1946
853 882
853 915
853 1111
853 1483
853 1527
853 1742
853 1799
853 2012
854 1565
854 1984
856 1124
856 1257
856 1409
856 1553
856 1805
859 1139
860 1159
861 1239
861 1529
862 1210
862 2046
863 1284
863 1678
863 1875
864 1113
864 1239
864 1448
864 1556
864 1821
865 1178
866 1114
866 1334
866 1528
866 1869
868 1311
868 1388
868 1430
868 1609
868 1995
868 2054
869 944
869 1617
869 2047
870 1290
870 1479
871 873
871 1391
871 1564
871 1845
871 1943
872 901
872 954
872 1014
872 1950
873 1078
873 1081
873 1778
873 1825
874 992
874 1064
875 1166
876 937
876 1315
876 1735
877 956
877 1226
878 915
878 1130
878 1364
878 1453
878 1462
878 1505
878 1576
878 1605
878 1636
878 1730
878 1842
878 1874
878 1979
878 2077
879 1088
879 1174
879 1617
879 1931
879 2038
880 1449
882 926
882 1984
883 922
883 969
883 1030
883 1452
883 1507
883 1642
883 1844
884 1019
884 1838
884 1927
884 2013
885 1031
885 1243
885 1390
885 1493
885 2001
885 2043
886 1282
886 1683
888 1147
888 1766
889 974
889 1305
889 1342
889 1506
889 1519
890 1162
890 1442
891 969
891 1387
891 1631
892 1230
892 1362
892 1828
893 1905
894 1128
895 1396
895 1514
896 1846
897 1357
897 1822
898 1213
898 1250
898 2031
898 2073
901 1097
901 1133
901 1505
901 1736
901 2075
902 1457
902 1622
902 1982
902 1989
903 1255
903 1300
903 1421
904 1342
904 1646
905 1294
906 986
906 1443
906 1578
906 1972
907 1397
907 2073
908 1436
908 1559
909 1862
910 1078
910 1610
911 1136
911 1678
911 1796
912 917
912 1810
913 1135
913 1501
913 1709
913 1785
915 1104
915 1418
916 1020
916 1264
916 1360
916 1705
916 1767
917 1630
917 1878
917 1954
918 1257
918 1372
918 1392
919 1838
920 1604
920 1806
921 1300
921 1519
921 2055
922 1037
922 1407
922 1986
923 969
924 1983
925 1491
925 1504
925 1799
925 1900
926 2038
928 1650
928 1759
928 1829
929 989
929 1076
929 1090
929 1108
929 1510
929 1538
929 1779
929 2011
930 1135
930 1271
930 1296
930 1909
930 2004
931 1449
931 1537
931 1787
931 1871
931 1966
932 1092
932 1676
933 1923
935 1365
935 1459
935 1598
935 1795
936 988
937 1601
937 1992
938 1035
938 1117
938 1245
938 1327
938 1476
940 1114
940 1461
940 1765
940 1851
941 1289
942 1240
943 1033
943 1410
943 1849
945 1303
945 1683
946 1381
946 2056
947 1014
947 1183
947 1467
947 1849
948 1939
949 951
949 1835
949 2024
950 1989
951 1490
952 1006
952 1038
952 1277
952 1378
952 1749
952 1930
952 1954
953 1419
955 1020
956 1362
957 989
957 1110
957 1918
960 1318
960 1404
960 1870
960 1932
961 1212
961 1405
963 1175
963 1524
963 1567
964 1046
964 1197
964 1340
964 1408
965 1044
965 1099
965 1481
965 1715
966 1215
966 1247
966 1441
967 1143
967 1385
967 1475
967 1544
970 1241
970 1694
970 1819
970 1917
970 2074
971 1021
971 1768
972 1329
972 1963
973 999
973 1057
973 1447
973 1676
974 1200
974 1552
974 1635
974 2019
977 1339
977 1616
977 1619
977 1810
977 2068
978 1413
979 1389
980 1194
980 1363
981 1911
981 2047
982 1188
982 1244
982 1325
982 1684
982 1817
982 1848
983 1043
983 1101
983 1221
983 1665
984 1049
984 1428
984 1786
984 1820
985 1284
985 1368
985 1823
987 1310
988 1010
988 1220
988 1914
990 1036
990 1832
992 1707
992 1815
992 1901
994 1033
994 1682
995 1065
995 1393
996 1274
996 1443
997 1019
997 1133
997 1173
997 1401
997 1480
998 1068
998 1700
998 1714
999 1093
1000 1343
1000 1804
1000 1810
1001 1508
1001 1686
1001 1783
1002 1269
1002 1396
1002 1693
1002 1764
1002 1930
1003 1257
1003 1443
1003 1520
1003 1964
1004 1163
1005 1008
1005 1243
1005 1385
1005 1468
1005 1911
1005 1975
1005 2037
1005 2074
1006 2040
1007 1193
1008 1326
1008 1459
1008 1460
1009 1187
1009 1447
1009 1882
1009 2026
1010 1798
1011 1031
1011 1375
1011 1599
1011 1701
1011 1864
1012 1222
1012 1314
1012 1400
1012 1486
1012 1772
1012 1781
1012 1926
1012 1941
1012 2015
1012 2037
1013 1447
1013 1701
1014 1117
1014 1370
1014 1466
1014 1625
1014 2064
1015 1262
1015 1357
1015 1592
1015 1868
1015 2009
1016 1410
1016 2062
1016 2077
1017 1066
1018 1085
1018 1750
1018 2005
1019 1024
1019 1194
1019 1408
1019 1597
1019 1946
1019 1972
1020 1167
1020 1919
1021 1215
1022 1050
1022 1136
1022 1160
1022 1709
1023 1358
1024 1341
1024 1413
1024 1872
1025 1558
1026 1163
1030 1035
1031 1316
1031 1579
1033 1517
1033 1623
1033 1651
1035 1123
1035 1238
1036 2078
1037 1100
1037 1126
1037 1782
1038 1199
1038 1477
1038 1541
1038 1783
1039 1074
1039 1227
1039 1601
1040 1375
1040 1594
1041 1288
1044 1081
1044 1345
1044 1432
1044 1472
1044 1957
1046 1291
1047 1285
1047 1503
1048 1679
1048 1696
1049 1482
1049 1890
1049 1985
1052 1308
1053 1073
1053 1125
1053 1607
1053 1817
1053 1977
1053 2007
1054 1055
1054 1089
1054 1513
1054 1577
1055 1968
1056 1160
1056 1268
1056 1472
1057 1175
1057 1590
1057 1754
1057 1863
1057 1888
1058 1075
1058 1365
1058 1779
1058 1917
1059 1887
1060 1103
1060 1662
1060 2059
1061 2003
1061 2010
1061 2023
1062 1468
1062 1828
1063 1560
1063 1821
1063 1870
1063 2067
1064 1490
1065 1498
1065 1652
1066 1249
1066 1913
1066 2036
1067 1817
1067 2078
1068 2069
1069 1541
1069 1559
1070 1090
1070 1855
1071 1178
1071 1890
1071 1943
1072 1618
1074 1283
1074 1530
1074 1853
1074 1969
1075 1453
1075 1774
1076 1150
1076 1179
1076 1327
1076 1378
1076 1433
1076 1815
1076 2049
1077 1418
1077 1630
1078 1762
1079 1269
1079 1381
1079 1495
1079 1583
1079 1699
1079 1800
1079 1940
1079 2034
1080 1747
1080 1889
1081 1251
1082 1437
1082 1515
1085 1090
1085 1101
1085 1165
1085 1574
1085 1713
1086 1358
1086 1584
1087 1393
1087 1499
1088 1632
1089 1268
1090 1549
1090 1737
1091 1184
1092 1517
1092 1566
1093 1512
1095 1153
1097 1336
1097 1367
1097 1437
1097 1518
1097 1889
1098 1752
1099 1297
1100 1276
1100 1532
1101 1419
1101 1586
1101 1854
1101 1929
1102 1668
1102 1865
1103 1559
1104 1307
1107 1158
1107 1339
1107 1394
1107 1974
1109 1205
1109 1563
1110 1116
1110 1442
1110 1661
1111 1189
1112 1113
1112 1124
1113 1601
1114 1250
1115 1491
1115 1602
1116 1782
1116 1822
1116 1825
1116 1914
1117 1184
1117 1995
1118 1137
1118 1297
1118 1418
1118 1784
1120 2029
1121 1145
1121 1399
1121 1402
1122 1332
1124 1939
1125 1143
1125 1396
1126 1605
1126 1906
1127 1169
1127 1229
1127 1312
1128 1964
1130 1394
1130 1788
1130 2049
1131 1292
1131 1887
1134 1332
1134 1335
1134 1991
1135 1214
1136 1494
1136 1988
1138 1883
1139 1916
1141 1346
1141 1492
1141 1586
1141 1826
1141 1827
1141 1997
1142 1162
1142 1468
1143 1292
1143 1430
1143 1543
1143 2064
1144 1477
1144 1939
1145 1612
1146 1277
1146 1496
1146 1761
1147 1292
1148 1386
1148 1504
1152 1615
1153 1673
1153 1771
1154 1206
1155 1209
1155 1634
1156 1533
1156 1685
1157 1453
1157 1475
1157 1560
1157 1672
1157 1931
1158 1455
1158 1554
1158 2057
1160 1315
1160 1515
1160 2014
1161 1935
1161 1976
1162 1377
1162 1389
1163 1671
1164 1233
1165 1237
1165 1506
1166 1314
1167 1392
1167 1705
1168 1454
1168 1818
1169 1193
1169 1807
1171 1780
1172 1312
1172 1359
1172 1625
1172 1719
1173 1836
1173 1870
1174 1803
1176 1202
1176 1310
1176 1993
1177 1391
1178 1919
1179 1494
1179 1516
1180 1742
1180 1820
1180 1847
1180 1908
1181 1955
1182 1690
1184 1374
1184 1507
1184 1711
1184 1791
1187 1252
1187 1530
1187 1815
1188 1319
1188 1802
1189 1958
1189 1974
1190 1589
1192 1533
1192 1763
1192 1970
1195 1515
1195 1562
1195 2021
1197 1395
1197 2035
1198 1209
1198 1306
1198 1370
1198 1695
1198 2062
1199 1936
1199 1961
1200 1571
1201 1317
1201 1760
1201 1979
1202 1422
1202 1641
1203 1810
1204 1729
1204 1777
1204 2035
1206 1362
1206 1413
1206 2027
1207 1789
1207 1848
1208 1322
1208 1570
1209 1679
1210 1216
1210 1335
1211 1927
1214 1434
1215 1623
1217 1346
1217 1610
1217 1767
1222 1256
1222 1516
1222 1931
1223 1562
1224 1329
1226 1278
1226 1869
1226 1988
1227 1481
1228 1905
1229 1280
1229 1485
1229 1689
1229 1758
1231 1272
1231 1478
1231 1586
1232 1388
1232 1621
1232 1770
1233 1555
1233 2052
1234 1324
1234 1333
1234 1775
1235 1299
1236 1646
1236 1732
1236 1814
1236 1891
1237 1471
1237 1515
1237 1640
1238 1559
1239 2024
1241 1677
1241 2031
1242 1637
1242 1696
1242 1803
1243 1317
1243 1871
1244 1959
1245 1291
1247 1627
1247 1686
1248 1483
1248 1736
1249 1326
1249 2037
1250 1263
1250 1754
1250 1768
1250 1924
1250 2019
1252 1577
1253 1340
1253 1958
1254 1553
1254 1711
1254 1721
1255 1433
1257 1275
1257 1476
1257 2066
1259 1349
1259 1359
1259 1857
1260 1535
1260 1748
1260 1842
1261 1353
1261 2026
1262 1335
1262 1411
1262 1793
1262 1882
1263 1265
1263 1400
1264 1920
1265 1340
1265 1973
1265 2010
1266 1369
1267 1643
1267 1688
1267 1761
1267 2015
1268 1351
1268 1381
1270 1981
1271 1437
1271 1466
1273 1503
1273 1516
1273 1643
1273 1715
1274 1430
1274 1804
1274 2059
1275 1367
1275 1429
1275 1600
1275 1716
1276 1398
1277 1501
1277 1768
1280 1294
1280 1474
1282 1716
1282 1775
1283 1697
1284 1509
1285 1448
1285 1611
1288 1648
1288 1835
1292 1567
1292 1825
1292 1872
1293 1575
1293 1920
1296 1904
1297 1741
1298 1458
1299 2023
1300 1857
1302 1500
1305 1703
1305 1815
1306 1891
1306 1913
1308 1727
1308 1884
1310 1550
1310 1926
1311 1388
1311 1603
1311 1688
1312 1377
1312 1740
1314 1655
1314 1751
1314 2069
1316 1360
1316 1588
1316 1947
1317 1370
1317 1493
1317 1626
1317 1781
1318 1552
1318 2000
1321 1427
1321 1452
1321 1947
1321 1961
1321 2042
1322 1328
1325 1345
1325 1599
1325 1800
1325 2052
1326 1609
1328 1843
1330 1431
1332 1569
1333 1551
1334 1748
1335 2014
1336 1548
1341 1651
1341 1793
1341 1813
1343 1432
1343 1767
1343 1891
1345 1539
1345 1627
1345 1875
1346 2013
1348 1628
1348 2073
1350 1809
1350 1839
1351 1624
1352 1700
1356 2009
1358 1411
1359 1730
1359 1910
1360 1390
1361 1746
1362 1971
1363 1544
1363 1640
1363 2028
1364 1675
1365 1687
1365 1990
1366 1723
1367 1684
1372 1375
1373 1671
1375 1648
1380 1905
1382 1574
1383 1658
1383 1929
1385 1505
1385 1603
1386 1509
1386 1913
1387 1434
1387 2058
1389 1585
1389 1744
1389 2042
1390 1629
1391 1542
1392 1435
1394 1910
1395 1400
1396 1648
1400 1668
1401 1480
1401 1547
1401 1711
1401 1844
1401 1975
1401 2026
1405 1736
1405 1791
1408 1584
1410 1512
1411 1923
1414 1818
1415 1570
1417 1465
1417 1726
1417 1779
1417 2041
1418 2004
1419 2006
1420 1635
1422 1555
1423 1526
1423 1538
1424 1508
1424 1587
1424 1937
1425 2016
1426 1614
1426 1861
1426 2053
1430 1811
1433 1800
1436 1879
1437 1893
1438 1675
1442 1529
1442 1790
1443 1644
1444 1630
1448 2030
1449 1766
1449 1818
1449 1954
1450 1666
1451 1517
1451 1679
1451 2021
1452 1566
1452 1710
1454 1494
1458 1948
1460 1640
1460 1750
1461 1896
1463 1563
1463 1595
1465 1871
1466 1990
1467 1856
1467 2014
1468 1629
1468 1656
1474 1863
1475 1522
1476 1555
1478 1974
1479 1893
1482 1510
1482 1606
1484 1932
1486 1836
1486 1998
1488 1661
1488 1733
1488 1998
1489 1504
1489 1622
1489 1730
1489 1754
1490 1636
1490 1686
1490 1690
1491 1565
1491 1650
1491 1840
1491 1869
1491 1966
1491 1996
1493 1845
1494 1674
1494 1722
1494 1918
1494 2028
1495 1945
1499 1502
1499 2068
1500 1513
1500 1684
1501 1629
1505 1597
1508 1784
1511 1685
1512 2058
1513 1522
1514 1633
1517 1654
1518 1970
1520 1753
1520 1851
1522 1616
1524 1911
1524 1970
1524 2073
1526 1658
1529 1590
1530 1745
1530 1836
1531 1542
1531 1656
1531 1792
1532 1808
1534 1797
1537 1855
1542 1795
1542 1965
1544 1988
1546 1738
1546 1802
1546 1901
1546 1903
1546 2054
1549 1588
1549 1916
1552 1858
1552 1968
1553 2026
1554 1570
1556 1747
1556 1889
1556 1937
1560 2020
1564 1716
1564 1736
1564 1818
1565 1893
1566 1728
1566 2050
1567 2015
1570 1915
1571 1621
1571 1628
1573 1683
1575 1649
1581 1777
1581 1898
1582 1930
1583 1705
1583 1983
1584 1759
1587 1666
1587 1882
1588 1620
1589 2044
1596 1653
1596 2052
1598 1619
1598 1664
1598 1965
1600 1609
1601 1604
1603 1634
1606 1828
1608 1960
1608 2076
1611 1726
1617 1873
1618 1702
1620 1775
1621 2063
1622 1903
1624 1654
1625 1933
1625 1991
1626 2002
1627 1628
1632 1843
1634 1669
1640 1765
1648 1731
1649 1959
1652 1755
1652 1925
1655 1702
1659 1725
1659 1734
1659 2070
1660 1795
1660 1975
1662 1772
1665 1913
1665 1916
1668 1860
1669 2057
1670 1757
1672 1710
1673 2007
1676 1693
1679 1798
1680 1780
1681 1735
1682 1737
1682 1876
1682 1973
1682 2010
1686 1970
1687 2054
1689 1784
1696 1859
1697 1933
1697 1948
1702 2004
1703 1725
1705 2076
1706 2007
1707 2036
1710 1869
1710 1890
1711 1841
1711 1986
1713 1996
1715 2047
1717 1764
1717 1928
1717 2049
1718 1757
1719 1908
1719 2031
1720 1881
1720 1886
1725 1993
1727 1805
1728 1963
1730 1885
1730 2037
1732 1892
1740 2004
1740 2032
1740 2057
1742 1935
1743 1796
1744 2042
1748 1755
1751 1920
1751 1927
1751 1978
1753 1863
1756 1937
1757 1836
1757 1981
1759 1981
1760 1821
1760 1992
1761 1894
1762 2033
1763 1852
1766 1898
1769 1832
1772 1929
1774 1941
1781 1797
1781 1816
1781 1852
1781 1949
1781 2064
1786 1988
1787 1935
1789 2056
1789 2067
1790 1967
1791 1817
1806 1985
1819 1952
1825 1938
1828 2039
1831 2026
1835 2029
1836 2055
1840 1852
1847 1929
1850 1861
1852 2034
1856 2071
1858 1940
1869 1961
1871 2055
1876 2022
1878 2012
1880 2068
1884 2069
1886 1892
1886 1962
1893 2001
1893 2057
1901 1975
1908 2025
1912 2012
1918 1989
1922 2030
1933 1948
1933 2060
1949 2067
1955 2017
1955 2033
1956 2025
1979 2025
1981 2044
1991 2051
1995 2072
1998 2070
2011 2036
2048 2054
