0 1
0 2
0 3
0 4
0 5
0 6
0 7
0 8
0 9
0 10
0 12
0 14
0 17
0 20
0 21
0 22
0 23
0 25
0 28
0 35
0 37
0 40
0 44
0 45
0 56
0 68
0 76
0 87
0 95
0 106
0 117
0 122
0 124
0 129
0 139
0 141
0 147
0 155
0 157
0 162
0 200
0 201
0 203
0 214
0 229
0 248
0 251
0 260
0 264
0 266
0 271
0 316
0 325
0 328
0 332
0 347
0 357
0 374
0 377
0 381
0 387
0 403
0 411
0 435
0 466
0 478
0 485
0 496
0 546
0 586
0 598
0 600
0 601
0 603
0 610
0 614
0 615
0 624
0 630
0 644
0 653
0 661
0 666
0 675
0 685
0 712
0 719
0 723
0 726
0 733
0 741
0 747
0 755
0 782
0 802
0 823
0 864
0 873
0 876
0 884
0 889
0 917
0 920
0 929
0 930
0 942
0 947
0 987
0 994
0 1003
0 1083
0 1115
0 1133
0 1198
0 1207
0 1211
0 1257
0 1293
0 1313
0 1324
0 1332
0 1341
0 1402
0 1419
0 1423
0 1437
0 1467
0 1473
0 1486
0 1535
0 1552
0 1558
0 1568
0 1576
0 1643
0 1654
0 1675
0 1730
0 1786
0 1804
0 1845
0 1937
1 13
1 31
1 52
1 757
1 1303
1 1642
2 6
2 7
2 8
2 10
2 11
2 13
2 16
2 29
2 33
2 38
2 40
2 42
2 48
2 50
2 57
2 63
2 107
2 109
2 115
2 133
2 134
2 137
2 151
2 172
2 175
2 182
2 184
2 192
2 226
2 238
2 255
2 276
2 280
2 316
2 327
2 332
2 340
2 351
2 356
2 389
2 398
2 427
2 436
2 448
2 471
2 484
2 491
2 512
2 546
2 604
2 605
2 613
2 625
2 628
2 650
2 665
2 679
2 687
2 730
2 736
2 760
2 775
2 792
2 794
2 795
2 845
2 881
2 900
2 974
2 1011
2 1030
2 1070
2 1075
2 1076
2 1091
2 1170
2 1194
2 1234
2 1270
2 1278
2 1314
2 1365
2 1423
2 1564
2 1595
2 1629
2 1653
2 1670
2 1678
2 1694
2 1735
2 1952
2 1954
2 1958
3 6
3 7
3 8
3 10
3 15
3 16
3 17
3 26
3 29
3 34
3 36
3 37
3 54
3 61
3 63
3 69
3 70
3 77
3 79
3 87
3 89
3 94
3 99
3 149
3 150
3 151
3 171
3 183
3 203
3 206
3 228
3 245
3 246
3 260
3 265
3 279
3 310
3 357
3 407
3 424
3 425
3 431
3 459
3 460
3 474
3 511
3 524
3 525
3 535
3 577
3 578
3 587
3 674
3 683
3 736
3 769
3 773
3 856
3 859
3 874
3 961
3 981
3 994
3 1021
3 1146
3 1183
3 1186
3 1187
3 1278
3 1283
3 1291
3 1300
3 1354
3 1403
3 1529
3 1564
3 1589
3 1661
3 1682
3 1712
3 1714
3 1722
3 1811
3 1831
3 1855
3 1887
3 1964
4 6
4 221
4 1215
4 1275
4 1349
4 1522
4 1747
4 1837
5 6
5 7
5 9
5 10
5 11
5 12
5 14
5 15
5 18
5 25
5 31
5 32
5 36
5 43
5 54
5 56
5 69
5 82
5 104
5 110
5 114
5 115
5 125
5 149
5 167
5 173
5 211
5 273
5 302
5 313
5 316
5 319
5 354
5 398
5 427
5 438
5 441
5 443
5 501
5 508
5 522
5 536
5 537
5 594
5 615
5 617
5 655
5 727
5 903
5 924
5 1046
5 1054
5 1068
5 1183
5 1212
5 1237
5 1369
5 1500
5 1553
5 1557
5 1608
5 1629
5 1634
5 1674
5 1746
5 1835
5 1878
5 1915
5 1922
5 1971
6 7
6 8
6 9
6 11
6 12
6 13
6 14
6 15
6 16
6 19
6 20
6 21
6 22
6 26
6 29
6 40
6 44
6 47
6 49
6 51
6 59
6 72
6 80
6 84
6 90
6 91
6 93
6 97
6 104
6 108
6 109
6 118
6 126
6 135
6 145
6 149
6 150
6 156
6 162
6 164
6 171
6 178
6 185
6 205
6 207
6 216
6 228
6 232
6 233
6 236
6 243
6 246
6 254
6 261
6 265
6 272
6 279
6 289
6 301
6 328
6 329
6 332
6 341
6 350
6 367
6 376
6 414
6 416
6 420
6 431
6 434
6 444
6 450
6 453
6 465
6 467
6 468
6 486
6 493
6 502
6 511
6 518
6 540
6 542
6 555
6 590
6 602
6 623
6 635
6 642
6 649
6 653
6 665
6 695
6 715
6 725
6 737
6 751
6 770
6 798
6 806
6 831
6 839
6 845
6 849
6 850
6 887
6 908
6 920
6 932
6 955
6 956
6 968
6 990
6 994
6 998
6 1003
6 1014
6 1018
6 1061
6 1073
6 1091
6 1106
6 1107
6 1172
6 1174
6 1185
6 1221
6 1237
6 1247
6 1264
6 1268
6 1275
6 1280
6 1312
6 1315
6 1336
6 1394
6 1404
6 1410
6 1437
6 1438
6 1447
6 1453
6 1467
6 1500
6 1511
6 1512
6 1560
6 1577
6 1631
6 1645
6 1655
6 1656
6 1669
6 1671
6 1680
6 1693
6 1729
6 1738
6 1742
6 1756
6 1758
6 1781
6 1799
6 1802
6 1805
6 1829
6 1841
6 1851
6 1852
6 1870
6 1873
6 1876
6 1924
6 1933
6 1949
6 1964
6 1965
6 1966
7 8
7 9
7 11
7 12
7 13
7 14
7 16
7 17
7 18
7 20
7 21
7 23
7 24
7 25
7 30
7 31
7 39
7 42
7 44
7 47
7 48
7 52
7 58
7 59
7 66
7 72
7 74
7 81
7 83
7 88
7 92
7 101
7 109
7 121
7 124
7 134
7 137
7 160
7 180
7 194
7 197
7 202
7 209
7 222
7 225
7 229
7 247
7 266
7 308
7 314
7 333
7 352
7 353
7 368
7 375
7 409
7 422
7 432
7 446
7 458
7 471
7 480
7 494
7 510
7 514
7 519
7 556
7 557
7 570
7 574
7 580
7 593
7 606
7 615
7 627
7 670
7 676
7 682
7 697
7 710
7 753
7 776
7 800
7 810
7 811
7 826
7 840
7 862
7 878
7 935
7 958
7 968
7 973
7 988
7 1010
7 1068
7 1102
7 1104
7 1111
7 1117
7 1120
7 1125
7 1133
7 1190
7 1236
7 1241
7 1271
7 1272
7 1283
7 1302
7 1321
7 1337
7 1419
7 1456
7 1506
7 1507
7 1542
7 1544
7 1558
7 1608
7 1650
7 1685
7 1764
7 1788
7 1793
7 1801
7 1822
7 1868
7 1900
7 1907
7 1922
7 1936
7 1943
7 1945
7 1956
8 9
8 10
8 11
8 12
8 14
8 15
8 18
8 19
8 26
8 28
8 33
8 38
8 43
8 44
8 45
8 47
8 53
8 54
8 55
8 56
8 61
8 64
8 70
8 73
8 75
8 82
8 84
8 86
8 91
8 103
8 110
8 112
8 114
8 117
8 118
8 119
8 121
8 125
8 129
8 148
8 153
8 180
8 183
8 208
8 217
8 219
8 226
8 230
8 233
8 238
8 242
8 262
8 270
8 271
8 290
8 300
8 304
8 312
8 313
8 321
8 326
8 327
8 333
8 334
8 336
8 337
8 348
8 350
8 366
8 367
8 379
8 393
8 395
8 404
8 416
8 420
8 422
8 423
8 424
8 439
8 452
8 455
8 468
8 489
8 495
8 497
8 520
8 525
8 527
8 550
8 565
8 568
8 586
8 593
8 610
8 646
8 654
8 672
8 676
8 692
8 708
8 709
8 719
8 745
8 767
8 768
8 769
8 790
8 803
8 810
8 852
8 853
8 854
8 884
8 889
8 896
8 901
8 944
8 949
8 952
8 1010
8 1035
8 1056
8 1072
8 1086
8 1103
8 1134
8 1155
8 1182
8 1263
8 1303
8 1379
8 1383
8 1400
8 1421
8 1478
8 1570
8 1582
8 1597
8 1601
8 1660
8 1682
8 1683
8 1691
8 1733
8 1743
8 1760
8 1766
8 1775
8 1781
8 1784
8 1806
8 1810
8 1819
8 1823
8 1857
8 1860
8 1892
8 1893
8 1904
8 1905
8 1907
8 1939
9 18
9 20
9 21
9 24
9 25
9 26
9 27
9 29
9 34
9 35
9 38
9 50
9 53
9 60
9 63
9 70
9 78
9 79
9 96
9 108
9 118
9 128
9 146
9 161
9 168
9 171
9 191
9 193
9 214
9 216
9 233
9 250
9 268
9 278
9 291
9 300
9 305
9 318
9 328
9 358
9 383
9 426
9 438
9 440
9 457
9 468
9 517
9 538
9 594
9 608
9 660
9 665
9 666
9 684
9 685
9 711
9 717
9 750
9 761
9 767
9 782
9 807
9 819
9 833
9 846
9 884
9 885
9 891
9 907
9 927
9 930
9 949
9 973
9 977
9 1031
9 1040
9 1078
9 1099
9 1110
9 1122
9 1135
9 1185
9 1220
9 1222
9 1232
9 1260
9 1298
9 1307
9 1383
9 1401
9 1537
9 1538
9 1584
9 1614
9 1641
9 1649
9 1712
9 1726
9 1805
9 1807
9 1815
9 1856
9 1857
9 1925
9 1934
10 13
10 15
10 39
10 41
10 43
10 46
10 55
10 58
10 61
10 73
10 80
10 86
10 103
10 111
10 114
10 120
10 140
10 153
10 157
10 163
10 196
10 222
10 223
10 273
10 292
10 304
10 338
10 373
10 420
10 423
10 447
10 448
10 463
10 494
10 500
10 540
10 564
10 565
10 589
10 620
10 629
10 641
10 656
10 724
10 726
10 729
10 741
10 780
10 796
10 821
10 837
10 841
10 900
10 908
10 1005
10 1011
10 1071
10 1155
10 1229
10 1270
10 1313
10 1391
10 1412
10 1416
10 1474
10 1530
10 1568
10 1761
11 17
11 19
11 22
11 27
11 30
11 36
11 51
11 67
11 68
11 71
11 80
11 99
11 100
11 113
11 117
11 124
11 230
11 245
11 251
11 252
11 253
11 262
11 290
11 295
11 298
11 301
11 318
11 322
11 355
11 359
11 431
11 523
11 535
11 539
11 581
11 595
11 622
11 625
11 642
11 690
11 771
11 811
11 830
11 831
11 848
11 863
11 872
11 878
11 975
11 1013
11 1051
11 1122
11 1125
11 1135
11 1268
11 1306
11 1318
11 1414
11 1462
11 1490
11 1501
11 1565
11 1615
11 1757
11 1770
11 1867
11 1902
11 1913
12 17
12 52
12 58
12 59
12 60
12 65
12 80
12 93
12 95
12 132
12 172
12 182
12 187
12 194
12 195
12 201
12 203
12 218
12 237
12 242
12 244
12 261
12 268
12 273
12 288
12 299
12 333
12 345
12 350
12 353
12 409
12 423
12 451
12 462
12 473
12 506
12 509
12 530
12 536
12 547
12 582
12 591
12 592
12 602
12 784
12 787
12 791
12 815
12 833
12 861
12 1014
12 1056
12 1086
12 1181
12 1190
12 1267
12 1363
12 1369
12 1388
12 1443
12 1598
12 1708
12 1729
12 1753
12 1798
12 1867
12 1958
12 1966
13 23
13 24
13 25
13 26
13 28
13 32
13 40
13 41
13 43
13 46
13 52
13 63
13 65
13 68
13 78
13 83
13 87
13 101
13 112
13 123
13 131
13 132
13 142
13 143
13 150
13 163
13 166
13 195
13 201
13 219
13 231
13 250
13 253
13 256
13 271
13 274
13 292
13 297
13 301
13 307
13 326
13 390
13 391
13 413
13 422
13 429
13 464
13 485
13 507
13 515
13 535
13 559
13 621
13 633
13 644
13 650
13 681
13 682
13 697
13 698
13 731
13 740
13 762
13 781
13 786
13 814
13 827
13 879
13 905
13 916
13 955
13 1004
13 1026
13 1045
13 1053
13 1055
13 1059
13 1063
13 1072
13 1134
13 1150
13 1230
13 1266
13 1295
13 1313
13 1341
13 1369
13 1388
13 1438
13 1439
13 1489
13 1519
13 1548
13 1694
13 1742
13 1817
13 1834
13 1870
13 1916
13 1923
14 33
14 45
14 46
14 54
14 59
14 60
14 73
14 75
14 93
14 94
14 122
14 152
14 157
14 179
14 201
14 209
14 223
14 259
14 271
14 296
14 301
14 322
14 329
14 383
14 410
14 421
14 436
14 533
14 572
14 605
14 610
14 620
14 673
14 735
14 757
14 837
14 895
14 898
14 934
14 959
14 1058
14 1090
14 1120
14 1144
14 1214
14 1221
14 1265
14 1334
14 1400
14 1437
14 1528
14 1532
14 1546
14 1640
14 1675
14 1679
14 1797
14 1863
14 1876
14 1908
14 1940
15 16
15 20
15 23
15 24
15 32
15 34
15 37
15 39
15 45
15 50
15 58
15 65
15 89
15 90
15 99
15 105
15 106
15 107
15 117
15 118
15 125
15 127
15 137
15 145
15 147
15 153
15 154
15 181
15 188
15 193
15 223
15 225
15 241
15 257
15 267
15 272
15 274
15 280
15 297
15 302
15 361
15 362
15 363
15 373
15 386
15 391
15 403
15 419
15 444
15 455
15 466
15 475
15 558
15 574
15 611
15 638
15 679
15 729
15 762
15 887
15 902
15 912
15 972
15 985
15 990
15 992
15 1016
15 1053
15 1113
15 1158
15 1166
15 1185
15 1287
15 1294
15 1372
15 1381
15 1408
15 1411
15 1431
15 1451
15 1458
15 1480
15 1515
15 1615
15 1625
15 1634
15 1683
15 1737
15 1766
15 1777
15 1818
15 1842
15 1873
15 1941
15 1954
15 1970
16 19
16 34
16 66
16 72
16 105
16 128
16 236
16 258
16 282
16 289
16 326
16 340
16 446
16 501
16 583
16 598
16 667
16 863
16 867
16 882
16 906
16 974
16 1186
16 1238
16 1327
16 1344
16 1393
16 1456
16 1491
16 1496
16 1550
16 1643
16 1851
16 1869
17 18
17 19
17 21
17 22
17 28
17 41
17 42
17 51
17 53
17 57
17 62
17 64
17 68
17 74
17 77
17 96
17 101
17 149
17 165
17 169
17 172
17 262
17 263
17 272
17 338
17 348
17 378
17 450
17 472
17 490
17 500
17 512
17 556
17 632
17 647
17 713
17 716
17 744
17 773
17 797
17 833
17 850
17 857
17 867
17 962
17 991
17 1047
17 1148
17 1168
17 1222
17 1358
17 1366
17 1372
17 1392
17 1458
17 1516
17 1581
17 1599
17 1614
17 1724
17 1844
18 23
18 27
18 30
18 31
18 32
18 36
18 43
18 56
18 64
18 71
18 76
18 95
18 99
18 116
18 120
18 126
18 162
18 170
18 178
18 182
18 186
18 195
18 220
18 225
18 237
18 254
18 276
18 279
18 298
18 307
18 349
18 366
18 376
18 406
18 419
18 449
18 486
18 506
18 524
18 528
18 557
18 567
18 568
18 659
18 739
18 750
18 763
18 802
18 843
18 844
18 845
18 846
18 872
18 904
18 967
18 971
18 973
18 1000
18 1040
18 1094
18 1099
18 1165
18 1243
18 1244
18 1247
18 1264
18 1331
18 1337
18 1356
18 1389
18 1524
18 1527
18 1581
18 1582
18 1627
18 1645
18 1657
18 1673
18 1679
18 1698
18 1786
18 1939
19 22
19 31
19 38
19 46
19 49
19 57
19 66
19 70
19 82
19 92
19 106
19 107
19 111
19 119
19 120
19 124
19 126
19 133
19 148
19 154
19 161
19 166
19 177
19 179
19 198
19 202
19 207
19 217
19 234
19 236
19 244
19 245
19 259
19 280
19 287
19 292
19 294
19 335
19 338
19 350
19 379
19 394
19 398
19 399
19 400
19 401
19 443
19 461
19 465
19 467
19 484
19 521
19 526
19 545
19 578
19 590
19 688
19 697
19 703
19 704
19 733
19 753
19 821
19 870
19 886
19 943
19 972
19 975
19 1007
19 1089
19 1131
19 1199
19 1205
19 1220
19 1247
19 1252
19 1253
19 1285
19 1311
19 1393
19 1440
19 1506
19 1561
19 1562
19 1576
19 1585
19 1602
19 1654
19 1673
19 1746
19 1806
19 1812
19 1880
19 1895
19 1905
20 33
20 34
20 65
20 93
20 121
20 137
20 140
20 155
20 161
20 182
20 196
20 255
20 260
20 261
20 267
20 278
20 284
20 285
20 340
20 351
20 371
20 378
20 385
20 428
20 563
20 570
20 658
20 671
20 796
20 859
20 890
20 970
20 1015
20 1043
20 1066
20 1082
20 1123
20 1241
20 1347
20 1424
20 1425
20 1470
20 1476
20 1518
20 1541
20 1645
20 1663
20 1691
20 1735
20 1774
20 1799
20 1827
20 1865
20 1869
20 1882
20 1968
21 24
21 27
21 39
21 42
21 48
21 54
21 71
21 128
21 132
21 154
21 349
21 403
21 417
21 432
21 512
21 513
21 599
21 617
21 822
21 891
21 951
21 1049
21 1095
21 1176
21 1182
21 1240
21 1263
21 1274
21 1303
21 1322
21 1347
21 1370
21 1464
21 1652
21 1797
21 1948
22 55
22 62
22 67
22 84
22 90
22 93
22 110
22 139
22 146
22 194
22 196
22 224
22 263
22 295
22 307
22 318
22 339
22 371
22 382
22 383
22 473
22 515
22 531
22 545
22 551
22 575
22 610
22 617
22 626
22 633
22 679
22 705
22 739
22 826
22 844
22 852
22 886
22 954
22 1018
22 1027
22 1062
22 1067
22 1112
22 1113
22 1141
22 1160
22 1198
22 1202
22 1331
22 1362
22 1447
22 1530
22 1584
22 1657
22 1658
22 1762
22 1778
22 1793
22 1846
22 1858
22 1932
23 28
23 30
23 37
23 40
23 52
23 75
23 76
23 98
23 102
23 104
23 113
23 130
23 185
23 196
23 199
23 203
23 220
23 234
23 236
23 239
23 281
23 299
23 302
23 333
23 341
23 350
23 385
23 404
23 421
23 433
23 447
23 469
23 523
23 626
23 627
23 640
23 651
23 668
23 672
23 700
23 704
23 752
23 841
23 843
23 849
23 875
23 884
23 887
23 903
23 914
23 933
23 1017
23 1037
23 1197
23 1306
23 1322
23 1387
23 1390
23 1410
23 1436
23 1463
23 1498
23 1533
23 1644
23 1662
23 1680
23 1817
23 1882
23 1933
23 1964
24 27
24 33
24 156
24 192
24 244
24 299
24 317
24 397
24 516
24 539
24 638
24 641
24 686
24 711
24 760
24 854
24 914
24 926
24 1341
24 1360
24 1465
24 1578
25 32
25 89
25 98
25 113
25 136
25 226
25 249
25 256
25 270
25 275
25 284
25 290
25 317
25 384
25 388
25 414
25 491
25 557
25 580
25 613
25 668
25 674
25 709
25 762
25 837
25 868
25 931
25 1043
25 1054
25 1074
25 1136
25 1227
25 1376
25 1428
25 1575
25 1782
25 1793
25 1965
26 42
26 53
26 91
26 122
26 146
26 190
26 222
26 237
26 247
26 296
26 503
26 569
26 597
26 609
26 687
26 784
26 790
26 820
26 911
26 971
26 1017
26 1047
26 1068
26 1109
26 1154
26 1199
26 1237
26 1283
26 1357
26 1373
26 1417
26 1441
26 1528
26 1583
26 1601
26 1604
26 1702
26 1725
26 1785
26 1822
27 35
27 57
27 69
27 81
27 165
27 235
27 307
27 314
27 536
27 666
27 686
27 829
27 893
27 894
27 919
27 987
27 997
27 1038
27 1069
27 1358
27 1413
27 1571
27 1638
27 1642
27 1673
27 1690
27 1808
27 1813
27 1930
27 1946
28 29
28 30
28 37
28 38
28 83
28 89
28 98
28 116
28 122
28 142
28 160
28 317
28 446
28 472
28 566
28 599
28 773
28 789
28 1002
28 1242
28 1363
28 1421
28 1434
28 1475
28 1504
28 1875
29 48
29 49
29 88
29 135
29 156
29 179
29 188
29 251
29 268
29 413
29 421
29 463
29 467
29 507
29 571
29 584
29 587
29 590
29 703
29 751
29 782
29 900
29 1085
29 1112
29 1117
29 1139
29 1365
29 1384
29 1416
29 1443
29 1695
29 1890
30 39
30 64
30 141
30 205
30 225
30 253
30 256
30 352
30 356
30 363
30 380
30 402
30 424
30 429
30 523
30 629
30 641
30 751
30 785
30 907
30 1052
30 1085
30 1144
30 1237
30 1385
30 1439
30 1533
30 1606
30 1824
31 46
31 60
31 66
31 67
31 79
31 86
31 119
31 121
31 135
31 153
31 156
31 161
31 167
31 176
31 180
31 193
31 209
31 210
31 240
31 255
31 295
31 314
31 371
31 412
31 488
31 492
31 516
31 531
31 571
31 581
31 585
31 589
31 623
31 630
31 706
31 836
31 863
31 892
31 922
31 1001
31 1014
31 1052
31 1093
31 1146
31 1156
31 1170
31 1186
31 1217
31 1281
31 1362
31 1385
31 1403
31 1434
31 1446
31 1461
31 1547
31 1565
31 1589
31 1610
31 1772
31 1784
31 1829
31 1854
31 1878
31 1892
32 73
32 181
32 198
32 360
32 741
32 832
32 1089
32 1620
33 35
33 47
33 77
33 87
33 88
33 104
33 203
33 212
33 249
33 306
33 312
33 503
33 551
33 621
33 709
33 874
33 894
33 914
33 1089
33 1118
33 1132
33 1155
33 1156
33 1219
33 1236
33 1277
33 1391
33 1471
33 1543
33 1687
33 1822
34 35
34 41
34 45
34 47
34 53
34 57
34 60
34 61
34 90
34 95
34 96
34 102
34 105
34 108
34 116
34 119
34 152
34 157
34 176
34 184
34 188
34 198
34 206
34 223
34 235
34 244
34 259
34 316
34 355
34 363
34 378
34 381
34 384
34 442
34 459
34 461
34 470
34 504
34 541
34 589
34 615
34 624
34 664
34 670
34 677
34 696
34 752
34 800
34 824
34 883
34 910
34 915
34 929
34 977
34 1000
34 1016
34 1070
34 1072
34 1162
34 1181
34 1252
34 1253
34 1259
34 1308
34 1318
34 1337
34 1385
34 1470
34 1495
34 1541
34 1589
34 1639
34 1658
34 1800
34 1811
34 1812
34 1856
34 1879
34 1906
34 1937
35 36
35 41
35 63
35 67
35 84
35 134
35 138
35 178
35 180
35 199
35 218
35 348
35 525
35 629
35 678
35 701
35 718
35 756
35 904
35 1028
35 1109
35 1154
35 1191
35 1276
35 1287
35 1314
35 1600
35 1739
35 1761
35 1777
35 1796
36 89
36 143
36 187
36 245
36 370
36 479
36 616
36 679
36 989
36 1076
36 1101
36 1218
36 1563
36 1622
36 1683
36 1692
36 1720
37 49
37 58
37 85
37 200
37 483
37 545
37 568
37 894
37 1064
37 1111
37 1175
37 1187
37 1288
37 1439
37 1861
38 116
38 180
38 282
38 576
38 637
38 840
38 1021
38 1798
38 1839
38 1843
38 1865
39 50
39 51
39 65
39 174
39 196
39 287
39 344
39 402
39 465
39 488
39 490
39 502
39 526
39 677
39 722
39 904
39 935
39 970
39 1012
39 1094
39 1271
39 1276
39 1288
39 1377
39 1695
39 1700
39 1739
39 1771
39 1775
39 1778
39 1932
40 126
40 155
40 212
40 227
40 265
40 266
40 274
40 277
40 303
40 365
40 378
40 585
40 637
40 695
40 736
40 921
40 976
40 1130
40 1136
40 1158
40 1688
40 1758
40 1794
40 1830
40 1966
41 164
41 170
41 213
41 287
41 339
41 369
41 406
41 598
41 632
41 676
41 693
41 744
41 778
41 843
41 851
41 957
41 990
41 1028
41 1067
41 1165
41 1266
41 1704
41 1770
42 44
42 49
42 127
42 145
42 177
42 187
42 188
42 255
42 310
42 360
42 397
42 413
42 618
42 631
42 646
42 681
42 839
42 899
42 966
42 1011
42 1195
42 1605
42 1628
42 1635
42 1687
42 1736
42 1814
42 1832
42 1874
42 1882
42 1924
42 1949
43 55
43 62
43 68
43 72
43 85
43 88
43 101
43 110
43 124
43 158
43 168
43 174
43 197
43 220
43 221
43 228
43 258
43 294
43 319
43 331
43 337
43 360
43 427
43 455
43 466
43 540
43 555
43 601
43 645
43 675
43 717
43 720
43 857
43 875
43 886
43 923
43 925
43 936
43 954
43 977
43 1013
43 1030
43 1064
43 1088
43 1096
43 1167
43 1178
43 1200
43 1307
43 1316
43 1350
43 1374
43 1388
43 1401
43 1475
43 1503
43 1565
43 1618
43 1623
43 1674
43 1693
43 1871
43 1896
43 1944
44 136
44 215
44 234
44 250
44 315
44 322
44 366
44 448
44 456
44 487
44 720
44 843
44 888
44 952
44 1183
44 1295
44 1578
44 1607
44 1665
45 48
45 94
45 111
45 129
45 130
45 163
45 184
45 198
45 235
45 273
45 283
45 349
45 447
45 470
45 531
45 534
45 543
45 598
45 788
45 861
45 879
45 933
45 969
45 1182
45 1239
45 1259
45 1343
45 1355
45 1421
45 1633
45 1699
45 1815
45 1957
46 86
46 110
46 181
46 210
46 232
46 262
46 282
46 335
46 358
46 369
46 370
46 463
46 490
46 493
46 532
46 660
46 699
46 839
46 876
46 968
46 1065
46 1317
46 1330
46 1359
46 1422
46 1520
46 1580
46 1785
46 1879
46 1951
46 1956
47 50
47 55
47 59
47 71
47 112
47 122
47 130
47 135
47 148
47 156
47 169
47 172
47 176
47 207
47 248
47 289
47 390
47 404
47 480
47 571
47 575
47 578
47 594
47 607
47 652
47 676
47 677
47 696
47 699
47 737
47 771
47 833
47 922
47 1041
47 1111
47 1130
47 1432
47 1447
47 1582
47 1593
47 1722
47 1745
47 1772
47 1796
47 1952
48 85
48 95
48 98
48 102
48 137
48 171
48 191
48 210
48 270
48 274
48 381
48 382
48 397
48 435
48 447
48 450
48 464
48 480
48 504
48 591
48 596
48 632
48 687
48 809
48 813
48 887
48 956
48 982
48 1039
48 1059
48 1116
48 1246
48 1258
48 1868
48 1948
49 134
49 332
49 363
49 405
49 832
49 925
49 990
49 1012
49 1239
49 1741
49 1931
50 51
50 148
50 261
50 269
50 408
50 418
50 498
50 510
50 804
50 916
50 935
50 1097
50 1140
50 1195
50 1242
50 1513
50 1631
50 1814
51 88
51 96
51 125
51 138
51 146
51 213
51 238
51 290
51 334
51 478
51 521
51 630
51 707
51 886
51 900
51 993
51 1124
51 1131
51 1849
51 1974
52 79
52 144
52 186
52 211
52 395
52 432
52 493
52 495
52 513
52 526
52 614
52 668
52 694
52 718
52 798
52 826
52 917
52 928
52 982
52 1057
52 1067
52 1135
52 1139
52 1222
52 1227
52 1244
52 1313
52 1326
52 1359
52 1420
52 1429
52 1459
52 1613
52 1615
52 1785
52 1871
52 1974
53 56
53 62
53 78
53 161
53 178
53 212
53 277
53 289
53 441
53 456
53 619
53 628
53 663
53 666
53 739
53 765
53 803
53 891
53 947
53 994
53 1000
53 1086
53 1153
53 1244
53 1301
53 1335
53 1418
53 1438
53 1509
53 1686
53 1899
53 1916
54 74
54 81
54 107
54 111
54 127
54 136
54 140
54 141
54 184
54 190
54 210
54 252
54 258
54 282
54 303
54 323
54 411
54 422
54 437
54 442
54 528
54 554
54 768
54 813
54 834
54 838
54 912
54 1108
54 1234
54 1349
54 1397
54 1421
54 1432
54 1509
54 1728
54 1801
54 1836
54 1863
54 1891
55 83
55 85
55 131
55 287
55 383
55 449
55 461
55 1125
55 1129
55 1148
55 1233
55 1600
56 69
56 70
56 74
56 82
56 105
56 123
56 136
56 173
56 254
56 281
56 286
56 296
56 370
56 374
56 381
56 406
56 442
56 492
56 602
56 604
56 625
56 657
56 666
56 684
56 689
56 691
56 773
56 799
56 807
56 817
56 1013
56 1020
56 1022
56 1145
56 1205
56 1251
56 1266
56 1311
56 1348
56 1361
56 1392
56 1468
56 1470
56 1526
56 1621
56 1630
56 1705
56 1719
56 1773
56 1833
56 1957
56 1961
57 76
57 97
57 129
57 138
57 154
57 167
57 173
57 199
57 216
57 241
57 252
57 277
57 488
57 511
57 520
57 532
57 538
57 566
57 602
57 706
57 748
57 766
57 770
57 787
57 852
57 885
57 998
57 1066
57 1158
57 1162
57 1166
57 1397
57 1551
57 1555
57 1572
57 1625
57 1913
57 1932
57 1961
58 75
58 80
58 98
58 133
58 136
58 158
58 169
58 270
58 318
58 331
58 358
58 431
58 447
58 538
58 591
58 723
58 727
58 758
58 841
58 976
58 1100
58 1160
58 1267
58 1323
58 1387
58 1519
58 1561
58 1710
58 1732
58 1801
59 62
59 64
59 92
59 142
59 169
59 182
59 208
59 211
59 231
59 243
59 315
59 413
59 419
59 495
59 523
59 528
59 561
59 613
59 689
59 743
59 744
59 751
59 766
59 907
59 965
59 978
59 992
59 1039
59 1049
59 1073
59 1077
59 1180
59 1183
59 1228
59 1317
59 1406
59 1408
59 1434
59 1717
59 1760
59 1861
59 1882
59 1893
59 1925
59 1944
59 1960
60 61
60 66
60 67
60 77
60 78
60 90
60 225
60 228
60 253
60 364
60 426
60 428
60 460
60 462
60 524
60 552
60 632
60 818
60 1084
60 1105
60 1171
60 1253
60 1314
60 1395
60 1467
60 1497
60 1626
60 1672
60 1783
60 1899
61 97
61 106
61 127
61 138
61 170
61 173
61 243
61 258
61 285
61 342
61 353
61 359
61 362
61 371
61 394
61 398
61 433
61 435
61 442
61 453
61 473
61 476
61 545
61 629
61 718
61 759
61 777
61 785
61 786
61 1001
61 1017
61 1084
61 1332
61 1409
61 1468
61 1931
62 86
62 114
62 120
62 138
62 205
62 227
62 315
62 411
62 533
62 607
62 722
62 909
62 971
62 1094
62 1769
62 1777
62 1889
63 73
63 74
63 81
63 142
63 175
63 179
63 311
63 354
63 475
63 603
63 824
63 1020
63 1037
63 1060
63 1062
63 1231
63 1463
63 1751
64 75
64 99
64 106
64 115
64 121
64 147
64 181
64 221
64 270
64 272
64 286
64 321
64 343
64 389
64 453
64 479
64 513
64 684
64 746
64 783
64 827
64 969
64 1099
64 1110
64 1196
64 1273
64 1276
64 1285
64 1380
64 1631
64 1815
64 1816
64 1917
64 1925
65 69
65 176
65 219
65 224
65 251
65 473
65 481
65 529
65 560
65 676
65 784
65 1071
65 1178
65 1652
65 1756
65 1810
65 1860
66 96
66 113
66 160
66 212
66 269
66 343
66 541
66 623
66 713
66 934
66 963
66 972
66 984
66 1140
66 1239
66 1285
66 1585
66 1695
66 1928
67 84
67 108
67 109
67 155
67 275
67 285
67 391
67 461
67 482
67 554
67 757
67 816
67 832
67 960
67 970
67 1004
67 1098
67 1260
67 1454
67 1517
67 1597
67 1665
68 71
68 78
68 85
68 92
68 109
68 125
68 141
68 169
68 232
68 293
68 297
68 304
68 472
68 583
68 648
68 652
68 658
68 686
68 733
68 734
68 758
68 798
68 1026
68 1096
68 1357
68 1405
68 1451
68 1512
68 1658
68 1683
68 1816
68 1854
68 1908
68 1948
69 72
69 91
69 100
69 102
69 143
69 158
69 212
69 214
69 257
69 302
69 388
69 407
69 463
69 655
69 680
69 767
69 909
69 929
69 949
69 950
69 978
69 983
69 996
69 1036
69 1088
69 1154
69 1235
69 1251
69 1272
69 1292
69 1368
69 1439
69 1488
69 1522
69 1585
69 1598
69 1612
69 1737
69 1788
69 1932
70 76
70 286
70 378
70 412
70 596
70 720
70 738
70 796
70 867
70 956
70 1534
71 97
71 100
71 222
71 301
71 764
71 819
71 891
71 1302
71 1576
71 1651
71 1692
71 1791
71 1816
72 79
72 189
72 298
72 489
72 623
72 1142
72 1233
72 1476
72 1813
73 77
73 100
73 105
73 108
73 116
73 140
73 175
73 192
73 205
73 206
73 243
73 244
73 280
73 294
73 298
73 357
73 401
73 428
73 536
73 591
73 634
73 646
73 667
73 670
73 704
73 707
73 738
73 782
73 814
73 859
73 895
73 1153
73 1320
73 1516
73 1572
73 1816
73 1888
73 1944
74 81
74 166
74 199
74 324
74 336
74 405
74 478
74 507
74 539
74 561
74 570
74 746
74 791
74 948
74 1020
74 1353
74 1514
74 1603
74 1607
74 1628
74 1696
74 1718
74 1831
74 1939
75 113
75 284
75 291
75 390
75 552
75 643
75 664
75 718
75 870
75 910
75 945
75 1156
75 1432
75 1490
75 1647
75 1665
75 1918
76 111
76 130
76 162
76 219
76 289
76 331
76 373
76 403
76 464
76 607
76 610
76 707
76 831
76 955
76 1032
76 1068
76 1081
76 1115
76 1300
76 1398
76 1441
76 1460
76 1481
77 158
77 446
77 498
77 515
77 729
77 733
77 753
77 975
77 1059
77 1152
77 1214
77 1293
77 1435
77 1840
77 1842
77 1921
78 82
78 206
78 453
78 635
78 839
78 1562
78 1741
79 83
79 87
79 173
79 198
79 303
79 345
79 532
79 540
79 578
79 680
79 828
79 984
79 1004
79 1011
79 1250
79 1264
79 1292
79 1961
79 1968
80 91
80 100
80 118
80 120
80 177
80 288
80 314
80 319
80 372
80 377
80 379
80 429
80 465
80 477
80 665
80 714
80 777
80 858
80 897
80 968
80 1113
80 1476
80 1523
80 1592
80 1657
80 1737
80 1780
81 92
81 114
81 117
81 206
81 330
81 454
81 500
81 519
81 571
81 580
81 764
81 871
81 965
81 1130
81 1360
81 1375
81 1481
81 1627
81 1724
81 1785
81 1787
81 1907
82 145
82 377
82 559
82 584
82 593
82 760
82 793
82 1041
82 1351
82 1416
82 1661
82 1663
83 135
83 266
83 353
83 388
83 389
83 726
83 1135
83 1399
83 1560
84 97
84 144
84 165
84 189
84 192
84 238
84 242
84 288
84 310
84 346
84 424
84 499
84 683
84 801
84 876
84 903
84 927
84 941
84 967
84 990
84 995
84 1027
84 1150
84 1243
84 1356
84 1483
84 1530
84 1552
84 1623
84 1841
84 1883
84 1886
85 165
85 230
85 319
85 405
85 445
85 458
85 567
85 639
85 808
85 1197
85 1776
85 1929
86 134
86 183
86 356
86 842
86 1215
86 1681
87 148
87 311
87 403
87 497
87 553
87 658
87 659
87 672
87 690
87 993
87 1024
87 1069
87 1087
87 1090
87 1598
88 130
88 190
88 240
88 320
88 334
88 436
88 443
88 699
88 873
88 951
88 999
88 1286
88 1487
88 1750
88 1803
88 1860
88 1879
89 131
89 153
89 159
89 213
89 239
89 313
89 316
89 393
89 639
89 779
89 851
89 931
89 970
89 1023
89 1085
89 1260
89 1265
89 1309
89 1378
89 1527
89 1562
90 112
90 115
90 164
90 191
90 304
90 315
90 365
90 408
90 462
90 517
90 556
90 715
90 860
90 895
90 1033
90 1054
90 1199
90 1256
90 1352
90 1377
90 1402
90 1404
90 1472
90 1547
90 1646
90 1703
90 1808
91 168
91 227
91 368
91 547
91 788
91 1161
91 1382
91 1465
91 1601
91 1657
91 1708
92 94
92 103
92 195
92 246
92 295
92 397
92 417
92 435
92 438
92 448
92 451
92 452
92 496
92 553
92 573
92 574
92 639
92 766
92 825
92 859
92 877
92 1087
92 1088
92 1103
92 1166
92 1194
92 1196
92 1299
92 1388
92 1739
92 1819
92 1847
92 1881
93 94
93 126
93 143
93 151
93 158
93 162
93 163
93 348
93 355
93 428
93 471
93 507
93 656
93 749
93 805
93 988
93 1133
93 1245
93 1320
93 1322
93 1543
93 1617
93 1646
93 1886
93 1949
93 1967
94 103
94 149
94 257
94 284
94 305
94 418
94 600
94 696
94 786
94 1084
94 1144
94 1193
94 1353
94 1447
94 1508
94 1540
95 112
95 123
95 144
95 164
95 229
95 278
95 330
95 340
95 356
95 367
95 537
95 555
95 566
95 576
95 662
95 675
95 688
95 793
95 834
95 957
95 980
95 1012
95 1021
95 1055
95 1224
95 1713
95 1841
95 1846
95 1864
95 1917
95 1928
95 1947
96 101
96 107
96 168
96 185
96 186
96 202
96 204
96 205
96 238
96 257
96 474
96 526
96 563
96 587
96 606
96 717
96 724
96 761
96 946
96 1005
96 1263
96 1366
96 1427
96 1436
96 1747
96 1823
96 1826
96 1897
97 163
97 191
97 306
97 396
97 523
97 581
97 644
97 712
97 727
97 1018
97 1170
97 1811
98 145
98 290
98 295
98 324
98 346
98 347
98 449
98 450
98 486
98 491
98 575
98 621
98 814
98 1458
98 1536
98 1781
99 131
99 170
99 319
99 660
99 874
99 1209
99 1284
99 1323
100 102
100 103
100 104
100 115
100 128
100 132
100 159
100 160
100 170
100 189
100 234
100 250
100 388
100 434
100 494
100 505
100 553
100 671
100 673
100 708
100 756
100 848
100 888
100 948
100 968
100 976
100 1161
100 1235
100 1257
100 1450
100 1511
100 1586
100 1608
100 1765
100 1870
100 1902
101 133
101 150
101 204
101 217
101 247
101 305
101 872
101 898
101 1218
101 1507
101 1749
102 179
102 211
102 279
102 315
102 429
102 476
102 661
102 1108
102 1121
102 1198
102 1597
103 129
103 159
103 324
103 548
103 592
103 607
103 639
103 703
103 721
103 1079
103 1157
103 1216
103 1417
103 1664
103 1846
104 259
104 389
104 940
104 1090
104 1766
105 342
105 375
105 806
105 918
105 998
105 1318
105 1491
105 1570
106 220
106 400
106 425
106 501
106 548
106 817
106 965
106 1080
106 1157
106 1371
106 1379
106 1471
107 146
107 185
107 445
107 789
107 895
107 1060
107 1477
107 1521
108 235
108 283
108 1420
110 144
110 150
110 187
110 274
110 392
110 474
111 119
111 191
111 208
111 336
111 413
111 768
111 773
111 783
111 985
111 1556
111 1569
111 1596
111 1695
112 320
112 1110
112 1127
112 1149
112 1532
113 139
113 197
113 213
113 224
113 227
113 249
113 509
113 516
113 561
113 562
113 599
113 664
113 687
113 706
113 725
113 780
113 970
113 1123
113 1183
113 1220
113 1400
113 1465
113 1574
113 1609
113 1734
113 1838
113 1871
113 1875
114 132
114 152
114 293
114 321
114 648
114 680
114 738
114 808
114 862
114 1079
114 1189
114 1366
114 1443
115 128
115 208
115 344
115 345
115 579
115 893
115 1171
115 1285
115 1305
115 1527
115 1571
115 1687
115 1925
116 123
116 187
116 364
116 469
116 564
116 831
116 960
116 1011
116 1127
116 1210
116 1249
116 1455
116 1627
116 1939
117 192
117 252
117 338
117 416
117 453
117 474
117 482
117 489
117 581
117 752
117 1060
117 1075
117 1096
117 1258
117 1273
117 1315
117 1424
117 1489
117 1518
117 1814
117 1847
117 1848
117 1894
118 174
118 309
118 310
118 329
118 408
118 510
118 700
118 744
118 948
118 1061
118 1068
118 1077
118 1138
118 1360
118 1601
118 1829
118 1903
119 232
119 321
119 362
119 715
119 841
119 938
119 943
119 1022
119 1336
119 1353
119 1356
119 1836
119 1880
120 123
120 127
120 155
120 197
120 210
120 215
120 247
120 250
120 309
120 382
120 393
120 469
120 638
120 644
120 803
120 842
120 868
120 983
120 1056
120 1230
120 1248
120 1535
120 1799
120 1879
121 140
121 157
121 159
121 174
121 186
121 305
121 339
121 415
121 551
121 558
121 658
121 684
121 756
121 882
121 928
121 1042
121 1075
121 1102
121 1177
121 1316
121 1398
121 1617
121 1885
121 1891
122 372
122 695
122 937
122 1512
122 1773
123 139
123 204
123 249
123 285
123 296
123 306
123 432
123 462
123 491
123 534
123 547
123 882
123 1147
123 1184
123 1220
123 1235
123 1252
123 1325
123 1450
123 1583
123 1653
123 1949
124 133
124 154
124 199
124 275
124 276
124 308
124 417
124 428
124 436
124 556
124 684
124 783
124 812
124 823
124 849
124 1114
124 1346
124 1413
124 1498
125 230
125 309
125 495
125 509
125 608
125 855
125 1637
126 139
126 299
126 361
126 410
126 667
126 961
126 1003
127 190
127 227
127 251
127 265
127 330
127 365
127 402
127 410
127 560
127 693
127 836
127 923
127 1188
127 1191
127 1304
127 1315
127 1352
127 1555
128 166
128 349
128 351
128 496
128 555
128 1228
128 1342
128 1969
129 131
129 174
129 183
129 454
129 647
129 771
130 228
130 333
130 669
130 771
130 1101
130 1289
130 1872
130 1881
131 193
131 233
131 239
131 241
131 345
131 759
131 997
131 1119
131 1140
131 1455
131 1722
131 1767
131 1849
132 291
132 603
132 635
132 744
132 885
132 1092
132 1145
132 1463
132 1628
132 1788
132 1877
132 1894
133 151
133 152
133 159
133 171
133 240
133 256
133 297
133 401
133 444
133 472
133 691
133 696
133 815
133 915
133 989
133 1196
133 1382
133 1444
133 1542
133 1735
133 1842
134 142
134 144
134 152
134 246
134 281
134 308
134 480
134 592
134 601
134 619
134 646
134 649
134 740
134 786
134 789
134 909
134 975
134 1137
134 1317
134 1450
134 1479
134 1483
134 1761
134 1856
135 211
135 269
135 297
135 324
135 430
135 595
135 648
135 688
135 801
135 875
135 1004
135 1005
135 1055
135 1193
135 1210
135 1310
135 1482
135 1483
135 1686
135 1690
135 1757
135 1882
136 237
136 248
136 630
136 705
136 735
136 774
136 950
136 999
136 1005
137 141
137 147
137 177
137 202
137 278
137 416
137 440
137 481
137 504
137 559
137 691
137 934
137 996
137 1469
137 1650
138 143
138 160
138 194
138 222
138 309
138 349
138 365
138 409
138 414
138 425
138 483
138 819
138 866
138 1007
138 1132
138 1169
138 1190
138 1217
138 1223
138 1583
138 1735
138 1813
138 1910
139 166
139 177
139 215
139 237
139 343
139 379
139 407
139 421
139 437
139 467
139 599
139 618
139 838
139 966
139 1307
139 1475
139 1512
139 1815
139 1955
140 352
140 452
140 671
140 719
140 745
140 797
140 799
140 1046
140 1049
140 1081
140 1238
140 1654
140 1662
140 1863
141 147
141 253
141 256
141 305
141 309
141 312
141 355
141 361
141 435
141 477
141 513
141 568
141 636
141 847
141 870
141 876
141 1278
141 1351
141 1397
141 1499
141 1664
141 1667
141 1799
142 151
142 178
142 200
142 204
142 208
142 326
142 340
142 346
142 347
142 364
142 384
142 487
142 549
142 561
142 565
142 719
142 816
142 825
142 948
142 958
142 986
142 1176
142 1311
142 1549
142 1567
142 1582
142 1662
142 1666
142 1699
142 1723
142 1758
142 1812
142 1884
142 1915
143 612
143 655
143 1288
143 1296
143 1556
143 1822
144 220
144 224
144 277
144 521
144 640
144 650
144 675
144 694
144 809
144 849
144 851
144 958
144 1209
144 1307
144 1336
144 1716
145 168
145 248
145 264
145 563
145 624
145 809
145 1434
145 1468
145 1850
145 1934
146 172
146 176
146 334
146 520
146 543
146 614
146 954
146 1001
146 1185
146 1191
146 1225
146 1618
146 1634
146 1826
146 1942
147 218
147 317
147 370
147 404
147 423
147 569
147 636
147 687
147 734
147 749
147 995
147 1348
147 1372
147 1545
147 1587
148 514
148 625
148 906
148 953
148 1305
148 1459
148 1484
148 1485
148 1529
148 1934
149 207
149 240
149 412
149 865
149 1070
149 1629
149 1659
150 201
150 275
150 355
150 366
150 415
150 425
150 456
150 501
150 506
150 546
150 570
150 787
150 834
150 856
150 943
150 991
150 1103
150 1180
150 1321
150 1466
150 1611
150 1614
150 1897
151 167
151 200
151 214
151 217
151 231
151 254
151 299
151 680
151 683
151 701
151 812
151 858
151 981
151 1005
151 1892
151 1927
152 582
152 844
152 1057
152 1438
152 1606
152 1714
152 1832
153 261
153 307
153 487
153 489
153 549
153 612
153 669
153 1177
153 1926
154 1277
154 1951
155 175
155 232
155 252
155 352
155 382
155 405
155 409
155 412
155 427
155 547
155 576
155 750
155 871
155 981
155 1153
155 1203
155 1278
155 1322
155 1422
155 1573
155 1574
155 1664
155 1676
155 1880
155 1953
156 193
156 399
156 496
156 808
156 898
156 963
156 1070
156 1104
156 1197
156 1254
156 1300
156 1342
156 1946
157 186
157 243
157 470
157 1298
157 1492
158 164
158 188
158 189
158 195
158 216
158 217
158 221
158 293
158 373
158 376
158 392
158 414
158 454
158 490
158 506
158 518
158 541
158 593
158 658
158 662
158 942
158 974
158 1058
158 1094
158 1187
158 1235
158 1319
158 1427
158 1593
158 1622
158 1659
158 1745
158 1761
158 1813
158 1865
158 1867
159 229
159 292
159 424
159 1052
159 1203
159 1232
159 1405
159 1435
159 1744
159 1789
160 167
160 405
160 477
160 601
160 701
160 740
160 775
160 820
160 829
160 837
160 877
160 940
160 1067
160 1122
160 1128
160 1151
160 1257
160 1902
161 233
161 395
161 419
161 443
161 527
161 839
161 926
161 951
161 1096
161 1382
161 1488
161 1631
161 1755
162 183
162 236
162 291
162 326
162 552
162 651
162 1082
162 1138
162 1150
162 1415
162 1564
162 1789
163 165
163 263
163 311
163 359
163 389
163 420
163 478
163 490
163 579
163 795
163 890
163 898
163 995
163 1242
163 1569
163 1710
163 1968
164 263
164 332
164 942
164 1040
164 1100
164 1147
164 1366
164 1849
165 239
165 354
165 367
165 414
165 672
165 1158
165 1206
165 1345
165 1445
165 1538
166 240
166 470
166 747
166 1139
166 1424
166 1523
166 1786
167 247
167 527
167 548
167 576
168 214
168 219
168 254
168 357
168 379
168 549
168 555
168 641
168 1253
168 1381
168 1687
169 175
169 181
169 223
169 231
169 248
169 325
169 392
169 404
169 487
169 558
169 572
169 605
169 656
169 817
169 918
169 1093
169 1256
169 1261
169 1435
169 1461
169 1520
169 1771
169 1800
169 1883
169 1920
170 245
170 263
170 269
170 335
170 373
170 376
170 508
170 575
170 701
170 903
170 965
170 1141
170 1254
170 1340
170 1371
170 1483
170 1518
170 1542
170 1775
170 1880
170 1962
171 278
171 407
171 552
171 669
171 714
171 736
171 781
171 1023
171 1064
171 1125
171 1180
171 1299
171 1338
171 1436
171 1857
171 1942
172 460
172 485
172 612
172 776
172 1469
172 1514
172 1540
172 1541
172 1782
173 190
173 285
173 483
173 530
173 650
173 759
173 1291
173 1595
174 213
174 441
174 619
174 874
174 1356
174 1384
174 1753
175 327
175 352
175 362
175 394
175 438
175 588
175 711
175 869
175 952
175 953
175 1282
175 1803
175 1821
175 1838
176 200
176 277
176 454
176 569
176 743
176 796
176 1035
176 1044
176 1449
176 1490
176 1562
176 1853
176 1929
177 221
177 369
177 439
177 907
177 928
177 1029
177 1280
177 1671
177 1754
178 209
178 268
178 647
178 1620
178 1809
179 207
179 267
179 283
179 321
179 339
179 539
179 548
179 604
179 860
179 1008
179 1537
179 1553
179 1649
179 1910
180 218
180 300
180 374
180 507
180 765
180 960
181 184
181 185
181 265
181 283
181 343
181 685
181 770
181 908
181 986
181 1088
181 1161
181 1262
181 1340
181 1603
181 1807
182 481
182 600
182 609
182 616
182 664
182 1024
182 1479
182 1702
182 1748
184 229
184 262
184 302
184 551
184 740
184 921
184 1078
184 1277
184 1534
185 189
185 298
185 308
185 312
185 392
185 481
185 558
185 618
185 721
185 1021
185 1040
185 1304
185 1520
185 1591
185 1665
185 1913
186 197
186 281
186 370
186 486
186 575
186 657
186 682
186 734
186 812
186 963
186 1024
186 1206
186 1399
186 1422
186 1440
186 1491
186 1565
186 1599
186 1682
187 209
187 241
187 417
187 441
187 468
187 586
187 628
187 640
187 820
187 895
187 933
187 1258
187 1276
187 1324
187 1366
187 1463
187 1564
187 1950
188 235
188 354
188 494
188 896
188 918
188 1192
188 1530
189 230
189 310
189 430
189 476
189 690
189 1173
189 1316
189 1430
189 1600
189 1749
190 215
190 475
190 519
190 543
190 615
190 797
190 828
190 974
190 1083
190 1165
190 1215
190 1487
191 194
191 215
191 218
191 344
191 363
191 377
191 479
191 500
191 517
191 560
191 779
191 789
191 809
191 930
191 1061
191 1287
191 1296
191 1379
191 1441
191 1613
191 1616
191 1768
191 1924
192 337
192 426
192 1730
193 1142
193 1184
193 1275
193 1494
193 1617
194 202
194 582
194 847
194 886
194 1003
194 1035
194 1618
194 1716
194 1881
195 294
195 334
195 433
195 512
195 636
195 919
195 1095
195 1146
195 1255
195 1499
195 1570
195 1706
195 1734
195 1758
196 242
196 437
196 503
196 509
196 655
196 698
196 732
196 769
196 982
196 1097
196 1230
196 1619
196 1724
196 1730
197 400
197 418
197 488
197 813
197 873
197 920
197 1085
197 1621
198 324
198 782
198 804
198 868
198 1812
199 257
199 276
199 346
199 650
199 1640
199 1652
199 1899
200 204
200 588
200 689
200 721
200 731
200 752
200 1118
200 1349
200 1472
200 1590
200 1808
200 1916
201 343
201 692
201 993
201 1119
201 1197
201 1394
201 1655
201 1711
201 1731
202 755
202 850
202 876
203 317
203 323
203 354
203 562
203 620
203 1124
203 1136
203 1151
203 1171
203 1273
203 1324
203 1373
203 1831
203 1919
204 224
204 284
204 393
204 400
204 460
204 518
204 662
204 693
204 728
204 866
204 937
204 969
204 1047
204 1124
204 1516
204 1566
204 1576
204 1592
204 1644
204 1689
204 1750
204 1780
204 1811
204 1931
205 449
205 470
205 627
205 780
205 796
205 829
205 959
205 1116
205 1126
205 1452
205 1610
205 1688
205 1789
205 1829
205 1834
205 1903
206 246
206 329
206 879
206 932
206 936
206 955
206 1500
206 1559
206 1597
207 264
207 336
207 518
207 634
207 816
207 977
207 1040
207 1102
207 1505
207 1762
207 1824
207 1961
208 264
208 533
208 623
208 743
208 1257
208 1325
208 1328
208 1455
208 1750
209 480
209 643
209 674
209 950
209 1921
210 567
210 1416
211 216
211 231
211 259
211 318
211 357
211 387
211 454
211 516
211 715
211 815
211 879
211 882
211 884
211 1008
211 1031
211 1132
211 1368
211 1524
211 1632
211 1667
211 1751
212 456
212 521
212 537
212 696
212 867
212 937
212 948
212 1157
212 1344
212 1725
212 1828
212 1873
212 1959
213 280
213 439
213 464
213 465
213 491
213 594
213 715
213 873
213 1296
213 1538
213 1804
213 1823
214 226
214 335
214 442
214 451
214 559
214 821
214 1146
214 1242
214 1364
214 1571
214 1612
214 1802
215 344
215 599
215 1200
215 1636
215 1664
215 1959
216 271
216 421
216 694
216 871
216 897
216 1083
216 1219
216 1279
216 1974
217 433
217 603
217 691
217 1588
217 1671
218 483
218 598
218 659
218 663
218 713
218 723
218 871
218 1444
218 1643
218 1866
218 1906
219 444
219 802
219 851
219 877
219 889
219 1188
219 1446
219 1480
219 1560
220 242
220 312
220 761
220 1204
220 1641
220 1697
220 1797
220 1945
221 361
221 574
221 668
221 1901
222 249
222 306
222 716
222 748
222 1290
222 1663
223 239
223 258
223 387
223 468
223 648
223 1173
223 1490
224 226
224 300
224 393
224 401
224 437
224 458
224 497
224 510
224 964
224 1248
224 1352
224 1357
224 1790
224 1846
224 1955
225 266
225 346
225 367
225 390
225 502
225 508
225 544
225 690
225 977
225 1050
225 1081
225 1163
225 1190
225 1326
225 1404
225 1428
225 1640
226 275
226 422
226 493
226 573
226 1307
226 1321
226 1350
226 1531
226 1534
226 1635
227 322
227 327
227 331
227 353
227 359
227 452
227 455
227 550
227 654
227 788
227 832
227 893
227 928
227 987
227 1051
227 1188
227 1229
227 1245
227 1356
227 1459
227 1633
227 1681
227 1736
227 1792
227 1856
228 260
228 338
228 356
228 456
228 554
228 646
228 710
228 794
228 815
228 830
228 845
228 850
228 888
228 1346
228 1349
228 1688
228 1719
228 1864
229 234
229 417
229 645
229 669
229 987
229 1270
229 1462
229 1545
229 1798
229 1862
229 1898
230 255
230 279
230 382
230 415
230 612
230 1125
230 1312
230 1573
230 1774
230 1850
231 293
231 323
231 628
231 725
231 795
231 1261
231 1317
231 1342
231 1472
231 1510
231 1636
231 1646
231 1708
232 380
232 390
232 419
232 538
232 626
232 828
232 1055
232 1405
232 1626
232 1730
233 269
233 477
233 631
233 794
233 979
233 1147
233 1344
233 1451
233 1649
233 1791
234 499
234 514
234 716
234 866
234 869
234 1144
234 1306
234 1693
234 1866
235 311
235 457
235 648
235 814
235 1412
235 1449
235 1943
236 241
236 268
236 273
236 313
236 418
236 540
236 633
236 1063
236 1107
236 1261
236 1386
236 1481
236 1494
236 1589
236 1773
236 1782
236 1935
237 264
237 341
237 385
237 595
237 932
237 983
237 1467
237 1710
237 1966
238 300
238 351
238 394
238 395
238 439
238 548
238 564
238 804
238 816
238 1086
238 1664
238 1845
238 1922
239 293
239 376
239 410
239 466
239 705
239 760
239 827
239 1126
239 1389
240 260
240 276
240 320
240 341
240 437
240 492
240 581
240 856
240 877
240 947
240 999
240 1031
240 1044
240 1102
240 1141
240 1249
240 1252
240 1402
240 1405
240 1409
240 1472
240 1563
240 1710
240 1748
240 1763
240 1810
241 544
241 550
241 832
241 992
241 1062
241 1575
241 1778
242 303
242 325
242 402
242 474
242 504
242 505
242 702
242 809
242 1019
242 1062
242 1120
242 1123
242 1153
242 1217
242 1313
242 1379
242 1433
242 1684
242 1804
242 1883
242 1886
243 287
243 440
243 451
243 498
243 531
243 634
243 726
243 934
243 963
243 1165
243 1251
243 1279
243 1289
243 1579
244 396
244 553
244 728
244 883
244 939
244 1131
244 1162
244 1220
244 1237
244 1759
245 386
245 415
245 567
245 582
245 902
245 926
245 1271
245 1692
245 1779
245 1807
246 291
246 516
246 627
246 683
246 924
246 1109
246 1169
246 1288
246 1329
246 1567
247 320
247 339
247 387
247 550
247 723
247 758
247 800
247 814
247 889
247 945
247 1042
247 1380
247 1394
247 1400
247 1503
247 1635
248 272
248 330
248 368
248 450
248 890
248 919
248 1129
248 1471
248 1531
249 344
249 463
249 510
249 515
249 913
249 1333
249 1558
250 267
250 651
250 708
250 734
250 764
250 893
250 1050
251 294
251 550
251 654
251 663
251 1213
251 1351
251 1521
252 478
252 1116
252 1823
252 1936
253 267
253 438
253 727
253 1022
253 1155
253 1188
253 1199
253 1340
253 1526
253 1554
253 1594
253 1755
254 502
254 573
254 592
254 749
254 752
254 787
254 906
254 1251
254 1330
254 1681
254 1704
255 286
255 369
255 489
255 732
255 1146
255 1470
255 1896
256 306
256 313
256 323
256 385
256 386
256 505
256 1052
256 1148
256 1775
256 1818
257 322
257 374
257 399
257 597
257 1065
257 1113
257 1784
258 337
258 375
258 452
258 514
258 716
258 722
258 725
258 1056
258 1172
258 1281
258 1339
258 1365
258 1576
258 1814
259 282
259 327
259 530
259 798
259 940
260 429
260 533
260 1153
260 1205
260 1245
261 288
261 325
261 391
261 469
261 501
261 522
261 633
261 746
261 865
261 966
261 1069
261 1115
261 1444
261 1686
261 1954
262 336
262 408
262 569
262 624
262 730
262 1245
262 1516
263 415
263 569
263 1109
263 1212
263 1868
265 347
265 457
265 520
265 590
265 652
265 729
265 829
265 1275
265 1588
265 1646
265 1718
265 1944
266 844
266 1017
266 1320
266 1448
266 1836
267 283
267 304
267 386
267 446
267 635
267 1038
267 1215
267 1395
267 1409
267 1736
267 1851
268 695
268 815
269 743
269 792
269 1129
269 1460
269 1612
270 341
270 406
270 529
270 668
270 810
270 1116
270 1202
270 1301
270 1339
270 1346
270 1394
270 1404
270 1645
270 1706
271 448
271 571
271 583
271 656
271 855
271 882
271 1310
271 1723
272 286
272 337
272 360
272 372
272 604
272 1062
272 1312
272 1334
272 1368
272 1430
272 1446
272 1744
273 281
273 411
273 431
273 487
273 554
273 821
273 829
273 984
273 1087
273 1213
273 1719
273 1921
273 1969
274 400
274 469
274 508
274 515
274 572
274 605
274 698
274 753
274 838
274 1179
274 1342
274 1382
274 1419
274 1530
274 1609
275 303
275 368
275 384
275 396
275 791
275 862
275 1388
275 1765
276 288
276 537
276 662
276 1080
276 1088
276 1207
276 1291
276 1362
276 1420
276 1586
276 1707
276 1852
276 1904
277 342
277 445
277 903
277 1206
277 1267
277 1482
277 1721
278 328
278 497
278 667
278 682
278 731
278 1345
278 1403
278 1566
278 1867
279 513
279 542
279 1063
279 1355
279 1406
280 629
280 710
280 717
280 792
280 817
280 959
280 1076
280 1272
281 311
281 377
281 671
281 807
281 863
281 914
281 1039
281 1605
281 1661
281 1721
281 1747
282 533
282 618
282 1097
282 1486
282 1741
283 484
283 519
283 864
283 1269
283 1431
284 345
284 383
284 597
284 1511
285 816
285 954
285 1440
285 1751
285 1823
286 296
286 308
286 371
286 387
286 406
286 656
286 732
286 741
286 840
286 915
286 1087
286 1174
286 1223
286 1392
286 1433
286 1634
286 1951
287 323
287 347
287 348
287 637
287 804
287 924
287 1019
287 1159
287 1288
287 1357
287 1570
288 292
288 959
288 1674
289 395
289 459
289 1715
289 1727
289 1806
289 1837
289 1855
289 1967
290 494
290 685
291 359
291 386
291 434
291 485
291 570
291 894
291 1082
291 1219
291 1296
291 1776
291 1819
291 1922
291 1958
292 1034
292 1384
293 624
293 736
293 1296
294 335
294 426
294 577
294 637
294 697
294 878
294 1759
295 529
295 532
295 681
295 923
295 1033
295 1284
295 1709
295 1839
295 1964
296 1072
296 1225
297 481
297 517
297 542
297 585
297 718
297 730
297 933
297 1464
297 1533
297 1721
297 1776
298 638
298 754
298 1073
298 1482
299 320
299 477
299 549
299 1301
300 372
300 412
300 425
300 563
300 685
300 852
300 892
300 1028
300 1176
300 1279
300 1297
300 1376
301 342
301 482
301 596
301 848
301 1894
302 440
302 475
302 498
302 518
302 798
302 813
302 1026
302 1525
302 1678
302 1828
303 342
303 380
303 388
303 457
303 892
303 1254
303 1564
303 1751
303 1917
305 351
305 457
305 811
305 822
305 1486
305 1697
306 314
306 372
306 433
306 436
306 482
306 499
306 1002
306 1297
306 1585
306 1591
306 1660
307 1549
308 328
308 434
308 508
308 710
308 759
308 766
308 944
308 982
308 1267
308 1425
308 1583
309 562
309 770
309 823
309 905
309 1606
310 331
310 362
310 479
310 543
310 579
310 714
310 854
310 962
310 1134
310 1500
310 1616
310 1636
310 1727
311 325
311 380
311 541
311 1373
312 366
312 418
312 458
312 828
312 1346
312 1368
312 1411
312 1499
312 1524
312 1768
312 1821
313 329
313 459
313 692
313 865
313 1184
313 1332
313 1364
313 1475
313 1487
313 1779
313 1794
314 531
314 546
314 577
314 678
314 827
314 869
314 1050
314 1212
314 1367
314 1858
315 385
315 587
315 1200
316 375
316 410
316 444
316 449
316 735
316 861
316 912
316 1015
316 1066
316 1211
316 1504
316 1747
317 430
317 475
317 505
317 758
317 888
317 1035
317 1065
317 1201
317 1218
317 1341
317 1370
317 1427
317 1666
317 1943
318 851
318 883
318 1007
318 1142
318 1255
318 1454
318 1550
318 1561
318 1680
318 1730
319 644
319 724
319 1007
319 1110
319 1148
319 1510
319 1717
319 1746
319 1825
320 409
320 626
320 628
320 961
320 965
320 1505
321 384
321 1043
321 1714
322 330
322 394
322 638
322 831
322 864
322 1091
322 1302
322 1334
322 1536
322 1548
322 1821
323 537
323 1044
323 1056
324 402
324 597
324 772
324 1457
324 1637
324 1819
325 527
325 579
325 1025
326 358
326 1241
326 1292
326 1333
326 1365
326 1407
326 1496
326 1840
327 588
327 664
327 825
327 986
327 1137
327 1151
327 1204
327 1208
327 1350
327 1545
327 1934
328 1051
328 1493
329 392
329 694
329 767
329 1393
329 1519
329 1676
329 1796
330 625
330 755
330 807
330 1579
330 1859
331 380
331 440
331 528
331 657
331 660
331 763
331 921
331 1487
331 1562
331 1713
331 1902
332 401
332 647
332 826
332 1223
332 1376
332 1696
333 557
333 1443
334 407
334 1585
335 529
336 365
336 430
336 492
336 608
336 881
336 952
336 1124
336 1230
336 1383
336 1452
336 1509
337 364
337 408
337 587
337 790
337 1134
337 1820
337 1930
338 530
338 728
338 872
338 906
338 939
338 1475
338 1800
338 1849
339 1617
340 399
340 568
340 1187
340 1500
340 1540
340 1866
341 652
341 932
341 1478
342 784
342 1501
343 588
343 938
343 996
343 1167
344 488
344 779
344 899
345 957
345 978
345 1051
345 1104
345 1201
346 525
346 947
346 1113
346 1306
346 1962
347 913
347 1521
348 1769
348 1826
349 358
349 368
349 445
349 459
349 479
349 688
349 772
349 774
349 806
349 823
349 1089
349 1098
349 1134
349 1354
349 1412
349 1491
349 1499
349 1544
349 1554
350 460
350 557
350 572
350 592
350 611
350 690
350 825
350 921
350 997
350 1080
350 1128
350 1201
350 1262
350 1609
350 1612
350 1651
350 1703
350 1748
350 1854
351 361
351 818
351 1327
351 1682
351 1715
351 1827
351 1848
351 1893
352 360
352 364
352 1073
352 1097
353 398
353 1752
353 1853
354 396
354 606
354 850
354 911
354 1480
354 1702
354 1940
355 504
355 588
355 1095
356 375
356 727
356 1138
356 1950
357 432
357 498
357 574
357 582
357 838
357 1032
357 1224
357 1485
357 1532
357 1858
358 689
358 889
358 1474
359 381
359 535
359 614
359 1927
360 391
360 439
360 703
360 726
360 785
360 799
360 835
360 917
360 1098
360 1156
360 1254
360 1540
361 596
361 1020
361 1705
362 411
362 834
362 1037
362 1310
362 1464
362 1628
362 1734
362 1801
362 1853
363 958
363 1291
363 1515
364 654
364 672
364 780
364 913
364 925
364 1353
364 1520
364 1949
365 369
365 529
365 1000
365 1492
366 511
366 712
366 774
366 957
366 1093
366 1160
366 1182
366 1221
366 1895
367 544
367 620
367 737
367 835
367 904
367 1045
367 1346
367 1468
367 1874
368 399
368 573
368 739
368 765
368 778
368 805
368 1528
369 1063
369 1717
370 631
370 745
370 781
370 1509
371 396
371 461
371 565
371 735
371 885
371 1268
371 1415
371 1457
371 1685
371 1910
372 374
372 443
372 859
372 1316
372 1359
372 1408
372 1782
373 583
373 860
373 988
373 1032
373 1231
373 1295
373 1371
373 1484
373 1617
373 1626
373 1926
374 544
374 840
374 868
374 909
374 986
374 1171
374 1289
374 1755
374 1915
375 534
375 1885
376 430
376 554
376 663
376 673
376 683
376 754
376 811
376 874
376 962
376 1201
376 1211
376 1277
376 1351
376 1396
376 1677
376 1688
376 1712
376 1745
376 1917
377 713
377 1304
377 1653
378 580
378 830
378 902
378 911
378 1401
378 1722
378 1855
379 586
379 595
379 1127
379 1201
379 1385
379 1588
379 1593
379 1726
379 1748
379 1911
380 760
380 1758
381 563
381 584
381 795
381 858
381 950
381 1126
381 1194
381 1315
381 1844
382 759
382 989
382 1372
382 1608
383 693
383 985
383 1131
383 1439
383 1551
384 742
384 776
384 992
384 1164
384 1494
385 731
385 1706
386 466
386 495
386 794
386 883
386 896
386 925
386 1030
386 1042
386 1078
386 1092
386 1222
386 1455
386 1639
386 1790
387 535
387 542
387 762
387 926
387 999
387 1112
387 1508
388 589
388 1154
388 1185
388 1333
388 1577
388 1602
388 1700
388 1857
389 397
389 1078
390 567
390 622
390 675
390 707
390 728
390 1069
390 1397
391 855
391 1065
391 1225
391 1507
391 1678
391 1750
392 484
392 674
392 702
392 783
392 1152
392 1476
392 1970
393 1048
393 1155
394 577
394 642
394 643
394 758
394 945
394 1029
394 1053
394 1906
395 420
395 426
395 483
395 493
395 536
395 553
395 692
395 769
395 1048
395 1074
395 1405
395 1858
395 1926
396 634
397 622
397 1481
398 618
398 642
398 753
398 757
398 1171
398 1349
398 1417
398 1634
399 512
399 635
399 1649
399 1836
400 522
400 663
400 669
400 942
400 1310
400 1343
400 1348
401 1092
401 1595
401 1720
402 416
402 473
402 602
402 1083
402 1269
402 1286
402 1852
403 427
403 609
403 849
403 919
403 1010
403 1030
403 1085
403 1163
403 1169
403 1298
403 1340
403 1515
403 1553
403 1894
404 609
404 922
404 1668
405 482
406 892
406 1175
406 1411
407 517
407 689
407 1314
407 1693
408 1080
408 1084
408 1957
409 617
409 711
409 960
409 991
409 1304
409 1969
410 665
410 765
410 973
410 1164
411 772
411 1236
411 1315
411 1531
412 486
412 653
412 871
413 521
413 757
413 1391
413 1427
413 1767
414 762
414 1019
414 1639
414 1898
415 476
415 869
415 1032
415 1054
415 1532
415 1810
415 1907
416 558
416 612
416 614
416 1853
417 441
417 445
417 527
417 674
417 731
417 825
417 1122
417 1483
417 1499
417 1505
418 423
418 803
418 1470
418 1619
418 1620
419 451
419 600
419 604
419 801
419 841
419 877
419 905
419 1168
419 1216
419 1233
419 1417
420 502
420 619
420 793
420 856
420 920
420 1112
420 1824
421 434
421 768
421 770
421 828
421 1329
421 1939
422 539
422 1106
423 652
423 655
423 765
423 819
423 902
423 924
423 929
423 940
423 943
423 1186
423 1430
424 532
424 1303
424 1878
425 476
425 534
425 626
425 720
425 742
425 746
425 772
425 803
425 840
425 921
425 1502
425 1838
426 519
426 661
426 702
426 1038
426 1363
426 1923
427 528
427 573
427 908
428 564
428 678
428 704
428 706
428 737
428 778
428 901
428 1107
428 1708
428 1898
428 1970
429 467
429 958
429 1008
429 1380
429 1549
429 1578
429 1638
429 1962
430 1603
430 1787
430 1919
431 484
432 1615
432 1824
433 546
433 649
433 797
433 1034
433 1083
433 1164
433 1675
433 1703
434 471
434 775
434 846
434 1145
434 1461
434 1678
435 611
435 616
435 698
435 793
435 982
435 1247
435 1399
435 1621
436 462
436 472
436 748
436 901
436 911
436 917
436 1370
436 1539
436 1707
436 1784
437 503
437 653
437 1676
437 1869
437 1901
438 458
438 492
438 544
438 643
438 795
438 835
438 946
438 1293
438 1471
438 1574
438 1698
438 1918
439 774
440 464
440 503
440 561
440 564
440 754
440 761
440 842
440 1074
440 1441
440 1577
440 1688
440 1839
441 526
441 777
441 844
442 670
442 805
442 961
442 1111
442 1188
442 1270
442 1728
443 496
444 455
444 657
444 722
444 824
444 1048
444 1391
444 1633
444 1921
445 514
445 939
445 1370
445 1457
446 579
446 593
446 1009
446 1269
446 1459
446 1789
447 627
447 705
447 938
447 1058
447 1141
447 1174
447 1278
447 1339
447 1448
447 1668
448 1238
449 1248
450 1669
451 1557
451 1896
453 710
453 729
454 499
454 1229
454 1257
455 616
456 485
456 695
457 577
457 589
457 818
457 984
457 1290
457 1973
458 1108
458 1240
458 1834
459 775
459 857
459 1131
459 1904
460 721
460 1611
461 511
461 522
461 754
461 861
461 951
461 1422
461 1864
462 595
462 750
462 978
462 1167
462 1374
463 471
463 497
463 545
463 681
463 732
463 737
463 860
463 906
463 1024
463 1098
463 1142
463 1284
463 1362
463 1446
463 1733
463 1743
463 1797
463 1866
464 500
464 702
464 749
464 830
464 843
464 897
464 1047
464 1213
464 1605
464 1837
465 1513
465 1768
466 682
466 686
466 741
466 923
466 1700
467 692
467 755
467 1149
467 1377
468 542
468 739
468 1149
468 1345
468 1528
468 1897
469 505
469 509
469 594
469 847
469 973
469 1064
469 1329
469 1332
469 1425
469 1489
469 1515
470 590
470 619
470 632
470 772
470 961
470 1065
470 1084
470 1114
470 1281
470 1460
470 1502
470 1543
470 1636
471 613
471 724
471 894
471 1411
471 1428
471 1431
471 1495
471 1552
471 1591
471 1908
472 520
472 730
472 1324
472 1561
472 1847
473 562
473 1947
474 713
474 747
474 896
474 1019
474 1025
474 1041
474 1392
474 1525
474 1941
475 1655
475 1742
476 525
476 560
476 641
476 777
476 808
476 870
476 927
476 1002
476 1103
476 1244
476 1335
476 1350
476 1374
476 1390
476 1435
476 1675
477 591
477 671
477 755
477 933
477 1555
477 1568
477 1605
477 1713
477 1908
477 1961
478 547
478 670
478 1690
478 1953
479 680
479 1053
479 1728
479 1895
480 534
480 1363
480 1402
480 1495
480 1802
480 1804
481 1290
482 1139
482 1662
482 1739
483 605
483 697
483 824
483 858
483 1477
484 499
484 1015
484 1226
484 1263
484 1410
485 717
485 835
485 862
485 964
485 1281
486 572
486 820
486 897
487 1569
488 673
488 823
488 1174
488 1295
489 524
489 1130
489 1335
489 1699
490 506
490 617
490 677
490 927
490 1027
490 1234
490 1281
491 1863
492 552
492 606
492 621
492 636
492 679
492 1175
492 1613
492 1655
492 1679
493 551
493 783
493 858
493 1026
493 1429
493 1759
493 1951
494 584
494 750
494 1105
494 1229
495 522
495 751
495 766
495 810
496 659
496 699
496 764
496 790
496 857
496 1471
496 1534
497 1042
497 1090
497 1398
497 1433
497 1942
498 543
498 562
498 822
498 875
498 881
498 969
498 1384
498 1885
498 1900
498 1940
499 633
499 1014
499 1145
500 608
500 653
500 660
500 725
500 1799
500 1870
501 651
501 774
501 781
501 971
501 1763
501 1800
501 1803
502 1596
503 1841
504 524
504 620
504 1019
504 1965
505 775
505 1046
505 1382
506 1250
507 578
507 908
507 1067
507 1179
507 1184
507 1479
508 601
508 647
508 701
508 1162
508 1211
508 1519
508 1539
508 1557
508 1650
508 1817
509 925
509 1160
509 1203
509 1206
509 1269
509 1270
509 1544
509 1557
510 1404
510 1509
510 1572
511 1568
512 1059
512 1115
512 1637
513 566
513 585
513 631
513 797
513 812
513 1110
513 1207
513 1474
513 1548
513 1554
513 1559
513 1729
514 609
514 707
514 1347
515 560
515 596
515 776
515 777
515 865
515 953
515 1016
515 1318
515 1549
515 1648
516 530
516 606
516 830
516 864
516 944
516 1274
516 1429
516 1537
516 1780
516 1822
517 541
517 559
517 584
517 791
517 1074
517 1453
518 810
518 1274
519 1074
520 1731
520 1805
520 1821
521 702
521 819
521 1064
521 1253
522 600
522 861
522 993
522 1048
522 1228
522 1647
522 1785
522 1820
523 1595
523 1972
524 580
524 1101
524 1119
524 1677
524 1825
525 919
525 1095
525 1181
525 1879
525 1913
526 1214
527 576
527 677
527 1325
527 1551
527 1911
528 538
528 640
528 802
529 549
529 781
530 1006
530 1501
530 1514
530 1580
531 853
531 998
531 1248
531 1492
531 1752
532 1100
532 1314
533 616
533 621
533 661
533 694
533 916
533 980
533 988
533 1418
533 1545
533 1553
533 1748
533 1859
533 1890
533 1906
534 842
534 1061
534 1187
534 1372
534 1821
534 1837
535 634
535 662
535 1070
535 1440
535 1619
535 1891
536 1048
536 1361
536 1386
538 714
538 1079
538 1177
538 1179
538 1226
538 1335
538 1386
538 1421
538 1673
538 1744
538 1909
539 643
539 1069
539 1305
539 1734
540 613
540 1432
540 1510
541 678
541 821
541 1297
541 1330
541 1936
542 721
542 811
542 931
542 1466
542 1508
543 566
543 673
543 723
543 1189
543 1689
544 1129
546 611
546 659
546 980
546 1033
546 1104
546 1302
546 1533
546 1543
546 1546
546 1813
546 1829
547 700
547 719
547 827
547 1020
547 1972
548 746
548 983
548 1098
548 1337
549 565
549 817
549 1322
549 1573
549 1858
550 586
550 857
550 980
550 1189
550 1479
550 1627
550 1764
550 1787
551 1228
551 1670
551 1686
552 1060
552 1066
553 1786
555 556
555 989
555 1195
555 1343
556 700
556 784
556 912
556 940
556 1047
556 1159
556 1211
556 1406
557 716
557 1538
558 585
558 608
558 754
558 879
558 969
558 1132
558 1159
558 1301
559 1003
559 1036
559 1238
559 1292
559 1413
559 1529
559 1571
559 1767
560 631
560 756
560 1000
560 1377
560 1865
561 905
561 1205
561 1536
561 1567
561 1624
562 799
562 1826
562 1856
563 728
563 887
563 1081
563 1256
563 1393
563 1506
563 1774
563 1778
564 636
564 1114
564 1202
564 1350
564 1484
564 1694
564 1728
565 1716
565 1958
566 611
566 1344
566 1482
567 1045
567 1401
567 1445
567 1812
567 1854
567 1876
568 787
568 1937
569 583
569 761
569 764
569 881
569 1154
569 1189
569 1780
570 763
570 892
570 910
570 976
570 1694
571 860
571 1209
571 1766
571 1900
572 657
572 1410
572 1877
573 732
573 763
573 995
573 1007
573 1256
574 734
574 780
574 1331
574 1389
574 1457
575 1105
575 1579
576 645
577 607
577 645
577 745
577 756
577 878
577 880
577 916
577 936
577 1429
577 1557
577 1747
577 1963
578 705
578 854
579 955
580 749
580 863
580 1031
581 651
581 875
581 913
581 1265
581 1351
581 1659
581 1697
581 1776
581 1780
581 1912
581 1960
582 1504
583 597
583 709
583 1023
583 1080
583 1628
583 1753
584 640
584 1323
584 1642
585 768
585 1033
585 1250
585 1263
585 1438
588 1669
588 1888
589 848
589 942
589 952
589 1143
589 1335
589 1919
590 649
590 937
590 1121
590 1172
590 1519
590 1783
590 1899
591 603
591 1046
591 1567
591 1744
592 622
592 708
592 846
592 918
592 1004
593 700
593 806
593 976
593 1213
593 1338
593 1625
594 622
594 714
594 950
594 953
594 1006
594 1012
594 1326
594 1426
594 1462
594 1622
595 639
595 1193
595 1889
596 800
596 893
596 1299
596 1442
596 1525
597 997
597 1804
598 869
598 1640
599 1202
599 1348
599 1391
599 1497
599 1629
600 740
600 1042
600 1044
600 1138
600 1298
600 1420
600 1811
600 1971
601 853
601 1145
601 1297
602 880
602 922
602 1339
603 865
603 900
603 915
603 1556
603 1560
603 1945
604 738
604 901
604 1127
604 1213
606 642
607 779
607 1255
608 686
609 853
609 1233
609 1271
610 667
610 1387
610 1699
610 1830
611 836
611 1560
612 742
612 745
612 1001
612 1441
612 1702
614 1279
615 706
615 778
616 907
616 1852
617 1204
617 1334
618 931
618 1071
618 1608
620 704
620 1118
620 1219
620 1531
621 880
621 1177
622 848
622 1223
622 1733
623 661
624 769
624 788
624 1170
624 1676
624 1809
624 1833
624 1913
625 748
625 826
625 991
625 1191
625 1492
625 1545
625 1759
625 1889
626 630
626 649
626 878
626 1091
626 1354
626 1551
626 1910
627 637
627 800
627 1493
627 1740
627 1757
628 1425
628 1465
629 1489
630 1099
631 847
631 899
631 1376
631 1414
631 1671
632 805
632 845
632 847
632 872
632 928
632 1035
632 1044
632 1075
632 1114
632 1168
632 1412
632 1464
632 1523
632 1616
632 1661
632 1940
633 1157
634 1167
634 1549
634 1719
634 1790
635 1001
635 1409
635 1762
637 779
637 1225
637 1623
637 1762
638 654
638 1345
638 1820
638 1957
639 645
639 708
639 1723
639 1824
640 1789
641 733
642 1104
642 1872
643 864
643 1016
643 1036
643 1099
643 1522
643 1656
643 1662
644 916
644 1018
644 1043
644 1513
644 1651
645 1286
645 1603
646 972
646 1041
646 1347
646 1596
647 1021
647 1046
647 1390
647 1601
647 1836
647 1932
649 981
649 1008
650 712
650 735
650 1024
650 1121
650 1818
651 966
651 967
651 999
651 1227
652 1285
652 1517
653 681
653 688
653 699
653 943
653 1022
653 1175
653 1209
653 1452
653 1715
653 1835
653 1947
653 1952
654 763
654 915
654 930
654 1498
654 1527
654 1787
655 776
655 791
655 854
655 917
655 1473
656 804
656 993
656 1014
656 1358
656 1731
657 835
657 1429
657 1962
658 1293
658 1364
658 1791
659 1149
659 1177
659 1407
660 855
660 1240
660 1329
660 1544
660 1590
660 1613
660 1622
660 1656
660 1791
662 693
662 1796
663 939
663 1161
663 1389
663 1496
663 1752
663 1810
664 1282
664 1755
667 852
667 1013
667 1251
667 1630
667 1852
668 678
668 1006
668 1353
669 743
669 1078
669 1333
669 1448
669 1887
670 691
670 1009
670 1091
670 1094
670 1444
670 1462
670 1956
671 792
671 1165
671 1832
672 724
672 1293
672 1492
673 1480
674 866
675 806
675 1082
675 1528
675 1561
675 1670
676 793
676 1203
676 1638
677 904
677 1659
677 1818
678 720
678 1249
678 1526
679 1008
679 1805
679 1956
680 792
680 1301
680 1602
680 1959
681 1193
682 801
683 899
683 1969
684 805
684 936
684 1116
684 1651
685 862
685 1176
685 1524
685 1594
685 1618
685 1623
686 698
686 855
686 924
687 1034
687 1495
687 1718
688 742
688 747
688 890
688 1115
688 1163
688 1414
688 1498
688 1582
689 738
689 1317
690 742
690 802
690 946
690 1244
690 1635
690 1722
691 712
691 923
691 1028
692 818
692 1050
692 1178
692 1845
693 971
693 1218
693 1426
693 1442
693 1469
693 1651
694 711
694 1038
694 1144
694 1148
694 1380
694 1433
694 1774
695 914
695 922
695 1666
695 1953
696 963
696 1514
696 1892
697 709
697 767
698 822
698 938
698 962
698 1325
700 703
700 1508
700 1627
700 1967
701 927
701 1529
701 1552
702 932
702 964
702 1290
703 834
703 984
703 1514
703 1946
704 1030
704 1225
704 1510
704 1732
705 1618
706 941
706 1103
708 1362
708 1625
708 1769
708 1936
709 1059
709 1672
710 946
710 1254
710 1400
711 866
711 1239
711 1261
711 1602
711 1669
711 1691
711 1764
711 1769
712 789
712 833
712 1119
712 1173
712 1568
712 1878
713 785
713 898
713 1577
713 1935
714 730
715 880
715 992
716 822
716 1249
717 747
717 836
717 899
717 1704
718 1613
718 1830
718 1973
719 1159
719 1902
720 722
720 941
720 1406
720 1565
720 1926
720 1947
721 957
721 1071
721 1294
722 1240
722 1258
722 1504
723 1375
723 1734
725 790
725 842
725 1255
725 1875
725 1877
726 778
726 897
726 967
726 1150
726 1166
726 1332
728 1208
728 1221
728 1245
728 1342
728 1490
729 1550
729 1594
729 1740
729 1773
729 1838
730 1859
732 1453
732 1637
732 1878
733 1250
733 1259
734 1071
735 748
735 1036
735 1418
735 1529
736 926
736 1256
736 1632
736 1841
737 1105
737 1474
738 1445
738 1647
738 1897
738 1936
739 820
739 1959
740 807
740 1009
740 1057
740 1890
740 1935
741 1370
741 1414
742 1107
742 1283
742 1289
742 1619
743 1231
743 1265
743 1394
744 799
744 985
744 1600
744 1835
744 1847
745 818
745 1726
745 1798
746 813
746 1440
747 1055
747 1807
747 1888
748 873
749 1453
749 1579
749 1839
749 1880
751 1375
751 1920
752 1006
752 1217
752 1297
752 1383
752 1594
752 1775
752 1791
753 964
753 1009
753 1198
753 1569
754 1076
754 1484
754 1558
754 1587
754 1890
754 1895
755 1208
755 1767
755 1911
756 868
756 988
756 1018
756 1300
756 1461
756 1640
756 1850
757 1075
758 1224
758 1906
759 883
759 1236
760 1513
761 1105
762 801
762 1158
762 1360
762 1616
763 771
763 1045
764 1192
764 1447
764 1587
764 1630
764 1762
764 1805
765 1434
765 1581
767 1127
767 1395
767 1635
768 1546
769 935
769 1077
769 1152
772 785
772 1347
773 890
773 1029
774 786
774 1607
775 1164
776 788
776 891
776 944
776 1087
776 1119
776 1122
776 1871
777 1112
777 1207
777 1312
777 1644
777 1656
778 956
778 1051
778 1207
778 1377
778 1892
779 794
779 1017
779 1790
779 1843
780 808
780 888
780 1210
780 1217
780 1255
780 1480
780 1590
780 1928
781 1584
782 824
782 1028
782 1077
783 979
783 1130
783 1716
783 1743
784 838
784 931
784 1169
784 1195
784 1378
784 1485
784 1606
784 1795
785 1223
785 1273
785 1455
787 1149
787 1339
787 1355
787 1555
788 1168
788 1227
788 1407
788 1581
788 1668
788 1681
788 1738
788 1866
789 837
789 881
789 1264
789 1715
791 1041
791 1054
791 1172
791 1280
791 1840
792 836
792 1247
793 1784
794 1002
794 1298
794 1943
795 918
795 1507
795 1567
796 959
796 996
796 1232
796 1308
796 1459
796 1950
797 902
797 1002
797 1043
797 1714
797 1792
798 1118
799 867
799 1052
799 1235
799 1833
800 1025
800 1026
800 1409
801 1086
801 1106
801 1124
802 1204
802 1559
802 1877
803 949
803 1143
803 1163
804 910
804 1058
804 1219
804 1672
804 1905
805 812
805 975
805 1163
805 1373
806 1037
806 1161
806 1580
806 1614
807 1215
807 1241
807 1667
808 1022
808 1442
808 1477
809 1037
809 1449
810 1286
810 1309
810 1338
810 1581
810 1592
811 920
812 980
812 1844
813 1123
813 1963
814 1092
814 1291
815 1231
815 1660
816 1036
816 1198
816 1284
816 1547
817 935
817 1205
817 1226
817 1305
817 1410
817 1752
817 1820
817 1955
818 979
818 1311
818 1375
818 1403
818 1667
818 1869
818 1933
819 1102
821 1092
821 1164
821 1788
822 964
823 1160
823 1592
824 944
824 1590
825 1341
825 1587
825 1900
826 846
826 1039
826 1770
827 901
827 1208
828 1680
829 911
829 1095
829 1787
832 853
832 954
833 1126
833 1232
833 1435
834 913
834 1955
834 1972
835 1396
835 1445
835 1579
835 1696
836 1195
836 1358
836 1874
837 1082
837 1965
838 1584
839 1015
839 1286
839 1423
840 1176
840 1246
840 1406
840 1503
841 937
841 949
842 856
842 1023
843 1009
843 1192
844 1057
844 1476
845 1542
845 1548
846 1120
846 1243
846 1268
846 1462
846 1809
848 1180
849 896
849 1194
849 1569
850 1819
850 1911
851 1100
851 1415
851 1670
851 1725
851 1806
851 1924
852 1151
852 1306
852 1753
852 1907
853 870
854 880
854 1843
854 1872
855 929
855 1840
856 1006
856 1013
856 1577
856 1851
857 951
857 1380
857 1622
859 1166
859 1649
860 885
860 1053
860 1667
860 1763
861 1061
861 1073
861 1137
861 1261
861 1875
861 1958
862 1260
862 1610
863 1076
863 1079
863 1117
863 1141
863 1599
863 1887
864 979
864 1012
864 1289
864 1319
864 1692
865 967
865 1010
865 1027
866 1631
868 979
868 991
868 1066
868 1108
868 1181
868 1941
869 934
869 1204
869 1330
869 1422
869 1493
869 1843
870 1016
870 1478
871 972
871 1143
871 1200
871 1212
871 1218
871 1280
871 1701
872 960
872 1454
874 1358
875 945
875 1077
875 1525
875 1798
876 1015
876 1808
877 1173
878 1591
880 1503
881 941
881 997
881 1361
882 941
883 1327
883 1610
884 1416
884 1589
885 1262
885 1815
886 1428
886 1489
886 1743
887 909
887 1271
889 1642
889 1713
889 1754
890 905
890 912
890 1079
890 1178
891 1031
891 1060
891 1637
891 1868
892 1120
892 1348
892 1782
893 1143
893 1324
893 1365
893 1456
893 1816
894 930
894 987
894 1473
894 1898
895 1226
896 1580
897 1953
898 981
899 1931
902 947
902 1172
902 1598
902 1973
903 1128
903 1221
904 1234
904 1415
904 1430
904 1464
904 1619
904 1738
905 1311
905 1535
905 1887
905 1928
907 956
907 1239
908 1246
908 1675
908 1731
909 910
910 978
910 1152
910 1396
910 1732
910 1854
910 1859
913 1431
914 939
914 1093
914 1197
914 1268
914 1850
914 1903
914 1914
915 998
915 1025
915 1241
915 1401
915 1433
916 1472
917 946
917 1097
917 1128
917 1360
917 1363
917 1696
918 1624
918 1884
919 1319
919 1518
920 936
920 1214
920 1523
920 1555
921 1032
921 1132
921 1147
921 1162
921 1178
921 1397
921 1456
923 1039
923 1287
923 1454
923 1623
923 1646
923 1705
924 1117
924 1202
924 1292
924 1294
925 945
925 1426
925 1659
926 1412
926 1872
927 989
927 1682
927 1729
928 1230
929 995
929 1140
929 1181
930 1123
931 1269
931 1596
931 1709
932 1101
932 1539
932 1827
934 1025
934 1374
934 1592
934 1607
934 1673
934 1960
935 938
935 1883
936 1308
936 1328
938 953
938 1100
938 1133
938 1321
938 1894
939 1192
940 1260
940 1537
940 1834
941 1596
942 1108
942 1117
942 1330
942 1946
944 986
944 1050
944 1331
944 1965
945 1575
946 1089
947 996
947 1760
947 1872
948 1049
948 1150
948 1845
948 1967
949 962
949 1938
950 1216
950 1323
950 1653
950 1941
951 1345
951 1414
952 966
952 1156
952 1534
952 1647
952 1788
952 1876
953 1159
953 1374
954 1290
955 1151
955 1333
955 1703
956 1216
956 1300
957 1190
957 1376
957 1741
958 1604
959 1914
960 985
960 1478
961 1473
961 1541
963 974
963 1023
964 1010
964 1057
964 1128
964 1170
964 1633
964 1693
964 1915
965 1282
965 1737
965 1757
966 1138
966 1531
967 1049
967 1326
967 1818
968 994
968 1425
968 1467
968 1709
969 1139
969 1390
969 1493
970 1058
970 1096
970 1107
970 1140
970 1402
970 1644
971 1424
972 1266
972 1755
973 1126
973 1369
973 1515
973 1971
974 1212
974 1705
976 1262
976 1833
976 1884
977 1546
978 1029
978 1137
979 1072
979 1114
979 1294
979 1453
980 1329
980 1947
982 983
982 1034
982 1045
982 1109
982 1222
982 1369
982 1496
982 1742
982 1957
983 1584
984 1321
984 1415
985 1446
985 1450
988 1407
988 1507
988 1547
989 1712
989 1731
990 1665
991 1135
992 1299
992 1432
993 1538
993 1779
994 1718
995 1320
995 1327
996 1689
996 1700
997 1027
997 1179
997 1720
997 1754
997 1971
998 1283
998 1820
999 1029
999 1378
1000 1728
1000 1928
1002 1033
1002 1855
1003 1308
1003 1494
1003 1540
1003 1783
1004 1106
1004 1319
1005 1761
1005 1950
1006 1457
1006 1624
1007 1192
1007 1196
1007 1252
1007 1720
1007 1897
1008 1630
1008 1680
1009 1038
1009 1318
1009 1660
1010 1200
1010 1399
1010 1477
1011 1233
1012 1136
1012 1328
1012 1488
1012 1510
1012 1520
1012 1621
1013 1034
1014 1454
1015 1309
1015 1326
1015 1396
1016 1063
1016 1689
1016 1870
1017 1732
1018 1383
1018 1711
1018 1778
1018 1867
1020 1337
1020 1588
1020 1919
1022 1101
1022 1129
1022 1203
1022 1704
1022 1733
1022 1817
1022 1938
1022 1974
1023 1336
1023 1352
1026 1111
1027 1259
1028 1676
1029 1725
1029 1970
1030 1343
1030 1683
1030 1847
1032 1196
1032 1418
1034 1547
1035 1923
1036 1136
1036 1724
1037 1361
1037 1924
1039 1740
1040 1175
1040 1206
1040 1689
1040 1860
1041 1442
1041 1625
1043 1173
1043 1427
1043 1478
1043 1725
1044 1485
1044 1550
1044 1668
1044 1701
1045 1770
1047 1093
1047 1227
1047 1508
1047 1553
1047 1756
1048 1210
1049 1090
1049 1106
1049 1691
1049 1771
1050 1133
1050 1566
1050 1574
1050 1779
1051 1793
1052 1182
1052 1814
1052 1927
1052 1948
1052 1970
1053 1648
1053 1701
1054 1343
1054 1723
1055 1378
1055 1461
1055 1566
1056 1302
1056 1381
1057 1121
1057 1495
1058 1387
1059 1539
1060 1243
1060 1648
1062 1277
1062 1639
1062 1922
1063 1228
1063 1232
1064 1081
1065 1224
1065 1355
1065 1973
1069 1504
1069 1934
1070 1143
1070 1275
1071 1767
1072 1436
1072 1624
1072 1639
1072 1917
1072 1935
1073 1419
1073 1456
1074 1118
1076 1831
1076 1861
1076 1923
1077 1121
1077 1258
1077 1364
1077 1463
1077 1763
1077 1764
1077 1926
1079 1403
1080 1174
1080 1294
1080 1501
1080 1548
1081 1503
1081 1756
1082 1246
1082 1542
1084 1656
1085 1359
1086 1918
1087 1184
1087 1452
1088 1137
1088 1419
1090 1194
1090 1967
1092 1267
1092 1381
1092 1413
1092 1586
1092 1706
1094 1167
1094 1295
1095 1186
1095 1610
1095 1895
1096 1229
1097 1359
1097 1698
1098 1199
1098 1361
1098 1367
1098 1522
1098 1844
1099 1246
1099 1792
1101 1839
1103 1147
1103 1679
1104 1851
1105 1393
1105 1395
1105 1408
1105 1614
1105 1666
1105 1793
1105 1803
1106 1591
1106 1666
1107 1955
1108 1407
1108 1493
1109 1189
1109 1368
1109 1687
1109 1837
1111 1573
1112 1152
1112 1208
1112 1259
1112 1385
1112 1707
1113 1413
1113 1501
1113 1609
1114 1193
1114 1904
1116 1840
1117 1449
1117 1884
1117 1930
1118 1323
1119 1428
1120 1304
1121 1248
1121 1280
1121 1833
1121 1889
1122 1426
1122 1919
1122 1942
1122 1946
1124 1411
1125 1210
1126 1179
1126 1180
1126 1309
1128 1502
1130 1231
1130 1316
1130 1802
1131 1398
1131 1458
1132 1648
1133 1887
1136 1142
1136 1157
1137 1265
1137 1497
1138 1696
1139 1929
1141 1287
1142 1282
1142 1354
1143 1426
1143 1604
1144 1766
1144 1942
1145 1284
1145 1703
1146 1460
1146 1550
1147 1272
1148 1168
1148 1234
1149 1437
1149 1517
1149 1527
1149 1737
1149 1795
1149 1893
1150 1214
1150 1518
1150 1881
1152 1398
1152 1479
1152 1865
1153 1881
1156 1169
1156 1491
1158 1354
1158 1505
1159 1806
1160 1191
1160 1387
1161 1574
1162 1638
1163 1611
1164 1450
1165 1512
1165 1606
1165 1621
1166 1357
1166 1375
1166 1386
1166 1448
1166 1871
1167 1792
1168 1331
1168 1477
1168 1502
1168 1672
1168 1738
1169 1310
1169 1367
1170 1250
1172 1506
1174 1216
1174 1242
1175 1756
1176 1677
1177 1916
1178 1517
1178 1828
1178 1912
1179 1726
1180 1535
1182 1417
1182 1630
1183 1691
1183 1694
1183 1711
1183 1860
1184 1364
1184 1704
1184 1783
1184 1909
1185 1209
1185 1224
1185 1319
1187 1264
1187 1266
1189 1282
1189 1552
1189 1850
1189 1855
1189 1876
1190 1951
1192 1449
1192 1677
1195 1442
1195 1685
1197 1262
1197 1436
1198 1524
1198 1598
1199 1371
1199 1905
1201 1794
1202 1399
1203 1312
1203 1352
1205 1593
1205 1774
1206 1828
1207 1460
1207 1571
1207 1638
1207 1963
1209 1236
1209 1240
1209 1825
1211 1305
1211 1473
1211 1575
1212 1309
1212 1544
1213 1238
1213 1325
1213 1517
1213 1697
1213 1832
1215 1226
1215 1379
1215 1431
1215 1629
1216 1611
1216 1960
1217 1853
1218 1272
1218 1835
1219 1327
1220 1580
1221 1513
1221 1800
1222 1657
1222 1869
1223 1320
1223 1572
1224 1243
1224 1817
1224 1889
1225 1511
1226 1273
1226 1705
1229 1328
1229 1511
1230 1671
1231 1390
1231 1891
1232 1279
1233 1862
1234 1276
1234 1642
1234 1697
1235 1355
1235 1827
1236 1537
1236 1712
1237 1752
1237 1929
1237 1938
1237 1969
1238 1249
1238 1274
1240 1448
1240 1663
1242 1914
1242 1968
1244 1430
1246 1308
1246 1502
1246 1650
1247 1274
1247 1338
1247 1663
1247 1891
1247 1938
1249 1616
1250 1488
1250 1554
1250 1620
1251 1717
1252 1940
1253 1615
1255 1632
1255 1916
1256 1746
1258 1685
1261 1578
1261 1699
1262 1937
1263 1604
1267 1443
1268 1570
1268 1658
1273 1885
1275 1672
1280 1389
1281 1516
1282 1340
1282 1367
1282 1720
1287 1486
1287 1765
1289 1303
1289 1344
1289 1757
1289 1914
1290 1643
1291 1338
1291 1481
1291 1559
1293 1716
1296 1299
1296 1848
1297 1424
1297 1654
1297 1742
1298 1381
1298 1807
1298 1842
1300 1652
1302 1494
1302 1781
1303 1328
1303 1371
1303 1645
1303 1710
1304 1466
1304 1469
1305 1451
1306 1721
1307 1373
1307 1536
1308 1966
1310 1386
1311 1378
1312 1535
1313 1678
1315 1533
1315 1695
1315 1827
1318 1395
1319 1795
1320 1935
1322 1736
1322 1908
1323 1952
1323 1956
1324 1334
1324 1861
1325 1452
1326 1786
1327 1754
1328 1954
1329 1336
1329 1396
1331 1420
1331 1451
1331 1604
1331 1641
1331 1738
1331 1772
1332 1648
1332 1809
1333 1468
1335 1808
1337 1647
1337 1654
1338 1575
1342 1367
1342 1779
1342 1835
1343 1686
1344 1862
1345 1418
1345 1559
1345 1668
1346 1486
1346 1795
1347 1466
1347 1765
1348 1611
1349 1632
1350 1790
1352 1487
1352 1732
1352 1754
1354 1650
1354 1874
1357 1927
1358 1496
1358 1521
1358 1626
1360 1586
1362 1408
1362 1445
1363 1746
1365 1886
1367 1594
1367 1714
1367 1846
1368 1595
1368 1599
1369 1641
1370 1423
1371 1484
1373 1532
1375 1636
1375 1749
1375 1803
1376 1718
1377 1556
1378 1660
1379 1609
1380 1554
1381 1526
1382 1384
1384 1469
1385 1597
1386 1488
1390 1444
1391 1392
1392 1522
1393 1972
1394 1709
1394 1825
1395 1590
1395 1825
1395 1826
1396 1587
1396 1765
1398 1862
1399 1863
1400 1792
1401 1600
1403 1543
1403 1883
1404 1465
1405 1669
1406 1763
1407 1563
1408 1641
1411 1506
1413 1603
1413 1727
1413 1796
1414 1423
1414 1626
1414 1685
1414 1896
1416 1485
1416 1607
1417 1482
1417 1679
1417 1690
1418 1497
1420 1458
1420 1769
1420 1923
1422 1658
1424 1437
1424 1602
1424 1605
1424 1773
1426 1593
1426 1632
1428 1794
1431 1536
1431 1578
1434 1466
1434 1723
1436 1521
1436 1525
1436 1771
1438 1724
1438 1771
1438 1777
1439 1740
1439 1772
1439 1938
1443 1474
1443 1857
1443 1912
1444 1781
1447 1864
1448 1912
1449 1777
1450 1523
1450 1586
1451 1498
1451 1862
1452 1968
1454 1772
1455 1743
1458 1896
1459 1795
1460 1541
1460 1760
1460 1943
1460 1971
1462 1877
1464 1558
1466 1848
1466 1864
1466 1920
1472 1652
1474 1539
1475 1620
1477 1901
1477 1959
1479 1497
1480 1505
1480 1899
1481 1624
1483 1684
1483 1740
1483 1745
1485 1526
1485 1702
1489 1727
1490 1890
1494 1749
1495 1721
1498 1563
1498 1708
1503 1749
1503 1828
1504 1736
1511 1764
1512 1573
1514 1661
1515 1873
1516 1759
1518 1563
1520 1859
1522 1583
1522 1925
1524 1964
1525 1741
1527 1739
1529 1546
1530 1904
1533 1566
1533 1707
1535 1556
1536 1729
1537 1551
1537 1677
1540 1832
1541 1768
1543 1713
1543 1726
1547 1684
1548 1684
1548 1750
1548 1875
1549 1843
1550 1572
1550 1760
1550 1909
1551 1727
1551 1945
1558 1653
1559 1751
1560 1972
1562 1644
1564 1711
1566 1888
1571 1905
1573 1797
1575 1588
1575 1633
1576 1717
1581 1599
1583 1937
1586 1674
1590 1612
1597 1776
1598 1698
1598 1744
1602 1701
1604 1701
1609 1842
1610 1674
1613 1690
1615 1960
1618 1954
1619 1643
1627 1684
1632 1886
1635 1809
1637 1711
1637 1918
1637 1929
1639 1801
1639 1911
1641 1655
1641 1770
1646 1700
1648 1885
1655 1670
1655 1692
1659 1783
1662 1735
1664 1681
1664 1962
1667 1834
1668 1849
1668 1921
1669 1802
1672 1901
1675 1745
1675 1910
1675 1974
1676 1768
1681 1903
1682 1698
1685 1706
1685 1733
1686 1709
1686 1794
1690 1909
1694 1707
1698 1920
1705 1848
1705 1903
1706 1830
1707 1931
1708 1715
1709 1944
1710 1719
1713 1830
1714 1838
1716 1873
1719 1912
1726 1888
1728 1753
1732 1963
1747 1918
1765 1900
1770 1898
1774 1953
1779 1845
1792 1844
1801 1868
1801 1901
1810 1831
1812 1874
1814 1909
1817 1941
1820 1920
1826 1933
1842 1861
1842 1914
1860 1884
1864 1927
1878 1915
1878 1973
1879 1893
1887 1933
1891 1930
1892 1963
1899 1950
1902 1930
1922 1952
1927 1948
1944 1945
