0	0.00030060
1	0.00041996
2	0.00027952
3	0.00024313
4	0.00025321
5	0.00030635
6	0.00032269
7	0.00028510
8	0.00035908
9	0.00023153
10	0.00117028
11	0.00046663
12	0.00026940
13	0.00023920
14	0.00024675
15	0.00028639
16	0.00035779
17	0.00025811
18	0.00030349
19	0.00036028
20	0.00028450
21	0.00036839
22	0.00052189
23	0.00032333
24	0.00029120
25	0.00041153
26	0.00031791
27	0.00032470
28	0.00041197
29	0.00029610
30	0.00034080
31	0.00043305
32	0.00025249
33	0.00024052
34	0.00051815
35	0.00118936
36	0.00027735
37	0.00041570
38	0.00035610
39	0.00047980
40	0.00028080
41	0.00109783
42	0.00046084
43	0.00032096
44	0.00029542
45	0.00025474
46	0.00030871
47	0.00069502
48	0.00041185
49	0.00032016
50	0.00026759
51	0.00026482
52	0.00027394
53	0.00026940
54	0.00024755
55	0.00025514
56	0.00023562
57	0.00033908
58	0.00023683
59	0.00033353
60	0.00034904
61	0.00051221
62	0.00026116
63	0.00032554
64	0.00024767
65	0.00025269
66	0.00041394
67	0.00120839
68	0.00027574
69	0.00033129
70	0.00029659
71	0.00026506
72	0.00032546
73	0.00079582
74	0.00029221
75	0.00025124
76	0.00053333
77	0.00046157
78	0.00027301
79	0.00030474
80	0.00023514
81	0.00042783
82	0.00028916
83	0.00039060
84	0.00052060
85	0.00029486
86	0.00025197
87	0.00026651
88	0.00042072
89	0.00037197
90	0.00053610
91	0.00043064
92	0.00025422
93	0.00023257
94	0.00035590
95	0.00032402
96	0.00030382
97	0.00025711
98	0.00120823
99	0.00025739
100	0.00024526
101	0.00027060
102	0.00038888
103	0.00036321
104	0.00046534
105	0.00050430
106	0.00036016
107	0.00039273
108	0.00044225
109	0.00026185
110	0.00023815
111	0.00031337
112	0.00030301
113	0.00027398
114	0.00026687
115	0.00043269
116	0.00036390
117	0.00029357
118	0.00024691
119	0.00042365
120	0.00036321
121	0.00119197
122	0.00033558
123	0.00028394
124	0.00033462
125	0.00035791
126	0.00040016
127	0.00057723
128	0.00032562
129	0.00050936
130	0.00033803
131	0.00031980
132	0.00043233
133	0.00029157
134	0.00026072
135	0.00034731
136	0.00026771
137	0.00026960
138	0.00039394
139	0.00028249
140	0.00037727
141	0.00044032
142	0.00030104
143	0.00026253
144	0.00024627
145	0.00031763
146	0.00031454
147	0.00117602
148	0.00033498
149	0.00027859
150	0.00035534
151	0.00041775
152	0.00045382
153	0.00023273
154	0.00027213
155	0.00033976
156	0.00041273
157	0.00042193
158	0.00049169
159	0.00025988
160	0.00031855
161	0.00054169
162	0.00056884
163	0.00026386
164	0.00033373
165	0.00024823
166	0.00025209
167	0.00036129
168	0.00044108
169	0.00048406
170	0.00032739
171	0.00023964
172	0.00035799
173	0.00024112
174	0.00030084
175	0.00029129
176	0.00032807
177	0.00030803
178	0.00027831
179	0.00033851
180	0.00028293
181	0.00079317
182	0.00035124
183	0.00025410
184	0.00034932
185	0.00037193
186	0.00038337
187	0.00023651
188	0.00025679
189	0.00027430
190	0.00109382
191	0.00023614
192	0.00031888
193	0.00032333
194	0.00037948
195	0.00041779
196	0.00042888
197	0.00028112
198	0.00030084
199	0.00032968
200	0.00041341
201	0.00038349
202	0.00033723
203	0.00023285
204	0.00028803
205	0.00033743
206	0.00036165
207	0.00040667
208	0.00032426
209	0.00029333
210	0.00031020
211	0.00026667
212	0.00027586
213	0.00029494
214	0.00037378
215	0.00041462
216	0.00046124
217	0.00042345
218	0.00026534
219	0.00023502
220	0.00030546
221	0.00034647
222	0.00025482
223	0.00051952
224	0.00028526
225	0.00026779
226	0.00041735
227	0.00027775
228	0.00025076
229	0.00036197
230	0.00025241
231	0.00034020
232	0.00027124
233	0.00119442
234	0.00031530
235	0.00030799
236	0.00029317
237	0.00030554
238	0.00050450
239	0.00039068
240	0.00026763
241	0.00040365
242	0.00026723
243	0.00134189
244	0.00083137
245	0.00033193
246	0.00036839
247	0.00046566
248	0.00038478
249	0.00121779
250	0.00025643
251	0.00026976
252	0.00037261
253	0.00029932
254	0.00037169
255	0.00029562
256	0.00120831
257	0.00025470
258	0.00047643
259	0.00025434
260	0.00027317
261	0.00029940
262	0.00024386
263	0.00071353
264	0.00038755
265	0.00027088
266	0.00036454
267	0.00026526
268	0.00028032
269	0.00027952
270	0.00025253
271	0.00027253
272	0.00026466
273	0.00054317
274	0.00031004
275	0.00027269
276	0.00032470
277	0.00034614
278	0.00051333
279	0.00022968
280	0.00036390
281	0.00140582
282	0.00028189
283	0.00054795
284	0.00027956
285	0.00036120
286	0.00024964
287	0.00029635
288	0.00024851
289	0.00041261
290	0.00035948
291	0.00163743
292	0.00028867
293	0.00023016
294	0.00025992
295	0.00039181
296	0.00029622
297	0.00030281
298	0.00033586
299	0.00023406
300	0.00027438
301	0.00023277
302	0.00028896
303	0.00025916
304	0.00023823
305	0.00063454
306	0.00026663
307	0.00043683
308	0.00033221
309	0.00032691
310	0.00033727
311	0.00026498
312	0.00025510
313	0.00041390
314	0.00115253
315	0.00024522
316	0.00124068
317	0.00028815
318	0.00036068
319	0.00030892
320	0.00035064
321	0.00027141
322	0.00035470
323	0.00031590
324	0.00112072
325	0.00024546
326	0.00039201
327	0.00118984
328	0.00032133
329	0.00031880
330	0.00027566
331	0.00037691
332	0.00055209
333	0.00023944
334	0.00026936
335	0.00075285
336	0.00024470
337	0.00024157
338	0.00054968
339	0.00035843
340	0.00159313
341	0.00025181
342	0.00036446
343	0.00027100
344	0.00067466
345	0.00031032
346	0.00025675
347	0.00045494
348	0.00036639
349	0.00024020
350	0.00028835
351	0.00029418
352	0.00118631
353	0.00039004
354	0.00128827
355	0.00027936
356	0.00036373
357	0.00038173
358	0.00026912
359	0.00042325
360	0.00025028
361	0.00035831
362	0.00027663
363	0.00039759
364	0.00025293
365	0.00029193
366	0.00190337
367	0.00041691
368	0.00025060
369	0.00050663
370	0.00024406
371	0.00028048
372	0.00031020
373	0.00025863
374	0.00026538
375	0.00026643
376	0.00163514
377	0.00058639
378	0.00028341
379	0.00027831
380	0.00031763
381	0.00027382
382	0.00025257
383	0.00043614
384	0.00032112
385	0.00037185
386	0.00026450
387	0.00025133
388	0.00031518
389	0.00034498
390	0.00037679
391	0.00026968
392	0.00031181
393	0.00030004
394	0.00024361
395	0.00034365
396	0.00037133
397	0.00042783
398	0.00032940
399	0.00045076
400	0.00028237
401	0.00025325
402	0.00030739
403	0.00031691
404	0.00027333
405	0.00026422
406	0.00038297
407	0.00031627
408	0.00030048
409	0.00060747
410	0.00037052
411	0.00120116
412	0.00032305
413	0.00025261
414	0.00027321
415	0.00123028
416	0.00024920
417	0.00031233
418	0.00023112
419	0.00031100
420	0.00025293
421	0.00026827
422	0.00030438
423	0.00043020
424	0.00032040
425	0.00033434
426	0.00094337
427	0.00030558
428	0.00043707
429	0.00024458
430	0.00329976
431	0.00029229
432	0.00024382
433	0.00030169
434	0.00037763
435	0.00131349
436	0.00036325
437	0.00041369
438	0.00045952
439	0.00023120
440	0.00036064
441	0.00038711
442	0.00118948
443	0.00028181
444	0.00024996
445	0.00033205
446	0.00025092
447	0.00028269
448	0.00040426
449	0.00038040
450	0.00117088
451	0.00053683
452	0.00026811
453	0.00037968
454	0.00046534
455	0.00113438
456	0.00035333
457	0.00024000
458	0.00026659
459	0.00023582
460	0.00024365
461	0.00122643
462	0.00036643
463	0.00026863
464	0.00028506
465	0.00025502
466	0.00027104
467	0.00024751
468	0.00028831
469	0.00033076
470	0.00064904
471	0.00028028
472	0.00044542
473	0.00052562
474	0.00023550
475	0.00023695
476	0.00024165
477	0.00046313
478	0.00025092
479	0.00023667
480	0.00027743
481	0.00110964
482	0.00062357
483	0.00026980
484	0.00034711
485	0.00026667
486	0.00027169
487	0.00043578
488	0.00050667
489	0.00116847
490	0.00136719
491	0.00029904
492	0.00033771
493	0.00040558
494	0.00050739
495	0.00029783
496	0.00121060
497	0.00030064
498	0.00030968
499	0.00023799
500	0.00132076
501	0.00147369
502	0.00042418
503	0.00037647
504	0.00038570
505	0.00048647
506	0.00028165
507	0.00101779
508	0.00124683
509	0.00025221
510	0.00107655
511	0.00033438
512	0.00026245
513	0.00027719
514	0.00024193
515	0.00049076
516	0.00030024
517	0.00058639
518	0.00031727
519	0.00038719
520	0.00030723
521	0.00025751
522	0.00029675
523	0.00108438
524	0.00036129
525	0.00028723
526	0.00045510
527	0.00031104
528	0.00030353
529	0.00142237
530	0.00033004
531	0.00054618
532	0.00023418
533	0.00025988
534	0.00034759
535	0.00027671
536	0.00033008
537	0.00156414
538	0.00033016
539	0.00039755
540	0.00039084
541	0.00031293
542	0.00033534
543	0.00049747
544	0.00024177
545	0.00024313
546	0.00028538
547	0.00041699
548	0.00030474
549	0.00115084
550	0.00125285
551	0.00119964
552	0.00035341
553	0.00025237
554	0.00037847
555	0.00034177
556	0.00046032
557	0.00023546
558	0.00030293
559	0.00026237
560	0.00025245
561	0.00033108
562	0.00023169
563	0.00033574
564	0.00029149
565	0.00037546
566	0.00038285
567	0.00023213
568	0.00039068
569	0.00127096
570	0.00027253
571	0.00111490
572	0.00030590
573	0.00117699
574	0.00023675
575	0.00118080
576	0.00030434
577	0.00071980
578	0.00035482
579	0.00027807
580	0.00024394
581	0.00028514
582	0.00031964
583	0.00150964
584	0.00031944
585	0.00024478
586	0.00118305
587	0.00023329
588	0.00023177
589	0.00025578
590	0.00023643
591	0.00038683
592	0.00038514
593	0.00027386
594	0.00185542
595	0.00037823
596	0.00054474
597	0.00027719
598	0.00047562
599	0.00036229
600	0.00030731
601	0.00037578
602	0.00032795
603	0.00127072
604	0.00036141
605	0.00042418
606	0.00037747
607	0.00029157
608	0.00029301
609	0.00030763
610	0.00032518
611	0.00042096
612	0.00116470
613	0.00043185
614	0.00023622
615	0.00031651
616	0.00123145
617	0.00028369
618	0.00036317
619	0.00026715
620	0.00034807
621	0.00030506
622	0.00029928
623	0.00033293
624	0.00025169
625	0.00026940
626	0.00118116
627	0.00160522
628	0.00029108
629	0.00026622
630	0.00055145
631	0.00032281
632	0.00130683
633	0.00023831
634	0.00038787
635	0.00028659
636	0.00024092
637	0.00071835
638	0.00035438
639	0.00037426
640	0.00042510
641	0.00025430
642	0.00024008
643	0.00032667
644	0.00033558
645	0.00032265
646	0.00031024
647	0.00028165
648	0.00030004
649	0.00036896
650	0.00037253
651	0.00032205
652	0.00142357
653	0.00037683
654	0.00030582
655	0.00037839
656	0.00043016
657	0.00029092
658	0.00038614
659	0.00028550
660	0.00036980
661	0.00048546
662	0.00027040
663	0.00108024
664	0.00024916
665	0.00028699
666	0.00030767
667	0.00037663
668	0.00119747
669	0.00057454
670	0.00044293
671	0.00033012
672	0.00024562
673	0.00054442
674	0.00026321
675	0.00030727
676	0.00027679
677	0.00027667
678	0.00040614
679	0.00030952
680	0.00031137
681	0.00030353
682	0.00062000
683	0.00032892
684	0.00024606
685	0.00103454
686	0.00118647
687	0.00129956
688	0.00023458
689	0.00032610
690	0.00059060
691	0.00045988
692	0.00035972
693	0.00035590
694	0.00036124
695	0.00030092
696	0.00029635
697	0.00029803
698	0.00031365
699	0.00028474
700	0.00193659
701	0.00039020
702	0.00030478
703	0.00043590
704	0.00026494
705	0.00119707
706	0.00037438
707	0.00033904
708	0.00031731
709	0.00051498
710	0.00028474
711	0.00025486
712	0.00028193
713	0.00032896
714	0.00025072
715	0.00025610
716	0.00039506
717	0.00047908
718	0.00055779
719	0.00025349
720	0.00028486
721	0.00042602
722	0.00029839
723	0.00032639
724	0.00110490
725	0.00040795
726	0.00027506
727	0.00030639
728	0.00043542
729	0.00029763
730	0.00031904
731	0.00046510
732	0.00037855
733	0.00032221
734	0.00028466
735	0.00023333
736	0.00029422
737	0.00029245
738	0.00053590
739	0.00038257
740	0.00114775
741	0.00028791
742	0.00037406
743	0.00024418
744	0.00027984
745	0.00023606
746	0.00041871
747	0.00025205
748	0.00024992
749	0.00030008
750	0.00033904
751	0.00026161
752	0.00029325
753	0.00036546
754	0.00122357
755	0.00034129
756	0.00024976
757	0.00027578
758	0.00031390
759	0.00037779
760	0.00025446
761	0.00047293
762	0.00026028
763	0.00025562
764	0.00026522
765	0.00037627
766	0.00031948
767	0.00023755
768	0.00033871
769	0.00030594
770	0.00025012
771	0.00034566
772	0.00030851
773	0.00047129
774	0.00036651
775	0.00035554
776	0.00030333
777	0.00149627
778	0.00128992
779	0.00036209
780	0.00038936
781	0.00052281
782	0.00045711
783	0.00027173
784	0.00046317
785	0.00027265
786	0.00031803
787	0.00186394
788	0.00136627
789	0.00042823
790	0.00030687
791	0.00114823
792	0.00030253
793	0.00037028
794	0.00181976
795	0.00036418
796	0.00026024
797	0.00028345
798	0.00130478
799	0.00026269
800	0.00033731
801	0.00043502
802	0.00043699
803	0.00040699
804	0.00143992
805	0.00023944
806	0.00029442
807	0.00121285
808	0.00024028
809	0.00029486
810	0.00136124
811	0.00034924
812	0.00152888
813	0.00026839
814	0.00034153
815	0.00025843
816	0.00026253
817	0.00025064
818	0.00030133
819	0.00023418
820	0.00038486
821	0.00035141
822	0.00125912
823	0.00032679
824	0.00025008
825	0.00032173
826	0.00045719
827	0.00023213
828	0.00039960
829	0.00026378
830	0.00027767
831	0.00026538
832	0.00031064
833	0.00123365
834	0.00023976
835	0.00036321
836	0.00128056
837	0.00031538
838	0.00032663
839	0.00118960
840	0.00030554
841	0.00034321
842	0.00125233
843	0.00050016
844	0.00024787
845	0.00125888
846	0.00039434
847	0.00042353
848	0.00031984
849	0.00032867
850	0.00039205
851	0.00032040
852	0.00030639
853	0.00059691
854	0.00041582
855	0.00124076
856	0.00038177
857	0.00025602
858	0.00122980
859	0.00030052
860	0.00037369
861	0.00046960
862	0.00044317
863	0.00031000
864	0.00023185
865	0.00024285
866	0.00273892
867	0.00174747
868	0.00025530
869	0.00025932
870	0.00039924
871	0.00029201
872	0.00029317
873	0.00121695
874	0.00029100
875	0.00058337
876	0.00041281
877	0.00034386
878	0.00027394
879	0.00043679
880	0.00029743
881	0.00035771
882	0.00046341
883	0.00039940
884	0.00032546
885	0.00030004
886	0.00034052
887	0.00111438
888	0.00119365
889	0.00028133
890	0.00037880
891	0.00023984
892	0.00036225
893	0.00041627
894	0.00031088
895	0.00029369
896	0.00023418
897	0.00023904
898	0.00034928
899	0.00027767
900	0.00023434
901	0.00028120
902	0.00034209
903	0.00027627
904	0.00035751
905	0.00073309
906	0.00032618
907	0.00078815
908	0.00130137
909	0.00031847
910	0.00025398
911	0.00116647
912	0.00024996
913	0.00027414
914	0.00060651
915	0.00036032
916	0.00032430
917	0.00115233
918	0.00056365
919	0.00119522
920	0.00041691
921	0.00044538
922	0.00046755
923	0.00024309
924	0.00025538
925	0.00040313
926	0.00027679
927	0.00030655
928	0.00027880
929	0.00046430
930	0.00034201
931	0.00062763
932	0.00031835
933	0.00037486
934	0.00121900
935	0.00027076
936	0.00028876
937	0.00024072
938	0.00120265
939	0.00039450
940	0.00028771
941	0.00030253
942	0.00159622
943	0.00030679
944	0.00047004
945	0.00028390
946	0.00045578
947	0.00032839
948	0.00026450
949	0.00029345
950	0.00036422
951	0.00030084
952	0.00038080
953	0.00117213
954	0.00027229
955	0.00025012
956	0.00045671
957	0.00042486
958	0.00026538
959	0.00026478
960	0.00045855
961	0.00033434
962	0.00055020
963	0.00137655
964	0.00029884
965	0.00032012
966	0.00034582
967	0.00027639
968	0.00029928
969	0.00026871
970	0.00047032
971	0.00042522
972	0.00039763
973	0.00122157
974	0.00043996
975	0.00043851
976	0.00028410
977	0.00040823
978	0.00041309
979	0.00033137
980	0.00034904
981	0.00033755
982	0.00034414
983	0.00033518
984	0.00024068
985	0.00026851
986	0.00030313
987	0.00047779
988	0.00023912
989	0.00167876
990	0.00025952
991	0.00051908
992	0.00024787
993	0.00119980
994	0.00044880
995	0.00047876
996	0.00028916
997	0.00032542
998	0.00027345
999	0.00065217
1000	0.00031522
1001	0.00024317
1002	0.00126277
1003	0.00026807
1004	0.00030610
1005	0.00034257
1006	0.00025032
1007	0.00137133
1008	0.00034104
1009	0.00024201
1010	0.00027024
1011	0.00043912
1012	0.00028940
1013	0.00127229
1014	0.00120253
1015	0.00027398
1016	0.00045357
1017	0.00142876
1018	0.00038253
1019	0.00025643
1020	0.00131847
1021	0.00024281
1022	0.00045414
1023	0.00032213
1024	0.00036687
1025	0.00047863
1026	0.00040189
1027	0.00116217
1028	0.00042426
1029	0.00048229
1030	0.00036378
1031	0.00118008
1032	0.00023317
1033	0.00034068
1034	0.00032851
1035	0.00023474
1036	0.00141265
1037	0.00024345
1038	0.00032490
1039	0.00025474
1040	0.00033165
1041	0.00028341
1042	0.00121249
1043	0.00034410
1044	0.00078076
1045	0.00026225
1046	0.00025695
1047	0.00050337
1048	0.00034643
1049	0.00034466
1050	0.00124703
1051	0.00041574
1052	0.00044908
1053	0.00030506
1054	0.00057253
1055	0.00024904
1056	0.00027008
1057	0.00030723
1058	0.00035149
1059	0.00031582
1060	0.00028470
1061	0.00030783
1062	0.00036177
1063	0.00025675
1064	0.00034426
1065	0.00034542
1066	0.00116373
1067	0.00027173
1068	0.00028245
1069	0.00027964
1070	0.00031145
1071	0.00035984
1072	0.00027068
1073	0.00034775
1074	0.00048751
1075	0.00030635
1076	0.00029703
1077	0.00029530
1078	0.00034819
1079	0.00038562
1080	0.00030373
1081	0.00028253
1082	0.00036779
1083	0.00041819
1084	0.00034892
1085	0.00034454
1086	0.00048936
1087	0.00110398
1088	0.00032040
1089	0.00030952
1090	0.00028482
1091	0.00141470
1092	0.00030000
1093	0.00109803
1094	0.00024353
1095	0.00032000
1096	0.00059418
1097	0.00034293
1098	0.00027285
1099	0.00027442
1100	0.00027249
1101	0.00036743
1102	0.00023390
1103	0.00044165
1104	0.00040510
1105	0.00045699
1106	0.00030245
1107	0.00039972
1108	0.00029647
1109	0.00025932
1110	0.00044120
1111	0.00029743
1112	0.00029084
1113	0.00033627
1114	0.00026193
1115	0.00030129
1116	0.00029936
1117	0.00025791
1118	0.00114410
1119	0.00118365
1120	0.00039233
1121	0.00054410
1122	0.00050892
1123	0.00064478
1124	0.00033398
1125	0.00043233
1126	0.00034422
1127	0.00025920
1128	0.00120703
1129	0.00030715
1130	0.00027285
1131	0.00176880
1132	0.00036390
1133	0.00026984
1134	0.00035430
1135	0.00037229
1136	0.00039305
1137	0.00168699
1138	0.00265570
1139	0.00023221
1140	0.00023715
1141	0.00153863
1142	0.00051418
1143	0.00131900
1144	0.00023422
1145	0.00026651
1146	0.00039048
1147	0.00048799
1148	0.00023751
1149	0.00037217
1150	0.00034622
1151	0.00130426
1152	0.00050618
1153	0.00023450
1154	0.00025767
1155	0.00047863
1156	0.00025835
1157	0.00027486
1158	0.00115506
1159	0.00048253
1160	0.00038747
1161	0.00040145
1162	0.00027876
1163	0.00128606
1164	0.00035940
1165	0.00043072
1166	0.00050494
1167	0.00029209
1168	0.00033100
1169	0.00036763
1170	0.00030892
1171	0.00034028
1172	0.00030618
1173	0.00037542
1174	0.00029538
1175	0.00123755
1176	0.00025165
1177	0.00043341
1178	0.00039040
1179	0.00030988
1180	0.00113032
1181	0.00031365
1182	0.00111213
1183	0.00028076
1184	0.00028213
1185	0.00039602
1186	0.00048888
1187	0.00026309
1188	0.00025739
1189	0.00043088
1190	0.00039550
1191	0.00029221
1192	0.00032956
1193	0.00026181
1194	0.00087032
1195	0.00031133
1196	0.00044538
1197	0.00030430
1198	0.00023329
1199	0.00046699
1200	0.00031916
1201	0.00023635
1202	0.00035000
1203	0.00028944
1204	0.00022936
1205	0.00035920
1206	0.00026622
1207	0.00023811
1208	0.00042012
1209	0.00024221
1210	0.00032996
1211	0.00027277
1212	0.00034703
1213	0.00027040
1214	0.00035566
1215	0.00025305
1216	0.00111305
1217	0.00047321
1218	0.00024016
1219	0.00025373
1220	0.00024968
1221	0.00027859
1222	0.00114582
1223	0.00033233
1224	0.00039341
1225	0.00034590
1226	0.00030928
1227	0.00028434
1228	0.00036249
1229	0.00052454
1230	0.00044257
1231	0.00048442
1232	0.00158671
1233	0.00032819
1234	0.00033888
1235	0.00030169
1236	0.00042691
1237	0.00022964
1238	0.00026952
1239	0.00024526
1240	0.00029454
1241	0.00117072
1242	0.00133631
1243	0.00038016
1244	0.00028120
1245	0.00142112
1246	0.00027908
1247	0.00030394
1248	0.00035028
1249	0.00045494
1250	0.00034414
1251	0.00025663
1252	0.00110173
1253	0.00023622
1254	0.00037309
1255	0.00029036
1256	0.00033920
1257	0.00036317
1258	0.00029799
1259	0.00033550
1260	0.00031124
1261	0.00025996
1262	0.00033884
1263	0.00029478
1264	0.00024438
1265	0.00042237
1266	0.00027088
1267	0.00044378
1268	0.00124430
1269	0.00027526
1270	0.00032723
1271	0.00034598
1272	0.00127361
1273	0.00027562
1274	0.00023723
1275	0.00108912
1276	0.00023373
1277	0.00028839
1278	0.00022952
1279	0.00038675
1280	0.00027743
1281	0.00032321
1282	0.00038406
1283	0.00037590
1284	0.00046466
1285	0.00033679
1286	0.00040976
1287	0.00028185
1288	0.00032880
1289	0.00025398
1290	0.00036458
1291	0.00023341
1292	0.00046928
1293	0.00023743
1294	0.00028803
1295	0.00027221
1296	0.00066723
1297	0.00033205
1298	0.00031141
1299	0.00034606
1300	0.00038651
1301	0.00035928
1302	0.00028855
1303	0.00037498
1304	0.00028727
1305	0.00032819
1306	0.00041691
1307	0.00023530
1308	0.00037590
1309	0.00026141
1310	0.00025446
1311	0.00058614
1312	0.00030434
1313	0.00029462
1314	0.00027012
1315	0.00031823
1316	0.00024735
1317	0.00031193
1318	0.00040855
1319	0.00124229
1320	0.00028185
1321	0.00030735
1322	0.00031161
1323	0.00038494
1324	0.00030655
1325	0.00037317
1326	0.00025004
1327	0.00023402
1328	0.00114675
1329	0.00035703
1330	0.00037855
1331	0.00030863
1332	0.00158438
1333	0.00031968
1334	0.00061687
1335	0.00028261
1336	0.00035285
1337	0.00027783
1338	0.00024755
1339	0.00034289
1340	0.00050008
1341	0.00025558
1342	0.00044064
1343	0.00029928
1344	0.00062863
1345	0.00028197
1346	0.00029205
1347	0.00025313
1348	0.00025181
1349	0.00037486
1350	0.00023329
1351	0.00025964
1352	0.00083337
1353	0.00066382
1354	0.00030514
1355	0.00052944
1356	0.00025582
1357	0.00025892
1358	0.00025851
1359	0.00024590
1360	0.00023518
1361	0.00027293
1362	0.00103446
1363	0.00026880
1364	0.00036012
1365	0.00029249
1366	0.00040072
1367	0.00054241
1368	0.00025952
1369	0.00034329
1370	0.00084004
1371	0.00031655
1372	0.00027807
1373	0.00029948
1374	0.00026281
1375	0.00039466
1376	0.00024197
1377	0.00024823
1378	0.00027663
1379	0.00162952
1380	0.00028791
1381	0.00030076
1382	0.00029458
1383	0.00121165
1384	0.00037606
1385	0.00027028
1386	0.00048863
1387	0.00030618
1388	0.00026892
1389	0.00039084
1390	0.00053012
1391	0.00031438
1392	0.00040124
1393	0.00054807
1394	0.00024080
1395	0.00121237
1396	0.00044968
1397	0.00027594
1398	0.00108811
1399	0.00029474
1400	0.00030739
1401	0.00030257
1402	0.00023365
1403	0.00040570
1404	0.00054831
1405	0.00032032
1406	0.00028386
1407	0.00026181
1408	0.00026173
1409	0.00034976
1410	0.00033466
1411	0.00032751
1412	0.00117855
1413	0.00036257
1414	0.00115635
1415	0.00030241
1416	0.00033169
1417	0.00024092
1418	0.00027936
1419	0.00023679
1420	0.00122530
1421	0.00029430
1422	0.00039052
1423	0.00028542
1424	0.00041004
1425	0.00032177
1426	0.00106562
1427	0.00048024
1428	0.00052711
1429	0.00029373
1430	0.00121193
1431	0.00036386
1432	0.00055510
1433	0.00054980
1434	0.00124767
1435	0.00033474
1436	0.00032020
1437	0.00026980
1438	0.00026309
1439	0.00024582
1440	0.00026546
1441	0.00027719
1442	0.00043273
1443	0.00143703
1444	0.00109108
1445	0.00039554
1446	0.00029193
1447	0.00034321
1448	0.00033775
1449	0.00132273
1450	0.00030333
1451	0.00029008
1452	0.00118337
1453	0.00026345
1454	0.00042590
1455	0.00125201
1456	0.00045514
1457	0.00028799
1458	0.00049671
1459	0.00034855
1460	0.00032430
1461	0.00062655
1462	0.00039321
1463	0.00040100
1464	0.00025635
1465	0.00044225
1466	0.00117566
1467	0.00037165
1468	0.00026056
1469	0.00036100
1470	0.00035104
1471	0.00026293
1472	0.00027169
1473	0.00040787
1474	0.00023964
1475	0.00033269
1476	0.00026293
1477	0.00116365
1478	0.00041759
1479	0.00126618
1480	0.00028028
1481	0.00032924
1482	0.00118767
1483	0.00041968
1484	0.00026265
1485	0.00045691
1486	0.00112032
1487	0.00115141
1488	0.00136667
1489	0.00039787
1490	0.00052008
1491	0.00117349
1492	0.00028036
1493	0.00036201
1494	0.00029900
1495	0.00024843
1496	0.00030791
1497	0.00033631
1498	0.00039723
1499	0.00027574
1500	0.00025996
1501	0.00026474
1502	0.00026096
1503	0.00031470
1504	0.00030723
1505	0.00055896
1506	0.00028884
1507	0.00029157
1508	0.00032590
1509	0.00119944
1510	0.00057739
1511	0.00027414
1512	0.00025333
1513	0.00028803
1514	0.00119217
1515	0.00103470
1516	0.00039659
1517	0.00029795
1518	0.00026398
1519	0.00072976
1520	0.00036598
1521	0.00045614
1522	0.00031719
1523	0.00038823
1524	0.00028402
1525	0.00036518
1526	0.00065185
1527	0.00039116
1528	0.00033080
1529	0.00029225
1530	0.00030221
1531	0.00033534
1532	0.00026277
1533	0.00030819
1534	0.00027699
1535	0.00039711
1536	0.00041084
1537	0.00033048
1538	0.00034594
1539	0.00035462
1540	0.00031691
1541	0.00023586
1542	0.00027498
1543	0.00027325
1544	0.00119237
1545	0.00121602
1546	0.00024386
1547	0.00023683
1548	0.00118618
1549	0.00026558
1550	0.00030578
1551	0.00026161
1552	0.00111771
1553	0.00026884
1554	0.00032458
1555	0.00031498
1556	0.00045406
1557	0.00043606
1558	0.00042711
1559	0.00025341
1560	0.00039474
1561	0.00028369
1562	0.00023952
1563	0.00113791
1564	0.00128948
1565	0.00067209
1566	0.00024675
1567	0.00025964
1568	0.00038984
1569	0.00112466
1570	0.00031197
1571	0.00121590
1572	0.00024811
1573	0.00032265
1574	0.00043181
1575	0.00026341
1576	0.00028851
1577	0.00128165
1578	0.00030932
1579	0.00023904
1580	0.00122096
1581	0.00112386
1582	0.00028731
1583	0.00125369
1584	0.00026723
1585	0.00026892
1586	0.00030703
1587	0.00023293
1588	0.00119317
1589	0.00027614
1590	0.00023357
1591	0.00044847
1592	0.00146835
1593	0.00134807
1594	0.00035767
1595	0.00027378
1596	0.00029763
1597	0.00032920
1598	0.00029627
1599	0.00023213
1600	0.00036285
1601	0.00026406
1602	0.00024863
1603	0.00034602
1604	0.00023418
1605	0.00039052
1606	0.00110181
1607	0.00139008
1608	0.00103273
1609	0.00025976
1610	0.00033277
1611	0.00029851
1612	0.00035707
1613	0.00025502
1614	0.00112811
1615	0.00023900
1616	0.00029446
1617	0.00113502
1618	0.00123699
1619	0.00038819
1620	0.00031406
1621	0.00032711
1622	0.00050727
1623	0.00124064
1624	0.00119719
1625	0.00023904
1626	0.00140305
1627	0.00034341
1628	0.00033988
1629	0.00031153
1630	0.00033386
1631	0.00120570
1632	0.00023900
1633	0.00115711
1634	0.00033610
1635	0.00066562
1636	0.00024590
1637	0.00085807
1638	0.00030129
1639	0.00038827
1640	0.00027277
1641	0.00024867
1642	0.00024663
1643	0.00031048
1644	0.00028052
1645	0.00027269
1646	0.00025944
1647	0.00038988
1648	0.00038956
1649	0.00037851
1650	0.00025253
1651	0.00031968
1652	0.00038402
1653	0.00037116
1654	0.00036799
1655	0.00031787
1656	0.00032896
1657	0.00138137
1658	0.00027952
1659	0.00117526
1660	0.00030261
1661	0.00144265
1662	0.00036165
1663	0.00028149
1664	0.00024908
1665	0.00110847
1666	0.00024470
1667	0.00032647
1668	0.00024871
1669	0.00025008
1670	0.00044076
1671	0.00138426
1672	0.00033727
1673	0.00033414
1674	0.00028735
1675	0.00033004
1676	0.00028586
1677	0.00027823
1678	0.00068141
1679	0.00024936
1680	0.00031325
1681	0.00036980
1682	0.00025735
1683	0.00036578
1684	0.00023522
1685	0.00125530
1686	0.00034249
1687	0.00122526
1688	0.00057667
1689	0.00029273
1690	0.00113771
1691	0.00028353
1692	0.00026466
1693	0.00104566
1694	0.00026683
1695	0.00036791
1696	0.00027297
1697	0.00125321
1698	0.00029731
1699	0.00023361
1700	0.00026221
1701	0.00028309
1702	0.00027145
1703	0.00031554
1704	0.00030980
1705	0.00035349
1706	0.00027936
1707	0.00054610
1708	0.00040205
1709	0.00023703
1710	0.00027454
1711	0.00126076
1712	0.00117145
1713	0.00036369
1714	0.00025711
1715	0.00023213
1716	0.00030570
1717	0.00040373
1718	0.00038169
1719	0.00024120
1720	0.00030345
1721	0.00041703
1722	0.00028771
1723	0.00027566
1724	0.00024076
1725	0.00024430
1726	0.00027691
1727	0.00137438
1728	0.00025731
1729	0.00035161
1730	0.00030747
1731	0.00029205
1732	0.00035116
1733	0.00031120
1734	0.00023968
1735	0.00043948
1736	0.00025871
1737	0.00023502
1738	0.00033892
1739	0.00030309
1740	0.00027699
1741	0.00028024
1742	0.00113699
1743	0.00027068
1744	0.00031542
1745	0.00117422
1746	0.00032727
1747	0.00032120
1748	0.00034129
1749	0.00023518
1750	0.00032402
1751	0.00028988
1752	0.00035261
1753	0.00130430
1754	0.00042108
1755	0.00023020
1756	0.00052884
1757	0.00041386
1758	0.00113406
1759	0.00039386
1760	0.00066956
1761	0.00119622
1762	0.00030112
1763	0.00119855
1764	0.00128088
1765	0.00153799
1766	0.00029880
1767	0.00039293
1768	0.00025245
1769	0.00038016
1770	0.00050277
1771	0.00133462
1772	0.00036237
1773	0.00024530
1774	0.00030084
1775	0.00025080
1776	0.00028016
1777	0.00047048
1778	0.00023165
1779	0.00030237
1780	0.00024470
1781	0.00029771
1782	0.00035811
1783	0.00048570
1784	0.00026116
1785	0.00028514
1786	0.00033229
1787	0.00024414
1788	0.00026301
1789	0.00034827
1790	0.00114996
1791	0.00024976
1792	0.00032016
1793	0.00030900
1794	0.00033976
1795	0.00029779
1796	0.00027904
1797	0.00029618
1798	0.00111498
1799	0.00109723
1800	0.00033522
1801	0.00026799
1802	0.00138474
1803	0.00032643
1804	0.00026265
1805	0.00034032
1806	0.00037137
1807	0.00028024
1808	0.00122426
1809	0.00056679
1810	0.00033719
1811	0.00029373
1812	0.00027618
1813	0.00026627
1814	0.00044422
1815	0.00029333
1816	0.00033149
1817	0.00033482
1818	0.00024373
1819	0.00128703
1820	0.00113723
1821	0.00131345
1822	0.00032108
1823	0.00140357
1824	0.00030900
1825	0.00030096
1826	0.00029526
1827	0.00028325
1828	0.00139715
1829	0.00027253
1830	0.00039245
1831	0.00026080
1832	0.00024020
1833	0.00026353
1834	0.00024169
1835	0.00028193
1836	0.00032229
1837	0.00024618
1838	0.00121799
1839	0.00035614
1840	0.00032402
1841	0.00045731
1842	0.00044478
1843	0.00027277
1844	0.00027819
1845	0.00128655
1846	0.00122060
1847	0.00032827
1848	0.00041012
1849	0.00155679
1850	0.00023867
1851	0.00124984
1852	0.00032357
1853	0.00119968
1854	0.00031458
1855	0.00024542
1856	0.00033016
1857	0.00031795
1858	0.00028855
1859	0.00024414
1860	0.00025651
1861	0.00034221
1862	0.00028265
1863	0.00027277
1864	0.00032020
1865	0.00037988
1866	0.00030988
1867	0.00034876
1868	0.00033550
1869	0.00027835
1870	0.00024562
1871	0.00028956
1872	0.00131996
1873	0.00030546
1874	0.00030217
1875	0.00029020
1876	0.00029735
1877	0.00029249
1878	0.00024892
1879	0.00126510
1880	0.00028952
1881	0.00025823
1882	0.00075928
1883	0.00025518
1884	0.00031193
1885	0.00025020
1886	0.00033446
1887	0.00029482
1888	0.00116546
1889	0.00033651
1890	0.00112703
1891	0.00024088
1892	0.00027072
1893	0.00029402
1894	0.00025755
1895	0.00030048
1896	0.00113562
1897	0.00050398
1898	0.00039422
1899	0.00131791
1900	0.00036309
1901	0.00025096
1902	0.00118321
1903	0.00039378
1904	0.00116884
1905	0.00046189
1906	0.00032120
1907	0.00027281
1908	0.00025614
1909	0.00024373
1910	0.00031209
1911	0.00027679
1912	0.00028486
1913	0.00028382
1914	0.00028795
1915	0.00108610
1916	0.00114285
1917	0.00032614
1918	0.00119723
1919	0.00025663
1920	0.00025498
1921	0.00053201
1922	0.00030004
1923	0.00028582
1924	0.00026719
1925	0.00023936
1926	0.00055349
1927	0.00025651
1928	0.00033281
1929	0.00124506
1930	0.00031096
1931	0.00027297
1932	0.00036032
1933	0.00035695
1934	0.00024438
1935	0.00029888
1936	0.00028241
1937	0.00025570
1938	0.00044711
1939	0.00027554
1940	0.00112060
1941	0.00128004
1942	0.00025064
1943	0.00025373
1944	0.00049277
1945	0.00036173
1946	0.00025257
1947	0.00033771
1948	0.00033000
1949	0.00024996
1950	0.00026940
1951	0.00148450
1952	0.00065229
1953	0.00035237
1954	0.00027960
1955	0.00025683
1956	0.00027779
1957	0.00029072
1958	0.00027892
1959	0.00030546
1960	0.00026936
1961	0.00032614
1962	0.00124418
1963	0.00121157
1964	0.00030169
1965	0.00039048
1966	0.00042233
1967	0.00025084
1968	0.00032888
1969	0.00032667
1970	0.00127177
1971	0.00023635
1972	0.00023614
1973	0.00031960
1974	0.00037566
1975	0.00034859
1976	0.00051301
1977	0.00121871
1978	0.00034554
1979	0.00123863
1980	0.00133181
1981	0.00065783
1982	0.00105932
1983	0.00025863
1984	0.00024876
1985	0.00132703
1986	0.00028538
1987	0.00034141
1988	0.00040574
1989	0.00120281
1990	0.00105036
1991	0.00026454
1992	0.00033884
1993	0.00036984
1994	0.00032341
1995	0.00042546
1996	0.00038996
1997	0.00041827
1998	0.00029406
1999	0.00027365
2000	0.00024743
2001	0.00035088
2002	0.00040249
2003	0.00111542
2004	0.00023177
2005	0.00118900
2006	0.00129478
2007	0.00040321
2008	0.00028984
2009	0.00031048
2010	0.00034277
2011	0.00030390
2012	0.00122141
2013	0.00033253
2014	0.00042747
2015	0.00032478
2016	0.00048269
2017	0.00024904
2018	0.00028454
2019	0.00039530
2020	0.00120185
2021	0.00029731
2022	0.00029755
2023	0.00027843
2024	0.00035747
2025	0.00025598
2026	0.00031992
2027	0.00032345
2028	0.00049554
2029	0.00025104
2030	0.00030068
2031	0.00027490
2032	0.00031462
2033	0.00026940
2034	0.00127502
2035	0.00023679
2036	0.00120920
2037	0.00126064
2038	0.00032542
2039	0.00122671
2040	0.00037193
2041	0.00028426
2042	0.00034297
2043	0.00106056
2044	0.00025767
2045	0.00062755
2046	0.00027458
2047	0.00023566
2048	0.00032406
2049	0.00053992
2050	0.00058514
2051	0.00030992
2052	0.00023803
2053	0.00026072
2054	0.00028309
2055	0.00023466
2056	0.00026458
2057	0.00033165
2058	0.00028602
2059	0.00054960
2060	0.00026088
2061	0.00039570
2062	0.00071803
2063	0.00028635
2064	0.00031056
2065	0.00037775
2066	0.00033562
2067	0.00035317
2068	0.00036707
2069	0.00024092
2070	0.00055329
2071	0.00030807
2072	0.00025647
2073	0.00153092
2074	0.00036683
2075	0.00115755
2076	0.00039052
2077	0.00032141
2078	0.00033305
2079	0.00029398
2080	0.00026924
2081	0.00029960
2082	0.00035859
2083	0.00028177
2084	0.00028373
2085	0.00028422
2086	0.00025831
2087	0.00023871
2088	0.00027100
2089	0.00025369
2090	0.00025550
2091	0.00035655
2092	0.00031570
2093	0.00113900
2094	0.00028691
2095	0.00034663
2096	0.00027711
2097	0.00049141
2098	0.00033349
2099	0.00028104
2100	0.00030341
2101	0.00027514
2102	0.00025173
2103	0.00030659
2104	0.00039707
2105	0.00023558
2106	0.00038843
2107	0.00031606
2108	0.00025775
2109	0.00025257
2110	0.00032904
2111	0.00033538
2112	0.00023317
2113	0.00026024
2114	0.00029325
2115	0.00045534
2116	0.00046357
2117	0.00041924
2118	0.00024699
2119	0.00028771
2120	0.00042390
2121	0.00111309
2122	0.00032775
2123	0.00039269
2124	0.00027494
2125	0.00025763
2126	0.00032795
2127	0.00023843
2128	0.00038285
2129	0.00029530
2130	0.00109739
2131	0.00025759
2132	0.00066446
2133	0.00031133
2134	0.00025133
2135	0.00031912
2136	0.00051297
2137	0.00026466
2138	0.00024474
2139	0.00038843
2140	0.00259506
2141	0.00034546
2142	0.00023510
2143	0.00045546
2144	0.00031353
2145	0.00036952
2146	0.00035341
2147	0.00047815
2148	0.00023606
2149	0.00030104
2150	0.00051016
2151	0.00118277
2152	0.00028622
2153	0.00029096
2154	0.00055767
2155	0.00032036
2156	0.00033711
2157	0.00042606
2158	0.00035876
2159	0.00030145
2160	0.00028169
2161	0.00033100
2162	0.00052851
2163	0.00031012
2164	0.00029651
2165	0.00114574
2166	0.00029751
2167	0.00025920
2168	0.00027402
2169	0.00048205
2170	0.00042506
2171	0.00028233
2172	0.00026213
2173	0.00033514
2174	0.00065205
2175	0.00055839
2176	0.00035289
2177	0.00024502
2178	0.00030843
2179	0.00028494
2180	0.00032289
2181	0.00025470
2182	0.00028004
2183	0.00031835
2184	0.00052490
2185	0.00035325
2186	0.00027695
2187	0.00036892
2188	0.00040948
2189	0.00038345
2190	0.00040550
2191	0.00025598
2192	0.00047859
2193	0.00033695
2194	0.00125799
2195	0.00040161
2196	0.00027590
2197	0.00029466
2198	0.00023100
2199	0.00031880
2200	0.00030647
2201	0.00033655
2202	0.00024382
2203	0.00029542
2204	0.00028116
2205	0.00030554
2206	0.00033791
2207	0.00027337
2208	0.00038884
2209	0.00039201
2210	0.00032695
2211	0.00049233
2212	0.00037663
2213	0.00034418
2214	0.00025687
2215	0.00033470
2216	0.00025627
2217	0.00053855
2218	0.00055884
2219	0.00033956
2220	0.00032928
2221	0.00023353
2222	0.00119474
2223	0.00027269
2224	0.00035024
2225	0.00037149
2226	0.00028863
2227	0.00025016
2228	0.00111056
2229	0.00028116
2230	0.00031534
2231	0.00034293
2232	0.00045337
2233	0.00125000
2234	0.00029799
2235	0.00039675
2236	0.00025940
2237	0.00118932
2238	0.00045373
2239	0.00025675
2240	0.00032659
2241	0.00027715
2242	0.00031177
2243	0.00033394
2244	0.00028534
2245	0.00027100
2246	0.00027012
2247	0.00028088
2248	0.00041976
2249	0.00108193
2250	0.00028843
2251	0.00037711
2252	0.00041000
2253	0.00029012
2254	0.00034325
2255	0.00112137
2256	0.00024040
2257	0.00053695
2258	0.00024618
2259	0.00027558
2260	0.00027157
2261	0.00055293
2262	0.00032614
2263	0.00036454
2264	0.00031305
2265	0.00027546
2266	0.00023783
2267	0.00030293
2268	0.00032996
2269	0.00035297
2270	0.00033462
2271	0.00030406
2272	0.00024671
2273	0.00124442
2274	0.00024558
2275	0.00026602
2276	0.00111161
2277	0.00145932
2278	0.00030269
2279	0.00028345
2280	0.00123655
2281	0.00136831
2282	0.00030659
2283	0.00040329
2284	0.00128161
2285	0.00030622
2286	0.00028189
2287	0.00035466
2288	0.00025185
2289	0.00027345
2290	0.00117345
2291	0.00025847
2292	0.00111088
2293	0.00034683
2294	0.00133779
2295	0.00037229
2296	0.00028892
2297	0.00035317
2298	0.00117269
2299	0.00125510
2300	0.00024080
2301	0.00042056
2302	0.00038727
2303	0.00023723
2304	0.00036301
2305	0.00148968
2306	0.00132060
2307	0.00027835
2308	0.00027446
2309	0.00024369
2310	0.00034112
2311	0.00025209
2312	0.00039169
2313	0.00025711
2314	0.00034462
2315	0.00034920
2316	0.00112759
2317	0.00026124
2318	0.00114570
2319	0.00126221
2320	0.00028783
2321	0.00024851
2322	0.00025149
2323	0.00124735
2324	0.00038341
2325	0.00030815
2326	0.00027912
2327	0.00025526
2328	0.00040249
2329	0.00028269
2330	0.00030711
2331	0.00040498
2332	0.00032582
2333	0.00038414
2334	0.00028727
2335	0.00128799
2336	0.00044739
2337	0.00118502
2338	0.00025703
2339	0.00118104
2340	0.00026345
2341	0.00023482
2342	0.00039884
2343	0.00042839
2344	0.00027896
2345	0.00023799
2346	0.00025783
2347	0.00038173
2348	0.00038719
2349	0.00102538
2350	0.00022956
2351	0.00041928
2352	0.00114293
2353	0.00026976
2354	0.00117482
2355	0.00045257
2356	0.00024751
2357	0.00156502
2358	0.00026092
2359	0.00028928
2360	0.00134867
2361	0.00031060
2362	0.00120060
2363	0.00031627
2364	0.00024197
2365	0.00028173
2366	0.00037402
2367	0.00110341
2368	0.00026474
2369	0.00119707
2370	0.00028430
2371	0.00122635
2372	0.00037253
2373	0.00126141
2374	0.00024727
2375	0.00039165
2376	0.00045426
2377	0.00036157
2378	0.00034373
2379	0.00042908
2380	0.00033305
2381	0.00025602
2382	0.00030984
2383	0.00137486
2384	0.00027988
2385	0.00030739
2386	0.00147655
2387	0.00039506
2388	0.00031241
2389	0.00035771
2390	0.00029361
2391	0.00029570
2392	0.00029450
2393	0.00023739
2394	0.00126112
2395	0.00027783
2396	0.00104373
2397	0.00124514
2398	0.00026996
2399	0.00027173
2400	0.00136076
2401	0.00029880
2402	0.00025390
2403	0.00026373
2404	0.00141020
2405	0.00031723
2406	0.00125245
2407	0.00030430
2408	0.00181699
2409	0.00024582
2410	0.00148337
2411	0.00027643
2412	0.00041486
2413	0.00024133
2414	0.00062900
2415	0.00034651
2416	0.00025365
2417	0.00149422
2418	0.00040285
2419	0.00029968
2420	0.00032590
2421	0.00118779
2422	0.00028871
2423	0.00024281
2424	0.00027369
2425	0.00025197
2426	0.00023197
2427	0.00024739
2428	0.00029100
2429	0.00141068
2430	0.00028112
2431	0.00037775
2432	0.00120100
2433	0.00032293
2434	0.00027546
2435	0.00035197
2436	0.00026289
2437	0.00027574
2438	0.00027129
2439	0.00050177
2440	0.00036936
2441	0.00025554
2442	0.00031506
2443	0.00126269
2444	0.00028092
2445	0.00049382
2446	0.00059699
2447	0.00125345
2448	0.00052422
2449	0.00142185
2450	0.00035297
2451	0.00039305
2452	0.00025418
2453	0.00142438
2454	0.00027783
2455	0.00033470
2456	0.00023659
2457	0.00036687
2458	0.00055968
2459	0.00024751
2460	0.00044908
2461	0.00050024
2462	0.00034767
2463	0.00024904
2464	0.00028104
2465	0.00118410
2466	0.00038414
2467	0.00037169
2468	0.00031896
2469	0.00128386
2470	0.00036976
2471	0.00040398
2472	0.00087639
2473	0.00123173
2474	0.00052120
2475	0.00027454
2476	0.00026904
2477	0.00036321
2478	0.00039526
2479	0.00031574
2480	0.00036908
2481	0.00055141
2482	0.00041550
2483	0.00041092
2484	0.00034157
2485	0.00024197
2486	0.00125542
2487	0.00044928
2488	0.00027920
2489	0.00059819
2490	0.00037072
2491	0.00025205
2492	0.00036791
2493	0.00039016
2494	0.00035145
2495	0.00115422
2496	0.00028024
2497	0.00030980
2498	0.00027960
2499	0.00088779
2500	0.00116622
2501	0.00030695
2502	0.00044747
2503	0.00160329
2504	0.00126373
2505	0.00114602
2506	0.00027064
2507	0.00032088
2508	0.00026687
2509	0.00032602
2510	0.00027426
2511	0.00029438
2512	0.00038060
2513	0.00024124
2514	0.00034297
2515	0.00033843
2516	0.00141161
2517	0.00028494
2518	0.00131558
2519	0.00032867
2520	0.00027578
2521	0.00034317
2522	0.00164080
2523	0.00029691
2524	0.00026265
2525	0.00116763
2526	0.00040357
2527	0.00027823
2528	0.00025518
2529	0.00048337
2530	0.00110610
2531	0.00030301
2532	0.00031012
2533	0.00109060
2534	0.00120261
2535	0.00032149
2536	0.00025972
2537	0.00024297
2538	0.00129072
2539	0.00032454
2540	0.00107550
2541	0.00028534
2542	0.00029880
2543	0.00027225
2544	0.00030916
2545	0.00039149
2546	0.00034100
2547	0.00120647
2548	0.00132960
2549	0.00041912
2550	0.00028783
2551	0.00030209
2552	0.00043944
2553	0.00025671
2554	0.00031795
2555	0.00030880
2556	0.00034394
2557	0.00034663
2558	0.00131679
2559	0.00029076
2560	0.00049349
2561	0.00111582
2562	0.00116823
2563	0.00056016
2564	0.00026880
2565	0.00027960
2566	0.00025149
2567	0.00027273
2568	0.00030751
2569	0.00107052
2570	0.00046382
2571	0.00037703
2572	0.00145301
2573	0.00132474
2574	0.00047309
2575	0.00151261
2576	0.00045096
2577	0.00024329
2578	0.00029450
2579	0.00028964
2580	0.00032301
2581	0.00026349
2582	0.00132494
2583	0.00029458
2584	0.00027285
2585	0.00097225
2586	0.00120506
2587	0.00053072
2588	0.00126080
2589	0.00024345
2590	0.00034635
2591	0.00036044
2592	0.00103827
2593	0.00046357
2594	0.00025221
2595	0.00038249
2596	0.00042514
2597	0.00152510
2598	0.00038068
2599	0.00049984
2600	0.00025289
2601	0.00026550
2602	0.00059297
2603	0.00048546
2604	0.00025759
2605	0.00039739
2606	0.00036972
2607	0.00027157
2608	0.00115466
2609	0.00043165
2610	0.00035116
2611	0.00026542
2612	0.00032631
2613	0.00148839
2614	0.00035454
2615	0.00037466
2616	0.00027598
2617	0.00033691
2618	0.00026739
2619	0.00024153
2620	0.00026494
2621	0.00027137
2622	0.00032165
2623	0.00024365
2624	0.00034526
2625	0.00034936
2626	0.00040177
2627	0.00153663
2628	0.00035076
2629	0.00029233
2630	0.00025703
2631	0.00035992
2632	0.00041205
2633	0.00054249
2634	0.00042763
2635	0.00128723
2636	0.00026289
2637	0.00033631
2638	0.00035622
2639	0.00025386
2640	0.00026996
2641	0.00033016
2642	0.00035482
2643	0.00049916
2644	0.00039502
2645	0.00114924
2646	0.00026229
2647	0.00035908
2648	0.00024402
2649	0.00117012
2650	0.00108036
2651	0.00023851
2652	0.00023586
2653	0.00154120
2654	0.00026843
2655	0.00115538
2656	0.00030201
2657	0.00024526
2658	0.00032558
2659	0.00144892
2660	0.00056490
2661	0.00027727
2662	0.00028044
2663	0.00035610
2664	0.00119229
2665	0.00132924
2666	0.00033028
2667	0.00139036
2668	0.00035157
2669	0.00032936
2670	0.00053799
2671	0.00025631
2672	0.00138129
2673	0.00028000
2674	0.00120024
2675	0.00134301
2676	0.00113534
2677	0.00042181
2678	0.00025149
2679	0.00050514
2680	0.00033161
2681	0.00117711
2682	0.00114217
2683	0.00030667
2684	0.00036952
2685	0.00026068
2686	0.00033550
2687	0.00028221
2688	0.00027554
2689	0.00025189
2690	0.00036518
2691	0.00035731
2692	0.00033141
2693	0.00027205
2694	0.00111550
2695	0.00025884
2696	0.00035928
2697	0.00024108
2698	0.00152639
2699	0.00028145
2700	0.00034277
2701	0.00024811
2702	0.00036277
2703	0.00025486
2704	0.00122108
2705	0.00028402
2706	0.00028052
2707	0.00030683
2708	0.00026373
2709	0.00025020
2710	0.00031008
2711	0.00030024
2712	0.00039173
2713	0.00036289
2714	0.00029892
2715	0.00026369
2716	0.00032534
2717	0.00032723
2718	0.00142980
2719	0.00023703
2720	0.00120104
2721	0.00033635
2722	0.00037221
2723	0.00029249
2724	0.00139076
2725	0.00026486
2726	0.00026586
2727	0.00052325
2728	0.00048185
2729	0.00111458
2730	0.00029759
2731	0.00136129
2732	0.00120153
2733	0.00037329
2734	0.00034534
2735	0.00037863
2736	0.00054578
2737	0.00028530
2738	0.00043582
2739	0.00026237
2740	0.00031574
2741	0.00038394
2742	0.00025265
2743	0.00029120
2744	0.00029265
2745	0.00116285
2746	0.00041980
2747	0.00127880
2748	0.00044120
2749	0.00034847
2750	0.00026004
2751	0.00025984
2752	0.00027454
2753	0.00126799
2754	0.00023855
2755	0.00123169
2756	0.00029791
2757	0.00127418
2758	0.00047655
2759	0.00040430
2760	0.00024880
2761	0.00028502
2762	0.00026349
2763	0.00049908
2764	0.00025743
2765	0.00035012
2766	0.00029193
2767	0.00030474
2768	0.00081462
2769	0.00030112
2770	0.00027618
2771	0.00053896
2772	0.00036353
2773	0.00040357
2774	0.00118675
2775	0.00030394
2776	0.00034968
2777	0.00030080
2778	0.00036378
2779	0.00037036
2780	0.00030610
2781	0.00036996
2782	0.00038349
2783	0.00031153
2784	0.00035257
2785	0.00025783
2786	0.00033968
2787	0.00024016
2788	0.00031422
2789	0.00125992
2790	0.00137221
2791	0.00110570
2792	0.00049855
2793	0.00033040
2794	0.00045968
2795	0.00052522
2796	0.00030723
2797	0.00037205
2798	0.00175807
2799	0.00041956
2800	0.00030631
2801	0.00031261
2802	0.00119827
2803	0.00025618
2804	0.00048759
2805	0.00028731
2806	0.00127317
2807	0.00115249
2808	0.00026675
2809	0.00033229
2810	0.00138550
2811	0.00042100
2812	0.00118976
2813	0.00127703
2814	0.00138602
2815	0.00135402
2816	0.00038647
2817	0.00039273
2818	0.00049080
2819	0.00025715
2820	0.00139731
2821	0.00126486
2822	0.00024771
2823	0.00033141
2824	0.00034165
2825	0.00026137
2826	0.00115269
2827	0.00026201
2828	0.00125486
2829	0.00027454
2830	0.00027715
2831	0.00033606
2832	0.00059349
2833	0.00023478
2834	0.00032442
2835	0.00026827
2836	0.00040341
2837	0.00027522
2838	0.00025277
2839	0.00028233
2840	0.00022940
2841	0.00023462
2842	0.00066691
2843	0.00029245
2844	0.00035683
2845	0.00067249
2846	0.00037514
2847	0.00026871
2848	0.00142149
2849	0.00127582
2850	0.00024683
2851	0.00026892
2852	0.00028369
2853	0.00031755
2854	0.00037012
2855	0.00039855
2856	0.00027498
2857	0.00144791
2858	0.00023635
2859	0.00118124
2860	0.00023928
2861	0.00025566
2862	0.00036715
2863	0.00023189
2864	0.00036454
2865	0.00031727
2866	0.00024743
2867	0.00033482
2868	0.00031060
2869	0.00031715
2870	0.00141341
2871	0.00125594
2872	0.00030703
2873	0.00032932
2874	0.00070466
2875	0.00035795
2876	0.00028871
2877	0.00034494
2878	0.00114691
2879	0.00033787
2880	0.00050916
2881	0.00028373
2882	0.00135325
2883	0.00039863
2884	0.00040024
2885	0.00035060
2886	0.00139237
2887	0.00033474
2888	0.00029116
2889	0.00028020
2890	0.00027265
2891	0.00033731
2892	0.00036948
2893	0.00024811
2894	0.00128554
2895	0.00036213
2896	0.00025076
2897	0.00126221
2898	0.00041510
2899	0.00045040
2900	0.00025108
2901	0.00130518
2902	0.00031145
2903	0.00036305
2904	0.00040795
2905	0.00038659
2906	0.00041486
2907	0.00054120
2908	0.00157402
2909	0.00068281
2910	0.00023952
2911	0.00025020
2912	0.00038538
2913	0.00044711
2914	0.00023827
2915	0.00035554
2916	0.00035129
2917	0.00115751
2918	0.00027056
2919	0.00113092
2920	0.00139321
2921	0.00040900
2922	0.00029241
2923	0.00042249
2924	0.00023715
2925	0.00029378
2926	0.00026707
2927	0.00027928
2928	0.00127751
2929	0.00025510
2930	0.00025827
2931	0.00031823
2932	0.00033731
2933	0.00025526
2934	0.00037851
2935	0.00046578
2936	0.00029285
2937	0.00030892
2938	0.00027807
2939	0.00032120
2940	0.00034096
2941	0.00126373
2942	0.00119912
2943	0.00023566
2944	0.00039727
2945	0.00024755
2946	0.00038213
2947	0.00025618
2948	0.00031482
2949	0.00125892
2950	0.00032088
2951	0.00118245
2952	0.00040980
2953	0.00037257
2954	0.00115944
2955	0.00027783
2956	0.00031028
2957	0.00076671
2958	0.00040880
2959	0.00023851
2960	0.00029647
2961	0.00026651
2962	0.00029486
2963	0.00038952
2964	0.00060614
2965	0.00043687
2966	0.00031924
2967	0.00040747
2968	0.00028827
2969	0.00041462
2970	0.00034498
2971	0.00034161
2972	0.00139261
2973	0.00025763
2974	0.00035301
2975	0.00033124
2976	0.00023369
2977	0.00030639
2978	0.00155056
2979	0.00030012
2980	0.00029386
2981	0.00029289
2982	0.00030859
2983	0.00042743
2984	0.00040112
2985	0.00042153
2986	0.00037177
2987	0.00127538
2988	0.00034036
2989	0.00122747
2990	0.00035361
2991	0.00022976
2992	0.00030060
2993	0.00025040
2994	0.00118639
2995	0.00033442
2996	0.00041040
2997	0.00220880
2998	0.00042378
2999	0.00116884
3000	0.00035036
3001	0.00037474
3002	0.00030253
3003	0.00065667
3004	0.00030578
3005	0.00109984
3006	0.00036466
3007	0.00036610
3008	0.00138988
3009	0.00039767
3010	0.00105912
3011	0.00024321
3012	0.00028100
3013	0.00067803
3014	0.00024663
3015	0.00033627
3016	0.00159369
3017	0.00027394
3018	0.00038165
3019	0.00024369
3020	0.00130510
3021	0.00025610
3022	0.00023807
3023	0.00149815
3024	0.00043843
3025	0.00025020
3026	0.00028209
3027	0.00035823
3028	0.00023904
3029	0.00122904
3030	0.00033353
3031	0.00056414
3032	0.00127209
3033	0.00058020
3034	0.00028518
3035	0.00033378
3036	0.00027659
3037	0.00026036
3038	0.00038402
3039	0.00025578
3040	0.00039165
3041	0.00024365
3042	0.00103631
3043	0.00123631
3044	0.00036092
3045	0.00034478
3046	0.00027984
3047	0.00042908
3048	0.00031928
3049	0.00048618
3050	0.00028329
3051	0.00032446
3052	0.00040112
3053	0.00134976
3054	0.00026799
3055	0.00032723
3056	0.00045036
3057	0.00029755
3058	0.00146390
3059	0.00137088
3060	0.00114193
3061	0.00119651
3062	0.00029924
3063	0.00028197
3064	0.00127088
3065	0.00024189
3066	0.00023932
3067	0.00026635
3068	0.00060859
3069	0.00029791
3070	0.00046952
3071	0.00106100
3072	0.00033112
3073	0.00047627
3074	0.00024052
3075	0.00026659
3076	0.00031691
3077	0.00126386
3078	0.00043892
3079	0.00028036
3080	0.00027691
3081	0.00117659
3082	0.00038598
3083	0.00023498
3084	0.00026743
3085	0.00036663
3086	0.00024048
3087	0.00041687
3088	0.00031498
3089	0.00039731
3090	0.00120614
3091	0.00143908
3092	0.00117960
3093	0.00047068
3094	0.00027217
3095	0.00043373
3096	0.00119855
3097	0.00108321
3098	0.00091876
3099	0.00023675
3100	0.00033647
3101	0.00039554
3102	0.00023900
3103	0.00114024
3104	0.00028928
3105	0.00032843
3106	0.00023631
3107	0.00036932
3108	0.00030980
3109	0.00031731
3110	0.00044365
3111	0.00031016
3112	0.00023430
3113	0.00117353
3114	0.00030932
3115	0.00023992
3116	0.00041478
3117	0.00047116
3118	0.00025153
3119	0.00118096
3120	0.00134558
3121	0.00033149
3122	0.00027337
3123	0.00033791
3124	0.00038498
3125	0.00031153
3126	0.00046783
3127	0.00031526
3128	0.00122044
3129	0.00114606
3130	0.00039273
3131	0.00025952
3132	0.00041859
3133	0.00048956
3134	0.00117060
3135	0.00051137
3136	0.00121851
3137	0.00038153
3138	0.00027153
3139	0.00030763
3140	0.00043912
3141	0.00032261
3142	0.00132912
3143	0.00032582
3144	0.00129008
3145	0.00032161
3146	0.00029771
3147	0.00064056
3148	0.00048570
3149	0.00041795
3150	0.00028635
3151	0.00029960
3152	0.00036679
3153	0.00025197
3154	0.00031197
3155	0.00038843
3156	0.00026759
3157	0.00028209
3158	0.00025478
3159	0.00037892
3160	0.00036606
3161	0.00042683
3162	0.00029394
3163	0.00048024
3164	0.00040406
3165	0.00039418
3166	0.00028988
3167	0.00046394
3168	0.00025719
3169	0.00046683
3170	0.00030309
3171	0.00032361
3172	0.00032141
3173	0.00031337
3174	0.00035462
3175	0.00111382
3176	0.00034655
3177	0.00033659
3178	0.00030052
3179	0.00030715
3180	0.00024418
3181	0.00032450
3182	0.00147092
3183	0.00037205
3184	0.00023871
3185	0.00130241
3186	0.00067329
3187	0.00032671
3188	0.00025482
3189	0.00024289
3190	0.00048253
3191	0.00035767
3192	0.00051406
3193	0.00028462
3194	0.00038952
3195	0.00024124
3196	0.00032269
3197	0.00036904
3198	0.00026470
3199	0.00031394
3200	0.00029012
3201	0.00035305
3202	0.00027843
3203	0.00115185
3204	0.00034996
3205	0.00034606
3206	0.00026185
3207	0.00030133
3208	0.00043197
3209	0.00128277
3210	0.00050137
3211	0.00030028
3212	0.00136036
3213	0.00112940
3214	0.00036402
3215	0.00044799
3216	0.00029438
3217	0.00136699
3218	0.00026329
3219	0.00123494
3220	0.00027892
3221	0.00031518
3222	0.00033867
3223	0.00032530
3224	0.00049349
3225	0.00027550
3226	0.00033819
3227	0.00031502
3228	0.00128679
3229	0.00046422
3230	0.00041261
3231	0.00029614
3232	0.00031948
3233	0.00034787
3234	0.00034217
3235	0.00034277
3236	0.00032847
3237	0.00048221
3238	0.00024386
3239	0.00025739
3240	0.00030767
3241	0.00024687
3242	0.00032004
3243	0.00128418
3244	0.00032406
3245	0.00034916
3246	0.00047775
3247	0.00030402
3248	0.00033627
3249	0.01373486
3250	0.00030112
3251	0.00033382
3252	0.00030948
3253	0.00031522
3254	0.00044080
3255	0.00030984
3256	0.00033056
3257	0.00025486
3258	0.00038976
3259	0.00031241
3260	0.00036691
3261	0.00070173
3262	0.00035056
3263	0.00128687
3264	0.00036622
3265	0.00039004
3266	0.00112080
3267	0.00024622
3268	0.00028835
3269	0.00125631
3270	0.00132189
3271	0.00043137
3272	0.00034285
3273	0.00039133
3274	0.00049582
3275	0.00044100
3276	0.00036904
3277	0.00028884
3278	0.00052116
3279	0.00147281
3280	0.00115494
3281	0.00039129
3282	0.00024289
3283	0.00130570
3284	0.00122129
3285	0.00026373
3286	0.00047574
3287	0.00038486
3288	0.00036353
3289	0.00037353
3290	0.00050422
3291	0.00030498
3292	0.00033418
3293	0.00024747
3294	0.00037165
3295	0.00027233
3296	0.00031365
3297	0.00032590
3298	0.00036643
3299	0.00064924
3300	0.00038675
3301	0.00038285
3302	0.00031205
3303	0.00042960
3304	0.00029490
3305	0.00048064
3306	0.00122948
3307	0.00028161
3308	0.00115233
3309	0.00039871
3310	0.00024020
3311	0.00118526
3312	0.00030602
3313	0.00045149
3314	0.00031096
3315	0.00042141
3316	0.00103823
3317	0.00028743
3318	0.00025197
3319	0.00144699
3320	0.00025129
3321	0.00029546
3322	0.00131739
3323	0.00024080
3324	0.00029602
3325	0.00026100
3326	0.00031763
3327	0.00029249
3328	0.00033643
3329	0.00141711
3330	0.00063478
3331	0.00025996
3332	0.00041964
3333	0.00025835
3334	0.00023586
3335	0.00043133
3336	0.00045345
3337	0.00033390
3338	0.00037430
3339	0.00120124
3340	0.00115952
3341	0.00032317
3342	0.00028566
3343	0.00024554
3344	0.00024578
3345	0.00137345
3346	0.00043884
3347	0.00118920
3348	0.00029470
3349	0.00024972
3350	0.00024213
3351	0.00100831
3352	0.00028687
3353	0.00036819
3354	0.00026120
3355	0.00120526
3356	0.00040201
3357	0.00024924
3358	0.00136329
3359	0.00033952
3360	0.00023321
3361	0.00023687
3362	0.00045313
3363	0.00033867
3364	0.00040048
3365	0.00027502
3366	0.00061996
3367	0.00120305
3368	0.00024345
3369	0.00025534
3370	0.00038329
3371	0.00032229
3372	0.00056859
3373	0.00029052
3374	0.00054675
3375	0.00026647
3376	0.00027430
3377	0.00026193
3378	0.00110076
3379	0.00131418
3380	0.00122040
3381	0.00033771
3382	0.00038655
3383	0.00026739
3384	0.00024783
3385	0.00031205
3386	0.00115104
3387	0.00116458
3388	0.00027763
3389	0.00116976
3390	0.00029434
3391	0.00042462
3392	0.00028510
3393	0.00040036
3394	0.00028855
3395	0.00022928
3396	0.00027225
3397	0.00033454
3398	0.00031904
3399	0.00027092
3400	0.00031731
3401	0.00076217
3402	0.00036329
3403	0.00040365
3404	0.00027775
3405	0.00035847
3406	0.00040378
3407	0.00025193
3408	0.00024100
3409	0.00036506
3410	0.00027663
3411	0.00030675
3412	0.00024671
3413	0.00026217
3414	0.00030345
3415	0.00115390
3416	0.00029032
3417	0.00024406
3418	0.00024337
3419	0.00027446
3420	0.00030386
3421	0.00023819
3422	0.00031000
3423	0.00024454
3424	0.00035574
3425	0.00039719
3426	0.00038064
3427	0.00113996
3428	0.00049201
3429	0.00095454
3430	0.00027000
3431	0.00046550
3432	0.00060004
3433	0.00029056
3434	0.00106614
3435	0.00134386
3436	0.00023273
3437	0.00023908
3438	0.00043992
3439	0.00034209
3440	0.00024313
3441	0.00023341
3442	0.00123835
3443	0.00023904
3444	0.00028723
3445	0.00025237
3446	0.00032510
3447	0.00052655
3448	0.00052502
3449	0.00038811
3450	0.00030799
3451	0.00029892
3452	0.00029731
3453	0.00029104
3454	0.00114984
3455	0.00024028
3456	0.00030956
3457	0.00118068
3458	0.00025554
3459	0.00029193
3460	0.00029482
3461	0.00023727
3462	0.00032325
3463	0.00029153
3464	0.00106361
3465	0.00031614
3466	0.00039189
3467	0.00031008
3468	0.00025157
3469	0.00036554
3470	0.00024080
3471	0.00028859
3472	0.00031795
3473	0.00034016
3474	0.00023157
3475	0.00039582
3476	0.00038321
3477	0.00037839
3478	0.00024932
3479	0.00038365
3480	0.00044992
3481	0.00121606
3482	0.00028944
3483	0.00037526
3484	0.00050084
3485	0.00023767
3486	0.00029510
3487	0.00023622
3488	0.00023618
3489	0.00035020
3490	0.00032124
3491	0.00119675
3492	0.00148253
3493	0.00026835
3494	0.00025514
3495	0.00032707
3496	0.00027245
3497	0.00030498
3498	0.00054518
3499	0.00025141
3500	0.00027273
3501	0.00118446
3502	0.00024414
3503	0.00034779
3504	0.00115799
3505	0.00035719
3506	0.00031755
3507	0.00028373
3508	0.00029655
3509	0.00025189
3510	0.00027052
3511	0.00028241
3512	0.00134594
3513	0.00123120
3514	0.00115659
3515	0.00124494
3516	0.00037847
3517	0.00040651
3518	0.00029080
3519	0.00027149
3520	0.00023161
3521	0.00033052
3522	0.00107249
3523	0.00029896
3524	0.00039185
3525	0.00024213
3526	0.00036454
3527	0.00036454
3528	0.00038574
3529	0.00038759
3530	0.00023386
3531	0.00025952
3532	0.00042538
3533	0.00029944
3534	0.00026478
3535	0.00136944
3536	0.00041751
3537	0.00023530
3538	0.00059518
3539	0.00030285
3540	0.00029482
3541	0.00028181
3542	0.00036120
3543	0.00025498
3544	0.00044454
3545	0.00024048
3546	0.00026281
3547	0.00033185
3548	0.00113614
3549	0.00035767
3550	0.00033012
3551	0.00031542
3552	0.00039169
3553	0.00047663
3554	0.00106518
3555	0.00036494
3556	0.00037639
3557	0.00025044
3558	0.00030831
3559	0.00028004
3560	0.00027839
3561	0.00033876
3562	0.00025185
3563	0.00107647
3564	0.00062402
3565	0.00115040
3566	0.00022631
3567	0.00130823
3568	0.00033639
3569	0.00150157
3570	0.00025731
3571	0.00110430
3572	0.00034867
3573	0.00108201
3574	0.00035434
3575	0.00036896
3576	0.00105028
3577	0.00028687
3578	0.00142916
3579	0.00118289
3580	0.00132325
3581	0.00032293
3582	0.00042177
3583	0.00042301
3584	0.00027735
3585	0.00034024
3586	0.00026819
3587	0.00028731
3588	0.00031691
3589	0.00153048
3590	0.00037076
3591	0.00024004
3592	0.00024486
3593	0.00060329
3594	0.00024442
3595	0.00031775
3596	0.00107691
3597	0.00122498
3598	0.00025775
3599	0.00048659
3600	0.00027747
3601	0.00031169
3602	0.00033912
3603	0.00033185
3604	0.00031888
3605	0.00039771
3606	0.00024365
3607	0.00044799
3608	0.00030092
3609	0.00046566
3610	0.00034655
3611	0.00026659
3612	0.00040711
3613	0.00023779
3614	0.00029012
3615	0.00039357
3616	0.00026554
3617	0.00041542
3618	0.00025787
3619	0.00028024
3620	0.00029775
3621	0.00029201
3622	0.00026631
3623	0.00031442
3624	0.00029438
3625	0.00030104
3626	0.00034932
3627	0.00025847
3628	0.00048574
3629	0.00070892
3630	0.00028522
3631	0.00032454
3632	0.00168080
3633	0.00118940
3634	0.00029145
3635	0.00025747
3636	0.00040671
3637	0.00031373
3638	0.00026510
3639	0.00023839
3640	0.00127755
3641	0.00121398
3642	0.00030100
3643	0.00106466
3644	0.00039056
3645	0.00032743
3646	0.00120221
3647	0.00038936
3648	0.00119458
3649	0.00054064
3650	0.00029639
3651	0.00036687
3652	0.00059145
3653	0.00035297
3654	0.00047297
3655	0.00048060
3656	0.00025590
3657	0.00474357
3658	0.00026289
3659	0.00027554
3660	0.00121325
3661	0.00027406
3662	0.00030434
3663	0.00027831
3664	0.00122647
3665	0.00037261
3666	0.00117104
3667	0.00030157
3668	0.00036462
3669	0.00027783
3670	0.00029044
3671	0.00114707
3672	0.00038554
3673	0.00025265
3674	0.00027639
3675	0.00024502
3676	0.00077755
3677	0.00035000
3678	0.00024952
3679	0.00120482
3680	0.00035145
3681	0.00035663
3682	0.00045149
3683	0.00023345
3684	0.00033137
3685	0.00114329
3686	0.00088353
3687	0.00026803
3688	0.00029044
3689	0.00046104
3690	0.00106032
3691	0.00027811
3692	0.00135012
3693	0.00032458
3694	0.00057008
3695	0.00029904
3696	0.00046337
3697	0.00064245
3698	0.00025124
3699	0.00029277
3700	0.00036602
3701	0.00156695
3702	0.00025273
3703	0.00048297
3704	0.00026916
3705	0.00034438
3706	0.00038349
3707	0.00034438
3708	0.00026795
3709	0.00114502
3710	0.00045277
3711	0.00032076
3712	0.00029000
3713	0.00032787
3714	0.00031373
3715	0.00066036
3716	0.00047928
3717	0.00040112
3718	0.00025622
3719	0.00038635
3720	0.00043165
3721	0.00026088
3722	0.00026349
3723	0.00026004
3724	0.00029687
3725	0.00045847
3726	0.00039888
3727	0.00025900
3728	0.00140245
3729	0.00037137
3730	0.00026096
3731	0.00040157
3732	0.00028084
3733	0.00030944
3734	0.00031811
3735	0.00037321
3736	0.00032414
3737	0.00030667
3738	0.00028627
3739	0.00030546
3740	0.00033807
3741	0.00033558
3742	0.00048466
3743	0.00031498
3744	0.00045699
3745	0.00137622
3746	0.00121815
3747	0.00040960
3748	0.00031956
3749	0.00030996
3750	0.00023851
3751	0.00027112
3752	0.00120052
3753	0.00026345
3754	0.00027735
3755	0.00032494
3756	0.00025667
3757	0.00030538
3758	0.00029181
3759	0.00046731
3760	0.00027201
3761	0.00027233
3762	0.00044570
3763	0.00115578
3764	0.00034715
3765	0.00025606
3766	0.00032542
3767	0.00035257
3768	0.00025843
3769	0.00026064
3770	0.00033000
3771	0.00030181
3772	0.00123193
3773	0.00032145
3774	0.00038124
3775	0.00042124
3776	0.00025470
3777	0.00035120
3778	0.00041378
3779	0.00030904
3780	0.00033759
3781	0.00121120
3782	0.00031430
3783	0.00029438
3784	0.00040004
3785	0.00025040
3786	0.00024305
3787	0.00122719
3788	0.00115827
3789	0.00033145
3790	0.00035679
3791	0.00026261
3792	0.00032060
3793	0.00031502
3794	0.00033365
3795	0.00022759
3796	0.00029867
3797	0.00092727
3798	0.00024916
3799	0.00034900
3800	0.00031518
3801	0.00031434
3802	0.00113285
3803	0.00116177
3804	0.00024289
3805	0.00028454
3806	0.00027016
3807	0.00023627
3808	0.00111478
3809	0.00043614
3810	0.00047538
3811	0.00024876
3812	0.00033048
3813	0.00058357
3814	0.00028651
3815	0.00025394
3816	0.00029984
3817	0.00030731
3818	0.00043478
3819	0.00036651
3820	0.00030261
3821	0.00027112
3822	0.00128586
3823	0.00026538
3824	0.00033040
3825	0.00023550
3826	0.00029004
3827	0.00034068
3828	0.00127482
3829	0.00035526
3830	0.00041442
3831	0.00027297
3832	0.00025313
3833	0.00041245
3834	0.00025269
3835	0.00033205
3836	0.00114157
3837	0.00038317
3838	0.00028775
3839	0.00038068
3840	0.00027446
3841	0.00023185
3842	0.00024137
3843	0.00176502
3844	0.00037747
3845	0.00023827
3846	0.00118723
3847	0.00034361
3848	0.00028052
3849	0.00040558
3850	0.00117928
3851	0.00045205
3852	0.00134394
3853	0.00024161
3854	0.00026112
3855	0.00039562
3856	0.00137181
3857	0.00023470
3858	0.00029807
3859	0.00026835
3860	0.00026968
3861	0.00143349
3862	0.00031398
3863	0.00025988
3864	0.00045502
3865	0.00114956
3866	0.00025791
3867	0.00028361
3868	0.00040574
3869	0.00034373
3870	0.00035438
3871	0.00023960
3872	0.00026771
3873	0.00044124
3874	0.00027000
3875	0.00028827
3876	0.00127229
3877	0.00033791
3878	0.00025064
3879	0.00115944
3880	0.00023667
3881	0.00028285
3882	0.00030233
3883	0.00036028
3884	0.00031912
3885	0.00028996
3886	0.00032888
3887	0.00031602
3888	0.00045193
3889	0.00026807
3890	0.00025414
3891	0.00126373
3892	0.00129562
3893	0.00029622
3894	0.00026249
3895	0.00113819
3896	0.00025900
3897	0.00024755
3898	0.00036193
3899	0.00119394
3900	0.00032707
3901	0.00033329
3902	0.00023631
3903	0.00030020
3904	0.00172562
3905	0.00023719
3906	0.00131892
3907	0.00068627
3908	0.00032052
3909	0.00026863
3910	0.00023574
3911	0.00043663
3912	0.00032052
3913	0.00027044
3914	0.00109851
3915	0.00044598
3916	0.00043478
3917	0.00026173
3918	0.00032173
3919	0.00040863
3920	0.00130249
3921	0.00031791
3922	0.00027900
3923	0.00024743
3924	0.00128976
3925	0.00034446
3926	0.00023273
3927	0.00118406
3928	0.00036317
3929	0.00037442
3930	0.00031683
3931	0.00034458
3932	0.00028691
3933	0.00035056
3934	0.00023430
3935	0.00041225
3936	0.00026108
3937	0.00068610
3938	0.00037189
3939	0.00030486
3940	0.00027418
3941	0.00033570
3942	0.00029265
3943	0.00043779
3944	0.00031799
3945	0.00036149
3946	0.00067594
3947	0.00031064
3948	0.00034289
3949	0.00109084
3950	0.00032422
3951	0.00039679
3952	0.00034811
3953	0.00029807
3954	0.00027655
3955	0.00039932
3956	0.00137851
3957	0.00028518
3958	0.00024602
3959	0.00030751
3960	0.00024783
3961	0.00044341
3962	0.00023112
3963	0.00023474
3964	0.00115631
3965	0.00038137
3966	0.00028217
3967	0.00024233
3968	0.00027277
3969	0.00037305
3970	0.00025823
3971	0.00036815
3972	0.00030558
3973	0.00112353
3974	0.00119586
3975	0.00065996
3976	0.00032169
3977	0.00024944
3978	0.00028851
3979	0.00023233
3980	0.00023233
3981	0.00044040
3982	0.00038518
3983	0.00024855
3984	0.00026305
3985	0.00029647
3986	0.00023667
3987	0.00054550
3988	0.00045108
3989	0.00028221
3990	0.00031940
3991	0.00028807
3992	0.00033369
3993	0.00024618
3994	0.00023707
3995	0.00128968
3996	0.00030871
3997	0.00031884
3998	0.00023719
3999	0.00128892
4000	0.00024759
4001	0.00048341
4002	0.00029261
4003	0.00027349
4004	0.00026880
4005	0.00024084
4006	0.00023610
4007	0.00025912
4008	0.00024084
4009	0.00023602
4010	0.00023988
4011	0.00034679
4012	0.00049924
4013	0.00034912
4014	0.00113799
4015	0.00031783
4016	0.00034133
4017	0.00024008
4018	0.00026277
4019	0.00165920
4020	0.00025896
4021	0.00025209
4022	0.00038490
4023	0.00024044
4024	0.00129406
4025	0.00134040
4026	0.00028570
4027	0.00028659
4028	0.00029470
4029	0.00024442
4030	0.00029663
4031	0.00036506
4032	0.00048285
4033	0.00024928
4034	0.00054253
4035	0.00028426
4036	0.00024651
4037	0.00032221
4038	0.00027470
4039	0.00128056
4040	0.00023944
4041	0.00026309
4042	0.00025217
4043	0.00027305
4044	0.00056458
4045	0.00027839
4046	0.00033771
4047	0.00040502
4048	0.00111791
4049	0.00026185
4050	0.00032755
4051	0.00032390
4052	0.00116145
4053	0.00030723
4054	0.00027554
4055	0.00024988
4056	0.00123490
4057	0.00026269
4058	0.00032108
4059	0.00023727
4060	0.00024606
4061	0.00117759
4062	0.00035683
4063	0.00024446
4064	0.00039843
4065	0.00032767
4066	0.00031245
4067	0.00038265
4068	0.00030237
4069	0.00033422
4070	0.00059703
4071	0.00027418
4072	0.00032506
4073	0.00033827
4074	0.00027590
4075	0.00026759
4076	0.00034651
4077	0.00026803
4078	0.00028928
4079	0.00026671
4080	0.00033434
4081	0.00025884
4082	0.00026426
4083	0.00030574
4084	0.00037177
4085	0.00028253
4086	0.00115008
4087	0.00023855
4088	0.00024149
4089	0.00034534
4090	0.00033807
4091	0.00041767
4092	0.00031478
4093	0.00025526
4094	0.00031663
4095	0.00029582
4096	0.00029831
4097	0.00028169
4098	0.00028052
4099	0.00117631
4100	0.00026783
4101	0.00032582
4102	0.00030506
4103	0.00029104
4104	0.00030675
4105	0.00039012
4106	0.00028237
4107	0.00037614
4108	0.00033715
4109	0.00028948
4110	0.00021775
4111	0.00032815
4112	0.00027944
4113	0.00042120
4114	0.00027888
4115	0.00023333
4116	0.00025012
4117	0.00059498
4118	0.00050928
4119	0.00041763
4120	0.00033855
4121	0.00027369
4122	0.00033036
4123	0.00036446
4124	0.00031281
4125	0.00045948
4126	0.00048028
4127	0.00025229
4128	0.00028920
4129	0.00143707
4130	0.00035000
4131	0.00045462
4132	0.00127382
4133	0.00119004
4134	0.00132530
4135	0.00025514
4136	0.00034815
4137	0.00035498
4138	0.00041217
4139	0.00027892
4140	0.00028153
4141	0.00056695
4142	0.00041221
4143	0.00032410
4144	0.00026337
4145	0.00026213
4146	0.00129092
4147	0.00032124
4148	0.00026141
4149	0.00025209
4150	0.00025871
4151	0.00030940
4152	0.00028550
4153	0.00024739
4154	0.00041474
4155	0.00028928
4156	0.00037799
4157	0.00026434
4158	0.00026133
4159	0.00140687
4160	0.00039438
4161	0.00037173
4162	0.00041157
4163	0.00127398
4164	0.00026635
4165	0.00026755
4166	0.00029402
4167	0.00032586
4168	0.00023161
4169	0.00033510
4170	0.00027145
4171	0.00035783
4172	0.00035831
4173	0.00039044
4174	0.00029610
4175	0.00040257
4176	0.00032012
4177	0.00023173
4178	0.00027924
4179	0.00028398
4180	0.00027269
4181	0.00031932
4182	0.00040767
4183	0.00050960
4184	0.00046771
4185	0.00026301
4186	0.00025133
4187	0.00032735
4188	0.00027952
4189	0.00059530
4190	0.00042876
4191	0.00026213
4192	0.00076936
4193	0.00030590
4194	0.00031598
4195	0.00026293
4196	0.00028502
4197	0.00043960
4198	0.00034173
4199	0.00065285
4200	0.00028691
4201	0.00045349
4202	0.00026811
4203	0.00028434
4204	0.00036369
4205	0.00032265
4206	0.00033562
4207	0.00051341
4208	0.00038390
4209	0.00130767
4210	0.00038534
4211	0.00043474
4212	0.00028060
4213	0.00030386
4214	0.00061863
4215	0.00028703
4216	0.00100353
4217	0.00053269
4218	0.00023743
4219	0.00041373
4220	0.00029092
4221	0.00027992
4222	0.00133474
4223	0.00031807
4224	0.00026217
4225	0.00032863
4226	0.00024494
4227	0.00031759
4228	0.00034610
4229	0.00028345
4230	0.00059683
4231	0.00028522
4232	0.00042036
4233	0.00033908
4234	0.00059763
4235	0.00041992
4236	0.00036096
4237	0.00032795
4238	0.00040486
4239	0.00026928
4240	0.00030663
4241	0.00028036
4242	0.00046108
4243	0.00024823
4244	0.00024486
4245	0.00038361
4246	0.00029614
4247	0.00052438
4248	0.00027442
4249	0.00038727
4250	0.00036691
4251	0.00030064
4252	0.00037365
4253	0.00038534
4254	0.00029538
4255	0.00028390
4256	0.00036803
4257	0.00130767
4258	0.00031859
4259	0.00027418
4260	0.00026602
4261	0.00033418
4262	0.00025751
4263	0.00031530
4264	0.00091133
4265	0.00031185
4266	0.00030100
4267	0.00027867
4268	0.00026960
4269	0.00026213
4270	0.00030490
4271	0.00036952
4272	0.00036759
4273	0.00033052
4274	0.00030570
4275	0.00040084
4276	0.00041562
4277	0.00028984
4278	0.00038209
4279	0.00032759
4280	0.00038129
4281	0.00033068
4282	0.00035446
4283	0.00036851
4284	0.00049084
4285	0.00032594
4286	0.00038133
4287	0.00045574
4288	0.00031855
4289	0.00031145
4290	0.00034912
4291	0.00027349
4292	0.00029570
4293	0.00039602
4294	0.00036398
4295	0.00031554
4296	0.00025827
4297	0.00069241
4298	0.00025635
4299	0.00026755
4300	0.00034502
4301	0.00030004
4302	0.00028819
4303	0.00024546
4304	0.00030052
4305	0.00027908
4306	0.00028257
4307	0.00040000
4308	0.00024177
4309	0.00028490
4310	0.00027205
4311	0.00030434
4312	0.00036851
4313	0.00024032
4314	0.00034554
4315	0.00023221
4316	0.00032157
4317	0.00031727
4318	0.00024024
4319	0.00029257
4320	0.00028414
4321	0.00024791
4322	0.00028084
4323	0.00026972
4324	0.00029554
4325	0.00031345
4326	0.00048301
4327	0.00029064
4328	0.00024361
4329	0.00027430
4330	0.00033386
4331	0.00035466
4332	0.00046610
4333	0.00032028
4334	0.00044570
4335	0.00035851
4336	0.00118827
4337	0.00025426
4338	0.00057462
4339	0.00127502
4340	0.00028542
4341	0.00032478
4342	0.00023819
4343	0.00044916
4344	0.00025952
4345	0.00025944
4346	0.00121948
4347	0.00113044
4348	0.00032618
4349	0.00123221
4350	0.00047932
4351	0.00037823
4352	0.00037715
4353	0.00029185
4354	0.00037554
4355	0.00030353
4356	0.00024831
4357	0.00036699
4358	0.00027590
4359	0.00130598
4360	0.00046237
4361	0.00042904
4362	0.00050124
4363	0.00027141
4364	0.00126249
4365	0.00024703
4366	0.00025695
4367	0.00035739
4368	0.00047924
4369	0.00127205
4370	0.00038502
4371	0.00038627
4372	0.00035711
4373	0.00026386
4374	0.00056482
4375	0.00029582
4376	0.00030261
4377	0.00034498
4378	0.00037470
4379	0.00032639
4380	0.00026651
4381	0.00122414
4382	0.00055353
4383	0.00153940
4384	0.00030932
4385	0.00034024
4386	0.00139667
4387	0.00121285
4388	0.00029257
4389	0.00026068
4390	0.00027008
4391	0.00048855
4392	0.00117430
4393	0.00130120
4394	0.00038791
4395	0.00030514
4396	0.00026056
4397	0.00026683
4398	0.00023855
4399	0.00024747
4400	0.00027618
4401	0.00050815
4402	0.00023442
4403	0.00156317
4404	0.00024193
4405	0.00165502
4406	0.00162189
4407	0.00042124
4408	0.00048402
4409	0.00030924
4410	0.00023454
4411	0.00116743
4412	0.00026273
4413	0.00121169
4414	0.00118635
4415	0.00026394
4416	0.00030558
4417	0.00031739
4418	0.00035667
4419	0.00039956
4420	0.00039241
4421	0.00023442
4422	0.00036076
4423	0.00023711
4424	0.00137169
4425	0.00033562
4426	0.00033876
4427	0.00023651
4428	0.00040165
4429	0.00034305
4430	0.00191538
4431	0.00105554
4432	0.00029855
4433	0.00026783
4434	0.00023345
4435	0.00036361
4436	0.00024060
4437	0.00036956
4438	0.00031048
4439	0.00076847
4440	0.00132036
4441	0.00023739
4442	0.00023687
4443	0.00049430
4444	0.00127369
4445	0.00042369
4446	0.00025739
4447	0.00024984
4448	0.00271193
4449	0.00045333
4450	0.00127309
4451	0.00036361
4452	0.00031867
4453	0.00047414
4454	0.00044767
4455	0.00036655
4456	0.00023763
4457	0.00025863
4458	0.00029458
4459	0.00031048
4460	0.00028727
4461	0.00197884
4462	0.00026209
4463	0.00051570
4464	0.00038120
4465	0.00028341
4466	0.00032526
4467	0.00028952
4468	0.00121896
4469	0.00034980
4470	0.00063928
4471	0.00025458
4472	0.00072116
4473	0.00034277
4474	0.00038068
4475	0.00025755
4476	0.00026936
4477	0.00042265
4478	0.00030751
4479	0.00043273
4480	0.00023092
4481	0.00026936
4482	0.00046863
4483	0.00026502
4484	0.00043217
4485	0.00121570
4486	0.00036369
4487	0.00115996
4488	0.00044972
4489	0.00026430
4490	0.00031056
4491	0.00152996
4492	0.00036382
4493	0.00119675
4494	0.00028357
4495	0.00029578
4496	0.00026426
4497	0.00029904
4498	0.00024165
4499	0.00030715
4500	0.00028691
4501	0.00026639
4502	0.00055980
4503	0.00111707
4504	0.00032161
4505	0.00032181
4506	0.00023309
4507	0.00035980
4508	0.00144386
4509	0.00115169
4510	0.00113695
4511	0.00041699
4512	0.00053088
4513	0.00042221
4514	0.00025546
4515	0.00033225
4516	0.00053835
4517	0.00036723
4518	0.00122803
4519	0.00086928
4520	0.00025361
4521	0.00047329
4522	0.00023490
4523	0.00032823
4524	0.00030000
4525	0.00027855
4526	0.00035574
4527	0.00026048
4528	0.00115201
4529	0.00033526
4530	0.00051462
4531	0.00026932
4532	0.00032137
4533	0.00031534
4534	0.00029791
4535	0.00116056
4536	0.00028719
4537	0.00026028
4538	0.00032149
4539	0.00024394
4540	0.00040880
4541	0.00114056
4542	0.00025699
4543	0.00026695
4544	0.00031763
4545	0.00023574
4546	0.00027594
4547	0.00030048
4548	0.00033165
4549	0.00029687
4550	0.00034522
4551	0.00030835
4552	0.00031486
4553	0.00032992
4554	0.00028000
4555	0.00036936
4556	0.00130831
4557	0.00024683
4558	0.00040096
4559	0.00034663
4560	0.00044466
4561	0.00168225
4562	0.00047137
4563	0.00040181
4564	0.00053944
4565	0.00120149
4566	0.00026116
4567	0.00041040
4568	0.00054647
4569	0.00035133
4570	0.00041213
4571	0.00041586
4572	0.00038691
4573	0.00026406
4574	0.00036976
4575	0.00028044
4576	0.00029434
4577	0.00025719
4578	0.00035522
4579	0.00027169
4580	0.00025550
4581	0.00027490
4582	0.00103394
4583	0.00039614
4584	0.00032498
4585	0.00059944
4586	0.00125161
4587	0.00034261
4588	0.00034040
4589	0.00040550
4590	0.00171237
4591	0.00109261
4592	0.00121265
4593	0.00024325
4594	0.00026558
4595	0.00027245
4596	0.00048213
4597	0.00031783
4598	0.00033112
4599	0.00026996
4600	0.00027643
4601	0.00041538
4602	0.00041418
4603	0.00023506
4604	0.00039108
4605	0.00033799
4606	0.00037080
4607	0.00125450
4608	0.00033410
4609	0.00026940
4610	0.00023357
4611	0.00031976
4612	0.00032707
4613	0.00034104
4614	0.00048076
4615	0.00036301
4616	0.00054197
4617	0.00024771
4618	0.00045325
4619	0.00027811
4620	0.00119197
4621	0.00031546
4622	0.00038647
4623	0.00024209
4624	0.00132731
4625	0.00045936
4626	0.00042474
4627	0.00028141
4628	0.00028261
4629	0.00030775
4630	0.00112265
4631	0.00039068
4632	0.00023566
4633	0.00026924
4634	0.00025635
4635	0.00123896
4636	0.00030506
4637	0.00026000
4638	0.00025590
4639	0.00027305
4640	0.00118566
4641	0.00033108
4642	0.00120145
4643	0.00119819
4644	0.00119245
4645	0.00124145
4646	0.00026020
4647	0.00129787
4648	0.00119313
4649	0.00025819
4650	0.00033594
4651	0.00037936
4652	0.00126454
4653	0.00045675
4654	0.00121281
4655	0.00031839
4656	0.00123635
4657	0.00112647
4658	0.00027876
4659	0.00026960
4660	0.00115960
4661	0.00127193
4662	0.00044157
4663	0.00045141
4664	0.00117948
4665	0.00024546
4666	0.00039530
4667	0.00024462
4668	0.00028068
4669	0.00025839
4670	0.00037574
4671	0.00028394
4672	0.00116382
4673	0.00026843
4674	0.00142783
4675	0.00053309
4676	0.00040586
4677	0.00132285
4678	0.00122008
4679	0.00036755
4680	0.00045357
4681	0.00030566
4682	0.00029422
4683	0.00024996
4684	0.00028992
4685	0.00033273
4686	0.00033924
4687	0.00060245
4688	0.00031153
4689	0.00116683
4690	0.00027518
4691	0.00037518
4692	0.00121972
4693	0.00024357
4694	0.00028293
4695	0.00025141
4696	0.00139627
4697	0.00117614
4698	0.00055594
4699	0.00126871
4700	0.00059735
4701	0.00023345
4702	0.00029514
4703	0.00032663
4704	0.00024281
4705	0.00122305
4706	0.00025133
4707	0.00119775
4708	0.00064924
4709	0.00023759
4710	0.00110157
4711	0.00034474
4712	0.00025880
4713	0.00029382
4714	0.00026795
4715	0.00029394
4716	0.00024703
4717	0.00039414
4718	0.00024586
4719	0.00026213
4720	0.00030076
4721	0.00025092
4722	0.00040261
4723	0.00031036
4724	0.00032241
4725	0.00023968
4726	0.00026116
4727	0.00049675
4728	0.00023112
4729	0.00123100
4730	0.00025161
4731	0.00034699
4732	0.00129313
4733	0.00026261
4734	0.00132643
4735	0.00144920
4736	0.00138349
4737	0.00145932
4738	0.00059402
4739	0.00039952
4740	0.00129928
4741	0.00047610
4742	0.00048008
4743	0.00025120
4744	0.00039100
4745	0.00043137
4746	0.00032703
4747	0.00134442
4748	0.00024695
4749	0.00027831
4750	0.00026719
4751	0.00038080
4752	0.00041594
4753	0.00025831
4754	0.00117329
4755	0.00028819
4756	0.00023747
4757	0.00056514
4758	0.00031847
4759	0.00033510
4760	0.00113378
4761	0.00040345
4762	0.00036373
4763	0.00067289
4764	0.00023920
4765	0.00023566
4766	0.00026663
4767	0.00038791
4768	0.00042884
4769	0.00123285
4770	0.00036378
4771	0.00039518
4772	0.00034659
4773	0.00026293
4774	0.00033735
4775	0.00167221
4776	0.00125530
4777	0.00061743
4778	0.00025755
4779	0.00045984
4780	0.00031466
4781	0.00054799
4782	0.00032578
4783	0.00025980
4784	0.00046755
4785	0.00041028
4786	0.00033880
4787	0.00030803
4788	0.00041386
4789	0.00067912
4790	0.00027096
4791	0.00025124
4792	0.00025956
4793	0.00135124
4794	0.00026104
4795	0.00030534
4796	0.00024028
4797	0.00031687
4798	0.00040076
4799	0.00028064
4800	0.00033209
4801	0.00026269
4802	0.00031072
4803	0.00111145
4804	0.00024546
4805	0.00147305
4806	0.00036719
4807	0.00025691
4808	0.00032566
4809	0.00023181
4810	0.00028763
4811	0.00131293
4812	0.00033032
4813	0.00028964
4814	0.00032783
4815	0.00037402
4816	0.00024096
4817	0.00036068
4818	0.00023896
4819	0.00133052
4820	0.00048835
4821	0.00026655
4822	0.00026261
4823	0.00026080
4824	0.00025313
4825	0.00030430
4826	0.00030896
4827	0.00159562
4828	0.00026787
4829	0.00115277
4830	0.00042402
4831	0.00119747
4832	0.00035048
4833	0.00025980
4834	0.00030402
4835	0.00028345
4836	0.00023739
4837	0.00023827
4838	0.00030618
4839	0.00025747
4840	0.00039470
4841	0.00032731
4842	0.00025020
4843	0.00030755
4844	0.00051614
4845	0.00037378
4846	0.00025699
4847	0.00033835
4848	0.00040643
4849	0.00164739
4850	0.00033984
4851	0.00038530
4852	0.00039562
4853	0.00030325
4854	0.00030490
4855	0.00032052
4856	0.00035129
4857	0.00127711
4858	0.00114012
4859	0.00045305
4860	0.00023855
4861	0.00056349
4862	0.00134807
4863	0.00028426
4864	0.00024020
4865	0.00026189
4866	0.00023112
4867	0.00032438
4868	0.00026876
4869	0.00024651
4870	0.00024614
4871	0.00025566
4872	0.00032414
4873	0.00059510
4874	0.00025422
4875	0.00109562
4876	0.00045799
4877	0.00024257
4878	0.00024153
4879	0.00036470
4880	0.00118803
4881	0.00025229
4882	0.00029116
4883	0.00121157
4884	0.00024534
4885	0.00023474
4886	0.00115651
4887	0.00033659
4888	0.00034602
4889	0.00041916
4890	0.00025522
4891	0.00029727
4892	0.00025217
4893	0.00033952
4894	0.00024289
4895	0.00028936
4896	0.00037976
4897	0.00027177
4898	0.00024012
4899	0.00025944
4900	0.00023398
4901	0.00123743
4902	0.00023281
4903	0.00024277
4904	0.00054884
4905	0.00025301
4906	0.00027209
4907	0.00026667
4908	0.00027241
4909	0.00025088
4910	0.00030562
4911	0.00029659
4912	0.00165044
4913	0.00023988
4914	0.00025249
4915	0.00030855
4916	0.00024149
4917	0.00030221
4918	0.00033157
4919	0.00044177
4920	0.00035715
4921	0.00187839
4922	0.00024892
4923	0.00028442
4924	0.00029458
4925	0.00124924
4926	0.00029337
4927	0.00026944
4928	0.00152506
4929	0.00108213
4930	0.00024972
4931	0.00026506
4932	0.00120044
4933	0.00036349
4934	0.00037217
4935	0.00034940
4936	0.00033679
4937	0.00121502
4938	0.00039490
4939	0.00031831
4940	0.00034904
4941	0.00025249
4942	0.00024735
4943	0.00037458
4944	0.00036080
4945	0.00119321
4946	0.00024892
4947	0.00029731
4948	0.00033398
4949	0.00024378
4950	0.00026956
4951	0.00025912
4952	0.00059201
4953	0.00034892
4954	0.00126422
4955	0.00029566
4956	0.00038016
4957	0.00036036
4958	0.00103325
4959	0.00026394
4960	0.00113462
4961	0.00025639
4962	0.00030888
4963	0.00023976
4964	0.00035088
4965	0.00034952
4966	0.00038659
4967	0.00038181
4968	0.00124815
4969	0.00031727
4970	0.00024703
4971	0.00023550
4972	0.00025703
4973	0.00030189
4974	0.00031317
4975	0.00033622
4976	0.00038032
4977	0.00027446
4978	0.00029643
4979	0.00032281
