0	0.69206141
1	0.66871220
2	0.62211466
3	0.68948192
4	0.65688807
5	0.64751197
6	0.69103859
7	0.51619497
8	0.68506328
9	0.67608143
10	0.68416982
11	0.66577354
12	0.67724622
13	0.66479043
14	0.68960884
15	0.68785786
16	0.69205562
17	0.69186575
18	0.69196440
19	0.69173619
20	0.69189681
21	0.69199326
22	0.68949915
23	0.69002640
24	0.69148044
25	0.69147870
26	0.69189040
27	0.68650013
28	0.69067140
29	0.69162380
30	0.68573741
31	0.68578008
32	0.68277025
33	0.68908734
34	0.68160191
35	0.69171252
36	0.68763649
37	0.69102153
38	0.69034425
39	0.68756124
40	0.69045809
41	0.68835680
42	0.68161223
43	0.69051368
44	0.68831940
45	0.68706417
46	0.67991088
47	0.68196624
48	0.66769872
49	0.67882275
50	0.67528629
51	0.65794487
52	0.64818899
53	0.68210427
54	0.66906068
55	0.65210108
56	0.68559826
57	0.66836473
58	0.67479076
59	0.64929408
60	0.63791177
61	0.67585802
62	0.66201976
63	0.67482331
64	0.68770697
65	0.67868751
66	0.63695240
67	0.66010421
68	0.62984313
69	0.64832587
70	0.63495927
71	0.59493718
72	0.60855608
73	0.65556381
74	0.67397886
75	0.61323521
76	0.65491552
77	0.66530779
78	0.64824037
79	0.64758738
80	0.60976624
81	0.63600371
82	0.67133432
83	0.64283826
84	0.67523935
85	0.66427314
86	0.65155355
87	0.65868820
88	0.65504356
89	0.62933287
90	0.67067462
91	0.65675194
92	0.64113803
93	0.65393915
94	0.60659089
95	0.64986591
96	0.66713245
97	0.67102676
98	0.61334984
99	0.65075066
100	0.64128820
101	0.66741318
102	0.59867998
103	0.64141085
104	0.67104145
105	0.61090279
106	0.64820575
107	0.61380539
108	0.63305131
109	0.62656437
110	0.54530743
111	0.63500888
112	0.56348895
113	0.65584970
114	0.65020575
115	0.66391752
116	0.63724320
117	0.55626226
118	0.64637206
119	0.61555858
120	0.55687620
121	0.62473866
122	0.65200753
123	0.63592235
124	0.57501318
125	0.61803863
126	0.65527354
127	0.60715667
128	0.60304392
129	0.57483432
130	0.62824119
131	0.62307064
132	0.61962120
133	0.63498488
134	0.58461709
135	0.59050773
136	0.54535237
137	0.63841900
138	0.63207055
139	0.56843093
140	0.61485187
141	0.58948383
142	0.62517567
143	0.62754892
144	0.52305713
145	0.62330976
146	0.53030214
147	0.58224625
148	0.64947176
149	0.61592028
150	0.60189790
151	0.61068439
152	0.58070187
153	0.64068905
154	0.62713632
155	0.56794201
156	0.65924099
157	0.61278005
158	0.58586312
159	0.64119757
160	0.61611456
161	0.54814300
162	0.63109076
163	0.49780759
164	0.61263471
165	0.62110677
166	0.57410072
167	0.56646417
168	0.62592101
169	0.53653626
170	0.62861022
171	0.56561105
172	0.57719744
173	0.59081262
174	0.58772807
175	0.52809934
176	0.52071397
177	0.57251736
178	0.63286897
179	0.61433978
180	0.56987064
181	0.60357942
182	0.54582176
183	0.57493478
184	0.55048711
185	0.52848547
186	0.60818629
187	0.50081364
188	0.55007518
189	0.57043971
190	0.61164517
191	0.59773876
192	0.55888383
193	0.62878123
194	0.61166755
195	0.56328192
196	0.55343780
197	0.55638715
198	0.53220273
199	0.60316654
200	0.58766453
201	0.54741305
202	0.56452913
203	0.55898534
204	0.53739293
205	0.53636009
206	0.55593978
207	0.60931644
208	0.58654901
209	0.52964280
210	0.61315191
211	0.56715168
212	0.59173100
213	0.59496229
214	0.52434431
215	0.54960161
216	0.49954806
217	0.54638642
218	0.59544280
219	0.60629638
220	0.56260007
221	0.53929813
222	0.50257968
223	0.52522883
224	0.52559589
225	0.54536778
226	0.54573935
227	0.55738843
228	0.55635483
229	0.58816358
230	0.50821594
231	0.62166982
232	0.51384809
233	0.54114382
234	0.56922853
235	0.55927331
236	0.50510217
237	0.60285911
238	0.56388320
239	0.59267078
240	0.57013869
241	0.54316354
242	0.55628757
243	0.52729201
244	0.54198725
245	0.54922324
246	0.58153373
247	0.55953439
248	0.54293100
249	0.56532975
250	0.55119372
251	0.59295171
252	0.58365030
253	0.54448981
254	0.55095519
255	0.56182262
256	0.54510641
257	0.54341506
258	0.56764066
259	0.54748544
260	0.54509165
261	0.47743097
262	0.50160230
263	0.51389970
264	0.56599454
265	0.52148514
266	0.47254231
267	0.56990266
268	0.58472002
269	0.57335819
270	0.49685621
271	0.55374803
272	0.50286114
273	0.58992817
274	0.52673113
275	0.49075667
276	0.48453922
277	0.51176437
278	0.55742755
279	0.48208488
280	0.56589849
281	0.54803363
282	0.46019619
283	0.50366700
284	0.51783863
285	0.55054688
286	0.43230023
287	0.52232058
288	0.50821486
289	0.55355598
290	0.51481124
291	0.50800168
292	0.55209412
293	0.46471394
294	0.53798777
295	0.50877659
296	0.50943179
297	0.55708304
298	0.50686460
299	0.48258067
300	0.50287844
301	0.53121279
302	0.49496683
303	0.50825631
304	0.50082745
305	0.53396019
306	0.45805799
307	0.56734244
308	0.53966223
309	0.49073468
310	0.50095638
311	0.55142124
312	0.54488346
313	0.53379339
314	0.47786634
315	0.42813067
316	0.48298024
317	0.52437817
318	0.56647702
319	0.54851765
320	0.47957265
321	0.52612998
322	0.48724688
323	0.54155911
324	0.55015030
325	0.51301995
326	0.55862847
327	0.51185625
328	0.53782226
329	0.48504089
330	0.48007890
331	0.57343902
332	0.55827097
333	0.51533146
334	0.49062153
335	0.49675155
336	0.53269606
337	0.49374915
338	0.47436312
339	0.52652472
340	0.50893784
341	0.53772350
342	0.49351752
343	0.46569924
344	0.52168051
345	0.55206949
346	0.47490306
347	0.48735138
348	0.45915575
349	0.48560168
350	0.47892249
351	0.47167041
352	0.50072653
353	0.45080312
354	0.51251663
355	0.48809418
356	0.51434691
357	0.53685717
358	0.48145204
359	0.55074208
360	0.51014776
361	0.51942147
362	0.45668728
363	0.48675710
364	0.47150717
365	0.49503794
366	0.45134093
367	0.52270450
368	0.48608787
369	0.46211703
370	0.45040178
371	0.47983488
372	0.47469619
373	0.44485174
374	0.47981782
375	0.53940953
376	0.54511269
377	0.49855937
378	0.48468386
379	0.48955325
380	0.46391739
381	0.41384158
382	0.47847597
383	0.50557758
384	0.50395638
385	0.40839990
386	0.45147811
387	0.44511512
388	0.48426315
389	0.53044425
390	0.48805358
391	0.52141341
392	0.44103024
393	0.45723432
394	0.51212216
395	0.46423087
396	0.52590434
397	0.48711032
398	0.50341111
399	0.46168593
400	0.51063577
401	0.49338212
402	0.47294369
403	0.45833738
404	0.51909303
405	0.46658672
406	0.48063557
407	0.46504024
408	0.49844822
409	0.50309201
410	0.43987055
411	0.47641874
412	0.51267955
413	0.52310079
414	0.48038527
415	0.45745135
416	0.46449862
417	0.46836640
418	0.44851368
419	0.42266075
420	0.46497689
421	0.48649619
422	0.48581591
423	0.51130085
424	0.45564080
425	0.44958629
426	0.44010348
427	0.47367535
428	0.43626736
429	0.46736216
430	0.47832298
431	0.45001930
432	0.48517439
433	0.47968744
434	0.48460306
435	0.51535865
436	0.42574211
437	0.47238416
438	0.50815010
439	0.48067630
440	0.52709076
441	0.45900174
442	0.44772893
443	0.48005233
444	0.50184011
445	0.49078110
446	0.48933435
447	0.43377952
448	0.45006407
449	0.42946091
450	0.43556124
451	0.49960792
452	0.51220957
453	0.45220901
454	0.48613780
455	0.52182610
456	0.43512821
457	0.50410878
458	0.47232429
459	0.47289862
460	0.51299832
461	0.46814188
462	0.41640743
463	0.48905986
464	0.45964073
465	0.51699083
466	0.45387488
467	0.45781729
468	0.48152968
469	0.45437176
470	0.44830191
471	0.48820450
472	0.44307206
473	0.52454609
474	0.41977288
475	0.44352705
476	0.48416529
477	0.44041893
478	0.41835309
479	0.46736667
480	0.45273231
481	0.44621275
482	0.43724375
483	0.42466269
484	0.48625782
485	0.44563991
486	0.47518317
487	0.43341160
488	0.52501236
489	0.47823373
490	0.47927781
491	0.45475851
492	0.40175217
493	0.47702321
494	0.42976920
495	0.40248902
496	0.49176206
497	0.44087429
498	0.48345575
499	0.49260158
500	0.46082886
501	0.39337045
502	0.45285480
503	0.43048468
504	0.46872436
505	0.46512508
506	0.47160934
507	0.49784652
508	0.44158054
509	0.41413849
510	0.44230565
511	0.44466561
512	0.42429589
513	0.44222600
514	0.40566032
515	0.46235542
516	0.46350980
517	0.43755289
518	0.43906854
519	0.44658498
520	0.42384290
521	0.48105707
522	0.47621387
523	0.46668327
524	0.46797758
525	0.45576795
526	0.43582630
527	0.46734458
528	0.43396345
529	0.42717143
530	0.43243383
531	0.53042377
532	0.47016216
533	0.47165565
534	0.50404997
535	0.44787235
536	0.49504711
537	0.40730220
538	0.42362656
539	0.42064438
540	0.42659293
541	0.48367005
542	0.42592538
543	0.45926594
544	0.40488642
545	0.43199195
546	0.46998725
547	0.39420191
548	0.43449951
549	0.44961571
550	0.40636174
551	0.48078208
552	0.44619530
553	0.44169629
554	0.44953813
555	0.42819615
556	0.44510470
557	0.38497696
558	0.43416828
559	0.42854395
560	0.45176844
561	0.42354776
562	0.46864372
563	0.40851650
564	0.40720066
565	0.45079652
566	0.42481558
567	0.42172834
568	0.42543399
569	0.44667298
570	0.44158705
571	0.43539070
572	0.43868363
573	0.43881910
574	0.45358774
575	0.45900125
576	0.42996407
577	0.41077735
578	0.45962291
579	0.43833077
580	0.44799579
581	0.39683468
582	0.45870039
583	0.46541335
584	0.38725608
585	0.42754106
586	0.41651128
587	0.42477475
588	0.46683356
589	0.39235210
590	0.40577913
591	0.42182436
592	0.43738080
593	0.47051285
594	0.43805401
595	0.44251420
596	0.46306979
597	0.43989165
598	0.42500523
599	0.38853287
600	0.43241841
601	0.40598912
602	0.42495431
603	0.40114287
604	0.44263001
605	0.42190989
606	0.43240542
607	0.39666252
608	0.46446391
609	0.43200595
610	0.42439208
611	0.40814382
612	0.45219109
613	0.41364366
614	0.39561029
615	0.46006647
616	0.44335174
617	0.42747673
618	0.43104734
619	0.46072285
620	0.38605782
621	0.44215039
622	0.43370924
623	0.43297709
624	0.44889014
625	0.43584763
626	0.43463192
627	0.40984859
628	0.44214297
629	0.45144073
630	0.45257863
631	0.43282482
632	0.39888780
633	0.44148097
634	0.42251108
635	0.45157886
636	0.42552387
637	0.44366338
638	0.47356617
639	0.42848843
640	0.47567275
641	0.44960736
642	0.41450687
643	0.42429280
644	0.40963471
645	0.40263504
646	0.39519270
647	0.42186174
648	0.42643534
649	0.45654852
650	0.40470187
651	0.39836755
652	0.39503672
653	0.42855296
654	0.41559451
655	0.46204106
656	0.39754421
657	0.45901624
658	0.43006739
659	0.42184602
660	0.40969997
661	0.43981805
662	0.39745319
663	0.41330510
664	0.40692291
665	0.40523609
666	0.45350897
667	0.42613277
668	0.39744244
669	0.41544119
670	0.41608225
671	0.39968826
672	0.42148692
673	0.42885424
674	0.45237479
675	0.39281019
676	0.42996709
677	0.43466887
678	0.42312183
679	0.41178922
680	0.44105059
681	0.40156788
682	0.38909576
683	0.42943642
684	0.39095983
685	0.38972712
686	0.41066752
687	0.43647640
688	0.43086160
689	0.47840072
690	0.41336624
691	0.37924553
692	0.43500214
693	0.42444872
694	0.38160792
695	0.39118251
696	0.41072258
697	0.42353925
698	0.40897896
699	0.41979688
700	0.40209911
701	0.42273386
702	0.38956009
703	0.43156555
704	0.42762367
705	0.42034191
706	0.43524688
707	0.42702985
708	0.39997456
709	0.41200703
710	0.45601177
711	0.38774921
712	0.43535510
713	0.40259145
714	0.40056893
715	0.40764987
716	0.40279339
717	0.37796598
718	0.39254698
719	0.41966262
720	0.45260312
721	0.43679566
722	0.40663951
723	0.43167413
724	0.38236496
725	0.43711719
726	0.43407791
727	0.41879852
728	0.41033172
729	0.40492505
730	0.40629944
731	0.44362551
732	0.43660273
733	0.41561183
734	0.38657903
735	0.38553439
736	0.39705789
737	0.42928432
738	0.40717206
739	0.40585911
740	0.43707853
741	0.39485112
742	0.40770355
743	0.39315848
744	0.41458185
745	0.40268051
746	0.39417291
747	0.40958695
748	0.39925533
749	0.42833836
750	0.37611854
751	0.40538179
752	0.40443567
753	0.41044244
754	0.41321358
755	0.40857419
756	0.35236397
757	0.40900076
758	0.41381893
759	0.38783406
760	0.39905483
761	0.40805980
762	0.40515740
763	0.39719017
764	0.41790233
765	0.39925878
766	0.38100270
767	0.40205621
768	0.39382488
769	0.39286160
770	0.38997150
771	0.41146880
772	0.39047245
773	0.45579819
774	0.38049139
775	0.40132995
776	0.38656052
777	0.38821473
778	0.41571936
779	0.38288856
780	0.39794892
781	0.38890865
782	0.41702285
783	0.44410168
784	0.40774964
785	0.40002656
786	0.38189116
787	0.39732084
788	0.42489214
789	0.42653583
790	0.40687610
791	0.40711742
792	0.38262850
793	0.40203097
794	0.40286361
795	0.41748346
796	0.39561338
797	0.36644464
798	0.37963573
799	0.38705289
800	0.41380743
801	0.38609487
802	0.38944103
803	0.40447186
804	0.38068586
805	0.39785943
806	0.41858718
807	0.38725375
808	0.42224941
809	0.39154869
810	0.36683991
811	0.41537015
812	0.36910618
813	0.38479898
814	0.40070809
815	0.41159204
816	0.40870276
817	0.40747840
818	0.39523162
819	0.39738915
820	0.38572630
821	0.41235552
822	0.41014024
823	0.38024438
824	0.39028406
825	0.38396864
826	0.38291821
827	0.38106177
828	0.36334043
829	0.37237249
830	0.41242419
831	0.38557009
832	0.41282206
833	0.36241917
834	0.41027032
835	0.42365585
836	0.37811838
837	0.37997258
838	0.38565125
839	0.40402827
840	0.38988649
841	0.39215809
842	0.39201732
843	0.38208159
844	0.37539678
845	0.41407590
846	0.41171499
847	0.39998356
848	0.40861976
849	0.38869586
850	0.36697436
851	0.41640835
852	0.38864592
853	0.41660730
854	0.38575450
855	0.42705135
856	0.42060247
857	0.38457449
858	0.37289826
859	0.38059730
860	0.41197387
861	0.35110411
862	0.38031479
863	0.39842124
864	0.38017656
865	0.36392252
866	0.38359878
867	0.37709287
868	0.41642765
869	0.39015500
870	0.37534139
871	0.40899093
872	0.42497903
873	0.40707390
874	0.40108107
875	0.41841963
876	0.37350394
877	0.41435825
878	0.37048248
879	0.39877193
880	0.35892364
881	0.39647327
882	0.38102272
883	0.38997916
884	0.39636982
885	0.39355138
886	0.39998649
887	0.41559497
888	0.36771259
889	0.38085989
890	0.36534395
891	0.37931739
892	0.36969497
893	0.37363192
894	0.41528886
895	0.36371091
896	0.39401062
897	0.37180999
898	0.37691966
899	0.34636368
900	0.40542959
901	0.37930838
902	0.35739753
903	0.35909402
904	0.37615559
905	0.40923297
906	0.37761371
907	0.36168780
908	0.36811078
909	0.40475256
910	0.35573833
911	0.37660937
912	0.37650247
913	0.39106828
914	0.39621920
915	0.38042719
916	0.36873353
917	0.39442577
918	0.37773491
919	0.37364915
920	0.38046667
921	0.34757735
922	0.37986926
923	0.38070786
924	0.36960539
925	0.37309596
926	0.35466341
927	0.37773376
928	0.37824339
929	0.39367666
930	0.36257945
931	0.40971216
932	0.39318593
933	0.38338110
934	0.39478070
935	0.37743393
936	0.37936940
937	0.36348425
938	0.35319316
939	0.41175648
940	0.36818511
941	0.37460250
942	0.39990796
943	0.39217101
944	0.34910217
945	0.38956746
946	0.37786956
947	0.37818665
948	0.37165759
949	0.37608379
950	0.34914471
951	0.36716331
952	0.38118350
953	0.38414356
954	0.36279277
955	0.37797436
956	0.37150970
957	0.33688462
958	0.38524671
959	0.35779915
960	0.36254234
961	0.36925391
962	0.37125371
963	0.37087219
964	0.35802094
965	0.36699030
966	0.36586792
967	0.37003120
968	0.36594842
969	0.36906926
970	0.37386315
971	0.37482258
972	0.39454405
973	0.36335746
974	0.38026795
975	0.35646361
976	0.36987541
977	0.36308254
978	0.38006443
979	0.36730710
980	0.36506795
981	0.37520411
982	0.37190444
983	0.36654343
984	0.36342916
985	0.34949287
986	0.37464533
987	0.37844089
988	0.35115085
989	0.36787018
990	0.37376236
991	0.37518705
992	0.38211769
993	0.39987492
994	0.37189221
995	0.34806558
996	0.34461269
997	0.34493153
998	0.37269122
999	0.35684901
1000	0.35011693
1001	0.36110385
1002	0.34536147
1003	0.36222913
1004	0.36329661
1005	0.36182906
1006	0.34884747
1007	0.36025230
1008	0.37131312
1009	0.38102735
1010	0.37431686
1011	0.37639257
1012	0.35631200
1013	0.36708011
