0	0.69496281
1	0.68885028
2	0.67882828
3	0.68345365
4	0.69373670
5	0.67019474
6	0.67019158
7	0.60917102
8	0.69292235
9	0.69364305
10	0.65609975
11	0.65179232
12	0.68708425
13	0.69068221
14	0.68765347
15	0.64579986
16	0.69517074
17	0.69523319
18	0.69493007
19	0.69501793
20	0.69511832
21	0.69475604
22	0.69482302
23	0.68972691
24	0.69494923
25	0.69461309
26	0.69349684
27	0.69437186
28	0.69387326
29	0.69282393
30	0.67571547
31	0.68897846
32	0.69006421
33	0.65253326
34	0.69393330
35	0.69486295
36	0.68480814
37	0.68432705
38	0.68401937
39	0.66455870
40	0.69223782
41	0.68912421
42	0.68607912
43	0.68441698
44	0.67805519
45	0.68217972
46	0.68632056
47	0.68926456
48	0.68406853
49	0.68872775
50	0.68494954
51	0.66479989
52	0.68253849
53	0.68858663
54	0.65698874
55	0.68462888
56	0.67963905
57	0.67331898
58	0.68024333
59	0.65823737
60	0.68066326
61	0.65010323
62	0.66565368
63	0.65102270
64	0.64118235
65	0.67052523
66	0.65905526
67	0.64403354
68	0.67561944
69	0.64923260
70	0.67463853
71	0.67665947
72	0.66892758
73	0.66807853
74	0.66042796
75	0.62514140
76	0.67617530
77	0.66919618
78	0.68151656
79	0.64594474
80	0.63818547
81	0.65688333
82	0.65627821
83	0.63402305
84	0.63748786
85	0.63420607
86	0.67488039
87	0.63683411
88	0.66197547
89	0.66477432
90	0.59402053
91	0.62610565
92	0.65453323
93	0.64665035
94	0.64291189
95	0.59848032
96	0.65768393
97	0.63166140
98	0.67067712
99	0.61891382
100	0.63639032
101	0.59335856
102	0.59778667
103	0.64067975
104	0.52598965
105	0.64860277
106	0.65912025
107	0.58155091
108	0.57896267
109	0.66844126
110	0.65557600
111	0.63096933
112	0.62480870
113	0.58426144
114	0.60337007
115	0.60713161
116	0.63570702
117	0.62697937
118	0.64654519
119	0.58931025
120	0.59703305
121	0.63740677
122	0.63175025
123	0.65290877
124	0.61519765
125	0.60171516
126	0.56085098
127	0.59757165
128	0.61518130
129	0.61143646
130	0.62372074
131	0.57130502
132	0.61765554
133	0.61272242
134	0.59480270
135	0.61292884
136	0.61233642
137	0.56378796
138	0.63835393
139	0.62172267
140	0.63583270
141	0.55935382
142	0.63648256
143	0.63402488
144	0.60321351
145	0.61550779
146	0.62446386
147	0.61520677
148	0.58552779
149	0.54705074
150	0.63386944
151	0.50585775
152	0.57580277
153	0.57653070
154	0.56765126
155	0.60781884
156	0.64124607
157	0.62784923
158	0.62139502
159	0.61006537
160	0.58410414
161	0.59114253
162	0.53060961
163	0.54105007
164	0.57970239
165	0.59507323
166	0.57756523
167	0.58412747
168	0.58297393
169	0.54163189
170	0.57127744
171	0.58020600
172	0.58147319
173	0.57783530
174	0.62392775
175	0.62271270
176	0.55220007
177	0.59778993
178	0.58638849
179	0.54283361
180	0.49738347
181	0.61682526
182	0.61946302
183	0.54184954
184	0.60506726
185	0.57635207
186	0.59775109
187	0.60079779
188	0.56057614
189	0.58873695
190	0.51972660
191	0.57472923
192	0.60590832
193	0.57515947
194	0.54492765
195	0.55530891
196	0.60430309
197	0.60607965
198	0.54718081
199	0.55864979
200	0.60919902
201	0.58479144
202	0.57270477
203	0.58980281
204	0.55444642
205	0.55672912
206	0.52383028
207	0.59407526
208	0.60274540
209	0.54835667
210	0.51684523
211	0.60473575
212	0.53911888
213	0.51088123
214	0.53138663
215	0.55090421
216	0.52915565
217	0.50366775
218	0.56005568
219	0.52700123
220	0.54395737
221	0.53296242
222	0.60835825
223	0.59159186
224	0.56853411
225	0.52984754
226	0.52903060
227	0.51887372
228	0.55900544
229	0.52094604
230	0.47233291
231	0.56433954
232	0.56284919
233	0.55415021
234	0.52277484
235	0.56325140
236	0.58784589
237	0.55638449
238	0.55239407
239	0.56342533
240	0.52514730
241	0.56117260
242	0.52276751
243	0.46995046
244	0.52248712
245	0.48731919
246	0.48308702
247	0.59337646
248	0.54916228
249	0.53361544
250	0.51895130
251	0.51087972
252	0.54210593
253	0.54927740
254	0.49378361
255	0.58884772
256	0.50700905
257	0.54667161
258	0.51452389
259	0.52309025
260	0.54777789
261	0.52677070
262	0.52690839
263	0.52326568
264	0.56007523
265	0.53918667
266	0.55106516
267	0.52436235
268	0.50732361
269	0.54543618
270	0.54395158
271	0.46308761
272	0.52914200
273	0.56843737
274	0.54520442
275	0.58073982
276	0.58507340
277	0.52371432
278	0.47273600
279	0.59984537
280	0.55424853
281	0.54394565
282	0.56202768
283	0.57563442
284	0.49647295
285	0.48782940
286	0.51061796
287	0.50217340
288	0.55152204
289	0.58451039
290	0.55369435
291	0.50334396
292	0.51495737
293	0.51204744
294	0.49463691
295	0.48434740
296	0.48495646
297	0.52706474
298	0.52053593
299	0.51487807
300	0.55730025
301	0.53481186
302	0.47818596
303	0.49018670
304	0.44372347
305	0.51028846
306	0.44282284
307	0.50240579
308	0.49973632
309	0.53778688
310	0.48446607
311	0.52609060
312	0.50026979
313	0.47531842
314	0.57943368
315	0.54822923
316	0.44434719
317	0.48294323
318	0.47980449
319	0.56446133
320	0.49439737
321	0.48142884
322	0.52888625
323	0.52170498
324	0.55977140
325	0.45912804
326	0.45933014
327	0.51079930
328	0.51009375
329	0.43654775
330	0.53508112
331	0.48084281
332	0.48206267
333	0.52923660
334	0.51496965
335	0.46501625
336	0.49876670
337	0.53005133
338	0.42541779
339	0.49133586
340	0.44647453
341	0.47711414
342	0.50699249
343	0.44062225
344	0.49056056
345	0.52075000
346	0.52077214
347	0.50199225
348	0.54402596
349	0.47943365
350	0.49252449
351	0.56853772
352	0.50574958
353	0.48837919
354	0.51096846
355	0.51516572
356	0.50636632
357	0.46341695
358	0.51855846
359	0.51556196
360	0.48863084
361	0.52445905
362	0.53885411
363	0.54575284
364	0.52119596
365	0.46498909
366	0.52236042
367	0.47123926
368	0.51649625
369	0.50938649
370	0.56072172
371	0.46308347
372	0.53318712
373	0.51295775
374	0.45953270
375	0.43800253
376	0.47537175
377	0.42363260
378	0.48321130
379	0.54300965
380	0.50256965
381	0.48870698
382	0.49226484
383	0.50229207
384	0.50761856
385	0.44753007
386	0.48325954
387	0.47690337
388	0.47038814
389	0.48349656
390	0.49330716
391	0.45245860
392	0.51674411
393	0.45897842
394	0.57331095
395	0.51862344
396	0.44413375
397	0.52781021
398	0.46506856
399	0.45368958
400	0.51140393
401	0.45985449
402	0.49844305
403	0.49070839
404	0.43897133
405	0.53034663
406	0.43817751
407	0.47208039
408	0.46899561
409	0.49170937
410	0.49754912
411	0.46773242
412	0.47554632
413	0.48656744
414	0.48756604
415	0.48827898
416	0.50615165
417	0.46931168
418	0.47484172
419	0.48318540
420	0.46626179
421	0.44675653
422	0.45367828
423	0.47216109
424	0.50223923
425	0.48021404
426	0.46054614
427	0.47566077
428	0.44001418
429	0.46799358
430	0.46148825
431	0.41530249
432	0.52893056
433	0.52038140
434	0.47894147
435	0.53918161
436	0.44724909
437	0.45242635
438	0.46096614
439	0.46520642
440	0.43270891
441	0.48711898
442	0.47264088
443	0.48536807
444	0.45325709
445	0.45994358
446	0.41873098
447	0.44307151
448	0.47414344
449	0.45106284
450	0.44038502
451	0.44743147
452	0.43545596
453	0.52918789
454	0.47878337
455	0.44974979
456	0.49160316
457	0.43688877
458	0.44583270
459	0.45460456
460	0.47372533
461	0.48122723
462	0.49641235
463	0.42361807
464	0.49360239
465	0.48329249
466	0.52592516
467	0.43479807
468	0.46991870
469	0.46165249
470	0.45061372
471	0.42323126
472	0.44681456
473	0.48824182
474	0.48122670
475	0.51023477
476	0.49175288
477	0.47336446
478	0.48091081
479	0.43237547
480	0.43857158
481	0.46997288
482	0.43754923
483	0.45468519
484	0.47375256
485	0.47979705
486	0.52826589
487	0.47190274
488	0.44973340
489	0.44931832
490	0.43085856
491	0.46344926
492	0.47985568
493	0.48396698
494	0.46470368
495	0.45238379
496	0.41567154
497	0.44399074
498	0.48736782
499	0.45436316
500	0.43831751
501	0.45721554
502	0.43913470
503	0.45766523
504	0.43794688
505	0.41123102
506	0.48850912
507	0.42492786
508	0.42928842
509	0.45022923
510	0.43240660
511	0.39375516
512	0.45069758
513	0.41071958
514	0.42060218
515	0.44437905
516	0.42948835
517	0.48177828
518	0.42117154
519	0.44363081
520	0.45268804
521	0.38517582
522	0.46923088
523	0.44652849
524	0.46543488
525	0.40955074
526	0.45825625
527	0.43184449
528	0.45260733
529	0.41048046
530	0.43595649
531	0.42581989
532	0.45708768
533	0.48411456
534	0.42770940
535	0.46734488
536	0.43844193
537	0.44570425
538	0.45412986
539	0.45497042
540	0.49984284
541	0.42837425
542	0.42464593
543	0.40905232
544	0.41989540
545	0.45231147
546	0.48563740
547	0.43536611
548	0.49277386
549	0.39769305
550	0.46783095
551	0.40383302
552	0.40423411
553	0.48707337
554	0.43956126
555	0.43061249
556	0.43785523
557	0.41464098
558	0.42412281
559	0.46764698
560	0.42239263
561	0.43897288
562	0.36943340
563	0.45945354
564	0.47316621
565	0.45758653
566	0.44326888
567	0.40780663
568	0.45384625
569	0.44266284
570	0.44465768
571	0.42082025
572	0.45992582
573	0.38150214
574	0.43410060
575	0.43353825
576	0.39894586
577	0.41770386
578	0.42604323
579	0.40780719
580	0.45176912
581	0.43061544
582	0.43633863
583	0.40180207
584	0.44247460
585	0.42881404
586	0.41663088
587	0.43392256
588	0.43360056
589	0.43081144
590	0.40365228
591	0.43258039
592	0.45771646
593	0.48889481
594	0.42073582
595	0.45258698
596	0.41145382
597	0.45721789
598	0.42275491
599	0.43173039
600	0.42211249
601	0.44229926
602	0.43633039
603	0.42216919
604	0.42926116
605	0.41411439
606	0.40892098
607	0.43872589
608	0.43131123
609	0.44810611
610	0.43531516
611	0.41671993
612	0.43193046
613	0.41651705
614	0.45199505
615	0.44283509
616	0.44191407
617	0.42194330
618	0.44085639
619	0.46750470
620	0.39957133
621	0.43416589
622	0.42974354
623	0.44920881
624	0.39542035
625	0.45131730
626	0.43422165
627	0.45087547
628	0.40558109
629	0.41314884
630	0.43423919
631	0.43050551
632	0.40006600
633	0.45703147
634	0.42821049
635	0.40630972
636	0.39757046
637	0.42459484
638	0.42094656
639	0.43060151
640	0.42734014
641	0.40713961
642	0.42936439
643	0.43896411
644	0.41157291
645	0.41130821
646	0.43372979
647	0.42631432
648	0.42162105
649	0.42581663
650	0.41730888
651	0.43673779
652	0.42728126
653	0.40011775
654	0.41165716
655	0.42985295
656	0.40757782
657	0.40778705
658	0.40078147
659	0.47278944
660	0.44683832
661	0.40302751
662	0.41778856
663	0.39668218
664	0.43777235
665	0.39787842
666	0.41137881
667	0.41211467
668	0.47193832
669	0.38339926
670	0.40856656
671	0.40617702
672	0.40324993
673	0.45096463
674	0.41996021
675	0.37634575
676	0.44253761
677	0.40169105
678	0.45038733
679	0.41981396
680	0.39236589
681	0.39430442
682	0.41135807
683	0.43536751
684	0.39036519
685	0.38068940
686	0.40674172
687	0.43552098
688	0.39221547
689	0.37237330
690	0.42052495
691	0.39812712
692	0.41701105
693	0.39484151
694	0.38655172
695	0.41703660
696	0.39467705
697	0.37714747
698	0.41034993
699	0.39343768
700	0.42314818
701	0.40969358
702	0.40740709
703	0.39853856
704	0.37772474
705	0.39836147
706	0.38728772
707	0.39779404
708	0.40517319
709	0.44220323
710	0.43040544
711	0.42421554
712	0.39485691
713	0.41055947
714	0.43134786
715	0.42953375
716	0.41979523
717	0.41031940
718	0.40932670
719	0.40858407
720	0.42069154
721	0.40099923
722	0.45026768
723	0.38238968
724	0.38747463
725	0.40114039
726	0.39962186
727	0.44100140
728	0.40811572
729	0.38421361
730	0.42126589
731	0.37246140
732	0.38401667
733	0.40098761
734	0.39635035
735	0.41373284
736	0.42763112
737	0.38944607
738	0.39637691
739	0.38882611
740	0.38737740
741	0.39842032
742	0.43204119
743	0.40068674
744	0.43327867
745	0.39721081
746	0.38136965
747	0.39230839
748	0.37792481
749	0.38361446
750	0.37414723
751	0.40257102
752	0.39614512
753	0.39442768
754	0.41386018
755	0.39469474
756	0.39687870
757	0.42014832
758	0.40402996
759	0.43199018
760	0.39101393
761	0.38730618
762	0.36858884
763	0.37518646
764	0.40442140
765	0.39338716
766	0.39031042
767	0.40606579
768	0.40210481
769	0.39666088
770	0.38628039
771	0.38519628
772	0.42433084
773	0.39835870
774	0.40568025
775	0.36955884
776	0.39147126
777	0.38716982
778	0.41365179
779	0.41582646
780	0.39450218
781	0.36345898
782	0.39413698
783	0.40105937
784	0.41850193
785	0.40797267
786	0.40414958
787	0.38919554
788	0.40484000
789	0.39872698
790	0.36600730
791	0.42517677
792	0.39369807
793	0.41486870
794	0.39478186
795	0.37697116
796	0.36464691
797	0.36379674
798	0.40874000
799	0.37995232
800	0.38212930
801	0.38175281
802	0.37513740
803	0.39783561
804	0.40655102
805	0.40973379
806	0.38763421
807	0.40353951
808	0.39905428
809	0.37884235
810	0.36494077
811	0.40062025
812	0.40556484
813	0.40202730
814	0.37723211
815	0.38573147
816	0.37977825
817	0.38067530
818	0.38493281
819	0.38312295
820	0.38297804
821	0.38046723
822	0.36161119
823	0.39670782
824	0.40413105
825	0.39450495
826	0.39364586
827	0.40627944
828	0.41936821
829	0.38693607
830	0.40417730
831	0.40768123
832	0.39453881
833	0.40382351
834	0.39671642
835	0.36764961
836	0.38314691
837	0.36201744
838	0.38226600
839	0.37924786
840	0.39643154
841	0.39534140
842	0.37254221
843	0.42850540
844	0.38217084
845	0.35533396
846	0.39247807
847	0.36893470
848	0.36793477
849	0.40296144
850	0.39206744
851	0.37894119
852	0.39175649
853	0.38155898
854	0.36430330
855	0.40418158
856	0.36175025
857	0.37521807
858	0.39226716
859	0.39335361
860	0.37716512
861	0.40204979
862	0.37685796
863	0.38501207
864	0.37739996
865	0.38943649
866	0.41405951
867	0.37479677
868	0.38594698
869	0.41409839
870	0.38343204
871	0.38365298
872	0.37565140
873	0.39384849
874	0.36206828
875	0.39595523
876	0.37302625
877	0.42820253
878	0.38375702
879	0.40405432
880	0.39286993
881	0.39290765
882	0.36523726
883	0.35486775
884	0.38760481
885	0.38905747
886	0.36410386
887	0.35631446
888	0.36380505
889	0.39158449
890	0.38884158
891	0.37123400
892	0.38695765
893	0.39728667
894	0.34582298
895	0.36624761
896	0.38661116
897	0.37603688
898	0.37326698
899	0.38521835
900	0.38077428
901	0.36524263
902	0.37362460
903	0.38664972
904	0.38022712
905	0.37267775
906	0.34805846
907	0.35127891
908	0.38356779
909	0.37832839
910	0.39333011
911	0.35837691
912	0.37860589
913	0.38462277
914	0.35393888
915	0.37263116
916	0.38801867
917	0.37151807
918	0.40380277
919	0.38061772
920	0.35186614
921	0.37905881
922	0.35360186
923	0.37507193
924	0.36703442
925	0.36813772
926	0.37654958
927	0.38270744
928	0.37985309
929	0.36849435
930	0.37621305
931	0.36256825
932	0.36751077
933	0.36578211
934	0.36626968
935	0.37639726
936	0.37239316
937	0.38081993
938	0.36903502
939	0.36308986
940	0.39375747
941	0.36610305
942	0.38902754
943	0.35715182
944	0.38010986
945	0.36136119
946	0.35037382
947	0.38237565
948	0.36706807
949	0.37189004
