0	0.69741316
1	0.68600536
2	0.69457379
3	0.69425449
4	0.69146387
5	0.69558202
6	0.67311731
7	0.68805047
8	0.67076640
9	0.68584514
10	0.66066805
11	0.68820651
12	0.68197210
13	0.66977645
14	0.69277800
15	0.68898644
16	0.69661785
17	0.69733647
18	0.69743930
19	0.69678745
20	0.69722314
21	0.69687429
22	0.69721670
23	0.69625368
24	0.69739464
25	0.69674052
26	0.69730752
27	0.69395361
28	0.69603792
29	0.69289750
30	0.69570628
31	0.68586414
32	0.69680007
33	0.69501019
34	0.68608138
35	0.68929005
36	0.68939545
37	0.69373374
38	0.68122487
39	0.68880273
40	0.69258974
41	0.69081559
42	0.68488354
43	0.67820665
44	0.68229460
45	0.68473748
46	0.69193698
47	0.65512460
48	0.69506707
49	0.67718195
50	0.66403573
51	0.68484507
52	0.68595587
53	0.61797379
54	0.67668819
55	0.67403596
56	0.69192770
57	0.68934413
58	0.60106657
59	0.68468779
60	0.63745283
61	0.68688836
62	0.66447146
63	0.68201522
64	0.68381383
65	0.69251430
66	0.62765067
67	0.69002260
68	0.68213586
69	0.62548860
70	0.63166657
71	0.67917675
72	0.68796404
73	0.66307257
74	0.60251258
75	0.66597861
76	0.65566785
77	0.63657594
78	0.63827945
79	0.67327976
80	0.64382736
81	0.67283060
82	0.67869008
83	0.61179585
84	0.67516302
85	0.67973431
86	0.66203843
87	0.64082615
88	0.65527922
89	0.63682834
90	0.65840287
91	0.64992483
92	0.65671282
93	0.63305806
94	0.67552001
95	0.66145563
96	0.65218779
97	0.68341039
98	0.61624305
99	0.62006653
100	0.62419339
101	0.58797112
102	0.61629197
103	0.64595580
104	0.64462480
105	0.63580037
106	0.67139970
107	0.61537864
108	0.64790965
109	0.67127753
110	0.62546910
111	0.63547294
112	0.62652554
113	0.64828826
114	0.63787395
115	0.68212797
116	0.58797557
117	0.64389882
118	0.60394460
119	0.62722298
120	0.66408762
121	0.60153060
122	0.59929764
123	0.65271032
124	0.63506765
125	0.58616383
126	0.62053387
127	0.60692854
128	0.58952409
129	0.59786420
130	0.58647325
131	0.65295482
132	0.56822675
133	0.62729541
134	0.54939231
135	0.60005199
136	0.58823323
137	0.63606164
138	0.60396576
139	0.60481225
140	0.51077783
141	0.60697277
142	0.58721815
143	0.63063202
144	0.61011815
145	0.59784929
146	0.60196086
147	0.64616032
148	0.61824177
149	0.61804038
150	0.54355945
151	0.61277760
152	0.53630854
153	0.63878424
154	0.59236893
155	0.61427773
156	0.57689491
157	0.55285351
158	0.62335054
159	0.62607041
160	0.56555850
161	0.57150000
162	0.62441191
163	0.59067301
164	0.58292456
165	0.59139001
166	0.53762797
167	0.59210422
168	0.57271569
169	0.59787095
170	0.62312348
171	0.61044312
172	0.57432119
173	0.61689197
174	0.52102352
175	0.57753080
176	0.56703246
177	0.56495071
178	0.61836893
179	0.62539791
180	0.59967041
181	0.63354561
182	0.54458944
183	0.59685918
184	0.60521835
185	0.55514487
186	0.56316673
187	0.59445729
188	0.59070675
189	0.58750793
190	0.51446285
191	0.59370914
192	0.58090735
193	0.54593293
194	0.54464892
195	0.61152790
196	0.59512203
197	0.51449777
198	0.60006727
199	0.58608465
200	0.61025833
201	0.51347790
202	0.52095290
203	0.55420830
204	0.57372102
205	0.53958522
206	0.52565965
207	0.57795894
208	0.49209943
209	0.55945678
210	0.57363674
211	0.57404069
212	0.61764926
213	0.50407460
214	0.53210108
215	0.59123546
216	0.52979086
217	0.56201626
218	0.51772594
219	0.53330651
220	0.57266856
221	0.59667868
222	0.60330830
223	0.57505982
224	0.60567406
225	0.55205935
226	0.49204973
227	0.56631066
228	0.56151741
229	0.51590577
230	0.51844814
231	0.51756528
232	0.55769622
233	0.58239325
234	0.56987692
235	0.64407608
236	0.60393050
237	0.53444895
238	0.57335810
239	0.55276471
240	0.57314646
241	0.58711086
242	0.56921154
243	0.46984845
244	0.58058381
245	0.56212341
246	0.56331208
247	0.48975287
248	0.55346791
249	0.57071673
250	0.56071323
251	0.59194599
252	0.55015665
253	0.51376441
254	0.50905574
255	0.52156309
256	0.57341515
257	0.53336430
258	0.51676707
259	0.52385634
260	0.52723374
261	0.53633623
262	0.53844686
263	0.48035847
264	0.53594838
265	0.54271511
266	0.51319386
267	0.47368360
268	0.57859146
269	0.49782908
270	0.56301852
271	0.52727051
272	0.51853650
273	0.50842567
274	0.50256613
275	0.54749740
276	0.54591700
277	0.54682112
278	0.58367277
279	0.52281059
280	0.55029831
281	0.49879386
282	0.54010682
283	0.54926447
284	0.54199814
285	0.52790503
286	0.52737669
287	0.50427753
288	0.55997571
289	0.56547699
290	0.54897740
291	0.54072250
292	0.54335989
293	0.57135675
294	0.58183600
295	0.55927972
296	0.54469740
297	0.53185850
298	0.56892561
299	0.53356009
300	0.52766265
301	0.57535432
302	0.52185088
303	0.53241366
304	0.43732493
305	0.49371893
306	0.50032800
307	0.56271235
308	0.58857898
309	0.55726198
310	0.55586383
311	0.50480020
312	0.51084312
313	0.50296461
314	0.55724291
315	0.48049224
316	0.55717881
317	0.46532362
318	0.46825479
319	0.51398816
320	0.54143843
321	0.48225614
322	0.54792699
323	0.51167915
324	0.50397861
325	0.52140300
326	0.51825179
327	0.48380263
328	0.49472402
329	0.53253293
330	0.51806491
331	0.53347382
332	0.56170590
333	0.45759244
334	0.53278249
335	0.53049700
336	0.51483259
337	0.45172567
338	0.50719646
339	0.50365611
340	0.48944997
341	0.54367196
342	0.51694838
343	0.49397777
344	0.48018860
345	0.49638182
346	0.50597996
347	0.56063688
348	0.52429750
349	0.47994322
350	0.49827433
351	0.48744022
352	0.54999329
353	0.49842099
354	0.53130938
355	0.50511700
356	0.51746454
357	0.49468887
358	0.50606012
359	0.50275098
360	0.47807287
361	0.58966498
362	0.53248799
363	0.48928634
364	0.46244838
365	0.44714379
366	0.47989966
367	0.50301511
368	0.51882898
369	0.45033107
370	0.55266987
371	0.54181856
372	0.47725941
373	0.42918117
374	0.49688418
375	0.52541724
376	0.49620155
377	0.51540125
378	0.48378944
379	0.48581063
380	0.53528343
381	0.43477254
382	0.50521609
383	0.48686002
384	0.47944943
385	0.49303502
386	0.48311306
387	0.56096451
388	0.51775314
389	0.45826592
390	0.49281019
391	0.47779356
392	0.48737692
393	0.43357331
394	0.51019953
395	0.51270830
396	0.49533239
397	0.49193634
398	0.45884008
399	0.44428893
400	0.55810378
401	0.52197122
402	0.52142345
403	0.46952665
404	0.47741012
405	0.44633947
406	0.49274676
407	0.46119696
408	0.45970779
409	0.45958175
410	0.48500607
411	0.51297878
412	0.48398020
413	0.48991532
414	0.46729831
415	0.46097129
416	0.45236400
417	0.47607797
418	0.51173974
419	0.52561872
420	0.50719730
421	0.45326765
422	0.47185165
423	0.47221242
424	0.49888313
425	0.47946572
426	0.50189602
427	0.47600324
428	0.47753539
429	0.53531258
430	0.52539464
431	0.52636677
432	0.45329997
433	0.49732264
434	0.44827473
435	0.47627095
436	0.45503971
437	0.48887099
438	0.44881427
439	0.52917844
440	0.50307925
441	0.50781805
442	0.46975354
443	0.43283492
444	0.47159426
445	0.49152099
446	0.48939356
447	0.48433650
448	0.45683681
449	0.48818404
450	0.50444022
451	0.52360324
452	0.40798627
453	0.50100948
454	0.50450486
455	0.47744872
456	0.45699211
457	0.47640317
458	0.48012493
459	0.50194865
460	0.49264767
461	0.43111980
462	0.47354771
463	0.49876113
464	0.52736997
465	0.46777584
466	0.47824335
467	0.44895267
468	0.49355816
469	0.47415020
470	0.45341107
471	0.46913192
472	0.49922362
473	0.46453863
474	0.46113954
475	0.46686559
476	0.50829717
477	0.47267500
478	0.47902220
479	0.51025142
480	0.41535854
481	0.45016677
482	0.45709555
483	0.45042112
484	0.47723853
485	0.46202119
486	0.47962969
487	0.50706238
488	0.46067520
489	0.49720941
490	0.47560877
491	0.43860418
492	0.47482038
493	0.46764443
494	0.47553650
495	0.48195469
496	0.50910496
497	0.45456640
498	0.46404679
499	0.42322402
500	0.43124791
501	0.50022719
502	0.42306218
503	0.42695698
504	0.43304666
505	0.47209163
506	0.45298735
507	0.44220213
508	0.48200287
509	0.42738836
510	0.44891228
511	0.48190179
512	0.43369848
513	0.44315783
514	0.48599126
515	0.53703904
516	0.41076090
517	0.47160908
518	0.39256312
519	0.46170182
520	0.42191110
521	0.43443691
522	0.40633603
523	0.45328212
524	0.45228276
525	0.43264777
526	0.43684619
527	0.47876002
528	0.46376228
529	0.49695675
530	0.44867200
531	0.46035580
532	0.43800294
533	0.48969831
534	0.44762419
535	0.47763650
536	0.44822007
537	0.47913691
538	0.44669231
539	0.43805378
540	0.46796609
541	0.43734123
542	0.48231289
543	0.42432190
544	0.42818694
545	0.41266741
546	0.45193812
547	0.48134440
548	0.45402932
549	0.44039939
550	0.43769548
551	0.43454730
552	0.44160921
553	0.43288178
554	0.40069045
555	0.43309116
556	0.48916960
557	0.44085324
558	0.45923289
559	0.44526177
560	0.44679241
561	0.44932112
562	0.46171825
563	0.44804248
564	0.46098050
565	0.42622318
566	0.41473964
567	0.43604916
568	0.47105611
569	0.42266144
570	0.43331532
571	0.45775317
572	0.42775283
573	0.42992918
574	0.45234730
575	0.44978947
576	0.46419437
577	0.43129130
578	0.44850847
579	0.40207645
580	0.45265240
581	0.42878053
582	0.47707750
583	0.45619744
584	0.48131754
585	0.40864211
586	0.44439916
587	0.43658276
588	0.43177102
589	0.41614065
590	0.44877250
591	0.40950901
592	0.40607692
593	0.44579933
594	0.45258374
595	0.43788934
596	0.46022821
597	0.43019143
598	0.48784646
599	0.46234808
600	0.42646552
601	0.42012240
602	0.48719747
603	0.43833671
604	0.41709983
605	0.40620989
606	0.43420995
607	0.42038219
608	0.44229916
609	0.43018148
610	0.46004480
611	0.44941910
612	0.43741468
613	0.43836164
614	0.40754396
615	0.41222706
616	0.46781174
617	0.44217925
618	0.41516312
619	0.43290101
620	0.46592443
621	0.39774423
622	0.43648549
623	0.41137318
624	0.44561657
625	0.41191164
626	0.43767544
627	0.45232628
628	0.44506441
629	0.42380240
630	0.43681950
631	0.46054167
632	0.45258495
633	0.40479605
634	0.37628563
635	0.41668266
636	0.45105847
637	0.42318016
638	0.43342311
639	0.46103981
640	0.52348586
641	0.43766886
642	0.43548394
643	0.40379177
644	0.46494116
645	0.42018634
646	0.42951184
647	0.40269706
648	0.41838947
649	0.42429211
650	0.46276845
651	0.39809808
652	0.42314906
653	0.40977213
654	0.43291387
655	0.47069082
656	0.43373880
657	0.42709970
658	0.44537945
659	0.40228701
660	0.40992922
661	0.41999261
662	0.40594437
663	0.44061603
664	0.42505796
665	0.42694025
666	0.44645428
667	0.42946201
668	0.40172156
669	0.46007250
670	0.39174895
671	0.43401525
672	0.37113775
673	0.42468087
674	0.39402014
675	0.42992385
676	0.38060570
677	0.45998408
678	0.41848401
679	0.39043499
680	0.43382608
681	0.41559939
682	0.43477433
683	0.42450294
684	0.43571184
685	0.42906353
686	0.40345084
687	0.45408094
688	0.41197412
689	0.41623650
690	0.41059646
691	0.41587594
692	0.43377709
693	0.44186849
694	0.40109227
695	0.41493178
696	0.41579811
697	0.42848205
698	0.41985638
699	0.44669528
700	0.41476562
701	0.43227041
702	0.43256603
703	0.38709460
704	0.41227412
705	0.41986522
706	0.41212827
707	0.42261022
708	0.42083529
709	0.43888209
710	0.39237702
711	0.39724737
712	0.40844626
713	0.39745297
714	0.40615374
715	0.38261363
716	0.43659868
717	0.39642628
718	0.43361208
719	0.40309906
720	0.42775202
721	0.43228866
722	0.39006657
723	0.42710779
724	0.42948536
725	0.40604146
726	0.42128880
727	0.37670216
728	0.44975607
729	0.45186353
730	0.42814440
731	0.39676046
732	0.39734184
733	0.43472038
734	0.38678748
735	0.40939602
736	0.43612554
737	0.38121211
738	0.40928411
739	0.42144804
740	0.41291967
741	0.42057345
742	0.39985769
743	0.41082817
744	0.40878718
745	0.36350769
746	0.44097409
747	0.40380607
748	0.38954470
749	0.43492571
750	0.40572898
751	0.39980213
752	0.41526090
753	0.43297864
754	0.40943866
755	0.38480030
756	0.40448421
757	0.42755270
758	0.39272176
759	0.41049423
760	0.38018957
761	0.39371245
762	0.41236856
763	0.39110557
764	0.42418468
765	0.40445793
766	0.40048718
767	0.42546984
768	0.40036781
769	0.41928013
770	0.41353050
771	0.43862055
772	0.40590762
773	0.44164440
774	0.37339430
775	0.42807571
776	0.44116916
777	0.35981279
778	0.42466741
779	0.40285034
780	0.42539244
781	0.41344960
782	0.41937932
783	0.41650655
784	0.38185945
785	0.38037709
786	0.40468084
787	0.38983411
788	0.39761484
789	0.40166221
790	0.43493752
791	0.38789322
792	0.41737605
793	0.38442409
794	0.43297922
795	0.39788698
796	0.38613057
797	0.44501167
798	0.39319922
799	0.39327632
800	0.41500597
801	0.38625013
802	0.43236238
803	0.41707328
804	0.37056916
805	0.38899389
806	0.39844727
807	0.40518941
808	0.40540550
809	0.36692895
810	0.38592041
811	0.42627831
812	0.38132959
813	0.42569352
814	0.39030941
815	0.40506086
816	0.38815270
817	0.40492483
818	0.40131110
819	0.36717915
820	0.35939723
821	0.39879534
822	0.42355223
823	0.40840071
824	0.41333057
825	0.41137233
826	0.43026130
827	0.36873516
828	0.37387955
829	0.38820536
830	0.40525563
831	0.39853559
832	0.38078421
833	0.41227682
834	0.38278539
835	0.38207689
836	0.38062220
837	0.38424170
838	0.35634001
839	0.41119720
840	0.37410570
841	0.38436694
842	0.37313600
843	0.36877223
844	0.42422055
845	0.39341731
846	0.39297807
847	0.42744406
848	0.40851758
849	0.43080054
850	0.39591643
851	0.37060425
852	0.40644342
853	0.36840965
854	0.38790840
855	0.36195837
856	0.38767672
857	0.40851245
858	0.40214480
859	0.40823647
860	0.36898293
861	0.40239396
862	0.37868725
863	0.38794555
864	0.36638907
865	0.38524578
866	0.36637750
867	0.42196609
868	0.41877837
869	0.39169727
870	0.42940860
871	0.38850989
872	0.34800378
873	0.39312142
874	0.38142635
875	0.36707385
876	0.37255793
877	0.37322608
878	0.37434868
879	0.36959750
880	0.40239480
881	0.38598924
882	0.38680250
883	0.34346279
884	0.38734791
885	0.39136437
886	0.37928698
887	0.38206043
888	0.38601913
889	0.40546397
890	0.37177325
891	0.36361653
892	0.40204595
893	0.39383178
894	0.39819238
895	0.38270442
896	0.37009588
897	0.40348509
898	0.39706036
899	0.36304642
900	0.37977699
901	0.39068927
902	0.40288050
903	0.39144204
904	0.36551660
905	0.39319828
906	0.37082412
907	0.38337635
908	0.38744791
909	0.37366188
910	0.38548866
911	0.38733212
912	0.36301252
913	0.38727807
914	0.36830138
915	0.37998168
916	0.39645739
917	0.38884372
918	0.36214487
919	0.38330628
920	0.37260486
921	0.35731107
922	0.39672662
923	0.37581603
924	0.37500327
925	0.36511144
926	0.36791397
927	0.39521377
928	0.37516866
929	0.39289251
930	0.38042483
931	0.40030614
932	0.34851538
933	0.37863566
934	0.37299949
935	0.39716663
936	0.38883866
937	0.39928998
938	0.37048745
939	0.38894588
940	0.37514423
941	0.36941684
942	0.37672453
943	0.36210945
944	0.39482777
945	0.36252196
946	0.38408043
947	0.34861714
948	0.38130017
949	0.37081677
950	0.37326997
951	0.37120374
952	0.35314143
953	0.36187618
954	0.37725628
955	0.37155827
956	0.36238084
957	0.35940253
958	0.38008370
959	0.38662898
960	0.38322500
961	0.39016785
962	0.39112763
963	0.37587331
964	0.39597702
965	0.39349757
966	0.36808198
967	0.34221511
968	0.37920425
969	0.38040830
970	0.37217871
971	0.37386420
972	0.39114966
973	0.37921424
974	0.36596032
975	0.36990722
976	0.37229251
977	0.36628877
978	0.37185550
979	0.38125202
980	0.36905823
981	0.36896242
982	0.37798607
983	0.37087659
984	0.37447807
985	0.39034889
986	0.35866555
987	0.35571090
