0	0.67952555
1	0.67528428
2	0.63765734
3	0.63798286
4	0.66530576
5	0.67243852
6	0.54147862
7	0.46870772
8	0.67323732
9	0.66042034
10	0.62922894
11	0.67551765
12	0.67527460
13	0.66370003
14	0.66146588
15	0.66548014
16	0.67925813
17	0.67916442
18	0.67944118
19	0.67909551
20	0.67934004
21	0.67930651
22	0.67887881
23	0.67863074
24	0.67938624
25	0.67951695
26	0.67941467
27	0.67851977
28	0.67511192
29	0.67801211
30	0.67897802
31	0.67894067
32	0.66424972
33	0.67771265
34	0.67928618
35	0.67760367
36	0.66078729
37	0.67760917
38	0.67703172
39	0.67620515
40	0.66739235
41	0.66934880
42	0.67612097
43	0.64180655
44	0.65669478
45	0.67265383
46	0.66338937
47	0.67067151
48	0.66717024
49	0.67456186
50	0.67086015
51	0.66528251
52	0.66141104
53	0.67235316
54	0.62064462
55	0.66144760
56	0.63261619
57	0.66526221
58	0.63549320
59	0.65915244
60	0.65445269
61	0.64618922
62	0.62193912
63	0.65948978
64	0.63465326
65	0.66439690
66	0.61410519
67	0.66461758
68	0.62668425
69	0.64697372
70	0.67333621
71	0.64774633
72	0.65412758
73	0.64936037
74	0.66867309
75	0.64453412
76	0.65581746
77	0.66470060
78	0.61139545
79	0.62613868
80	0.63810098
81	0.62507894
82	0.65736502
83	0.63280104
84	0.64440028
85	0.61570712
86	0.65482334
87	0.64926003
88	0.62940041
89	0.62314472
90	0.65519035
91	0.63059269
92	0.62917600
93	0.65480044
94	0.64443245
95	0.62143137
96	0.63917429
97	0.64507970
98	0.64164592
99	0.58318593
100	0.63200557
101	0.59295961
102	0.64375980
103	0.61666528
104	0.63228789
105	0.60292732
106	0.58099184
107	0.64124197
108	0.60797511
109	0.63034589
110	0.56771312
111	0.64194756
112	0.65061218
113	0.65270206
114	0.65777173
115	0.58903479
116	0.62345307
117	0.61530607
118	0.60987581
119	0.56597255
120	0.60106682
121	0.61836913
122	0.60708495
123	0.63095307
124	0.56762805
125	0.61409462
126	0.53493849
127	0.54496448
128	0.62048694
129	0.61863691
130	0.61164418
131	0.56130699
132	0.60345633
133	0.60573811
134	0.60784605
135	0.57977581
136	0.52094156
137	0.60074658
138	0.57508627
139	0.63128226
140	0.60495364
141	0.63118564
142	0.55788163
143	0.62315142
144	0.57428412
145	0.60368672
146	0.57414820
147	0.55794472
148	0.55238289
149	0.58981524
150	0.62416787
151	0.54757985
152	0.57938798
153	0.62398786
154	0.56943861
155	0.60286869
156	0.59262486
157	0.60464794
158	0.57813295
159	0.61952043
160	0.60241866
161	0.55321863
162	0.62359873
163	0.56589323
164	0.61360161
165	0.52027394
166	0.60384428
167	0.51786376
168	0.63734592
169	0.56316078
170	0.61054497
171	0.56714102
172	0.55012691
173	0.57182125
174	0.56573257
175	0.50561458
176	0.53915066
177	0.57365149
178	0.53560272
179	0.58263118
180	0.57492188
181	0.53721300
182	0.54608311
183	0.55137676
184	0.51954636
185	0.54219905
186	0.51116407
187	0.54594048
188	0.60284624
189	0.51938567
190	0.53178166
191	0.60810512
192	0.56542065
193	0.54662748
194	0.53074064
195	0.56556135
196	0.60959380
197	0.57105497
198	0.50775348
199	0.58834579
200	0.57326891
201	0.51258472
202	0.59867710
203	0.48439589
204	0.56131670
205	0.56898596
206	0.58382565
207	0.48340911
208	0.49989013
209	0.54409535
210	0.57746369
211	0.51463599
212	0.50781452
213	0.53917027
214	0.58422751
215	0.53228827
216	0.49765044
217	0.52001553
218	0.55465557
219	0.57055164
220	0.59386448
221	0.54629342
222	0.51870781
223	0.54700373
224	0.52298561
225	0.53089295
226	0.57598890
227	0.47751180
228	0.53506518
229	0.58115563
230	0.55477489
231	0.51364975
232	0.51486455
233	0.56209165
234	0.54054010
235	0.58225070
236	0.48923650
237	0.56189700
238	0.51840512
239	0.52328172
240	0.50416034
241	0.48309883
242	0.53062767
243	0.50352767
244	0.50136812
245	0.55609943
246	0.58721180
247	0.50885993
248	0.54758368
249	0.59296746
250	0.53337486
251	0.50386806
252	0.52520111
253	0.50748314
254	0.55939984
255	0.53831970
256	0.52705737
257	0.49503801
258	0.54374700
259	0.56343729
260	0.54954159
261	0.51365000
262	0.57309371
263	0.49326739
264	0.52097040
265	0.50106781
266	0.52054858
267	0.54446784
268	0.50916189
269	0.45998390
270	0.51239203
271	0.54315607
272	0.46768121
273	0.57602106
274	0.52339643
275	0.51820813
276	0.48630756
277	0.50937318
278	0.51559276
279	0.46483340
280	0.55737078
281	0.48271948
282	0.53512397
283	0.47758065
284	0.54422207
285	0.48700117
286	0.52474930
287	0.46760832
288	0.48902271
289	0.53006385
290	0.48331818
291	0.49775155
292	0.50644522
293	0.50465357
294	0.52456844
295	0.54022230
296	0.49346765
297	0.52671214
298	0.47513533
299	0.51414437
300	0.53071379
301	0.52111006
302	0.44590117
303	0.55684614
304	0.52272609
305	0.48577185
306	0.45680108
307	0.50918093
308	0.51057220
309	0.53186689
310	0.51431189
311	0.53632992
312	0.50485335
313	0.53184080
314	0.48431958
315	0.50251556
316	0.47899972
317	0.46674004
318	0.47361319
319	0.45723318
320	0.50061331
321	0.46986015
322	0.50716626
323	0.49319997
324	0.49978355
325	0.51043343
326	0.52485901
327	0.51360642
328	0.49986132
329	0.47958684
330	0.50697998
331	0.47624026
332	0.47555468
333	0.51459399
334	0.51277084
335	0.48588988
336	0.48756426
337	0.48489282
338	0.56392046
339	0.47579213
340	0.44565506
341	0.47403599
342	0.53942151
343	0.50122018
344	0.50463997
345	0.46134741
346	0.47345721
347	0.48221629
348	0.42769083
349	0.50467780
350	0.46802581
351	0.46763627
352	0.51535380
353	0.51239677
354	0.46478454
355	0.41543469
356	0.43306360
357	0.53394503
358	0.48094769
359	0.50785541
360	0.45764703
361	0.49771913
362	0.47225462
363	0.51825775
364	0.52476793
365	0.42544026
366	0.41963808
367	0.47638912
368	0.43954190
369	0.41888820
370	0.46141161
371	0.46238365
372	0.46117299
373	0.50131762
374	0.51658349
375	0.46507568
376	0.49942631
377	0.46805127
378	0.44397840
379	0.45751445
380	0.45474870
381	0.48524061
382	0.49512097
383	0.51246768
384	0.45996486
385	0.44663982
386	0.51799396
387	0.45303393
388	0.51387698
389	0.45779541
390	0.45748599
391	0.46509390
392	0.42899649
393	0.44381290
394	0.49897043
395	0.44514877
396	0.50845348
397	0.45403909
398	0.44952530
399	0.45294883
400	0.45749342
401	0.50092802
402	0.45699029
403	0.49246129
404	0.43943634
405	0.47556695
406	0.43543216
407	0.48530278
408	0.48114045
409	0.47447008
410	0.42865882
411	0.44515013
412	0.46348865
413	0.46301069
414	0.44689905
415	0.49286847
416	0.48459064
417	0.45139589
418	0.42322147
419	0.39055886
420	0.43859611
421	0.45982116
422	0.48060607
423	0.46468257
424	0.45330474
425	0.46419466
426	0.53190620
427	0.44528409
428	0.45616429
429	0.47593656
430	0.45906018
431	0.47614763
432	0.47876613
433	0.45933697
434	0.48944326
435	0.42779494
436	0.49906872
437	0.47071471
438	0.44544165
439	0.42805531
440	0.43825803
441	0.47592644
442	0.45642906
443	0.45550708
444	0.45545819
445	0.45885060
446	0.48062660
447	0.44448390
448	0.44010392
449	0.45252799
450	0.49439367
451	0.41968397
452	0.41672252
453	0.47195395
454	0.45085481
455	0.40551211
456	0.45947704
457	0.45065860
458	0.43054997
459	0.46385534
460	0.50569472
461	0.50728447
462	0.46084279
463	0.51317628
464	0.45807052
465	0.46574288
466	0.44743251
467	0.44424779
468	0.44879962
469	0.49059118
470	0.46415259
471	0.42163242
472	0.44457562
473	0.45875487
474	0.41565699
475	0.47984968
476	0.49443896
477	0.45138182
478	0.44325092
479	0.49897935
480	0.45611534
481	0.44603201
482	0.47808431
483	0.41373036
484	0.44230677
485	0.47727660
486	0.43341423
487	0.40585781
488	0.50835307
489	0.45071932
490	0.46121012
491	0.45990383
492	0.45929194
493	0.44469412
494	0.42609576
495	0.42436524
496	0.42183428
497	0.44942119
498	0.46034592
499	0.43810209
500	0.48776977
501	0.45375006
502	0.43666518
503	0.42520436
504	0.43450367
505	0.42264940
506	0.48502030
507	0.47426597
508	0.47354962
509	0.47916622
510	0.47612998
511	0.44337979
512	0.44140370
513	0.43994804
514	0.44588264
515	0.44215291
516	0.43564235
517	0.40683710
518	0.37428232
519	0.44691765
520	0.47666695
521	0.39496148
522	0.42036875
523	0.43619807
524	0.46037906
525	0.41943093
526	0.41068931
527	0.43161698
528	0.42632239
529	0.40994567
530	0.44172973
531	0.46654168
532	0.49271268
533	0.42763283
534	0.48701230
535	0.44141720
536	0.39875481
537	0.41547587
538	0.43703406
539	0.44454494
540	0.41080541
541	0.41749118
542	0.41122593
543	0.40699364
544	0.40175497
545	0.42599323
546	0.43528760
547	0.42750402
548	0.42890873
549	0.40473425
550	0.39673539
551	0.44188336
552	0.45370693
553	0.41903751
554	0.43106787
555	0.44885509
556	0.39982884
557	0.48678982
558	0.45407483
559	0.44553077
560	0.45948792
561	0.44784687
562	0.43086651
563	0.43452732
564	0.45497170
565	0.42809911
566	0.40829355
567	0.40476192
568	0.40296044
569	0.41922891
570	0.43028368
571	0.47210070
572	0.42551006
573	0.40666796
574	0.42841803
575	0.43223978
576	0.38703384
577	0.45194896
578	0.39518264
579	0.42354763
580	0.44260269
581	0.42366676
582	0.43254646
583	0.39626600
584	0.41003065
585	0.42704959
586	0.40282530
587	0.41692755
588	0.40872603
589	0.39922906
590	0.40937682
591	0.42120342
592	0.43791996
593	0.46179273
594	0.41149823
595	0.43728403
596	0.50020323
597	0.49390825
598	0.39617717
599	0.41755427
600	0.40787653
601	0.39099807
602	0.39889775
603	0.40457394
604	0.40981490
605	0.43769175
606	0.42838748
607	0.42149355
608	0.43644213
609	0.41510566
610	0.37964791
611	0.41577141
612	0.38923495
613	0.38277293
614	0.46092094
615	0.40743340
616	0.40110098
617	0.46802954
618	0.43986401
619	0.43539712
620	0.46381992
621	0.43157081
622	0.40096328
623	0.38526739
624	0.43225930
625	0.38238533
626	0.42093280
627	0.39551629
628	0.39430863
629	0.39205035
630	0.42589045
631	0.42945237
632	0.38397255
633	0.40580424
634	0.45975070
635	0.42633318
636	0.39655683
637	0.42858931
638	0.39886869
639	0.40312204
640	0.42952343
641	0.41070443
642	0.39431917
643	0.44644510
644	0.41438147
645	0.38833302
646	0.44101917
647	0.39222495
648	0.41213985
649	0.38936325
650	0.42657796
651	0.40630531
652	0.44308776
653	0.40992217
654	0.39438080
655	0.42615797
656	0.44843406
657	0.41029548
658	0.40890070
659	0.40558934
660	0.35649475
661	0.41646692
662	0.42733406
663	0.39456230
664	0.41990534
665	0.41346860
666	0.42383580
667	0.38270468
668	0.42325025
669	0.41087669
670	0.42571414
671	0.40983140
672	0.40836935
673	0.38593880
674	0.44041739
675	0.40646885
676	0.45573792
677	0.40435810
678	0.36338400
679	0.39816920
680	0.42498118
681	0.40562457
682	0.40266986
683	0.39689203
684	0.42022808
685	0.41274883
686	0.37463219
687	0.39077821
688	0.38114627
689	0.40508874
690	0.43270123
691	0.36477416
692	0.40982119
693	0.38743292
694	0.39574491
695	0.39421467
696	0.43793495
697	0.39018321
698	0.43232764
699	0.37555402
700	0.40249054
701	0.38965911
702	0.39039658
703	0.39046135
704	0.39878428
705	0.37060674
706	0.39682034
707	0.40367751
708	0.34513691
709	0.40588707
710	0.41237438
711	0.39962147
712	0.38297495
713	0.39477385
714	0.38380680
715	0.37912527
716	0.41214731
717	0.43025405
718	0.39413052
719	0.38699200
720	0.40038918
721	0.39304946
722	0.38014339
723	0.41569981
724	0.39334794
725	0.38649130
726	0.39449462
727	0.37382720
728	0.40442846
729	0.42154472
730	0.38967220
731	0.41673283
732	0.38205731
733	0.39127435
734	0.41847448
735	0.38908077
736	0.41244345
737	0.42138653
738	0.39427634
739	0.36531502
740	0.40423207
741	0.43559241
742	0.39261429
743	0.38651287
744	0.43832065
745	0.37810332
746	0.37929352
747	0.38582015
748	0.37726164
749	0.40883558
750	0.39286724
751	0.38330323
752	0.38535417
753	0.39399051
754	0.38415443
755	0.41195718
756	0.40411540
757	0.37947846
758	0.40500620
759	0.40803083
760	0.42797891
761	0.39261300
762	0.40525013
763	0.37899222
764	0.37999611
765	0.38626085
766	0.36935822
767	0.36566439
768	0.35916458
769	0.40104488
770	0.41079241
771	0.37890781
772	0.43499700
773	0.39167963
774	0.41031350
775	0.37421009
776	0.38448352
777	0.37437223
778	0.36207755
779	0.37880338
780	0.37024602
781	0.37755699
782	0.36483495
783	0.38617634
784	0.38645089
785	0.37881496
786	0.40315190
787	0.36766268
788	0.37319260
789	0.38984883
790	0.37841417
791	0.40117366
792	0.36711837
793	0.37729564
794	0.36554734
795	0.34690212
796	0.37407827
797	0.35342483
798	0.37600098
799	0.38647502
800	0.40456145
801	0.36777334
802	0.38623194
803	0.40167830
804	0.38462081
805	0.39436528
806	0.38640844
807	0.37827631
808	0.38846338
809	0.37976300
810	0.35647821
811	0.37445335
812	0.38302217
813	0.42287808
814	0.34173216
815	0.41015142
816	0.39242793
817	0.42703065
818	0.37377084
819	0.41769791
820	0.38403223
821	0.38702005
822	0.39079753
823	0.41196682
824	0.43273365
825	0.36288109
826	0.38198409
827	0.37598027
828	0.36433223
829	0.37671066
830	0.37535683
831	0.35876398
832	0.42034611
833	0.37605680
834	0.36004630
835	0.39985901
836	0.39314605
837	0.38445262
838	0.40849010
839	0.37710623
840	0.34856142
841	0.38081882
842	0.36196733
843	0.39284244
844	0.38716423
845	0.37484902
846	0.39203118
847	0.39125674
848	0.36979149
849	0.34208226
850	0.40721265
851	0.41204273
852	0.38164794
853	0.37736739
854	0.38527214
855	0.39290348
856	0.38519048
857	0.36879396
858	0.38089456
859	0.38569829
860	0.38900569
861	0.37411442
862	0.35423567
863	0.34531262
864	0.38376654
865	0.36473381
866	0.41197938
867	0.38510174
868	0.35088422
869	0.34568899
870	0.35237777
871	0.37588526
872	0.36854807
873	0.33674655
874	0.35484573
875	0.36915633
876	0.39802979
877	0.39956271
878	0.36739409
879	0.40336040
880	0.35528058
881	0.35988839
882	0.36528371
883	0.36381594
884	0.35018137
885	0.37848507
886	0.37805724
887	0.37218400
888	0.38035942
889	0.37308988
890	0.33990392
891	0.37093175
892	0.38090525
893	0.40067230
894	0.37193694
895	0.33897261
896	0.34136673
897	0.38299627
898	0.35477407
899	0.39677954
900	0.33651575
901	0.34321139
902	0.36910228
903	0.35582517
904	0.35961701
905	0.37970655
906	0.37634007
907	0.39193254
908	0.36373321
909	0.36784598
910	0.35642470
911	0.37069997
912	0.35409671
913	0.35224817
914	0.36496752
915	0.40784475
916	0.36087625
917	0.40656297
918	0.34493922
919	0.35633257
920	0.39091031
921	0.33971569
922	0.40031082
923	0.36863314
924	0.35453653
925	0.37533267
926	0.36175108
927	0.36819526
928	0.36283719
929	0.37643912
930	0.37695746
931	0.37358257
932	0.36071328
933	0.36716670
934	0.35439488
935	0.36719399
936	0.33842676
937	0.36248305
938	0.36238767
939	0.33987859
940	0.37322343
941	0.35392034
942	0.36624738
943	0.38424469
944	0.37663318
945	0.37794070
946	0.35897755
947	0.38342385
948	0.37166388
949	0.36976727
950	0.38146809
951	0.37570142
952	0.37189883
953	0.36358033
954	0.38118937
955	0.38742223
956	0.37172052
957	0.36626116
958	0.37754738
959	0.36683061
960	0.38346426
961	0.36653254
962	0.34997549
963	0.37409349
964	0.35901743
965	0.35862979
966	0.34933425
967	0.37502641
968	0.37176230
969	0.36397280
970	0.34558235
971	0.33424032
972	0.35755949
973	0.36900797
974	0.32300250
975	0.34256664
976	0.34960164
977	0.37492517
978	0.34137334
979	0.37058340
980	0.35978912
981	0.36263966
982	0.36188289
983	0.35018542
984	0.36100531
985	0.31480250
986	0.38579070
987	0.35657732
988	0.35447840
989	0.34446085
990	0.37672865
991	0.37841733
992	0.35135813
993	0.36764794
994	0.35344364
995	0.31818741
996	0.38349665
997	0.35092375
998	0.34440848
999	0.36054949
1000	0.34208669
1001	0.33052460
1002	0.36579807
1003	0.33904769
1004	0.35992293
1005	0.36067824
1006	0.38479605
1007	0.34414696
1008	0.34686167
1009	0.35047321
1010	0.35681227
1011	0.36784456
1012	0.34309595
1013	0.36768074
1014	0.36205028
1015	0.35006293
1016	0.35964554
1017	0.38814583
1018	0.35550614
1019	0.33912653
1020	0.36600765
1021	0.36165971
1022	0.33223267
1023	0.35702277
1024	0.35646572
1025	0.35482502
1026	0.34744279
1027	0.37133046
1028	0.36822562
1029	0.34301727
1030	0.36032296
1031	0.34393969
1032	0.34589576
1033	0.34486458
1034	0.36674690
1035	0.36263245
1036	0.35311094
1037	0.37156452
1038	0.33820038
1039	0.35231588
1040	0.32820952
1041	0.34781610
1042	0.35300977
1043	0.36432906
1044	0.37026518
1045	0.32234238
1046	0.37560901
1047	0.36271512
1048	0.34324949
1049	0.33617891
1050	0.34735702
1051	0.38863539
1052	0.35919953
1053	0.35463305
