0	0.25963606
1	0.25961790
2	0.25947057
3	0.25950286
4	0.25575871
5	0.25638864
6	0.23801466
7	0.17953441
8	0.21190527
9	0.25834798
10	0.23375726
11	0.21084446
12	0.24699047
13	0.23794723
14	0.24708212
15	0.20208707
16	0.25277918
17	0.23526789
18	0.25749666
19	0.24001510
20	0.23769018
21	0.25114669
22	0.24806101
23	0.25499115
24	0.24208336
25	0.25728265
26	0.19611793
27	0.25696970
28	0.15532334
29	0.24056005
30	0.22476308
31	0.25450866
32	0.25556382
33	0.21835062
34	0.24922444
35	0.23976228
36	0.23018340
37	0.23839687
38	0.21871954
39	0.24005301
40	0.18768600
41	0.23464381
42	0.21366368
43	0.20501829
44	0.20246917
45	0.17801025
46	0.23032260
47	0.23188098
48	0.21734136
49	0.15584814
50	0.21270824
51	0.15868594
52	0.22021473
53	0.22047984
54	0.16616846
55	0.18804432
56	0.22711333
57	0.18645725
58	0.18491384
59	0.16298348
60	0.22633168
61	0.23575413
62	0.22802430
63	0.19083004
64	0.18545731
65	0.24085897
66	0.16514804
67	0.21710351
68	0.21596293
69	0.11317421
70	0.17849756
71	0.19755345
72	0.19919545
73	0.18321263
74	0.18231562
75	0.12699845
76	0.13960528
77	0.15449955
78	0.15077047
79	0.18973582
80	0.13466264
81	0.14829436
82	0.12692583
83	0.10678552
84	0.10217234
85	0.17558298
86	0.22536279
87	0.16154575
88	0.13259038
89	0.25226922
90	0.16684619
91	0.15979178
92	0.24534097
93	0.23079226
94	0.14812316
95	0.16483568
96	0.23481618
97	0.16573946
98	0.13349954
99	0.22134086
100	0.12920596
101	0.18319249
102	0.19745743
103	0.11532513
104	0.20779937
105	0.21953617
106	0.17015543
107	0.11373486
108	0.21413269
109	0.21821719
110	0.12036030
111	0.14660321
112	0.12170335
113	0.13466623
114	0.10392361
115	0.15834942
116	0.19094773
117	0.20576105
118	0.14639974
119	0.11428230
120	0.16833356
121	0.19191087
122	0.20089699
123	0.11529059
124	0.15332161
125	0.22302726
126	0.18140327
127	0.11816513
128	0.17246975
129	0.19663085
130	0.24777044
131	0.22346835
132	0.09035127
133	0.11213603
134	0.21183459
135	0.12716568
136	0.08526424
137	0.20015783
138	0.18765876
139	0.09420643
140	0.20922954
141	0.19169511
142	0.11641802
143	0.15597966
144	0.08255036
145	0.18669256
146	0.09402629
147	0.14349220
148	0.12471661
149	0.07501316
150	0.18069330
151	0.13844483
152	0.13144300
153	0.20012247
154	0.14814278
155	0.23144120
156	0.13427178
157	0.17280910
158	0.22857393
159	0.16928555
160	0.13920942
161	0.23214432
162	0.10842295
163	0.08249630
164	0.10490412
165	0.06847605
166	0.05556681
167	0.14988972
168	0.22235522
169	0.14725140
170	0.22908150
171	0.20900301
172	0.17778934
173	0.13507460
174	0.24436415
175	0.18124310
176	0.12210719
177	0.16084962
178	0.12482042
179	0.09291902
180	0.18397793
181	0.12900504
182	0.17079025
183	0.20150319
184	0.12127387
185	0.11049378
186	0.08403700
187	0.25080333
188	0.05350813
189	0.08103060
190	0.09764366
191	0.10873149
192	0.08308478
193	0.10431607
194	0.11451588
195	0.07566837
196	0.17093492
197	0.05790489
198	0.15810014
199	0.16814698
200	0.17904212
201	0.18394019
202	0.07970642
203	0.20033832
204	0.16405571
205	0.17909872
206	0.16899870
207	0.16478997
208	0.15907779
209	0.17819823
210	0.19611667
211	0.11173770
212	0.07043576
213	0.04374683
214	0.04891607
215	0.11388108
216	0.05718763
217	0.09676927
218	0.10914194
219	0.09207859
220	0.14893305
221	0.10994738
222	0.07698255
223	0.10641412
224	0.15316715
225	0.05821644
226	0.13769434
227	0.11788067
228	0.10899606
229	0.21366684
230	0.07005166
231	0.14854794
232	0.11281518
233	0.13166164
234	0.17327616
235	0.16161563
236	0.17215759
237	0.10255656
238	0.11727493
239	0.16603264
240	0.10779596
241	0.11681465
242	0.10730977
243	0.17045119
244	0.10516962
245	0.06686309
246	0.14281331
247	0.06713626
248	0.11730995
249	0.05058968
250	0.21808537
251	0.06272097
252	0.10580804
253	0.09604075
254	0.12836366
255	0.11636578
256	0.17423276
257	0.19130562
258	0.04531716
259	0.13157286
260	0.03389023
261	0.03411152
262	0.07218682
263	0.12663760
264	0.09776555
265	0.08254173
266	0.09083856
267	0.11022927
268	0.07731844
269	0.16260913
270	0.12901045
271	0.10998573
272	0.11506684
273	0.07742287
274	0.12229740
275	0.10123565
276	0.07306636
277	0.08023542
278	0.08219439
279	0.12423440
280	0.09346366
281	0.08091379
282	0.06246951
283	0.06456198
284	0.08150845
285	0.05480086
286	0.04951446
287	0.10527440
288	0.09781917
289	0.04633319
290	0.05566055
291	0.04079834
292	0.08465616
293	0.06019094
294	0.07025570
295	0.07008452
296	0.10760103
297	0.09817938
298	0.12714871
299	0.13369610
300	0.12824217
301	0.04293809
302	0.09061606
303	0.03867716
304	0.09282308
305	0.08288255
306	0.12181533
307	0.07977686
308	0.04482574
309	0.05633690
310	0.07857405
311	0.10085643
312	0.12245832
313	0.07062743
314	0.07919359
315	0.06002972
316	0.06658703
317	0.13054568
318	0.05548211
319	0.06455128
320	0.06775673
321	0.09435663
322	0.06524227
323	0.04848285
324	0.08059818
325	0.07742894
326	0.07256233
327	0.05403708
328	0.10082385
329	0.06876799
330	0.10040789
331	0.06459271
332	0.05845071
333	0.05430961
334	0.09991197
335	0.06388833
336	0.05975947
337	0.03712960
338	0.04916738
339	0.07371419
340	0.07517851
341	0.05889786
342	0.08353945
343	0.04006599
344	0.04614860
345	0.03412040
346	0.07140184
347	0.03719531
348	0.08011062
349	0.05236158
350	0.03984777
351	0.09280937
352	0.07723964
353	0.05368055
354	0.03419153
355	0.04803706
356	0.03951459
357	0.07332994
358	0.03700171
359	0.06285671
360	0.06179122
361	0.04581504
362	0.07664793
363	0.02486442
364	0.02363629
365	0.18268260
366	0.21419873
367	0.11874396
368	0.11698917
369	0.18149726
370	0.18252239
371	0.16758278
372	0.04389153
373	0.16847961
374	0.09761182
375	0.15389849
376	0.13565306
377	0.10636731
378	0.15961695
379	0.16606401
380	0.08577295
381	0.14687619
382	0.08706138
383	0.22465967
384	0.06236418
385	0.09470630
386	0.20398680
387	0.25169207
388	0.07244792
389	0.21165482
390	0.22725372
391	0.08307353
392	0.09908041
393	0.20004600
394	0.06627486
395	0.09999313
396	0.11586692
397	0.17098271
398	0.12829231
399	0.10364541
400	0.08880620
401	0.14234156
402	0.06663207
403	0.06267080
404	0.06167338
405	0.14800246
406	0.10194888
407	0.14393484
408	0.11569446
409	0.19349884
410	0.10759385
411	0.22915994
412	0.10394172
413	0.10788712
414	0.13348104
415	0.21040748
416	0.07719142
417	0.07721057
418	0.07967398
419	0.10556963
420	0.05667085
421	0.16965244
422	0.06223909
423	0.07557115
424	0.05823197
425	0.08090456
426	0.09419699
427	0.08072987
428	0.08190216
429	0.09457352
430	0.05831684
431	0.03664432
432	0.14484402
433	0.03770068
434	0.04920900
435	0.10199993
436	0.09647572
437	0.04582466
438	0.06294837
439	0.02788061
440	0.06513411
441	0.12714459
442	0.04387025
443	0.09785523
444	0.04689705
445	0.06631447
446	0.03105658
447	0.09523876
448	0.02711877
449	0.04982104
450	0.03730846
451	0.07029525
452	0.09849719
453	0.06771816
454	0.04776596
455	0.03121093
456	0.03638349
457	0.03784028
458	0.15453268
459	0.11925863
460	0.17374927
461	0.09997609
462	0.13123474
463	0.17765837
464	0.16380541
465	0.10686349
466	0.11492777
467	0.18774623
468	0.12579953
469	0.09427981
470	0.07057535
471	0.03070405
472	0.03000011
473	0.07920725
474	0.12809574
475	0.06866209
476	0.17837176
477	0.07884582
478	0.16652766
479	0.05367001
480	0.08182144
481	0.03775363
482	0.14048217
483	0.08126844
484	0.09838906
485	0.13452444
486	0.05134323
487	0.07827504
488	0.18524564
489	0.06699568
490	0.08187759
491	0.03843477
492	0.06234240
493	0.04493320
494	0.04451772
495	0.04613524
496	0.04439071
497	0.15045115
498	0.04498811
499	0.10593193
500	0.02752525
501	0.05521128
502	0.06234737
503	0.06818086
504	0.06326976
505	0.03216845
506	0.06950103
507	0.04480482
508	0.04659434
509	0.03540142
510	0.02151217
511	0.04518109
512	0.06026635
513	0.03844162
514	0.02746012
515	0.03492874
516	0.03015774
517	0.02110669
518	0.06959331
519	0.03281932
520	0.03402936
521	0.18157684
522	0.21091620
523	0.13143417
524	0.09257638
525	0.14253550
526	0.18326579
527	0.11584518
528	0.15802213
529	0.15735835
530	0.10740701
531	0.07946002
532	0.13947237
533	0.06168417
534	0.11706901
535	0.15842351
536	0.09208316
537	0.07842740
538	0.18947211
539	0.04920314
540	0.08010962
541	0.06173798
542	0.09254996
543	0.05400592
544	0.11574541
545	0.07771865
546	0.07353320
547	0.07354887
548	0.18071443
549	0.06042987
550	0.05183162
551	0.14344866
552	0.06395752
553	0.05900476
554	0.05405652
555	0.15181284
556	0.05706772
557	0.06124767
558	0.11124938
559	0.08657558
560	0.09254444
561	0.09634681
562	0.12336170
563	0.09931670
564	0.07571524
565	0.05276902
566	0.04768895
567	0.18240688
568	0.12524309
569	0.03866309
570	0.03845142
571	0.10990650
572	0.17282083
573	0.12073255
574	0.05385937
575	0.08328250
576	0.08275517
577	0.03704972
578	0.05224091
579	0.07209363
580	0.03477404
581	0.05272183
582	0.05111636
583	0.03850013
584	0.04447522
585	0.04046776
586	0.03077640
587	0.03971827
588	0.03714814
589	0.04445551
590	0.03624997
591	0.12629612
592	0.12465700
593	0.11370607
594	0.03518927
595	0.08330640
596	0.09872960
597	0.08759053
598	0.04414859
599	0.06105347
600	0.02724240
601	0.06997323
602	0.02859727
603	0.03973626
604	0.03668815
605	0.02889374
606	0.04806521
607	0.04958730
608	0.13925125
609	0.18344803
610	0.11446227
611	0.15535780
612	0.13484670
613	0.06522860
614	0.07486879
615	0.08052309
616	0.08381674
617	0.04570617
618	0.04949961
619	0.09407876
620	0.02487953
621	0.09863227
622	0.03611654
623	0.03331363
624	0.02947331
625	0.05913117
626	0.04048564
627	0.07227133
628	0.11772165
629	0.10736965
630	0.05899450
631	0.05801589
632	0.05858209
633	0.05035200
634	0.04009779
635	0.03933645
636	0.03649008
637	0.04187241
638	0.02872377
639	0.06272442
640	0.07496817
641	0.04854882
642	0.03588665
643	0.01463329
644	0.01524209
645	0.05381767
646	0.02858138
647	0.03862128
648	0.05603664
649	0.02836915
650	0.02416796
651	0.03612028
652	0.03743292
653	0.01486498
654	0.01489487
655	0.03794465
656	0.03964926
657	0.09259245
658	0.08298805
659	0.04271520
660	0.10360737
661	0.03674082
662	0.07036708
663	0.10132423
664	0.02884858
665	0.02921933
666	0.06731654
667	0.04076144
668	0.05133947
669	0.02825146
670	0.04117466
671	0.04606789
672	0.03114417
673	0.02364210
674	0.14689325
675	0.12195230
676	0.06978107
677	0.06864840
678	0.07521743
679	0.09579838
680	0.06102527
681	0.06019615
682	0.06062042
683	0.10375429
684	0.04901450
685	0.05515576
686	0.08766610
687	0.06906425
688	0.03209718
689	0.04956114
690	0.03227182
691	0.04516456
692	0.05861715
693	0.04095377
694	0.05058409
695	0.03323679
696	0.02799488
697	0.11287263
698	0.11310043
699	0.10771295
700	0.08806796
701	0.13894383
702	0.08147557
703	0.07849209
704	0.07101694
705	0.12511947
706	0.10497595
707	0.07776243
708	0.09351052
709	0.08924624
710	0.10597197
711	0.06541984
712	0.06331482
713	0.06461359
714	0.08041877
715	0.06390438
716	0.03209017
717	0.04921506
718	0.07106161
719	0.08408730
720	0.13571332
721	0.07291345
722	0.07126380
723	0.04768156
724	0.03499752
725	0.03782537
726	0.03763103
727	0.04148232
728	0.03574914
729	0.07206012
730	0.08761533
731	0.04466411
732	0.11007809
733	0.04709535
734	0.08328118
735	0.04608282
736	0.11570196
737	0.11131599
738	0.05348834
739	0.03182968
740	0.03750841
741	0.08046978
742	0.09261816
743	0.09282940
744	0.03364661
745	0.02811037
746	0.02000494
747	0.02013338
748	0.03963408
749	0.03367122
750	0.08388905
751	0.07031292
752	0.03139155
753	0.03154781
754	0.03056963
755	0.03150848
756	0.01614569
757	0.01639741
758	0.07295617
759	0.04615033
760	0.06912476
761	0.02463816
762	0.05250695
763	0.14235977
764	0.03119140
765	0.02665066
766	0.02783469
767	0.03852997
768	0.03785879
769	0.02630269
770	0.03832190
771	0.03701320
772	0.02257452
773	0.05903135
774	0.02099904
775	0.02226723
776	0.02068377
777	0.02128873
778	0.18419453
779	0.09535101
780	0.12820001
781	0.15410894
782	0.10475359
783	0.06522633
784	0.12339613
785	0.11243755
786	0.05741092
787	0.02103851
788	0.05715208
789	0.05735516
790	0.05071842
791	0.04987323
792	0.09286516
793	0.05753806
794	0.03871548
795	0.07555477
796	0.07392007
797	0.05090796
798	0.04139839
799	0.05745507
800	0.04965248
801	0.05737992
802	0.03838484
803	0.03819408
804	0.02115332
805	0.06114219
806	0.14471450
807	0.02608483
808	0.02544314
809	0.08507909
810	0.11863825
811	0.05159889
812	0.03085966
813	0.15756971
814	0.02639658
815	0.04107112
816	0.05401998
817	0.01951921
818	0.01935426
819	0.09584717
820	0.05692721
821	0.06463131
822	0.03276316
823	0.02332061
824	0.02323227
825	0.06876995
826	0.06112704
827	0.02215320
828	0.03825589
829	0.02176531
830	0.03885713
831	0.04022002
832	0.10308665
833	0.01998854
834	0.02032202
835	0.10015016
836	0.13163700
837	0.13811599
838	0.11376682
839	0.11971950
840	0.10346879
841	0.04559610
842	0.06142202
843	0.07136036
844	0.11816093
845	0.12663060
846	0.04467841
847	0.04486646
848	0.03189856
849	0.04802088
850	0.02464216
851	0.04889381
852	0.05251083
853	0.12912001
854	0.06049946
855	0.03358958
856	0.06019018
857	0.02907755
858	0.05959559
859	0.06747050
860	0.06812820
861	0.06707215
862	0.01452071
863	0.02512071
864	0.01893588
865	0.16769467
866	0.16242166
867	0.10639136
868	0.07320450
869	0.06642315
870	0.09958452
871	0.02896992
872	0.02917925
873	0.12115254
874	0.06772173
875	0.05434225
876	0.02045257
877	0.06430005
878	0.05741454
879	0.02859788
880	0.07401387
881	0.02834486
882	0.02092711
883	0.02951911
884	0.02794821
885	0.02951199
886	0.12893429
887	0.10347219
888	0.10411971
889	0.10676847
890	0.13709586
891	0.09269581
892	0.05839409
893	0.05556992
894	0.14716639
895	0.04699045
896	0.08288746
897	0.03463943
898	0.06508122
899	0.11358110
900	0.09346294
901	0.05960508
902	0.03924101
903	0.03923037
904	0.05090292
905	0.04379657
906	0.05118052
907	0.07059496
908	0.03715083
909	0.03612316
910	0.07668758
911	0.13865515
912	0.08522769
913	0.09409074
914	0.03307024
915	0.03788967
916	0.01002827
917	0.00982293
918	0.06820880
919	0.05633779
920	0.02064122
921	0.02100232
922	0.06771693
923	0.06746499
924	0.03072817
925	0.02314455
926	0.03729886
927	0.02240316
928	0.08227727
929	0.04250789
930	0.04582695
931	0.08141827
932	0.05826991
933	0.04538853
934	0.03102513
935	0.03060897
936	0.02561821
937	0.08218954
938	0.04622846
939	0.02771176
940	0.05600929
941	0.02978730
942	0.03035172
943	0.02700129
944	0.13052967
945	0.08407529
946	0.04794665
947	0.04646159
948	0.04539896
949	0.03783220
950	0.03669831
951	0.02182974
952	0.03583657
953	0.05655324
954	0.11838498
955	0.02702807
956	0.01925373
957	0.02202259
958	0.03433694
959	0.02239571
960	0.02221241
961	0.03432319
962	0.01843722
963	0.01889172
964	0.08814541
965	0.01924221
966	0.01968629
967	0.03542591
968	0.09624178
969	0.03071295
970	0.03163518
971	0.10318360
972	0.03867930
973	0.10720933
974	0.06210896
975	0.03895698
976	0.01488285
977	0.01591086
978	0.02137193
979	0.02504662
980	0.01232799
981	0.02904115
982	0.01309098
983	0.07224528
984	0.16649412
985	0.09812090
986	0.12214265
987	0.18140780
988	0.14423019
989	0.02554602
990	0.09624287
991	0.08134287
992	0.01345795
993	0.04029282
994	0.03161073
995	0.03356792
996	0.01781199
997	0.03120998
998	0.01113297
999	0.02607604
1000	0.01142129
1001	0.01131383
1002	0.01805408
1003	0.01720319
1004	0.07901008
1005	0.09970259
1006	0.05075299
1007	0.05008890
1008	0.02428001
1009	0.05805507
1010	0.02265216
1011	0.05033613
1012	0.02271741
1013	0.01420148
1014	0.01470310
1015	0.03527263
1016	0.03441366
1017	0.02663509
1018	0.02968292
1019	0.02373999
1020	0.10617593
1021	0.09239371
1022	0.08080814
1023	0.09002169
1024	0.05717749
1025	0.06718593
1026	0.09795001
1027	0.05027267
1028	0.08292696
1029	0.10765937
1030	0.03902762
1031	0.04921781
1032	0.07711036
1033	0.02629176
1034	0.04131841
1035	0.05054587
1036	0.03758930
1037	0.03390435
1038	0.02875017
1039	0.05322780
1040	0.07372312
1041	0.04713827
1042	0.08158291
1043	0.08259882
1044	0.08208302
1045	0.08164619
1046	0.03661281
1047	0.03962796
1048	0.02572196
1049	0.11817159
1050	0.05339757
1051	0.01838491
1052	0.01879919
1053	0.04055880
1054	0.03993181
1055	0.05387182
1056	0.07324637
1057	0.12403817
1058	0.07776369
1059	0.01444890
1060	0.01518465
1061	0.09356284
1062	0.06814296
1063	0.05652382
1064	0.08592437
1065	0.05621918
1066	0.04161720
1067	0.06688826
1068	0.04581633
1069	0.07472102
1070	0.04475657
1071	0.13536036
1072	0.03627101
1073	0.05413141
1074	0.02763234
1075	0.02275456
1076	0.03699299
1077	0.02182328
1078	0.02959835
1079	0.02095114
1080	0.02624202
1081	0.02240917
1082	0.02256606
1083	0.02615062
1084	0.15954983
1085	0.03927767
1086	0.02265893
1087	0.03664758
1088	0.03680041
1089	0.02650791
1090	0.01989626
1091	0.02974827
1092	0.06357533
1093	0.02367966
1094	0.02901542
1095	0.03563361
1096	0.01525972
1097	0.02805480
1098	0.05503760
1099	0.05271927
1100	0.07678721
1101	0.04125493
1102	0.01868475
1103	0.02135092
1104	0.02700015
1105	0.02130710
1106	0.12034400
1107	0.13022394
1108	0.02509782
1109	0.01807387
1110	0.05007087
1111	0.05059243
1112	0.04990343
1113	0.10171596
1114	0.12708458
1115	0.09909441
1116	0.10284528
1117	0.11609559
1118	0.09729156
1119	0.05332513
1120	0.03947723
1121	0.04554146
1122	0.07165283
1123	0.04399125
1124	0.03126291
1125	0.03934374
1126	0.06621242
1127	0.06917261
1128	0.06345278
1129	0.01889100
1130	0.01899947
1131	0.03553270
1132	0.03245686
1133	0.04033003
1134	0.01894224
1135	0.08931032
1136	0.01978053
1137	0.03604711
1138	0.03367243
1139	0.03397995
1140	0.01839877
1141	0.09356615
1142	0.05172721
1143	0.06486018
1144	0.03816227
1145	0.03813400
1146	0.03571974
1147	0.03349705
1148	0.03297686
1149	0.03240680
1150	0.03288292
1151	0.01898055
1152	0.02799071
1153	0.02804807
1154	0.02208825
1155	0.02764737
1156	0.02116138
1157	0.01548912
1158	0.02100187
1159	0.02684473
1160	0.00972282
1161	0.00968609
1162	0.12236831
1163	0.08235201
1164	0.03378610
1165	0.03431065
1166	0.06014886
1167	0.02351982
1168	0.02440246
1169	0.04942765
1170	0.05000233
1171	0.03092866
1172	0.01793869
1173	0.02851138
1174	0.01731154
1175	0.02990057
1176	0.06150688
1177	0.04541268
1178	0.02862030
1179	0.02836368
1180	0.04594071
1181	0.02047699
1182	0.01854206
1183	0.04573804
1184	0.01814357
1185	0.01752717
1186	0.03626781
1187	0.03593254
1188	0.06322961
1189	0.05024694
1190	0.03688184
1191	0.03780780
1192	0.00606940
1193	0.06971822
1194	0.02207905
1195	0.03705402
1196	0.03715278
1197	0.02760423
1198	0.01832192
1199	0.03538426
1200	0.04517112
1201	0.05161023
1202	0.04641148
1203	0.01370436
1204	0.01381165
1205	0.00685790
1206	0.01981183
1207	0.01461755
1208	0.01454776
1209	0.01236557
1210	0.03747754
1211	0.03922512
1212	0.03891510
1213	0.02845967
1214	0.01560091
1215	0.03113219
1216	0.01622719
1217	0.07505241
1218	0.04628599
1219	0.04925980
1220	0.07823791
1221	0.07787319
1222	0.07871299
1223	0.07791790
1224	0.03236831
1225	0.03277344
1226	0.08676319
1227	0.04211021
1228	0.04382129
1229	0.07756887
1230	0.04798498
1231	0.12129211
1232	0.03727256
1233	0.02365470
1234	0.03050835
1235	0.03059575
1236	0.03059306
1237	0.03883891
1238	0.02141480
1239	0.01327173
1240	0.10835667
1241	0.03180196
1242	0.04291732
1243	0.01522827
1244	0.03110475
1245	0.04384786
1246	0.02917754
1247	0.02922309
1248	0.02384616
1249	0.02053711
1250	0.01838279
1251	0.01830796
1252	0.02739668
1253	0.02057602
1254	0.02691248
1255	0.01813800
1256	0.01836832
1257	0.03770878
1258	0.06569353
1259	0.04169791
1260	0.04675930
1261	0.05338016
1262	0.04831899
1263	0.04012630
1264	0.04021746
1265	0.02280049
1266	0.02135911
1267	0.02663534
1268	0.01748466
1269	0.01862947
1270	0.02605251
1271	0.02313883
1272	0.01510897
1273	0.01201557
1274	0.01232547
1275	0.02639559
1276	0.01766546
1277	0.01689510
1278	0.03267772
1279	0.04466223
1280	0.05093804
1281	0.05083910
1282	0.01649575
1283	0.00820323
1284	0.00805524
1285	0.01762933
1286	0.01739918
1287	0.03806381
1288	0.02929003
1289	0.02371536
1290	0.02354398
1291	0.01756143
1292	0.02473427
1293	0.01706040
1294	0.02768459
1295	0.02199775
1296	0.02811847
1297	0.02861450
1298	0.02969604
1299	0.01128108
1300	0.01155509
1301	0.02284507
1302	0.03099868
1303	0.02922497
1304	0.04226084
1305	0.00581379
1306	0.01407407
1307	0.02205752
1308	0.01859008
1309	0.02279618
1310	0.02475320
1311	0.02225156
1312	0.03710685
1313	0.07378385
1314	0.03341783
1315	0.01714669
1316	0.05463952
1317	0.03489371
1318	0.03069104
1319	0.04870615
1320	0.04831569
1321	0.02215502
1322	0.03984135
1323	0.02156112
1324	0.02242110
1325	0.01271390
1326	0.01327954
1327	0.01646670
1328	0.01617008
1329	0.01606021
1330	0.01659106
1331	0.01636600
1332	0.05323439
1333	0.05808275
1334	0.01968620
1335	0.02178254
1336	0.04020554
1337	0.03756221
1338	0.05420772
1339	0.03100322
1340	0.02899414
1341	0.04524789
1342	0.04598049
1343	0.04597749
1344	0.04535353
1345	0.02506094
1346	0.02458989
1347	0.00897801
1348	0.00895488
1349	0.01454580
1350	0.04268255
1351	0.03307576
1352	0.02142546
1353	0.03391391
1354	0.02772068
1355	0.02260115
1356	0.01374446
1357	0.01337415
1358	0.03143121
1359	0.03164244
1360	0.02310517
1361	0.01763088
1362	0.02682776
1363	0.03166443
1364	0.05553439
1365	0.02502808
1366	0.02510808
1367	0.01892919
1368	0.01874532
1369	0.02815107
1370	0.02751432
1371	0.03710355
1372	0.03856350
1373	0.03828381
1374	0.03800257
1375	0.02577442
1376	0.05636658
1377	0.07154101
1378	0.04354500
1379	0.04427921
1380	0.02176036
1381	0.01185993
1382	0.03511620
1383	0.02897346
1384	0.02324467
1385	0.03051356
1386	0.02698366
1387	0.01131203
1388	0.01281923
1389	0.01125427
1390	0.01125026
1391	0.01151176
1392	0.01117590
1393	0.01953800
1394	0.01255424
1395	0.00804622
1396	0.00831269
1397	0.00815480
1398	0.03174640
1399	0.01061644
1400	0.01069852
1401	0.02257155
1402	0.02261516
1403	0.00813480
1404	0.00806194
1405	0.00844136
1406	0.00809584
1407	0.00688109
1408	0.00694312
1409	0.04168929
1410	0.02678442
1411	0.04143170
1412	0.03061509
1413	0.02804088
1414	0.03312825
1415	0.01009971
1416	0.01051579
1417	0.02576871
1418	0.02452423
1419	0.02473131
1420	0.04420453
1421	0.01008175
1422	0.01038975
1423	0.01055426
1424	0.01073966
1425	0.02316190
1426	0.01601296
1427	0.01616905
1428	0.01851914
1429	0.03003811
1430	0.00509500
1431	0.00507391
1432	0.02340944
1433	0.02010711
1434	0.02827196
1435	0.01774118
1436	0.01801013
1437	0.01782937
1438	0.01782049
1439	0.01196803
1440	0.00802177
1441	0.01728575
1442	0.01222281
1443	0.01771415
1444	0.00835373
1445	0.02996260
1446	0.02829965
1447	0.02846186
1448	0.01837957
1449	0.01056032
1450	0.02638915
1451	0.02654705
1452	0.02624059
1453	0.01484131
1454	0.00485981
1455	0.00503613
1456	0.01232641
1457	0.00489481
1458	0.01927455
1459	0.01041521
1460	0.00798810
1461	0.00810334
1462	0.00403493
1463	0.01653112
1464	0.00929180
1465	0.02581241
1466	0.02637858
1467	0.01283146
1468	0.01210309
1469	0.02214619
1470	0.02737582
1471	0.03249003
1472	0.02800951
1473	0.05502193
1474	0.03744992
1475	0.01495072
1476	0.01498087
1477	0.03628487
1478	0.02347890
1479	0.01477780
1480	0.03785815
1481	0.03156988
1482	0.04616676
1483	0.02299815
1484	0.00841687
1485	0.02211909
1486	0.01487565
1487	0.02586409
1488	0.03242343
1489	0.01579664
1490	0.03132109
1491	0.00984441
1492	0.01058970
1493	0.01020903
1494	0.02431782
1495	0.01054791
1496	0.01129612
1497	0.00726548
1498	0.00718744
1499	0.00705831
1500	0.00682246
1501	0.00693059
1502	0.00742375
1503	0.01010533
1504	0.01219707
1505	0.01148097
1506	0.01811320
1507	0.01026325
1508	0.01680430
1509	0.00785996
1510	0.01283319
1511	0.01287413
1512	0.02768799
1513	0.04649656
1514	0.02338994
1515	0.01334682
1516	0.02176820
1517	0.02155582
1518	0.01301397
1519	0.01422441
1520	0.00535083
1521	0.01604110
1522	0.00552225
1523	0.00578766
1524	0.00961850
1525	0.00965448
1526	0.00972176
1527	0.00981243
1528	0.00956083
1529	0.00862206
1530	0.00950704
1531	0.02592551
1532	0.01632089
1533	0.02736434
1534	0.02049695
1535	0.00932858
1536	0.01308912
1537	0.00337187
1538	0.00499241
1539	0.00455610
1540	0.00291515
1541	0.00257346
1542	0.00085279
1543	0.00288356
1544	0.00087108
1545	0.00776636
1546	0.00813521
1547	0.01796070
1548	0.02553330
1549	0.02574785
1550	0.01155019
1551	0.01176745
1552	0.01074231
1553	0.01750615
1554	0.01067465
1555	0.01055413
1556	0.01502547
1557	0.01507559
1558	0.02046100
1559	0.00236624
1560	0.00232752
1561	0.01546084
1562	0.01219221
1563	0.01169265
1564	0.01196566
1565	0.01373111
1566	0.02561612
1567	0.01518841
1568	0.02897495
1569	0.01374473
1570	0.01385067
1571	0.01454388
1572	0.02639820
1573	0.01368936
1574	0.01350180
1575	0.00491333
1576	0.00289968
1577	0.00316213
1578	0.00323163
1579	0.01333763
1580	0.02207443
1581	0.01674265
1582	0.01701582
1583	0.02147534
1584	0.01789097
1585	0.01768001
1586	0.01436859
1587	0.01498489
1588	0.01204465
1589	0.01330059
1590	0.01352567
1591	0.02624152
1592	0.02625818
1593	0.01848489
1594	0.01417181
1595	0.01195528
1596	0.00090213
1597	0.00090702
1598	0.00094330
1599	0.00259019
1600	0.00862797
1601	0.00854084
1602	0.01126505
1603	0.01180467
1604	0.01502812
1605	0.01311746
1606	0.00172591
1607	0.00170166
1608	0.00177435
1609	0.01282259
1610	0.00791681
1611	0.01141691
1612	0.00409054
1613	0.01111644
1614	0.01042172
1615	0.00705879
1616	0.00268428
1617	0.00653824
1618	0.00440793
1619	0.01017392
1620	0.01016658
1621	0.00278955
1622	0.00279303
1623	0.00329095
1624	0.00310995
1625	0.00318923
1626	0.00109257
1627	0.00285514
1628	0.00690815
1629	0.00696123
1630	0.00529612
1631	0.01125003
1632	0.00501549
1633	0.00555495
1634	0.00522787
1635	0.00238131
1636	0.00318997
1637	0.00299618
1638	0.00564968
1639	0.00305242
1640	0.00605231
1641	0.00611076
1642	0.00606985
1643	0.00629338
1644	0.00313483
1645	0.00212538
1646	0.00976436
1647	0.00853323
1648	0.00832681
1649	0.01251062
1650	0.01230021
1651	0.01741342
1652	0.01768374
1653	0.01753752
1654	0.01740178
1655	0.00479115
1656	0.00494069
1657	0.00601575
1658	0.00598546
1659	0.00417925
1660	0.01735335
1661	0.01201083
1662	0.01057501
1663	0.01002572
1664	0.01955827
1665	0.01900199
1666	0.01949816
1674	0.01189114
1675	0.00681536
1676	0.01155400
1677	0.00233052
1678	0.00239791
1682	0.00076969
1683	0.00080166
1684	0.00219639
1685	0.00460920
1686	0.00475780
1687	0.00660118
1688	0.00794105
1689	0.00817575
1690	0.00431645
1691	0.00150951
1692	0.00332102
1693	0.00332977
1694	0.00343384
1695	0.00350639
1696	0.00449067
1697	0.01433581
1698	0.01839186
1699	0.01449279
1700	0.00201957
1701	0.00199230
1708	0.00765772
1709	0.00782784
1713	0.00268194
1714	0.00273418
1715	0.00296391
1716	0.00313954
1717	0.00218867
1718	0.00221815
1719	0.00208560
1735	0.00380303
1736	0.00247541
1741	0.00540088
1758	0.00250930
1759	0.00247513
1760	0.00744849
