1	0.01436845
2	0.00130984
3	0.00091700
4	0.00064827
5	0.00171063
6	0.00203077
7	0.00198182
9	0.00199594
10	0.00231531
11	0.00195396
12	0.01195020
13	0.00339390
14	0.00892310
15	0.00335906
16	0.00110792
17	0.00096636
19	0.00167430
20	0.00072443
21	0.01550248
22	0.00247175
23	0.00230373
24	0.01140836
25	0.01600717
26	0.00188306
27	0.00110989
28	0.00232044
29	0.00216279
30	0.00193706
31	0.00829152
32	0.00171552
33	0.00119569
34	0.02103059
35	0.00259492
36	0.00134403
37	0.00132590
38	0.00473789
39	0.00226409
40	0.00067248
41	0.00057865
42	0.00200494
44	0.00071322
45	0.01200308
46	0.00115490
47	0.01029390
48	0.00132790
49	0.00111966
50	0.00073940
51	0.00061290
52	0.00112565
53	0.00201066
54	0.00059068
55	0.00366537
56	0.00982886
57	0.00204074
58	0.00101224
59	0.00072183
60	0.00180562
61	0.00060388
64	0.00341669
65	0.00194339
66	0.00089157
67	0.00224889
68	0.00193806
69	0.00121210
71	0.00388491
72	0.00173607
73	0.00198239
74	0.00167250
75	0.00226357
76	0.00248619
77	0.00229375
78	0.00061985
79	0.00171859
80	0.00184420
81	0.00202124
82	0.00061522
84	0.01121256
85	0.00132559
86	0.00198412
87	0.00167272
89	0.00200028
90	0.01125684
91	0.00072804
92	0.01079865
93	0.00584012
94	0.00148009
95	0.00203091
96	0.00660628
97	0.00362087
98	0.00247210
99	0.00173622
101	0.00070415
102	0.00170432
103	0.00070855
104	0.01344877
105	0.00282417
106	0.00118273
107	0.00131808
108	0.00268464
109	0.00325292
110	0.00072872
111	0.00058999
112	0.00096358
113	0.00199903
114	0.00196854
115	0.00063174
116	0.00198584
117	0.00204717
118	0.00191002
119	0.00607775
120	0.00871889
121	0.00137210
122	0.00098444
123	0.00110478
124	0.00128576
125	0.00224232
126	0.00202572
127	0.00280025
128	0.00171780
129	0.00168513
130	0.00173247
131	0.00114280
132	0.00141669
133	0.00161477
134	0.00342875
135	0.00118962
136	0.00170722
137	0.00282065
139	0.00202579
140	0.00110661
141	0.00066466
142	0.00446129
143	0.00199858
144	0.00114142
145	0.00130787
146	0.00407564
147	0.00169196
148	0.00646560
149	0.00306339
150	0.00096502
151	0.01215385
153	0.01178395
154	0.00059521
155	0.01322332
156	0.00225175
157	0.00163967
158	0.00453704
159	0.00058926
160	0.00175889
161	0.00176451
162	0.00112809
163	0.00230525
164	0.00169709
165	0.01257318
166	0.00203112
167	0.00074789
168	0.00165989
171	0.00202985
173	0.00234692
174	0.00106170
175	0.00304129
176	0.00112388
177	0.00714777
178	0.00301603
179	0.00290342
180	0.00073685
181	0.00177046
182	0.00208636
183	0.00207533
184	0.00463269
185	0.00183696
186	0.00215800
187	0.00225466
188	0.00225410
189	0.00059106
190	0.00058230
191	0.00069863
192	0.00200128
193	0.00061543
195	0.00331807
196	0.00167622
197	0.00336478
199	0.00197992
200	0.00193634
201	0.00197339
202	0.00200415
203	0.02387454
204	0.00073268
205	0.00396267
206	0.00198907
207	0.00199543
208	0.00106527
209	0.00411155
210	0.00527430
211	0.00371283
212	0.00200505
213	0.00096548
214	0.00200390
216	0.00169624
217	0.02566724
218	0.00161282
219	0.00372455
220	0.00315593
221	0.00073559
222	0.00085267
223	0.00171001
224	0.00132815
226	0.00174797
227	0.00081605
228	0.00170490
229	0.00482761
230	0.00127033
231	0.00060489
232	0.00197331
233	0.00062943
234	0.00225891
235	0.00204220
238	0.00167237
239	0.00176699
240	0.00097950
241	0.00081492
242	0.00112026
243	0.00194552
245	0.01024180
246	0.00414613
247	0.00197465
248	0.00364828
249	0.00295711
250	0.00131542
251	0.00471786
252	0.00110133
253	0.00124615
254	0.00120238
255	0.00201510
256	0.00145053
257	0.00532301
259	0.00081042
260	0.00057610
261	0.00198346
262	0.00112523
263	0.00165787
264	0.00113099
265	0.00707476
266	0.00551660
267	0.00078695
269	0.00202632
271	0.00071294
272	0.01103458
274	0.00200308
276	0.00176912
277	0.00158776
278	0.01486906
279	0.00652137
280	0.00160866
281	0.00225261
282	0.00187830
283	0.00259219
284	0.00339882
285	0.00192226
286	0.00197468
287	0.00171082
288	0.00197031
290	0.00315274
291	0.00142270
292	0.00363620
293	0.00437227
294	0.00115723
295	0.00483125
297	0.00061550
298	0.00061265
299	0.00093796
300	0.00192357
301	0.00366199
302	0.00169231
303	0.00228616
306	0.00891833
307	0.00099730
308	0.00165839
309	0.00190023
310	0.00072816
311	0.00197613
312	0.00386937
313	0.00310586
314	0.00113438
315	0.00061808
316	0.00271471
317	0.00114455
318	0.00113272
319	0.00172659
321	0.00202342
322	0.00196135
323	0.00258059
324	0.00078438
325	0.00259740
327	0.00099565
328	0.00071892
329	0.02122376
330	0.00319755
331	0.00101307
332	0.00168703
333	0.00322279
334	0.00100879
335	0.00174080
337	0.00222044
338	0.00197356
339	0.00721506
340	0.00166491
341	0.00391632
342	0.00184869
343	0.00229295
344	0.00617113
345	0.00805545
346	0.00162917
347	0.00226681
348	0.00070248
350	0.01882191
351	0.00184047
352	0.00249249
353	0.00240812
354	0.00195298
355	0.00092397
356	0.00201189
357	0.00199219
358	0.00076699
359	0.01038610
360	0.00130857
361	0.00172255
362	0.01248525
363	0.00727272
364	0.00070459
365	0.00062035
366	0.00223035
367	0.00282637
368	0.00197932
369	0.00373705
370	0.00341239
371	0.00285704
372	0.00072718
373	0.00130890
374	0.00059432
375	0.00209729
376	0.00596864
377	0.00199157
378	0.00059532
379	0.00305777
380	0.00196013
381	0.00080544
382	0.00227290
383	0.00760811
384	0.00114782
385	0.00548537
386	0.00129321
387	0.00057872
388	0.00070726
389	0.00078396
390	0.00167650
391	0.00146386
392	0.00060821
393	0.00115712
394	0.00199366
395	0.00197179
396	0.00104290
397	0.00292672
399	0.00184397
400	0.00231473
402	0.00059614
403	0.01527747
404	0.00070297
405	0.00201290
406	0.00115686
407	0.00198996
410	0.01080561
411	0.02576080
412	0.02726313
413	0.00196704
414	0.00232417
415	0.00119927
416	0.00200011
417	0.00132351
418	0.00274203
419	0.02024446
420	0.00456503
421	0.00172207
422	0.00071704
423	0.00272549
424	0.00303054
425	0.00175114
426	0.00292947
428	0.00169231
429	0.00459409
430	0.00287602
431	0.00132694
432	0.00251131
433	0.00199214
434	0.00325895
435	0.00179114
436	0.00182842
437	0.00229078
438	0.00197332
440	0.00421475
441	0.00179949
442	0.00306567
443	0.00187759
444	0.00168460
446	0.00071470
447	0.00202983
448	0.00111102
449	0.00180405
450	0.00447388
451	0.00110456
453	0.03077873
454	0.00167589
455	0.00117509
456	0.00168958
457	0.01948348
458	0.00170546
459	0.00381774
460	0.00112238
461	0.00225206
462	0.00526100
463	0.00367160
464	0.00198903
465	0.02260959
466	0.00310862
467	0.00167995
468	0.00164719
469	0.00234021
470	0.00124732
471	0.00227329
472	0.00095662
473	0.00238145
474	0.00070237
475	0.00140376
476	0.01122537
477	0.00200543
478	0.00257159
479	0.02201568
480	0.00125630
481	0.00341655
482	0.00198099
483	0.00132576
484	0.00207969
485	0.00096623
486	0.00212108
487	0.00171893
488	0.00314591
489	0.00225090
490	0.00203909
492	0.00146457
493	0.00079973
494	0.00183781
495	0.00170805
496	0.00198542
497	0.00071799
498	0.00408302
499	0.00202409
500	0.00165211
501	0.00202667
502	0.00242306
504	0.00198703
505	0.00070379
506	0.00174516
507	0.00081650
508	0.00141129
509	0.00071250
510	0.00185557
511	0.03544640
513	0.00393689
514	0.00059793
515	0.00204012
516	0.00070561
518	0.00226157
519	0.00097680
520	0.00113971
521	0.00775956
523	0.00202687
524	0.00097983
525	0.00116922
526	0.00679546
527	0.00199087
529	0.00194536
530	0.00112657
531	0.00104651
532	0.00075764
533	0.00220542
534	0.00226731
535	0.01372686
536	0.01357928
537	0.00192522
539	0.01779001
540	0.00376906
541	0.00235636
542	0.00219119
544	0.00193615
545	0.00134694
546	0.00072795
547	0.00472881
548	0.00228536
549	0.00229721
551	0.00397483
552	0.00254719
553	0.00167856
554	0.00168007
555	0.00194373
556	0.00565466
557	0.00232502
558	0.00756489
559	0.00110396
560	0.00136128
561	0.00222900
562	0.00059170
564	0.00168168
565	0.00372956
567	0.00118851
568	0.00083498
569	0.00375242
570	0.00176358
571	0.00173317
572	0.00184682
573	0.00111473
574	0.00678202
575	0.00106361
576	0.00114083
578	0.00097768
579	0.00469488
580	0.00387943
581	0.00199174
582	0.00194827
583	0.00182496
584	0.00202703
585	0.03464698
586	0.00232187
587	0.00198511
588	0.00072084
589	0.00061151
590	0.00131580
591	0.00226635
592	0.00213676
593	0.00070688
594	0.00268161
595	0.00070498
597	0.00201037
598	0.00198427
599	0.00402132
600	0.00113942
601	0.00072500
602	0.00189787
603	0.00539740
604	0.00111987
605	0.00878318
607	0.00076024
608	0.00073777
609	0.00167011
610	0.00200423
611	0.00201260
612	0.00111954
613	0.00166026
614	0.00335005
615	0.00488640
616	0.00207264
617	0.00114397
618	0.00061661
620	0.01569317
621	0.00128453
623	0.00113209
624	0.00077694
625	0.00194328
626	0.00674373
627	0.00307033
628	0.00645161
629	0.00343717
630	0.01170845
631	0.00097882
632	0.00096407
633	0.00344975
634	0.00263578
635	0.00199807
636	0.00070922
638	0.00173448
639	0.00219209
641	0.00449324
642	0.00073733
643	0.00166726
644	0.00112158
645	0.00072495
646	0.00207808
647	0.00167361
648	0.00070924
650	0.00172457
651	0.00071042
652	0.00115808
653	0.00174344
654	0.00279295
655	0.00138412
656	0.00561620
658	0.00385456
659	0.00488983
660	0.00173535
662	0.00193329
664	0.00110477
665	0.00128476
666	0.00290972
667	0.00136682
668	0.00839052
669	0.00059622
670	0.00225312
671	0.00062022
672	0.00232950
673	0.00071176
674	0.00192038
675	0.00198912
676	0.00200215
678	0.00347133
679	0.00170984
683	0.00675860
685	0.00193779
686	0.00288828
687	0.00127021
689	0.00186829
690	0.01427650
691	0.01564153
692	0.00234106
693	0.00061794
694	0.00235018
695	0.00221855
696	0.00061413
697	0.00097900
698	0.00227765
700	0.00072469
701	0.00069749
702	0.01906270
703	0.00226950
704	0.00329490
705	0.00168511
706	0.00236272
707	0.00071468
708	0.00177971
709	0.00181747
710	0.00227675
711	0.00303457
712	0.00200440
713	0.01861866
714	0.00180208
716	0.00201041
717	0.00169300
718	0.00369249
719	0.00081069
720	0.00223260
721	0.00081959
722	0.00112453
723	0.01379504
724	0.00236787
725	0.00353489
726	0.00173942
727	0.00064466
728	0.00999564
729	0.00200923
730	0.00636392
731	0.00228572
732	0.00869494
733	0.00059709
734	0.00219463
735	0.00387452
736	0.00206857
737	0.02713111
738	0.00182567
739	0.00178059
740	0.00166691
741	0.00081225
742	0.00115741
745	0.00200931
746	0.00175569
747	0.00228631
749	0.00206471
750	0.00197729
751	0.00062354
752	0.00110787
753	0.00132426
754	0.00081884
756	0.00210155
757	0.00426231
758	0.00113245
759	0.00111906
760	0.00307005
761	0.00091620
762	0.00206755
763	0.00127921
764	0.00170526
767	0.00095302
768	0.00197667
769	0.00200465
770	0.00112279
771	0.00111050
774	0.00132310
776	0.00191484
777	0.00287522
778	0.00171655
780	0.00061199
782	0.00077530
783	0.00070539
784	0.00155406
785	0.00246173
786	0.00173509
787	0.00072181
788	0.00342632
789	0.00138152
790	0.00196143
791	0.00201595
794	0.01393857
795	0.00180550
796	0.00185887
797	0.00079956
798	0.00371354
799	0.00234229
800	0.00231020
801	0.00073892
802	0.00231579
803	0.00197757
804	0.00130062
805	0.00163306
806	0.00631525
807	0.00166543
808	0.00123765
810	0.00232420
811	0.00070879
813	0.00197195
814	0.00193578
816	0.00228691
817	0.02244994
818	0.00117449
819	0.00154399
820	0.00130732
821	0.00232050
822	0.00198082
823	0.00201684
824	0.00645005
825	0.00135528
826	0.00309597
827	0.00625752
828	0.00173631
829	0.01823369
831	0.00061828
832	0.00299691
833	0.00496698
834	0.00061283
835	0.00291961
836	0.00076230
838	0.00242325
839	0.00188647
840	0.00200522
841	0.01532949
844	0.00169889
845	0.00198884
846	0.00195004
847	0.00199708
848	0.00080811
849	0.00215971
850	0.00151801
851	0.00198017
852	0.03046788
853	0.00849249
854	0.00078013
855	0.00527297
856	0.00197593
857	0.00138999
858	0.00197253
859	0.00080153
860	0.00224622
861	0.00142577
862	0.00114967
863	0.00989045
864	0.00140468
866	0.00109847
867	0.00448740
868	0.00198128
869	0.01897601
870	0.00128798
872	0.00205061
873	0.00162876
874	0.00133157
876	0.00224918
877	0.00173945
878	0.00205833
879	0.00171214
881	0.00224853
882	0.00402685
883	0.00074099
884	0.00112295
885	0.00175624
886	0.00202918
887	0.00226315
888	0.00347864
889	0.00131625
890	0.00461464
891	0.00078963
892	0.00250360
893	0.00073404
894	0.00197210
895	0.01802751
896	0.00228589
897	0.00177819
898	0.00777591
899	0.00276900
900	0.00115945
901	0.00200960
902	0.00411353
903	0.01692706
904	0.00657664
905	0.00146182
906	0.00223949
907	0.00171091
908	0.00230436
909	0.00096208
910	0.00195833
911	0.00072883
914	0.00135110
915	0.00078800
916	0.00198052
917	0.00166264
918	0.00776455
919	0.00070363
920	0.00199913
921	0.00061644
922	0.00332647
923	0.00172941
924	0.00093174
925	0.00134132
927	0.00061567
928	0.00574541
929	0.00058798
930	0.00166861
931	0.00229856
932	0.00232730
933	0.00228107
934	0.00163496
935	0.00138954
936	0.00172865
938	0.00364064
939	0.01607244
940	0.00227621
942	0.00167351
943	0.01514155
944	0.00221463
945	0.00487353
946	0.00163584
947	0.00228723
948	0.00185486
949	0.00234313
950	0.00112771
951	0.00170064
952	0.00197804
953	0.00198848
954	0.00167993
955	0.00170239
956	0.00131816
957	0.00073692
958	0.00069797
959	0.00080127
960	0.00234661
961	0.00169807
963	0.00533172
964	0.00160696
965	0.00307811
966	0.00202838
967	0.00113776
968	0.00074628
969	0.00179954
970	0.00163532
971	0.00293786
973	0.00223882
974	0.00169018
975	0.00230577
976	0.00195252
977	0.00129078
978	0.00190472
979	0.00206615
980	0.00453457
981	0.00201154
983	0.00321751
984	0.00067387
985	0.00198919
987	0.00204718
988	0.00059135
989	0.00127331
990	0.00148279
991	0.00616520
992	0.00316014
993	0.01055960
994	0.00183332
995	0.00138460
996	0.00204455
997	0.00060390
998	0.00563164
999	0.03621963
1000	0.00150894
1002	0.00197938
1003	0.00071828
1004	0.00209044
1005	0.00057097
1006	0.00198189
1007	0.00141501
1008	0.00170040
1009	0.00402398
1010	0.00160990
1011	0.02231403
1012	0.00297579
1013	0.00196751
1014	0.00064100
1015	0.00229092
1016	0.00131336
1017	0.00185537
1018	0.00302918
1019	0.00591070
1020	0.00231005
1022	0.00303281
1023	0.00311402
1024	0.00135220
1025	0.00399662
1027	0.00168074
1028	0.00115176
1029	0.00204008
1030	0.00072049
1031	0.00198188
1033	0.00192423
1034	0.00236038
1035	0.00057073
1036	0.00116893
1037	0.00945920
1038	0.00079297
1039	0.00490414
1040	0.00164451
1041	0.00196277
1042	0.00071211
1043	0.00129492
1044	0.00298615
1045	0.00195947
1047	0.00451809
1048	0.00171654
1049	0.00205929
1050	0.00075230
1051	0.00164140
1052	0.00194395
1053	0.00057474
1054	0.00224501
1055	0.00198423
1058	0.00350178
1059	0.00112115
1061	0.00265470
1062	0.00229051
1063	0.00070259
1064	0.00161831
1066	0.00106263
1067	0.00225999
1068	0.00061658
1069	0.00069965
1070	0.00188826
1071	0.00201015
1072	0.00096839
1073	0.00731486
1075	0.00108049
1076	0.00288899
1077	0.00070648
1078	0.00137807
1079	0.00068248
1080	0.01185816
1081	0.00251083
1082	0.00364369
1083	0.00200031
1084	0.00163334
1085	0.00133690
1086	0.00200661
1087	0.00224676
1088	0.00059193
1089	0.00057441
1090	0.00231141
1091	0.00191827
1092	0.00059522
1094	0.00206314
1095	0.00166402
1096	0.00346950
1097	0.00132676
1098	0.00182019
1100	0.00198333
1101	0.00208361
1102	0.00374053
1103	0.00070374
1104	0.00185781
1105	0.00169821
1106	0.00061178
1107	0.00073193
1108	0.00199104
1109	0.00225693
1110	0.00380108
1111	0.00200794
1112	0.00286580
1113	0.00058279
1114	0.00265593
1115	0.00070379
1116	0.00072501
1117	0.00118403
1118	0.00248397
1120	0.01905442
1121	0.00073421
1122	0.00183103
1123	0.00166541
1124	0.00194662
1125	0.00145483
1126	0.00272067
1127	0.00288824
1128	0.00231206
1129	0.00167018
1130	0.00070368
1131	0.00332347
1132	0.00201989
1133	0.00234870
1134	0.00268402
1135	0.00202122
1136	0.00122457
1137	0.00068342
1139	0.00194249
1140	0.00339570
1141	0.00200093
1142	0.00196168
1143	0.00200873
1144	0.02553917
1145	0.00071561
1146	0.00135307
1147	0.00201238
1148	0.00117423
1149	0.00525188
1150	0.00266266
1151	0.01081331
1152	0.00194812
1153	0.00231038
1154	0.00116553
1155	0.00075433
1156	0.00069179
1157	0.00171770
1158	0.00072604
1159	0.02775552
1160	0.00201401
1161	0.00072729
1162	0.00134025
1163	0.00202974
1164	0.00116611
1166	0.00172149
1167	0.00226041
1169	0.00138360
1170	0.00228392
1171	0.00193382
1172	0.00198312
1173	0.00083548
1174	0.00057399
1175	0.00157020
1176	0.00116857
1177	0.00227581
1178	0.00117509
1179	0.01438450
1180	0.00225318
1181	0.00169902
1182	0.00190599
1183	0.00170920
1184	0.00182647
1185	0.00139654
1186	0.00293937
1187	0.00292614
1188	0.00224160
1189	0.00198122
1191	0.00295127
1192	0.00698455
1193	0.00223844
1194	0.01303928
1195	0.00467149
1197	0.00110669
1198	0.02021984
1199	0.00058363
1200	0.00227849
1201	0.00170321
1202	0.00173054
1203	0.00366460
1204	0.00200960
1205	0.00086840
1206	0.00199939
1207	0.00136145
1208	0.00101658
1209	0.00135601
1212	0.00114953
1213	0.00139411
1214	0.00617123
1215	0.00072632
1216	0.00200790
1218	0.00351249
1219	0.00172587
1221	0.00223521
1222	0.00078733
1223	0.00100973
1224	0.00201544
1225	0.00113391
1227	0.00190026
1228	0.00201684
1229	0.00221679
1231	0.00273578
1232	0.00221474
1234	0.00232981
1235	0.00255219
1236	0.00191901
1237	0.00173463
1238	0.00193919
1239	0.00728183
1241	0.00764085
1242	0.00204339
1243	0.00194263
1244	0.00205991
1245	0.00172243
1246	0.00168294
1247	0.00116288
1248	0.00167206
1250	0.00172430
1251	0.00070073
1252	0.00197606
1253	0.00211212
1254	0.00115162
1255	0.00114673
1256	0.00224342
1257	0.00173253
1258	0.03601751
1259	0.00204314
1260	0.00117837
1261	0.00461602
1262	0.00167389
1263	0.00179782
1264	0.00196519
1265	0.00197933
1266	0.00103340
1267	0.00297687
1268	0.00360981
1269	0.01274338
1270	0.00134261
1271	0.00201031
1272	0.00261920
1274	0.00411604
1275	0.00170597
1276	0.00226957
1277	0.01908693
1278	0.02942806
1279	0.00206182
1280	0.00155708
1281	0.00456433
1282	0.00194503
1283	0.00113630
1284	0.00109883
1285	0.00290128
1286	0.00228113
1287	0.01961773
1288	0.00060275
1289	0.00199728
1290	0.00348140
1291	0.01293808
1292	0.00197817
1293	0.00201557
1295	0.00166586
1296	0.00195651
1297	0.00312428
1299	0.00230644
1300	0.00072472
1301	0.00056910
1302	0.00131178
1303	0.00446308
1304	0.00274528
1305	0.00271534
1306	0.00233924
1307	0.00203475
1308	0.00166119
1309	0.00924105
1310	0.00218685
1311	0.00079075
1312	0.00458603
1313	0.00201570
1315	0.00174953
1316	0.00115201
1317	0.00116088
1318	0.00203106
1319	0.00221358
1320	0.00219151
1321	0.00171902
1322	0.00071715
1323	0.01940860
1324	0.00158319
1325	0.00171942
1326	0.00059010
1328	0.00524790
1329	0.00202986
1330	0.00202647
1331	0.00171692
1332	0.00206814
1333	0.00221114
1334	0.00173636
1335	0.00115798
1336	0.00220584
1337	0.00286086
1338	0.00201348
1339	0.00229691
1340	0.00297253
1341	0.00071642
1342	0.00299420
1343	0.00069828
1345	0.00079276
1346	0.00202444
1347	0.00234687
1348	0.00074855
1349	0.00191756
1350	0.00346261
1353	0.00338678
1354	0.00363038
1356	0.00194656
1357	0.00079789
1358	0.00249812
1359	0.00199962
1360	0.00200185
1361	0.00227544
1362	0.00223510
1363	0.00381414
1365	0.00123403
1366	0.00131954
1367	0.00166633
1368	0.00198165
1369	0.03257494
1370	0.00201289
1371	0.00137332
1372	0.00125019
1373	0.00059135
1374	0.00164439
1375	0.00117401
1376	0.00153929
1377	0.00622169
1378	0.00203568
1379	0.00201346
1380	0.01421397
1381	0.00444147
1382	0.00195146
1383	0.00273811
1384	0.00171650
1385	0.00182656
1386	0.00175051
1387	0.00328428
1388	0.00097508
1389	0.00128173
1390	0.00166862
1391	0.00112233
1393	0.00622009
1394	0.00272739
1395	0.00206195
1396	0.00169353
1398	0.00354448
1399	0.00330917
1400	0.00194657
1401	0.00073195
1402	0.00530252
1403	0.00173769
1404	0.00175542
1405	0.00310630
1407	0.00062349
1408	0.00222307
1409	0.00161685
1410	0.00256037
1412	0.00127798
1413	0.00096989
1414	0.00206903
1415	0.00070000
1416	0.00136864
1417	0.00222969
1418	0.00075950
1419	0.00189561
1420	0.00228924
1421	0.00128349
1422	0.00233469
1423	0.00119632
1424	0.00129124
1425	0.00210064
1426	0.00399464
1428	0.00230069
1430	0.01456692
1431	0.00109315
1432	0.00163111
1433	0.00172064
1434	0.00329345
1435	0.00198561
1436	0.00195312
1437	0.00200297
1438	0.00115487
1439	0.00228068
1440	0.02902614
1441	0.00190322
1443	0.00297930
1444	0.00300115
1445	0.00073092
1446	0.00165266
1447	0.00205536
1448	0.00115296
1449	0.00349938
1451	0.00174122
1452	0.00200584
1453	0.01005985
1454	0.00337520
1455	0.00202416
1456	0.00173511
1457	0.00158975
1458	0.00202272
1459	0.00201939
1460	0.00134432
1462	0.00132094
1463	0.00200391
1464	0.00206620
1465	0.00759650
1466	0.00097831
1467	0.01003811
1468	0.00341928
1469	0.00233605
1470	0.00071207
1471	0.00235063
1472	0.00233095
1473	0.00118380
1475	0.00112616
1476	0.00070414
1477	0.00092561
1478	0.00171867
1479	0.00127559
1480	0.00294083
1481	0.00355523
1482	0.00282798
1484	0.00185408
1485	0.00079170
1486	0.00341847
1487	0.00229576
1488	0.00427128
1490	0.00086145
1491	0.00169576
1492	0.00090530
1493	0.00287776
1494	0.00342638
1495	0.00115943
1496	0.00111426
1497	0.00482841
1498	0.00204135
1499	0.00258914
1500	0.01181449
1501	0.02197526
1502	0.00167878
1503	0.00178999
1504	0.00116568
1505	0.00403803
1506	0.00328069
1507	0.00202987
1508	0.00072142
1509	0.00119018
1510	0.01547876
1512	0.00245480
1513	0.00201665
1514	0.00173376
1515	0.00113809
1516	0.00228287
1517	0.00071014
1518	0.00097264
1519	0.00062145
1520	0.00301300
1521	0.00073423
1522	0.02487348
1523	0.00653890
1524	0.00366738
1525	0.00123717
1526	0.00362758
1527	0.00136431
1528	0.00074436
1529	0.00164261
1530	0.00113384
1531	0.00197524
1532	0.00161355
1533	0.00073869
1534	0.00116579
1535	0.00062093
1536	0.00799080
1538	0.00141961
1539	0.00303147
1541	0.00840129
1543	0.00354595
1544	0.00127923
1545	0.00115704
1547	0.00499875
1549	0.00396486
1550	0.01775354
1551	0.00096652
1552	0.00174817
1553	0.00207889
1554	0.00199928
1555	0.00136697
1556	0.00127378
1557	0.00370774
1558	0.00166144
1559	0.00229066
1560	0.00097859
1561	0.00197020
1562	0.00228532
1563	0.00322974
1564	0.00201061
1565	0.00341354
1566	0.00234171
1567	0.00182684
1568	0.00199245
1569	0.00167878
1570	0.00229372
1572	0.00116323
1573	0.00113390
1574	0.00113047
1575	0.00296235
1576	0.01852139
1577	0.00170732
1578	0.01137571
1579	0.00127960
1580	0.02399835
1581	0.00470584
1583	0.00168175
1584	0.00205370
1586	0.03009231
1587	0.02316124
1588	0.00199274
1589	0.00071394
1590	0.00092163
1591	0.00183824
1592	0.00332815
1593	0.00116755
1594	0.00165011
1595	0.00081417
1596	0.00071737
1597	0.00162538
1598	0.00070793
1599	0.00168265
1600	0.00203583
1601	0.00863462
1602	0.00093434
1604	0.00226579
1605	0.00163042
1606	0.00113352
1607	0.00199938
1608	0.00170117
1609	0.00067915
1610	0.00167720
1611	0.00085222
1612	0.00098111
1613	0.00289276
1614	0.00293370
1615	0.00289141
1616	0.00450967
1617	0.00098166
1618	0.01111393
1619	0.01419745
1620	0.00195437
1621	0.00130786
1622	0.00169184
1623	0.00171742
1624	0.00062661
1625	0.00951961
1627	0.00071091
1628	0.00113570
1629	0.01379487
1630	0.00062077
1631	0.00075018
1632	0.00168660
1633	0.00200588
1634	0.00448076
1636	0.00198778
1637	0.00203136
1638	0.00356014
1639	0.00452227
1641	0.00080684
1642	0.00219404
1643	0.00118867
1644	0.00375088
1645	0.00230806
1646	0.00112375
1647	0.00127655
1648	0.00174148
1649	0.00187497
1650	0.00122265
1652	0.00255867
1653	0.00137730
1654	0.00173033
1655	0.00190005
1656	0.00203260
1658	0.00108488
1659	0.00294433
1661	0.00162902
1662	0.00227152
1663	0.00627905
1666	0.00167196
1667	0.00075817
1668	0.00135736
1669	0.03550454
1670	0.01282340
1671	0.00096568
1672	0.00197297
1673	0.00647687
1674	0.02007900
1675	0.00294253
1676	0.00168636
1677	0.00222251
1678	0.00059848
1679	0.00059831
1680	0.00868095
1681	0.00223176
1682	0.00181564
1683	0.00074312
1684	0.00351924
1685	0.00259013
1687	0.00231464
1688	0.00367372
1689	0.00519824
1690	0.00310898
1691	0.00202825
1693	0.00137619
1694	0.00249645
1695	0.00059629
1696	0.00114664
1697	0.00064321
1698	0.00319685
1699	0.00072547
1700	0.00205281
1701	0.00177649
1702	0.00085613
1703	0.00225331
1704	0.00198189
1705	0.00150447
1706	0.02822386
1707	0.00179951
1709	0.00194910
1710	0.00266881
1712	0.00450448
1713	0.00204071
1715	0.00478254
1716	0.00115926
1717	0.00305111
1718	0.00264017
1719	0.00111471
1720	0.00338655
1721	0.00197131
1722	0.00101226
1723	0.00226987
1724	0.00150129
1725	0.00189740
1726	0.00112508
1727	0.00835253
1728	0.00167931
1729	0.00069940
1730	0.00196380
1731	0.01149541
1732	0.00116826
1734	0.00201749
1735	0.00180639
1736	0.00070615
1737	0.00166798
1738	0.00199021
1739	0.00439334
1740	0.00202550
1741	0.00171741
1742	0.00508893
1743	0.00763487
1744	0.00232706
1745	0.00073291
1746	0.00069660
1747	0.00204664
1748	0.00571492
1749	0.00198491
1750	0.00070055
1751	0.01918089
1752	0.00061858
1753	0.00188996
1754	0.00399604
1755	0.00135412
1756	0.00132258
1757	0.00083463
1758	0.00175751
1759	0.00370993
1761	0.00168435
1762	0.00173657
1763	0.00192791
1765	0.00111446
1766	0.00110597
1767	0.01236470
1768	0.02901128
1769	0.00101372
1770	0.02035556
1772	0.00225337
1773	0.00109765
1774	0.00261171
1775	0.00195589
1776	0.00242793
1777	0.00158040
1778	0.00231823
1780	0.00364255
1781	0.00175099
1782	0.01553390
1783	0.00196731
1784	0.00134652
1785	0.00118811
1786	0.00169064
1788	0.00191629
1789	0.00176287
1790	0.00200278
1791	0.00169506
1792	0.02745409
1793	0.00059064
1794	0.00230373
1795	0.00067752
1796	0.00131990
1797	0.00061090
1798	0.00182704
1799	0.00087281
1800	0.00165344
1801	0.00203105
1802	0.00081171
1803	0.00073903
1804	0.00200666
1805	0.00073353
1806	0.00202060
1807	0.00688970
1808	0.00374057
1809	0.00172680
1811	0.00203487
1812	0.00081484
1813	0.00832274
1814	0.00397894
1815	0.00206848
1816	0.00197019
1817	0.00114060
1818	0.00374099
1819	0.00170551
1820	0.00199815
1821	0.00077865
1822	0.00208426
1823	0.00417258
1824	0.00115665
1825	0.00206564
1826	0.00200430
1827	0.00129165
1828	0.00168008
1829	0.00225698
1830	0.00265176
1831	0.00323483
1832	0.00195885
1833	0.02450173
1834	0.00057373
1835	0.00115141
1836	0.00113613
1838	0.00141249
1839	0.03408818
1840	0.00073541
1841	0.00135604
1842	0.00072539
1843	0.00377025
1844	0.02003041
1845	0.00300843
1846	0.00325918
1847	0.00071998
1848	0.00235008
1849	0.00116050
1850	0.00195230
1851	0.00116498
1852	0.00293742
1853	0.00082052
1854	0.00869194
1855	0.00149640
1856	0.00199548
1857	0.00104668
1858	0.00742721
1859	0.00196409
1860	0.00172821
1861	0.00132898
1862	0.00184782
1863	0.00137404
1865	0.00207803
1866	0.00171022
1867	0.00071439
1868	0.00105798
1869	0.00231594
1870	0.00114391
1871	0.00201169
1872	0.00059483
1873	0.00197397
1874	0.04260586
1875	0.00169392
1876	0.01307812
1877	0.00178608
1878	0.02196788
1879	0.00170245
1880	0.00516827
1881	0.00736824
1882	0.00525677
1883	0.00165679
1884	0.00060724
1885	0.00077480
1886	0.00080110
1887	0.00062136
1890	0.00166452
1891	0.00228771
1892	0.00397286
1893	0.00062896
1894	0.02377498
1896	0.00129312
1897	0.00433110
1898	0.00201822
1899	0.01979941
1900	0.00071453
1901	0.00072561
1902	0.00195341
1903	0.00590506
1904	0.00200846
1905	0.00202375
1906	0.01429209
1907	0.00065552
1908	0.00128154
1909	0.00224684
1910	0.00167646
1911	0.00449434
1912	0.01112870
1913	0.00108850
1914	0.00188170
1915	0.00073556
1916	0.00200631
1917	0.00200847
1918	0.00298788
1919	0.00543670
1920	0.00100275
1921	0.00199681
1922	0.00161652
1923	0.00097336
1925	0.00231511
1926	0.00171066
1927	0.00963319
1928	0.00173178
1929	0.00168154
1930	0.00957134
1931	0.00062231
1932	0.00224646
1933	0.00096084
1934	0.00340834
1935	0.00198405
1936	0.00167893
1937	0.00171960
1939	0.00060668
1940	0.00134184
1941	0.00129059
1942	0.00741965
1943	0.00109876
1944	0.00197991
1945	0.00172727
1946	0.00072883
1948	0.00182621
1950	0.00335629
1951	0.00199344
1952	0.00432434
1954	0.00161972
1955	0.00355812
1956	0.00708099
1957	0.00368961
1958	0.00194273
1959	0.00197820
1960	0.00159701
1961	0.00207008
1962	0.00447911
1963	0.02769789
1964	0.00168021
1965	0.00071848
1966	0.00178224
1967	0.00194207
1968	0.00168295
1969	0.00113592
1970	0.00284491
1971	0.00133545
1972	0.00071613
1973	0.00059243
1974	0.02727686
1975	0.00072318
1976	0.00662026
1977	0.00168602
1978	0.00172252
1979	0.00060011
1981	0.00245367
1982	0.00119342
1983	0.00168176
1984	0.00291804
1985	0.00113406
1986	0.00059136
1987	0.02732000
1988	0.00345668
1989	0.00169706
1990	0.00208416
1991	0.00081779
1992	0.01858792
1993	0.00070384
1994	0.00186943
1995	0.01031236
1996	0.00136101
1997	0.00277130
1998	0.02949508
1999	0.00117614
2000	0.00169759
2001	0.00196340
2002	0.00231956
2003	0.00064208
2004	0.00058877
2005	0.00204560
2006	0.00845888
2007	0.00223136
2008	0.00073562
2009	0.00070770
2010	0.00221550
2011	0.00732840
2012	0.00484105
2013	0.00168209
2015	0.00197289
2016	0.00059974
2017	0.00202487
2018	0.00167091
2019	0.00197876
2020	0.00072949
2021	0.00201396
2022	0.00114792
2023	0.00071396
2024	0.00073752
2025	0.00073425
2026	0.00080132
2027	0.01486974
2028	0.00300021
2029	0.00114917
