0	0.30118368
1	0.39569125
2	0.27918585
3	0.36132878
4	0.37103431
5	0.31972675
6	0.35140476
7	0.29307976
8	0.35708410
9	0.41125497
10	0.39296856
11	0.38098333
12	0.35842332
13	0.39291043
14	0.31427360
15	0.38834510
16	0.31955791
17	0.30679139
18	0.27580595
19	0.34416043
20	0.37937521
21	0.33030322
22	0.29692766
23	0.34208782
24	0.43590196
25	0.20806709
26	0.40505469
27	0.38310126
28	0.31106155
29	0.21283123
30	0.38751471
31	0.23431534
32	0.42041225
33	0.35160861
34	0.37535987
35	0.32825812
36	0.44052878
37	0.27414734
38	0.25138403
39	0.33714727
40	0.34012108
41	0.32839482
42	0.36611050
43	0.34188789
44	0.35203915
45	0.36410399
46	0.40764755
47	0.33643824
48	0.31610343
49	0.29576912
50	0.20856611
51	0.27706583
52	0.39629132
53	0.36197654
54	0.23986709
55	0.34206008
56	0.23414510
57	0.35040210
58	0.39822101
59	0.35470581
60	0.30741562
61	0.30725350
62	0.41708648
63	0.38342472
64	0.29491604
65	0.32642269
66	0.38687360
67	0.40297248
68	0.36999909
69	0.24099622
70	0.33904951
71	0.40270084
72	0.33058060
73	0.36818298
74	0.32985497
75	0.31790546
76	0.31402087
77	0.33768866
78	0.37844461
79	0.28262045
80	0.33312416
81	0.30010273
82	0.35337332
83	0.33986912
84	0.24390700
85	0.33856555
86	0.37910819
87	0.32796099
88	0.40014111
89	0.40399594
90	0.40317654
91	0.34235644
92	0.37521310
93	0.33066863
94	0.35363950
95	0.33131989
96	0.36297598
97	0.30294993
98	0.40270196
99	0.39972654
100	0.30562675
101	0.35250434
102	0.25158838
103	0.41436933
104	0.34665532
105	0.25983648
106	0.30678123
107	0.35412626
108	0.30052794
109	0.40611071
110	0.33961597
111	0.30820259
112	0.36680847
113	0.32889559
114	0.33524265
115	0.22727906
116	0.27790294
117	0.34054538
118	0.35960896
119	0.41552591
120	0.40488116
121	0.31810847
122	0.42810371
123	0.32888095
124	0.39285623
125	0.26744363
126	0.19112969
127	0.27813333
128	0.33109734
129	0.38955287
130	0.43341877
131	0.28432388
132	0.33427227
133	0.35898102
134	0.38786653
135	0.37379006
136	0.28217437
137	0.28192388
138	0.38608144
139	0.44652990
140	0.39168410
141	0.50620868
142	0.38742451
143	0.37217122
144	0.33861660
145	0.35823831
146	0.35812486
147	0.22802822
148	0.33517829
149	0.40616113
150	0.32253424
151	0.28270007
152	0.39494279
153	0.37089664
154	0.38804713
155	0.29437801
156	0.42785735
157	0.34065357
158	0.33073585
159	0.32678964
160	0.28010882
161	0.20897206
162	0.32755441
163	0.30992584
164	0.36257045
165	0.41046443
166	0.41132178
167	0.38685483
168	0.40983018
169	0.32837318
170	0.39168256
171	0.33190077
172	0.39521057
173	0.35065448
174	0.35507675
175	0.29487990
176	0.22734384
177	0.34853964
178	0.42902059
179	0.41004307
180	0.35965938
181	0.25990441
182	0.43679489
183	0.39553382
184	0.34273067
185	0.31562535
186	0.38633438
187	0.35739300
188	0.32736919
189	0.39006716
190	0.37888599
191	0.39027171
192	0.37805728
193	0.28841008
194	0.40352976
195	0.39619790
196	0.31625889
197	0.33069636
198	0.39934881
199	0.25551275
200	0.34536765
201	0.35148473
202	0.46060763
203	0.36370077
204	0.42307598
205	0.39953859
206	0.27131765
207	0.36889020
208	0.37610294
209	0.37071842
210	0.44092864
211	0.33102108
212	0.39729265
213	0.36780434
214	0.27197500
215	0.35281246
216	0.36779965
217	0.30323438
218	0.40069468
219	0.32177500
220	0.38015364
221	0.36154153
222	0.43769937
223	0.28862808
224	0.27414013
225	0.38714104
226	0.28515658
227	0.35033228
228	0.33536254
229	0.31792192
230	0.41261975
231	0.31189363
232	0.36225567
233	0.43200518
234	0.35008887
235	0.32296737
236	0.37046772
237	0.39498999
238	0.29505819
239	0.22668915
240	0.26498207
241	0.35315868
242	0.37178025
243	0.26343074
244	0.38805679
245	0.40482598
246	0.37022696
247	0.32183585
248	0.24486029
249	0.41435973
250	0.28671597
251	0.26320595
252	0.25994265
253	0.35423536
254	0.30722577
255	0.38692829
256	0.25620686
257	0.27708277
258	0.40700693
259	0.23613088
260	0.37478894
261	0.28376471
262	0.35453704
263	0.34784755
264	0.40539636
265	0.34935812
266	0.33521169
267	0.37828494
268	0.41228529
269	0.32826786
270	0.35119951
271	0.32745770
272	0.35363732
273	0.26503536
274	0.37077304
275	0.37294608
276	0.26435098
277	0.31329055
278	0.36100742
279	0.34513894
280	0.24133235
281	0.38939188
282	0.30056204
283	0.29110084
284	0.38703487
285	0.32530133
286	0.31086254
287	0.38000805
288	0.28778347
289	0.25655210
290	0.27909349
291	0.33781422
292	0.25974930
293	0.33349272
294	0.33989349
295	0.40561646
296	0.34787836
297	0.38768817
298	0.28305658
299	0.36615679
300	0.35804405
301	0.33335602
302	0.37340343
303	0.35373046
304	0.40495539
305	0.24201246
306	0.39680735
307	0.30024888
308	0.39407920
309	0.34818697
310	0.35402773
311	0.42613242
312	0.38342276
313	0.28957241
314	0.30252353
315	0.32477829
316	0.36020910
317	0.40792759
318	0.35814160
319	0.34236155
320	0.32536254
321	0.41773789
322	0.35657297
323	0.36864559
324	0.22415756
325	0.37363403
326	0.32802234
327	0.33104006
328	0.30616001
329	0.33599685
330	0.35028704
331	0.32411478
332	0.37727185
333	0.25984552
334	0.39892227
335	0.32086127
336	0.21823494
337	0.33972948
338	0.28822402
339	0.32296071
340	0.29415763
341	0.29138557
342	0.38924804
343	0.35079230
344	0.34854062
345	0.32229062
346	0.39648606
347	0.32684972
348	0.30514342
349	0.38663235
350	0.24394594
351	0.45312514
352	0.32632045
353	0.35347976
354	0.31142101
355	0.30837353
356	0.33249503
357	0.37523270
358	0.38892129
359	0.36678845
360	0.38913494
361	0.37037822
362	0.45266632
363	0.30064223
364	0.27551863
365	0.42717276
366	0.38163922
367	0.22756821
368	0.33680189
369	0.38546331
370	0.30359083
371	0.36776814
372	0.25919090
373	0.36586765
374	0.28367941
375	0.32728193
376	0.34159608
377	0.25722059
378	0.19592122
379	0.28926380
380	0.27690357
381	0.37087717
382	0.33926127
383	0.32597647
384	0.25437556
385	0.29868880
386	0.31373242
387	0.29765042
388	0.34090182
389	0.38611155
390	0.29840539
391	0.23490665
392	0.32649531
393	0.27966541
394	0.31554888
395	0.29182745
396	0.26600644
397	0.23617290
398	0.37562416
399	0.27337031
400	0.25610420
401	0.30172913
402	0.39034818
403	0.23491443
404	0.34312451
405	0.27794671
406	0.41506254
407	0.21237052
408	0.23919440
409	0.29724370
410	0.38577745
411	0.23934279
412	0.36879741
413	0.31283683
414	0.35980931
415	0.34306562
416	0.40659790
417	0.21337038
418	0.28905336
419	0.29786401
420	0.31991204
421	0.30797738
422	0.40119538
423	0.31328095
424	0.40117213
425	0.20667955
426	0.26215819
427	0.32300567
428	0.39094377
429	0.31015504
430	0.30472668
431	0.32990441
432	0.39295210
433	0.33925077
434	0.35303151
435	0.30909846
436	0.28150623
437	0.39001982
438	0.31009503
439	0.29563887
440	0.41544475
441	0.41625133
442	0.32779524
443	0.35171632
444	0.35283627
445	0.28220392
446	0.24432318
447	0.31215728
448	0.29560616
449	0.37162444
450	0.23083396
451	0.32657164
452	0.24671246
453	0.28255749
454	0.39163102
455	0.36780343
456	0.35495700
457	0.32123298
458	0.33601912
459	0.27995819
460	0.27947017
461	0.38648522
462	0.24981562
463	0.34473817
464	0.30784013
465	0.31352262
466	0.30323992
467	0.31351674
468	0.22959272
469	0.39019286
470	0.37051197
471	0.30585952
472	0.28970511
473	0.27080938
474	0.28628620
475	0.26749489
