0	0.38061239
1	0.38020167
2	0.38082083
3	0.38064581
4	0.38066179
5	0.37813373
6	0.37963860
7	0.37469334
8	0.37965743
9	0.37780542
10	0.38053927
11	0.38098516
12	0.37378472
13	0.36980530
14	0.37993426
15	0.36636307
16	0.38067626
17	0.30787067
18	0.38043546
19	0.35014388
20	0.38013511
21	0.30780253
22	0.37625922
23	0.33527573
24	0.34694970
25	0.37439442
26	0.38072863
27	0.37591359
28	0.38002005
29	0.37047923
30	0.36753010
31	0.37704214
32	0.30592370
33	0.32864023
34	0.34597530
35	0.37353903
36	0.33362507
37	0.30674934
38	0.33183534
39	0.36642038
40	0.34065343
41	0.30582368
42	0.37850385
43	0.33904622
44	0.36610108
45	0.34663929
46	0.36029827
47	0.35809700
48	0.33936397
49	0.29840481
50	0.30980766
51	0.34699413
52	0.35017624
53	0.28659531
54	0.33588470
55	0.37772105
56	0.36855280
57	0.33252505
58	0.33472712
59	0.28808470
60	0.32816209
61	0.22524451
62	0.30941137
63	0.34425486
64	0.35901993
65	0.36452003
66	0.33827658
67	0.32213593
68	0.31388800
69	0.29153532
70	0.35324675
71	0.37094494
72	0.34398129
73	0.21487675
74	0.36003860
75	0.37192468
76	0.32672089
77	0.29942841
78	0.22027422
79	0.24935415
80	0.35281736
81	0.32674025
82	0.32073377
83	0.36286966
84	0.31859845
85	0.29014017
86	0.34832423
87	0.34160456
88	0.24776527
89	0.35500318
90	0.37004055
91	0.20710829
92	0.30676642
93	0.31922197
94	0.28910976
95	0.37364826
96	0.37736311
97	0.32768824
98	0.32788783
99	0.34821166
100	0.18675655
101	0.36784373
102	0.24069061
103	0.23974062
104	0.24768160
105	0.33632969
106	0.35852659
107	0.26727813
108	0.33266872
109	0.22478541
110	0.24559963
111	0.31448282
112	0.26461598
113	0.22373854
114	0.27798243
115	0.23036401
116	0.19267385
117	0.35025873
118	0.33858826
119	0.34012757
120	0.31638194
121	0.31003041
122	0.34763811
123	0.27789562
124	0.29570842
125	0.23799605
126	0.33443008
127	0.22051889
128	0.21039279
129	0.35789403
130	0.23136495
131	0.26563603
132	0.32143436
133	0.32504182
134	0.21189974
135	0.18994677
136	0.30182825
137	0.32987047
138	0.25860293
139	0.20835264
140	0.27361871
141	0.26261863
142	0.34754000
143	0.26515464
144	0.23965784
145	0.32068628
146	0.31344638
147	0.25409961
148	0.20731367
149	0.33084170
150	0.33228282
151	0.27734942
152	0.32461292
153	0.29367732
154	0.27763831
155	0.33990829
156	0.32167336
157	0.32236886
158	0.22152794
159	0.25595908
160	0.30748518
161	0.23957122
162	0.28667194
163	0.21822759
164	0.28697791
165	0.28764854
166	0.31404797
167	0.33176495
168	0.35640750
169	0.30985918
170	0.32548302
171	0.28223383
172	0.31546574
173	0.30356479
174	0.20884724
175	0.31929892
176	0.26716393
177	0.33087915
178	0.21198537
179	0.30130846
180	0.27477636
181	0.33895688
182	0.27337477
183	0.27009896
184	0.28572757
185	0.31609061
186	0.28926554
187	0.22755133
188	0.30204055
189	0.26089423
190	0.31038895
191	0.35434225
192	0.18736662
193	0.28359279
194	0.24352227
195	0.21483860
196	0.30482250
197	0.34023110
198	0.25135460
199	0.28245645
200	0.32853980
201	0.28586623
202	0.26393124
203	0.27870597
204	0.19236621
205	0.24655676
206	0.18684891
207	0.34308486
208	0.32836152
209	0.16239026
210	0.21751314
211	0.21863896
212	0.26179707
213	0.17907797
214	0.17930365
215	0.32566652
216	0.25015044
217	0.26038329
218	0.30591649
219	0.31422103
220	0.30345266
221	0.23852195
222	0.33789407
223	0.27239641
224	0.19139800
225	0.20812089
226	0.26027332
227	0.23825665
228	0.29425906
229	0.23707789
230	0.21263163
231	0.23099046
232	0.28435174
233	0.23341463
234	0.20266358
235	0.30081471
236	0.25621406
237	0.21469452
238	0.20704720
239	0.23195252
240	0.25393246
241	0.24027210
242	0.26595072
243	0.17907125
244	0.30339433
245	0.29646864
246	0.24535969
247	0.25091225
248	0.27315529
249	0.19486538
250	0.21436246
251	0.25425156
252	0.25502678
253	0.25145453
254	0.23970096
255	0.24077469
256	0.28544985
257	0.14510834
258	0.20603073
259	0.24194298
260	0.25576756
261	0.31400677
262	0.30069737
263	0.23077738
264	0.20249615
265	0.18538370
266	0.23105735
267	0.22538056
268	0.31818631
269	0.17623615
270	0.26352064
271	0.31707610
272	0.25051310
273	0.20094538
274	0.15100693
275	0.23391987
276	0.23729264
277	0.29833030
278	0.16661186
279	0.24148596
280	0.21105087
281	0.30041834
282	0.28471543
283	0.23538761
284	0.21676026
285	0.31429468
286	0.28123917
287	0.24759568
288	0.24789823
289	0.17771253
290	0.21738761
291	0.18916519
292	0.24709990
293	0.17729399
294	0.25904997
295	0.23095097
296	0.23704805
297	0.32279963
298	0.25263517
299	0.16999596
300	0.16002079
301	0.22826864
302	0.20379058
303	0.27621610
304	0.18042910
305	0.26641777
306	0.23542466
307	0.26832435
308	0.26755231
309	0.18860962
310	0.16327540
311	0.27717966
312	0.24407214
313	0.25910801
314	0.27470079
315	0.29671612
316	0.30649969
317	0.27006285
318	0.25777571
319	0.25184345
320	0.29168694
321	0.26929472
322	0.20758529
323	0.24162201
324	0.23081162
325	0.25608722
326	0.15366244
327	0.24065376
328	0.24402299
329	0.23177811
330	0.20535455
331	0.19310157
332	0.30771196
333	0.32164932
334	0.20598093
335	0.27613181
336	0.22753132
337	0.25481039
338	0.28435920
339	0.25102592
340	0.21218427
341	0.24839776
342	0.21783350
343	0.28109912
344	0.23851400
345	0.27066134
346	0.16221508
347	0.23150703
348	0.22855667
349	0.17210047
350	0.22729436
351	0.23239580
352	0.14229179
353	0.22325771
354	0.28118692
355	0.19966843
356	0.22064051
357	0.20215109
358	0.20931029
359	0.22918834
360	0.26611689
361	0.16822992
362	0.28119470
363	0.23181390
364	0.21558235
365	0.28045205
366	0.25678190
367	0.18260204
368	0.29745743
369	0.17615720
370	0.21809696
371	0.21811196
372	0.16018174
373	0.18460864
374	0.28579397
375	0.16502759
376	0.22112908
377	0.21200082
378	0.19528009
379	0.22923293
380	0.24874710
381	0.24872146
382	0.28797954
383	0.14893919
384	0.18832855
385	0.28039393
386	0.26954498
387	0.22631253
388	0.27917318
389	0.14878814
390	0.23803151
391	0.20018655
392	0.28464190
393	0.26959841
394	0.23434783
395	0.22190613
396	0.23389611
397	0.25124577
398	0.14845498
399	0.21780159
400	0.25550646
401	0.22279686
402	0.18916845
403	0.21115260
404	0.26362380
405	0.21052639
406	0.22959719
407	0.15983774
408	0.24788441
409	0.22692366
410	0.21497746
411	0.17667402
412	0.24207251
413	0.19959613
414	0.19473022
415	0.16036116
416	0.20867255
417	0.20432965
418	0.27465368
419	0.23931376
420	0.17087039
421	0.17882613
422	0.22799539
423	0.28139454
424	0.19987728
425	0.18921618
426	0.28569639
427	0.20604536
428	0.22433727
429	0.26344182
430	0.22268351
431	0.17692712
432	0.15721402
433	0.27524182
434	0.15302360
435	0.19278113
436	0.26769819
437	0.20196927
438	0.18257632
439	0.20638802
440	0.17316018
441	0.27049224
442	0.19064528
443	0.21711445
444	0.21703134
445	0.23113144
446	0.24664043
447	0.23907230
448	0.20051689
449	0.26476332
450	0.19610471
451	0.23677571
452	0.17803762
453	0.17339918
454	0.21286358
455	0.18807279
456	0.24034640
457	0.23677705
458	0.18707817
459	0.20154624
460	0.19483697
461	0.19434677
462	0.24852207
463	0.18271995
464	0.16217171
465	0.29592570
466	0.23239523
467	0.27483130
468	0.28185996
469	0.19301166
470	0.21799596
471	0.20020534
472	0.20569770
473	0.22128596
474	0.21168979
475	0.20734041
476	0.19137110
477	0.25157656
478	0.20071950
479	0.20052305
480	0.22413996
481	0.26247805
482	0.28061011
483	0.23389517
484	0.20375252
485	0.23885368
486	0.23742792
487	0.23875011
488	0.26942531
489	0.27440787
490	0.23895704
491	0.21648160
492	0.21338268
493	0.13882543
494	0.29015806
495	0.21258419
496	0.17943627
497	0.16528718
498	0.19101215
499	0.28007618
500	0.24411441
501	0.29106558
502	0.22690259
503	0.28699531
504	0.19595830
505	0.27245368
506	0.18870679
507	0.24371665
508	0.15521003
509	0.17738851
510	0.27595610
511	0.19845409
512	0.22066843
513	0.22477502
514	0.23620204
515	0.22838533
516	0.20908502
517	0.11398610
518	0.24943766
519	0.18674934
520	0.17601276
521	0.16243318
522	0.21078419
523	0.18038859
524	0.14710251
525	0.24615806
526	0.17735513
527	0.25320750
528	0.20729892
529	0.22641431
530	0.17916951
531	0.19381956
532	0.18797685
533	0.19809664
534	0.20491636
535	0.18004532
536	0.17456719
537	0.17919067
538	0.16903191
539	0.22011865
540	0.21100664
541	0.18223913
542	0.20283265
543	0.25339808
544	0.18546644
545	0.19514396
546	0.18730609
547	0.18770075
548	0.23262747
549	0.13005837
550	0.22757139
551	0.25859515
552	0.18154502
553	0.15702604
554	0.29275313
555	0.21921516
556	0.21777921
557	0.14862625
558	0.23965890
559	0.20091355
560	0.20924194
561	0.23006542
562	0.24331995
563	0.15099898
564	0.19532293
565	0.17956613
566	0.25179971
567	0.18325596
568	0.21272321
569	0.16900831
570	0.18383122
571	0.17898141
572	0.15256132
573	0.18977982
574	0.15498626
575	0.23642564
576	0.25303261
577	0.18113939
578	0.17159760
579	0.19773764
580	0.18122091
581	0.14259132
582	0.19256800
583	0.19743138
584	0.15056051
585	0.18639747
586	0.16013462
587	0.22535777
588	0.18795900
589	0.17782935
590	0.14272146
591	0.21724797
592	0.17151950
593	0.20981312
594	0.18363065
595	0.22843517
596	0.16676079
597	0.18223892
598	0.21996071
599	0.27463155
600	0.22044557
601	0.24179507
602	0.20199707
603	0.13656589
604	0.17223257
605	0.25192032
606	0.20202983
607	0.19357783
608	0.13874400
609	0.13850320
610	0.13779837
611	0.24660770
612	0.20868714
613	0.23519592
614	0.25074204
615	0.23601211
616	0.15136752
617	0.19143778
618	0.20209509
619	0.23363232
620	0.19105938
621	0.19613951
622	0.18219201
623	0.22402026
624	0.19803310
625	0.17048824
626	0.16651323
627	0.18909623
628	0.23126619
629	0.23816438
630	0.17000603
631	0.14893165
632	0.22805148
633	0.21598586
634	0.22164891
635	0.24014473
636	0.21512333
637	0.20884765
638	0.21787528
639	0.25419780
640	0.21737587
641	0.23465030
642	0.17749982
643	0.18846338
644	0.17778231
645	0.17982164
646	0.22195419
647	0.22185812
648	0.26670564
649	0.17814457
650	0.22070931
651	0.25787985
652	0.19207850
653	0.14539111
654	0.21443880
655	0.21318370
656	0.19967002
657	0.21121875
658	0.15101153
659	0.16396605
660	0.18099613
661	0.22178973
662	0.23928262
663	0.19738056
664	0.14627312
665	0.16776303
666	0.22302967
667	0.15357872
668	0.18326538
669	0.16443648
670	0.15991661
671	0.15797877
672	0.26012215
673	0.22118309
674	0.14956136
675	0.19484475
676	0.21993409
677	0.19641802
678	0.19540355
679	0.19263668
680	0.13400196
681	0.15620766
682	0.20210597
683	0.24413022
684	0.15606978
685	0.24500273
686	0.20450524
687	0.18237526
688	0.25417082
689	0.24113735
690	0.21668661
691	0.19540778
692	0.16747190
693	0.19530895
694	0.15497224
695	0.16059262
696	0.20402609
697	0.18166122
698	0.18650112
699	0.18146460
700	0.15962026
701	0.17304341
702	0.21130638
703	0.21028983
704	0.23777021
705	0.18222755
706	0.13336364
707	0.24452863
708	0.17152060
709	0.15828857
710	0.13713014
711	0.23342902
712	0.17138948
713	0.14533369
714	0.28317954
715	0.18690793
716	0.14136637
717	0.14451861
718	0.12507565
719	0.22937127
720	0.19347826
721	0.14137436
722	0.16455908
723	0.12273161
724	0.21410018
725	0.16294318
726	0.15390047
727	0.24213149
728	0.25264536
729	0.17293744
730	0.18294795
731	0.26004614
732	0.19400249
733	0.23049713
734	0.20945466
735	0.16093915
736	0.18439197
737	0.17296336
738	0.19943623
739	0.23473389
740	0.14030556
741	0.19155753
742	0.16857012
743	0.20733756
744	0.13809753
745	0.18089929
746	0.23308580
747	0.22393255
748	0.23740693
749	0.23782539
750	0.16692219
751	0.18840069
752	0.23706040
753	0.23669541
754	0.25954347
755	0.21365983
756	0.14148869
757	0.23845458
758	0.15986436
759	0.17537428
760	0.15441965
761	0.21109346
762	0.18944761
763	0.18373947
764	0.28016564
765	0.20599169
766	0.22762780
767	0.18715345
768	0.17871160
769	0.18084545
770	0.20393621
771	0.23383949
772	0.17106212
773	0.17099058
774	0.16189016
775	0.15586603
776	0.15322731
777	0.16065384
778	0.22253279
779	0.10206982
780	0.18585592
781	0.18527487
782	0.20376866
783	0.18778496
784	0.22017053
785	0.14704235
786	0.11973185
787	0.18088070
788	0.22953666
789	0.15880379
790	0.19209603
791	0.26187691
792	0.17262637
793	0.19111147
794	0.20787271
795	0.15354807
796	0.16890450
797	0.15125804
798	0.16220069
799	0.16007426
800	0.18210585
801	0.18087838
802	0.15456491
803	0.18046774
804	0.24668351
805	0.19637579
806	0.19848698
807	0.20616862
808	0.13269647
809	0.21341802
810	0.17887736
811	0.19838472
812	0.24391963
813	0.18468302
814	0.22035977
815	0.18329945
816	0.16199486
817	0.14548050
818	0.22491616
819	0.19866652
820	0.19906566
821	0.27848942
822	0.19560094
823	0.16626448
824	0.15393703
825	0.16907019
826	0.17998647
827	0.14888160
828	0.19471698
829	0.16178989
830	0.19812382
831	0.17978940
832	0.14879727
833	0.15060974
834	0.22590776
835	0.17037542
836	0.19357974
837	0.16774000
838	0.19846697
839	0.19965784
840	0.17091441
841	0.21492680
842	0.23522503
843	0.10570010
844	0.26482751
845	0.18919645
846	0.12893369
847	0.12606118
848	0.17074188
849	0.14503216
850	0.20900966
851	0.19385453
852	0.20379413
853	0.19024997
854	0.16286309
855	0.15265315
856	0.20105861
857	0.14457559
858	0.16845543
859	0.18291824
860	0.17051392
861	0.16487279
862	0.27691958
863	0.19830789
864	0.18710320
865	0.17184369
866	0.17656682
867	0.15943448
868	0.23844031
869	0.14734746
870	0.21836898
871	0.15491979
872	0.22047475
873	0.22373471
874	0.15750014
875	0.14811302
876	0.15305327
877	0.19800921
878	0.18046961
879	0.19528694
880	0.18107434
881	0.15654534
882	0.17857453
883	0.24766807
884	0.13854163
885	0.17894701
886	0.20873267
887	0.20380615
888	0.21529138
889	0.19282719
890	0.20488539
891	0.21272619
892	0.17957184
893	0.19559633
894	0.17123163
895	0.19375133
896	0.20127736
897	0.18345352
898	0.20657673
899	0.20221158
900	0.11610666
901	0.19321247
902	0.16865405
903	0.19288282
904	0.15856279
905	0.21086432
906	0.15839087
907	0.20101488
908	0.15894787
909	0.11894473
910	0.15806505
911	0.20453418
912	0.13719853
913	0.20335484
914	0.18595207
915	0.12946611
916	0.14688327
917	0.15516067
918	0.13541365
919	0.22159507
920	0.17787275
921	0.18009358
922	0.11965576
923	0.16989912
924	0.12784809
925	0.15386391
926	0.15366106
927	0.12052676
928	0.17959678
929	0.14730931
930	0.20393670
931	0.16751685
932	0.22186342
933	0.22343257
934	0.13723493
935	0.18875032
936	0.19502209
937	0.12166660
938	0.22938256
939	0.14930817
940	0.17673907
941	0.13212753
942	0.18210361
943	0.17803004
944	0.13992831
945	0.20449603
946	0.21050662
947	0.11358529
948	0.19611547
949	0.22658810
950	0.11157110
951	0.24343102
952	0.20566146
953	0.10838223
954	0.17917355
955	0.15723273
956	0.16835957
957	0.23670781
958	0.12452439
959	0.13808449
960	0.19438981
961	0.22353658
962	0.16389599
963	0.14318141
964	0.11101651
965	0.12322360
966	0.19484145
967	0.13219181
968	0.23922303
969	0.19612325
970	0.16536307
971	0.13192020
972	0.14249378
973	0.19718125
974	0.15797665
975	0.17300750
976	0.21963917
977	0.13670899
978	0.14476898
979	0.17094832
980	0.14368209
981	0.15567703
982	0.18672468
983	0.21290279
984	0.13684675
985	0.16741773
986	0.13621700
987	0.13878382
988	0.14930157
989	0.20715129
990	0.15032884
991	0.17650630
992	0.20766880
993	0.21307561
994	0.16294718
995	0.11101965
996	0.19134273
997	0.20044125
998	0.14466126
999	0.21294196
1000	0.10447752
1001	0.16255998
1002	0.18111722
1003	0.16967023
1004	0.20598101
1005	0.15257375
1006	0.13775924
1007	0.16966525
1008	0.16252765
1009	0.26807597
1010	0.13327447
1011	0.17680461
1012	0.17078313
1013	0.14777102
1014	0.13990589
1015	0.15461341
1016	0.23836120
1017	0.20665021
1018	0.23200685
1019	0.17277233
1020	0.18868209
1021	0.14587275
1022	0.21482894
1023	0.18866187
1024	0.13693177
1025	0.15007235
1026	0.16288991
1027	0.18329056
1028	0.17512488
1029	0.14038186
1030	0.21677575
1031	0.19299515
1032	0.20262886
1033	0.17947634
1034	0.15057726
1035	0.15236218
1036	0.11197559
1037	0.14147495
1038	0.16723505
1039	0.17766917
1040	0.16113157
1041	0.13337799
1042	0.11965812
1043	0.17799307
1044	0.18394131
1045	0.15586774
1046	0.16846440
1047	0.16675659
1048	0.14569647
1049	0.15858598
1050	0.11070740
1051	0.14229872
1052	0.19684732
1053	0.19436601
1054	0.14443293
1055	0.15862071
1056	0.16386542
1057	0.17618940
1058	0.12971828
1059	0.14880942
1060	0.10543036
1061	0.17296992
1062	0.15088747
1063	0.24066216
1064	0.13525352
1065	0.14600171
1066	0.15405796
1067	0.12529403
1068	0.17905009
1069	0.21739303
1070	0.17208857
1071	0.15503632
1072	0.18787495
1073	0.15822221
1074	0.12169256
1075	0.20781797
1076	0.14171844
1077	0.10177518
1078	0.15820493
1079	0.14322535
1080	0.18904838
1081	0.16077897
1082	0.17642311
1083	0.18291889
1084	0.19850324
1085	0.24607793
1086	0.11945885
1087	0.21237999
1088	0.19067226
1089	0.14721728
1090	0.14469578
1091	0.19817848
1092	0.13989061
1093	0.14578186
1094	0.14854608
1095	0.15695985
1096	0.18958186
1097	0.13939984
1098	0.18174873
1099	0.15554233
1100	0.15919670
1101	0.11943689
1102	0.15746260
1103	0.12900359
1104	0.16948135
1105	0.22027312
1106	0.16772223
1107	0.13503171
1108	0.20602886
1109	0.12865172
1110	0.14223493
1111	0.19953650
1112	0.16781924
1113	0.13915590
1114	0.17998447
1115	0.11411612
1116	0.18445975
1117	0.13996695
1118	0.18490463
1119	0.17592998
1120	0.15476002
1121	0.17672199
1122	0.16251799
1123	0.14172003
1124	0.18044434
1125	0.16229016
1126	0.17410173
1127	0.17806921
1128	0.16674913
1129	0.16375830
1130	0.18852113
1131	0.23916491
1132	0.16856849
1133	0.14134767
1134	0.12282698
1135	0.15316784
1136	0.17883261
1137	0.14877220
1138	0.20856507
1139	0.13461406
1140	0.16893369
1141	0.15747027
1142	0.13654571
1143	0.19390079
1144	0.14989501
1145	0.20589040
1146	0.17425930
1147	0.16527422
1148	0.16612219
1149	0.17574265
1150	0.15630675
1151	0.23050336
1152	0.19066057
1153	0.13228710
1154	0.15165413
1155	0.16292403
1156	0.13080318
1157	0.15098651
1158	0.11850532
1159	0.19297286
1160	0.18073719
1161	0.16139784
1162	0.15466403
1163	0.15942331
1164	0.17241105
1165	0.15957449
1166	0.14268486
1167	0.18924141
1168	0.14474856
1169	0.11778924
1170	0.14991249
1171	0.21334922
1172	0.18159845
1173	0.15038785
1174	0.16963933
1175	0.15167569
1176	0.16711812
1177	0.17009313
1178	0.18982258
1179	0.19963281
1180	0.14688885
1181	0.17065649
1182	0.16717135
1183	0.17486138
1184	0.12984862
1185	0.22360864
1186	0.17665050
1187	0.15757444
1188	0.19343949
1189	0.17926982
1190	0.14327418
1191	0.16007801
1192	0.12491930
1193	0.10710789
1194	0.22416813
1195	0.19092297
1196	0.09453030
1197	0.16137722
1198	0.15136116
1199	0.16914351
1200	0.13110899
1201	0.20344593
1202	0.11758427
1203	0.14557929
1204	0.17513030
1205	0.15889501
1206	0.17936006
1207	0.14734490
1208	0.13734168
1209	0.17554612
1210	0.15364679
1211	0.13337738
1212	0.17067463
1213	0.18041406
1214	0.17977334
1215	0.16059870
1216	0.12547569
1217	0.12518076
1218	0.12081965
1219	0.16407483
1220	0.14063901
1221	0.21402376
1222	0.19897155
1223	0.19699686
1224	0.14347993
1225	0.14468168
1226	0.18303179
1227	0.13715174
1228	0.22973597
1229	0.16038736
1230	0.19301643
1231	0.13446786
1232	0.14359662
1233	0.16785763
1234	0.16114759
1235	0.13287308
1236	0.16207508
1237	0.18829460
1238	0.14838863
1239	0.15151372
1240	0.11280106
1241	0.14502939
1242	0.20039087
1243	0.16328082
1244	0.19066713
1245	0.15000371
1246	0.13955896
1247	0.14803106
1248	0.11540615
1249	0.13306872
1250	0.15144781
1251	0.12071608
1252	0.16381292
1253	0.14911706
1254	0.17611865
1255	0.15036136
1256	0.11330238
1257	0.15674159
1258	0.16692737
1259	0.14064895
1260	0.15709191
1261	0.16399152
1262	0.14401524
1263	0.17601557
1264	0.14577021
1265	0.22801496
1266	0.14415904
1267	0.16301255
1268	0.14016405
1269	0.15343721
1270	0.11314966
1271	0.13386615
1272	0.19509668
1273	0.13810124
1274	0.19081761
1275	0.14452969
1276	0.13348661
1277	0.17401740
1278	0.20502062
1279	0.24757021
1280	0.13919678
1281	0.18687638
1282	0.16595174
1283	0.14645319
1284	0.12011155
1285	0.16614860
1286	0.19280909
1287	0.19647055
1288	0.18607585
1289	0.20504602
1290	0.18727907
1291	0.14788315
1292	0.13725861
1293	0.18880151
1294	0.18860041
1295	0.13964259
1296	0.15386281
1297	0.13782401
1298	0.19051257
1299	0.20906301
1300	0.15325682
1301	0.12175867
1302	0.14312207
1303	0.13512199
1304	0.20393772
1305	0.21453515
1306	0.16391877
1307	0.11824536
1308	0.19979678
1309	0.19906888
1310	0.17039246
1311	0.15629419
1312	0.17284088
1313	0.15953332
1314	0.13849109
1315	0.12330650
1316	0.12548820
1317	0.12517249
1318	0.13115394
1319	0.20742009
1320	0.24751221
1321	0.10133202
1322	0.12403530
1323	0.15362503
1324	0.12533157
1325	0.17037465
1326	0.16915386
1327	0.18484047
1328	0.18665959
1329	0.13948694
1330	0.15654730
1331	0.19202107
1332	0.14920420
1333	0.16702413
1334	0.19396935
1335	0.21774873
1336	0.15816368
1337	0.14116079
1338	0.15861007
1339	0.18709705
1340	0.16044447
1341	0.22763208
1342	0.16872692
1343	0.13560856
1344	0.19337616
1345	0.13060942
1346	0.14250267
1347	0.16828123
1348	0.18160497
1349	0.09541537
1350	0.13896491
1351	0.22369264
1352	0.16175142
1353	0.17150540
1354	0.14442474
1355	0.10704231
1356	0.17809994
1357	0.16979861
1358	0.19510638
1359	0.19911950
1360	0.21596580
1361	0.20621524
1362	0.17033992
1363	0.16649085
1364	0.12160558
1365	0.16140249
1366	0.12411037
1367	0.14037273
1368	0.17172501
1369	0.15205258
1370	0.22389978
1371	0.20072513
1372	0.17037754
1373	0.09247169
1374	0.18158280
1375	0.15895945
1376	0.12580004
1377	0.17454331
1378	0.15250520
1379	0.17179425
1380	0.15927283
1381	0.19714909
1382	0.17544610
1383	0.20156764
1384	0.10624545
1385	0.16486399
1386	0.13866481
1387	0.13985209
1388	0.16385262
1389	0.20516580
1390	0.20474538
1391	0.10861712
1392	0.11720501
1393	0.20710605
1394	0.13206472
1395	0.17341528
1396	0.17332896
1397	0.12840697
1398	0.15462397
1399	0.13262898
1400	0.14728453
1401	0.15191143
1402	0.14022311
1403	0.18438288
1404	0.13710617
1405	0.18135757
1406	0.17221129
1407	0.12847899
1408	0.17323403
1409	0.16688796
1410	0.11312631
1411	0.18076446
1412	0.12479715
1413	0.15811734
1414	0.13177677
1415	0.12088486
1416	0.17105763
1417	0.11810157
1418	0.18639821
1419	0.16865356
1420	0.19833210
1421	0.10098590
1422	0.16667646
1423	0.18470226
1424	0.16061414
1425	0.17386236
1426	0.13334722
1427	0.14452211
1428	0.12157620
1429	0.14746945
1430	0.19506534
1431	0.13418798
1432	0.13672896
1433	0.15967683
1434	0.14733499
1435	0.11492476
1436	0.12930854
1437	0.12616051
1438	0.14421720
1439	0.18196784
1440	0.17734783
1441	0.19603073
1442	0.15614428
1443	0.17114070
1444	0.17793002
1445	0.17461088
1446	0.17552835
1447	0.10966370
1448	0.15546436
1449	0.14532464
1450	0.19583000
1451	0.16713711
1452	0.14193662
1453	0.13227438
1454	0.15687479
1455	0.17533556
1456	0.17902380
1457	0.17866896
1458	0.11706664
1459	0.14193238
1460	0.15757249
1461	0.22619702
1462	0.18503020
1463	0.14338080
1464	0.15006081
1465	0.13616682
1466	0.13689301
1467	0.17715777
1468	0.13414347
1469	0.16806036
1470	0.25086008
1471	0.15819372
1472	0.15013039
1473	0.16806134
1474	0.11375561
1475	0.21491812
1476	0.15131213
1477	0.16454441
1478	0.15507108
1479	0.19426110
1480	0.14195826
1481	0.16169574
1482	0.13830744
1483	0.15997469
1484	0.18365421
1485	0.13422588
1486	0.09165490
1487	0.13185339
1488	0.12899197
1489	0.12329729
1490	0.12578239
1491	0.15295109
1492	0.14446142
1493	0.16834530
1494	0.11676332
1495	0.21321960
1496	0.15869134
1497	0.19163456
1498	0.18339792
1499	0.16226297
1500	0.13766411
1501	0.13857705
1502	0.15633397
1503	0.11875076
1504	0.09973682
1505	0.12922829
1506	0.18020004
1507	0.13794506
1508	0.13279380
1509	0.16161838
1510	0.15514673
1511	0.12860375
1512	0.13868225
1513	0.16098227
1514	0.15654942
1515	0.12595362
1516	0.13367353
1517	0.16884659
1518	0.15337579
1519	0.19249460
1520	0.15856805
1521	0.16433034
1522	0.16392280
1523	0.11097082
1524	0.13166183
1525	0.14058557
1526	0.15972056
1527	0.12999539
1528	0.19560664
1529	0.16163053
1530	0.10754253
1531	0.20135500
1532	0.11905286
1533	0.11256715
1534	0.15125339
1535	0.13741614
1536	0.13797762
1537	0.10446403
1538	0.16526819
1539	0.16014526
1540	0.15835199
1541	0.12946574
1542	0.18953613
1543	0.19968343
1544	0.15436527
1545	0.15120359
1546	0.15636674
1547	0.13528465
1548	0.09701687
1549	0.18465894
1550	0.13417453
1551	0.16956699
1552	0.12518834
1553	0.10374143
1554	0.15724801
1555	0.14627524
1556	0.17292109
1557	0.17776368
1558	0.17726207
1559	0.15060644
1560	0.15837567
1561	0.16372215
1562	0.11998606
1563	0.16507919
1564	0.09875940
1565	0.14569749
1566	0.13765735
1567	0.11897799
1568	0.14482164
1569	0.16722364
1570	0.14618117
1571	0.11501822
1572	0.13398765
1573	0.16487899
1574	0.08024887
1575	0.18365584
1576	0.13160126
1577	0.15645702
1578	0.13613185
1579	0.14958761
1580	0.15732382
1581	0.11706012
1582	0.12521814
1583	0.14376776
1584	0.16650577
1585	0.15605458
1586	0.12006831
1587	0.11196258
1588	0.15628445
1589	0.14876972
1590	0.14802282
1591	0.12875619
1592	0.17917371
1593	0.15558696
1594	0.11419230
1595	0.12013988
1596	0.12604903
1597	0.15988009
1598	0.17280909
1599	0.18635590
1600	0.12804165
1601	0.10601826
1602	0.19208926
1603	0.14904324
1604	0.18387096
1605	0.18296805
1606	0.13470128
1607	0.16581255
1608	0.17691098
1609	0.17895382
1610	0.10180770
1611	0.13300465
1612	0.10883477
1613	0.13607540
1614	0.11963962
1615	0.16897685
1616	0.11902820
1617	0.18901504
1618	0.12685885
1619	0.11473748
1620	0.16300065
1621	0.16699095
1622	0.16212215
1623	0.10859751
1624	0.10654710
1625	0.11384614
1626	0.14972639
1627	0.14762511
1628	0.14814987
1629	0.12201109
1630	0.10374942
1631	0.12139462
1632	0.11596711
1633	0.17311759
1634	0.16720868
1635	0.12912407
1636	0.19415875
1637	0.12586819
1638	0.19402674
1639	0.11276462
1640	0.16125380
1641	0.17971771
1642	0.13783310
1643	0.14017347
1644	0.19300831
1645	0.13873601
1646	0.13538993
1647	0.11365877
1648	0.17184068
1649	0.16554600
1650	0.12549032
1651	0.16373544
1652	0.17059568
1653	0.13996250
1654	0.17512904
1655	0.13417771
1656	0.11404545
1657	0.15317196
1658	0.11922572
1659	0.12440664
1660	0.15696902
1661	0.12839254
1662	0.10100167
1663	0.12535028
1664	0.11002433
1665	0.13825307
1666	0.12061365
1667	0.11757526
1668	0.15956984
1669	0.18116703
1670	0.13192631
1671	0.11869215
1672	0.13879792
1673	0.20189570
1674	0.11417848
1675	0.15954522
1676	0.14703860
1677	0.14746525
1678	0.19867426
1679	0.15733120
1680	0.19718961
1681	0.14491502
1682	0.16005975
1683	0.14371025
1684	0.09474799
1685	0.14294013
1686	0.14101667
1687	0.14759425
1688	0.12541394
1689	0.12064842
1690	0.13921304
1691	0.13871111
1692	0.17434037
1693	0.19950438
1694	0.16832810
1695	0.14337799
1696	0.12205682
1697	0.17153544
1698	0.14549961
1699	0.15254991
1700	0.12083489
1701	0.15575623
1702	0.09292986
1703	0.17136307
1704	0.15079967
1705	0.15194938
1706	0.12394816
1707	0.10318900
1708	0.15066354
1709	0.21607182
1710	0.09936894
1711	0.18136507
1712	0.13111139
1713	0.15163077
1714	0.16547781
1715	0.12710067
1716	0.11527948
1717	0.10847145
1718	0.15217897
1719	0.18969978
1720	0.17202258
1721	0.12573487
1722	0.15604528
1723	0.11413654
1724	0.15113348
1725	0.14495500
1726	0.11980465
1727	0.12920681
1728	0.10448979
1729	0.14417987
1730	0.15917277
1731	0.14324822
1732	0.16520946
1733	0.13979702
1734	0.20069782
1735	0.13091302
1736	0.16693344
1737	0.14882291
1738	0.16972060
1739	0.15940872
1740	0.13265307
1741	0.11231290
1742	0.12281773
1743	0.09634494
1744	0.12688262
1745	0.16661406
1746	0.10994856
1747	0.14374530
1748	0.17777379
1749	0.11607740
1750	0.12083970
1751	0.12155606
1752	0.12876503
1753	0.14231942
1754	0.11036173
1755	0.13928249
1756	0.15437555
1757	0.11699169
1758	0.14053601
1759	0.21876360
1760	0.15795068
1761	0.10929933
1762	0.15738341
1763	0.12327557
1764	0.17225490
1765	0.11816042
1766	0.16106595
1767	0.13568616
1768	0.19056829
1769	0.11881492
1770	0.11691045
1771	0.13668029
1772	0.13483868
1773	0.13536829
1774	0.10599584
1775	0.16027063
1776	0.11726383
1777	0.18189847
1778	0.15594339
1779	0.13310846
1780	0.14803746
1781	0.15543200
1782	0.17040518
1783	0.10028946
1784	0.14057571
1785	0.18348677
1786	0.13438879
1787	0.13820143
1788	0.18072855
1789	0.16500640
1790	0.14700004
1791	0.15679148
1792	0.13427671
1793	0.16975688
1794	0.12335716
1795	0.14247320
1796	0.13514298
1797	0.14245294
1798	0.11655178
1799	0.19199425
1800	0.19371816
1801	0.15711767
1802	0.09915268
1803	0.15407055
1804	0.14711319
1805	0.17082091
1806	0.15111429
1807	0.11180954
1808	0.13542641
1809	0.11223175
1810	0.13360000
1811	0.20243269
1812	0.14044418
1813	0.12000310
1814	0.16705906
1815	0.11277485
1816	0.14449916
1817	0.25620126
1818	0.17179707
1819	0.08524532
1820	0.09871347
1821	0.12025563
1822	0.11698684
1823	0.13428608
1824	0.13847626
1825	0.16475855
1826	0.12384944
1827	0.10580901
1828	0.13454310
1829	0.16934669
1830	0.12262490
1831	0.12273931
1832	0.19401977
1833	0.13037832
1834	0.12578712
1835	0.09895839
1836	0.17857766
1837	0.13820840
1838	0.16510593
1839	0.12830422
1840	0.12205722
1841	0.14507100
1842	0.11815040
1843	0.19624952
1844	0.14835358
1845	0.11418997
1846	0.11944280
1847	0.12847695
1848	0.16834791
1849	0.14240261
1850	0.15176124
1851	0.10940395
1852	0.18360245
1853	0.13768808
1854	0.10886798
1855	0.16072448
1856	0.12031946
1857	0.12131050
1858	0.14175508
1859	0.13187593
1860	0.12748718
1861	0.17429073
1862	0.17461105
1863	0.14236063
1864	0.15953642
1865	0.09970401
1866	0.11809945
1867	0.18044349
1868	0.08070222
1869	0.15002340
1870	0.16654318
1871	0.12940298
1872	0.17549990
1873	0.19186538
1874	0.09938916
1875	0.16094742
1876	0.14392647
1877	0.18020758
1878	0.08530381
1879	0.17183363
1880	0.17637921
1881	0.14366652
1882	0.10641524
1883	0.12915598
1884	0.15855598
1885	0.14344100
1886	0.13143868
1887	0.07905347
1888	0.15771787
1889	0.16323668
1890	0.15654763
1891	0.16782266
1892	0.08966265
1893	0.14074265
1894	0.11560697
1895	0.11997901
1896	0.10280827
1897	0.18361333
1898	0.13540269
1899	0.11058431
1900	0.13345294
1901	0.14653764
1902	0.11153841
1903	0.13868620
1904	0.09673067
1905	0.15502099
1906	0.13474445
1907	0.14435965
1908	0.15125955
1909	0.17754742
1910	0.16969150
1911	0.13468926
1912	0.13965392
1913	0.15466880
1914	0.17753079
1915	0.13936739
1916	0.15491734
1917	0.13070414
1918	0.14940261
1919	0.12881088
1920	0.13515142
1921	0.18670430
1922	0.11018557
1923	0.08104361
1924	0.15597204
1925	0.15558345
1926	0.15839258
1927	0.11198231
1928	0.11911824
1929	0.14876531
1930	0.14537489
1931	0.12667275
1932	0.12951930
1933	0.19730043
1934	0.15508812
1935	0.17172611
1936	0.10783350
1937	0.15068543
1938	0.15245828
1939	0.14347010
1940	0.16014714
1941	0.13750613
1942	0.10453169
1943	0.10271905
1944	0.15738830
1945	0.11831188
1946	0.19146701
1947	0.16548221
1948	0.15366036
1949	0.14973976
1950	0.13093560
1951	0.11915985
1952	0.18684744
1953	0.13535484
1954	0.19331954
1955	0.11815566
1956	0.13076059
1957	0.13040721
1958	0.13728404
1959	0.13604581
1960	0.12349268
1961	0.13525303
1962	0.15841484
1963	0.12481981
1964	0.16948950
1965	0.17823077
1966	0.11457893
1967	0.14341891
1968	0.08659279
1969	0.12528143
1970	0.13001031
1971	0.15892855
1972	0.14182609
1973	0.13134200
1974	0.14067548
1975	0.11255256
1976	0.11160012
1977	0.14495871
1978	0.13481410
1979	0.16431261
1980	0.12428653
1981	0.11989554
1982	0.12960615
1983	0.15641276
1984	0.10079527
1985	0.17598749
1986	0.15724911
1987	0.15209949
1988	0.11518451
1989	0.12931718
1990	0.15955916
1991	0.12552154
1992	0.11392847
1993	0.15520049
1994	0.14790654
1995	0.13580587
1996	0.16309187
1997	0.16213564
1998	0.12374575
1999	0.14132570
2000	0.11243534
2001	0.13614090
2002	0.11600864
2003	0.16054343
2004	0.12453621
2005	0.15461614
2006	0.15061182
2007	0.08952411
2008	0.12503644
2009	0.15697901
2010	0.15296519
2011	0.17710732
2012	0.17143330
2013	0.18062873
2014	0.16973071
2015	0.15616915
2016	0.10611502
2017	0.16660795
2018	0.09920986
2019	0.15043676
2020	0.16437811
2021	0.14263799
2022	0.15321215
2023	0.11366656
2024	0.13308877
2025	0.11625710
2026	0.15080351
2027	0.14340151
2028	0.11108156
2029	0.12065775
2030	0.12467581
2031	0.12983799
2032	0.12808722
2033	0.16731551
2034	0.11438080
2035	0.15866032
2036	0.17087084
2037	0.16575936
2038	0.20760864
2039	0.17014518
2040	0.12737290
2041	0.14290573
2042	0.13795305
2043	0.12637090
2044	0.14825604
2045	0.14984756
2046	0.17572227
2047	0.06765930
2048	0.15782450
2049	0.11008050
2050	0.11585258
2051	0.12424842
2052	0.16903530
2053	0.10739984
2054	0.15063811
2055	0.13536515
2056	0.12331396
2057	0.12629676
2058	0.16882617
2059	0.14740905
2060	0.17316132
2061	0.12740391
2062	0.15931188
2063	0.14349350
2064	0.18848066
2065	0.18787194
2066	0.11403795
2067	0.13682804
2068	0.09481614
2069	0.16333030
2070	0.15736609
2071	0.13444809
2072	0.13040522
2073	0.12303994
2074	0.13611930
2075	0.15407508
2076	0.10371363
2077	0.09249961
2078	0.16419739
2079	0.11982935
2080	0.14521765
2081	0.14252427
2082	0.12036038
2083	0.18473829
2084	0.13510728
2085	0.07836593
2086	0.16833727
2087	0.14988527
2088	0.14963831
2089	0.13235085
2090	0.17015521
2091	0.11759735
2092	0.15488963
2093	0.11541475
2094	0.11903367
2095	0.11789468
2096	0.12445722
2097	0.11135688
2098	0.12378280
2099	0.10541488
2100	0.09381129
2101	0.15316112
2102	0.11855867
2103	0.13778382
2104	0.15762780
2105	0.10159242
2106	0.14231225
2107	0.17214763
2108	0.10361215
2109	0.08109541
2110	0.09936479
2111	0.17952460
2112	0.12316389
2113	0.12845629
2114	0.11721031
2115	0.14124430
2116	0.09391229
2117	0.12347736
2118	0.13359649
2119	0.15205323
2120	0.12833112
2121	0.15625221
2122	0.14926415
2123	0.09868653
2124	0.15727222
2125	0.10373744
2126	0.12959250
2127	0.14186949
2128	0.16199715
2129	0.10518679
2130	0.14377481
2131	0.14395896
2132	0.16253911
2133	0.13869374
2134	0.15010295
2135	0.15369236
2136	0.13058467
2137	0.10999201
2138	0.15031979
2139	0.14581145
2140	0.12995252
2141	0.10179099
2142	0.07205767
2143	0.11269452
2144	0.09122164
2145	0.11074445
2146	0.13779336
2147	0.12728368
2148	0.12284540
2149	0.13513067
2150	0.17727907
2151	0.18187789
2152	0.12664891
2153	0.08019067
2154	0.15869757
2155	0.09568783
2156	0.07546648
2157	0.13921341
2158	0.15805156
2159	0.10220143
2160	0.13529623
2161	0.11391319
2162	0.10587724
2163	0.15092537
2164	0.17791710
2165	0.12791127
2166	0.12792276
2167	0.13189607
2168	0.14719772
2169	0.12340139
2170	0.13630271
2171	0.11653466
2172	0.08813719
2173	0.13939731
2174	0.16188510
2175	0.11547430
2176	0.13750430
2177	0.13062943
2178	0.08865066
2179	0.16984304
2180	0.09194294
2181	0.11124646
2182	0.15564659
2183	0.12361997
2184	0.12485343
2185	0.11772867
2186	0.11422853
2187	0.15542478
2188	0.15076226
2189	0.17572480
2190	0.10799572
2191	0.12381793
2192	0.13686281
2193	0.16453976
2194	0.14189611
2195	0.11489562
2196	0.13402882
2197	0.14977440
2198	0.15639482
2199	0.14589480
2200	0.19204068
2201	0.09950153
2202	0.14994184
2203	0.14855407
2204	0.13424850
2205	0.11055048
2206	0.12310063
2207	0.15432484
2208	0.14080538
2209	0.16092109
2210	0.13423232
2211	0.11263733
2212	0.11876699
2213	0.10685237
2214	0.16755619
2215	0.09992733
2216	0.13546305
2217	0.14801390
2218	0.13747581
2219	0.13042205
2220	0.09651029
2221	0.11429334
2222	0.13145360
2223	0.14167544
2224	0.16086379
2225	0.09205458
2226	0.12310051
2227	0.14500897
2228	0.13002421
2229	0.15859662
2230	0.08479368
2231	0.11418594
2232	0.11135696
2233	0.16408881
2234	0.12994257
2235	0.18337135
2236	0.08365258
2237	0.14302242
2238	0.11113401
2239	0.09646240
2240	0.17139018
2241	0.10950850
2242	0.13601765
2243	0.11605616
2244	0.11626016
2245	0.08339544
2246	0.12704748
2247	0.12119148
2248	0.15616018
2249	0.12347051
2250	0.12219914
2251	0.16758166
2252	0.17148906
2253	0.13079348
2254	0.11488649
2255	0.06970711
2256	0.12292362
2257	0.11029880
2258	0.11004508
2259	0.11527442
2260	0.12043823
2261	0.13617754
2262	0.10682128
2263	0.16538586
2264	0.13929114
2265	0.14944251
2266	0.14238553
2267	0.14068388
2268	0.10948217
2269	0.15310275
2270	0.09761757
2271	0.13132048
2272	0.10238631
2273	0.14015663
2274	0.12716564
2275	0.14701594
2276	0.11968967
2277	0.15907728
2278	0.15559560
2279	0.17707230
2280	0.11715786
2281	0.11959087
2282	0.12040860
2283	0.13826489
2284	0.13495350
2285	0.16274856
2286	0.10405368
2287	0.10552851
2288	0.15173218
2289	0.09156788
2290	0.14867271
2291	0.17844716
2292	0.11023371
2293	0.11840359
2294	0.08590230
2295	0.13245453
2296	0.14463954
2297	0.14704357
2298	0.13206269
2299	0.15701638
2300	0.12970846
2301	0.15349252
2302	0.13272056
2303	0.15441895
2304	0.12019438
2305	0.13811963
2306	0.17731331
2307	0.14591465
2308	0.10685674
2309	0.11977008
2310	0.12336275
2311	0.07919503
2312	0.13086570
2313	0.08487552
2314	0.10355480
2315	0.11998492
2316	0.10656108
2317	0.11380077
2318	0.11099878
2319	0.11866448
2320	0.18307805
2321	0.12235969
2322	0.16496254
2323	0.11856446
2324	0.11957644
2325	0.14312570
2326	0.16062189
2327	0.15195366
2328	0.18511253
2329	0.14167312
2330	0.17709122
2331	0.12716695
2332	0.11761153
2333	0.10940685
2334	0.18258288
2335	0.15101149
2336	0.11605547
2337	0.11660750
2338	0.15622140
2339	0.12472264
2340	0.15920803
2341	0.15552525
2342	0.11457848
2343	0.12810634
2344	0.12005674
2345	0.12563595
2346	0.15890075
2347	0.18005506
2348	0.13029281
2349	0.10381170
2350	0.07570552
2351	0.12258044
2352	0.14323395
2353	0.13858121
2354	0.13684145
2355	0.11137771
2356	0.12915537
2357	0.13077872
2358	0.09719466
2359	0.14777962
2360	0.19073365
2361	0.11353299
2362	0.09063330
2363	0.08902205
2364	0.10553161
2365	0.14985710
2366	0.12600012
2367	0.17348865
2368	0.12226745
2369	0.08796434
2370	0.16122979
2371	0.17956434
2372	0.11110821
2373	0.13846044
2374	0.14062246
2375	0.13774697
2376	0.10354893
2377	0.11356197
2378	0.08128897
2379	0.12851290
2380	0.10121594
2381	0.13867675
2382	0.15914628
2383	0.10077852
2384	0.15844500
2385	0.11888001
2386	0.08496601
2387	0.13721023
2388	0.15476087
2389	0.13214575
2390	0.11690426
2391	0.10771877
2392	0.15304752
2393	0.17982246
2394	0.11841129
2395	0.18207055
2396	0.14082270
2397	0.11859792
2398	0.13860620
2399	0.14208580
2400	0.15400685
2401	0.14093267
2402	0.13108086
2403	0.15281378
2404	0.12108563
2405	0.17095924
2406	0.13808681
2407	0.09220432
2408	0.10274184
2409	0.07905246
2410	0.10166794
2411	0.13528201
2412	0.07536678
2413	0.12333634
2414	0.12100444
2415	0.13610153
2416	0.15749607
2417	0.12797783
2418	0.14322609
2419	0.07462482
2420	0.12195117
2421	0.08545751
2422	0.13733662
2423	0.16910393
2424	0.15860848
2425	0.09958317
2426	0.15249256
2427	0.10983619
2428	0.17023130
2429	0.11567614
2430	0.16902026
2431	0.10130748
2432	0.08413829
2433	0.12486444
2434	0.14159576
2435	0.10481720
2436	0.11883738
2437	0.13194237
2438	0.15521700
2439	0.10449077
2440	0.08189933
2441	0.10510483
2442	0.08815822
2443	0.16664430
2444	0.14749105
2445	0.07923721
2446	0.13482099
2447	0.11112215
2448	0.12210997
2449	0.15499201
2450	0.17396845
2451	0.12977082
2452	0.10819947
2453	0.10489843
2454	0.11267940
2455	0.11168547
2456	0.13402515
2457	0.16407663
2458	0.14595484
2459	0.09690703
2460	0.14747830
2461	0.14317868
2462	0.15953638
2463	0.13632741
2464	0.10419837
2465	0.08390255
2466	0.13377962
2467	0.11185641
2468	0.16834575
2469	0.14488139
2470	0.13731942
2471	0.11656430
2472	0.11814432
2473	0.09495835
2474	0.13977355
2475	0.12561357
2476	0.14234897
2477	0.12100958
2478	0.16212289
2479	0.14914673
2480	0.10331473
2481	0.11946729
2482	0.10913768
2483	0.11219690
2484	0.11655354
2485	0.14349199
2486	0.10168787
2487	0.14568767
2488	0.10448914
2489	0.10875570
2490	0.11576674
2491	0.11697991
2492	0.14682755
2493	0.13179491
2494	0.15298867
2495	0.09282046
2496	0.13019825
2497	0.14302136
2498	0.14550059
2499	0.12551416
2500	0.15929721
2501	0.12540220
2502	0.14554078
2503	0.13577579
2504	0.14902547
2505	0.09130609
2506	0.15686913
2507	0.16017432
2508	0.10547744
2509	0.12406489
2510	0.14025099
2511	0.13614958
2512	0.13531852
2513	0.10754958
2514	0.10600628
2515	0.13363334
2516	0.15226534
2517	0.09919401
2518	0.15943538
2519	0.12803738
2520	0.08773157
2521	0.12694783
2522	0.11565409
2523	0.15477233
2524	0.12223191
2525	0.09782348
2526	0.13193324
2527	0.15887622
2528	0.13065751
2529	0.16252427
2530	0.11819931
2531	0.12745107
2532	0.08189285
2533	0.14860913
2534	0.13444708
2535	0.12992020
2536	0.15281854
2537	0.06949863
2538	0.11683363
2539	0.07956161
2540	0.12922983
2541	0.13310079
2542	0.08949729
2543	0.12262584
2544	0.10420860
2545	0.16035920
2546	0.12308029
2547	0.14375170
2548	0.14754200
2549	0.14407023
2550	0.11330817
2551	0.15245062
2552	0.14915663
2553	0.09646395
2554	0.10732680
2555	0.14384952
2556	0.12091062
2557	0.11726232
2558	0.15013010
2559	0.13673886
2560	0.11842123
2561	0.12319226
2562	0.11821561
2563	0.11411013
2564	0.12852574
2565	0.14786154
2566	0.12277387
2567	0.09260192
2568	0.08101211
2569	0.09710658
2570	0.13801924
2571	0.14055195
2572	0.14698679
2573	0.15063469
2574	0.12780298
2575	0.10514017
2576	0.10867483
2577	0.11067740
2578	0.11679613
2579	0.15937999
2580	0.16418504
2581	0.13072635
2582	0.13570744
2583	0.13403000
2584	0.11583171
2585	0.12407691
2586	0.14909244
2587	0.12078203
2588	0.13314049
2589	0.08649162
2590	0.15058749
2591	0.13613242
2592	0.10209493
2593	0.11937738
2594	0.12074009
2595	0.10978944
2596	0.09407006
2597	0.11130373
2598	0.10011449
2599	0.15070564
2600	0.12932191
2601	0.11213104
2602	0.14265066
2603	0.10157347
2604	0.13841378
2605	0.16482890
2606	0.15222784
2607	0.12817143
2608	0.15093960
2609	0.12162091
2610	0.14571869
2611	0.09992745
2612	0.11608404
2613	0.07137004
2614	0.12226750
2615	0.09733087
2616	0.15176674
2617	0.11519397
2618	0.08107667
2619	0.16224174
2620	0.09615989
2621	0.10152492
2622	0.12378003
2623	0.12704104
2624	0.13262531
2625	0.12219454
2626	0.13783676
2627	0.11867341
2628	0.16712248
2629	0.08883803
2630	0.12215553
2631	0.14006493
2632	0.12485233
2633	0.14190169
2634	0.15806028
2635	0.10594913
2636	0.12453907
2637	0.14017167
2638	0.10294375
2639	0.10348486
2640	0.11232774
2641	0.17967239
2642	0.11696829
2643	0.09172028
2644	0.12369868
2645	0.08644153
2646	0.07221618
2647	0.11189044
2648	0.11928298
2649	0.09742356
2650	0.11021920
2651	0.12970116
2652	0.10719560
2653	0.13409990
2654	0.15519368
2655	0.14348347
2656	0.10962988
2657	0.15703130
2658	0.12732631
2659	0.13426387
2660	0.09683130
2661	0.16927243
2662	0.13973532
2663	0.16688767
2664	0.09204952
2665	0.13085091
2666	0.08880864
2667	0.11631592
2668	0.10874461
2669	0.12153768
2670	0.11631914
2671	0.10791323
2672	0.17597693
2673	0.07414033
2674	0.10361822
2675	0.14509794
2676	0.15702352
2677	0.16121153
2678	0.09224659
2679	0.08753519
2680	0.12487980
2681	0.10987605
2682	0.14385364
2683	0.15186232
2684	0.11889546
2685	0.12913181
2686	0.17894975
2687	0.16240774
2688	0.14224141
2689	0.11838806
2690	0.13323371
2691	0.13543436
2692	0.16623685
2693	0.13903607
2694	0.09200509
2695	0.09220090
2696	0.11881374
2697	0.11451033
2698	0.09261092
2699	0.11221304
2700	0.18062645
2701	0.11316911
2702	0.11464333
2703	0.10724557
2704	0.09561806
2705	0.10218761
2706	0.11771828
2707	0.12130935
2708	0.13736841
2709	0.14799857
2710	0.10168653
2711	0.11714326
2712	0.16241643
2713	0.16103485
2714	0.10118158
2715	0.12871001
2716	0.10963917
2717	0.16323387
2718	0.13779356
2719	0.08390601
2720	0.14034278
2721	0.14570369
2722	0.12309354
2723	0.12277053
2724	0.13195835
2725	0.11016087
2726	0.08952545
2727	0.14613336
2728	0.09229061
2729	0.11002975
2730	0.11562983
2731	0.11306187
2732	0.09846069
2733	0.14487532
2734	0.11646342
2735	0.11236503
2736	0.08148262
2737	0.11117017
2738	0.10355614
2739	0.10803901
2740	0.07696132
2741	0.08967410
2742	0.13528942
2743	0.08187870
2744	0.07433112
2745	0.18868384
2746	0.10563905
2747	0.15150137
2748	0.15102148
2749	0.10533210
2750	0.14007870
2751	0.08128975
2752	0.11405979
2753	0.09600978
2754	0.14011783
2755	0.13488412
2756	0.09425914
2757	0.15385290
2758	0.10855561
2759	0.11646395
2760	0.12893418
2761	0.10864349
2762	0.12435219
2763	0.09888327
2764	0.11416030
2765	0.11938875
2766	0.10118207
2767	0.08396805
2768	0.10572513
2769	0.12373801
2770	0.12362804
2771	0.10695521
2772	0.15421031
2773	0.08994612
2774	0.15318088
2775	0.14260000
2776	0.10169293
2777	0.09826966
2778	0.13746880
2779	0.09754722
2780	0.11803921
2781	0.10570752
2782	0.09096356
2783	0.11090544
2784	0.14276589
2785	0.09724618
2786	0.16211017
2787	0.15344463
2788	0.17957228
2789	0.13092492
2790	0.11259764
2791	0.14839666
2792	0.16656609
2793	0.09055447
2794	0.13826860
2795	0.10457318
2796	0.16605572
2797	0.13746159
2798	0.15881492
2799	0.15388792
2800	0.10750846
2801	0.13814600
2802	0.16355916
2803	0.12336336
2804	0.14047976
2805	0.12364728
2806	0.11151987
2807	0.13097086
2808	0.11375386
2809	0.09936099
2810	0.11995525
2811	0.11779478
2812	0.11146664
2813	0.10173670
2814	0.13984459
2815	0.13117881
2816	0.11022503
2817	0.16022988
2818	0.15469203
2819	0.14232378
2820	0.09581316
2821	0.11650255
2822	0.11041545
2823	0.16711767
2824	0.14779275
2825	0.10014905
2826	0.13208090
2827	0.10120020
2828	0.10443733
2829	0.10210039
2830	0.08533947
2831	0.11792154
2832	0.13955794
2833	0.09328033
2834	0.11863049
2835	0.09730026
2836	0.13010324
2837	0.10480192
2838	0.16368535
2839	0.15522902
2840	0.13966941
2841	0.11894245
2842	0.11338696
2843	0.12414803
2844	0.14422462
2845	0.12457713
2846	0.12008131
2847	0.09705017
2848	0.10999776
2849	0.10735341
2850	0.16831013
2851	0.13461496
2852	0.13773173
2853	0.11099421
2854	0.12734102
2855	0.10743746
2856	0.10302229
2857	0.13855883
2858	0.15543668
2859	0.12430161
2860	0.10073866
2861	0.09590222
2862	0.09151579
2863	0.08604369
2864	0.09545832
2865	0.10471367
2866	0.15010817
2867	0.15773846
2868	0.08837534
2869	0.11135818
2870	0.11091086
2871	0.10337595
2872	0.14479238
2873	0.12212525
2874	0.06225987
2875	0.10996992
2876	0.08291787
2877	0.14748527
2878	0.08525572
2879	0.14637563
2880	0.11362857
2881	0.17529835
2882	0.12362706
2883	0.13739894
2884	0.14526570
2885	0.14347137
2886	0.13216841
2887	0.12935566
2888	0.07723387
2889	0.14333475
2890	0.12746195
2891	0.09157978
2892	0.13685278
2893	0.08150838
2894	0.12059279
2895	0.13538239
2896	0.15424854
2897	0.12698863
2898	0.12673760
2899	0.14063497
2900	0.09657310
2901	0.15413560
2902	0.13003632
2903	0.11219951
2904	0.16575586
2905	0.10227687
2906	0.13590658
2907	0.12437245
2908	0.10121965
2909	0.11116324
2910	0.10927630
2911	0.11014681
2912	0.13892933
2913	0.08356784
2914	0.10036242
2915	0.11921879
2916	0.10831983
2917	0.14384043
2918	0.08808376
2919	0.12959001
2920	0.12183721
2921	0.10794216
2922	0.12525119
2923	0.10746436
2924	0.13695892
2925	0.12251689
2926	0.13846423
2927	0.09841753
2928	0.10715341
2929	0.13466998
2930	0.11612126
2931	0.12788412
2932	0.17495912
2933	0.11940395
2934	0.09624528
2935	0.12155186
2936	0.11691730
2937	0.11863640
2938	0.08801789
2939	0.14101638
2940	0.12513642
2941	0.09254710
2942	0.16204948
2943	0.12398573
2944	0.10702474
2945	0.13173169
2946	0.09774253
2947	0.13478052
2948	0.07558802
2949	0.12740766
2950	0.12303012
2951	0.10930198
2952	0.11402083
2953	0.09686803
2954	0.09891416
2955	0.10140314
2956	0.11413426
2957	0.11549362
2958	0.09294538
2959	0.09285339
2960	0.15102662
2961	0.10728845
2962	0.14446085
2963	0.15536218
2964	0.16810446
2965	0.16178920
2966	0.13462164
2967	0.11995398
2968	0.10590487
2969	0.16060950
2970	0.15991555
2971	0.08537188
2972	0.08348853
2973	0.10182376
2974	0.11977147
2975	0.14387275
2976	0.14078598
2977	0.12903917
2978	0.10297171
2979	0.09869611
2980	0.12290430
2981	0.16685865
2982	0.10504133
2983	0.14918056
2984	0.13718789
2985	0.12438643
2986	0.10696805
2987	0.12815814
2988	0.14588775
2989	0.14066656
2990	0.10293083
2991	0.12846835
2992	0.15745001
2993	0.12298455
2994	0.13808824
2995	0.11561174
2996	0.09373462
2997	0.14970564
2998	0.11512085
2999	0.11822857
3000	0.08542494
3001	0.08883171
3002	0.13450609
3003	0.14689207
3004	0.08634665
3005	0.10542409
3006	0.09966199
3007	0.14370300
3008	0.10669753
3009	0.14064377
3010	0.07308531
3011	0.11593678
3012	0.14722865
3013	0.09300456
3014	0.08721610
3015	0.08423473
3016	0.14526285
3017	0.13616099
3018	0.09125066
3019	0.12787944
3020	0.08457017
3021	0.13551278
3022	0.13915749
3023	0.09008567
3024	0.10489757
3025	0.11577025
3026	0.13808494
3027	0.11183909
3028	0.07830829
3029	0.08670222
3030	0.08457057
3031	0.10985095
3032	0.09753805
3033	0.11734991
3034	0.12604569
3035	0.12766285
3036	0.12838198
3037	0.11892452
3038	0.10154538
3039	0.10194526
3040	0.16653487
3041	0.16021590
3042	0.12804732
3043	0.12092912
3044	0.14707214
3045	0.14347773
3046	0.18461744
3047	0.17077477
3048	0.14989639
3049	0.13773540
3050	0.10444161
3051	0.11614290
3052	0.12624263
3053	0.13816218
3054	0.12448751
3055	0.13663966
3056	0.14730348
3057	0.11289982
3058	0.09019694
3059	0.09903570
3060	0.12806827
3061	0.12074143
3062	0.14156882
3063	0.15726705
3064	0.09050096
3065	0.09386395
3066	0.12632280
3067	0.11264373
3068	0.08727605
3069	0.11242494
3070	0.10432509
3071	0.10056385
3072	0.09847198
3073	0.13189594
3074	0.11034282
3075	0.12955989
3076	0.08122829
3077	0.07332871
3078	0.11858545
3079	0.15023848
3080	0.15145800
3081	0.11713772
3082	0.14189688
3083	0.11275423
3084	0.09781944
3085	0.10380359
3086	0.07401096
3087	0.14050071
3088	0.09349721
3089	0.09076743
3090	0.12004243
3091	0.11679128
3092	0.12523265
3093	0.10405262
3094	0.11469334
3095	0.11754314
3096	0.13885653
3097	0.10150723
3098	0.09473536
3099	0.08885034
3100	0.15741255
3101	0.11388437
3102	0.10052464
3103	0.11753316
3104	0.08669024
3105	0.10736658
3106	0.12253719
3107	0.12013617
3108	0.06818080
3109	0.08097359
3110	0.11280713
3111	0.08802678
3112	0.08675154
3113	0.13443619
3114	0.12373255
3115	0.11178080
3116	0.14246933
3117	0.13240204
3118	0.09193654
3119	0.12662609
3120	0.08254547
3121	0.07347720
3122	0.09285233
3123	0.10692794
3124	0.09198622
3125	0.11413352
3126	0.15581854
3127	0.12806872
3128	0.12536181
3129	0.12262103
3130	0.14759955
3131	0.12083811
3132	0.14868779
3133	0.14957196
3134	0.08411506
3135	0.15078280
3136	0.14975525
3137	0.11524920
3138	0.08036784
3139	0.09034889
3140	0.11164614
3141	0.12181924
3142	0.07882613
3143	0.11457836
3144	0.10236858
3145	0.07811787
3146	0.11147711
3147	0.09997750
3148	0.15029427
3149	0.13865996
3150	0.14171861
3151	0.08900840
3152	0.14227601
3153	0.11903252
3154	0.09939963
3155	0.14030287
3156	0.10916629
3157	0.14675794
3158	0.12763126
3159	0.11886118
3160	0.08291041
3161	0.15864785
3162	0.18072806
3163	0.12281471
3164	0.08120448
3165	0.06694591
3166	0.11445449
3167	0.09497974
3168	0.10590838
3169	0.09744255
3170	0.10824455
3171	0.11803896
3172	0.09638040
3173	0.09266872
3174	0.10905221
3175	0.12380293
3176	0.10693030
3177	0.14818040
3178	0.11013931
3179	0.15825315
3180	0.10071111
3181	0.08755843
3182	0.16536499
3183	0.09576666
3184	0.12034681
3185	0.07304019
3186	0.07647353
3187	0.14003383
3188	0.13086660
3189	0.10438137
3190	0.08334237
3191	0.10595146
3192	0.15547720
3193	0.07936768
3194	0.10964736
3195	0.07601259
3196	0.11343000
3197	0.09217420
3198	0.16277885
3199	0.12247948
3200	0.12672354
3201	0.09316112
3202	0.11130088
3203	0.11276299
3204	0.11996674
3205	0.12389521
3206	0.11382772
3207	0.11224300
3208	0.13960730
3209	0.11548502
3210	0.10149203
3211	0.09841647
3212	0.11274975
3213	0.10684545
3214	0.13689912
3215	0.08625686
3216	0.10831738
3217	0.11423232
3218	0.10372456
3219	0.16001602
3220	0.11860359
3221	0.14600742
3222	0.15644316
3223	0.08902926
3224	0.16576699
3225	0.08513128
3226	0.11234029
3227	0.14566680
3228	0.08038227
3229	0.10517281
3230	0.10423799
3231	0.09602221
3232	0.12179625
3233	0.15810308
3234	0.09633662
3235	0.08060020
3236	0.15261736
3237	0.14167773
3238	0.15425458
3239	0.11010373
3240	0.12230336
3241	0.11459519
3242	0.08750939
3243	0.15455276
3244	0.14321035
3245	0.15368771
3246	0.16855011
3247	0.14526513
3248	0.07150181
3249	0.12871331
3250	0.08402808
3251	0.07926468
3252	0.14469187
3253	0.14209138
3254	0.10144736
3255	0.13677718
3256	0.10725515
3257	0.07813687
3258	0.12923843
3259	0.11294787
3260	0.10084879
3261	0.14154335
3262	0.09217538
3263	0.10560766
3264	0.10797771
3265	0.07525922
3266	0.12024345
3267	0.13178761
3268	0.08449281
3269	0.09679613
3270	0.11689472
3271	0.09078981
3272	0.09445698
3273	0.11588820
3274	0.13301337
3275	0.12064740
3276	0.12754685
3277	0.09212007
3278	0.10004932
3279	0.11383937
3280	0.14793699
3281	0.15505311
3282	0.11259262
3283	0.12276275
3284	0.11848078
3285	0.12625331
3286	0.14386464
3287	0.09060897
3288	0.07866313
3289	0.10841875
3290	0.07303954
3291	0.10221145
3292	0.15310291
3293	0.11258304
3294	0.11252937
3295	0.13403530
3296	0.11230393
3297	0.14447031
3298	0.10684406
3299	0.10451176
3300	0.12889281
3301	0.14689281
3302	0.15245918
3303	0.11826582
3304	0.13579560
3305	0.11085372
3306	0.13229892
3307	0.10175350
3308	0.08474677
3309	0.13560041
3310	0.11572651
3311	0.14081777
3312	0.12359495
3313	0.15679792
3314	0.10974567
3315	0.12061186
3316	0.12131257
3317	0.11043579
3318	0.10346970
3319	0.13114583
3320	0.15663558
3321	0.10871380
3322	0.11001394
3323	0.11294265
3324	0.14515729
3325	0.09936523
3326	0.10323843
3327	0.12147263
3328	0.13678814
3329	0.11013511
3330	0.12206334
3331	0.12811310
3332	0.14803672
3333	0.08053087
3334	0.11323660
3335	0.13028523
3336	0.08614449
3337	0.15274070
3338	0.10696307
3339	0.12810206
3340	0.10315178
3341	0.07849741
3342	0.12503045
3343	0.09120978
3344	0.08101484
3345	0.12810846
3346	0.09958692
3347	0.09497481
3348	0.10389166
3349	0.07304108
3350	0.13353601
3351	0.07615064
3352	0.11464695
3353	0.12397583
3354	0.06422645
3355	0.08040281
3356	0.13307870
3357	0.16584312
3358	0.13434290
3359	0.12538076
3360	0.11307842
3361	0.13936373
3362	0.06561956
3363	0.10998357
3364	0.08738467
3365	0.10913528
3366	0.11000359
3367	0.07274441
3368	0.09006896
3369	0.11912390
3370	0.09691164
3371	0.12014445
3372	0.12918769
3373	0.11495398
3374	0.11025290
3375	0.11311123
3376	0.16441141
3377	0.11098072
3378	0.16255366
3379	0.13119629
3380	0.13764129
3381	0.13623338
3382	0.09882853
3383	0.13972708
3384	0.12072619
3385	0.11266978
3386	0.13520514
3387	0.11036336
3388	0.12068730
3389	0.11495072
3390	0.13704667
3391	0.14832456
3392	0.13258040
3393	0.11985914
3394	0.08711482
3395	0.09103338
3396	0.13477550
3397	0.08639389
3398	0.07427663
3399	0.13714730
3400	0.12674384
3401	0.11816915
3402	0.15364227
3403	0.13575415
3404	0.11970691
3405	0.16118435
3406	0.11052443
3407	0.09021875
3408	0.12660228
3409	0.09967129
3410	0.11250243
3411	0.08695121
3412	0.09647663
3413	0.06186040
3414	0.10865278
3415	0.08960884
3416	0.13895753
3417	0.14238276
3418	0.08623562
3419	0.07017094
3420	0.07952875
3421	0.15224862
3422	0.13322609
3423	0.16267805
3424	0.15671763
3425	0.08901378
3426	0.06904577
3427	0.14979560
3428	0.11325967
3429	0.08310426
3430	0.10931759
3431	0.13849232
3432	0.14307092
3433	0.11345983
3434	0.12964398
3435	0.08607410
3436	0.08598390
3437	0.07778337
3438	0.10059352
3439	0.14301977
3440	0.14475170
3441	0.12749032
3442	0.11902030
3443	0.09155028
3444	0.16837453
3445	0.08966220
3446	0.08618802
3447	0.12037632
3448	0.08823187
3449	0.14152688
3450	0.12250414
3451	0.10561190
3452	0.10522690
3453	0.09789440
3454	0.10202723
3455	0.10692606
3456	0.14253422
3457	0.10645653
3458	0.12803754
3459	0.10397656
3460	0.11006411
3461	0.10759083
3462	0.07455182
3463	0.08344907
3464	0.09246782
3465	0.08215631
3466	0.10146578
3467	0.10215765
3468	0.15252871
3469	0.12299148
3470	0.13950630
3471	0.14568885
3472	0.09267487
3473	0.11443310
3474	0.08636299
3475	0.11951693
3476	0.08265335
3477	0.11157824
3478	0.08479596
3479	0.10354848
3480	0.12757779
3481	0.10165645
3482	0.07189313
3483	0.09693581
3484	0.09521793
3485	0.11134873
3486	0.13950031
3487	0.13146656
3488	0.12953479
3489	0.10460783
3490	0.06796707
3491	0.06776254
3492	0.09512700
3493	0.08799169
3494	0.12461704
3495	0.09169676
3496	0.11479515
3497	0.14451530
3498	0.08204536
3499	0.14470039
3500	0.12067927
3501	0.12746709
3502	0.11699878
3503	0.10745099
3504	0.09504129
3505	0.08168168
3506	0.13389680
3507	0.10244879
3508	0.10856295
3509	0.12141569
3510	0.07744324
3511	0.12644002
3512	0.13283102
3513	0.11983505
3514	0.11843436
3515	0.11018415
3516	0.09574057
3517	0.13130487
3518	0.10036764
3519	0.16813226
3520	0.07007667
3521	0.12460277
3522	0.14002739
3523	0.13809929
3524	0.13417171
3525	0.11640338
3526	0.10296381
3527	0.13213878
3528	0.11754583
3529	0.12592904
3530	0.14216230
3531	0.11730972
3532	0.13816315
3533	0.14620016
3534	0.11659315
3535	0.07088070
3536	0.14053894
3537	0.08685352
3538	0.11176837
3539	0.11252525
3540	0.11577265
3541	0.12056267
3542	0.10981732
3543	0.08448567
3544	0.12312003
3545	0.09126672
3546	0.11459829
3547	0.14678724
3548	0.07495957
3549	0.08084708
3550	0.11221443
3551	0.09825034
3552	0.13230291
3553	0.08017359
3554	0.11987972
3555	0.12320192
3556	0.11304055
3557	0.07201618
3558	0.13659014
3559	0.08805612
3560	0.09484540
3561	0.14374233
3562	0.09837306
3563	0.12374950
3564	0.09872615
3565	0.11234392
3566	0.14118223
3567	0.06646000
3568	0.07542731
3569	0.12552757
3570	0.10846134
3571	0.07822323
3572	0.08720245
3573	0.14772244
3574	0.12533589
3575	0.09939576
3576	0.09098296
3577	0.13090919
3578	0.09754216
3579	0.11866163
3580	0.12514432
3581	0.08309554
3582	0.11329611
3583	0.09490031
3584	0.09191001
3585	0.08991514
3586	0.13815623
3587	0.12598944
3588	0.09964447
3589	0.10270829
3590	0.11335472
3591	0.10829207
3592	0.11095635
3593	0.12624161
3594	0.11779262
3595	0.11634616
3596	0.08596862
3597	0.12915186
3598	0.10019592
3599	0.08113658
3600	0.10564251
3601	0.10279698
3602	0.11297652
3603	0.12319625
3604	0.12234644
3605	0.08075366
3606	0.11686721
3607	0.15472892
3608	0.12417705
3609	0.06163399
3610	0.12258174
3611	0.07138272
3612	0.12467536
3613	0.12392199
3614	0.12334139
3615	0.15452822
3616	0.10067263
3617	0.11394241
3618	0.10000245
3619	0.10611363
3620	0.08892965
3621	0.13145832
3622	0.10326240
3623	0.10490059
3624	0.13566081
3625	0.10150846
3626	0.10350308
3627	0.08954811
3628	0.11762604
3629	0.14771282
3630	0.11933833
3631	0.12788922
3632	0.10914587
3633	0.14491865
3634	0.07462405
3635	0.12531526
3636	0.10300114
3637	0.07067100
3638	0.11611885
3639	0.15024280
3640	0.09918997
3641	0.11549289
3642	0.09258940
3643	0.12518370
3644	0.10153572
3645	0.07487381
3646	0.08437722
3647	0.12206652
3648	0.07699621
3649	0.08400285
3650	0.08791037
3651	0.10243693
3652	0.09969366
3653	0.10146065
3654	0.14489978
3655	0.10936748
3656	0.10899988
3657	0.11453177
3658	0.10854392
3659	0.14878696
3660	0.09036915
3661	0.11935044
3662	0.09806346
3663	0.10925034
3664	0.11468959
3665	0.12459910
3666	0.12235973
3667	0.10246366
3668	0.07574106
3669	0.12132329
3670	0.09584573
3671	0.11537228
3672	0.13300897
3673	0.10103896
3674	0.11523342
3675	0.13065025
3676	0.10306472
3677	0.12167255
3678	0.11854742
3679	0.10130756
3680	0.12513393
3681	0.09836315
3682	0.09702058
3683	0.08545563
3684	0.14053287
3685	0.16120766
3686	0.09326933
3687	0.12886986
3688	0.05902767
3689	0.13847565
3690	0.10720497
3691	0.12911706
3692	0.10149615
3693	0.10803236
3694	0.11314591
3695	0.11800734
3696	0.13011424
3697	0.11403778
3698	0.08495651
3699	0.13833377
3700	0.11251975
3701	0.11700738
3702	0.08956018
3703	0.14559413
3704	0.15824691
3705	0.14088408
3706	0.10445877
3707	0.08032553
3708	0.11195231
3709	0.11300273
3710	0.06981096
3711	0.12426933
3712	0.12177379
3713	0.09088747
3714	0.13562576
3715	0.15918932
3716	0.13372068
3717	0.10063656
3718	0.11336540
3719	0.11460416
3720	0.10467092
3721	0.08662181
3722	0.10130569
3723	0.07628274
3724	0.11679841
3725	0.07933695
3726	0.14468037
3727	0.12173956
3728	0.14226908
3729	0.09069798
3730	0.11510251
3731	0.12945649
3732	0.06475113
3733	0.12381007
3734	0.06824430
3735	0.13119144
3736	0.09592851
3737	0.14302315
3738	0.11270597
3739	0.11828751
3740	0.12840118
3741	0.14389101
3742	0.06704043
3743	0.09200579
3744	0.14165462
3745	0.10768527
3746	0.14412496
3747	0.16737974
3748	0.12877962
3749	0.07815072
3750	0.07523208
3751	0.07526175
3752	0.12446521
3753	0.12632443
3754	0.09271172
3755	0.12600986
3756	0.12864019
3757	0.10289281
3758	0.14827455
3759	0.13473450
3760	0.12949615
3761	0.08930658
3762	0.10291062
3763	0.11940974
3764	0.07988824
3765	0.09113731
3766	0.13025849
3767	0.12820493
3768	0.11998830
3769	0.06182576
3770	0.15641883
3771	0.09767993
3772	0.10122001
3773	0.10770479
3774	0.07652191
3775	0.08371787
3776	0.07341141
3777	0.09623036
3778	0.09332606
3779	0.07380330
3780	0.11286077
3781	0.11284716
3782	0.08004699
3783	0.10747002
3784	0.08609615
3785	0.10284773
3786	0.09897155
3787	0.08804500
3788	0.07852659
3789	0.10837233
3790	0.11893625
3791	0.11031624
3792	0.15989623
3793	0.11760501
3794	0.07742046
3795	0.08119523
3796	0.07465502
3797	0.13618398
3798	0.15281590
3799	0.06514844
3800	0.09629032
3801	0.09850842
3802	0.07351306
3803	0.13068478
3804	0.13298093
3805	0.08089183
3806	0.15614416
3807	0.06894017
3808	0.09902238
3809	0.13386297
3810	0.10186358
3811	0.08153682
3812	0.12998247
3813	0.10236299
3814	0.13712305
3815	0.13554828
3816	0.07245376
3817	0.15324789
3818	0.10256242
3819	0.12415871
3820	0.15158040
3821	0.10822727
3822	0.10630834
3823	0.11589126
3824	0.11418736
3825	0.09299209
3826	0.09086990
3827	0.11078557
3828	0.07292529
3829	0.12286419
3830	0.13428042
3831	0.12281378
3832	0.10771844
3833	0.13729362
3834	0.08594318
3835	0.07940228
3836	0.12571384
3837	0.11391808
3838	0.09613426
3839	0.13230463
3840	0.12236108
3841	0.07603713
3842	0.13484838
3843	0.13583456
3844	0.14276426
3845	0.09370031
3846	0.12862780
3847	0.12603049
3848	0.10282348
3849	0.12067699
3850	0.11499654
3851	0.11356943
3852	0.08051820
3853	0.06979446
3854	0.11085979
3855	0.10731624
3856	0.09606061
3857	0.09231151
3858	0.14670202
3859	0.13965360
3860	0.13860970
3861	0.14195028
3862	0.09815032
3863	0.08180717
3864	0.12078427
3865	0.07757726
3866	0.14450190
3867	0.12938386
3868	0.07327870
3869	0.13624178
3870	0.09918516
3871	0.14956980
3872	0.09218304
3873	0.09988608
3874	0.10699531
3875	0.07771372
3876	0.15614799
3877	0.12403041
3878	0.08011901
3879	0.08476291
3880	0.08936536
3881	0.07577180
3882	0.08127014
3883	0.12383738
3884	0.10733479
3885	0.10884027
3886	0.10371983
3887	0.10056018
3888	0.10596169
3889	0.14491233
3890	0.14708820
3891	0.10910988
3892	0.08605710
3893	0.10185099
3894	0.10696813
3895	0.14332855
3896	0.09535655
3897	0.10493524
3898	0.07166803
3899	0.16062519
3900	0.12436185
3901	0.18548033
3902	0.11146053
3903	0.06823314
3904	0.12584451
3905	0.10897628
3906	0.09076271
3907	0.08498932
3908	0.12048103
3909	0.10697616
3910	0.14277412
3911	0.11901109
3912	0.15449289
3913	0.08385645
3914	0.14688840
3915	0.09907654
3916	0.07613552
3917	0.12101891
3918	0.14200526
3919	0.14237612
3920	0.11706269
3921	0.15908445
3922	0.11041993
3923	0.07785527
3924	0.04909639
3925	0.11727051
3926	0.07715977
3927	0.08110613
3928	0.10534922
3929	0.08242910
3930	0.10197530
3931	0.13486807
3932	0.17078235
3933	0.11351237
3934	0.09956531
3935	0.12279499
3936	0.10954449
3937	0.08370251
3938	0.08629252
3939	0.07052574
3940	0.10257440
3941	0.14280330
3942	0.12409762
3943	0.08763697
3944	0.13351840
3945	0.10605678
3946	0.10385405
3947	0.10277656
3948	0.12768013
3949	0.08801777
3950	0.12081280
3951	0.09113499
3952	0.12877991
3953	0.06790279
3954	0.10802340
3955	0.14875977
3956	0.10756438
3957	0.09638838
3958	0.07438076
3959	0.10700436
3960	0.11883098
3961	0.11315419
3962	0.10546081
3963	0.13747895
3964	0.10525303
3965	0.10877624
3966	0.12978423
3967	0.10968457
3968	0.07843962
3969	0.12777799
3970	0.15456686
3971	0.13551852
3972	0.07609236
3973	0.11864015
3974	0.07924593
3975	0.11883036
3976	0.09649566
3977	0.14846758
3978	0.08449733
3979	0.11041459
3980	0.12959523
3981	0.12377730
3982	0.09936303
3983	0.13468714
3984	0.14169158
3985	0.10724606
3986	0.12269256
3987	0.08988873
3988	0.11523118
3989	0.06893768
3990	0.11143110
3991	0.11507389
3992	0.09719148
3993	0.14926146
3994	0.05767210
3995	0.09783081
3996	0.13982458
3997	0.11949423
3998	0.13758671
3999	0.09713226
4000	0.11007891
4001	0.06101284
4002	0.10190638
4003	0.11120228
4004	0.12498488
4005	0.15279625
4006	0.11902662
4007	0.11492011
4008	0.09022466
4009	0.09880811
4010	0.09454457
4011	0.14069305
4012	0.11361496
4013	0.10197253
4014	0.11060966
4015	0.10775594
4016	0.11914371
4017	0.09996462
4018	0.07965254
4019	0.11393601
4020	0.13915138
4021	0.11874604
4022	0.14067879
4023	0.09998936
4024	0.11742050
4025	0.09140750
4026	0.10248392
4027	0.06980037
4028	0.13789256
4029	0.14648845
4030	0.08742417
4031	0.07665531
4032	0.16340652
4033	0.13502046
4034	0.12723094
4035	0.08576540
4036	0.13183363
4037	0.07060701
4038	0.07354143
4039	0.08395072
4040	0.10914616
4041	0.10188143
4042	0.12490589
4043	0.16633744
4044	0.10661956
4045	0.08080705
4046	0.11642494
4047	0.09400909
4048	0.13884842
4049	0.12093809
4050	0.09897338
4051	0.11889468
4052	0.09981822
4053	0.14902417
4054	0.10885535
4055	0.08287222
4056	0.09915019
4057	0.09660192
4058	0.15740220
4059	0.13051922
4060	0.10079499
4061	0.08250255
4062	0.14834029
4063	0.09092309
4064	0.09722315
4065	0.11751160
4066	0.09380982
4067	0.11937171
4068	0.09795504
4069	0.11455023
4070	0.07834595
4071	0.08483469
4072	0.08987940
4073	0.12692138
4074	0.14471530
4075	0.11623375
4076	0.11167675
4077	0.09310389
4078	0.11661043
4079	0.09759213
4080	0.08613193
4081	0.10632382
4082	0.13274742
4083	0.10608139
4084	0.08440701
4085	0.08766061
4086	0.10808082
4087	0.11269525
4088	0.06275158
4089	0.10365225
4090	0.10410723
4091	0.08322678
4092	0.09198626
4093	0.10636609
4094	0.11353809
4095	0.10307063
4096	0.08936968
4097	0.14436483
4098	0.11639702
4099	0.08759596
4100	0.09705873
4101	0.13092419
4102	0.14773731
4103	0.07493047
4104	0.07368853
4105	0.12247263
4106	0.13780481
4107	0.13198268
4108	0.15215321
4109	0.11929843
4110	0.09180807
4111	0.11780082
4112	0.06680371
4113	0.10356124
4114	0.10009480
4115	0.08434807
4116	0.09574322
4117	0.09399959
4118	0.10721553
4119	0.09663905
4120	0.09617228
4121	0.13279649
4122	0.08735105
4123	0.12347341
4124	0.09203240
4125	0.11515207
4126	0.12399548
4127	0.12756813
4128	0.07343391
4129	0.11687850
4130	0.12285323
4131	0.07770230
4132	0.11030626
4133	0.07607858
4134	0.13041581
4135	0.11926244
4136	0.10380098
4137	0.11278488
4138	0.08561353
4139	0.14516951
4140	0.10531922
4141	0.08170630
4142	0.08644761
4143	0.12236405
4144	0.12083171
4145	0.09355590
4146	0.11164300
4147	0.12902967
4148	0.09574852
4149	0.12072953
4150	0.08617440
4151	0.10405405
4152	0.13283656
4153	0.09215708
4154	0.12107426
4155	0.06741854
4156	0.08394074
4157	0.12081141
4158	0.12740082
4159	0.09367430
4160	0.07486631
4161	0.10901508
4162	0.11974261
4163	0.08341455
4164	0.10459275
4165	0.08813283
4166	0.10420302
4167	0.15015109
4168	0.08582784
4169	0.11832790
4170	0.12230385
4171	0.10360982
4172	0.07292460
4173	0.08361936
4174	0.09083595
4175	0.07344055
4176	0.15442140
4177	0.10737665
4178	0.10602959
4179	0.16761174
4180	0.05894151
4181	0.09494025
4182	0.13357775
4183	0.10570079
4184	0.16288861
4185	0.11555773
4186	0.09605050
4187	0.10142641
4188	0.08282539
4189	0.11750829
4190	0.12510149
4191	0.05261716
4192	0.11049656
4193	0.12604569
4194	0.12046391
4195	0.11107976
4196	0.10654151
4197	0.11214881
4198	0.13038728
4199	0.12814253
4200	0.09538948
4201	0.07126252
4202	0.13662898
4203	0.09887308
4204	0.10174494
4205	0.15346101
4206	0.07746888
4207	0.11832672
4208	0.12338953
4209	0.12137726
4210	0.11300151
4211	0.15110014
4212	0.15024977
4213	0.13041211
4214	0.11537506
4215	0.09788539
4216	0.10724349
4217	0.06689599
4218	0.13813931
4219	0.10061594
4220	0.13220929
4221	0.11093075
4222	0.13422894
4223	0.12051522
4224	0.13063428
4225	0.11768787
4226	0.07287997
4227	0.11111412
4228	0.16335570
4229	0.11147381
4230	0.14849183
4231	0.08546036
4232	0.09584430
4233	0.11997970
4234	0.06560664
4235	0.09008816
4236	0.09549986
4237	0.08932606
4238	0.14953911
4239	0.06394518
4240	0.15061887
4241	0.09170764
4242	0.12234726
4243	0.13225352
4244	0.12321997
4245	0.15149721
4246	0.10524296
4247	0.11087210
4248	0.07535431
4249	0.14792521
4250	0.12203762
4251	0.09278639
4252	0.13185470
4253	0.07970593
4254	0.11276071
4255	0.12257428
4256	0.12205453
4257	0.06551098
4258	0.12303554
4259	0.13259344
4260	0.07681565
4261	0.11422303
4262	0.07511041
4263	0.12791812
4264	0.12341043
4265	0.09158052
4266	0.10193104
4267	0.08949032
4268	0.12020200
4269	0.11730149
4270	0.07400232
4271	0.07476104
4272	0.08978304
4273	0.11497461
4274	0.12192052
4275	0.12919185
4276	0.09079658
4277	0.12681793
4278	0.07377987
4279	0.10200322
4280	0.08498317
4281	0.11242743
4282	0.12596010
4283	0.06580179
4284	0.08548490
4285	0.09008698
4286	0.09693972
4287	0.14424887
4288	0.09161247
4289	0.11340408
4290	0.08058235
4291	0.13318194
4292	0.06769957
4293	0.12454999
4294	0.11383705
4295	0.07275998
4296	0.10538186
4297	0.10257665
4298	0.07304520
4299	0.09271624
4300	0.10756552
4301	0.10036589
4302	0.07250067
4303	0.09709138
4304	0.09560770
4305	0.10267646
4306	0.12459804
4307	0.11147671
4308	0.10757718
4309	0.12035769
4310	0.13448539
4311	0.09807019
4312	0.10843240
4313	0.12507740
4314	0.06799421
4315	0.10196666
4316	0.05902176
4317	0.10518052
4318	0.06133087
4319	0.09494934
4320	0.14971278
4321	0.09020318
4322	0.13320126
4323	0.07975606
4324	0.10878598
4325	0.06573043
4326	0.10229521
4327	0.11038235
4328	0.10344712
4329	0.08462784
4330	0.11263627
4331	0.12454738
4332	0.08859894
4333	0.08755309
4334	0.14154176
4335	0.14836629
4336	0.14189440
4337	0.07891877
4338	0.09895272
4339	0.11422869
4340	0.08377648
4341	0.09008217
4342	0.10890006
4343	0.07034428
4344	0.11143497
4345	0.08369362
4346	0.10124263
4347	0.12597506
4348	0.15109444
4349	0.15759132
4350	0.10781965
4351	0.09058072
4352	0.06887072
4353	0.09883982
4354	0.10891217
4355	0.10170931
4356	0.10505131
4357	0.09652232
4358	0.10532101
4359	0.08882388
4360	0.10651852
4361	0.09139539
4362	0.08431424
4363	0.09849073
4364	0.09105189
4365	0.06834298
4366	0.15057995
4367	0.07112733
4368	0.08173793
4369	0.12041736
4370	0.08005804
4371	0.13267169
4372	0.06419254
4373	0.07709594
4374	0.08591359
4375	0.10909847
4376	0.13915623
4377	0.10359368
4378	0.15109171
4379	0.12951025
4380	0.09836426
4381	0.10038488
4382	0.14521846
4383	0.11152272
4384	0.07655904
4385	0.08240762
4386	0.15392945
4387	0.17368099
4388	0.11559275
4389	0.13481133
4390	0.10547883
4391	0.08712435
4392	0.11045449
4393	0.11014025
4394	0.08514445
4395	0.06707561
4396	0.11676328
4397	0.12894677
4398	0.10254877
4399	0.11250801
4400	0.11430862
4401	0.06708359
4402	0.10361565
4403	0.09118137
4404	0.11390691
4405	0.14521773
4406	0.09737962
4407	0.10239189
4408	0.07124699
4409	0.12180424
4410	0.11016992
4411	0.11574115
4412	0.14818370
4413	0.12760909
4414	0.07387932
4415	0.09650911
4416	0.10642686
4417	0.10196584
4418	0.14122498
4419	0.09851901
4420	0.08333026
4421	0.06111229
4422	0.07859503
4423	0.12891820
4424	0.12873519
4425	0.12400285
4426	0.11861659
4427	0.17012859
4428	0.11189399
4429	0.13407781
4430	0.14486049
4431	0.07699837
4432	0.11812578
4433	0.11739813
4434	0.10999368
4435	0.11314657
4436	0.08945413
4437	0.09333617
4438	0.12309236
4439	0.12240008
4440	0.09214216
4441	0.07772117
4442	0.13655105
4443	0.09817159
4444	0.12411746
4445	0.06927989
4446	0.09539715
4447	0.11768229
4448	0.13540465
4449	0.08655007
4450	0.12982792
4451	0.10386146
4452	0.12480183
4453	0.09056715
4454	0.07798211
4455	0.09386904
4456	0.11321455
4457	0.07256120
4458	0.12335455
4459	0.10497824
4460	0.09634787
4461	0.07275826
4462	0.09631135
4463	0.11995802
4464	0.10508278
4465	0.12486130
4466	0.08563909
4467	0.11633911
4468	0.16077302
4469	0.07940465
4470	0.11066423
4471	0.09313768
4472	0.08889101
4473	0.12840725
4474	0.15517424
4475	0.08710059
4476	0.09367593
4477	0.11279315
4478	0.07266778
4479	0.10731808
4480	0.07448070
4481	0.12148396
4482	0.15086505
4483	0.10194233
4484	0.11467516
4485	0.11232802
4486	0.09534404
4487	0.13913964
4488	0.09135199
4489	0.06614053
4490	0.11539429
4491	0.09669330
4492	0.10980424
4493	0.09475248
4494	0.14106175
4495	0.10198916
4496	0.08268131
4497	0.14021533
4498	0.12897314
4499	0.06544308
4500	0.08980685
4501	0.06361610
4502	0.07868845
4503	0.11916165
4504	0.10170670
4505	0.16835773
4506	0.08668820
4507	0.11187879
4508	0.12610691
4509	0.11181247
4510	0.08652232
4511	0.13075419
4512	0.07533585
4513	0.06534946
4514	0.11699270
4515	0.10843742
4516	0.16136311
4517	0.12014710
4518	0.11583464
4519	0.09979413
4520	0.07588152
4521	0.11371253
4522	0.09909700
4523	0.07426966
4524	0.09946452
4525	0.07063990
4526	0.07993067
4527	0.09004406
4528	0.11880029
4529	0.12491791
4530	0.13593047
4531	0.12546179
4532	0.11110988
4533	0.10686130
4534	0.08539821
4535	0.11094877
4536	0.12003155
4537	0.09999694
4538	0.15496992
4539	0.10907793
4540	0.10794314
4541	0.09680110
4542	0.12623530
4543	0.09342963
4544	0.05481500
4545	0.08576748
4546	0.09479625
4547	0.09083065
4548	0.09021557
4549	0.10961797
4550	0.10456666
4551	0.05611477
4552	0.07609786
4553	0.09889859
4554	0.09637481
4555	0.12524638
4556	0.12026574
4557	0.07247740
4558	0.11229191
4559	0.08532831
4560	0.06050992
4561	0.08518859
4562	0.11911950
4563	0.14153992
4564	0.07643835
4565	0.10099491
4566	0.09101683
4567	0.06384887
4568	0.16443257
4569	0.11000628
4570	0.09772068
4571	0.06938834
4572	0.09251433
4573	0.09603778
4574	0.07592064
4575	0.12494730
4576	0.11071025
4577	0.09132366
4578	0.11403216
4579	0.14598304
4580	0.07470132
4581	0.13125050
4582	0.11952350
4583	0.11929855
4584	0.11708245
4585	0.10397738
4586	0.06053866
4587	0.10676474
4588	0.09269179
4589	0.10714465
4590	0.09329399
4591	0.08092048
4592	0.13359735
4593	0.08707292
4594	0.08987605
4595	0.09470536
4596	0.07562564
4597	0.12863000
4598	0.09574759
4599	0.10812117
4600	0.13086574
4601	0.11394934
4602	0.08199768
4603	0.06411429
4604	0.09582772
4605	0.08235843
4606	0.12577424
4607	0.08291457
4608	0.09016919
4609	0.08396042
4610	0.06783318
4611	0.11619625
4612	0.05855561
4613	0.16124675
4614	0.08911355
4615	0.10165180
4616	0.13157245
4617	0.10367467
4618	0.07103204
4619	0.11861312
4620	0.11183562
4621	0.12097363
4622	0.12950214
4623	0.12708828
4624	0.13042327
4625	0.15549130
4626	0.13077656
4627	0.11107940
4628	0.10517110
4629	0.09522311
4630	0.11410300
4631	0.12808135
4632	0.05456295
4633	0.13955623
4634	0.11005311
4635	0.11308596
4636	0.06939087
4637	0.10356580
4638	0.10885290
4639	0.06203163
4640	0.13016430
4641	0.08191669
4642	0.11204422
4643	0.07969497
4644	0.09757171
4645	0.10409517
4646	0.12247903
4647	0.10568645
4648	0.13396772
4649	0.10575814
4650	0.07856772
4651	0.10783905
4652	0.10267267
4653	0.11821830
4654	0.08509941
4655	0.11581789
4656	0.08938056
4657	0.06449998
4658	0.14844251
4659	0.08152822
4660	0.13512765
4661	0.07950829
4662	0.10485665
4663	0.15632733
4664	0.11385095
4665	0.12191070
4666	0.10619409
4667	0.07627418
4668	0.06761039
4669	0.12852708
4670	0.06112859
4671	0.06490976
4672	0.10409289
4673	0.07601655
4674	0.13801541
4675	0.13352464
4676	0.14814962
4677	0.10574604
4678	0.13249929
4679	0.07542873
4680	0.09496536
4681	0.11040330
4682	0.08435814
4683	0.10839380
4684	0.05687707
4685	0.09174779
4686	0.07438011
4687	0.07874595
4688	0.07849709
4689	0.10447773
4690	0.12568201
4691	0.09326415
4692	0.12120416
4693	0.10592179
4694	0.09796731
4695	0.09264312
4696	0.10179694
4697	0.10644487
4698	0.09700872
4699	0.09706122
4700	0.11329036
4701	0.11674807
4702	0.10899894
4703	0.11505816
4704	0.07502637
4705	0.07056972
4706	0.12446342
4707	0.08765576
4708	0.08303660
4709	0.06161243
4710	0.08905184
4711	0.05912439
4712	0.09624394
4713	0.11415455
4714	0.06965845
4715	0.08165131
4716	0.07357220
4717	0.08132060
4718	0.11606379
4719	0.13270418
4720	0.10145800
4721	0.07637864
4722	0.06192945
4723	0.06669835
4724	0.08070952
4725	0.09070732
4726	0.10680155
4727	0.09838618
4728	0.09878965
4729	0.07601149
4730	0.09642433
4731	0.11817824
4732	0.09648523
4733	0.07908408
4734	0.09776267
4735	0.10265494
4736	0.17871119
4737	0.12010605
4738	0.12095076
4739	0.06509806
4740	0.08508323
4741	0.10286432
4742	0.07156470
4743	0.13936299
4744	0.11782837
4745	0.11880603
4746	0.11826122
4747	0.10614412
4748	0.12046864
4749	0.09518871
4750	0.08421003
4751	0.08865963
4752	0.15136487
4753	0.10611999
4754	0.14740469
4755	0.10298194
4756	0.09406452
4757	0.08299495
4758	0.12397298
4759	0.12419927
4760	0.07254098
4761	0.14280664
4762	0.05879295
4763	0.13578822
4764	0.08068792
4765	0.12290181
4766	0.12726513
4767	0.10351714
4768	0.10911852
4769	0.10653911
4770	0.09216906
4771	0.05642625
4772	0.13602445
4773	0.13459270
4774	0.08771861
4775	0.15706554
4776	0.08971693
4777	0.06283587
4778	0.10299111
4779	0.10808800
4780	0.07634245
4781	0.12769423
4782	0.11367679
4783	0.11791763
4784	0.13147149
4785	0.11201251
4786	0.10733267
4787	0.11104944
4788	0.07449916
4789	0.10901422
4790	0.09098231
4791	0.09893886
4792	0.12976772
4793	0.06997620
4794	0.07880318
4795	0.12399164
4796	0.09769647
4797	0.08910108
4798	0.09533617
4799	0.14003493
4800	0.10982955
4801	0.08862250
4802	0.10794485
4803	0.07101105
4804	0.11024989
4805	0.08992378
4806	0.12746411
4807	0.13051082
4808	0.07538488
4809	0.06344822
4810	0.10577995
4811	0.07325343
4812	0.09483917
4813	0.05431763
4814	0.12605364
4815	0.12853112
4816	0.08384993
4817	0.06648681
4818	0.13999389
4819	0.08709134
4820	0.07110357
4821	0.08585926
4822	0.08579169
4823	0.10020086
4824	0.11143709
4825	0.12336128
4826	0.13671889
4827	0.10013756
4828	0.06624039
4829	0.10858333
4830	0.11287915
4831	0.12676030
4832	0.05476939
4833	0.13577290
4834	0.10870300
4835	0.06872439
4836	0.12837008
4837	0.09841341
4838	0.11074587
4839	0.10018631
4840	0.07390825
4841	0.08066668
4842	0.12930658
4843	0.08199527
4844	0.11261255
4845	0.09049183
4846	0.09961561
4847	0.06388417
4848	0.12547614
4849	0.12912289
4850	0.10180293
4851	0.11880701
4852	0.09387605
4853	0.06042234
4854	0.07274432
4855	0.09709766
4856	0.08909309
4857	0.06411616
4858	0.09023652
4859	0.10336201
4860	0.10640187
4861	0.10554208
4862	0.11903297
4863	0.07766061
4864	0.11779927
4865	0.11925453
4866	0.12353291
4867	0.09127410
4868	0.10219209
4869	0.08912549
4870	0.11836678
4871	0.10384630
4872	0.13804186
4873	0.11845445
4874	0.08642743
4875	0.06730874
4876	0.07645050
4877	0.07991820
4878	0.12427271
4879	0.08945714
4880	0.09302759
4881	0.10344145
4882	0.06500045
4883	0.13031050
4884	0.07013185
4885	0.13728176
4886	0.13093002
4887	0.14876413
4888	0.11577424
4889	0.06024426
4890	0.08670997
4891	0.09952011
4892	0.07845074
4893	0.08933560
4894	0.08030190
4895	0.08683155
4896	0.11378125
4897	0.08553654
4898	0.07029488
4899	0.11181691
4900	0.06782719
4901	0.11898472
4902	0.06920200
4903	0.08264765
4904	0.08718321
4905	0.12928339
4906	0.08345559
