0	0.40283584
1	0.40228301
2	0.39920356
3	0.40317497
4	0.40273560
5	0.40179663
6	0.40297913
7	0.39256661
8	0.40250725
9	0.40243236
10	0.40295580
11	0.40108063
12	0.40315786
13	0.39754879
14	0.40224376
15	0.37596863
16	0.40180891
17	0.38184384
18	0.40125770
19	0.40186305
20	0.40245560
21	0.40277754
22	0.36632091
23	0.40268749
24	0.39403992
25	0.38898606
26	0.39842828
27	0.39807053
28	0.38246808
29	0.35897695
30	0.40089560
31	0.39765786
32	0.38610800
33	0.28830000
34	0.38187485
35	0.34461022
36	0.38127786
37	0.31012764
38	0.38378206
39	0.38198855
40	0.32885382
41	0.40280927
42	0.37295200
43	0.32489248
44	0.39132150
45	0.37197853
46	0.32978792
47	0.36585477
48	0.33047350
49	0.31621556
50	0.37232733
51	0.37465422
52	0.37299295
53	0.39601410
54	0.40268412
55	0.40302111
56	0.35448919
57	0.40135081
58	0.35952792
59	0.37223248
60	0.33867295
61	0.34781901
62	0.36430879
63	0.37745184
64	0.29640919
65	0.37546368
66	0.35643200
67	0.40061865
68	0.39751830
69	0.38719580
70	0.34102669
71	0.31507101
72	0.32424919
73	0.38105073
74	0.30004562
75	0.38378186
76	0.35535743
77	0.35373204
78	0.28581541
79	0.35847034
80	0.29833624
81	0.33193093
82	0.25076016
83	0.30902432
84	0.35234459
85	0.37778554
86	0.38376681
87	0.32261960
88	0.38483663
89	0.32576630
90	0.37877283
91	0.32534250
92	0.39935244
93	0.21961251
94	0.39066147
95	0.36084301
96	0.38997659
97	0.38882903
98	0.28285802
99	0.34826943
100	0.30172459
101	0.29242725
102	0.28655089
103	0.37841097
104	0.24845857
105	0.39069378
106	0.27074713
107	0.37184313
108	0.34259065
109	0.34292281
110	0.25140693
111	0.39029790
112	0.37497362
113	0.30694685
114	0.33358491
115	0.36879782
116	0.27157307
117	0.31849291
118	0.27628966
119	0.30094741
120	0.28915556
121	0.30729117
122	0.25605374
123	0.28943160
124	0.32774931
125	0.29857117
126	0.34436388
127	0.31510012
128	0.22358919
129	0.32287291
130	0.35686697
131	0.30246360
132	0.19181683
133	0.34272230
134	0.36821053
135	0.37310527
136	0.32068919
137	0.35143323
138	0.28455802
139	0.24966630
140	0.33878859
141	0.33755426
142	0.34624887
143	0.36153434
144	0.26517398
145	0.27792745
146	0.26868749
147	0.30965271
148	0.38779156
149	0.26217608
150	0.33335703
151	0.30649877
152	0.26021101
153	0.31409846
154	0.35012143
155	0.32320614
156	0.28707085
157	0.31875275
158	0.31382519
159	0.29241248
160	0.27361398
161	0.32622341
162	0.34770071
163	0.27840752
164	0.28956040
165	0.35461505
166	0.37728733
167	0.21392721
168	0.29873450
169	0.26975121
170	0.29912036
171	0.36170626
172	0.22489121
173	0.36367703
174	0.32521089
175	0.34446261
176	0.24598317
177	0.30973251
178	0.24532150
179	0.25748154
180	0.32311881
181	0.33875180
182	0.27296273
183	0.30657818
184	0.27845897
185	0.21619469
186	0.21470693
187	0.37628265
188	0.26739398
189	0.33730230
190	0.28938190
191	0.25095081
192	0.34431604
193	0.26822269
194	0.29041850
195	0.19116756
196	0.24510848
197	0.25409640
198	0.36105917
199	0.28653636
200	0.32743715
201	0.37223956
202	0.23668531
203	0.23340661
204	0.24857315
205	0.33654570
206	0.20869485
207	0.29263822
208	0.33312044
209	0.30999097
210	0.18712127
211	0.25098333
212	0.31565857
213	0.26856139
214	0.33621893
215	0.29618459
216	0.30974099
217	0.32940950
218	0.31163560
219	0.31380491
220	0.29922772
221	0.35464083
222	0.22537240
223	0.25895244
224	0.18168554
225	0.25381291
226	0.30385046
227	0.23379283
228	0.30625307
229	0.29772844
230	0.28180519
231	0.30216317
232	0.36737620
233	0.37886832
234	0.25854507
235	0.37219604
236	0.19346388
237	0.26847770
238	0.24756020
239	0.21375335
240	0.23246883
241	0.23109842
242	0.21003517
243	0.26938844
244	0.28747933
245	0.22974400
246	0.30114935
247	0.28680250
248	0.30578317
249	0.23701505
250	0.32010570
251	0.36315846
252	0.30045873
253	0.30430226
254	0.33320570
255	0.22911117
256	0.27576246
257	0.27242095
258	0.26745941
259	0.28780372
260	0.18631596
261	0.31883917
262	0.23053343
263	0.26881517
264	0.33162495
265	0.33698582
266	0.26378832
267	0.24181850
268	0.23851378
269	0.33232246
270	0.32484626
271	0.27132329
272	0.31019248
273	0.20020412
274	0.23292677
275	0.26161743
276	0.30128855
277	0.20755814
278	0.16313113
279	0.36056713
280	0.36614677
281	0.27274341
282	0.26477216
283	0.22036543
284	0.27603303
285	0.27579853
286	0.24881529
287	0.29486479
288	0.29918099
289	0.28139802
290	0.26762150
291	0.35551576
292	0.24833073
293	0.28609667
294	0.31686915
295	0.27760998
296	0.24548202
297	0.18010523
298	0.28889921
299	0.29596107
300	0.19933303
301	0.30423149
302	0.26625038
303	0.24115881
304	0.34717648
305	0.32251798
306	0.29258867
307	0.33065648
308	0.25311952
309	0.21669497
310	0.23640527
311	0.26014083
312	0.29363905
313	0.32193434
314	0.32579259
315	0.28340737
316	0.22232634
317	0.32435271
318	0.17958689
319	0.26975822
320	0.22993758
321	0.23096923
322	0.28535259
323	0.34047501
324	0.26095319
325	0.30208285
326	0.31845497
327	0.30302958
328	0.29204693
329	0.21364004
330	0.29172424
331	0.27074289
332	0.33768396
333	0.27424804
334	0.30525354
335	0.22534804
336	0.21180958
337	0.24594982
338	0.25379644
339	0.20003802
340	0.20036919
341	0.20714919
342	0.27387109
343	0.17887798
344	0.32630550
345	0.39098622
346	0.19266285
347	0.24117655
348	0.18174554
349	0.25197188
350	0.22757192
351	0.27786166
352	0.36485945
353	0.19077945
354	0.32834451
355	0.20548725
356	0.20812950
357	0.24816214
358	0.19513826
359	0.21267061
360	0.28516966
361	0.27078713
362	0.19099687
363	0.24016602
364	0.23931382
365	0.20854562
366	0.33663069
367	0.25971846
368	0.21627335
369	0.28215085
370	0.29170285
371	0.29200329
372	0.30825739
373	0.19653358
374	0.21218903
375	0.21988776
376	0.22616463
377	0.33434721
378	0.22528467
379	0.28891806
380	0.24855057
381	0.24235450
382	0.30163636
383	0.16881881
384	0.30070321
385	0.22576503
386	0.25098578
387	0.31639450
388	0.26402954
389	0.25120444
390	0.23792919
391	0.29565347
392	0.21600756
393	0.26736059
394	0.21813370
395	0.30456448
396	0.32398764
397	0.24897208
398	0.17244388
399	0.32054293
400	0.23285204
401	0.23175089
402	0.27156681
403	0.28987354
404	0.18109430
405	0.26049584
406	0.24447398
407	0.30594016
408	0.20576273
409	0.23548638
410	0.19573608
411	0.28262277
412	0.26034202
413	0.20716293
414	0.20137014
415	0.25037279
416	0.19748776
417	0.26340990
418	0.27730642
419	0.25825675
420	0.18663259
421	0.24272269
422	0.28597691
423	0.25248186
424	0.25137137
425	0.33998733
426	0.31672618
427	0.29653529
428	0.29559149
429	0.30648610
430	0.34825473
431	0.23185988
432	0.20207422
433	0.17909457
434	0.26760828
435	0.31930356
436	0.25057006
437	0.24883937
438	0.25333160
439	0.19506269
440	0.28035141
441	0.28464238
442	0.34323853
443	0.27389600
444	0.15516796
445	0.20086317
446	0.21087331
447	0.21373960
448	0.25457394
449	0.17239636
450	0.22711307
451	0.29178016
452	0.25179620
453	0.27933263
454	0.22323299
455	0.18218321
456	0.22307513
457	0.23427853
458	0.26376139
459	0.25477687
460	0.25146337
461	0.29839113
462	0.26050899
463	0.27578871
464	0.18547632
465	0.25328455
466	0.28486285
467	0.20721826
468	0.23982701
469	0.28181893
470	0.23966380
471	0.16899972
472	0.18544622
473	0.19939291
474	0.20375141
475	0.25086844
476	0.20358333
477	0.24724333
478	0.22502404
479	0.20885758
480	0.27546582
481	0.17595778
482	0.19671699
483	0.25153390
484	0.21374305
485	0.16077822
486	0.23579846
487	0.26728844
488	0.22079616
489	0.29386578
490	0.21709125
491	0.19705846
492	0.17860044
493	0.21908123
494	0.17625152
495	0.21050400
496	0.23450582
497	0.27058895
498	0.23914729
499	0.19127453
500	0.24434503
501	0.25787782
502	0.23286036
503	0.29106214
504	0.28875291
505	0.22956222
506	0.23629022
507	0.29265663
508	0.36664855
509	0.24908638
510	0.22707410
511	0.20968364
512	0.21377343
513	0.17293192
514	0.24018562
515	0.19024463
516	0.17801933
517	0.25505762
518	0.26118939
519	0.19628899
520	0.26477394
521	0.21990392
522	0.21593105
523	0.18918309
524	0.23186139
525	0.29581481
526	0.25281160
527	0.26408143
528	0.20526055
529	0.23511857
530	0.19561651
531	0.34320970
532	0.15843885
533	0.24647521
534	0.23255703
535	0.23595414
536	0.20904974
537	0.21980150
538	0.19586836
539	0.27937651
540	0.23184879
541	0.17726285
542	0.16983434
543	0.33111184
544	0.18763766
545	0.20122087
546	0.26033335
547	0.21750657
548	0.32085244
549	0.20344677
550	0.24783069
551	0.20263818
552	0.23863038
553	0.19698285
554	0.25570566
555	0.18505826
556	0.17330143
557	0.20322198
558	0.27209735
559	0.18871834
560	0.32226095
561	0.17738269
562	0.25079865
563	0.19790416
564	0.25321240
565	0.26634269
566	0.27769224
567	0.24047802
568	0.22768404
569	0.23750079
570	0.20206063
571	0.33437988
572	0.25083976
573	0.23563992
574	0.19988420
575	0.17015560
576	0.22427370
577	0.30768055
578	0.19108990
579	0.27626226
580	0.18115659
581	0.21398135
582	0.27745972
583	0.19716036
584	0.26472127
585	0.25222657
586	0.19341030
587	0.21756990
588	0.35861410
589	0.20640467
590	0.19922198
591	0.21302602
592	0.17435770
593	0.30158531
594	0.26509053
595	0.18632317
596	0.31685648
597	0.21339414
598	0.19742657
599	0.23544321
600	0.17513259
601	0.21788376
602	0.20292345
603	0.24755418
604	0.22581869
605	0.15025311
606	0.16494693
607	0.23856317
608	0.23604713
609	0.17056491
610	0.19252966
611	0.19880650
612	0.23297723
613	0.22662372
614	0.19946071
615	0.20086543
616	0.25094135
617	0.27635034
618	0.25567608
619	0.23619473
620	0.22319929
621	0.28843311
622	0.25612170
623	0.17516455
624	0.19664950
625	0.23937240
626	0.17112562
627	0.24246218
628	0.25706448
629	0.20168768
630	0.18285160
631	0.21632883
632	0.28200780
633	0.20344455
634	0.23056428
635	0.22310051
636	0.19222194
637	0.22495244
638	0.31744404
639	0.29747513
640	0.19824887
641	0.22395208
642	0.30717216
643	0.27652127
644	0.25139529
645	0.23763339
646	0.24957481
647	0.18834721
648	0.24750230
649	0.26327335
650	0.30307533
651	0.20155758
652	0.21242772
653	0.32569081
654	0.16679434
655	0.24039925
656	0.22044566
657	0.18522586
658	0.21587164
659	0.22040523
660	0.18611877
661	0.20123929
662	0.14978024
663	0.17848507
664	0.20339687
665	0.16918978
666	0.29323727
667	0.26643101
668	0.29314356
669	0.16148895
670	0.18873034
671	0.21041208
672	0.15718535
673	0.19496665
674	0.20577592
675	0.23101426
676	0.20046887
677	0.19228756
678	0.26908642
679	0.24280059
680	0.22541422
681	0.18718947
682	0.23935473
683	0.23444958
684	0.17313034
685	0.21221580
686	0.15534899
687	0.25080800
688	0.17477370
689	0.24535937
690	0.17841026
691	0.26729248
692	0.22568218
693	0.21658562
694	0.16487259
695	0.27533164
696	0.19969715
697	0.20307857
698	0.14239172
699	0.29773354
700	0.25079960
701	0.25396768
702	0.18766982
703	0.19341101
704	0.23683743
705	0.18069715
706	0.25296511
707	0.26587826
708	0.16113818
709	0.19352103
710	0.24995228
711	0.18064360
712	0.19692915
713	0.20162293
714	0.21766095
715	0.19190923
716	0.23526574
717	0.13154653
718	0.16389537
719	0.28227418
720	0.15271830
721	0.22868396
722	0.31085885
723	0.17483053
724	0.26545857
725	0.22040935
726	0.27086578
727	0.14127762
728	0.24866380
729	0.22564131
730	0.15797984
731	0.18530927
732	0.25153691
733	0.24445077
734	0.18766626
735	0.25012947
736	0.18409350
737	0.21040024
738	0.18806642
739	0.17605394
740	0.23825996
741	0.17055362
742	0.19766297
743	0.26211877
744	0.16052954
745	0.26286087
746	0.24665628
747	0.21658246
748	0.26950507
749	0.19084226
750	0.26077422
751	0.14972000
752	0.25665184
753	0.25113446
754	0.22711093
755	0.22584772
756	0.20392614
757	0.21780333
758	0.14593113
759	0.17568170
760	0.21695188
761	0.24117814
762	0.19355414
763	0.22856911
764	0.19157125
765	0.18987731
766	0.20853715
767	0.17917145
768	0.24791232
769	0.14932594
770	0.19913873
771	0.22885568
772	0.19630796
773	0.16376848
774	0.19059485
775	0.22905517
776	0.18959481
777	0.23455842
778	0.22700238
779	0.20940673
780	0.20838915
781	0.22491537
782	0.21314020
783	0.17619010
784	0.24129093
785	0.21794048
786	0.15667232
787	0.21123006
788	0.30539996
789	0.14899244
790	0.22482004
791	0.18212436
792	0.15595192
793	0.26574808
794	0.18834939
795	0.18418436
796	0.18220467
797	0.23987089
798	0.20708851
799	0.15674166
800	0.17030455
801	0.19604321
802	0.21050752
803	0.21927743
804	0.17937442
805	0.27514895
806	0.16688408
807	0.15171168
808	0.22554962
809	0.16190978
810	0.19889952
811	0.25070479
812	0.19444440
813	0.18604301
814	0.17382234
815	0.17596345
816	0.17009446
817	0.19811964
818	0.23612436
819	0.20212487
820	0.21063453
821	0.19016309
822	0.17451529
823	0.24682903
824	0.15814305
825	0.21175525
826	0.18580440
827	0.22083648
828	0.26666091
829	0.17436360
830	0.18353917
831	0.12923465
832	0.21361331
833	0.17708150
834	0.16020250
835	0.20358372
836	0.18748947
837	0.19818820
838	0.18403545
839	0.15860238
840	0.14392539
841	0.24493754
842	0.17275323
843	0.19582107
844	0.20161580
845	0.20526606
846	0.19331358
847	0.16859038
848	0.26585513
849	0.25480123
850	0.17975703
851	0.22515822
852	0.28416325
853	0.19394634
854	0.15017968
855	0.15489564
856	0.16143762
857	0.26377192
858	0.17378388
859	0.20264360
860	0.15214705
861	0.19145802
862	0.20283362
863	0.18760040
864	0.20968495
865	0.18648380
866	0.16982958
867	0.17413667
868	0.16932709
869	0.22272412
870	0.19234681
871	0.16104931
872	0.19856194
873	0.23630622
874	0.19614238
875	0.26565018
876	0.22683402
877	0.20422859
878	0.16710642
879	0.21722242
880	0.13126947
881	0.21860507
882	0.18293350
883	0.16845390
884	0.19786428
885	0.24204020
886	0.20892840
887	0.16962455
888	0.21918879
889	0.23943133
890	0.21591006
891	0.18772539
892	0.22125956
893	0.23888950
894	0.22367648
895	0.13644154
896	0.18012657
897	0.17521699
898	0.22215525
899	0.14841006
900	0.18255101
901	0.15958384
902	0.18521889
903	0.28210285
904	0.16417794
905	0.18140024
906	0.19176887
907	0.21400511
908	0.16767457
909	0.25865552
910	0.21982907
911	0.21038364
912	0.21756194
913	0.17951893
914	0.21648966
915	0.15925248
916	0.18809592
917	0.21703576
918	0.16782051
919	0.17163659
920	0.16054646
921	0.14599224
922	0.20225168
923	0.23830364
924	0.26119568
925	0.20347010
926	0.23342998
927	0.22154293
928	0.15551992
929	0.17180388
930	0.19675644
931	0.18165069
932	0.20808364
933	0.20280174
934	0.14421885
935	0.23322388
936	0.24247446
937	0.24488075
938	0.19970467
939	0.15022016
940	0.26668238
941	0.23223545
942	0.18268650
943	0.23323648
944	0.20035402
945	0.19200400
946	0.21148368
947	0.22989941
948	0.20843378
949	0.24058210
950	0.19784859
951	0.14044210
952	0.19970725
953	0.15907952
954	0.19820954
955	0.25676032
956	0.17209350
957	0.20324028
958	0.14697327
959	0.22826519
960	0.20071224
961	0.20026020
962	0.21474895
963	0.18061366
964	0.17269956
965	0.22178907
966	0.20970214
967	0.20444990
968	0.21641850
969	0.21686499
970	0.15542067
971	0.21645121
972	0.17802380
973	0.22042432
974	0.29139089
975	0.18176990
976	0.16654859
977	0.19370317
978	0.26588214
979	0.20163438
980	0.26355735
981	0.21204004
982	0.20634812
983	0.19368554
984	0.19389343
985	0.19705176
986	0.19722428
987	0.18492515
988	0.21891002
989	0.14771632
990	0.15559695
991	0.23515505
992	0.16390622
993	0.19665307
994	0.17280333
995	0.20172570
996	0.16050638
997	0.21716087
998	0.16722265
999	0.18494879
1000	0.27172467
1001	0.16444836
1002	0.14905636
1003	0.20710792
1004	0.15056063
1005	0.20935588
1006	0.20734376
1007	0.18745628
1008	0.26447022
1009	0.22218780
1010	0.17082226
1011	0.19192253
1012	0.14427018
1013	0.21047754
1014	0.13808503
1015	0.22809469
1016	0.17684024
1017	0.13424352
1018	0.19970772
1019	0.20600071
1020	0.22324638
1021	0.17837513
1022	0.23924499
1023	0.16838812
1024	0.17791240
1025	0.24025386
1026	0.18888257
1027	0.14296475
1028	0.22796051
1029	0.17551822
1030	0.26087568
1031	0.20754673
1032	0.16766507
1033	0.17091465
1034	0.20026150
1035	0.22380333
1036	0.18451200
1037	0.16751089
1038	0.20805010
1039	0.19086523
1040	0.19465331
1041	0.15148844
1042	0.20914935
1043	0.18123750
1044	0.14520285
1045	0.22574650
1046	0.12984440
1047	0.23959818
1048	0.17855699
1049	0.21141156
1050	0.12099117
1051	0.20606630
1052	0.14171050
1053	0.15870182
1054	0.24683335
1055	0.25138222
1056	0.17193604
1057	0.18121572
1058	0.21176123
1059	0.16395410
1060	0.22567469
1061	0.24043580
1062	0.26538899
1063	0.16398622
1064	0.19643588
1065	0.17535616
1066	0.27064182
1067	0.23090737
1068	0.16126994
1069	0.18947216
1070	0.23057651
1071	0.20771885
1072	0.21081549
1073	0.20148935
1074	0.19012745
1075	0.19268855
1076	0.17622265
1077	0.17810701
1078	0.20011081
1079	0.20912630
1080	0.17063402
1081	0.20993196
1082	0.20572317
1083	0.19274851
1084	0.19823097
1085	0.24582539
1086	0.19203679
1087	0.20074871
1088	0.16598099
1089	0.16677600
1090	0.15069469
1091	0.22548008
1092	0.24079394
1093	0.22393244
1094	0.17373061
1095	0.16585699
1096	0.21721085
1097	0.18098048
1098	0.15908420
1099	0.19106855
1100	0.15556915
1101	0.21392574
1102	0.16616713
1103	0.17467311
1104	0.18396899
1105	0.17521204
1106	0.21052978
1107	0.18585422
1108	0.12896400
1109	0.21657596
1110	0.22824214
1111	0.14617180
1112	0.18095628
1113	0.15946614
1114	0.21462677
1115	0.15445592
1116	0.16553747
1117	0.17030784
1118	0.20224475
1119	0.20906392
1120	0.15706253
1121	0.21050832
1122	0.20201014
1123	0.17159739
1124	0.11138760
1125	0.17531750
1126	0.12712709
1127	0.23146091
1128	0.18549857
1129	0.16983335
1130	0.15213271
1131	0.15150570
1132	0.15190966
1133	0.12345869
1134	0.14650424
1135	0.14319275
1136	0.15943208
1137	0.14082863
1138	0.22232471
1139	0.19915873
1140	0.17148725
1141	0.17928626
1142	0.23998174
1143	0.20713180
1144	0.20788317
1145	0.19365513
1146	0.16604016
1147	0.14981002
1148	0.17670238
1149	0.17340293
1150	0.16910063
1151	0.15468713
1152	0.15902958
1153	0.16289612
1154	0.24172178
1155	0.20114420
1156	0.15938261
1157	0.21190131
1158	0.16159636
1159	0.22924091
1160	0.20651648
1161	0.13580939
1162	0.20518238
1163	0.21403644
1164	0.18764721
1165	0.21305323
1166	0.16539588
1167	0.14510539
1168	0.20854459
1169	0.17385295
1170	0.16337632
1171	0.16929949
1172	0.20365244
1173	0.18845465
1174	0.13079814
1175	0.21502384
1176	0.17103446
1177	0.16888642
1178	0.16355711
1179	0.12989715
1180	0.24933406
1181	0.17876653
1182	0.18315446
1183	0.12279263
1184	0.23014016
1185	0.16251992
1186	0.20737873
1187	0.20397861
1188	0.17720250
1189	0.16123679
1190	0.16033457
1191	0.15743505
1192	0.16231818
1193	0.21303699
1194	0.16899438
1195	0.18582531
1196	0.19603564
1197	0.18181010
1198	0.16346329
1199	0.15969857
1200	0.19706547
1201	0.20858071
1202	0.17802962
1203	0.18184558
1204	0.23278887
1205	0.16593113
1206	0.16802768
1207	0.20695691
1208	0.14704182
1209	0.16186883
1210	0.24108273
1211	0.16169754
1212	0.20375069
1213	0.12797842
1214	0.22866939
1215	0.19762697
1216	0.20672341
1217	0.24628040
1218	0.19090887
1219	0.15415608
1220	0.19124455
1221	0.19234455
1222	0.18030238
1223	0.20468562
1224	0.19176451
1225	0.17682578
1226	0.20792012
1227	0.22642804
1228	0.15334523
1229	0.16482242
1230	0.19327251
1231	0.17743156
1232	0.18299105
1233	0.20838182
1234	0.19872341
1235	0.15793469
1236	0.14557826
1237	0.17354820
1238	0.27467964
1239	0.19365521
1240	0.18910147
1241	0.15939129
1242	0.22860289
1243	0.19351248
1244	0.23561422
1245	0.15584071
1246	0.17059921
1247	0.14420345
1248	0.13464075
1249	0.16262768
1250	0.23294305
1251	0.17622844
1252	0.14272059
1253	0.14838535
1254	0.15019489
1255	0.17906725
1256	0.16883069
1257	0.20095683
1258	0.17430792
1259	0.20014333
1260	0.17546598
1261	0.20438087
1262	0.17165180
1263	0.17587477
1264	0.16345731
1265	0.19203398
1266	0.16635881
1267	0.18650483
1268	0.18283176
1269	0.19579473
1270	0.19416317
1271	0.23078174
1272	0.18427283
1273	0.17578796
1274	0.16692388
1275	0.16510507
1276	0.12430055
1277	0.15521105
1278	0.19094863
1279	0.19384749
1280	0.13845834
1281	0.18803655
1282	0.18430598
1283	0.16922123
1284	0.15864851
1285	0.14987129
1286	0.19129457
1287	0.21853188
1288	0.18343612
1289	0.14702107
1290	0.17939362
1291	0.19041180
1292	0.18272618
1293	0.16407164
1294	0.12871358
1295	0.17725628
1296	0.19133778
1297	0.12076558
1298	0.16829644
1299	0.15692404
1300	0.18251616
1301	0.16545176
1302	0.15031505
1303	0.28423014
1304	0.13925877
1305	0.19764669
1306	0.15605358
1307	0.19173034
1308	0.18101560
1309	0.21407323
1310	0.21739802
1311	0.16460705
1312	0.18545291
1313	0.16477501
1314	0.16387287
1315	0.19332364
1316	0.20495034
1317	0.18591735
1318	0.17053038
1319	0.15627846
1320	0.21606479
1321	0.18947414
1322	0.18316182
1323	0.15980990
1324	0.14047620
1325	0.21638867
1326	0.20265545
1327	0.22075307
1328	0.14789984
1329	0.17206440
1330	0.20324820
1331	0.13213259
1332	0.14608638
1333	0.20294994
1334	0.18547093
1335	0.12670594
1336	0.15189053
1337	0.16640071
1338	0.15296099
1339	0.15713204
1340	0.16852349
1341	0.23593667
1342	0.19773204
1343	0.17719149
1344	0.13412337
1345	0.17084277
1346	0.16483497
1347	0.17512578
1348	0.22411513
1349	0.16434523
1350	0.20022139
1351	0.20412891
1352	0.15044653
1353	0.17065703
1354	0.18392368
1355	0.22241200
1356	0.17721065
1357	0.17860123
1358	0.19746515
1359	0.11047675
1360	0.14714800
1361	0.22486828
1362	0.17349442
1363	0.11514784
1364	0.19833061
1365	0.20607933
1366	0.18615723
1367	0.19671731
1368	0.14407038
1369	0.17503877
1370	0.16815366
1371	0.15984238
1372	0.21556614
1373	0.16986638
1374	0.16644871
1375	0.13831176
1376	0.16268598
1377	0.17010903
1378	0.17873608
1379	0.15281719
1380	0.15197125
1381	0.17393727
1382	0.17212024
1383	0.18643758
1384	0.13298653
1385	0.16189533
1386	0.13417497
1387	0.16838194
1388	0.12619747
1389	0.15846780
1390	0.16212186
1391	0.14675960
1392	0.19578669
1393	0.17925208
1394	0.18726048
1395	0.11547762
1396	0.20406741
1397	0.18273921
1398	0.24347232
1399	0.16791675
1400	0.17562242
1401	0.14449228
1402	0.09506166
1403	0.19187604
1404	0.18861133
1405	0.16671327
1406	0.22495521
1407	0.11747172
1408	0.19733545
1409	0.17778713
1410	0.18161644
1411	0.19824907
1412	0.21499937
1413	0.20811834
1414	0.17617877
1415	0.14889287
1416	0.15457608
1417	0.12920095
1418	0.16391493
1419	0.16367406
1420	0.12992606
1421	0.22331766
1422	0.19451248
1423	0.16620515
1424	0.22210483
1425	0.17506851
1426	0.18997834
1427	0.19020356
1428	0.11377517
1429	0.19905964
1430	0.11633216
1431	0.15754503
1432	0.19374978
1433	0.18761244
1434	0.16860127
1435	0.17344780
1436	0.10205453
1437	0.15979220
1438	0.15704630
1439	0.20064127
1440	0.18721727
1441	0.16904974
1442	0.18646463
1443	0.14728440
1444	0.17007248
1445	0.17081628
1446	0.16700511
1447	0.18697889
1448	0.18374246
1449	0.14764471
1450	0.21720515
1451	0.15236364
1452	0.16979050
1453	0.14725327
1454	0.21373850
1455	0.17157200
1456	0.11410661
1457	0.15678194
1458	0.14426111
1459	0.14455354
1460	0.20465846
1461	0.18695640
1462	0.13343937
1463	0.18737323
1464	0.13741497
1465	0.23508752
1466	0.13190059
1467	0.18529339
1468	0.18019707
1469	0.18319030
1470	0.19626879
1471	0.22077422
1472	0.16260749
1473	0.19026642
1474	0.17254586
1475	0.18066586
1476	0.16356277
1477	0.19117200
1478	0.20745469
1479	0.18808503
1480	0.17581101
1481	0.15753255
1482	0.19029026
1483	0.14685596
1484	0.20455366
1485	0.16475521
1486	0.16426507
1487	0.20988483
1488	0.14760966
1489	0.16082824
1490	0.18991893
1491	0.24678337
1492	0.16852970
1493	0.20011846
1494	0.13531172
1495	0.09151968
1496	0.15573703
1497	0.19334178
1498	0.24497885
1499	0.18017374
1500	0.14019030
1501	0.16451964
1502	0.21793097
1503	0.18222313
1504	0.14909085
1505	0.17652733
1506	0.14654832
1507	0.18779176
1508	0.17434887
1509	0.14171113
1510	0.22733323
1511	0.19650650
1512	0.14850067
1513	0.23782816
1514	0.14541434
1515	0.15249517
1516	0.17139117
1517	0.15426055
1518	0.12248321
1519	0.16721628
1520	0.18627818
1521	0.20436784
1522	0.19476048
1523	0.14168701
1524	0.19190547
1525	0.12727893
1526	0.16996190
1527	0.15458598
1528	0.18849251
1529	0.15620851
1530	0.17091184
1531	0.16454883
1532	0.15407560
1533	0.17081410
1534	0.13787450
1535	0.18903707
1536	0.18005691
1537	0.09681521
1538	0.19383259
1539	0.11257446
1540	0.13599901
1541	0.13399905
1542	0.16647386
1543	0.15049358
1544	0.17836230
1545	0.14007248
1546	0.13675786
1547	0.18182352
1548	0.15649699
1549	0.16078752
1550	0.19090859
1551	0.14616646
1552	0.19481667
1553	0.18256388
1554	0.20004788
1555	0.15921121
1556	0.15651885
1557	0.19028016
1558	0.15911564
1559	0.13719758
1560	0.19551933
1561	0.14017057
1562	0.19614079
1563	0.23704606
1564	0.16873323
1565	0.15754653
1566	0.14318364
1567	0.19794131
1568	0.17612071
1569	0.15953651
1570	0.20420558
1571	0.13422293
1572	0.15262875
1573	0.16022776
1574	0.13216915
1575	0.11415414
1576	0.19752218
1577	0.12993287
1578	0.22519311
1579	0.20555897
1580	0.13431901
1581	0.14703414
1582	0.17467457
1583	0.18234950
1584	0.15887204
1585	0.18340230
1586	0.20197374
1587	0.16434907
1588	0.22189141
1589	0.17781624
1590	0.15447679
1591	0.16958558
1592	0.18517925
1593	0.12891600
1594	0.18863311
1595	0.16614574
1596	0.11291830
1597	0.15492523
1598	0.16988558
1599	0.16605236
1600	0.24714543
1601	0.15118238
1602	0.14177089
1603	0.18218111
1604	0.19915937
1605	0.18175461
1606	0.13853394
1607	0.14544760
1608	0.12981608
1609	0.13979992
1610	0.12682503
1611	0.16198570
1612	0.15161406
1613	0.17341438
1614	0.16104562
1615	0.18515180
1616	0.17149648
1617	0.17129251
1618	0.16412990
1619	0.15583509
1620	0.16921457
1621	0.14025513
1622	0.18424250
1623	0.18868808
1624	0.16516174
1625	0.14972424
1626	0.23054166
1627	0.17698424
1628	0.15876337
1629	0.17441786
1630	0.13100772
1631	0.18560075
1632	0.19165168
1633	0.21656887
1634	0.15774055
1635	0.20800059
1636	0.16595806
1637	0.16820558
1638	0.16658840
1639	0.17314978
1640	0.14759857
1641	0.15888360
1642	0.16350503
1643	0.19788044
1644	0.13262891
1645	0.16036024
1646	0.13375568
1647	0.17790301
1648	0.15618729
1649	0.16214661
1650	0.13825410
1651	0.17956135
1652	0.17932000
1653	0.22653156
1654	0.17930836
1655	0.15266277
1656	0.18164863
1657	0.15750669
1658	0.18010067
1659	0.15756848
1660	0.15898547
1661	0.12316673
1662	0.16236048
1663	0.14115291
1664	0.11168345
1665	0.19753453
1666	0.14405200
1667	0.21745584
1668	0.19825477
1669	0.14291319
1670	0.15717842
1671	0.16907050
1672	0.14804289
1673	0.18718226
1674	0.15088345
1675	0.16710364
1676	0.19304349
1677	0.12334566
1678	0.13043683
1679	0.14817972
1680	0.14121917
1681	0.15347810
1682	0.19672269
1683	0.19699168
1684	0.15672099
1685	0.16757810
1686	0.14029802
1687	0.14202657
1688	0.16072139
1689	0.19605263
1690	0.15719069
1691	0.15733497
1692	0.19415644
1693	0.16040950
1694	0.12185026
1695	0.20778539
1696	0.12008388
1697	0.18759952
1698	0.17580364
1699	0.16670345
1700	0.15182788
1701	0.17331299
1702	0.20789786
1703	0.17382919
1704	0.13213529
1705	0.14043236
1706	0.16966760
1707	0.14174911
1708	0.14831014
1709	0.14838186
1710	0.20484784
1711	0.20914297
1712	0.13863354
1713	0.18103671
1714	0.15151786
1715	0.16194966
1716	0.15637715
1717	0.21374059
1718	0.14022479
1719	0.14186083
1720	0.15691739
1721	0.09930055
1722	0.16144174
1723	0.16846626
1724	0.16621873
1725	0.15792384
1726	0.22065160
1727	0.19396832
1728	0.18369339
1729	0.19801525
1730	0.16490028
1731	0.15901263
1732	0.24156646
1733	0.16809263
1734	0.13092214
1735	0.16100974
1736	0.13880554
1737	0.12322400
1738	0.15874234
1739	0.11949588
1740	0.19217628
1741	0.18219857
1742	0.20845263
1743	0.19425560
1744	0.16852321
1745	0.17775762
1746	0.17227117
1747	0.14053366
1748	0.16208618
1749	0.17864408
1750	0.19217259
1751	0.16704317
1752	0.16959552
1753	0.17185267
1754	0.15725129
1755	0.18009727
1756	0.15097255
1757	0.15438832
1758	0.16072420
1759	0.16538234
1760	0.17128182
1761	0.17751980
1762	0.16627644
1763	0.15795378
1764	0.15652408
1765	0.17195366
1766	0.14742234
1767	0.17100388
1768	0.18034495
1769	0.14036550
1770	0.15104800
1771	0.20155921
1772	0.20835509
1773	0.18629113
1774	0.17709030
1775	0.18076448
1776	0.17361842
1777	0.14792012
1778	0.15483279
1779	0.15672863
1780	0.16290079
1781	0.19861156
1782	0.13748103
1783	0.16739917
1784	0.17818451
1785	0.13948285
1786	0.19007612
1787	0.16257220
1788	0.13084083
1789	0.14071200
1790	0.17546230
1791	0.18042408
1792	0.17763782
1793	0.19435707
1794	0.16061806
1795	0.22693164
1796	0.17495909
1797	0.17377620
1798	0.19870317
1799	0.15029608
1800	0.19008345
1801	0.15622962
1802	0.16297299
1803	0.20792487
1804	0.18994341
1805	0.18271822
1806	0.17418590
1807	0.18490392
1808	0.11038214
1809	0.19987263
1810	0.13353053
1811	0.13328788
1812	0.13133806
1813	0.21461085
1814	0.14218467
1815	0.17268143
1816	0.14469113
1817	0.15465335
1818	0.14510697
1819	0.15870689
1820	0.13378867
1821	0.17130820
1822	0.17719030
1823	0.13622729
1824	0.16604206
1825	0.20337513
1826	0.13372887
1827	0.14478242
1828	0.11233699
1829	0.18076230
1830	0.14263382
1831	0.18858756
1832	0.14644008
1833	0.15140131
1834	0.12963228
1835	0.13688107
1836	0.19518638
1837	0.12423842
1838	0.17517754
1839	0.16248673
1840	0.14780503
1841	0.14808317
1842	0.18626804
1843	0.14714974
1844	0.17669501
1845	0.13699331
1846	0.16843006
1847	0.10994257
1848	0.12740475
1849	0.16295220
1850	0.12010016
1851	0.16468436
1852	0.13878067
1853	0.15855770
1854	0.14656840
1855	0.20564970
1856	0.14933632
1857	0.13780745
1858	0.14293422
1859	0.21633244
1860	0.12714634
1861	0.15595596
1862	0.17492919
1863	0.12890337
1864	0.12853972
1865	0.15933117
1866	0.10787612
1867	0.20179885
1868	0.12573172
1869	0.14520135
1870	0.17702459
1871	0.11477489
1872	0.10917846
1873	0.17078111
1874	0.14647513
1875	0.16105105
1876	0.14171251
1877	0.19700071
1878	0.11036848
1879	0.12667453
1880	0.11533735
1881	0.18852455
1882	0.16041038
1883	0.14500788
1884	0.17385065
1885	0.14993545
1886	0.20201069
1887	0.13561723
1888	0.15872095
1889	0.15767255
1890	0.17920919
1891	0.13607398
1892	0.20159026
1893	0.13691830
1894	0.16110206
1895	0.16366721
1896	0.18948669
1897	0.09770404
1898	0.17208915
1899	0.17072428
1900	0.14349200
1901	0.17796044
1902	0.16696887
1903	0.16284345
1904	0.15410634
1905	0.14857362
1906	0.19983822
1907	0.20770499
1908	0.15806610
1909	0.16360123
1910	0.14061069
1911	0.16227117
1912	0.15183945
1913	0.16314337
1914	0.22106610
1915	0.14604911
1916	0.16719667
1917	0.20854253
1918	0.19610812
1919	0.13675798
1920	0.12975850
1921	0.18890273
1922	0.16620657
1923	0.15244911
1924	0.15762867
1925	0.16946020
1926	0.14938063
1927	0.16760000
1928	0.16911699
1929	0.16149885
1930	0.13642246
1931	0.17684333
1932	0.14540800
1933	0.17908820
1934	0.17516776
1935	0.10105762
1936	0.17122788
1937	0.15188808
1938	0.14216705
1939	0.13734158
1940	0.13317141
1941	0.15558329
1942	0.17016915
1943	0.14159113
1944	0.09913917
1945	0.16700230
1946	0.12971925
1947	0.15906051
1948	0.16183438
1949	0.16840408
1950	0.13710994
1951	0.16600099
1952	0.10433949
1953	0.17144333
1954	0.16102780
1955	0.15213949
1956	0.16280879
1957	0.17591196
1958	0.14042368
1959	0.21417402
1960	0.16313149
1961	0.14769081
1962	0.09591263
1963	0.15101846
1964	0.20120285
1965	0.17337949
1966	0.13645584
1967	0.15081778
1968	0.15276756
1969	0.19289149
1970	0.13597679
1971	0.17685826
1972	0.09888455
1973	0.16713865
1974	0.14869014
1975	0.16376693
1976	0.17574253
1977	0.15484685
1978	0.19201386
1979	0.14320273
1980	0.13162226
1981	0.17235362
1982	0.17044543
1983	0.15059046
1984	0.14149018
1985	0.14850582
1986	0.17267382
1987	0.19041901
1988	0.16051442
1989	0.14431556
1990	0.14564661
1991	0.12964725
1992	0.16107517
1993	0.15311350
1994	0.20182911
1995	0.18315659
1996	0.18691588
1997	0.18385279
1998	0.14536230
1999	0.15409065
2000	0.15042194
2001	0.17003315
2002	0.13737501
2003	0.14316257
2004	0.15272234
2005	0.10841600
2006	0.17315723
2007	0.15236154
2008	0.16303081
2009	0.14361980
2010	0.12556812
2011	0.18551513
2012	0.21279509
2013	0.17794558
2014	0.13901636
2015	0.12032190
2016	0.18947315
2017	0.13823133
2018	0.17404741
2019	0.14127996
2020	0.14483069
2021	0.18277877
2022	0.12728087
2023	0.14915382
2024	0.17312412
2025	0.16844040
2026	0.16507370
2027	0.15398040
2028	0.15992008
2029	0.17155398
2030	0.18248832
2031	0.18227826
2032	0.15557743
2033	0.19121180
2034	0.12254634
2035	0.12981980
2036	0.13691711
2037	0.15952954
2038	0.15674499
2039	0.20209774
2040	0.12288535
2041	0.15511220
2042	0.12964305
2043	0.12433691
2044	0.19371513
2045	0.16919398
2046	0.13759980
2047	0.13644253
2048	0.14449802
2049	0.17467224
2050	0.13557976
2051	0.16603616
2052	0.18829636
2053	0.12344646
2054	0.16690059
2055	0.14937275
2056	0.19603434
2057	0.15385339
2058	0.15434182
2059	0.15351446
2060	0.15638570
2061	0.15187236
2062	0.13412749
2063	0.17123343
2064	0.16838570
2065	0.13525620
2066	0.17392384
2067	0.16410677
2068	0.12789786
2069	0.13287842
2070	0.11202293
2071	0.17250511
2072	0.16169842
2073	0.15993798
2074	0.17973208
2075	0.18769236
2076	0.17763949
2077	0.18885972
2078	0.14629473
2079	0.15379996
2080	0.18196079
2081	0.14798756
2082	0.14542650
2083	0.14735648
2084	0.15652919
2085	0.15306250
2086	0.15859620
2087	0.12245319
2088	0.13559137
2089	0.13521050
2090	0.14718729
2091	0.17880253
2092	0.13882313
2093	0.13468281
2094	0.16868915
2095	0.18818693
2096	0.15299873
2097	0.14581271
2098	0.15442448
2099	0.10228800
2100	0.13365208
2101	0.16150103
2102	0.20061770
2103	0.17895240
2104	0.19823513
2105	0.08274238
2106	0.17930048
2107	0.11867648
2108	0.17387438
2109	0.12763743
2110	0.12326143
2111	0.12680471
2112	0.14938079
2113	0.12023042
2114	0.15807133
2115	0.13983026
2116	0.16621121
2117	0.15323232
2118	0.15604907
2119	0.16631770
2120	0.15413398
2121	0.21592020
2122	0.21648610
2123	0.13392832
2124	0.13126301
2125	0.12689853
2126	0.11157410
2127	0.16942055
2128	0.17933786
2129	0.19181699
2130	0.14571295
2131	0.17598756
2132	0.16111584
2133	0.17023022
2134	0.12740135
2135	0.15094174
2136	0.10916075
2137	0.21015529
2138	0.09912772
2139	0.13323220
2140	0.12688859
2141	0.15058119
2142	0.15166677
2143	0.15155457
2144	0.20837430
2145	0.15270115
2146	0.18205885
2147	0.17570677
2148	0.14796828
2149	0.17051331
2150	0.14170404
2151	0.11203481
2152	0.17315097
2153	0.13570123
2154	0.14892550
2155	0.21600044
2156	0.11538598
2157	0.11511208
2158	0.10280396
2159	0.17843382
2160	0.11785370
2161	0.17456178
2162	0.11202333
2163	0.17243030
2164	0.13721446
2165	0.15061224
2166	0.12837307
2167	0.18661283
2168	0.16459552
2169	0.12678380
2170	0.16544911
2171	0.10614689
2172	0.12699069
2173	0.12700063
2174	0.15243818
2175	0.20845976
2176	0.17103952
2177	0.17170301
2178	0.14703960
2179	0.17551366
2180	0.15504226
2181	0.11200705
2182	0.16563378
2183	0.13321560
2184	0.14857933
2185	0.13975010
2186	0.10890048
2187	0.14139271
2188	0.15410531
2189	0.09687580
2190	0.17305018
2191	0.16051747
2192	0.15018206
2193	0.14834285
2194	0.11191901
2195	0.14096709
2196	0.15504950
2197	0.12409125
2198	0.13604689
2199	0.11660626
2200	0.16858055
2201	0.19575584
2202	0.16686966
2203	0.10234396
2204	0.17823921
2205	0.17405010
2206	0.17767263
2207	0.13353576
2208	0.12910368
2209	0.17332693
2210	0.16015917
2211	0.12589545
2212	0.14179394
2213	0.15677350
2214	0.11779362
2215	0.14216067
2216	0.11202008
2217	0.18960396
2218	0.15621160
2219	0.13652899
2220	0.10010677
2221	0.12162380
2222	0.16664143
2223	0.12110451
2224	0.14324048
2225	0.15646246
2226	0.10212741
2227	0.15619905
2228	0.12440594
2229	0.16812741
2230	0.15883263
2231	0.15295786
2232	0.15555481
2233	0.15371699
2234	0.10759461
2235	0.14531687
2236	0.19309905
2237	0.14162166
2238	0.18563766
2239	0.13951014
2240	0.18726150
2241	0.14791675
2242	0.11721457
2243	0.16662230
2244	0.16889774
2245	0.11575117
2246	0.18116428
2247	0.18534820
2248	0.16122071
2249	0.17725560
2250	0.16699537
2251	0.12672008
2252	0.17997842
2253	0.10947663
2254	0.14181299
2255	0.11760507
2256	0.16572661
2257	0.18669121
2258	0.12929620
2259	0.16170693
2260	0.12251093
2261	0.20296950
2262	0.13558610
2263	0.15359501
2264	0.13750788
2265	0.12948788
2266	0.16990028
2267	0.15953204
2268	0.11825485
2269	0.12301509
2270	0.10672515
2271	0.18225061
2272	0.12031584
2273	0.13984879
2274	0.15111568
2275	0.15293481
2276	0.12848325
2277	0.12178044
2278	0.17877719
2279	0.17097390
2280	0.18466800
2281	0.14885208
2282	0.11749766
2283	0.14241240
2284	0.14389960
2285	0.10910939
2286	0.16643248
2287	0.15847212
2288	0.17807505
2289	0.15689081
2290	0.10727244
2291	0.17440091
2292	0.13679790
2293	0.14012416
2294	0.11453826
2295	0.20279212
2296	0.16363754
2297	0.13972190
2298	0.14398424
2299	0.12629964
2300	0.18634234
2301	0.12191299
2302	0.17451715
2303	0.19059014
2304	0.18629461
2305	0.14110487
2306	0.14466095
2307	0.15900040
2308	0.14178550
2309	0.20668848
2310	0.13101271
2311	0.15173814
2312	0.09518737
2313	0.14922317
2314	0.15174828
2315	0.16757331
2316	0.13542499
2317	0.13569711
2318	0.18668127
2319	0.14771881
2320	0.12165956
2321	0.14122444
2322	0.13737905
2323	0.13104143
2324	0.19944986
2325	0.16801251
2326	0.15857576
2327	0.16582859
2328	0.15953311
2329	0.12629299
2330	0.11719366
2331	0.13682198
2332	0.18466238
2333	0.15100800
2334	0.15142574
2335	0.19413644
2336	0.10374614
2337	0.17140891
2338	0.08637671
2339	0.14545196
2340	0.13395750
2341	0.11307644
2342	0.10882182
2343	0.14566994
2344	0.16447956
2345	0.17278923
2346	0.08187168
2347	0.17416681
2348	0.14889196
2349	0.15697164
2350	0.16963442
2351	0.17174147
2352	0.14634063
2353	0.14710935
2354	0.16920075
2355	0.12479453
2356	0.19754507
2357	0.14625822
2358	0.16914935
2359	0.17173168
2360	0.16310471
2361	0.11988293
2362	0.09162709
2363	0.13918230
2364	0.15216455
2365	0.17081798
2366	0.16855541
2367	0.14952127
2368	0.14163295
2369	0.12962998
2370	0.15797861
2371	0.13221537
2372	0.10184265
2373	0.14067430
2374	0.15828384
2375	0.14385735
2376	0.14987390
2377	0.13263648
2378	0.13450372
2379	0.15384749
2380	0.12426677
2381	0.12484467
2382	0.11600721
2383	0.15309545
2384	0.09749576
2385	0.21529925
2386	0.19544657
2387	0.12055303
2388	0.16135802
2389	0.18249640
2390	0.15889493
2391	0.14246717
2392	0.12332392
2393	0.18461806
2394	0.13142158
2395	0.12938301
2396	0.12005378
2397	0.15678471
2398	0.15181002
2399	0.13635727
2400	0.12751549
2401	0.12219651
2402	0.15053422
2403	0.14637525
2404	0.12411224
2405	0.14966020
2406	0.15847343
2407	0.16406602
2408	0.11985600
2409	0.12297988
2410	0.17002281
2411	0.16630246
2412	0.15980713
2413	0.16705038
2414	0.12962630
2415	0.12846523
2416	0.14922448
2417	0.13686325
2418	0.19703109
2419	0.13289925
2420	0.10090301
2421	0.13352705
2422	0.18339945
2423	0.16454265
2424	0.14904709
2425	0.18755766
2426	0.12642463
2427	0.13850899
2428	0.13944250
2429	0.15466875
2430	0.18776305
2431	0.13508527
2432	0.14358040
2433	0.19075576
2434	0.13574479
2435	0.13335299
2436	0.16801034
2437	0.12386681
2438	0.13414424
2439	0.21540139
2440	0.16623133
2441	0.18137802
2442	0.10794000
2443	0.10396760
2444	0.15204931
2445	0.14907236
2446	0.16548558
2447	0.17368265
2448	0.17968261
2449	0.21927354
2450	0.11727232
2451	0.14863430
2452	0.12657675
2453	0.14088788
2454	0.14718087
2455	0.15545006
2456	0.14183881
2457	0.17845489
2458	0.12316285
2459	0.15810515
2460	0.14179030
2461	0.15039053
2462	0.15650448
2463	0.16329612
2464	0.13119283
2465	0.17309921
2466	0.15047461
2467	0.11995267
2468	0.15092455
2469	0.13941497
2470	0.14081739
2471	0.14142970
2472	0.15533465
2473	0.13365382
2474	0.10282887
2475	0.10891850
2476	0.15130507
2477	0.14281430
2478	0.11746974
2479	0.16851097
2480	0.14995897
2481	0.13488622
2482	0.14429735
2483	0.13237719
2484	0.12785398
2485	0.18041901
2486	0.12894420
2487	0.17850978
2488	0.15443980
2489	0.14736998
2490	0.13468519
2491	0.17177885
2492	0.13390574
2493	0.11304265
2494	0.15026028
2495	0.15791461
2496	0.11034364
2497	0.17820436
2498	0.15571549
2499	0.13450349
2500	0.16083806
2501	0.13675600
2502	0.16052808
2503	0.13107362
2504	0.19407719
2505	0.15150515
2506	0.12398226
2507	0.14617398
2508	0.18203473
2509	0.13076210
2510	0.15865137
2511	0.14973152
2512	0.14871588
2513	0.16580261
2514	0.12089366
2515	0.17440158
2516	0.13718634
2517	0.20579949
2518	0.12859046
2519	0.10972380
2520	0.13805335
2521	0.13970745
2522	0.12604364
2523	0.18522689
2524	0.13416863
2525	0.16450143
2526	0.11505255
2527	0.16651750
2528	0.14757901
2529	0.13274028
2530	0.16874737
2531	0.15513743
2532	0.17219564
2533	0.11400737
2534	0.14909307
2535	0.13079814
2536	0.11395485
2537	0.13774863
2538	0.10388661
2539	0.12306206
2540	0.15096182
2541	0.10920749
2542	0.12236234
2543	0.16295929
2544	0.15911267
2545	0.12756190
2546	0.11784048
2547	0.14779010
2548	0.19378071
2549	0.16887160
2550	0.17031830
2551	0.12736099
2552	0.13114574
2553	0.17240859
2554	0.16923327
2555	0.11142701
2556	0.11970020
2557	0.14138305
2558	0.10567196
2559	0.15936507
2560	0.15316032
2561	0.13065592
2562	0.14311529
2563	0.13592578
2564	0.17603018
2565	0.14501846
2566	0.12838915
2567	0.08758606
2568	0.09625172
2569	0.13424947
2570	0.09406471
2571	0.11401552
2572	0.10084725
2573	0.14479255
2574	0.16561885
2575	0.14317901
2576	0.16094392
2577	0.15915972
2578	0.10127655
2579	0.15617584
2580	0.15474646
2581	0.11913160
2582	0.11432479
2583	0.14919022
2584	0.16514071
2585	0.17117117
2586	0.11069980
2587	0.12688879
2588	0.18910590
2589	0.09866626
2590	0.14758507
2591	0.18246844
2592	0.08294376
2593	0.16443109
2594	0.15686713
2595	0.19243707
2596	0.09272246
2597	0.18050586
2598	0.14159802
2599	0.18372250
2600	0.08956523
2601	0.15261818
2602	0.11963248
2603	0.13407552
2604	0.12811873
2605	0.08922194
2606	0.12892000
2607	0.11356404
2608	0.14592277
2609	0.17210630
2610	0.12760396
2611	0.14149457
2612	0.14281434
2613	0.13867620
2614	0.09976222
2615	0.12467608
2616	0.12379137
2617	0.11451893
2618	0.12841339
2619	0.10609125
2620	0.15064867
2621	0.15583968
2622	0.16931208
2623	0.12391659
2624	0.12281929
2625	0.17700539
2626	0.14058032
2627	0.16865675
2628	0.11245366
2629	0.18212206
2630	0.12630404
2631	0.10717434
2632	0.20125113
2633	0.15934558
2634	0.08183279
2635	0.11447481
2636	0.17957774
2637	0.15949335
2638	0.11316166
2639	0.15642444
2640	0.19111505
2641	0.14124067
2642	0.13676907
2643	0.11574650
2644	0.17356511
2645	0.11505885
2646	0.09045600
2647	0.13082099
2648	0.16612741
2649	0.11076467
2650	0.13912752
2651	0.15054923
2652	0.12477069
2653	0.17882261
2654	0.17105806
2655	0.12609362
2656	0.14825477
2657	0.15862408
2658	0.13756455
2659	0.16729873
2660	0.11676543
2661	0.14482745
2662	0.15335374
2663	0.14922368
2664	0.14433259
2665	0.20062808
2666	0.13806246
2667	0.11200210
2668	0.13322329
2669	0.16143683
2670	0.16017604
2671	0.19332531
2672	0.12771671
2673	0.14207901
2674	0.16522634
2675	0.10091790
2676	0.11903291
2677	0.15492661
2678	0.17935636
2679	0.14735750
2680	0.12995228
2681	0.14674907
2682	0.15668091
2683	0.15531802
2684	0.14761568
2685	0.16838396
2686	0.12523469
2687	0.16182036
2688	0.12774487
2689	0.15459196
2690	0.16873897
2691	0.16698186
2692	0.10180733
2693	0.15196733
2694	0.14107497
2695	0.09782721
2696	0.19276927
2697	0.11376467
2698	0.18281937
2699	0.15060515
2700	0.08539014
2701	0.16948820
2702	0.17458008
2703	0.16983754
2704	0.13989909
2705	0.13296036
2706	0.15343378
2707	0.13217168
2708	0.17991945
2709	0.16272384
2710	0.16446962
2711	0.20743362
2712	0.09484459
2713	0.13627996
2714	0.13440630
2715	0.17543723
2716	0.09095945
2717	0.12996210
2718	0.12990305
2719	0.15360317
2720	0.11834646
2721	0.16798095
2722	0.14603632
2723	0.13482471
2724	0.12288578
2725	0.17586808
2726	0.10172768
2727	0.14997438
2728	0.10611893
2729	0.10400471
2730	0.10799937
2731	0.17712190
2732	0.14786681
2733	0.10172150
2734	0.11486832
2735	0.13584970
2736	0.10507014
2737	0.18095620
2738	0.09255588
2739	0.09545572
2740	0.13125533
2741	0.12131152
2742	0.12305406
2743	0.17988768
2744	0.13104610
2745	0.14031406
2746	0.08771406
2747	0.14317679
2748	0.16114883
2749	0.14547818
2750	0.17288119
2751	0.17736206
2752	0.17672543
2753	0.12110507
2754	0.14449501
2755	0.12747350
2756	0.11318784
2757	0.09325386
2758	0.16221370
2759	0.12889105
2760	0.14424071
2761	0.16008745
2762	0.17136681
2763	0.14078131
2764	0.14154511
2765	0.13400333
2766	0.16499180
2767	0.12786828
2768	0.18498550
2769	0.10687758
2770	0.17890840
2771	0.13158095
2772	0.09539810
2773	0.11309545
2774	0.12236178
2775	0.11296008
2776	0.10599113
2777	0.16429727
2778	0.09567655
2779	0.19085386
2780	0.12064943
2781	0.08161505
2782	0.10108927
2783	0.16066935
2784	0.17789699
2785	0.13894273
2786	0.14684412
2787	0.14352313
2788	0.14588990
2789	0.16514028
2790	0.13189438
2791	0.12585750
2792	0.14350903
2793	0.12140950
2794	0.13983319
2795	0.19182337
2796	0.15115588
2797	0.13959552
2798	0.11657137
2799	0.10877307
2800	0.12066154
2801	0.17712139
2802	0.10865331
2803	0.15553156
2804	0.11386424
2805	0.13352424
2806	0.14272701
2807	0.11169762
2808	0.20079675
2809	0.16670055
2810	0.14486487
2811	0.13727418
2812	0.12595446
2813	0.14515790
2814	0.15027014
2815	0.12546974
2816	0.12914879
2817	0.16301267
2818	0.17329560
2819	0.14304424
2820	0.12091065
2821	0.11900131
2822	0.13938036
2823	0.13256562
2824	0.12021438
2825	0.11447343
2826	0.14977331
2827	0.11732883
2828	0.14331750
2829	0.13828071
2830	0.13643691
2831	0.12878440
2832	0.15812764
2833	0.19292685
2834	0.11848887
2835	0.14291857
2836	0.15215121
2837	0.20616063
2838	0.10327390
2839	0.11504479
2840	0.13424693
2841	0.14045279
2842	0.15116594
2843	0.12237964
2844	0.12005925
2845	0.12045453
2846	0.15430372
2847	0.14283881
2848	0.14060317
2849	0.09135366
2850	0.12697117
2851	0.11363339
2852	0.15024954
2853	0.15937077
2854	0.14980083
2855	0.16629026
2856	0.14980459
2857	0.12757026
2858	0.10440602
2859	0.09389208
2860	0.14726531
2861	0.15990345
2862	0.18201723
2863	0.10714994
2864	0.14030566
2865	0.09819568
2866	0.16893521
2867	0.15523549
2868	0.10556487
2869	0.09639196
2870	0.09302832
2871	0.18568634
2872	0.11384594
2873	0.12399525
2874	0.15579893
2875	0.13279580
2876	0.10278887
2877	0.11994867
2878	0.11373168
2879	0.13629834
2880	0.16806345
2881	0.16099667
2882	0.10404432
2883	0.09549224
2884	0.09405735
2885	0.12530396
2886	0.15168681
2887	0.16686131
2888	0.16548127
2889	0.13881125
2890	0.09396515
2891	0.13455141
2892	0.18255869
2893	0.16327251
2894	0.10900554
2895	0.13437945
2896	0.11999814
2897	0.14698550
2898	0.12014519
2899	0.13299271
2900	0.12108693
2901	0.10361964
2902	0.12467422
2903	0.16319493
2904	0.15587802
2905	0.12143101
2906	0.14995826
2907	0.15579442
2908	0.12495026
2909	0.16415596
2910	0.10823604
2911	0.10800253
2912	0.09140752
2913	0.10615782
2914	0.11827616
2915	0.13023663
2916	0.14442000
2917	0.15294091
2918	0.15273339
2919	0.14956784
2920	0.15351046
2921	0.14737747
2922	0.09337509
2923	0.16648107
2924	0.11965671
2925	0.16006135
2926	0.09614028
2927	0.10944677
2928	0.13224554
2929	0.15978931
2930	0.12738586
2931	0.13501505
2932	0.08450119
2933	0.10809200
2934	0.12352253
2935	0.15751560
2936	0.12420947
2937	0.10263818
2938	0.14378024
2939	0.17161362
2940	0.16532527
2941	0.08490733
2942	0.16966032
2943	0.15558554
2944	0.16393010
2945	0.11715877
2946	0.15680028
2947	0.17043311
2948	0.14459552
2949	0.11601826
2950	0.14627006
2951	0.09698186
2952	0.16192024
2953	0.12828515
2954	0.16192931
2955	0.18116832
2956	0.11720333
2957	0.18777117
2958	0.14533556
2959	0.12134539
2960	0.12142404
2961	0.15069651
2962	0.12370242
2963	0.11909790
2964	0.14993628
2965	0.09324713
2966	0.09002024
2967	0.08963679
2968	0.15806523
2969	0.11344202
2970	0.12361842
2971	0.18857085
2972	0.15280519
2973	0.16894115
2974	0.15608234
2975	0.18083865
2976	0.14068261
2977	0.11184345
2978	0.16478947
2979	0.19056190
2980	0.09419259
2981	0.11812566
2982	0.16510638
2983	0.09615659
2984	0.08594792
2985	0.14457228
2986	0.10235842
2987	0.11153893
2988	0.15841529
2989	0.12791295
2990	0.15138705
2991	0.16355358
2992	0.15072578
2993	0.15588836
2994	0.14143267
2995	0.11422772
2996	0.13917806
2997	0.12412238
2998	0.16640242
2999	0.12487513
3000	0.18158341
3001	0.14159612
3002	0.11840392
3003	0.18628919
3004	0.12062844
3005	0.16995691
3006	0.17884036
3007	0.13536277
3008	0.20599335
3009	0.11240558
3010	0.13627145
3011	0.10130028
3012	0.13977790
3013	0.13896075
3014	0.14185382
3015	0.13606562
3016	0.16599996
3017	0.16305002
3018	0.09673699
3019	0.16403624
3020	0.10697533
3021	0.13276752
3022	0.16482832
3023	0.16891430
3024	0.11957921
3025	0.11518075
3026	0.12065236
3027	0.15337937
3028	0.10188451
3029	0.13690202
3030	0.10928293
3031	0.15077014
3032	0.21248519
3033	0.12469497
3034	0.14000139
3035	0.12843133
3036	0.12934162
3037	0.13681687
3038	0.11750194
3039	0.13939061
3040	0.14882491
3041	0.16615667
3042	0.11706162
3043	0.15091608
3044	0.10717552
3045	0.13839952
3046	0.11393545
3047	0.15392051
3048	0.09567719
3049	0.15993327
3050	0.14513335
3051	0.13677339
3052	0.17906943
3053	0.12249446
3054	0.12472570
3055	0.16462107
3056	0.19804182
3057	0.16479552
3058	0.12714170
3059	0.12756143
3060	0.14304285
3061	0.14379255
3062	0.13726372
3063	0.12354947
3064	0.10597651
3065	0.11493885
3066	0.15900313
3067	0.12559022
3068	0.09501386
3069	0.16289679
3070	0.08433711
3071	0.17098626
3072	0.07601976
3073	0.17323699
3074	0.15550574
3075	0.14623925
3076	0.12500776
3077	0.14684194
3078	0.11924448
3079	0.09993354
3080	0.11686693
3081	0.12379770
3082	0.14910380
3083	0.13480733
3084	0.08694764
3085	0.12178226
3086	0.12773869
3087	0.13211493
3088	0.13167053
3089	0.16426539
3090	0.10341398
3091	0.17079846
3092	0.17603604
3093	0.12175267
3094	0.13502859
3095	0.14031762
3096	0.14265240
3097	0.10592234
3098	0.10759750
3099	0.12563529
3100	0.13223141
3101	0.15075137
3102	0.14631596
3103	0.10761663
3104	0.17084293
3105	0.10949968
3106	0.12597758
3107	0.18063196
3108	0.10828911
3109	0.11277842
3110	0.13130139
3111	0.09717323
3112	0.15927315
3113	0.14369576
3114	0.16273735
3115	0.16455838
3116	0.12378218
3117	0.13292673
3118	0.14296242
3119	0.11875299
3120	0.14415545
3121	0.12938333
3122	0.13918440
3123	0.12393964
3124	0.10157913
3125	0.11798067
3126	0.11528966
3127	0.14591382
3128	0.15360788
3129	0.14762800
3130	0.12680463
3131	0.12300111
3132	0.12739014
3133	0.17005988
3134	0.12109248
3135	0.14654550
3136	0.12968911
3137	0.12056040
3138	0.16800531
3139	0.10993354
3140	0.10897208
3141	0.10969937
3142	0.08752693
3143	0.17003374
3144	0.10940950
3145	0.15722820
3146	0.17591533
3147	0.17596222
3148	0.13483485
3149	0.12968265
3150	0.15089176
3151	0.16067830
3152	0.10786677
3153	0.07774646
3154	0.12967628
3155	0.16761350
3156	0.10033604
3157	0.15202214
3158	0.15492273
3159	0.14893319
3160	0.11677984
3161	0.12995968
3162	0.15924083
3163	0.16535679
3164	0.10297370
3165	0.10595485
3166	0.13200978
3167	0.10041069
3168	0.13878044
3169	0.11153438
3170	0.12390420
3171	0.14589117
3172	0.09884954
3173	0.12759398
3174	0.13884816
3175	0.12246947
3176	0.11692487
3177	0.12986444
3178	0.10343873
3179	0.10200554
3180	0.13860547
3181	0.10651465
3182	0.12435952
3183	0.09798214
3184	0.14782016
3185	0.15487129
3186	0.10704309
3187	0.17269117
3188	0.10112325
3189	0.17421267
3190	0.16315612
3191	0.14131925
3192	0.09085525
3193	0.09560032
3194	0.09308836
3195	0.12385149
3196	0.11935794
3197	0.12362586
3198	0.14658943
3199	0.16701917
3200	0.14970448
3201	0.12452491
3202	0.10847541
3203	0.10546032
3204	0.10920927
3205	0.10454796
3206	0.11506380
3207	0.10569624
3208	0.13722352
3209	0.14649909
3210	0.13793394
3211	0.15094610
3212	0.13482055
3213	0.10528511
3214	0.11492816
3215	0.15449164
3216	0.11010737
3217	0.12444218
3218	0.17072527
3219	0.14758234
3220	0.13148293
3221	0.14344345
3222	0.12580907
3223	0.12262424
3224	0.13292590
3225	0.15230966
3226	0.14697236
3227	0.15270036
3228	0.09745766
3229	0.15515509
3230	0.06727240
3231	0.17765628
3232	0.11938412
3233	0.13146796
3234	0.15104250
3235	0.11876836
3236	0.10644657
3237	0.09201141
3238	0.08112812
3239	0.08047719
3240	0.15927212
3241	0.07148638
3242	0.11827129
3243	0.14584305
3244	0.13246206
3245	0.15561505
3246	0.11521996
3247	0.09711006
3248	0.18184214
3249	0.15243905
3250	0.09699719
3251	0.11266562
3252	0.20345390
3253	0.12423323
3254	0.13628515
3255	0.11326321
3256	0.12288400
3257	0.14779529
3258	0.13212883
3259	0.17018780
3260	0.16061065
3261	0.12712024
3262	0.12180190
3263	0.16586824
3264	0.16073572
3265	0.13725113
3266	0.10009541
3267	0.10199762
3268	0.12061085
3269	0.13627275
3270	0.13759053
3271	0.08596202
3272	0.09577089
3273	0.16602499
3274	0.10430158
3275	0.20212317
3276	0.08004388
3277	0.09467315
3278	0.14450408
3279	0.11860582
3280	0.16863347
3281	0.15334345
3282	0.12846828
3283	0.14494305
3284	0.19281624
3285	0.12087327
3286	0.17454384
3287	0.15490444
3288	0.13981525
3289	0.10970234
3290	0.11836562
3291	0.13115105
3292	0.10332527
3293	0.15209335
3294	0.19113176
3295	0.13671065
3296	0.11268582
3297	0.16761331
3298	0.14862851
3299	0.12755481
3300	0.09686079
3301	0.12240309
3302	0.12509129
3303	0.15585259
3304	0.11451711
3305	0.13912451
3306	0.12997790
3307	0.16490836
3308	0.11956475
3309	0.17775382
3310	0.15739735
3311	0.12916111
3312	0.14192808
3313	0.10546713
3314	0.10869081
3315	0.10037093
3316	0.10928147
3317	0.15739141
3318	0.10831533
3319	0.14245786
3320	0.15736990
3321	0.13340709
3322	0.13181794
3323	0.10453065
3324	0.10915366
3325	0.10010246
3326	0.08534950
3327	0.09877636
3328	0.15383620
3329	0.13412143
3330	0.14067846
3331	0.15214646
3332	0.12673893
3333	0.13970756
3334	0.11012337
3335	0.11746317
3336	0.11168325
3337	0.12773687
3338	0.17527251
3339	0.17326273
3340	0.13333018
3341	0.12981236
3342	0.15683137
3343	0.14004630
3344	0.15613810
3345	0.09705073
3346	0.11930515
3347	0.12283564
3348	0.15560020
3349	0.10544871
3350	0.14469917
3351	0.13144661
3352	0.14404642
3353	0.14236309
3354	0.13148820
3355	0.14053382
3356	0.12834511
3357	0.16270796
3358	0.13243390
3359	0.15772895
3360	0.11312788
3361	0.21758859
3362	0.14079386
3363	0.10939541
3364	0.08292115
3365	0.11317770
3366	0.08149164
3367	0.17372824
3368	0.17763937
3369	0.10247743
3370	0.12009786
3371	0.09473616
3372	0.07790911
3373	0.13242796
3374	0.13314253
3375	0.11707941
3376	0.11101450
3377	0.12862380
3378	0.12689188
3379	0.17801382
3380	0.10981204
3381	0.18584174
3382	0.12958562
3383	0.13627976
3384	0.15128384
3385	0.12743794
3386	0.12897042
3387	0.13105212
3388	0.13506978
3389	0.11059374
3390	0.13695687
3391	0.14292071
3392	0.14893750
3393	0.15175259
3394	0.11820467
3395	0.10294075
3396	0.15302788
3397	0.15743786
3398	0.10749976
3399	0.12081651
3400	0.11381945
3401	0.15057723
3402	0.16766317
3403	0.13457937
3404	0.11561592
3405	0.11625259
3406	0.14987319
3407	0.15390515
3408	0.17440535
3409	0.10122028
3410	0.09930966
3411	0.12931315
3412	0.13709873
3413	0.10368040
3414	0.07548238
3415	0.12913576
3416	0.09063560
3417	0.12756376
3418	0.10322008
3419	0.14310776
3420	0.21345180
3421	0.14781556
3422	0.12253814
3423	0.08201255
3424	0.16837236
3425	0.15928451
3426	0.13183323
3427	0.11422495
3428	0.12601604
3429	0.12143386
3430	0.13954479
3431	0.16528483
3432	0.08289501
3433	0.13747719
3434	0.12174511
3435	0.10213648
3436	0.10324737
3437	0.15716150
3438	0.12090158
3439	0.15774004
3440	0.13298182
3441	0.14592459
3442	0.17490523
3443	0.10982531
3444	0.16323873
3445	0.11335050
3446	0.11524463
3447	0.09545192
3448	0.11040059
3449	0.09416725
3450	0.14614297
3451	0.12060851
3452	0.10803727
3453	0.14999481
3454	0.10592285
3455	0.14770547
3456	0.11933560
3457	0.10268432
3458	0.09847287
3459	0.14140079
3460	0.08724701
3461	0.15102059
3462	0.17572143
3463	0.13102618
3464	0.15300313
3465	0.11194190
3466	0.11289604
3467	0.08438483
3468	0.14161477
3469	0.14615723
3470	0.17343941
3471	0.18081350
3472	0.14692745
3473	0.13549125
3474	0.11624083
3475	0.07892796
3476	0.13267529
3477	0.12356990
3478	0.10333398
3479	0.09834966
3480	0.15350360
3481	0.13906273
3482	0.13990756
3483	0.15452451
3484	0.13718582
3485	0.10850257
3486	0.10629865
3487	0.16619881
3488	0.15297097
3489	0.11842907
3490	0.12827929
3491	0.12792681
3492	0.14751933
3493	0.12186570
3494	0.16147164
3495	0.15041386
3496	0.13857485
3497	0.16582448
3498	0.09606606
3499	0.14089584
3500	0.13251485
3501	0.10889489
3502	0.14336986
3503	0.09135893
3504	0.13932162
3505	0.13835327
3506	0.14196420
3507	0.17304642
3508	0.13797549
3509	0.16104020
3510	0.08125517
3511	0.15522008
3512	0.14302182
3513	0.13931675
3514	0.13045683
3515	0.06563778
3516	0.11123640
3517	0.18791406
3518	0.14210836
3519	0.13467592
3520	0.08938103
3521	0.14468440
3522	0.08160701
3523	0.12227699
3524	0.15909065
3525	0.11652186
3526	0.12511735
3527	0.11052479
3528	0.13196293
3529	0.16596665
3530	0.16665010
3531	0.13456194
3532	0.13225442
3533	0.14434566
3534	0.13197758
3535	0.13476820
3536	0.15909525
3537	0.17328107
3538	0.13356756
3539	0.11330135
3540	0.13334713
3541	0.10709921
3542	0.09529952
3543	0.13247909
3544	0.12451121
3545	0.11431513
3546	0.14370178
3547	0.11296436
3548	0.15426261
3549	0.13636087
3550	0.18768491
3551	0.09133180
3552	0.14354665
3553	0.12063248
3554	0.14406182
3555	0.10893782
3556	0.10207628
3557	0.14660036
3558	0.18367620
3559	0.12610950
3560	0.08940451
3561	0.14283172
3562	0.16706947
3563	0.15492717
3564	0.13960784
3565	0.16924911
3566	0.12835461
3567	0.12220519
3568	0.15178764
3569	0.10707018
3570	0.13082277
3571	0.14730016
3572	0.15692550
3573	0.18372289
3574	0.16217897
3575	0.14149501
3576	0.09769655
3577	0.12229580
3578	0.07776325
3579	0.12733913
3580	0.09391485
3581	0.16841533
3582	0.12632931
3583	0.12084923
3584	0.14577212
3585	0.08781739
3586	0.14794697
3587	0.09060784
3588	0.14956618
3589	0.14996127
3590	0.07915010
3591	0.14560547
3592	0.11508210
3593	0.13012824
3594	0.08877481
3595	0.13267164
3596	0.15926879
3597	0.14487857
3598	0.09153168
3599	0.14240669
3600	0.11508020
3601	0.11385754
3602	0.13513857
3603	0.13138198
3604	0.15198626
3605	0.17219988
3606	0.15536962
3607	0.15151743
3608	0.10994550
3609	0.13047644
3610	0.18617865
3611	0.15471339
3612	0.08820661
3613	0.12916024
3614	0.14046677
3615	0.13461632
3616	0.09113699
3617	0.07463212
3618	0.18242253
3619	0.09832364
3620	0.15412657
3621	0.14273857
3622	0.14648776
3623	0.12026923
3624	0.14086099
3625	0.16700792
3626	0.11663267
3627	0.15411814
3628	0.14433220
3629	0.16773117
3630	0.13079113
3631	0.12343703
3632	0.16839303
3633	0.18549473
3634	0.11333715
3635	0.12487077
3636	0.14027917
3637	0.10579513
3638	0.15126234
3639	0.10263632
3640	0.11399022
3641	0.11886075
3642	0.11203509
3643	0.08196808
3644	0.08132927
3645	0.17822650
3646	0.13728709
3647	0.12660848
3648	0.14008650
3649	0.12971446
3650	0.13507790
3651	0.13674020
3652	0.06241457
3653	0.09661873
3654	0.12396883
3655	0.14291323
3656	0.11844709
3657	0.15439960
3658	0.13013580
3659	0.13793747
3660	0.15355564
3661	0.12952788
3662	0.16999434
3663	0.15282848
3664	0.12201319
3665	0.09629117
3666	0.10499113
3667	0.09761176
3668	0.12677141
3669	0.13501212
3670	0.12760515
3671	0.18079026
3672	0.15086974
3673	0.14347152
3674	0.12175465
3675	0.13702214
3676	0.12623477
3677	0.15669248
3678	0.11282594
3679	0.12085770
3680	0.11870554
3681	0.14118681
3682	0.10677937
3683	0.09520147
3684	0.08775287
3685	0.14706424
3686	0.17175766
3687	0.08912257
3688	0.14499145
3689	0.10282669
3690	0.12967050
3691	0.15458115
3692	0.16162887
3693	0.10358313
3694	0.09637830
3695	0.15628816
3696	0.13677220
3697	0.10683671
3698	0.12346784
3699	0.14106519
3700	0.15546669
3701	0.09519141
3702	0.10001905
3703	0.12456923
3704	0.07884044
3705	0.15291117
3706	0.12674103
3707	0.16260523
3708	0.10856832
3709	0.13921687
3710	0.14231224
3711	0.08496840
3712	0.16628182
3713	0.10907196
3714	0.08587687
3715	0.07242178
3716	0.09505675
3717	0.14019101
3718	0.09365525
3719	0.12900689
3720	0.11139093
3721	0.11088776
3722	0.09691442
3723	0.15200067
3724	0.11771976
3725	0.08043905
3726	0.12477073
3727	0.14012689
3728	0.15962341
3729	0.15174954
3730	0.17434206
3731	0.09873960
3732	0.08856325
3733	0.13178131
3734	0.16245109
3735	0.14872356
3736	0.07789929
3737	0.12799418
3738	0.10099366
3739	0.12066685
3740	0.12284816
3741	0.12686103
3742	0.09563350
3743	0.12235184
3744	0.15831469
3745	0.08254174
3746	0.11948008
3747	0.11470051
3748	0.11879830
3749	0.12624725
3750	0.12799949
3751	0.08864527
3752	0.15391042
3753	0.10452055
3754	0.10583861
3755	0.12543061
3756	0.12214341
3757	0.12439061
3758	0.10419046
3759	0.14538931
3760	0.10465699
3761	0.09185069
3762	0.14645418
3763	0.08942927
3764	0.09250840
3765	0.16671358
3766	0.10324943
3767	0.10948325
3768	0.09107814
3769	0.14100182
3770	0.09697442
3771	0.14493505
3772	0.08428487
3773	0.12098950
3774	0.16560158
3775	0.11683406
3776	0.14047956
3777	0.11865850
3778	0.07380677
3779	0.10673109
3780	0.08614162
3781	0.09042210
3782	0.14247655
3783	0.13157386
3784	0.12354190
3785	0.09784697
3786	0.17754828
3787	0.15084079
3788	0.16025865
3789	0.10128281
3790	0.11966523
3791	0.13066380
3792	0.15038309
3793	0.11690820
3794	0.16583968
3795	0.15327172
3796	0.09699834
3797	0.12155679
3798	0.12280950
3799	0.11856067
3800	0.13035362
3801	0.11845354
3802	0.09698610
3803	0.11696634
3804	0.14167259
3805	0.10982432
3806	0.09713450
3807	0.12833576
3808	0.12197905
3809	0.12529707
3810	0.09429735
3811	0.13392396
3812	0.12628475
3813	0.14604962
3814	0.17029137
3815	0.19151707
3816	0.13486812
3817	0.14881762
3818	0.18214222
3819	0.15203184
3820	0.11178966
3821	0.15725248
3822	0.14488709
3823	0.14469188
3824	0.16576622
3825	0.08214048
3826	0.12708804
3827	0.12778139
3828	0.14379853
3829	0.14323794
3830	0.09321640
3831	0.16890273
3832	0.12941354
3833	0.13521826
3834	0.15096428
3835	0.14676519
3836	0.12276943
3837	0.14843529
3838	0.14401374
3839	0.15721933
3840	0.15902824
3841	0.11142345
3842	0.10825612
3843	0.09260182
3844	0.13548899
3845	0.17712412
3846	0.12015545
3847	0.10715691
3848	0.08590174
3849	0.12463315
3850	0.09287354
3851	0.09905517
3852	0.08202091
3853	0.07893719
3854	0.07136091
3855	0.11391552
3856	0.11674376
3857	0.13039925
3858	0.09903109
3859	0.16141719
3860	0.11595129
3861	0.08696693
3862	0.10328907
3863	0.11886360
3864	0.12728115
3865	0.10672721
3866	0.06839378
3867	0.10606028
3868	0.09079790
3869	0.13534638
3870	0.15252943
3871	0.12123046
3872	0.08187988
3873	0.07985204
3874	0.09465422
3875	0.12206103
3876	0.09587164
3877	0.08060689
3878	0.11401766
3879	0.13136749
3880	0.09230099
3881	0.14282982
3882	0.16967152
3883	0.14519394
3884	0.12469865
3885	0.08997232
3886	0.10035687
3887	0.14858756
3888	0.12068602
3889	0.12983853
3890	0.06327838
3891	0.08482317
3892	0.10981160
3893	0.09522059
3894	0.15727184
3895	0.09857655
3896	0.13046428
3897	0.16753723
3898	0.15100982
3899	0.14222792
3900	0.10462079
3901	0.07935715
3902	0.09191509
3903	0.10876812
3904	0.08894028
3905	0.12043295
3906	0.12901406
3907	0.10272293
3908	0.13756685
3909	0.16698614
3910	0.11120527
3911	0.13231485
3912	0.14206356
3913	0.14251632
3914	0.10728250
3915	0.12619164
3916	0.11151671
3917	0.12151030
3918	0.16838075
3919	0.12269113
3920	0.17669798
3921	0.13720824
3922	0.13717216
3923	0.13607545
3924	0.15852388
3925	0.10918349
3926	0.12614206
3927	0.11520543
3928	0.09919042
3929	0.10102107
3930	0.10312990
3931	0.07400543
3932	0.15627679
3933	0.13778337
3934	0.19037410
3935	0.11494760
3936	0.09471335
3937	0.16755608
3938	0.13845735
3939	0.07877232
3940	0.11042832
3941	0.11947774
3942	0.13138238
3943	0.11447442
3944	0.13533552
3945	0.11133228
3946	0.11338531
3947	0.14128440
3948	0.12603552
3949	0.11991564
3950	0.12537093
3951	0.13100218
3952	0.14586051
3953	0.13395109
3954	0.15173735
3955	0.09613933
3956	0.10787869
3957	0.13318147
3958	0.07257335
3959	0.10031208
3960	0.13602071
3961	0.11358459
3962	0.11800907
3963	0.12379842
3964	0.13713968
3965	0.08608055
3966	0.11122186
3967	0.13095176
3968	0.12011877
3969	0.10879762
3970	0.18341224
3971	0.12476170
3972	0.17153299
3973	0.13535267
3974	0.08178491
3975	0.12724226
3976	0.11055703
3977	0.10367873
3978	0.13474174
3979	0.09409303
3980	0.12053758
3981	0.11980669
3982	0.10820622
3983	0.15000044
3984	0.12243691
3985	0.07818222
3986	0.16711149
3987	0.15236966
3988	0.12566297
3989	0.13309232
3990	0.13888657
3991	0.15043679
3992	0.07523877
3993	0.16735758
3994	0.16189893
3995	0.08848574
3996	0.17611842
3997	0.13245707
3998	0.11719481
3999	0.07167010
4000	0.08946737
4001	0.13307038
4002	0.14418463
4003	0.09020962
4004	0.15985030
4005	0.11048543
4006	0.11133184
4007	0.14899398
4008	0.11039204
4009	0.16792194
4010	0.13229026
4011	0.12481010
4012	0.14017644
4013	0.07015232
4014	0.16329533
4015	0.09502832
4016	0.16135283
4017	0.12179010
4018	0.16506162
4019	0.14298958
4020	0.12927204
4021	0.16027501
4022	0.12505493
4023	0.11646182
4024	0.06965450
4025	0.12909739
4026	0.15784261
4027	0.06765295
4028	0.10280210
4029	0.09890210
4030	0.09844978
4031	0.14622840
4032	0.12359968
4033	0.12129489
4034	0.12740693
4035	0.11012566
4036	0.10315960
4037	0.07780820
4038	0.13323327
4039	0.16188301
4040	0.11593149
4041	0.10967683
4042	0.10321133
4043	0.12270974
4044	0.15576586
4045	0.14296808
4046	0.10792111
4047	0.09586463
4048	0.09168543
4049	0.10003156
4050	0.10425584
4051	0.13796550
4052	0.16749493
4053	0.13898115
4054	0.11735893
4055	0.08478289
4056	0.11159152
4057	0.10758554
4058	0.12252349
4059	0.10399406
4060	0.16333739
4061	0.10149564
4062	0.11518016
4063	0.09634479
4064	0.13572032
4065	0.13619842
4066	0.16412855
4067	0.15842214
4068	0.13389687
4069	0.09508416
4070	0.12237541
4071	0.08250008
4072	0.14179034
4073	0.08713481
4074	0.18466269
4075	0.10993596
4076	0.16308610
4077	0.18672432
4078	0.08945560
4079	0.09114448
4080	0.12210380
4081	0.08275240
4082	0.14556404
4083	0.09015398
4084	0.12776376
4085	0.14371901
4086	0.15428511
4087	0.11515794
4088	0.11936004
4089	0.13347992
4090	0.13813644
4091	0.10242412
4092	0.13091358
4093	0.17406345
4094	0.11345933
4095	0.12633315
4096	0.13596590
4097	0.13518574
4098	0.11063442
4099	0.14068265
4100	0.06930455
4101	0.13730004
4102	0.13293826
4103	0.12105200
4104	0.08398848
4105	0.11978321
4106	0.13848471
4107	0.12425616
4108	0.12132816
4109	0.12756234
4110	0.14452040
4111	0.17824899
4112	0.11398618
4113	0.14717743
4114	0.12828040
4115	0.08805176
4116	0.09303644
4117	0.15197406
4118	0.11546269
4119	0.13869968
4120	0.13734483
4121	0.11785457
4122	0.08553731
4123	0.13434202
4124	0.15993398
4125	0.12719976
4126	0.08838907
4127	0.13813782
4128	0.12260661
4129	0.14563196
4130	0.14747255
4131	0.14109358
4132	0.12400646
4133	0.08829248
4134	0.07863315
4135	0.14633509
4136	0.12264642
4137	0.13477549
4138	0.14467826
4139	0.12002677
4140	0.11513834
4141	0.13810028
4142	0.13277794
4143	0.11447727
4144	0.13852135
4145	0.14615754
4146	0.11401556
4147	0.11708669
4148	0.14101188
4149	0.12469949
4150	0.14173077
4151	0.07971093
4152	0.12457248
4153	0.15602352
4154	0.14892309
4155	0.12134277
4156	0.14411822
4157	0.12430388
4158	0.10441232
4159	0.11572388
4160	0.11296269
4161	0.10803671
4162	0.06916487
4163	0.14618440
4164	0.09001390
4165	0.12184238
4166	0.15068994
4167	0.14149917
4168	0.09747426
4169	0.12059556
4170	0.09118626
4171	0.13683521
4172	0.11914503
4173	0.07833192
4174	0.07454178
4175	0.10644923
4176	0.11795141
4177	0.13988650
4178	0.11239537
4179	0.14241291
4180	0.13665331
4181	0.14343687
4182	0.10657651
4183	0.12578642
4184	0.12187149
4185	0.13413834
4186	0.10929299
4187	0.11494717
4188	0.12982527
4189	0.07882428
4190	0.14975671
4191	0.09140669
4192	0.07616788
4193	0.11371137
4194	0.13655180
4195	0.14409648
4196	0.11412982
4197	0.12304099
4198	0.10899299
4199	0.14756665
4200	0.12868174
4201	0.14170729
4202	0.07606321
4203	0.16700594
4204	0.14718345
4205	0.11954800
4206	0.09706828
4207	0.14832653
4208	0.09281311
4209	0.17629909
4210	0.15505521
4211	0.08847857
4212	0.10395101
4213	0.17850063
4214	0.13110194
4215	0.08829564
4216	0.12326642
4217	0.16364190
4218	0.12799160
4219	0.13333461
4220	0.08600867
4221	0.11541592
4222	0.11407450
4223	0.13125010
4224	0.12716927
4225	0.12869576
4226	0.10084681
4227	0.12494709
4228	0.12515410
4229	0.16571881
4230	0.15525077
4231	0.14843283
4232	0.09289220
4233	0.09135030
4234	0.15585339
4235	0.13335366
4236	0.09822657
4237	0.15736725
4238	0.11667822
4239	0.07860903
4240	0.10512650
4241	0.10509663
4242	0.17439350
4243	0.18334166
4244	0.12433453
4245	0.18582697
4246	0.09841232
4247	0.14049826
4248	0.08456602
4249	0.15388717
4250	0.09153505
4251	0.08745545
4252	0.12270166
4253	0.12951295
4254	0.08188404
4255	0.09681501
4256	0.10637885
4257	0.12523766
4258	0.11972222
4259	0.08068812
4260	0.13736246
4261	0.14586432
4262	0.13396265
4263	0.14138182
4264	0.11199232
4265	0.08694788
4266	0.15189442
4267	0.11907667
4268	0.14714388
4269	0.12475374
4270	0.10185386
4271	0.09331069
4272	0.12615790
4273	0.13434554
4274	0.12630012
4275	0.08006075
4276	0.09818974
4277	0.14462931
4278	0.10995220
4279	0.09738756
4280	0.12493580
4281	0.17521568
4282	0.11252875
4283	0.13157501
4284	0.16348206
4285	0.10369192
4286	0.10737537
4287	0.14088970
4288	0.14338550
4289	0.14714083
4290	0.15312990
4291	0.12979442
4292	0.16121616
4293	0.06428277
4294	0.11609002
4295	0.08392947
4296	0.10312305
4297	0.11285648
4298	0.10593663
4299	0.12266915
4300	0.11933030
4301	0.13105350
4302	0.08305731
4303	0.15165703
4304	0.11219810
4305	0.17639663
4306	0.11978844
4307	0.11739434
4308	0.19083731
4309	0.11363172
4310	0.07560606
4311	0.09121034
4312	0.14380424
4313	0.14624190
4314	0.06657806
4315	0.11904665
4316	0.13799109
4317	0.12286737
4318	0.11680725
4319	0.10203279
4320	0.12192752
4321	0.09924519
4322	0.12597960
4323	0.12595857
4324	0.12894297
4325	0.13750444
4326	0.14564974
4327	0.11689129
4328	0.15327925
4329	0.10978416
4330	0.11648606
4331	0.12642020
4332	0.13307077
4333	0.10087006
4334	0.11051050
4335	0.11762341
4336	0.10745842
4337	0.12505406
4338	0.13620182
4339	0.13474768
4340	0.18365964
4341	0.12149228
4342	0.09875826
4343	0.13820986
4344	0.09888448
4345	0.09435529
4346	0.08616527
4347	0.06994376
4348	0.13510475
4349	0.14239370
4350	0.13765580
4351	0.09535327
4352	0.12652760
4353	0.13855945
4354	0.08833038
4355	0.10608297
4356	0.10841786
4357	0.07235156
4358	0.11821818
4359	0.11164384
4360	0.11707343
4361	0.16676554
4362	0.07596483
4363	0.16370760
4364	0.12861283
4365	0.15896539
4366	0.11923038
4367	0.18702709
4368	0.16844269
4369	0.08855497
4370	0.17081762
4371	0.15048622
4372	0.15463240
4373	0.12356115
4374	0.16106737
4375	0.15243711
4376	0.17612527
4377	0.11541327
4378	0.10923648
4379	0.16652364
4380	0.08786982
4381	0.15495750
4382	0.10791497
4383	0.11160289
4384	0.13179960
4385	0.14981038
4386	0.12904859
4387	0.11084804
4388	0.12612230
4389	0.11902016
4390	0.09640907
4391	0.08748404
4392	0.09618246
4393	0.07438626
4394	0.11491152
4395	0.11985339
4396	0.14028111
4397	0.16598713
4398	0.17208309
4399	0.12001224
4400	0.10102404
4401	0.12624178
4402	0.12268863
4403	0.09446135
4404	0.06428301
4405	0.08142174
4406	0.09973026
4407	0.10314745
4408	0.09723271
4409	0.10065663
4410	0.09319172
4411	0.10292317
4412	0.11855251
4413	0.16166709
4414	0.09080994
4415	0.12080285
4416	0.11290875
4417	0.13906051
4418	0.11981477
4419	0.07698333
4420	0.11949176
4421	0.17631616
4422	0.08451307
4423	0.10451438
4424	0.08341061
4425	0.12772638
4426	0.11122570
4427	0.16105620
4428	0.12977624
4429	0.13175956
4430	0.12603362
4431	0.07924285
4432	0.13776863
4433	0.13852440
4434	0.09463505
4435	0.12360994
4436	0.16779861
4437	0.11264887
4438	0.13303335
4439	0.09199410
4440	0.11850028
4441	0.14376246
4442	0.12672752
4443	0.12094998
4444	0.12467331
4445	0.12545909
4446	0.09229572
4447	0.13573501
4448	0.16251576
4449	0.12994273
4450	0.08757457
4451	0.12287549
4452	0.18657505
4453	0.12792618
4454	0.10056939
4455	0.15687949
4456	0.08808895
4457	0.12161477
4458	0.12565663
4459	0.12728768
4460	0.12069576
4461	0.13049382
4462	0.14516162
4463	0.10958725
4464	0.10611469
4465	0.10773699
4466	0.13749881
4467	0.12393869
4468	0.08794301
4469	0.11873168
4470	0.15588380
4471	0.13988911
4472	0.16984285
4473	0.08287921
4474	0.08206432
4475	0.14368127
4476	0.13385873
4477	0.14775754
4478	0.15504341
4479	0.09853889
4480	0.08674499
4481	0.10267846
4482	0.16989184
4483	0.13650543
4484	0.11445750
4485	0.07914602
4486	0.15030855
4487	0.11023073
4488	0.17507093
4489	0.09995624
4490	0.08140107
4491	0.12662717
4492	0.09589493
4493	0.11881505
4494	0.10748749
4495	0.09660150
4496	0.14761263
4497	0.08994475
4498	0.08691069
4499	0.10717133
4500	0.11222099
4501	0.12738079
4502	0.14018127
4503	0.12465869
4504	0.16906935
4505	0.13969160
4506	0.08099073
4507	0.07478554
4508	0.14995905
4509	0.11991798
4510	0.09148305
4511	0.15123006
4512	0.09635834
4513	0.16153798
4514	0.14058032
4515	0.09937857
4516	0.13425667
4517	0.11278432
4518	0.14332903
4519	0.13148701
4520	0.12690499
4521	0.09861034
4522	0.10868226
4523	0.10838170
4524	0.11334907
4525	0.16005251
4526	0.09932154
4527	0.19696939
4528	0.19027394
4529	0.11780349
4530	0.11452562
4531	0.11302749
4532	0.14577038
4533	0.06389897
4534	0.14007616
4535	0.08462380
4536	0.08829378
4537	0.11275675
4538	0.09731343
4539	0.08299457
4540	0.14502554
4541	0.10547251
4542	0.13954539
4543	0.06821263
4544	0.14371152
4545	0.12204190
4546	0.12223513
4547	0.08009901
4548	0.12396032
4549	0.11543430
4550	0.13055141
4551	0.08350261
4552	0.06443418
4553	0.13356927
4554	0.09877881
4555	0.08538657
4556	0.11501758
4557	0.09752107
4558	0.10981513
4559	0.08131390
4560	0.12712487
4561	0.12407430
4562	0.09521857
4563	0.09814475
4564	0.12709160
4565	0.08670966
4566	0.12877838
4567	0.06470380
4568	0.10772701
4569	0.12670499
4570	0.07511564
4571	0.12719283
4572	0.15311164
4573	0.08814511
4574	0.13277881
4575	0.08617616
4576	0.13357438
4577	0.11870832
4578	0.09622547
4579	0.12061537
4580	0.08854646
4581	0.13029818
4582	0.12605374
4583	0.13093465
4584	0.12625917
4585	0.13174642
4586	0.09718594
4587	0.10103945
4588	0.08775057
4589	0.11233109
4590	0.08148048
4591	0.15607651
4592	0.10413996
4593	0.11415129
4594	0.10676242
4595	0.09687244
4596	0.09236269
4597	0.08292277
4598	0.14368333
4599	0.11009529
4600	0.10151533
4601	0.12694024
4602	0.10021184
4603	0.11476499
4604	0.14894998
4605	0.10247299
4606	0.10622511
4607	0.15767426
4608	0.10300764
4609	0.10493477
4610	0.10319224
4611	0.08835968
4612	0.13944400
4613	0.13143152
4614	0.15826119
4615	0.09434190
4616	0.16304566
4617	0.13810836
4618	0.11469283
4619	0.08412436
4620	0.13892820
4621	0.11718943
4622	0.09706562
4623	0.08858416
4624	0.15044273
4625	0.15393180
4626	0.08650535
4627	0.08397711
4628	0.12914511
4629	0.15265659
4630	0.10017402
4631	0.13399125
4632	0.13212851
4633	0.13131434
4634	0.12802400
4635	0.11217913
4636	0.09840257
4637	0.12739719
4638	0.12519160
4639	0.12242345
4640	0.11270875
4641	0.12247644
4642	0.13583655
4643	0.08730424
4644	0.15589402
4645	0.11322428
4646	0.10042511
4647	0.09712352
4648	0.10746222
4649	0.12194586
4650	0.10360008
4651	0.15415430
4652	0.09753838
4653	0.09866071
4654	0.11453929
4655	0.09519394
4656	0.10845430
4657	0.11876246
4658	0.19378764
4659	0.13468725
4660	0.10253996
4661	0.10967152
4662	0.08366051
4663	0.11921949
4664	0.08947754
4665	0.07480558
4666	0.12249085
4667	0.11346257
4668	0.11224741
4669	0.10029533
4670	0.16892602
4671	0.11587929
4672	0.09879964
4673	0.07960063
4674	0.13448808
4675	0.07095125
4676	0.09528772
4677	0.11784733
4678	0.15046289
4679	0.12655739
4680	0.11485968
4681	0.06486190
4682	0.10376859
4683	0.06656535
4684	0.12104927
4685	0.12267156
4686	0.11801354
4687	0.15565517
4688	0.12144499
4689	0.09273513
4690	0.11169968
4691	0.12955790
4692	0.13351149
4693	0.11668495
4694	0.13552349
4695	0.17180317
4696	0.15521648
4697	0.08792147
4698	0.12659976
4699	0.13240087
4700	0.14822388
4701	0.08763232
4702	0.16012566
4703	0.16280273
4704	0.10671350
4705	0.11935366
4706	0.11348527
4707	0.11568360
4708	0.11632907
4709	0.09499184
4710	0.10946741
4711	0.09226519
4712	0.14674998
4713	0.08929366
4714	0.10456717
4715	0.12942135
4716	0.08833830
4717	0.15164412
4718	0.13408519
4719	0.13066939
4720	0.07451628
4721	0.08272424
4722	0.10144622
4723	0.12013430
4724	0.14979707
4725	0.10224440
4726	0.11013552
4727	0.08257731
4728	0.09630408
4729	0.10961002
4730	0.12955545
4731	0.09177949
4732	0.09314451
4733	0.10513972
4734	0.09533354
4735	0.07498982
4736	0.13481790
4737	0.15210863
4738	0.10940784
4739	0.11166218
4740	0.12678372
4741	0.13354713
4742	0.11951279
4743	0.09327842
4744	0.09949434
4745	0.11260638
4746	0.07654436
4747	0.12487596
4748	0.09420717
4749	0.11384234
4750	0.09566836
4751	0.08327865
4752	0.08121739
4753	0.07254812
4754	0.10652451
4755	0.09678301
4756	0.13230566
4757	0.15292741
4758	0.09722384
4759	0.10967343
4760	0.16433398
4761	0.11484194
4762	0.06803137
4763	0.12187853
4764	0.08335053
4765	0.10490321
4766	0.11034650
4767	0.13839271
4768	0.09146602
4769	0.12405632
4770	0.11761255
4771	0.11097323
4772	0.08097853
4773	0.10583014
4774	0.11787525
4775	0.16424594
4776	0.14037663
4777	0.12044301
4778	0.07775560
4779	0.15097248
4780	0.09668808
4781	0.13426725
4782	0.08656162
4783	0.07468158
4784	0.14989093
4785	0.11425909
4786	0.10073323
4787	0.13454024
4788	0.12657240
4789	0.14516776
4790	0.13122265
4791	0.11394661
4792	0.10949311
4793	0.18552752
4794	0.09817481
4795	0.10013960
4796	0.13065188
4797	0.08645624
4798	0.09005050
4799	0.14440788
4800	0.15902222
4801	0.10880986
4802	0.13158345
4803	0.08769533
4804	0.11980408
4805	0.10775545
4806	0.08458511
4807	0.15076638
4808	0.13809438
4809	0.15735236
4810	0.12876665
4811	0.13642471
4812	0.11151331
4813	0.12333093
4814	0.09593723
4815	0.08989604
4816	0.11416253
4817	0.12022174
4818	0.06931711
4819	0.10104982
4820	0.16287794
4821	0.10017517
4822	0.18251287
4823	0.08770626
4824	0.11040879
4825	0.08292614
4826	0.08427905
4827	0.12108705
4828	0.09630269
4829	0.09808879
4830	0.16657604
4831	0.09735109
4832	0.10047311
4833	0.15205350
4834	0.13927259
4835	0.08741473
4836	0.09305010
4837	0.08905659
4838	0.08216115
4839	0.07695374
4840	0.07749267
4841	0.07143568
4842	0.11364705
4843	0.15272123
4844	0.13736836
4845	0.11204848
4846	0.09776741
4847	0.13264503
4848	0.09265679
4849	0.12293442
4850	0.14321766
4851	0.12877834
4852	0.12061343
4853	0.09699774
4854	0.13854412
4855	0.11274051
4856	0.11568194
4857	0.10220547
4858	0.07305873
4859	0.12592285
4860	0.14415822
4861	0.12202150
4862	0.08328531
4863	0.08200673
4864	0.10862040
4865	0.07694855
4866	0.11488808
4867	0.10801782
4868	0.09757822
4869	0.09872154
4870	0.10217279
4871	0.12267628
4872	0.09112178
4873	0.15191877
4874	0.12736408
4875	0.07248519
4876	0.13282455
4877	0.17259283
4878	0.08556848
4879	0.12287818
4880	0.12431651
4881	0.08929358
4882	0.16013453
4883	0.13742875
4884	0.13627184
4885	0.10419790
4886	0.08137739
4887	0.12048851
4888	0.10661818
4889	0.13092349
4890	0.12046756
4891	0.12760210
4892	0.16022867
4893	0.09287620
4894	0.16620887
4895	0.08964543
4896	0.09606479
4897	0.07305620
4898	0.09674483
4899	0.13931299
4900	0.11975592
4901	0.09917461
4902	0.07567224
4903	0.08057267
4904	0.13660697
4905	0.08141572
4906	0.08256004
4907	0.14648606
4908	0.15109034
4909	0.14392911
4910	0.10429410
4911	0.12112796
4912	0.09689505
4913	0.10410428
4914	0.09343933
4915	0.13891675
4916	0.12221960
4917	0.08934539
4918	0.08753853
4919	0.14898392
4920	0.15497731
4921	0.16277644
4922	0.09756404
4923	0.14809426
4924	0.11701386
4925	0.12461592
4926	0.11065489
4927	0.10311719
4928	0.15029168
4929	0.15330772
4930	0.10986764
4931	0.09918958
4932	0.15024269
4933	0.10638368
4934	0.11970420
4935	0.08430954
4936	0.12064994
4937	0.11172313
4938	0.10462737
4939	0.11553715
4940	0.14452539
4941	0.10360075
4942	0.13504202
4943	0.12945648
4944	0.11798194
4945	0.16116333
4946	0.07665786
4947	0.11263101
4948	0.12335283
4949	0.14769303
4950	0.06553719
4951	0.16686610
4952	0.09074772
4953	0.14821691
4954	0.10317267
4955	0.07188154
4956	0.15936285
4957	0.13203350
4958	0.09386820
4959	0.12019893
4960	0.11941564
4961	0.11784154
4962	0.10412788
4963	0.08148127
4964	0.16707976
4965	0.09490008
4966	0.12701747
4967	0.09209315
4968	0.11927200
4969	0.16388020
4970	0.13751933
4971	0.14459576
4972	0.13601093
4973	0.13389592
4974	0.10644440
4975	0.11508527
4976	0.16860428
4977	0.10530879
4978	0.10025442
4979	0.12088289
4980	0.07940784
4981	0.10291719
4982	0.10790863
4983	0.10497307
4984	0.11331374
4985	0.15334927
4986	0.10459402
4987	0.10417145
4988	0.11291069
4989	0.08669877
4990	0.11136507
4991	0.12031695
4992	0.13193651
4993	0.17343002
4994	0.09201398
4995	0.10285715
4996	0.08904745
4997	0.10025374
4998	0.12912871
4999	0.12481236
5000	0.11096055
5001	0.11465766
5002	0.16229350
5003	0.09316840
5004	0.09987822
5005	0.05586412
5006	0.15465568
5007	0.10218840
5008	0.13628788
5009	0.09320756
5010	0.08953913
5011	0.08625715
5012	0.08955687
5013	0.08297869
5014	0.12408709
5015	0.12000982
5016	0.07938939
5017	0.11178574
5018	0.15803663
5019	0.12115315
5020	0.13281105
5021	0.13581255
5022	0.10122590
5023	0.14503988
5024	0.12448115
5025	0.15402048
5026	0.11056479
5027	0.09635077
5028	0.10038067
5029	0.16350297
5030	0.14791509
5031	0.11185473
5032	0.15173905
5033	0.12928265
5034	0.15605861
5035	0.12964400
5036	0.12135846
5037	0.09801220
5038	0.12905945
5039	0.09981529
5040	0.13318954
5041	0.11330428
5042	0.13128190
5043	0.11985453
5044	0.09774887
5045	0.13942400
5046	0.06236293
5047	0.10922669
5048	0.10571802
5049	0.10198871
