0	0.34911054
1	0.33828671
2	0.32123619
3	0.28327698
4	0.34894241
5	0.34908372
6	0.32869439
7	0.34899019
8	0.33471256
9	0.34188897
10	0.33918465
11	0.34641244
12	0.34689746
13	0.33259834
14	0.34576026
15	0.34554992
16	0.33414221
17	0.32454600
18	0.34208768
19	0.34626010
20	0.32898619
21	0.30540363
22	0.32357633
23	0.29819067
24	0.33707589
25	0.31910828
26	0.27535473
27	0.33360666
28	0.31927548
29	0.34728275
30	0.34469964
31	0.33048074
32	0.33304624
33	0.34834277
34	0.27071842
35	0.34830687
36	0.32455162
37	0.27762342
38	0.32191523
39	0.27477439
40	0.32086050
41	0.32583288
42	0.27924431
43	0.16751797
44	0.31585432
45	0.30137811
46	0.26026902
47	0.31984422
48	0.34758926
49	0.32543498
50	0.19192912
51	0.21128942
52	0.31358219
53	0.30470473
54	0.32874455
55	0.30046801
56	0.26043251
57	0.34346902
58	0.29301018
59	0.26208825
60	0.20033195
61	0.33549164
62	0.34457145
63	0.34149023
64	0.22350646
65	0.24955303
66	0.25217940
67	0.28047500
68	0.27783833
69	0.32129911
70	0.23491074
71	0.30770578
72	0.31981490
73	0.32022403
74	0.28513954
75	0.27609814
76	0.26548744
77	0.32749867
78	0.31150432
79	0.25194459
80	0.30342108
81	0.33959418
82	0.27516886
83	0.32432460
84	0.26283740
85	0.31013069
86	0.26975755
87	0.20779665
88	0.23960121
89	0.29325872
90	0.34682415
91	0.22382876
92	0.28702258
93	0.32670331
94	0.33089338
95	0.21898918
96	0.34237718
97	0.31324867
98	0.28330121
99	0.27899261
100	0.30761656
101	0.26513768
102	0.24885129
103	0.22780158
104	0.34029132
105	0.26389083
106	0.23912601
107	0.34615812
108	0.25527007
109	0.26763469
110	0.25754491
111	0.23261737
112	0.28471228
113	0.21045206
114	0.27175190
115	0.29650824
116	0.23974257
117	0.28942892
118	0.23940812
119	0.15817585
120	0.22579503
121	0.26897496
122	0.31342799
123	0.31151107
124	0.26361103
125	0.19933005
126	0.23299782
127	0.21119616
128	0.25322799
129	0.28237233
130	0.24782399
131	0.26678409
132	0.22419063
133	0.28847843
134	0.28152807
135	0.25387217
136	0.27968518
137	0.32057670
138	0.28639919
139	0.25252884
140	0.28463037
141	0.18689192
142	0.29780295
143	0.22468049
144	0.26920380
145	0.19217847
146	0.24050674
147	0.31959786
148	0.21159402
149	0.18828716
150	0.27572621
151	0.25345626
152	0.27833162
153	0.27288065
154	0.20780578
155	0.28567726
156	0.26651042
157	0.28400020
158	0.22813401
159	0.22140004
160	0.31740452
161	0.24950646
162	0.28520190
163	0.19001761
164	0.22271640
165	0.26209996
166	0.18772928
167	0.21329786
168	0.16116103
169	0.26020065
170	0.20839875
171	0.23605784
172	0.21467605
173	0.26226135
174	0.22203514
175	0.24339011
176	0.27123320
177	0.30360036
178	0.25863595
179	0.24883102
180	0.25764455
181	0.27592997
182	0.23301773
183	0.21945953
184	0.23262561
185	0.16861175
186	0.17074665
187	0.23106082
188	0.22194394
189	0.21385691
190	0.20342427
191	0.25870901
192	0.24936119
193	0.24766216
194	0.28964842
195	0.26310917
196	0.25108817
197	0.29928619
198	0.14358421
199	0.21600852
200	0.18106931
201	0.23997040
202	0.22497674
203	0.21301906
204	0.20552476
205	0.22415271
206	0.29830380
207	0.27386006
208	0.24702863
209	0.21081147
210	0.24250436
211	0.22706426
212	0.15040832
213	0.16839079
214	0.19202763
215	0.15677609
216	0.16806555
217	0.19460832
218	0.27840416
219	0.22429588
220	0.28033675
221	0.27502431
222	0.19044366
223	0.24462476
224	0.28241777
225	0.28860295
226	0.20722290
227	0.20796393
228	0.24811515
229	0.22842694
230	0.28030529
231	0.25116357
232	0.24989532
233	0.18982464
234	0.16888849
235	0.27478013
236	0.23008154
237	0.19225638
238	0.25757977
239	0.25643611
240	0.18430610
241	0.27197706
242	0.21580149
243	0.24201692
244	0.19454653
245	0.16024398
246	0.25286858
247	0.29053308
248	0.23441292
249	0.20655053
250	0.19458595
251	0.28696325
252	0.21658861
253	0.21551361
254	0.21925149
255	0.26698211
256	0.19015606
257	0.14653489
258	0.14194047
259	0.27101103
260	0.16432484
261	0.23131393
262	0.15215166
263	0.24169996
264	0.23441555
265	0.17860695
266	0.26230404
267	0.25039330
268	0.20657658
269	0.21038001
270	0.18282557
271	0.20006761
272	0.14219370
273	0.14467056
274	0.16594935
275	0.20996204
276	0.27144758
277	0.13832456
278	0.16374544
279	0.24661268
280	0.30436725
281	0.19492027
282	0.14969156
283	0.18955998
284	0.13624653
285	0.20541817
286	0.19622908
287	0.23706741
288	0.19911898
289	0.20955400
290	0.24145028
291	0.16911866
292	0.28636931
293	0.25291486
294	0.26482334
295	0.20126490
296	0.20450646
297	0.26769196
298	0.14951018
299	0.28059451
300	0.25325444
301	0.20753106
302	0.20062500
303	0.24687855
304	0.30175525
305	0.23474915
306	0.15800517
307	0.18744241
308	0.28849717
309	0.21195945
310	0.18010162
311	0.21409334
312	0.16828170
313	0.25375198
314	0.16709031
315	0.15278792
316	0.23892080
317	0.17734556
318	0.25016668
319	0.15544927
320	0.23255646
321	0.23759144
322	0.20759459
323	0.18371842
324	0.24562536
325	0.18439632
326	0.19518013
327	0.14021688
328	0.26969313
329	0.16372415
330	0.24300420
331	0.21982145
332	0.20933094
333	0.11033304
334	0.16735368
335	0.16973570
336	0.17495400
337	0.25063752
338	0.21644180
339	0.16368061
340	0.16703671
341	0.23348978
342	0.18192956
343	0.17224899
344	0.20561405
345	0.15208687
346	0.20390876
347	0.15134216
348	0.21001248
349	0.17144685
350	0.18943118
351	0.29061179
352	0.24347383
353	0.20698267
354	0.19088865
355	0.21043344
356	0.22639152
357	0.20674321
358	0.23158376
359	0.18356688
360	0.14373905
361	0.25126462
362	0.25437540
363	0.21142904
364	0.13614435
365	0.24691430
366	0.20867399
367	0.19196591
368	0.23093700
369	0.17552718
370	0.20738033
371	0.17804204
372	0.19620279
373	0.18184637
374	0.15832153
375	0.10917968
376	0.13765363
377	0.15256171
378	0.14840004
379	0.13142326
380	0.22198841
381	0.20962476
382	0.20851159
383	0.24011636
384	0.18778425
385	0.17075319
386	0.14441272
387	0.25379229
388	0.20041527
389	0.26285820
390	0.13819774
391	0.19290477
392	0.13494939
393	0.20089863
394	0.21150089
395	0.20257742
396	0.19107835
397	0.14205759
398	0.15228292
399	0.19081410
400	0.20291107
401	0.20659346
402	0.16137621
403	0.19736813
404	0.24241704
405	0.17432036
406	0.18946898
407	0.15972795
408	0.21489338
409	0.20953776
410	0.25930363
411	0.27402924
412	0.19942589
413	0.24282791
414	0.12862670
415	0.19719911
416	0.15770614
417	0.25251103
418	0.26234790
419	0.14804180
420	0.18493187
421	0.21260658
422	0.16362763
423	0.23854608
424	0.20559204
425	0.21268586
426	0.13706878
427	0.18981397
428	0.24680517
429	0.13672997
430	0.14997266
431	0.12120630
432	0.18072940
433	0.13826773
434	0.15160141
435	0.16360582
436	0.19588809
437	0.14539883
438	0.15062460
439	0.14555359
440	0.23732221
441	0.20552007
442	0.19454976
443	0.11771765
444	0.23791373
445	0.17115444
446	0.16980771
447	0.19615545
448	0.14607658
449	0.21745695
450	0.21098881
451	0.16512932
452	0.17631042
453	0.17517637
454	0.13701502
455	0.18340065
456	0.20420808
457	0.19754184
458	0.17028708
459	0.27406664
460	0.19705905
461	0.16503897
462	0.19739758
463	0.14190852
464	0.19527831
465	0.27684733
466	0.17433312
467	0.22732633
468	0.22167326
469	0.11332464
470	0.15665481
471	0.20336317
472	0.15215077
473	0.17915553
474	0.15143308
475	0.18504632
476	0.12231357
477	0.13886890
478	0.15435670
479	0.20849487
480	0.15951353
481	0.20028417
482	0.27231535
483	0.15484899
484	0.15135889
485	0.16251765
486	0.15747322
487	0.16293821
488	0.19297952
489	0.15283962
490	0.20953118
491	0.18854632
492	0.26257512
493	0.19241591
494	0.14452884
495	0.20479826
496	0.13027884
497	0.14893453
498	0.18232989
499	0.21147847
500	0.17315521
501	0.16376753
502	0.18024507
503	0.20912488
504	0.14735238
505	0.21502044
506	0.18003498
507	0.13726212
508	0.16773441
509	0.19494398
510	0.18654406
511	0.14988316
512	0.20000020
513	0.16258574
514	0.19238292
515	0.14615707
516	0.17443150
517	0.17395263
518	0.19590121
519	0.22865125
520	0.18221434
521	0.14121660
522	0.14754806
523	0.13057116
524	0.11607750
525	0.16570351
526	0.17232036
527	0.17383094
528	0.22072593
529	0.15847835
530	0.15797633
531	0.18124273
532	0.14945493
533	0.16632225
534	0.20109499
535	0.16545113
536	0.17600137
537	0.18624564
538	0.18729006
539	0.15500464
540	0.16245339
541	0.17487625
542	0.18468074
543	0.14950864
544	0.29095069
545	0.23752100
546	0.14964883
547	0.16395683
548	0.20624972
549	0.17763853
550	0.16779063
551	0.13379317
552	0.14362831
553	0.20978926
554	0.23194184
555	0.16726212
556	0.15837702
557	0.12102019
558	0.16631656
559	0.15053445
560	0.20410884
561	0.20921300
562	0.13694103
563	0.18726696
564	0.22397617
565	0.11246894
566	0.18686959
567	0.22813635
568	0.13097399
569	0.12279899
570	0.13864439
571	0.21969600
572	0.20703643
573	0.14098510
574	0.11865065
575	0.16076749
576	0.16707997
577	0.15879588
578	0.18270020
579	0.13752666
580	0.17404515
581	0.13169697
582	0.15869952
583	0.13236955
584	0.13467690
585	0.16540998
586	0.12843578
587	0.23251587
588	0.17369935
589	0.17554903
590	0.20565081
591	0.17874241
592	0.15595384
593	0.26453780
594	0.15586414
595	0.14300880
596	0.18374842
597	0.12358279
598	0.10906846
599	0.14319616
600	0.14901700
601	0.15478651
602	0.16662613
603	0.15575404
604	0.15924645
605	0.17025271
606	0.15517985
607	0.19109705
608	0.17815218
609	0.12589709
610	0.13930622
611	0.22900905
612	0.14076276
613	0.15606034
614	0.20833514
615	0.16530606
616	0.13675489
617	0.20972561
618	0.17657831
619	0.22192964
620	0.13241090
621	0.15080182
622	0.17345876
623	0.17070097
624	0.18006151
625	0.10988469
626	0.19630162
627	0.12845771
628	0.14600666
629	0.15341628
630	0.21142997
631	0.15066208
632	0.18505384
633	0.15025893
634	0.18109810
635	0.23394443
636	0.15844120
637	0.12739669
638	0.14644338
639	0.11487847
640	0.16962157
641	0.19352855
642	0.15217294
643	0.19564592
644	0.14936498
645	0.13648926
646	0.19760162
647	0.17169867
648	0.15896809
649	0.13149548
650	0.19116034
651	0.15000957
652	0.11695897
653	0.13861660
654	0.18902516
655	0.12336296
656	0.12039919
657	0.12572383
658	0.15854851
659	0.18379847
660	0.16007290
661	0.19946959
662	0.20604459
663	0.13698805
664	0.16909293
665	0.18983518
666	0.13764168
667	0.15383304
668	0.28785485
669	0.18527027
670	0.12241212
671	0.11424370
672	0.12709261
673	0.12135832
674	0.12908009
675	0.13090998
676	0.14001571
677	0.16396809
678	0.13811034
679	0.13733643
680	0.18560973
681	0.19925767
682	0.20460537
683	0.10764507
684	0.14482423
685	0.18589851
686	0.08223005
687	0.22028788
688	0.12574911
689	0.16425024
690	0.15988393
691	0.16077561
692	0.12898284
693	0.19530679
694	0.14614487
695	0.14469095
696	0.13120408
697	0.13688647
698	0.17579011
699	0.16771692
700	0.17473901
701	0.19924588
702	0.15529600
703	0.20320582
704	0.12301830
705	0.22922338
706	0.16919439
707	0.17922516
708	0.19374229
709	0.20633259
710	0.19803498
711	0.17468708
712	0.12687649
713	0.19183841
714	0.10784883
715	0.18748142
716	0.11550263
717	0.18295275
718	0.25675460
719	0.12597060
720	0.21143005
721	0.15035965
722	0.14563651
723	0.13826870
724	0.17528667
725	0.17755327
726	0.16530521
727	0.10394992
728	0.17567548
729	0.17510408
730	0.20348805
731	0.16620537
732	0.13008320
733	0.12090162
734	0.13132250
735	0.13220456
736	0.13750073
737	0.15344972
738	0.18131959
739	0.17100557
740	0.12822443
741	0.14235133
742	0.17095307
743	0.15529463
744	0.11264342
745	0.22889988
746	0.14060618
747	0.15851712
748	0.15245537
749	0.22750137
750	0.13074164
751	0.17650190
752	0.15467435
753	0.11654677
754	0.14562827
755	0.16392197
756	0.16938845
757	0.19186567
758	0.18237888
759	0.12726910
760	0.20695884
761	0.22010133
762	0.19821345
763	0.15285836
764	0.17334632
765	0.18212435
766	0.21531119
767	0.14455388
768	0.15605024
769	0.20584721
770	0.10401567
771	0.12172645
772	0.14781700
773	0.14320565
774	0.18706700
775	0.12633360
776	0.16950646
777	0.13914689
778	0.13819160
779	0.12683114
780	0.18478558
781	0.13301317
782	0.12541858
783	0.17431494
784	0.21045703
785	0.16169681
786	0.14287738
787	0.14912904
788	0.12294527
789	0.14093667
790	0.13880048
791	0.12451151
792	0.12029321
793	0.13789301
794	0.17811147
795	0.11973534
796	0.16669002
797	0.16472193
798	0.13039447
799	0.11001135
800	0.13598869
801	0.15217347
802	0.13447282
803	0.14492484
804	0.23001947
805	0.14590994
806	0.15904600
807	0.16126991
808	0.17161935
809	0.18815759
810	0.11140537
811	0.17251652
812	0.12763449
813	0.13658122
814	0.15230073
815	0.15452944
816	0.15290335
817	0.16606042
818	0.14212956
819	0.15126866
820	0.15715949
821	0.17257375
822	0.17315440
823	0.18232439
824	0.15619241
825	0.20537528
826	0.14456353
827	0.15311470
828	0.18708405
829	0.12522633
830	0.13590246
831	0.16353082
832	0.16120767
833	0.15181983
834	0.09645242
835	0.15880109
836	0.14475771
837	0.11432912
838	0.11200343
839	0.14366963
840	0.14862351
841	0.15435913
842	0.10808716
843	0.15808368
844	0.13901046
845	0.16006959
846	0.16100683
847	0.12574374
848	0.17418170
849	0.12307128
850	0.17585420
851	0.16950747
852	0.12986914
853	0.16304701
854	0.15618449
855	0.13121337
856	0.14681846
857	0.12943687
858	0.12317019
859	0.14120473
860	0.20844996
861	0.16110424
862	0.14807658
863	0.14085917
864	0.13587847
865	0.23298554
866	0.19672027
867	0.10771692
868	0.14285323
869	0.11476002
870	0.14116030
871	0.15547367
872	0.15806438
873	0.14903021
874	0.19748477
875	0.17428393
876	0.16551139
877	0.12271434
878	0.15015691
879	0.15416361
880	0.10041712
881	0.13749192
882	0.13919653
883	0.15833889
884	0.14720876
885	0.15243776
886	0.20423239
887	0.10170755
888	0.15087310
889	0.16109346
890	0.14510117
891	0.15640388
892	0.17242985
893	0.16926204
894	0.18949386
895	0.19538166
896	0.13124624
897	0.22518170
898	0.15966862
899	0.13772173
900	0.15021979
901	0.11402480
902	0.15879487
903	0.15164721
904	0.14036531
905	0.12103708
906	0.11202128
907	0.14350582
908	0.20349309
909	0.11995985
910	0.12919495
911	0.13043498
912	0.13953784
913	0.14829342
914	0.18774895
915	0.08160897
916	0.13971725
917	0.21443368
918	0.11668284
919	0.17946704
920	0.14416959
921	0.15096292
922	0.16597569
923	0.15639737
924	0.17300464
925	0.21402132
926	0.11319632
927	0.13358821
928	0.17133227
929	0.16164087
930	0.17822993
931	0.18447472
932	0.13515574
933	0.16603776
934	0.14966357
935	0.15164742
936	0.15458453
937	0.14983078
938	0.13800925
939	0.14830408
940	0.14852581
941	0.17558518
942	0.13231648
943	0.12554382
944	0.13978126
945	0.16465178
946	0.21642415
947	0.13212439
948	0.22267629
949	0.20415295
950	0.18049915
951	0.16259976
952	0.17174164
953	0.17921575
954	0.15049216
955	0.12476123
956	0.13221749
957	0.13723360
958	0.18115424
959	0.23172032
960	0.15004354
961	0.20443922
962	0.14082767
963	0.15073869
964	0.20205028
965	0.12839544
966	0.12966817
967	0.20003441
968	0.14184576
969	0.09968607
970	0.11828978
971	0.18241543
972	0.11604451
973	0.16074907
974	0.12897916
975	0.16295634
976	0.12063930
977	0.15286321
978	0.10429996
979	0.14615707
980	0.11771462
981	0.11317124
982	0.13875343
983	0.14718174
984	0.12269568
985	0.10291381
986	0.09989790
987	0.12559515
988	0.09668397
989	0.15883615
990	0.12684471
991	0.16097524
992	0.14136583
993	0.15802880
994	0.12012153
995	0.17379451
996	0.11617674
997	0.09464233
998	0.09867653
999	0.15034055
1000	0.09338603
1001	0.14522872
1002	0.11413344
1003	0.11549237
1004	0.17311842
1005	0.20831708
1006	0.14231769
1007	0.16990230
1008	0.16025598
1009	0.14983966
1010	0.13347601
1011	0.17682843
1012	0.08541680
1013	0.20476119
1014	0.15293796
1015	0.18155113
1016	0.13280424
1017	0.11468817
1018	0.17409309
1019	0.12781236
1020	0.13197165
1021	0.14118433
1022	0.10655267
1023	0.15950271
1024	0.11816725
1025	0.13440989
1026	0.15927791
1027	0.14469891
1028	0.15994939
1029	0.14631640
1030	0.12883502
1031	0.11791462
1032	0.12488724
1033	0.10970408
1034	0.16906987
1035	0.07605097
1036	0.15443748
1037	0.13549733
1038	0.15627585
1039	0.13378635
1040	0.13817670
1041	0.14814216
1042	0.10831830
1043	0.15628796
1044	0.16853199
1045	0.10249188
1046	0.12482791
1047	0.14605695
1048	0.13466220
1049	0.12106926
1050	0.17970876
1051	0.17249701
1052	0.12545432
1053	0.12675723
1054	0.15165565
1055	0.17095868
1056	0.08996183
1057	0.13699043
1058	0.17610707
1059	0.16315477
1060	0.10969774
1061	0.14565852
1062	0.11470081
1063	0.16056664
1064	0.13833203
1065	0.15430182
1066	0.15227298
1067	0.13385355
1068	0.12976139
1069	0.12582524
1070	0.12432027
1071	0.10000093
1072	0.10455489
1073	0.16012985
1074	0.18159737
1075	0.10315230
1076	0.14312488
1077	0.12904786
1078	0.13328170
1079	0.12206741
1080	0.09515485
1081	0.13664467
1082	0.13844685
1083	0.13643061
1084	0.08959204
1085	0.11638817
1086	0.19190921
1087	0.14037928
1088	0.16364370
1089	0.14117161
1090	0.11424665
1091	0.10545210
1092	0.12390767
1093	0.17697056
1094	0.16781191
1095	0.13240674
1096	0.14905307
1097	0.14468380
1098	0.13871708
1099	0.14243170
1100	0.19033142
1101	0.15637977
1102	0.13482722
1103	0.15370392
1104	0.11669580
1105	0.12813728
1106	0.12562880
1107	0.13708215
1108	0.13145057
1109	0.16475363
1110	0.13934414
1111	0.14188134
1112	0.17344281
1113	0.13747815
1114	0.11808558
1115	0.17767302
1116	0.13193376
1117	0.14975719
1118	0.13002237
1119	0.16841187
1120	0.16875178
1121	0.12264221
1122	0.15452827
1123	0.10444713
1124	0.08334079
1125	0.14801902
1126	0.10723284
1127	0.14786926
1128	0.12631002
1129	0.17330683
1130	0.11751236
1131	0.10689907
1132	0.11643574
1133	0.14424208
1134	0.11491438
1135	0.14294410
1136	0.12222880
1137	0.12099996
1138	0.16925222
1139	0.21586345
1140	0.18637714
1141	0.13875061
1142	0.12972742
1143	0.09590186
1144	0.13155024
1145	0.08667084
1146	0.14806337
1147	0.11880646
1148	0.20141228
1149	0.09570388
1150	0.16164289
1151	0.13039204
1152	0.15078271
1153	0.10826195
1154	0.15617185
1155	0.14198744
1156	0.13479681
1157	0.14268877
1158	0.11960291
1159	0.19057754
1160	0.17202807
1161	0.12433623
1162	0.15769079
1163	0.13141139
1164	0.14007286
1165	0.09864265
1166	0.16608417
1167	0.18993227
1168	0.14213380
1169	0.16766317
1170	0.13310412
1171	0.14803905
1172	0.13194681
1173	0.12377843
1174	0.13982843
1175	0.13651248
1176	0.14337197
1177	0.14159697
1178	0.12819923
1179	0.11673465
1180	0.19165775
1181	0.12543069
1182	0.13787742
1183	0.14775416
1184	0.16534362
1185	0.13583465
1186	0.10490065
1187	0.14016716
1188	0.15911846
1189	0.12684536
1190	0.15051515
1191	0.12317536
1192	0.15843784
1193	0.07799637
1194	0.15074952
1195	0.10905271
1196	0.12370868
1197	0.15121119
1198	0.14387112
1199	0.12553174
1200	0.18755028
1201	0.10969120
1202	0.16223465
1203	0.12798469
1204	0.13767928
1205	0.15862213
1206	0.15258376
1207	0.13048809
1208	0.11256830
1209	0.13334374
1210	0.14021195
1211	0.08137540
1212	0.13286676
1213	0.14958926
1214	0.12384071
1215	0.09712472
1216	0.11838130
1217	0.11132310
1218	0.14859782
1219	0.15000800
1220	0.11882108
1221	0.09203174
1222	0.10209568
1223	0.09126571
1224	0.15389943
1225	0.14573704
1226	0.13200864
1227	0.13430254
1228	0.13399540
1229	0.11777088
1230	0.14721123
1231	0.12527056
1232	0.13003566
1233	0.18186042
1234	0.10917613
1235	0.11266074
1236	0.14026438
1237	0.13502779
1238	0.13558756
1239	0.16605153
1240	0.13918368
1241	0.14761010
1242	0.16657641
1243	0.10250586
1244	0.11286454
1245	0.10299019
1246	0.10786704
1247	0.19137468
1248	0.09960917
1249	0.11169499
1250	0.13422746
1251	0.13947763
1252	0.12066082
1253	0.12899366
1254	0.14337052
1255	0.11249200
1256	0.13621716
1257	0.13959128
1258	0.14922940
1259	0.12367662
1260	0.16817767
1261	0.13884116
1262	0.12155969
1263	0.14369479
1264	0.13780913
1265	0.12283849
1266	0.07754499
1267	0.14155291
1268	0.20574362
1269	0.17367536
1270	0.12143821
1271	0.11677775
1272	0.14654330
1273	0.12984737
1274	0.14446583
1275	0.11912561
1276	0.14708922
1277	0.16914737
1278	0.13228296
1279	0.16555436
1280	0.15620460
1281	0.13884851
1282	0.15375376
1283	0.11055194
1284	0.15419410
1285	0.11638086
1286	0.13162581
1287	0.09500957
1288	0.14352880
1289	0.10988570
1290	0.12714903
1291	0.15173599
1292	0.09856567
1293	0.14820784
1294	0.12566127
1295	0.09741208
1296	0.11687500
1297	0.11520113
1298	0.16657803
1299	0.11362399
1300	0.13564992
1301	0.14607847
1302	0.15248744
1303	0.14958679
1304	0.19258837
1305	0.15990295
1306	0.12766983
1307	0.13188631
1308	0.13371951
1309	0.14888146
1310	0.16089988
1311	0.18805537
1312	0.12254568
1313	0.13926191
1314	0.12705283
1315	0.12251026
1316	0.12395004
1317	0.14560687
1318	0.14197682
1319	0.14681337
1320	0.12846519
1321	0.13517674
1322	0.12969495
1323	0.13855024
1324	0.14995824
1325	0.16404019
1326	0.08829144
1327	0.12871700
1328	0.11587476
1329	0.16858380
1330	0.14632419
1331	0.09866195
1332	0.18985319
1333	0.13730408
1334	0.13710182
1335	0.08957108
1336	0.13184390
1337	0.13520372
1338	0.14135545
1339	0.11005295
1340	0.12348473
1341	0.14456652
1342	0.11303122
1343	0.09646183
1344	0.09834608
1345	0.12173627
1346	0.15798534
1347	0.11481959
1348	0.13072318
1349	0.07863494
1350	0.10112859
1351	0.12319354
1352	0.11588041
1353	0.18345085
1354	0.14629818
1355	0.13186127
1356	0.14698082
1357	0.13915468
1358	0.14757379
1359	0.20242019
1360	0.12956030
1361	0.09652246
1362	0.17990158
1363	0.16588570
1364	0.09661640
1365	0.16362262
1366	0.11640473
1367	0.10146624
1368	0.10390650
1369	0.16384180
1370	0.12335961
1371	0.12360016
1372	0.12647561
1373	0.13809729
1374	0.07203191
1375	0.12494063
1376	0.10361228
1377	0.15834992
1378	0.13252181
1379	0.09653772
1380	0.15125271
1381	0.18913380
1382	0.11411959
1383	0.10594612
1384	0.12485061
1385	0.11918663
1386	0.13926276
1387	0.11695889
1388	0.09643841
1389	0.12270117
1390	0.10567750
1391	0.14456377
1392	0.12631979
1393	0.13823893
1394	0.13145359
1395	0.17825905
1396	0.10623150
1397	0.10742213
1398	0.13811898
1399	0.13559289
1400	0.14165775
1401	0.09326999
1402	0.12522730
1403	0.15316147
1404	0.14851935
1405	0.13253239
1406	0.15091979
1407	0.13677137
1408	0.12488708
1409	0.12280788
1410	0.12800893
1411	0.13443263
1412	0.13800202
1413	0.16229326
1414	0.10961531
1415	0.12825477
1416	0.16025162
1417	0.12306151
1418	0.13682213
1419	0.13214156
1420	0.11069027
1421	0.15795327
1422	0.08481987
1423	0.11759011
1424	0.10695977
1425	0.10195909
1426	0.10032452
1427	0.12145674
1428	0.10987601
1429	0.16380339
1430	0.12044661
1431	0.11933191
1432	0.15377282
1433	0.18972613
1434	0.11417524
1435	0.17560040
1436	0.14296074
1437	0.11058946
1438	0.13296434
1439	0.12084111
1440	0.15616519
1441	0.11556086
1442	0.11616292
1443	0.11294830
1444	0.12628590
1445	0.12248284
1446	0.11791523
1447	0.15429762
1448	0.09463457
1449	0.10812843
1450	0.10849758
1451	0.09407742
1452	0.14270182
1453	0.17517730
1454	0.11554661
1455	0.13729039
1456	0.16499184
1457	0.10500238
1458	0.11389895
1459	0.08801337
1460	0.14022116
1461	0.11981789
1462	0.13990578
1463	0.11311729
1464	0.17501894
1465	0.13784911
1466	0.13045097
1467	0.14828316
1468	0.14781688
1469	0.16217330
1470	0.15687928
1471	0.09206753
1472	0.15258922
1473	0.15805848
1474	0.12863304
1475	0.13129285
1476	0.14611712
1477	0.14202040
1478	0.15611115
1479	0.12538683
1480	0.10517932
1481	0.10368138
1482	0.10840279
1483	0.13746708
1484	0.11586438
1485	0.12730416
1486	0.12240731
1487	0.10297052
1488	0.12981640
1489	0.12774350
1490	0.11104277
1491	0.13061511
1492	0.10969245
1493	0.13081054
1494	0.11215638
1495	0.11238191
1496	0.15487807
1497	0.16458166
1498	0.10152540
1499	0.11166587
1500	0.16914479
1501	0.10765569
1502	0.10475876
1503	0.14331147
1504	0.15080153
1505	0.11697213
1506	0.10497694
1507	0.14549188
1508	0.14039649
1509	0.14496070
1510	0.09660707
1511	0.16319709
1512	0.14908465
1513	0.16095315
1514	0.13108445
1515	0.10208667
1516	0.14600460
1517	0.09856607
1518	0.10320149
1519	0.14060444
1520	0.13621494
1521	0.11514075
1522	0.13246430
1523	0.10558695
1524	0.12320557
1525	0.09059426
1526	0.10214834
1527	0.20561813
1528	0.13223639
1529	0.14962237
1530	0.12410291
1531	0.16182645
1532	0.13719128
1533	0.12645687
1534	0.10650771
1535	0.08832443
1536	0.12062201
1537	0.12327557
1538	0.14413078
1539	0.11768897
1540	0.12760170
1541	0.07993538
1542	0.13583489
1543	0.13917367
1544	0.17839624
1545	0.13521381
1546	0.14926341
1547	0.12917633
1548	0.14396240
1549	0.10495707
1550	0.15423800
1551	0.12563720
1552	0.17612601
1553	0.13145965
1554	0.16618716
1555	0.09794495
1556	0.12936910
1557	0.14479281
1558	0.14727347
1559	0.13038671
1560	0.10806010
1561	0.15497512
1562	0.07808817
1563	0.14228288
1564	0.15814657
1565	0.12604564
1566	0.16533215
1567	0.14832799
1568	0.16301680
1569	0.07989212
1570	0.14572843
1571	0.12061991
1572	0.15393146
1573	0.15726280
1574	0.15061171
1575	0.12816898
1576	0.11156660
1577	0.14220250
1578	0.07167492
1579	0.13976987
1580	0.12343687
1581	0.12042104
1582	0.11609834
1583	0.12742948
1584	0.09887908
1585	0.17871624
1586	0.13774693
1587	0.10217565
1588	0.12984330
1589	0.12401539
1590	0.12075804
1591	0.15832690
1592	0.16258526
1593	0.11118506
1594	0.11157589
1595	0.10219487
1596	0.14919346
1597	0.12453368
1598	0.09702104
1599	0.10869806
1600	0.10260295
1601	0.09231975
1602	0.12891442
1603	0.11891951
1604	0.10113663
1605	0.11879717
1606	0.13615586
1607	0.10208065
1608	0.14736187
1609	0.11737944
1610	0.14276809
1611	0.12379507
1612	0.12018643
1613	0.12294237
1614	0.11162569
1615	0.15729063
1616	0.09180153
1617	0.12008279
1618	0.15123562
1619	0.09168227
1620	0.11172968
1621	0.10599980
1622	0.15205000
1623	0.12045594
1624	0.13939673
1625	0.09026208
1626	0.09528534
1627	0.16402023
1628	0.12923332
1629	0.09703708
1630	0.11301030
1631	0.11301866
1632	0.18032431
1633	0.13921918
1634	0.11279996
1635	0.11707274
1636	0.11284301
1637	0.20961470
1638	0.11394742
1639	0.16548267
1640	0.17761127
1641	0.13886983
1642	0.13799273
1643	0.13359116
1644	0.17000428
1645	0.08068247
1646	0.11222734
1647	0.14716931
1648	0.15399770
1649	0.11373368
1650	0.13391430
1651	0.14070363
1652	0.11110670
1653	0.15322254
1654	0.12325933
1655	0.13913259
1656	0.11041793
1657	0.16905820
1658	0.10511708
1659	0.12903053
1660	0.11142573
1661	0.13295590
1662	0.13726418
1663	0.14100840
1664	0.12471842
1665	0.10665028
1666	0.16393788
1667	0.10935065
1668	0.12222076
1669	0.13896010
1670	0.14832290
1671	0.09627872
1672	0.07101777
1673	0.09317884
1674	0.12211450
1675	0.13075343
1676	0.10819120
1677	0.12958857
1678	0.14112819
1679	0.10471733
1680	0.19393292
1681	0.07638760
1682	0.10777326
1683	0.11481292
1684	0.10290299
1685	0.14346317
1686	0.13438292
1687	0.14881785
1688	0.10628724
1689	0.17511228
1690	0.09822698
1691	0.15180085
1692	0.09383296
1693	0.15696587
1694	0.15962116
1695	0.09027944
1696	0.09677411
1697	0.12543615
1698	0.10705065
1699	0.13475258
1700	0.15209257
1701	0.10355141
1702	0.08716826
1703	0.12537233
1704	0.12068506
1705	0.10261070
1706	0.10482415
1707	0.15480347
1708	0.10271769
1709	0.09942855
1710	0.13343558
1711	0.16052060
1712	0.12296785
1713	0.12447165
1714	0.11088873
1715	0.14666212
1716	0.11628437
1717	0.15693065
1718	0.14668813
1719	0.13545856
1720	0.13669527
1721	0.13030578
1722	0.12892169
1723	0.13912294
1724	0.09529309
1725	0.12648340
1726	0.06609984
1727	0.14609172
1728	0.11401894
1729	0.10577153
1730	0.12480420
1731	0.15451066
1732	0.15628437
1733	0.13510485
1734	0.13728590
1735	0.13199047
1736	0.08378748
1737	0.14527807
1738	0.10138445
1739	0.09130715
1740	0.12764641
1741	0.09530666
1742	0.13705190
1743	0.10092641
1744	0.13363469
1745	0.09907847
1746	0.14679641
1747	0.14636918
1748	0.15547205
1749	0.08584564
1750	0.11322141
1751	0.12124192
1752	0.09585606
1753	0.12505012
1754	0.13895703
1755	0.13040404
1756	0.13705994
1757	0.14773183
1758	0.08322702
1759	0.13937419
1760	0.11644717
1761	0.12511252
1762	0.13716260
1763	0.09802112
1764	0.17871296
1765	0.15773477
1766	0.14096422
1767	0.12446446
1768	0.14055594
1769	0.08906656
1770	0.09316317
1771	0.13075949
1772	0.12169851
1773	0.09386248
1774	0.15037387
1775	0.10492447
1776	0.12124956
1777	0.11054317
1778	0.15725198
1779	0.10813877
1780	0.08609451
1781	0.14355816
1782	0.09384140
1783	0.12710477
1784	0.10020864
1785	0.13547932
1786	0.13499637
1787	0.12393292
1788	0.14807201
1789	0.08180283
1790	0.11011099
1791	0.12235836
1792	0.10201931
1793	0.11471438
1794	0.11147746
1795	0.08390848
1796	0.10922165
1797	0.09747718
1798	0.11163760
1799	0.12759802
1800	0.10687112
1801	0.12790586
1802	0.09229378
1803	0.14288841
1804	0.11975703
1805	0.09008922
1806	0.11525242
1807	0.13569087
1808	0.11312577
1809	0.12726074
1810	0.11881862
1811	0.08296983
1812	0.11919859
1813	0.06241414
1814	0.16375258
1815	0.14087302
1816	0.11610957
1817	0.13461995
1818	0.14441224
1819	0.10848441
1820	0.10599043
1821	0.12467177
1822	0.08789313
1823	0.15555961
1824	0.11801288
1825	0.11676284
1826	0.13301078
1827	0.08969628
1828	0.11958421
1829	0.16641260
1830	0.13340586
1831	0.08701155
1832	0.07407007
1833	0.10158162
1834	0.14306700
1835	0.12776664
1836	0.11924657
1837	0.11864576
1838	0.12619544
1839	0.16137185
1840	0.07785327
1841	0.12852795
1842	0.12314673
1843	0.12254794
1844	0.13673821
1845	0.10583292
1846	0.15259386
1847	0.14793057
1848	0.10420137
1849	0.10259677
1850	0.12520125
1851	0.08731466
1852	0.13947855
1853	0.11440788
1854	0.07707577
1855	0.11996357
1856	0.11584055
1857	0.12467084
1858	0.09422981
1859	0.10374677
1860	0.07577952
1861	0.16217706
1862	0.15260921
1863	0.12047952
1864	0.09962007
1865	0.16325178
1866	0.16072310
1867	0.12121753
1868	0.12372423
1869	0.12793752
1870	0.14889241
1871	0.10095925
1872	0.11999653
1873	0.11936535
1874	0.14747585
1875	0.13937815
1876	0.09056313
1877	0.11302334
1878	0.11792310
1879	0.14097452
1880	0.13151410
1881	0.15722242
1882	0.10431337
1883	0.11229612
1884	0.12402936
1885	0.14562698
1886	0.14453615
1887	0.09259637
1888	0.09832880
1889	0.14325016
1890	0.11456543
1891	0.10375549
1892	0.09303005
1893	0.12562944
1894	0.15214184
1895	0.11532169
1896	0.12939237
1897	0.11086397
1898	0.14694358
1899	0.06444051
1900	0.10025654
1901	0.14597831
1902	0.10078841
1903	0.14192940
1904	0.13247573
1905	0.10183316
1906	0.12747270
1907	0.14800804
1908	0.15344261
1909	0.10864063
1910	0.14575840
1911	0.13621228
1912	0.12299176
1913	0.11535481
1914	0.13086462
1915	0.13577771
1916	0.12228187
1917	0.13888736
1918	0.08676870
1919	0.08659184
1920	0.13682670
1921	0.11004527
1922	0.09287593
1923	0.11926325
1924	0.14377989
1925	0.11304503
1926	0.11910634
1927	0.11827169
1928	0.13157645
1929	0.13126692
1930	0.12533562
1931	0.17461333
1932	0.11534947
1933	0.15576640
1934	0.09376826
1935	0.15162314
1936	0.09814435
1937	0.09980578
1938	0.13505784
1939	0.11943849
1940	0.08268704
1941	0.09317964
1942	0.11314249
1943	0.12718990
1944	0.14592387
1945	0.08065376
1946	0.09010218
1947	0.10866826
1948	0.12603433
1949	0.09397593
1950	0.08235909
1951	0.14281910
1952	0.14743195
1953	0.07618041
1954	0.12711842
1955	0.14492952
1956	0.11543344
1957	0.10504132
1958	0.11983389
1959	0.10624612
1960	0.12226086
1961	0.08196305
1962	0.11282040
1963	0.06538780
1964	0.10611313
1965	0.10996894
1966	0.11156813
1967	0.11345089
1968	0.12720957
1969	0.10560775
1970	0.10806757
1971	0.13573712
1972	0.11118001
1973	0.09588118
1974	0.09714895
1975	0.09473643
1976	0.12576494
1977	0.13516797
1978	0.11692262
1979	0.11853409
1980	0.13394023
1981	0.10661813
1982	0.09950206
1983	0.10414762
1984	0.13910868
1985	0.12407892
1986	0.12716381
1987	0.09766074
1988	0.14624083
1989	0.11886305
1990	0.08553013
1991	0.14412266
1992	0.12540149
1993	0.13683590
1994	0.07586797
1995	0.10123106
1996	0.12317379
1997	0.11215133
1998	0.08252197
1999	0.10786426
2000	0.09615121
2001	0.11421688
2002	0.09342783
2003	0.07909733
2004	0.12034879
2005	0.13546551
2006	0.10212027
2007	0.13540557
2008	0.10004818
2009	0.14580355
2010	0.14447989
2011	0.14872968
2012	0.06829947
2013	0.08468720
2014	0.11896599
2015	0.11669628
2016	0.12683106
2017	0.12445121
2018	0.13752573
2019	0.09693158
2020	0.08597819
2021	0.14112694
2022	0.11919620
2023	0.07625077
2024	0.13050949
2025	0.13611696
2026	0.06350683
2027	0.13728146
2028	0.13989519
2029	0.14374612
2030	0.13969689
2031	0.12928966
2032	0.15708885
2033	0.14393405
2034	0.09542181
2035	0.11915145
2036	0.11724624
2037	0.12760953
2038	0.11075485
2039	0.09850097
2040	0.13283772
2041	0.12937157
2042	0.14724915
2043	0.13372282
2044	0.09178405
2045	0.14841498
2046	0.15405218
2047	0.13353833
2048	0.13606947
2049	0.10160808
2050	0.11755032
2051	0.09496668
2052	0.09892439
2053	0.12155630
2054	0.15227831
2055	0.11135816
2056	0.10750384
2057	0.14571555
2058	0.11066902
2059	0.12795614
2060	0.17424116
2061	0.09070238
2062	0.07319253
2063	0.11958720
2064	0.06697625
2065	0.11611333
2066	0.11431543
2067	0.09185638
2068	0.12967653
2069	0.12347892
2070	0.10651712
2071	0.10599871
2072	0.09618389
2073	0.12873251
2074	0.16674515
2075	0.14044891
2076	0.08441264
2077	0.08578316
2078	0.12005396
2079	0.12221515
2080	0.09039782
2081	0.11407544
2082	0.09256252
2083	0.08170715
2084	0.12372492
2085	0.09560380
2086	0.13541922
2087	0.08468049
2088	0.14006256
2089	0.11719980
2090	0.13053227
2091	0.10305808
2092	0.06760800
2093	0.09693441
2094	0.12452137
2095	0.08465674
2096	0.14451959
2097	0.15444826
2098	0.12895065
2099	0.12491095
2100	0.11114907
2101	0.07528029
2102	0.13561373
2103	0.12037274
2104	0.13613542
2105	0.11527754
2106	0.08339576
2107	0.07165081
2108	0.11128958
2109	0.09448380
2110	0.10936163
2111	0.12574616
2112	0.11687803
2113	0.09193538
2114	0.16379564
2115	0.09090198
2116	0.07704447
2117	0.10027217
2118	0.12718623
2119	0.08360973
2120	0.11851216
2121	0.09422585
2122	0.08747254
2123	0.08628599
2124	0.11726769
2125	0.10514709
2126	0.14547237
2127	0.08231066
2128	0.14199192
2129	0.12518057
2130	0.12120816
2131	0.09534241
2132	0.09844192
2133	0.13550788
2134	0.12931636
2135	0.15579103
2136	0.14172835
2137	0.09580929
2138	0.10324931
2139	0.11898954
2140	0.13811781
2141	0.09943570
2142	0.08474709
2143	0.11474875
2144	0.12078441
2145	0.07109261
2146	0.08537476
2147	0.07952508
2148	0.11594972
2149	0.10906805
2150	0.13755408
2151	0.10736296
2152	0.11410658
2153	0.12588893
2154	0.11259410
2155	0.08350820
2156	0.07746248
2157	0.15312763
2158	0.16670973
2159	0.15733195
2160	0.12214051
2161	0.12306191
2162	0.10914071
2163	0.11757318
2164	0.08804422
2165	0.08829887
2166	0.10304746
2167	0.08578586
2168	0.08772823
2169	0.10738235
2170	0.12794540
2171	0.10462015
2172	0.14704628
2173	0.09169822
2174	0.09446535
2175	0.10191216
2176	0.12775424
2177	0.11006179
2178	0.06044140
2179	0.08868966
2180	0.13210905
2181	0.15433837
2182	0.14684503
2183	0.08355646
2184	0.12807916
2185	0.11067375
2186	0.08328869
2187	0.09911014
2188	0.05697520
2189	0.12708857
2190	0.10012411
2191	0.16104204
2192	0.08204221
2193	0.08987124
2194	0.08478183
2195	0.10413259
2196	0.11053938
2197	0.06674855
2198	0.12114637
2199	0.14690149
2200	0.10278776
2201	0.11345016
2202	0.11273021
2203	0.09709952
2204	0.06715343
2205	0.12661369
2206	0.10439782
2207	0.08767040
2208	0.12122561
2209	0.07167371
2210	0.13583873
2211	0.10459770
2212	0.10749838
2213	0.12587532
2214	0.08216809
2215	0.10802124
2216	0.06725691
2217	0.10398800
2218	0.11166789
2219	0.08189390
2220	0.09468057
2221	0.11734544
2222	0.10168417
2223	0.10392633
2224	0.09818227
2225	0.09066365
2226	0.11119354
2227	0.08354196
2228	0.11800638
2229	0.09324596
2230	0.12780937
2231	0.09543518
2232	0.10451527
2233	0.13085024
2234	0.10276721
2235	0.11875905
2236	0.08736749
2237	0.14129503
2238	0.11369071
2239	0.13896082
2240	0.08501401
2241	0.08440537
2242	0.11944927
2243	0.10941430
2244	0.13511313
2245	0.12662977
2246	0.10887403
2247	0.09561716
2248	0.07544798
2249	0.12559859
2250	0.11810109
2251	0.10144006
2252	0.15042936
2253	0.11521583
2254	0.12346547
2255	0.16052839
2256	0.09112738
2257	0.10012132
2258	0.11636288
2259	0.08995077
2260	0.11589778
2261	0.10007536
2262	0.11494758
2263	0.09956163
2264	0.10630355
2265	0.14912993
2266	0.11141575
2267	0.11383397
2268	0.08154713
2269	0.07147355
2270	0.10402637
2271	0.11927977
2272	0.13229309
2273	0.11166353
2274	0.09948005
2275	0.08352302
2276	0.07579261
2277	0.08778538
2278	0.08955299
2279	0.14481103
2280	0.13039229
2281	0.11722282
2282	0.10418817
2283	0.09726551
2284	0.09454414
2285	0.10168683
2286	0.09983776
2287	0.12187758
2288	0.05217027
2289	0.08269002
2290	0.10325008
2291	0.14849580
2292	0.15492896
2293	0.10377375
2294	0.09551797
2295	0.08841058
2296	0.11687488
2297	0.14059637
2298	0.06369923
2299	0.13555767
2300	0.12754911
2301	0.09887653
2302	0.09583813
2303	0.13059685
2304	0.09342573
2305	0.10980735
2306	0.12595020
2307	0.12976559
2308	0.11973332
2309	0.10067185
2310	0.11187080
2311	0.10184947
2312	0.07410473
2313	0.11299794
2314	0.11298372
2315	0.11162508
2316	0.08194358
2317	0.12963122
2318	0.11560481
2319	0.12958566
2320	0.09091086
2321	0.09304931
2322	0.12541910
2323	0.09780234
2324	0.09927997
2325	0.09837464
2326	0.08325198
2327	0.07680368
2328	0.08421668
2329	0.09727427
2330	0.10279192
2331	0.12948922
2332	0.12114790
2333	0.09656434
2334	0.14257403
2335	0.13419532
2336	0.11140618
2337	0.08436103
2338	0.11306555
2339	0.07073174
2340	0.14229733
2341	0.11822355
2342	0.12956030
2343	0.12138304
2344	0.08764895
2345	0.11035662
2346	0.09150186
2347	0.06903554
2348	0.09036761
2349	0.16474527
2350	0.13300166
2351	0.06809447
2352	0.07597997
2353	0.07627771
2354	0.10234317
2355	0.11727585
2356	0.07542512
2357	0.12308207
2358	0.15979079
2359	0.12061090
2360	0.12826260
2361	0.10168421
2362	0.07972351
2363	0.09974883
2364	0.09029164
2365	0.09478643
2366	0.11954358
2367	0.10981817
2368	0.08220388
2369	0.11441167
2370	0.08534180
2371	0.08672177
2372	0.11735755
2373	0.10484051
2374	0.13227880
2375	0.09583219
2376	0.13016939
2377	0.11145816
2378	0.09551519
2379	0.09020000
2380	0.08482056
2381	0.10129842
2382	0.10057088
2383	0.14100994
2384	0.11055036
2385	0.10512637
2386	0.09233716
2387	0.12669988
2388	0.07922746
2389	0.11657948
2390	0.13693554
2391	0.09906539
2392	0.11822036
2393	0.09087569
2394	0.14179229
2395	0.09337375
2396	0.12184709
2397	0.12849903
2398	0.13255069
2399	0.13940747
2400	0.10227197
2401	0.10375691
2402	0.09618946
2403	0.12055436
2404	0.14024794
2405	0.13816325
2406	0.12704435
2407	0.08947702
2408	0.12487011
2409	0.06937270
2410	0.13070533
2411	0.12055630
2412	0.10571167
2413	0.08706680
2414	0.11353384
2415	0.10730743
2416	0.12998724
2417	0.12386898
2418	0.14284002
2419	0.12788324
2420	0.09112189
2421	0.10913389
2422	0.13250363
2423	0.12985206
2424	0.07306434
2425	0.10067246
2426	0.10964192
2427	0.06899083
2428	0.13395400
2429	0.08676696
2430	0.15873304
2431	0.12892048
2432	0.12563966
2433	0.11786474
2434	0.06772250
2435	0.12017407
2436	0.09601587
2437	0.09312298
2438	0.07009366
2439	0.09640303
2440	0.11974992
2441	0.09720323
2442	0.11334487
2443	0.08196826
2444	0.13129532
2445	0.13326074
2446	0.12241377
2447	0.12482625
2448	0.11840670
2449	0.10944350
2450	0.10795174
2451	0.10147964
2452	0.15915222
2453	0.13059568
2454	0.12741385
2455	0.06471014
2456	0.11141648
2457	0.06771523
2458	0.06868938
2459	0.11036345
2460	0.14568695
2461	0.07769216
2462	0.09697330
2463	0.07233316
2464	0.15140129
2465	0.13983695
2466	0.14225016
2467	0.10929721
2468	0.10761135
2469	0.08371151
2470	0.07697520
2471	0.11888841
2472	0.08782165
2473	0.09108001
2474	0.13446127
2475	0.08862128
2476	0.14773873
2477	0.14776418
2478	0.09942924
2479	0.08271119
2480	0.10907363
2481	0.06994297
2482	0.08859362
2483	0.10571672
2484	0.11733243
2485	0.07085679
2486	0.09132763
2487	0.13367964
2488	0.10940258
2489	0.09726486
2490	0.09399414
2491	0.11551349
2492	0.11895432
2493	0.11502698
2494	0.09121349
2495	0.12732973
2496	0.10245529
2497	0.11823639
2498	0.08382209
2499	0.11192553
2500	0.14590763
2501	0.09560440
2502	0.08544402
2503	0.12212456
2504	0.08488615
2505	0.11017807
2506	0.09744984
2507	0.12880468
2508	0.08164253
2509	0.12645166
2510	0.11883502
2511	0.12919225
2512	0.07375775
2513	0.08535832
2514	0.09948893
2515	0.13394867
2516	0.09738098
2517	0.07420804
2518	0.09214184
2519	0.09861842
2520	0.12960545
2521	0.10809071
2522	0.11089196
2523	0.11294544
2524	0.11058776
2525	0.08087294
2526	0.12249136
2527	0.11553469
2528	0.12029645
2529	0.11065569
2530	0.10636115
2531	0.10528259
2532	0.07679536
2533	0.11594334
2534	0.09050545
2535	0.13151353
2536	0.07177678
2537	0.12375872
2538	0.10740489
2539	0.12084120
2540	0.08667173
2541	0.09549192
2542	0.09087839
2543	0.12384923
2544	0.12760707
2545	0.09904907
2546	0.09590594
2547	0.08557132
2548	0.11958259
2549	0.11053203
2550	0.09067637
2551	0.13146579
2552	0.09444075
2553	0.11441902
2554	0.11961143
2555	0.13439972
2556	0.14185004
2557	0.16278780
2558	0.08281329
2559	0.07059132
2560	0.12299883
2561	0.05814055
2562	0.13768279
2563	0.09490242
2564	0.08051963
2565	0.09204600
2566	0.11716026
2567	0.10873110
2568	0.08179103
2569	0.08080287
2570	0.07776563
2571	0.14630634
2572	0.14922443
2573	0.05865889
2574	0.07255707
2575	0.07023510
2576	0.13098796
2577	0.11958744
2578	0.13776163
2579	0.11026103
2580	0.11233627
2581	0.10758986
2582	0.06792617
2583	0.07940347
2584	0.13081171
2585	0.10803986
2586	0.07608389
2587	0.11043494
2588	0.10370824
2589	0.06761878
2590	0.09274778
2591	0.08059544
2592	0.08126571
2593	0.08237072
2594	0.09261975
2595	0.07749697
2596	0.10989608
2597	0.08920202
2598	0.12992193
2599	0.07954269
2600	0.08212015
2601	0.07726082
2602	0.09994326
2603	0.11790933
2604	0.12898905
2605	0.09509087
2606	0.16134245
2607	0.12588473
2608	0.06942985
2609	0.13112120
2610	0.08707734
2611	0.11080820
2612	0.08801943
2613	0.14474087
2614	0.12739588
2615	0.08944071
2616	0.08209342
2617	0.09628857
2618	0.11689560
2619	0.11086797
2620	0.11815796
2621	0.08861834
2622	0.07647964
2623	0.10915440
2624	0.14245670
2625	0.14689241
2626	0.10373082
2627	0.08852742
2628	0.07547399
2629	0.14072213
2630	0.08302670
2631	0.08735412
2632	0.13193756
2633	0.14450238
2634	0.10801369
2635	0.10956171
2636	0.10717977
2637	0.12396070
2638	0.14490925
2639	0.13140691
2640	0.08677868
2641	0.11497468
2642	0.08149180
2643	0.08953166
2644	0.09877981
2645	0.12203469
2646	0.10244580
2647	0.07526692
2648	0.09928518
2649	0.07786999
2650	0.12777116
2651	0.09740101
2652	0.10539742
2653	0.07395242
2654	0.12030622
2655	0.08498704
2656	0.10606224
2657	0.09500420
2658	0.09961090
2659	0.10584947
2660	0.08305901
2661	0.10279309
2662	0.12364087
2663	0.09500549
2664	0.11332613
2665	0.09444677
2666	0.11938865
2667	0.07503530
2668	0.10412460
2669	0.07422141
2670	0.10247044
2671	0.10255202
2672	0.11541179
2673	0.07213974
2674	0.13918324
2675	0.07346414
2676	0.10173615
2677	0.10917246
2678	0.10645420
2679	0.10439027
2680	0.12303425
2681	0.12493990
2682	0.10959011
2683	0.10354790
2684	0.11559657
2685	0.07699729
2686	0.14708009
2687	0.09092940
2688	0.08646616
2689	0.14123825
2690	0.10570388
2691	0.08915069
2692	0.09212629
2693	0.08191668
2694	0.10065925
2695	0.14399225
2696	0.12414697
2697	0.11187940
2698	0.05961995
2699	0.09912613
2700	0.08595226
2701	0.11487819
2702	0.07893922
2703	0.11927872
2704	0.10369334
2705	0.12182367
2706	0.07713045
2707	0.09432197
2708	0.09152246
2709	0.10521256
2710	0.06429326
2711	0.08143574
2712	0.11303441
2713	0.12941377
2714	0.10599390
2715	0.10524079
2716	0.10983393
2717	0.10851652
2718	0.06893150
2719	0.12603324
2720	0.08343849
2721	0.08496482
2722	0.12125933
2723	0.13788187
2724	0.08694641
2725	0.10200699
2726	0.07408049
2727	0.12428409
2728	0.09305804
2729	0.09963962
2730	0.08987932
2731	0.10461204
2732	0.10409216
2733	0.08692472
2734	0.08923974
2735	0.11198074
2736	0.10567706
2737	0.08985945
2738	0.09367670
2739	0.07843481
2740	0.09821502
2741	0.11223074
2742	0.08867128
2743	0.07958134
2744	0.10430214
2745	0.11185105
2746	0.11231704
2747	0.08057908
2748	0.16911179
2749	0.10815545
2750	0.10599665
2751	0.12671914
2752	0.07226236
2753	0.09087872
2754	0.10668061
2755	0.10353974
2756	0.10065707
2757	0.13072468
2758	0.10369742
2759	0.06179645
2760	0.09883748
2761	0.07035182
2762	0.11860537
2763	0.10927577
2764	0.10885824
2765	0.10006975
2766	0.11086490
2767	0.12095505
2768	0.11228623
2769	0.10437678
2770	0.11589439
2771	0.10502981
2772	0.08843312
2773	0.11647516
2774	0.08726987
2775	0.08942003
2776	0.14006890
2777	0.08669669
2778	0.12057746
2779	0.08218417
2780	0.11954665
2781	0.12667145
2782	0.10573796
2783	0.11089778
2784	0.07507266
2785	0.09331708
2786	0.08204023
2787	0.11021361
2788	0.12223130
2789	0.06584390
2790	0.05948316
2791	0.13616389
2792	0.09054160
2793	0.08222783
2794	0.14187124
2795	0.12080287
2796	0.10886155
2797	0.10950630
2798	0.10028231
2799	0.07670436
2800	0.10811405
2801	0.08689475
2802	0.12750578
2803	0.07923094
2804	0.06458619
2805	0.11600174
2806	0.09437205
2807	0.06163122
2808	0.10365263
2809	0.09739964
2810	0.10845291
2811	0.11102597
2812	0.13951821
2813	0.08823966
2814	0.10795981
2815	0.08710953
2816	0.09391195
2817	0.13402270
2818	0.08651765
2819	0.11428279
2820	0.09700182
2821	0.09495533
2822	0.12798037
2823	0.16626733
2824	0.15070674
2825	0.09102225
2826	0.11307686
2827	0.11413477
2828	0.08479810
2829	0.09286858
2830	0.07995368
2831	0.06654992
2832	0.06571684
2833	0.09110307
2834	0.11260642
2835	0.10631010
2836	0.06049572
2837	0.09137932
2838	0.09533211
2839	0.13727968
2840	0.09501450
2841	0.08540089
2842	0.12881721
2843	0.09731894
2844	0.10260541
2845	0.12241410
2846	0.09560355
2847	0.13907621
2848	0.10376737
2849	0.11252306
2850	0.07149899
2851	0.11783570
2852	0.11980945
2853	0.08320170
2854	0.13537658
2855	0.06651325
2856	0.08827104
2857	0.06719556
2858	0.09303457
2859	0.10966688
2860	0.11987302
2861	0.10197815
2862	0.13127536
2863	0.08216733
2864	0.09123542
2865	0.11308732
2866	0.06747480
2867	0.05309172
2868	0.07366135
2869	0.08663748
2870	0.07780654
2871	0.10093126
2872	0.11222670
2873	0.12079939
2874	0.08901095
2875	0.11652548
2876	0.08055376
2877	0.09474923
2878	0.09713736
2879	0.07191830
2880	0.14389443
2881	0.08996321
2882	0.08213320
2883	0.09724451
2884	0.05971175
2885	0.10865642
2886	0.14445703
2887	0.10583251
2888	0.10024059
2889	0.10726450
2890	0.08382827
2891	0.11370448
2892	0.13607213
2893	0.10774657
2894	0.09675335
2895	0.12562637
2896	0.09870024
2897	0.09610158
2898	0.12538683
2899	0.10799011
2900	0.11947056
2901	0.09343473
2902	0.09578049
2903	0.07504624
2904	0.09929758
2905	0.10508643
2906	0.08248356
2907	0.06772730
2908	0.09139285
2909	0.10183663
2910	0.12485953
2911	0.09326563
2912	0.08647928
2913	0.11727032
2914	0.09139257
2915	0.11517916
2916	0.09163251
2917	0.10535505
2918	0.09301309
2919	0.06354677
2920	0.14574265
2921	0.08017246
2922	0.10574515
2923	0.08105650
2924	0.12676696
2925	0.08185404
2926	0.11548344
2927	0.09033453
2928	0.08817658
2929	0.09990198
2930	0.12613308
2931	0.10851345
2932	0.08061397
2933	0.09752621
2934	0.12634637
2935	0.07595497
2936	0.08057011
2937	0.14328926
2938	0.05354447
2939	0.13220315
2940	0.06421155
2941	0.06439471
2942	0.06893667
2943	0.10583279
2944	0.11303057
2945	0.11795307
2946	0.07064422
2947	0.12593348
2948	0.11066155
2949	0.07219992
2950	0.13179116
2951	0.09986591
2952	0.13216858
2953	0.11923324
2954	0.12636147
2955	0.13679346
2956	0.07849758
2957	0.07825456
2958	0.10484346
2959	0.11950792
2960	0.09725202
2961	0.08593336
2962	0.06696632
2963	0.15168736
2964	0.09701078
2965	0.06368247
2966	0.10894382
2967	0.06677585
2968	0.10738158
2969	0.09249071
2970	0.08041107
2971	0.14892395
2972	0.15429838
2973	0.07971862
2974	0.08027181
2975	0.13567787
2976	0.07363599
2977	0.08667237
2978	0.09515759
2979	0.08069321
2980	0.13289483
2981	0.11127447
2982	0.09053324
2983	0.14130432
2984	0.08372847
2985	0.10671002
2986	0.06969592
2987	0.06815012
2988	0.12577019
2989	0.05429426
2990	0.09686874
2991	0.09741010
2992	0.08025404
2993	0.10147116
2994	0.08285909
2995	0.09191050
2996	0.14156797
2997	0.10453041
2998	0.07336882
2999	0.07508279
3000	0.07532738
3001	0.09244838
3002	0.05143623
3003	0.08468025
3004	0.09463405
3005	0.13697706
3006	0.09111741
3007	0.07377104
3008	0.06687145
3009	0.08205868
3010	0.09897674
3011	0.11282290
3012	0.10105242
3013	0.12490771
3014	0.13227447
3015	0.13248958
3016	0.08124628
3017	0.11023837
3018	0.11597932
3019	0.08304330
3020	0.11102932
3021	0.10371519
3022	0.09640174
3023	0.12197096
3024	0.04923263
3025	0.09713962
3026	0.09618489
3027	0.10356369
3028	0.09880808
3029	0.08598401
3030	0.08432577
3031	0.07202718
3032	0.08610057
3033	0.08025893
3034	0.11008340
3035	0.11583461
3036	0.09036486
3037	0.10198675
3038	0.07203764
3039	0.10157330
3040	0.10120020
3041	0.14585303
3042	0.13159321
3043	0.11712977
3044	0.10434770
3045	0.11740687
3046	0.08246910
3047	0.09420796
3048	0.07785719
3049	0.09704374
3050	0.08076216
3051	0.10832294
3052	0.06994713
3053	0.11587718
3054	0.10646712
3055	0.05980828
3056	0.09931482
3057	0.06666022
3058	0.07067072
3059	0.08673695
3060	0.06516022
3061	0.08332258
3062	0.15905662
3063	0.07056729
3064	0.06921668
3065	0.07328522
3066	0.09176038
3067	0.07213728
3068	0.13894398
3069	0.07469507
3070	0.14338502
3071	0.10506401
3072	0.09640917
3073	0.08788922
3074	0.10317880
3075	0.10235788
3076	0.13590561
3077	0.09458481
3078	0.09811224
3079	0.07011462
3080	0.08621038
3081	0.09734729
3082	0.10676543
3083	0.12026458
3084	0.09053025
3085	0.10698195
3086	0.13517617
3087	0.10457403
3088	0.09130372
3089	0.11827585
3090	0.13228631
3091	0.09818037
3092	0.13134883
3093	0.08429180
3094	0.08979160
3095	0.09118191
3096	0.07047258
3097	0.10627334
3098	0.08279188
3099	0.10336991
3100	0.09322880
3101	0.11214499
3102	0.13179992
3103	0.11642678
3104	0.13693530
3105	0.10308599
3106	0.05637237
3107	0.09682981
3108	0.09392407
3109	0.10195848
3110	0.07088001
3111	0.06789935
3112	0.09181761
3113	0.11570299
3114	0.05932977
3115	0.09730319
3116	0.10802674
3117	0.11603082
3118	0.10198267
3119	0.08958736
3120	0.09686369
3121	0.12355501
3122	0.08565226
3123	0.06811232
3124	0.10258336
3125	0.06671410
3126	0.07349330
3127	0.08481644
3128	0.07373510
3129	0.05730287
3130	0.06448118
3131	0.10418344
3132	0.06108901
3133	0.08705073
3134	0.09389923
3135	0.06207480
3136	0.11084148
3137	0.06825844
3138	0.06391337
3139	0.10734572
3140	0.05711216
3141	0.11777120
3142	0.09487347
3143	0.09906450
3144	0.14759487
3145	0.05953542
3146	0.08063990
3147	0.10106890
3148	0.09722581
3149	0.11023187
3150	0.08982169
3151	0.08529499
3152	0.11963389
3153	0.07806591
3154	0.10958053
3155	0.10586559
3156	0.09883813
3157	0.10455650
3158	0.10148118
3159	0.10277302
3160	0.09785598
3161	0.10117439
3162	0.08505658
3163	0.10309592
3164	0.10872423
3165	0.07263691
3166	0.11678809
3167	0.09779887
3168	0.10733974
3169	0.05911119
3170	0.11158695
3171	0.05763074
3172	0.08931284
3173	0.09689822
3174	0.07865133
3175	0.12792573
3176	0.11042492
3177	0.07845424
3178	0.11054035
3179	0.05705840
3180	0.08818574
3181	0.07894649
3182	0.07489382
3183	0.07492197
3184	0.05366850
3185	0.09432100
3186	0.07495703
3187	0.08074366
3188	0.08334418
3189	0.06423267
3190	0.09491987
3191	0.09269237
3192	0.07524645
3193	0.10749915
3194	0.14166276
3195	0.09066167
3196	0.06786466
3197	0.09502015
3198	0.12582427
3199	0.10302904
3200	0.07814911
3201	0.11868518
3202	0.10783720
3203	0.10747165
3204	0.10620250
3205	0.11144879
3206	0.06782431
3207	0.09412052
3208	0.11468118
3209	0.11575493
3210	0.05682435
3211	0.15340335
3212	0.07763469
3213	0.06132678
3214	0.12961813
3215	0.11680113
3216	0.05608994
3217	0.08853663
3218	0.15784616
3219	0.10466224
3220	0.10710263
3221	0.07995719
3222	0.10346268
3223	0.09048118
3224	0.10680767
3225	0.07287738
3226	0.08001890
3227	0.06592690
3228	0.09228372
3229	0.09211446
3230	0.07224483
3231	0.08861422
3232	0.09617649
3233	0.07170456
3234	0.08628586
3235	0.09505408
3236	0.08882565
3237	0.10599006
3238	0.09585028
3239	0.07913332
3240	0.07156797
3241	0.06381716
3242	0.08481321
3243	0.07617597
3244	0.09222371
3245	0.10391131
3246	0.14048716
3247	0.09390586
3248	0.08936482
3249	0.09805093
3250	0.06549604
3251	0.08494293
3252	0.09726111
3253	0.08911272
3254	0.10794439
3255	0.08324814
3256	0.10781640
3257	0.11224212
3258	0.09690763
3259	0.06607536
3260	0.09712835
3261	0.08632439
3262	0.06911688
3263	0.08371680
3264	0.10420444
3265	0.12549039
3266	0.09522932
3267	0.10384527
3268	0.09235578
3269	0.09357464
3270	0.06333615
3271	0.12575327
3272	0.07292916
3273	0.08727920
3274	0.12221046
3275	0.14538518
3276	0.10219798
3277	0.06320747
3278	0.13769786
3279	0.09755703
3280	0.13722048
3281	0.08069782
3282	0.13026624
3283	0.11169297
3284	0.09360250
3285	0.12211195
3286	0.10027294
3287	0.08153655
3288	0.08083122
3289	0.09999834
3290	0.08704717
3291	0.10064128
3292	0.07489002
3293	0.14810396
3294	0.09811874
3295	0.10139467
3296	0.13733057
3297	0.05712468
3298	0.10239616
3299	0.10666002
3300	0.08318102
3301	0.13840646
3302	0.10389216
3303	0.09677754
3304	0.13136797
3305	0.11874548
3306	0.06024681
3307	0.08795646
3308	0.09490586
3309	0.12162504
3310	0.08452997
3311	0.08817137
3312	0.10923893
3313	0.07261470
3314	0.16762540
3315	0.09895852
3316	0.08405666
3317	0.14294697
3318	0.08078800
3319	0.09675246
3320	0.11485182
3321	0.12084124
3322	0.09622157
3323	0.05510206
3324	0.11518324
3325	0.07813437
3326	0.10401898
3327	0.11552072
3328	0.13023534
3329	0.09903421
3330	0.09073239
3331	0.07054326
3332	0.05549406
3333	0.09362161
3334	0.09384532
3335	0.07984067
3336	0.06269697
3337	0.07435194
3338	0.09879176
3339	0.11312641
3340	0.14961765
3341	0.09617573
3342	0.08394083
3343	0.10328930
3344	0.09959132
3345	0.10105137
3346	0.10870856
3347	0.11571159
3348	0.08077019
3349	0.16209019
3350	0.10879681
3351	0.08515113
3352	0.12377334
3353	0.09767682
3354	0.07274826
3355	0.10143138
3356	0.08988013
3357	0.09428841
3358	0.08339111
3359	0.08656430
3360	0.11696882
3361	0.13960040
3362	0.05227544
3363	0.08763861
3364	0.12431498
3365	0.11167173
3366	0.12512653
3367	0.07638833
3368	0.14775485
3369	0.12305121
3370	0.09452868
3371	0.09493635
3372	0.09871300
3373	0.07890856
3374	0.13421660
3375	0.12693336
3376	0.12102536
3377	0.09197145
3378	0.11369297
3379	0.12040545
3380	0.06397250
3381	0.09214184
3382	0.12130525
3383	0.07912003
3384	0.11622447
3385	0.10470691
3386	0.11260735
3387	0.10769964
3388	0.09589495
3389	0.09374810
3390	0.06249645
3391	0.11374402
3392	0.10146761
3393	0.10031616
3394	0.07492298
3395	0.05623421
3396	0.10753267
3397	0.08343021
3398	0.09470509
3399	0.09264495
3400	0.12277153
3401	0.09487092
3402	0.08959980
3403	0.08860517
3404	0.07499532
3405	0.07961042
3406	0.10403179
3407	0.06703162
3408	0.10601725
3409	0.12103441
3410	0.05979750
3411	0.10207197
3412	0.08641292
3413	0.07714665
3414	0.12484253
3415	0.12301470
3416	0.10532658
3417	0.09295618
3418	0.10435347
3419	0.10048094
3420	0.09031607
3421	0.11784960
3422	0.12913296
3423	0.11179883
3424	0.11161470
3425	0.10471038
3426	0.10358393
3427	0.11414091
3428	0.06661935
3429	0.11466498
3430	0.13058191
3431	0.10173477
3432	0.11302528
3433	0.11324548
3434	0.09940743
3435	0.11457508
3436	0.14146095
3437	0.14176204
3438	0.07772847
3439	0.08399107
3440	0.08991135
3441	0.09673259
3442	0.08614984
3443	0.06603138
3444	0.12784455
3445	0.07133356
3446	0.08726611
3447	0.06038013
3448	0.11935852
3449	0.07927023
3450	0.09297593
3451	0.12479120
3452	0.06239713
3453	0.12754806
3454	0.08512080
3455	0.07995460
3456	0.07620032
3457	0.11807783
3458	0.06891531
3459	0.06218897
3460	0.08761793
3461	0.07744972
3462	0.12614871
3463	0.05631256
3464	0.07450961
3465	0.09812161
3466	0.12399184
3467	0.09645246
3468	0.08673025
3469	0.07676620
3470	0.11912488
3471	0.07701042
3472	0.10661256
3473	0.11061712
3474	0.12249447
3475	0.11698106
3476	0.08488304
3477	0.09995751
3478	0.10889293
3479	0.09744455
3480	0.12244107
3481	0.08918792
3482	0.05354515
3483	0.09352007
3484	0.08556385
3485	0.10139002
3486	0.13411620
3487	0.11567569
3488	0.09929326
3489	0.12403914
3490	0.07756527
3491	0.11404002
3492	0.06842750
3493	0.12726284
3494	0.08847989
3495	0.08628094
3496	0.05236300
3497	0.13496519
3498	0.07166333
3499	0.08208800
3500	0.09255048
3501	0.08351159
3502	0.07253994
3503	0.04358534
3504	0.12798675
3505	0.13736773
3506	0.10517326
3507	0.09380537
3508	0.07153384
3509	0.07393611
3510	0.14274168
3511	0.07819915
3512	0.12357589
3513	0.13770622
3514	0.07566745
3515	0.07755763
3516	0.08941809
3517	0.11571914
3518	0.07952528
3519	0.07792872
3520	0.05961527
3521	0.09409216
3522	0.05629709
3523	0.10705420
3524	0.07705549
3525	0.11023926
3526	0.10721616
3527	0.07460214
3528	0.11980178
3529	0.09687197
3530	0.06614338
3531	0.09305400
3532	0.07993191
3533	0.04737799
3534	0.10195533
3535	0.09935226
3536	0.10050315
3537	0.09510376
3538	0.08588805
3539	0.06718401
3540	0.13619632
3541	0.07387229
3542	0.10214935
3543	0.11581858
3544	0.08008546
3545	0.05501373
3546	0.09115582
3547	0.08665860
3548	0.04015658
3549	0.06094600
3550	0.08043243
3551	0.07903300
3552	0.11945214
3553	0.07089879
3554	0.14541870
3555	0.08988166
3556	0.08350109
3557	0.06990893
3558	0.11648639
3559	0.06179156
3560	0.13118453
3561	0.07808049
3562	0.06450864
3563	0.08767807
3564	0.10191906
3565	0.05966410
3566	0.08010654
3567	0.05161414
3568	0.11215844
3569	0.05758485
3570	0.11859047
3571	0.07266377
3572	0.06378489
3573	0.09728397
3574	0.09860250
3575	0.08794463
3576	0.07360473
3577	0.05794673
3578	0.08054006
3579	0.09105089
3580	0.10110529
3581	0.12408954
3582	0.09439491
3583	0.08701628
3584	0.07362851
3585	0.08359338
3586	0.08522112
3587	0.10004746
3588	0.09540614
3589	0.10386397
3590	0.11382492
3591	0.09085061
3592	0.07051781
3593	0.07233526
3594	0.10444354
3595	0.08124362
3596	0.09084608
3597	0.09565905
3598	0.06409822
3599	0.06280275
3600	0.07345485
3601	0.11594778
3602	0.07034079
3603	0.11442088
3604	0.06748796
3605	0.09319754
3606	0.06243978
3607	0.08258142
3608	0.08708364
3609	0.09836894
3610	0.11971862
3611	0.10371276
3612	0.06859887
3613	0.10751535
3614	0.06897702
3615	0.09288631
3616	0.06297108
3617	0.07298994
3618	0.11727912
3619	0.11390921
3620	0.10814334
3621	0.15350868
3622	0.12336244
3623	0.06759435
3624	0.08300897
3625	0.11023239
3626	0.11527427
3627	0.12813421
3628	0.07746454
3629	0.10944911
3630	0.14238756
3631	0.11867981
3632	0.10032080
3633	0.06183679
3634	0.06757694
3635	0.11436515
3636	0.06911611
3637	0.09841579
3638	0.06244160
3639	0.12745945
3640	0.09095363
3641	0.06904245
3642	0.08439221
3643	0.06445497
3644	0.09696716
3645	0.11714313
3646	0.08637359
3647	0.11842447
3648	0.06363195
3649	0.12572730
3650	0.08682375
3651	0.12071240
3652	0.07165933
3653	0.08037851
3654	0.13846882
3655	0.09607310
3656	0.06636733
3657	0.10889241
3658	0.08932993
3659	0.07559184
3660	0.09073748
3661	0.09483009
3662	0.07149281
3663	0.09441781
3664	0.09829548
3665	0.08121902
3666	0.08158595
3667	0.08235715
3668	0.09548380
3669	0.09638683
3670	0.07741692
3671	0.11727508
3672	0.07528094
3673	0.10603320
3674	0.12726761
3675	0.09175303
3676	0.07261926
3677	0.09875860
3678	0.08526397
3679	0.09355824
3680	0.08131821
3681	0.08735840
3682	0.10190271
3683	0.09396139
3684	0.11491963
3685	0.14578227
3686	0.08510557
3687	0.08430497
3688	0.08529463
3689	0.12058389
3690	0.09554612
3691	0.09855929
3692	0.06432383
3693	0.05829515
3694	0.12406539
3695	0.08646882
3696	0.08505085
3697	0.07209439
3698	0.07739762
3699	0.12863288
3700	0.09885388
3701	0.09837605
3702	0.10176147
3703	0.10220162
3704	0.10455634
3705	0.10624378
3706	0.13998599
3707	0.07692674
3708	0.09139600
3709	0.08045586
3710	0.12842367
3711	0.10924414
3712	0.09165933
3713	0.06558849
3714	0.06744144
3715	0.10169160
3716	0.09109895
3717	0.09064277
3718	0.10285012
3719	0.11304366
3720	0.08853453
3721	0.07198445
3722	0.08559988
3723	0.06826878
3724	0.14420493
3725	0.07451531
3726	0.10801050
3727	0.07964326
3728	0.10792714
3729	0.10878481
3730	0.10156535
3731	0.07341171
3732	0.09742334
3733	0.11233211
3734	0.09151737
3735	0.10226745
3736	0.07103025
3737	0.07283881
3738	0.11064952
3739	0.06889459
3740	0.07256107
3741	0.08648146
3742	0.07192952
3743	0.10884964
3744	0.09904544
3745	0.09210315
3746	0.09185246
3747	0.12521926
3748	0.08939354
3749	0.11628829
3750	0.07367282
3751	0.10983554
3752	0.10516369
3753	0.06651208
3754	0.08361781
3755	0.10806648
3756	0.11771769
3757	0.08120339
3758	0.14082936
3759	0.06449039
3760	0.09379988
3761	0.06084297
3762	0.08101224
3763	0.12059204
3764	0.08438086
3765	0.08938837
3766	0.12619487
3767	0.09852056
3768	0.10764758
3769	0.07973865
3770	0.12369321
3771	0.09734467
3772	0.08382116
3773	0.10462128
3774	0.11047205
3775	0.11685751
3776	0.09748671
3777	0.11430929
3778	0.07936066
3779	0.07329600
3780	0.09740279
3781	0.06439176
3782	0.11317480
3783	0.08675145
3784	0.12296769
3785	0.08489895
3786	0.06643090
3787	0.11892145
3788	0.13272274
3789	0.10393708
3790	0.10041983
3791	0.09920876
3792	0.08153284
3793	0.10155311
3794	0.11208025
3795	0.09087726
3796	0.11136910
3797	0.08567347
3798	0.07691668
3799	0.12266405
3800	0.08546563
3801	0.09641769
3802	0.11456450
3803	0.04310723
3804	0.05831046
3805	0.10733429
3806	0.08900848
3807	0.11619540
3808	0.12102419
3809	0.11039059
3810	0.08361506
3811	0.12018098
3812	0.06588950
3813	0.06092658
3814	0.09337484
3815	0.11271292
3816	0.07187233
3817	0.10011664
3818	0.07108514
3819	0.13275674
3820	0.12583918
3821	0.08145586
3822	0.11683461
3823	0.06963619
3824	0.12314059
3825	0.08283695
3826	0.12773324
3827	0.07015610
3828	0.08114063
3829	0.09012952
3830	0.10504160
3831	0.09161438
3832	0.07861644
3833	0.10734838
3834	0.10911559
3835	0.08953877
3836	0.05801648
3837	0.05573566
3838	0.07060198
3839	0.09090808
3840	0.07310339
3841	0.08780089
3842	0.09566296
3843	0.07943247
3844	0.11493740
3845	0.08961603
3846	0.11380069
3847	0.09507104
3848	0.07116777
3849	0.09364192
3850	0.08207613
3851	0.07206131
3852	0.09622015
3853	0.06513671
3854	0.07831729
3855	0.08710965
3856	0.06779406
3857	0.08080238
3858	0.09275666
3859	0.06120343
3860	0.12532068
3861	0.05725897
3862	0.08360949
3863	0.13223401
3864	0.07504116
3865	0.11211704
3866	0.12835315
3867	0.08941240
3868	0.11331704
3869	0.08348498
3870	0.07268962
3871	0.07116454
3872	0.07139976
3873	0.08989035
3874	0.08876571
3875	0.08895913
3876	0.06870077
3877	0.14121616
3878	0.08208433
3879	0.06897048
3880	0.10962698
3881	0.08990044
3882	0.06172916
3883	0.09034277
3884	0.05915981
3885	0.08117799
3886	0.07110121
3887	0.07384766
3888	0.10551389
3889	0.06786563
3890	0.11967548
3891	0.06160089
3892	0.08132355
3893	0.07654507
3894	0.09965884
3895	0.07028021
3896	0.08367064
3897	0.09638639
3898	0.06297023
3899	0.10204774
3900	0.08639136
3901	0.09638776
3902	0.10613477
3903	0.07607254
3904	0.09816470
3905	0.09642488
3906	0.08318558
3907	0.10382052
3908	0.07734879
3909	0.08858296
3910	0.13672274
3911	0.08056696
3912	0.06531773
3913	0.09505731
3914	0.07932096
3915	0.06938328
3916	0.05927819
3917	0.08566797
3918	0.10666208
3919	0.11443255
3920	0.12327843
3921	0.08117371
3922	0.09544552
3923	0.09517912
3924	0.08935897
3925	0.09614677
3926	0.08958542
3927	0.11947819
3928	0.11907052
3929	0.09390477
3930	0.11004737
3931	0.08398720
3932	0.09873817
3933	0.08655186
3934	0.05126680
3935	0.10702783
3936	0.08939851
3937	0.08147589
3938	0.08923376
3939	0.13874027
3940	0.07151914
3941	0.08694931
3942	0.07499947
3943	0.10551519
3944	0.09434790
3945	0.09661894
3946	0.06170893
3947	0.11834754
3948	0.10405020
3949	0.12800905
3950	0.09500008
3951	0.10224184
3952	0.04861785
3953	0.09764039
3954	0.11000747
3955	0.09118893
3956	0.10350339
3957	0.04759483
3958	0.07612710
3959	0.09020541
3960	0.04506801
3961	0.07899867
3962	0.08026894
3963	0.10053340
3964	0.12680456
3965	0.10034851
3966	0.07090998
3967	0.06866846
3968	0.09754931
3969	0.11712032
3970	0.12766902
3971	0.11072027
3972	0.11125727
3973	0.08617254
3974	0.05737964
3975	0.12014031
3976	0.05562924
3977	0.08160327
3978	0.10469879
3979	0.07968360
3980	0.09614176
3981	0.12685497
3982	0.09208065
3983	0.10546712
3984	0.07816741
3985	0.05119455
3986	0.09751769
3987	0.08095763
3988	0.11294548
3989	0.10247629
3990	0.08481349
3991	0.11324669
3992	0.09204976
3993	0.10982157
3994	0.07684200
3995	0.08189859
3996	0.07830816
3997	0.05911769
3998	0.08850578
3999	0.05430473
4000	0.13005973
4001	0.09069293
4002	0.09033748
4003	0.08303897
4004	0.14766414
4005	0.06475594
4006	0.09421103
4007	0.07208170
4008	0.07118950
4009	0.07037851
4010	0.09124063
4011	0.05263901
4012	0.06815473
4013	0.10277342
4014	0.11159208
4015	0.11678510
4016	0.07264435
4017	0.04429435
4018	0.08679980
4019	0.11880485
4020	0.06812977
4021	0.10266401
4022	0.05480234
4023	0.09722278
4024	0.05168001
4025	0.11120590
4026	0.08872464
4027	0.09175271
4028	0.06091163
4029	0.09611850
4030	0.09816826
4031	0.07633453
4032	0.11954261
4033	0.11746349
4034	0.15110028
4035	0.10647375
4036	0.06178469
4037	0.07121599
4038	0.11180735
4039	0.09509568
4040	0.05941365
4041	0.08886179
4042	0.07453655
4043	0.14404269
4044	0.08188304
4045	0.07093643
4046	0.11524992
4047	0.06172900
4048	0.06872666
4049	0.09268542
4050	0.07212019
4051	0.06271260
4052	0.09591668
4053	0.12107767
4054	0.08949374
4055	0.08911296
4056	0.08912924
4057	0.11356959
4058	0.08383926
4059	0.11185428
4060	0.10706422
4061	0.08726567
4062	0.10855525
4063	0.09780719
4064	0.10883376
4065	0.07897484
4066	0.08166099
4067	0.11697023
4068	0.07590893
4069	0.04519927
4070	0.11146430
4071	0.05957019
4072	0.05176757
4073	0.15121506
4074	0.11006539
4075	0.07839560
4076	0.08643857
4077	0.06925989
4078	0.05638756
4079	0.07471539
4080	0.11759475
4081	0.06129814
4082	0.11856410
4083	0.09479317
4084	0.10536240
4085	0.08245557
4086	0.08702698
4087	0.09994669
4088	0.10463570
4089	0.09622351
4090	0.10072403
4091	0.11212601
4092	0.04363566
4093	0.09318102
4094	0.06918437
4095	0.11354895
4096	0.14374705
4097	0.04848833
4098	0.06529426
4099	0.11633821
4100	0.12243489
4101	0.07145000
4102	0.10602771
4103	0.05574984
4104	0.08347855
4105	0.06973752
4106	0.06365311
4107	0.08627395
4108	0.09672096
4109	0.09251922
4110	0.09378106
4111	0.06996200
4112	0.15066785
4113	0.14993364
4114	0.11344370
4115	0.07332653
4116	0.09971418
4117	0.11483784
4118	0.11375493
4119	0.06867815
4120	0.08891591
4121	0.09197710
4122	0.06924027
4123	0.03278857
4124	0.05806999
4125	0.10263958
4126	0.06890578
4127	0.06145327
4128	0.08384960
4129	0.11037924
4130	0.07078360
4131	0.09354233
4132	0.06191260
4133	0.09558954
4134	0.06030961
4135	0.09057767
4136	0.11038627
4137	0.07552884
4138	0.12718518
4139	0.05681854
4140	0.15070973
4141	0.06670408
4142	0.10238223
4143	0.07667839
4144	0.12524560
4145	0.09127056
4146	0.07566204
4147	0.06738986
4148	0.06393558
4149	0.04669055
4150	0.08197851
4151	0.09959418
4152	0.07906644
4153	0.07992040
4154	0.10977395
4155	0.10892690
4156	0.08843691
4157	0.07618986
4158	0.05969196
4159	0.08683550
4160	0.06862100
4161	0.08715836
4162	0.09108978
4163	0.12136256
4164	0.09723982
4165	0.09164483
4166	0.06168582
4167	0.10084544
4168	0.08778045
4169	0.10004523
4170	0.06384507
4171	0.11391002
4172	0.12037116
4173	0.07681337
4174	0.06891515
4175	0.12052928
4176	0.07639927
4177	0.08443817
4178	0.04898728
4179	0.07758914
4180	0.07792928
4181	0.05768873
4182	0.09659822
4183	0.10641809
4184	0.08075363
4185	0.06909810
4186	0.06987815
4187	0.09385097
4188	0.10195343
4189	0.08864229
4190	0.07607359
4191	0.06649705
4192	0.05552601
4193	0.07345384
4194	0.09604826
4195	0.10873441
4196	0.12122274
4197	0.09165945
4198	0.09807330
4199	0.09804608
4200	0.09377145
4201	0.13152694
4202	0.10351587
4203	0.06710040
4204	0.05758861
4205	0.06511858
4206	0.07143683
4207	0.10938590
4208	0.08085032
4209	0.09382718
4210	0.09533033
4211	0.12357973
4212	0.09236135
4213	0.10871995
4214	0.11291579
4215	0.10961450
4216	0.06118566
4217	0.07007940
4218	0.05685840
4219	0.06712415
4220	0.07277048
4221	0.07330424
4222	0.08755905
4223	0.07205779
4224	0.06213522
4225	0.09028651
4226	0.06170271
4227	0.06283187
4228	0.13123102
4229	0.09588938
4230	0.13109188
4231	0.11162698
4232	0.11622205
4233	0.06665012
4234	0.07079992
4235	0.08295319
4236	0.08098942
4237	0.07364677
4238	0.10892621
4239	0.07527225
4240	0.09448126
4241	0.07579378
4242	0.06584766
4243	0.09557831
4244	0.07758219
4245	0.05059160
4246	0.09024043
4247	0.06280392
4248	0.08088461
4249	0.09904770
4250	0.06778154
4251	0.08867064
4252	0.05170436
4253	0.08464887
4254	0.08296943
4255	0.06049249
4256	0.09885957
4257	0.10207678
4258	0.06191959
4259	0.10116708
4260	0.06792508
4261	0.09791741
4262	0.09631511
4263	0.07935481
4264	0.05977298
4265	0.07331947
4266	0.12161531
4267	0.11952524
4268	0.09832048
4269	0.09627973
4270	0.06337573
4271	0.07359616
4272	0.11093502
4273	0.06724641
4274	0.12011668
4275	0.10510513
4276	0.05300670
4277	0.07165254
4278	0.08807371
4279	0.06495953
4280	0.07255198
4281	0.09082528
4282	0.08384253
4283	0.08437286
4284	0.04809116
4285	0.05518231
4286	0.07664802
4287	0.11154778
4288	0.08983869
4289	0.09642964
4290	0.11038376
4291	0.08695162
4292	0.07191599
4293	0.10567920
4294	0.10166725
4295	0.05478631
4296	0.09357128
4297	0.04896886
4298	0.12367686
4299	0.05351171
4300	0.09282557
4301	0.06681321
4302	0.08867960
4303	0.08291397
4304	0.08264705
4305	0.12522015
4306	0.12338106
4307	0.09690351
4308	0.07870868
4309	0.05563869
4310	0.09497888
4311	0.13384576
4312	0.09748562
4313	0.13450658
4314	0.07722379
4315	0.05850032
4316	0.05483998
4317	0.07962754
4318	0.07019111
4319	0.10908170
4320	0.09625549
4321	0.11292532
4322	0.10507908
4323	0.08462274
4324	0.06850557
4325	0.04146725
4326	0.07986066
4327	0.05731038
4328	0.14390343
4329	0.07580291
4330	0.07138562
4331	0.11426652
4332	0.10436628
4333	0.09530287
4334	0.11184002
4335	0.11047880
4336	0.06201389
4337	0.10585884
4338	0.05590856
4339	0.11335307
4340	0.10339588
4341	0.09361498
4342	0.10648057
4343	0.08535089
4344	0.07817367
4345	0.09108994
4346	0.08851167
4347	0.08421785
4348	0.06332173
4349	0.10212052
4350	0.08278082
4351	0.09685759
4352	0.07609810
4353	0.05556385
4354	0.10336603
4355	0.07585069
4356	0.04014653
4357	0.04640024
4358	0.06084277
4359	0.12655828
4360	0.10346171
4361	0.07075973
4362	0.13251926
4363	0.05132088
4364	0.09247649
4365	0.08791389
4366	0.14374847
4367	0.10207746
4368	0.09590291
4369	0.10518732
4370	0.06396050
4371	0.07937948
4372	0.09074406
4373	0.07253304
4374	0.06208796
4375	0.12424148
4376	0.08775751
4377	0.06201103
4378	0.07673292
4379	0.09268837
4380	0.07937964
4381	0.06099136
4382	0.08839681
4383	0.07928134
4384	0.04741866
4385	0.08071935
4386	0.08884964
4387	0.05279269
4388	0.07546571
4389	0.06499156
4390	0.06504313
4391	0.08298796
4392	0.11691813
4393	0.09560376
4394	0.08149354
4395	0.06920816
4396	0.15072989
4397	0.10387532
4398	0.12390359
4399	0.08254111
4400	0.09558215
4401	0.06003691
4402	0.07641405
4403	0.08484855
4404	0.08140303
4405	0.07039382
4406	0.07467407
4407	0.12099152
4408	0.12183437
4409	0.08412468
4410	0.06106761
4411	0.06573187
4412	0.12611624
4413	0.07661361
4414	0.11270759
4415	0.06494988
4416	0.09423873
4417	0.05258643
4418	0.09155149
4419	0.08594600
4420	0.05526018
4421	0.05433118
4422	0.13236159
4423	0.05023025
4424	0.11833825
4425	0.07864649
4426	0.09590468
4427	0.09357944
4428	0.07957080
4429	0.08858639
4430	0.05295436
4431	0.07886078
4432	0.06118485
4433	0.05288760
4434	0.06133603
4435	0.08471571
4436	0.07111765
4437	0.06191870
4438	0.09800670
4439	0.12733029
4440	0.08481458
4441	0.07457892
4442	0.08954330
4443	0.06739099
4444	0.06149863
4445	0.05960202
4446	0.06580153
4447	0.05332431
4448	0.09082847
4449	0.06955901
4450	0.06380800
4451	0.06296971
4452	0.12090234
4453	0.07412613
4454	0.04107023
4455	0.10452585
4456	0.11433324
4457	0.07323982
4458	0.09350012
4459	0.07800517
4460	0.06402666
4461	0.05552443
4462	0.08239511
4463	0.07383017
4464	0.11776535
4465	0.08668041
4466	0.04677565
4467	0.10777593
4468	0.05384673
4469	0.06185618
4470	0.08576684
4471	0.05542872
4472	0.07978009
4473	0.10475981
4474	0.08678861
4475	0.06319515
4476	0.10609980
4477	0.09219285
4478	0.07644653
4479	0.08549471
4480	0.07788473
4481	0.08691058
4482	0.05539366
4483	0.09507318
4484	0.14457859
4485	0.05986159
4486	0.07976381
4487	0.05405808
4488	0.08145254
4489	0.11494305
4490	0.07114560
4491	0.10920670
4492	0.07773889
4493	0.05311733
4494	0.07150174
4495	0.04855759
4496	0.09946676
4497	0.06497181
4498	0.06665715
4499	0.08214471
4500	0.10754762
4501	0.08050808
4502	0.07659536
4503	0.10050679
4504	0.06706046
4505	0.08086381
4506	0.08202007
4507	0.08496385
4508	0.07265408
4509	0.06224935
4510	0.05727880
4511	0.07366054
4512	0.06324653
4513	0.10096454
4514	0.10715190
4515	0.11021191
4516	0.09388958
4517	0.09585412
4518	0.08898566
4519	0.07825444
4520	0.08024782
4521	0.07763324
4522	0.08732863
4523	0.03790307
4524	0.12196422
4525	0.07130376
4526	0.09548433
4527	0.11372678
4528	0.06353986
4529	0.04941886
4530	0.09447286
4531	0.07618776
4532	0.05991155
4533	0.07389410
4534	0.09954120
4535	0.09631834
4536	0.06791010
4537	0.06038788
4538	0.06075380
4539	0.11417447
4540	0.07197956
4541	0.07245065
4542	0.05834645
4543	0.07519972
4544	0.09420941
4545	0.05987242
4546	0.12916107
4547	0.08531434
4548	0.13447811
4549	0.08279301
4550	0.10655828
4551	0.08658679
4552	0.10519451
4553	0.10776373
4554	0.08832508
4555	0.08875509
4556	0.07823675
4557	0.11840368
4558	0.07674019
4559	0.08247258
4560	0.10763360
4561	0.08755363
4562	0.06869786
4563	0.06920141
4564	0.03763607
4565	0.08140210
4566	0.06659503
4567	0.09218211
4568	0.06998683
4569	0.06071555
4570	0.06252528
4571	0.09410638
4572	0.08009366
4573	0.10513174
4574	0.08219293
4575	0.11242480
4576	0.08200493
4577	0.08024947
4578	0.04226922
4579	0.04706975
4580	0.09908918
4581	0.10381260
4582	0.10901817
4583	0.07706115
4584	0.09331163
4585	0.06110925
4586	0.08111313
4587	0.04872686
4588	0.05360481
4589	0.08580622
4590	0.09843025
4591	0.12075432
4592	0.08936688
4593	0.11473627
4594	0.07464988
4595	0.14130258
4596	0.05316809
4597	0.05708102
4598	0.10891107
4599	0.08533974
4600	0.08906054
4601	0.05326894
4602	0.07990166
4603	0.07347456
4604	0.08260416
4605	0.12393215
4606	0.09281866
4607	0.06008821
4608	0.05975331
4609	0.08341204
4610	0.09043756
4611	0.13116155
4612	0.04331511
4613	0.08063069
4614	0.08194491
4615	0.06521095
4616	0.07413966
4617	0.05957593
4618	0.06403312
4619	0.09952524
4620	0.11991385
4621	0.12307985
4622	0.08668623
4623	0.09875307
4624	0.10887019
4625	0.06190569
4626	0.09847738
4627	0.09260545
4628	0.10856490
4629	0.07745674
4630	0.10284972
4631	0.09671135
4632	0.10166817
4633	0.04662254
4634	0.09373950
4635	0.05262213
4636	0.10922225
4637	0.08632561
4638	0.06886329
4639	0.09561216
4640	0.05550343
4641	0.14064047
4642	0.13192124
4643	0.06697508
4644	0.08997003
4645	0.06803494
4646	0.09385941
4647	0.11969923
4648	0.06319851
4649	0.04533845
4650	0.08729011
4651	0.06701321
4652	0.07699277
4653	0.09813106
4654	0.10455069
4655	0.07497964
4656	0.08386886
4657	0.11876531
4658	0.06705824
4659	0.05581842
4660	0.09043712
4661	0.08066381
4662	0.06270872
4663	0.07776684
4664	0.09617847
4665	0.08642948
4666	0.12018865
4667	0.07076381
4668	0.09339519
4669	0.06308251
4670	0.08534095
4671	0.08338227
4672	0.09113627
4673	0.06505642
4674	0.12633760
4675	0.10415901
4676	0.12193506
4677	0.08335008
4678	0.08727863
4679	0.10136082
4680	0.10131341
4681	0.06308380
4682	0.07766999
4683	0.09988425
4684	0.04477464
4685	0.07809560
4686	0.08959152
4687	0.11021963
4688	0.10322056
4689	0.08967274
4690	0.06677048
4691	0.09751256
4692	0.08702322
4693	0.09583639
4694	0.11322585
4695	0.06312334
4696	0.08390016
4697	0.04705226
4698	0.06431704
4699	0.10528724
4700	0.08331793
4701	0.07370347
4702	0.11358994
4703	0.06569818
4704	0.09996389
4705	0.07093445
4706	0.10004903
4707	0.07680812
4708	0.09653905
4709	0.05757242
4710	0.10275400
4711	0.10311082
4712	0.07785779
4713	0.11299960
4714	0.07874721
4715	0.10239091
4716	0.08769338
4717	0.07434540
4718	0.10850388
4719	0.10143627
4720	0.07483009
4721	0.09596006
4722	0.05583223
4723	0.11276030
4724	0.05835897
4725	0.08389414
4726	0.10903138
4727	0.08758437
4728	0.10005658
4729	0.09634002
4730	0.08402710
4731	0.11299883
4732	0.10148595
4733	0.05376086
4734	0.09954689
4735	0.06381826
4736	0.07655998
4737	0.07496793
4738	0.09299665
4739	0.06876563
4740	0.08385307
4741	0.10442839
4742	0.10054225
4743	0.11897775
4744	0.10982161
4745	0.07831175
4746	0.07932242
4747	0.08026208
4748	0.06851200
4749	0.08945565
4750	0.06537884
4751	0.07671801
4752	0.10810747
4753	0.09246931
4754	0.09507460
4755	0.06715594
4756	0.08672876
4757	0.09203441
4758	0.11961296
4759	0.08500444
4760	0.05982532
4761	0.06105796
4762	0.07306405
4763	0.08671062
4764	0.09859709
4765	0.09656220
4766	0.09602443
4767	0.11432843
4768	0.06919645
4769	0.06212896
4770	0.09610008
4771	0.08243065
4772	0.10300893
4773	0.07311305
4774	0.05601268
4775	0.11919265
4776	0.10906979
4777	0.09106171
4778	0.09114653
4779	0.06472843
4780	0.09199952
4781	0.11654212
4782	0.04030416
4783	0.06194087
4784	0.06259208
4785	0.09177205
4786	0.06702326
4787	0.07696103
4788	0.09790775
4789	0.06257653
4790	0.07676276
4791	0.08203078
4792	0.05476486
4793	0.07780557
4794	0.08911369
4795	0.04162456
4796	0.12952363
4797	0.08628732
4798	0.08517617
4799	0.10113930
4800	0.08460743
4801	0.05895828
4802	0.07533974
4803	0.11818045
4804	0.09721749
4805	0.07190533
4806	0.07903748
4807	0.05850569
4808	0.06059398
4809	0.04735101
4810	0.08223603
4811	0.11076204
4812	0.04412363
4813	0.05676725
4814	0.09250444
4815	0.04441204
4816	0.05159495
4817	0.06450343
4818	0.11788211
4819	0.08535101
4820	0.07672322
4821	0.09377330
4822	0.09786179
4823	0.12120182
4824	0.06902157
4825	0.12923599
4826	0.05673724
4827	0.08139762
4828	0.09579144
4829	0.05839350
4830	0.05894507
4831	0.07939830
4832	0.07918485
4833	0.08728041
4834	0.08010081
4835	0.08024402
4836	0.08439439
4837	0.04731644
4838	0.13064923
4839	0.05073380
4840	0.12769467
4841	0.10481620
4842	0.08366292
4843	0.09228384
4844	0.06529326
4845	0.06731260
4846	0.08560771
4847	0.09121737
4848	0.06434814
4849	0.05551797
4850	0.08669289
4851	0.10504358
4852	0.11372658
4853	0.06804560
4854	0.11720812
4855	0.06921789
4856	0.06954354
4857	0.08110214
4858	0.08162112
4859	0.07629895
4860	0.07135000
4861	0.06011515
4862	0.12090775
4863	0.08211575
4864	0.09699039
4865	0.13814237
4866	0.10383603
4867	0.07684443
4868	0.07690234
4869	0.08469043
4870	0.10300327
4871	0.05536805
4872	0.11545073
4873	0.06501922
4874	0.11702040
4875	0.06858518
4876	0.08910384
4877	0.09131854
4878	0.07633312
4879	0.07566006
4880	0.08944580
4881	0.06798663
4882	0.10765529
4883	0.08102177
4884	0.12496741
4885	0.09145335
4886	0.10845779
4887	0.04729729
4888	0.06159116
4889	0.05880230
4890	0.06116862
4891	0.11149790
4892	0.12677209
4893	0.07083049
4894	0.06126680
4895	0.11303425
4896	0.09468873
4897	0.13453809
4898	0.10351712
4899	0.09362940
4900	0.12928796
4901	0.09145755
4902	0.05389939
4903	0.05343954
4904	0.13736817
4905	0.06538776
4906	0.11530238
4907	0.08968279
4908	0.07161660
4909	0.07541474
4910	0.10630468
4911	0.08802977
4912	0.08902112
4913	0.07200048
4914	0.09862084
4915	0.05172540
4916	0.10377383
4917	0.09662553
4918	0.05778994
4919	0.08326729
4920	0.05165238
4921	0.05151054
4922	0.09249653
4923	0.10959798
4924	0.05842904
4925	0.06878259
4926	0.08830594
4927	0.08137326
4928	0.04401595
4929	0.08488655
4930	0.07411155
4931	0.09391216
4932	0.08032173
4933	0.10960622
4934	0.04242472
4935	0.06051700
4936	0.08003712
4937	0.05399204
4938	0.08589459
4939	0.11802585
4940	0.09745622
4941	0.11010541
4942	0.10089891
4943	0.07154830
4944	0.11554620
4945	0.07426450
4946	0.07528837
4947	0.09444354
4948	0.06502338
4949	0.04013489
4950	0.09039039
4951	0.10409935
