0	0.32655475
1	0.32521606
2	0.32059231
3	0.30996268
4	0.32260563
5	0.32634809
6	0.32497034
7	0.32606306
8	0.32585469
9	0.29596625
10	0.31498882
11	0.31415883
12	0.32619873
13	0.31403315
14	0.31171965
15	0.24465544
16	0.27200694
17	0.32223038
18	0.30013068
19	0.31993583
20	0.28623129
21	0.32308995
22	0.29636502
23	0.29815431
24	0.29269431
25	0.31239365
26	0.22969847
27	0.29739588
28	0.32496899
29	0.30260674
30	0.30252326
31	0.32584355
32	0.31923736
33	0.29173615
34	0.28590724
35	0.29936922
36	0.27924846
37	0.30890462
38	0.24230926
39	0.26972881
40	0.31339322
41	0.22934555
42	0.29995352
43	0.31975530
44	0.19871009
45	0.27732076
46	0.24963962
47	0.20452881
48	0.27349391
49	0.25288245
50	0.29052187
51	0.31945068
52	0.29917081
53	0.27169268
54	0.18992112
55	0.29287674
56	0.30272814
57	0.20144045
58	0.29496720
59	0.19486008
60	0.29254785
61	0.31879730
62	0.23734107
63	0.30041202
64	0.32348209
65	0.19682161
66	0.31748626
67	0.27699679
68	0.17840151
69	0.31061574
70	0.23021396
71	0.18487087
72	0.26608650
73	0.30153361
74	0.27152806
75	0.25892227
76	0.23978100
77	0.19260178
78	0.28992909
79	0.27830379
80	0.21132108
81	0.27171584
82	0.25283589
83	0.19887567
84	0.28369756
85	0.30876593
86	0.25027563
87	0.27155241
88	0.27265187
89	0.31389772
90	0.23810367
91	0.27744620
92	0.20806857
93	0.19681519
94	0.23931216
95	0.23039290
96	0.16597454
97	0.20355229
98	0.18846425
99	0.24911089
100	0.27038061
101	0.16618953
102	0.28857482
103	0.25152536
104	0.29217609
105	0.21609911
106	0.20211323
107	0.19023565
108	0.18580420
109	0.22645112
110	0.28347733
111	0.30042514
112	0.18200523
113	0.23723458
114	0.29123399
115	0.25191707
116	0.23223510
117	0.20608523
118	0.26440139
119	0.29218612
120	0.12493171
121	0.24866706
122	0.22170938
123	0.20123712
124	0.27586754
125	0.20452651
126	0.19781170
127	0.28050295
128	0.19399532
129	0.25900143
130	0.26108995
131	0.23637601
132	0.25653734
133	0.16690363
134	0.21341642
135	0.22546262
136	0.20993555
137	0.19382538
138	0.15069736
139	0.27698529
140	0.23877085
141	0.31288352
142	0.15975530
143	0.23014238
144	0.20220333
145	0.24170145
146	0.22175737
147	0.19867210
148	0.21452433
149	0.25703208
150	0.26214575
151	0.21343641
152	0.19598533
153	0.31433143
154	0.22395344
155	0.17371017
156	0.15745679
157	0.17053750
158	0.25751743
159	0.26297708
160	0.20095661
161	0.17057053
162	0.14724874
163	0.20574289
164	0.25755217
165	0.21095998
166	0.17088582
167	0.16191223
168	0.16819909
169	0.22047095
170	0.17986714
171	0.21992869
172	0.18916768
173	0.23852707
174	0.29204454
175	0.15969177
176	0.21944938
177	0.22346215
178	0.19409070
179	0.24012643
180	0.20098981
181	0.22075316
182	0.21537264
183	0.28742931
184	0.15847583
185	0.19886159
186	0.14776601
187	0.19597470
188	0.16226794
189	0.16782407
190	0.14535523
191	0.18250466
192	0.27914856
193	0.21400468
194	0.26317847
195	0.23791196
196	0.20695697
197	0.22218850
198	0.15634539
199	0.23299389
200	0.19791204
201	0.20942475
202	0.31168642
203	0.18588590
204	0.26963319
205	0.21041122
206	0.20539865
207	0.15473195
208	0.21768118
209	0.17092524
210	0.18173504
211	0.18394218
212	0.17706587
213	0.19179794
214	0.24427896
215	0.19948071
216	0.20954067
217	0.16685719
218	0.27410208
219	0.22685064
220	0.26339449
221	0.27741301
222	0.16127202
223	0.23766286
224	0.16078747
225	0.25206282
226	0.25375114
227	0.25338207
228	0.18528816
229	0.18701269
230	0.19365992
231	0.17247071
232	0.16689740
233	0.16963617
234	0.21156117
235	0.16614226
236	0.26844172
237	0.23137406
238	0.23692366
239	0.15159635
240	0.19546643
241	0.16732612
242	0.16092564
243	0.21495681
244	0.17003387
245	0.14073647
246	0.18842340
247	0.14986615
248	0.24396022
249	0.23411533
250	0.19481079
251	0.15915146
252	0.23165961
253	0.20234698
254	0.14519611
255	0.21926873
256	0.14374916
257	0.19588293
258	0.12947793
259	0.22097656
260	0.14325338
261	0.18315154
262	0.18819088
263	0.17273563
264	0.19580908
265	0.16198406
266	0.17136752
267	0.19345842
268	0.20216268
269	0.16983883
270	0.20192469
271	0.13578862
272	0.15746484
273	0.17509395
274	0.25391989
275	0.17299675
276	0.15361797
277	0.17460789
278	0.12718001
279	0.26628860
280	0.18373476
281	0.16869506
282	0.17490617
283	0.22233072
284	0.15166326
285	0.20717874
286	0.13257164
287	0.13873456
288	0.21365762
289	0.15976566
290	0.19018203
291	0.15331521
292	0.17351898
293	0.15729931
294	0.26298461
295	0.21601114
296	0.20606571
297	0.17623823
298	0.15068638
299	0.21077632
300	0.21844148
301	0.18149970
302	0.12707872
303	0.21659203
304	0.11910918
305	0.27122883
306	0.20021737
307	0.20632746
308	0.24315697
309	0.22289998
310	0.15250486
311	0.13659072
312	0.14435388
313	0.16067944
314	0.14368550
315	0.22878798
316	0.16685017
317	0.24044854
318	0.17102272
319	0.20204934
320	0.17319703
321	0.19570280
322	0.16233310
323	0.13808884
324	0.13006516
325	0.20092270
326	0.20679449
327	0.14766996
328	0.17469296
329	0.14934039
330	0.26540381
331	0.17515146
332	0.19846282
333	0.20221249
334	0.15725588
335	0.18880936
336	0.15719227
337	0.17764787
338	0.18114741
339	0.15110438
340	0.16106802
341	0.18151442
342	0.18697069
343	0.14975709
344	0.22532540
345	0.14697779
346	0.20191826
347	0.13803756
348	0.10938997
349	0.22526512
350	0.17619001
351	0.12229451
352	0.15691854
353	0.23053940
354	0.18984660
355	0.18890208
356	0.20994130
357	0.15505080
358	0.12392838
359	0.14976098
360	0.11171870
361	0.18864323
362	0.17682848
363	0.18061876
364	0.22154190
365	0.17710644
366	0.15579520
367	0.17270109
368	0.14668190
369	0.11661138
370	0.20213900
371	0.21509387
372	0.15378069
373	0.17258457
374	0.15485096
375	0.20395768
376	0.18111275
377	0.14048614
378	0.19863085
379	0.14308606
380	0.23226445
381	0.14420131
382	0.17422863
383	0.13319401
384	0.18167480
385	0.20405072
386	0.16895285
387	0.13495031
388	0.21773940
389	0.17950668
390	0.14081321
391	0.13190549
392	0.18154008
393	0.25003811
394	0.24113833
395	0.14813916
396	0.17284216
397	0.18277620
398	0.16997145
399	0.14510026
400	0.20707246
401	0.18190359
402	0.17230621
403	0.16352203
404	0.17509958
405	0.15534674
406	0.22345342
407	0.19725362
408	0.18186508
409	0.16145747
410	0.16932429
411	0.17718782
412	0.12605053
413	0.19833857
414	0.19857137
415	0.11118858
416	0.15880988
417	0.16865814
418	0.15055816
419	0.14780468
420	0.19076213
421	0.17799338
422	0.16992405
423	0.17937636
424	0.13042419
425	0.16548757
426	0.16179544
427	0.14709538
428	0.22842713
429	0.14479595
430	0.16159941
431	0.14346706
432	0.19644569
433	0.16775233
434	0.20730510
435	0.17958069
436	0.19454154
437	0.14281574
438	0.17450537
439	0.18580761
440	0.16278620
441	0.13127067
442	0.20864704
443	0.11172647
444	0.20675590
445	0.15915249
446	0.24725850
447	0.24147154
448	0.21331513
449	0.18594856
450	0.13258322
451	0.12993980
452	0.14928439
453	0.16809098
454	0.25065088
455	0.11305961
456	0.18118196
457	0.20197585
458	0.16888404
459	0.22290196
460	0.13257454
461	0.19681297
462	0.18088237
463	0.17631691
464	0.17764834
465	0.15885663
466	0.14397299
467	0.15852036
468	0.16153805
469	0.11334591
470	0.11311124
471	0.18550740
472	0.17620936
473	0.10972104
474	0.15314817
475	0.15099806
476	0.23898366
477	0.16069471
478	0.12075499
479	0.14573920
480	0.12338418
481	0.15372754
482	0.16588344
483	0.12710367
484	0.17479282
485	0.13640341
486	0.16038065
487	0.15520976
488	0.10738243
489	0.14697557
490	0.19483335
491	0.12247464
492	0.11614071
493	0.15581618
494	0.15784993
495	0.17133206
496	0.15848324
497	0.16000329
498	0.11594579
499	0.13894940
500	0.13376173
501	0.17723863
502	0.18063149
503	0.21723986
504	0.12769601
505	0.13405747
506	0.14081836
507	0.23785747
508	0.14389304
509	0.17393734
510	0.19886484
511	0.14314523
512	0.18529530
513	0.15986048
514	0.17701900
515	0.16679048
516	0.12563097
517	0.19137145
518	0.18641693
519	0.10012846
520	0.20038671
521	0.15759310
522	0.18936970
523	0.14503078
524	0.12888562
525	0.14734797
526	0.16992695
527	0.18774491
528	0.11346730
529	0.14828963
530	0.15784224
531	0.17664589
532	0.14169764
533	0.16742324
534	0.14892830
535	0.17644259
536	0.22253258
537	0.19568654
538	0.15854912
539	0.17171017
540	0.18260956
541	0.15979072
542	0.17433750
543	0.19009669
544	0.19204105
545	0.12887388
546	0.12430648
547	0.15214797
548	0.23460044
549	0.17237125
550	0.11521991
551	0.18832655
552	0.14288888
553	0.13537224
554	0.16693829
555	0.18093785
556	0.16464128
557	0.14481511
558	0.15647032
559	0.17447365
560	0.18722994
561	0.14696859
562	0.16840999
563	0.21166520
564	0.15605766
565	0.12959369
566	0.14090256
567	0.14707400
568	0.14874840
569	0.16230656
570	0.15993302
571	0.14675725
572	0.13890034
573	0.15971366
574	0.15295249
575	0.17145913
576	0.18232116
577	0.11697593
578	0.16977410
579	0.16698378
580	0.12130561
581	0.14572112
582	0.14994059
583	0.17414357
584	0.14300040
585	0.15307718
586	0.14887119
587	0.16804176
588	0.12881475
589	0.13564803
590	0.13717930
591	0.11343811
592	0.14685429
593	0.11968277
594	0.14380968
595	0.15841126
596	0.14181781
597	0.18784922
598	0.18578715
599	0.12344985
600	0.14800198
601	0.12811791
602	0.12948146
603	0.11918612
604	0.14659334
605	0.10499417
606	0.14577089
607	0.11745647
608	0.13878763
609	0.16227507
610	0.17888943
611	0.12530280
612	0.12419243
613	0.16931045
614	0.16630629
615	0.12529966
616	0.12730997
617	0.18414412
618	0.14178029
619	0.11730522
620	0.14785636
621	0.16069550
622	0.12764089
623	0.11831969
624	0.12924370
625	0.10356098
626	0.12614721
627	0.17247615
628	0.11536189
629	0.15886084
630	0.19567793
631	0.18904557
632	0.14647210
633	0.15805497
634	0.15866028
635	0.14607285
636	0.14033877
637	0.11706571
638	0.14224232
639	0.23589300
640	0.08337200
641	0.09295380
642	0.13357593
643	0.14029157
644	0.10765513
645	0.14454888
646	0.16555864
647	0.16281412
648	0.11241888
649	0.12648459
650	0.17731188
651	0.14139699
652	0.11382816
653	0.16665715
654	0.16193563
655	0.13820777
656	0.15623664
657	0.08514793
658	0.22924604
659	0.16549784
660	0.14554733
661	0.18243950
662	0.15116256
663	0.10580750
664	0.10764854
665	0.10658989
666	0.14780531
667	0.12373274
668	0.17179699
669	0.13405794
670	0.11153226
671	0.13808459
672	0.14907599
673	0.13923058
674	0.15924830
675	0.15336502
676	0.15783835
677	0.12078949
678	0.09730002
679	0.12323581
680	0.14801757
681	0.12281693
682	0.13668725
683	0.10711882
684	0.16810732
685	0.11245021
686	0.14368622
687	0.14325556
688	0.18181745
689	0.11160381
690	0.13599726
691	0.14303482
692	0.11978921
693	0.16428348
694	0.09990192
695	0.10173405
696	0.10664747
697	0.20132838
698	0.10633448
699	0.12940900
700	0.16407190
701	0.19694063
702	0.16352568
703	0.14085417
704	0.14596209
705	0.08516915
706	0.09785294
707	0.17988431
708	0.10594325
709	0.09107476
710	0.15736696
711	0.16813206
712	0.12693250
713	0.20230232
714	0.09746143
715	0.15752984
716	0.09707821
717	0.13516681
718	0.13725294
719	0.11585830
720	0.14169328
721	0.13550859
722	0.11708499
723	0.15222748
724	0.09512834
725	0.15942943
726	0.16531739
727	0.12065175
728	0.13186258
729	0.12304708
730	0.17172564
731	0.12978295
732	0.15225473
733	0.19489514
734	0.16008146
735	0.11857747
736	0.13293405
737	0.17801931
738	0.16653924
739	0.14359096
740	0.11726853
741	0.18409887
742	0.16408015
743	0.15125981
744	0.20628844
745	0.15595998
746	0.17872151
747	0.12307706
748	0.11866571
749	0.10402546
750	0.13723228
751	0.18158279
752	0.10530038
753	0.14371299
754	0.09284382
755	0.17060789
756	0.17610978
757	0.14951691
758	0.16628888
759	0.14122276
760	0.18477152
761	0.12893468
762	0.16260508
763	0.15730256
764	0.14417755
765	0.15063181
766	0.13571660
767	0.17970553
768	0.11436157
769	0.16568027
770	0.21830018
771	0.13233254
772	0.12657462
773	0.12688320
774	0.08731588
775	0.13273413
776	0.18215074
777	0.11002150
778	0.11731993
779	0.14907579
780	0.12732719
781	0.14566294
782	0.09118929
783	0.12626163
784	0.16135649
785	0.20034781
786	0.16444236
787	0.13082610
788	0.16090355
789	0.13704109
790	0.09563446
791	0.17754832
792	0.10362181
793	0.09079465
794	0.13244711
795	0.21647472
796	0.17071394
797	0.16349114
798	0.15651259
799	0.07505751
800	0.12237085
801	0.13064620
802	0.13861459
803	0.15072017
804	0.12118172
805	0.13661130
806	0.15096966
807	0.14409252
808	0.16227258
809	0.13289962
810	0.09519381
811	0.13572092
812	0.12452731
813	0.12405901
814	0.14022836
815	0.19401225
816	0.11659861
817	0.11960361
818	0.17655931
819	0.11080956
820	0.16098759
821	0.10202003
822	0.13284533
823	0.14142645
824	0.16221880
825	0.14005794
826	0.12466683
827	0.12590522
828	0.11672405
829	0.10686222
830	0.11989566
831	0.09835241
832	0.17631914
833	0.12842138
834	0.15153849
835	0.14641503
836	0.17451557
837	0.12614785
838	0.10500722
839	0.13540012
840	0.17627658
841	0.12780940
842	0.12388820
843	0.11557327
844	0.14891406
845	0.19800623
846	0.13734852
847	0.09519603
848	0.13484029
849	0.10663407
850	0.14721106
851	0.12179925
852	0.15177156
853	0.18193555
854	0.10739980
855	0.11644390
856	0.11948606
857	0.10924013
858	0.12326873
859	0.15544025
860	0.12339453
861	0.16052584
862	0.10894805
863	0.16551438
864	0.12155606
865	0.12845842
866	0.16712033
867	0.18480333
868	0.15439988
869	0.13173464
870	0.19913060
871	0.11636581
872	0.18230918
873	0.17767825
874	0.15744160
875	0.12579580
876	0.11889974
877	0.14921785
878	0.12009447
879	0.13029375
880	0.12133496
881	0.17893091
882	0.12005544
883	0.12227825
884	0.13288205
885	0.16592302
886	0.08565572
887	0.09462439
888	0.14704323
889	0.13995641
890	0.13572100
891	0.16226889
892	0.15425378
893	0.15577902
894	0.15796320
895	0.09795697
896	0.13425271
897	0.15619881
898	0.18251406
899	0.10283629
900	0.13564006
901	0.13583224
902	0.11421289
903	0.14987583
904	0.12194071
905	0.11671140
906	0.18453012
907	0.08996490
908	0.12377291
909	0.19835804
910	0.09470474
911	0.17073861
912	0.14382816
913	0.12019536
914	0.16050244
915	0.09503601
916	0.17503629
917	0.12380754
918	0.15043787
919	0.10565417
920	0.10979921
921	0.12187186
922	0.11661789
923	0.16664168
924	0.13769669
925	0.18083411
926	0.13062602
927	0.12553718
928	0.18429292
929	0.13975181
930	0.09820464
931	0.12172124
932	0.14177803
933	0.13885326
934	0.12524866
935	0.12789601
936	0.11890926
937	0.13881555
938	0.09269272
939	0.15907186
940	0.15953432
941	0.12495641
942	0.11732727
943	0.11967876
944	0.12763268
945	0.10933575
946	0.15737049
947	0.17544704
948	0.16945235
949	0.14197521
950	0.14274198
951	0.11929617
952	0.12775451
953	0.15690284
954	0.12880567
955	0.14418802
956	0.14129455
957	0.15609165
958	0.09646591
959	0.12789264
960	0.13070720
961	0.14520115
962	0.10678382
963	0.14009657
964	0.10930355
965	0.17756062
966	0.12122241
967	0.12024148
968	0.09989185
969	0.11851394
970	0.12246706
971	0.12927710
972	0.13270775
973	0.07861007
974	0.13986139
975	0.10914678
976	0.13725921
977	0.10613647
978	0.13001658
979	0.16172072
980	0.10582951
981	0.15118287
982	0.13213571
983	0.22565064
984	0.13812524
985	0.12144315
986	0.16378548
987	0.16869094
988	0.09441452
989	0.11221658
990	0.11560543
991	0.08237605
992	0.14576347
993	0.17167480
994	0.13180008
995	0.12335201
996	0.12243859
997	0.13498711
998	0.15935435
999	0.09725112
1000	0.10619461
1001	0.13460670
1002	0.11952738
1003	0.14652834
1004	0.11457454
1005	0.13052025
1006	0.17153365
1007	0.13240551
1008	0.11140555
1009	0.14191156
1010	0.14401642
1011	0.13039552
1012	0.13076895
1013	0.14074626
1014	0.10649074
1015	0.17892429
1016	0.11446258
1017	0.08973389
1018	0.13087856
1019	0.13235610
1020	0.14332984
1021	0.12426968
1022	0.15596875
1023	0.09577137
1024	0.11793028
1025	0.15042284
1026	0.17135415
1027	0.13048404
1028	0.09610882
1029	0.13682669
1030	0.14008543
1031	0.10197938
1032	0.12432988
1033	0.08801356
1034	0.12856363
1035	0.15617680
1036	0.16748860
1037	0.13391771
1038	0.11123319
1039	0.14931886
1040	0.09794285
1041	0.09578283
1042	0.18893167
1043	0.13852540
1044	0.14274424
1045	0.11579818
1046	0.11748784
1047	0.12388626
1048	0.11734150
1049	0.07100131
1050	0.08769875
1051	0.12628364
1052	0.13028273
1053	0.11389986
1054	0.13483383
1055	0.13258461
1056	0.11812389
1057	0.16458814
1058	0.11964660
1059	0.17765731
1060	0.12717037
1061	0.11795289
1062	0.14527083
1063	0.15155848
1064	0.13233781
1065	0.09273885
1066	0.11693754
1067	0.10292025
1068	0.08590997
1069	0.14522629
1070	0.09544668
1071	0.10561539
1072	0.09578414
1073	0.12860167
1074	0.18779663
1075	0.13110264
1076	0.19412282
1077	0.13975051
1078	0.09392520
1079	0.12001134
1080	0.15737498
1081	0.10126516
1082	0.14201257
1083	0.14169931
1084	0.12957779
1085	0.15449522
1086	0.15857307
1087	0.09564565
1088	0.09632738
1089	0.12440559
1090	0.12955031
1091	0.10593361
1092	0.09504759
1093	0.14399009
1094	0.11593036
1095	0.13334154
1096	0.12770042
1097	0.11774709
1098	0.14721555
1099	0.17811933
1100	0.11921535
1101	0.12914487
1102	0.11863744
1103	0.10696074
1104	0.11983605
1105	0.15356403
1106	0.11261888
1107	0.11430288
1108	0.08265175
1109	0.10954230
1110	0.12886730
1111	0.10329697
1112	0.14449780
1113	0.12640365
1114	0.10440079
1115	0.13249237
1116	0.09519250
1117	0.13113766
1118	0.10592036
1119	0.11224101
1120	0.13465739
1121	0.12143438
1122	0.11174218
1123	0.13334408
1124	0.12744466
1125	0.14684362
1126	0.12076811
1127	0.10339826
1128	0.12786548
1129	0.11904410
1130	0.10892917
1131	0.11005227
1132	0.10037716
1133	0.10034277
1134	0.16417767
1135	0.11802836
1136	0.10634376
1137	0.10698751
1138	0.08829593
1139	0.11706841
1140	0.12538814
1141	0.13339175
1142	0.09139897
1143	0.12844767
1144	0.09505457
1145	0.15690506
1146	0.13981761
1147	0.13842514
1148	0.14278985
1149	0.16089518
1150	0.12347563
1151	0.08138652
1152	0.09109506
1153	0.11158346
1154	0.09615820
1155	0.11198897
1156	0.13129022
1157	0.15673226
1158	0.11640309
1159	0.12246365
1160	0.09644275
1161	0.10846639
1162	0.12737010
1163	0.11763891
1164	0.12720635
1165	0.11713666
1166	0.13558033
1167	0.14132167
1168	0.13347674
1169	0.08158568
1170	0.11548213
1171	0.14461194
1172	0.06726726
1173	0.12050157
1174	0.12864652
1175	0.13320833
1176	0.13295166
1177	0.12376768
1178	0.12818779
1179	0.12142990
1180	0.10245556
1181	0.11456546
1182	0.12702990
1183	0.18100583
1184	0.12488816
1185	0.13736383
1186	0.11864965
1187	0.13215566
1188	0.18701646
1189	0.15966048
1190	0.08617505
1191	0.20315661
1192	0.11840769
1193	0.11216244
1194	0.12953440
1195	0.12915626
1196	0.12291124
1197	0.12940642
1198	0.11389558
1199	0.11183553
1200	0.12678001
1201	0.11326885
1202	0.10696030
1203	0.12046798
1204	0.15323363
1205	0.13562705
1206	0.10068293
1207	0.17814975
1208	0.09840999
1209	0.14917275
1210	0.09682689
1211	0.11708618
1212	0.12531426
1213	0.10554154
1214	0.12599893
1215	0.12496232
1216	0.10088205
1217	0.09113670
1218	0.13024077
1219	0.12020369
1220	0.14230886
1221	0.11461999
1222	0.11483978
1223	0.13896201
1224	0.15579457
1225	0.11409003
1226	0.15109165
1227	0.08356050
1228	0.09229363
1229	0.14467591
1230	0.10390605
1231	0.15465850
1232	0.14556197
1233	0.13637236
1234	0.13962776
1235	0.13697446
1236	0.14389804
1237	0.13370470
1238	0.09182673
1239	0.14101404
1240	0.11734995
1241	0.16472326
1242	0.09298275
1243	0.11664438
1244	0.11200642
1245	0.11118199
1246	0.11648769
1247	0.13770391
1248	0.12713175
1249	0.12215019
1250	0.13966234
1251	0.12214642
1252	0.10929824
1253	0.13257910
1254	0.11516062
1255	0.13638620
1256	0.09646944
1257	0.09332461
1258	0.09362665
1259	0.15064006
1260	0.08937022
1261	0.15026417
1262	0.12539492
1263	0.13436466
1264	0.13969502
1265	0.15151168
1266	0.10712433
1267	0.08103565
1268	0.13080849
1269	0.12182356
1270	0.15670918
1271	0.14079897
1272	0.14755927
1273	0.10413690
1274	0.12565881
1275	0.11893206
1276	0.10122348
1277	0.13016038
1278	0.11072005
1279	0.13883676
1280	0.13985215
1281	0.16385294
1282	0.12308884
1283	0.09147956
1284	0.13819762
1285	0.11264244
1286	0.11303208
1287	0.11479703
1288	0.12486762
1289	0.10264783
1290	0.12897390
1291	0.11558053
1292	0.14810692
1293	0.11055098
1294	0.14262011
1295	0.06984604
1296	0.15302602
1297	0.12094531
1298	0.11674059
1299	0.10874650
1300	0.16601856
1301	0.16962467
1302	0.11378663
1303	0.09318362
1304	0.14167301
1305	0.09235987
1306	0.11218271
1307	0.11110228
1308	0.10305774
1309	0.15821388
1310	0.12677728
1311	0.09927967
1312	0.10929475
1313	0.14186310
1314	0.13380456
1315	0.11871465
1316	0.15019072
1317	0.16959183
1318	0.15686064
1319	0.13928451
1320	0.11703383
1321	0.07790002
1322	0.13887718
1323	0.08861297
1324	0.11785901
1325	0.11799611
1326	0.12529792
1327	0.07511862
1328	0.07570910
1329	0.12901162
1330	0.12981590
1331	0.09035788
1332	0.14896962
1333	0.11269066
1334	0.12673044
1335	0.12266238
1336	0.17902966
1337	0.15712144
1338	0.10935253
1339	0.10370458
1340	0.14003637
1341	0.10073456
1342	0.10312290
1343	0.13244509
1344	0.13036926
1345	0.11762927
1346	0.16410573
1347	0.13806702
1348	0.10588721
1349	0.09782506
1350	0.09512274
1351	0.08325259
1352	0.12389820
1353	0.12354848
1354	0.13987718
1355	0.08477787
1356	0.10394214
1357	0.13298656
1358	0.09731323
1359	0.07494741
1360	0.15244914
1361	0.13397843
1362	0.12657026
1363	0.12913294
1364	0.10157743
1365	0.12303050
1366	0.12584121
1367	0.11939457
1368	0.07157363
1369	0.09901785
1370	0.08963744
1371	0.15207492
1372	0.15768277
1373	0.13082356
1374	0.10308860
1375	0.06350121
1376	0.10655411
1377	0.09648380
1378	0.08377624
1379	0.10815883
1380	0.12018882
1381	0.13364648
1382	0.11791303
1383	0.09889244
1384	0.10578822
1385	0.15609486
1386	0.12328257
1387	0.12722772
1388	0.09415677
1389	0.09982455
1390	0.14917660
1391	0.11954123
1392	0.07883593
1393	0.07178529
1394	0.15098584
1395	0.11927896
1396	0.10644612
1397	0.07681737
1398	0.12757188
1399	0.08742304
1400	0.11924370
1401	0.12218731
1402	0.16030280
1403	0.08572318
1404	0.10870038
1405	0.12700837
1406	0.11278862
1407	0.12508388
1408	0.15008249
1409	0.09394158
1410	0.08065889
1411	0.15116625
1412	0.10515407
1413	0.12201059
1414	0.13005493
1415	0.09298128
1416	0.08441781
1417	0.10353595
1418	0.13534476
1419	0.11438021
1420	0.10270145
1421	0.13392330
1422	0.13763629
1423	0.07466234
1424	0.07721987
1425	0.11223668
1426	0.09197573
1427	0.11867202
1428	0.15558021
1429	0.07717958
1430	0.10647896
1431	0.10705632
1432	0.11272318
1433	0.11333274
1434	0.13129149
1435	0.09011132
1436	0.08785687
1437	0.12966532
1438	0.08840159
1439	0.10658084
1440	0.07568792
1441	0.09097200
1442	0.13142836
1443	0.16117097
1444	0.13295883
1445	0.15115332
1446	0.09388174
1447	0.12371680
1448	0.11936102
1449	0.13273123
1450	0.12437418
1451	0.08392088
1452	0.09880896
1453	0.11480468
1454	0.12603236
1455	0.11192584
1456	0.15063534
1457	0.11732711
1458	0.11104204
1459	0.09614257
1460	0.09637184
1461	0.09563958
1462	0.09166238
1463	0.15665897
1464	0.16122249
1465	0.13897541
1466	0.11364791
1467	0.15138366
1468	0.13104101
1469	0.13508852
1470	0.08874099
1471	0.13280952
1472	0.11727373
1473	0.15818568
1474	0.08980139
1475	0.07036078
1476	0.11665057
1477	0.09745425
1478	0.10870454
1479	0.08755923
1480	0.11292417
1481	0.10986345
1482	0.12522086
1483	0.09342050
1484	0.08105564
1485	0.06618981
1486	0.13975019
1487	0.11585945
1488	0.11761360
1489	0.11818556
1490	0.08472227
1491	0.09405663
1492	0.12723212
1493	0.10665231
1494	0.14531850
1495	0.09690522
1496	0.06861289
1497	0.13085683
1498	0.12277311
1499	0.10309824
1500	0.09866199
1501	0.10001563
1502	0.12374134
1503	0.12165223
1504	0.11874634
1505	0.09382423
1506	0.12302895
1507	0.10259235
1508	0.09139738
1509	0.13954630
1510	0.09280313
1511	0.13211108
1512	0.11408142
1513	0.10974384
1514	0.11163966
1515	0.12049153
1516	0.08532635
1517	0.08297367
1518	0.09038045
1519	0.09539405
1520	0.07448804
1521	0.11318021
1522	0.08596831
1523	0.13494876
1524	0.06990180
1525	0.15480761
1526	0.11362502
1527	0.10117145
1528	0.08123902
1529	0.07605854
1530	0.07806690
1531	0.09464025
1532	0.11370545
1533	0.10193976
1534	0.09794372
1535	0.10060048
1536	0.10839857
1537	0.10356518
1538	0.13927218
1539	0.12318660
1540	0.10488804
1541	0.10499155
1542	0.11138993
1543	0.10642725
1544	0.10990212
1545	0.07016086
1546	0.11097323
1547	0.11490141
1548	0.12163990
1549	0.06658259
1550	0.11942740
1551	0.11819988
1552	0.11809415
1553	0.11784953
1554	0.12684006
1555	0.15056078
1556	0.10213500
1557	0.07660746
1558	0.10911517
1559	0.12101678
1560	0.11135653
1561	0.09931406
1562	0.09577831
1563	0.09775665
1564	0.11097406
1565	0.11270656
1566	0.08663542
1567	0.12343434
1568	0.12004057
1569	0.08325267
1570	0.10829867
1571	0.08826786
1572	0.12409090
1573	0.10560857
1574	0.14620631
1575	0.14008324
1576	0.09270522
1577	0.12345985
1578	0.13576268
1579	0.11790553
1580	0.07970311
1581	0.11120587
1582	0.11529007
1583	0.09737513
1584	0.10700619
1585	0.11791295
1586	0.10334698
1587	0.09195626
1588	0.08563589
1589	0.09000595
1590	0.05300242
1591	0.11336867
1592	0.10695788
1593	0.09340174
1594	0.14431739
1595	0.11449685
1596	0.08708919
1597	0.06893952
1598	0.08734817
1599	0.10848860
1600	0.09042657
1601	0.12753904
1602	0.09087345
1603	0.10080964
1604	0.12593555
1605	0.14091184
1606	0.08765679
1607	0.12287527
1608	0.08916867
1609	0.10525247
1610	0.09417644
1611	0.11570315
1612	0.12704676
1613	0.12378334
1614	0.10411188
1615	0.10385992
1616	0.10288420
1617	0.12753555
1618	0.10540119
1619	0.11059243
1620	0.09809260
1621	0.07490771
1622	0.07916899
1623	0.14138100
1624	0.15071898
1625	0.10721103
1626	0.13038128
1627	0.07106151
1628	0.11487706
1629	0.10388190
1630	0.12826151
1631	0.10665830
1632	0.12309776
1633	0.10499822
1634	0.07747539
1635	0.07644862
1636	0.10208796
1637	0.09982423
1638	0.11666393
1639	0.10532679
1640	0.15198878
1641	0.10138683
1642	0.09028939
1643	0.08620333
1644	0.09450363
1645	0.11835598
1646	0.11818588
1647	0.07412731
1648	0.09530910
1649	0.11088090
1650	0.10480587
1651	0.09263327
1652	0.10743010
1653	0.14692544
1654	0.10141614
1655	0.12441638
1656	0.10682502
1657	0.09029784
1658	0.11051806
1659	0.09139572
1660	0.10491323
1661	0.09732568
1662	0.11507872
1663	0.08716205
1664	0.09699239
1665	0.08893881
1666	0.12065025
1667	0.07164006
1668	0.10210196
1669	0.07439643
1670	0.08922288
1671	0.10362082
1672	0.13797577
1673	0.12732810
1674	0.11506575
1675	0.08621658
1676	0.09502499
1677	0.08416502
1678	0.13944359
1679	0.08498660
1680	0.14677569
1681	0.08087059
1682	0.09316458
1683	0.11341959
1684	0.11982661
1685	0.10448543
1686	0.07317172
1687	0.13944985
1688	0.07977275
1689	0.07502875
1690	0.13440278
1691	0.13542042
1692	0.12545913
1693	0.07804204
1694	0.14607289
1695	0.08784117
1696	0.06282499
1697	0.08989756
1698	0.13232183
1699	0.07078731
1700	0.09810644
1701	0.09590347
1702	0.07273028
1703	0.09907242
1704	0.12941182
1705	0.12085715
1706	0.10770831
1707	0.11473004
1708	0.13769082
1709	0.10997434
1710	0.07251394
1711	0.09385794
1712	0.14541071
1713	0.10308158
1714	0.11260036
1715	0.12015526
1716	0.08614840
1717	0.11386072
1718	0.10731866
1719	0.08745148
1720	0.13089074
1721	0.09376125
1722	0.11559722
1723	0.09218509
1724	0.11431767
1725	0.10068983
1726	0.08420000
1727	0.11725310
1728	0.13151894
1729	0.09224081
1730	0.11735685
1731	0.10425889
1732	0.09024830
1733	0.08075320
1734	0.10021535
1735	0.12706373
1736	0.14653952
1737	0.12149566
1738	0.11026556
1739	0.12177264
1740	0.14240202
1741	0.11700603
1742	0.13881103
1743	0.13188566
1744	0.10436466
1745	0.11706730
1746	0.07814119
1747	0.11229459
1748	0.11103062
1749	0.10880377
1750	0.12593068
1751	0.10950311
1752	0.09364557
1753	0.10319262
1754	0.12428547
1755	0.09588646
1756	0.11712433
1757	0.08858683
1758	0.10090121
1759	0.12770633
1760	0.11288384
1761	0.12312774
1762	0.15535519
1763	0.13590934
1764	0.12236764
1765	0.06301705
1766	0.08575475
1767	0.10737624
1768	0.09503403
1769	0.11445084
1770	0.11401531
1771	0.10885691
1772	0.12939195
1773	0.12445025
1774	0.10386310
1775	0.10547956
1776	0.08536121
1777	0.11570204
1778	0.12044331
1779	0.08964708
1780	0.10362522
1781	0.09898207
1782	0.10633107
1783	0.14825600
1784	0.09405933
1785	0.13023926
1786	0.12360773
1787	0.09318695
1788	0.11136141
1789	0.08059092
1790	0.08260960
1791	0.06832457
1792	0.11736062
1793	0.08254138
1794	0.09915340
1795	0.10235955
1796	0.09099354
1797	0.12448106
1798	0.06400968
1799	0.08301618
1800	0.09495499
1801	0.10420984
1802	0.15909423
1803	0.10792429
1804	0.11715515
1805	0.07242249
1806	0.08834789
1807	0.11659623
1808	0.11768685
1809	0.08627856
1810	0.11495055
1811	0.11250113
1812	0.10973801
1813	0.09977533
1814	0.11964343
1815	0.12300857
1816	0.08004985
1817	0.10358568
1818	0.12035907
1819	0.10241900
1820	0.09290307
1821	0.10498537
1822	0.13011977
1823	0.10056498
1824	0.09442003
1825	0.09737716
1826	0.11727039
1827	0.13394698
1828	0.09207214
1829	0.08885568
1830	0.12949570
1831	0.10890609
1832	0.11834856
1833	0.12653904
1834	0.12234884
1835	0.12265374
1836	0.09546373
1837	0.09052949
1838	0.08393171
1839	0.10710149
1840	0.13249467
1841	0.12134083
1842	0.11500313
1843	0.09221535
1844	0.10024577
1845	0.08026568
1846	0.07380523
1847	0.08337264
1848	0.08014317
1849	0.12259227
1850	0.11802986
1851	0.09466714
1852	0.07785449
1853	0.11878437
1854	0.09954852
1855	0.13899175
1856	0.11267325
1857	0.08807638
1858	0.08162629
1859	0.10275237
1860	0.09367396
1861	0.13832144
1862	0.09168237
1863	0.11051687
1864	0.13814963
1865	0.09767400
1866	0.11653555
1867	0.10359948
1868	0.10600575
1869	0.10008297
1870	0.09259532
1871	0.11154781
1872	0.09153143
1873	0.11549994
1874	0.09112972
1875	0.09788146
1876	0.10094626
1877	0.09829760
1878	0.08378715
1879	0.10597375
1880	0.14966611
1881	0.11074503
1882	0.09787694
1883	0.12665584
1884	0.10398437
1885	0.07776506
1886	0.11843859
1887	0.12367170
1888	0.12944823
1889	0.09440571
1890	0.08669332
1891	0.08629851
1892	0.09920040
1893	0.12866488
1894	0.13953682
1895	0.09142118
1896	0.07381463
1897	0.09586972
1898	0.12682693
1899	0.12617962
1900	0.09203597
1901	0.10651180
1902	0.14951009
1903	0.09289332
1904	0.13709498
1905	0.09736272
1906	0.11674166
1907	0.09765961
1908	0.15338168
1909	0.06409871
1910	0.16059036
1911	0.15334123
1912	0.09448495
1913	0.10077418
1914	0.10053127
1915	0.09974008
1916	0.07381245
1917	0.06722542
1918	0.12525556
1919	0.11025152
1920	0.11333456
1921	0.12854317
1922	0.13021662
1923	0.12046187
1924	0.11254515
1925	0.09134805
1926	0.12650506
1927	0.14288396
1928	0.12032949
1929	0.11119151
1930	0.09460726
1931	0.07935467
1932	0.12912068
1933	0.10317616
1934	0.13303752
1935	0.14764394
1936	0.07626441
1937	0.10462867
1938	0.12934368
1939	0.09417914
1940	0.11137743
1941	0.13645699
1942	0.12714107
1943	0.12960619
1944	0.11601103
1945	0.07470807
1946	0.14133555
1947	0.09622518
1948	0.09059544
1949	0.06795840
1950	0.07182911
1951	0.08881396
1952	0.09919294
1953	0.11708828
1954	0.09502272
1955	0.10879576
1956	0.04548824
1957	0.10964069
1958	0.10348154
1959	0.06866401
1960	0.10302808
1961	0.10053837
1962	0.13844660
1963	0.14229895
1964	0.08513206
1965	0.10689522
1966	0.11243308
1967	0.07581777
1968	0.07912750
1969	0.07215582
1970	0.05983744
1971	0.09076213
1972	0.10595665
1973	0.07624926
1974	0.13027178
1975	0.11798021
1976	0.09596859
1977	0.08923946
1978	0.08312393
1979	0.11440480
1980	0.08459540
1981	0.10214289
1982	0.11250042
1983	0.10475229
1984	0.06953103
1985	0.11116609
1986	0.07885370
1987	0.11333000
1988	0.09140535
1989	0.07016589
1990	0.12103125
1991	0.16467226
1992	0.11488241
1993	0.12661539
1994	0.09707186
1995	0.10645053
1996	0.09038374
1997	0.11600952
1998	0.08483930
1999	0.14612980
2000	0.13524200
2001	0.11535201
2002	0.09316419
2003	0.12118172
2004	0.11600456
2005	0.08838775
2006	0.07235265
2007	0.11673230
2008	0.07659469
2009	0.12575927
2010	0.12488142
2011	0.10948483
2012	0.07492790
2013	0.09172734
2014	0.14904731
2015	0.06872508
2016	0.10382538
2017	0.10896082
2018	0.08022015
2019	0.08672901
2020	0.14554099
2021	0.05472009
2022	0.06679282
2023	0.10591925
2024	0.07891537
2025	0.07144351
2026	0.09028459
2027	0.04796201
2028	0.11470494
2029	0.10784279
2030	0.09392033
2031	0.11583597
2032	0.11436613
2033	0.09765219
2034	0.10285049
2035	0.09599215
2036	0.07892937
2037	0.07950288
2038	0.10912433
2039	0.11498588
2040	0.08752790
2041	0.12618136
2042	0.10680714
2043	0.10700658
2044	0.10929348
2045	0.08032719
2046	0.11814674
2047	0.10713734
2048	0.08726548
2049	0.13068043
2050	0.11662883
2051	0.08810133
2052	0.13135653
2053	0.08379302
2054	0.10566088
2055	0.09928606
2056	0.12761313
2057	0.10277910
2058	0.10641249
2059	0.08010633
2060	0.07644148
2061	0.11837271
2062	0.08613278
2063	0.10001344
2064	0.11055717
2065	0.05632187
2066	0.13608384
2067	0.09756823
2068	0.08019667
2069	0.09714202
2070	0.08957874
2071	0.08041122
2072	0.08292675
2073	0.10165798
2074	0.07310934
2075	0.07989625
2076	0.12875201
2077	0.11719239
2078	0.07178303
2079	0.08770982
2080	0.13041110
2081	0.09333155
2082	0.14046472
2083	0.12313333
2084	0.07951442
2085	0.12353781
2086	0.06527032
2087	0.12905283
2088	0.12965905
2089	0.12386409
2090	0.07682709
2091	0.08298481
2092	0.06175594
2093	0.09321927
2094	0.12708487
2095	0.10861555
2096	0.08238977
2097	0.11984803
2098	0.13460972
2099	0.10716510
2100	0.12924164
2101	0.10862832
2102	0.09554329
2103	0.11235915
2104	0.07754146
2105	0.09547896
2106	0.10461642
2107	0.11959044
2108	0.05920750
2109	0.14263070
2110	0.13865231
2111	0.14418941
2112	0.12456367
2113	0.09528245
2114	0.09850684
2115	0.12687468
2116	0.09231473
2117	0.12025925
2118	0.13031378
2119	0.09004010
2120	0.11116213
2121	0.08074364
2122	0.12542459
2123	0.09522098
2124	0.10238917
2125	0.06950664
2126	0.09942574
2127	0.08964668
2128	0.08123264
2129	0.10534646
2130	0.11449923
2131	0.12630934
2132	0.10792984
2133	0.14525382
2134	0.09156677
2135	0.11065433
2136	0.10149724
2137	0.08866167
2138	0.11644029
2139	0.10879766
2140	0.07270791
2141	0.09025961
2142	0.08784771
2143	0.08934408
2144	0.10795641
2145	0.10115987
2146	0.09039849
2147	0.10831013
2148	0.06716062
2149	0.08327559
2150	0.11015265
2151	0.06884378
2152	0.13610502
2153	0.08329193
2154	0.07252263
2155	0.10825497
2156	0.09180627
2157	0.09694388
2158	0.09755209
2159	0.10760904
2160	0.09047420
2161	0.10101221
2162	0.09529522
2163	0.11586924
2164	0.12177343
2165	0.06005350
2166	0.12554047
2167	0.08219294
2168	0.11572211
2169	0.09240900
2170	0.12629181
2171	0.10377057
2172	0.10126429
2173	0.09372155
2174	0.12117858
2175	0.07083026
2176	0.13108376
2177	0.10155427
2178	0.08274511
2179	0.07439092
2180	0.07033064
2181	0.08992988
2182	0.10296819
2183	0.12824858
2184	0.08619857
2185	0.13729332
2186	0.06411973
2187	0.13367373
2188	0.11987666
2189	0.07019163
2190	0.13397299
2191	0.15277660
2192	0.10978077
2193	0.06290224
2194	0.09221150
2195	0.05211945
2196	0.09849411
2197	0.08221297
2198	0.06937553
2199	0.09371461
2200	0.12726100
2201	0.11156375
2202	0.11337141
2203	0.10629776
2204	0.07473262
2205	0.11603276
2206	0.11285564
2207	0.09278156
2208	0.10629356
2209	0.08387801
2210	0.11321606
2211	0.09732738
2212	0.08558735
2213	0.07769966
2214	0.10504799
2215	0.08289946
2216	0.08228971
2217	0.11591406
2218	0.07707281
2219	0.10921019
2220	0.07480892
2221	0.09177708
2222	0.12991461
2223	0.08403256
2224	0.10852469
2225	0.13143240
2226	0.09683744
2227	0.11609034
2228	0.09895649
2229	0.08883990
2230	0.12810922
2231	0.08993690
2232	0.12186643
2233	0.07946238
2234	0.09240091
2235	0.07101737
2236	0.09678953
2237	0.09585497
2238	0.12976962
2239	0.06525132
2240	0.11034741
2241	0.12144894
2242	0.09085453
2243	0.09638588
2244	0.08496296
2245	0.10582931
2246	0.08834138
2247	0.07323811
2248	0.10308309
2249	0.12518295
2250	0.13815836
2251	0.12237034
2252	0.08290835
2253	0.07766008
2254	0.10073857
2255	0.08654154
2256	0.10392568
2257	0.06563918
2258	0.05952849
2259	0.08917156
2260	0.10746639
2261	0.09098243
2262	0.07078699
2263	0.10849970
2264	0.10252465
2265	0.09552108
2266	0.10893369
2267	0.06735475
2268	0.09202023
2269	0.10276030
2270	0.11573254
2271	0.10973480
2272	0.07048079
2273	0.08718679
2274	0.09056546
2275	0.08728876
2276	0.11901253
2277	0.08276276
2278	0.06610085
2279	0.05474876
2280	0.13116470
2281	0.10089443
2282	0.08976443
2283	0.04781067
2284	0.07480016
2285	0.07354476
2286	0.10875935
2287	0.08596490
2288	0.11236839
2289	0.05307230
2290	0.08261622
2291	0.11688075
2292	0.07071890
2293	0.12892144
2294	0.07614257
2295	0.10563066
2296	0.08668404
2297	0.07623847
2298	0.09784422
2299	0.07366092
2300	0.09001919
2301	0.08854019
2302	0.12903898
2303	0.10743304
2304	0.09622114
2305	0.09376177
2306	0.10498128
2307	0.08794737
2308	0.07208614
2309	0.11193754
2310	0.09525318
2311	0.08127361
2312	0.09571699
2313	0.07749665
2314	0.12980329
2315	0.11234662
2316	0.09321884
2317	0.13119405
2318	0.07799742
2319	0.10326425
2320	0.07375380
2321	0.08016276
2322	0.09969153
2323	0.07747892
2324	0.12251200
2325	0.09286718
2326	0.12863081
2327	0.13551989
2328	0.10662066
2329	0.11213492
2330	0.09063482
2331	0.11792794
2332	0.09022518
2333	0.07779552
2334	0.09547670
2335	0.06409681
2336	0.08431549
2337	0.06689728
2338	0.09862978
2339	0.12186972
2340	0.08112536
2341	0.10018826
2342	0.06852842
2343	0.11793714
2344	0.09750708
2345	0.08841368
2346	0.09443423
2347	0.08957843
2348	0.06547706
2349	0.08382031
2350	0.08923779
2351	0.08923744
2352	0.05784128
2353	0.07905913
2354	0.12810664
2355	0.09909740
2356	0.11963101
2357	0.10042637
2358	0.12515475
2359	0.11203046
2360	0.09332512
2361	0.10968439
2362	0.10848499
2363	0.05148761
2364	0.13110125
2365	0.08858612
2366	0.11238862
2367	0.10986040
2368	0.07973198
2369	0.06642185
2370	0.11481551
2371	0.06944351
2372	0.08622082
2373	0.10832437
2374	0.13102923
2375	0.10452905
2376	0.07310652
2377	0.08856752
2378	0.06310141
2379	0.08818552
2380	0.06424656
2381	0.08409209
2382	0.09551065
2383	0.12893813
2384	0.11385885
2385	0.10726889
2386	0.09301146
2387	0.07794868
2388	0.11066528
2389	0.11838965
2390	0.07191834
2391	0.07087095
2392	0.07307650
2393	0.07141333
2394	0.05932794
2395	0.12664406
2396	0.11380857
2397	0.09466385
2398	0.11536034
2399	0.09716411
2400	0.11684854
2401	0.09098897
2402	0.09200174
2403	0.11483387
2404	0.07504474
2405	0.09188824
2406	0.08606817
2407	0.08903395
2408	0.10254626
2409	0.05729720
2410	0.05203113
2411	0.09841110
2412	0.08803760
2413	0.08873742
2414	0.08606667
2415	0.10672731
2416	0.06997537
2417	0.09565671
2418	0.08696248
2419	0.08161908
2420	0.10014594
2421	0.06818112
2422	0.07186429
2423	0.07346056
2424	0.09066813
2425	0.08572247
2426	0.12326203
2427	0.10782241
2428	0.13368864
2429	0.11030537
2430	0.06645140
2431	0.11739544
2432	0.08516815
2433	0.13268685
2434	0.09143649
2435	0.08883296
2436	0.06087107
2437	0.09169637
2438	0.08245417
2439	0.09981134
2440	0.08912108
2441	0.10001483
2442	0.12229681
2443	0.10551327
2444	0.13889697
2445	0.14168784
2446	0.07280159
2447	0.09633746
2448	0.05010529
2449	0.09535939
2450	0.07881495
2451	0.09415971
2452	0.09307797
2453	0.08480944
2454	0.11748412
2455	0.08570232
2456	0.10268063
2457	0.09052643
2458	0.08041380
2459	0.11368543
2460	0.06078497
2461	0.08646437
2462	0.08489375
2463	0.09006274
2464	0.08436724
2465	0.07583335
2466	0.09352576
2467	0.08496994
2468	0.07834539
2469	0.09586179
2470	0.06080408
2471	0.06131212
2472	0.10147920
2473	0.07168808
2474	0.09620159
2475	0.08850133
2476	0.07902665
2477	0.09924862
2478	0.09457585
2479	0.06940722
2480	0.10401582
2481	0.08949510
2482	0.09378719
2483	0.12246044
2484	0.10334170
2485	0.09109831
2486	0.11448313
2487	0.07442550
2488	0.13280448
2489	0.07303668
2490	0.10444331
2491	0.07472310
2492	0.06373087
2493	0.07871255
2494	0.08091854
2495	0.08659219
2496	0.08675943
2497	0.12032029
2498	0.11174261
2499	0.09755927
2500	0.10719659
2501	0.06776784
2502	0.07856149
2503	0.09923720
2504	0.07265334
2505	0.10015340
2506	0.07289740
2507	0.10252393
2508	0.05672790
2509	0.11790890
2510	0.10654301
2511	0.10584953
2512	0.12106111
2513	0.07626742
2514	0.09035899
2515	0.13369542
2516	0.10388618
2517	0.11223093
2518	0.08050518
2519	0.07691089
2520	0.07053940
2521	0.11016137
2522	0.11866337
2523	0.05047983
2524	0.07733698
2525	0.07019703
2526	0.11706353
2527	0.06095864
2528	0.07288075
2529	0.10168396
2530	0.06741848
2531	0.05647210
2532	0.07708499
2533	0.11767400
2534	0.09703807
2535	0.09214825
2536	0.11111243
2537	0.11691259
2538	0.06560781
2539	0.10580321
2540	0.11846913
2541	0.09692913
2542	0.06878588
2543	0.11886064
2544	0.11328895
2545	0.05892687
2546	0.14929122
2547	0.09461329
2548	0.10906663
2549	0.11028610
2550	0.09397724
2551	0.10035872
2552	0.10725632
2553	0.07624125
2554	0.05546702
2555	0.09834527
2556	0.11607226
2557	0.08169915
2558	0.08462292
2559	0.09648182
2560	0.11512425
2561	0.09327472
2562	0.10288959
2563	0.14771783
2564	0.07005029
2565	0.10463585
2566	0.08591549
2567	0.10837224
2568	0.10286623
2569	0.07336827
2570	0.07903597
2571	0.09864807
2572	0.11186464
2573	0.07096026
2574	0.08390165
2575	0.10013286
2576	0.04695114
2577	0.07832278
2578	0.10384267
2579	0.11115304
2580	0.13320896
2581	0.07211588
2582	0.07886385
2583	0.10778878
2584	0.11577688
2585	0.13498897
2586	0.13343197
2587	0.09368757
2588	0.06825148
2589	0.05227158
2590	0.08326341
2591	0.13031398
2592	0.08463823
2593	0.12008622
2594	0.08741642
2595	0.08808455
2596	0.10398096
2597	0.10440702
2598	0.10996217
2599	0.08653357
2600	0.10409312
2601	0.11688677
2602	0.12106199
2603	0.11541483
2604	0.08036308
2605	0.11566544
2606	0.08858485
2607	0.08178909
2608	0.10056086
2609	0.08965711
2610	0.09578564
2611	0.08988320
2612	0.07375534
2613	0.09719794
2614	0.08030220
2615	0.14315189
2616	0.06615848
2617	0.09830918
2618	0.06191513
2619	0.05135320
2620	0.10277553
2621	0.06858275
2622	0.10729280
2623	0.09732917
2624	0.08432366
2625	0.07526353
2626	0.08753817
2627	0.08607357
2628	0.10442848
2629	0.08606456
2630	0.09301321
2631	0.09732223
2632	0.06625140
2633	0.10157934
2634	0.07029709
2635	0.09868384
2636	0.09856458
2637	0.04995994
2638	0.08589078
2639	0.10099568
2640	0.09950058
2641	0.07968669
2642	0.07938366
2643	0.10301816
2644	0.09466778
2645	0.08698053
2646	0.05390696
2647	0.05805211
2648	0.09557513
2649	0.08104481
2650	0.11489106
2651	0.10494059
2652	0.07917755
2653	0.11905580
2654	0.09554678
2655	0.08097478
2656	0.09115562
2657	0.08098314
2658	0.06413587
2659	0.07522594
2660	0.07580159
2661	0.08305735
2662	0.04674503
2663	0.07780000
2664	0.04412346
2665	0.08268943
2666	0.10818862
2667	0.08197620
2668	0.09357271
2669	0.12056094
2670	0.09305600
2671	0.05382399
2672	0.08453940
2673	0.10351525
2674	0.08394206
2675	0.07452889
2676	0.12034444
2677	0.10177267
2678	0.08762189
2679	0.06102685
2680	0.09784870
2681	0.12434805
2682	0.08324581
2683	0.05907964
2684	0.11291886
2685	0.07942899
2686	0.10706924
2687	0.09617438
2688	0.06774325
2689	0.10602598
2690	0.08383847
2691	0.06027476
2692	0.05787071
2693	0.06306437
2694	0.12663494
2695	0.10211477
2696	0.11819346
2697	0.08774249
2698	0.06975725
2699	0.06046861
2700	0.06789974
2701	0.09022114
2702	0.09490157
2703	0.12492457
2704	0.08623260
2705	0.08726865
2706	0.09563530
2707	0.10911358
2708	0.08021325
2709	0.07539786
2710	0.06590942
2711	0.07440250
2712	0.07197965
2713	0.07547805
2714	0.08933175
2715	0.07616732
2716	0.10325342
2717	0.10683629
2718	0.13958081
2719	0.10516232
2720	0.05804077
2721	0.12875661
2722	0.10908360
2723	0.08836871
2724	0.06507190
2725	0.09728067
2726	0.04071192
2727	0.09580345
2728	0.08928602
2729	0.12791362
2730	0.09511323
2731	0.07959730
2732	0.11114206
2733	0.13051910
2734	0.06872580
2735	0.07308594
2736	0.06651501
2737	0.09654285
2738	0.06936173
2739	0.10847083
2740	0.11103966
2741	0.10606369
2742	0.06292441
2743	0.09663637
2744	0.07348031
2745	0.10905822
2746	0.13695959
2747	0.07155657
2748	0.11697652
2749	0.09873413
2750	0.09511596
2751	0.10557327
2752	0.08972500
2753	0.10785727
2754	0.06158096
2755	0.05380650
2756	0.06456030
2757	0.07183339
2758	0.05987388
2759	0.09009173
2760	0.07331977
2761	0.09589530
2762	0.06779167
2763	0.09272901
2764	0.10071025
2765	0.06300496
2766	0.09429209
2767	0.09192159
2768	0.06519254
2769	0.11267579
2770	0.10539064
2771	0.12057989
2772	0.07862380
2773	0.09284136
2774	0.07478687
2775	0.08308665
2776	0.06600091
2777	0.11949891
2778	0.06150989
2779	0.09229835
2780	0.08415110
2781	0.08941578
2782	0.08684938
2783	0.07815126
2784	0.05635764
2785	0.06725612
2786	0.08955554
2787	0.10448313
2788	0.05955400
2789	0.09310609
2790	0.08668586
2791	0.06795852
2792	0.08437267
2793	0.09149609
2794	0.12179865
2795	0.08503518
2796	0.09638426
2797	0.08729451
2798	0.08029407
2799	0.06879992
2800	0.08981737
2801	0.09095788
2802	0.08637410
2803	0.12723260
2804	0.07550014
2805	0.07589855
2806	0.08088582
2807	0.05946171
2808	0.05461931
2809	0.09561816
2810	0.11061828
2811	0.08591997
2812	0.11735645
2813	0.11469946
2814	0.11242483
2815	0.09811184
2816	0.10195800
2817	0.11337862
2818	0.10156716
2819	0.09317414
2820	0.08235225
2821	0.07322451
2822	0.10318810
2823	0.09908205
2824	0.09687321
2825	0.10316213
2826	0.06373904
2827	0.07861590
2828	0.10815554
2829	0.08699469
2830	0.12664501
2831	0.07869887
2832	0.10701559
2833	0.08253758
2834	0.08284596
2835	0.08152235
2836	0.08071287
2837	0.11322011
2838	0.10745501
2839	0.05088578
2840	0.08342736
2841	0.09602391
2842	0.06926778
2843	0.10825893
2844	0.05340036
2845	0.08703629
2846	0.10500718
2847	0.07554432
2848	0.09816681
2849	0.08844799
2850	0.07561979
2851	0.09968503
2852	0.06756002
2853	0.10546817
2854	0.07129264
2855	0.08742340
2856	0.06762233
2857	0.05431180
2858	0.05754666
2859	0.09497597
2860	0.05840016
2861	0.10603906
2862	0.10192088
2863	0.10742606
2864	0.11405873
2865	0.08031723
2866	0.07352155
2867	0.08183823
2868	0.10201515
2869	0.09014662
2870	0.07819417
2871	0.08348194
2872	0.08399758
2873	0.10771664
2874	0.10068856
2875	0.12475388
2876	0.06150073
2877	0.05731763
2878	0.08675344
2879	0.13232663
2880	0.11863926
2881	0.10493746
2882	0.08810256
2883	0.12264581
2884	0.09104604
2885	0.12449859
2886	0.04673655
2887	0.08244025
2888	0.06547234
2889	0.08549637
2890	0.09325064
2891	0.06932330
2892	0.05846179
2893	0.08956851
2894	0.08069229
2895	0.12450978
2896	0.09618322
2897	0.07815142
2898	0.10956209
2899	0.10251882
2900	0.06387511
2901	0.10128487
2902	0.09068975
2903	0.05771576
2904	0.05164311
2905	0.06680361
2906	0.11418533
2907	0.08899334
2908	0.07144200
2909	0.09350137
2910	0.06918715
2911	0.08727587
2912	0.08475737
2913	0.09120928
2914	0.09214055
2915	0.06611501
2916	0.10397529
2917	0.05789478
2918	0.06830565
2919	0.08142697
2920	0.07998279
2921	0.09321828
2922	0.10751838
2923	0.10436157
2924	0.08326643
2925	0.06184755
2926	0.11082046
2927	0.06616803
2928	0.10974008
2929	0.06603125
2930	0.07404228
2931	0.05126472
2932	0.07290569
2933	0.10993448
2934	0.12921289
2935	0.05982966
2936	0.10710894
2937	0.06552413
2938	0.08098132
2939	0.10547634
2940	0.06898176
2941	0.08463585
2942	0.05669518
2943	0.10094412
2944	0.04620738
2945	0.06413377
2946	0.05891073
2947	0.08639461
2948	0.06739822
2949	0.05925941
2950	0.09379691
2951	0.13085616
2952	0.08467218
2953	0.07721210
2954	0.10138164
2955	0.12626738
2956	0.07090847
2957	0.08768701
2958	0.10029435
2959	0.09335955
2960	0.08992949
2961	0.08740654
2962	0.05550859
2963	0.06980563
2964	0.08032695
2965	0.05894170
2966	0.08434460
2967	0.05336280
2968	0.05842253
2969	0.10169074
2970	0.13054686
2971	0.06180071
2972	0.09561761
2973	0.08872679
2974	0.06138862
2975	0.10057509
2976	0.06841781
2977	0.09724315
2978	0.11734190
2979	0.12639048
2980	0.10149205
2981	0.11473611
2982	0.09277486
2983	0.05762471
2984	0.10909518
2985	0.09213087
2986	0.10409007
2987	0.07638703
2988	0.05672302
2989	0.11519318
2990	0.07920797
2991	0.06672389
2992	0.09584196
2993	0.10187174
2994	0.08393536
2995	0.07702308
2996	0.09839350
2997	0.11106897
2998	0.04310073
2999	0.05750759
3000	0.08749363
3001	0.10526774
3002	0.13326786
3003	0.09568729
3004	0.08952786
3005	0.13559393
3006	0.08097121
3007	0.09943141
3008	0.08906143
3009	0.06170073
3010	0.10113912
3011	0.07681555
3012	0.10309760
3013	0.07232044
3014	0.11786437
3015	0.06964251
3016	0.07953206
3017	0.08273801
3018	0.08014892
3019	0.08462031
3020	0.10096094
3021	0.10557394
3022	0.05869157
3023	0.04811338
3024	0.07159849
3025	0.11264355
3026	0.07154559
3027	0.06579373
3028	0.08673960
3029	0.13624291
3030	0.09669831
3031	0.08739909
3032	0.06299187
3033	0.06579925
3034	0.06417406
3035	0.09638077
3036	0.10797045
3037	0.10486500
3038	0.08285683
3039	0.04506143
3040	0.08150736
3041	0.09273607
3042	0.12954087
3043	0.08023954
3044	0.06319064
3045	0.11761194
3046	0.07867622
3047	0.08822530
3048	0.08527587
3049	0.10326349
3050	0.07843232
3051	0.10955542
3052	0.09882614
3053	0.08273242
3054	0.08368709
3055	0.05350692
3056	0.10112497
3057	0.09006147
3058	0.05941039
3059	0.09241233
3060	0.08056062
3061	0.11428638
3062	0.10141836
3063	0.11534650
3064	0.09819421
3065	0.08346282
3066	0.09533222
3067	0.10051580
3068	0.07782499
3069	0.08344446
3070	0.09702645
3071	0.09078053
3072	0.13331711
3073	0.11644489
3074	0.11145417
3075	0.08338897
3076	0.09091826
3077	0.05490902
3078	0.08414896
3079	0.12168011
3080	0.08953460
3081	0.04318390
3082	0.08192397
3083	0.08386734
3084	0.08701836
3085	0.10505382
3086	0.06964390
3087	0.10359024
3088	0.05430407
3089	0.07039925
3090	0.13453762
3091	0.09595110
3092	0.05656177
3093	0.10786381
3094	0.10249471
3095	0.09976391
3096	0.05698485
3097	0.05886258
3098	0.08971049
3099	0.08139810
3100	0.06367872
3101	0.08189768
3102	0.09827281
3103	0.09252544
3104	0.06942978
3105	0.06757640
3106	0.09940964
3107	0.04369736
3108	0.11195840
3109	0.14075011
3110	0.07685481
3111	0.06550157
3112	0.07657954
3113	0.07336268
3114	0.08895701
3115	0.09831009
3116	0.06266909
3117	0.08624676
3118	0.08428007
3119	0.14428162
3120	0.08175455
3121	0.11658057
3122	0.06644442
3123	0.06332766
3124	0.07895209
3125	0.11588602
3126	0.08117244
3127	0.08253837
3128	0.09110609
3129	0.06929526
3130	0.08248023
3131	0.10526671
3132	0.08378354
3133	0.05587028
3134	0.09917692
3135	0.07938679
3136	0.04020583
3137	0.05616625
3138	0.11549391
3139	0.05273365
3140	0.06439988
3141	0.07583605
3142	0.08037287
3143	0.05364434
3144	0.08670224
3145	0.05752988
3146	0.09654638
3147	0.09200234
3148	0.05566853
3149	0.06269716
3150	0.09331890
3151	0.06028737
3152	0.05397811
3153	0.06094305
3154	0.10220980
3155	0.09384236
3156	0.09728491
3157	0.08452762
3158	0.07447745
3159	0.07082253
3160	0.10225088
3161	0.07146798
3162	0.06201971
3163	0.10692203
3164	0.07608106
3165	0.12496062
3166	0.10389931
3167	0.06971442
3168	0.07755245
3169	0.09946441
3170	0.09534975
3171	0.10313750
3172	0.06868237
3173	0.06961816
3174	0.09544596
3175	0.11153904
3176	0.06014563
3177	0.07808570
3178	0.09001075
3179	0.06787825
3180	0.07861083
3181	0.10094055
3182	0.06891081
3183	0.08980254
3184	0.07872366
3185	0.06695709
3186	0.08083327
3187	0.11632600
3188	0.07692378
3189	0.04704180
3190	0.10782233
3191	0.07834341
3192	0.06705933
3193	0.09616296
3194	0.07410982
3195	0.08523859
3196	0.10050042
3197	0.10139703
3198	0.09545909
3199	0.04895400
3200	0.10686583
3201	0.09774900
3202	0.05135300
3203	0.08692976
3204	0.12510137
3205	0.10063688
3206	0.05817446
3207	0.08677616
3208	0.09535142
3209	0.09603526
3210	0.06922276
3211	0.05693302
3212	0.12179988
3213	0.07019826
3214	0.05598969
3215	0.07372659
3216	0.06929601
3217	0.06495174
3218	0.13422863
3219	0.03573857
3220	0.04723783
3221	0.08664604
3222	0.04867182
3223	0.07998025
3224	0.07581662
3225	0.05853080
3226	0.06924525
3227	0.11115447
3228	0.10141983
3229	0.07638088
3230	0.10347067
3231	0.09009562
3232	0.11037553
3233	0.07646163
3234	0.05782689
3235	0.07591164
3236	0.08674694
3237	0.07665485
3238	0.07260650
3239	0.07936312
3240	0.04478255
3241	0.05141860
3242	0.11752806
3243	0.07818917
3244	0.07813904
3245	0.06372560
3246	0.09757406
3247	0.07126242
3248	0.09200301
3249	0.05721626
3250	0.07313314
3251	0.08506262
3252	0.08118196
3253	0.08864949
3254	0.09609915
3255	0.05518874
3256	0.09864152
3257	0.08874610
3258	0.10960155
3259	0.06872671
3260	0.06221372
3261	0.05654472
3262	0.05484953
3263	0.07008158
3264	0.06309578
3265	0.06522621
3266	0.04521539
3267	0.09547856
3268	0.12293698
3269	0.08957152
3270	0.08415495
3271	0.07696811
3272	0.10654289
3273	0.05566516
3274	0.09175150
3275	0.08149237
3276	0.09023661
3277	0.11261646
3278	0.07022062
3279	0.07255110
3280	0.07953262
3281	0.06987995
3282	0.11870303
3283	0.10465743
3284	0.08417827
3285	0.07746203
3286	0.07529506
3287	0.11089728
3288	0.11727309
3289	0.05087444
3290	0.09971299
3291	0.07926738
3292	0.05301844
3293	0.05374606
3294	0.10772310
3295	0.06696387
3296	0.05788951
3297	0.06602891
3298	0.12434642
3299	0.06731029
3300	0.10210184
3301	0.09499151
3302	0.09120270
3303	0.09458311
3304	0.07877097
3305	0.05237030
3306	0.08295495
3307	0.09150823
3308	0.08960393
3309	0.12683593
3310	0.10174567
3311	0.05954555
3312	0.08593452
3313	0.08143938
3314	0.10758283
3315	0.08448543
3316	0.09330050
3317	0.10132270
3318	0.11316332
3319	0.07511457
3320	0.05133980
3321	0.07944410
3322	0.10000484
3323	0.08029907
3324	0.09786706
3325	0.07941110
3326	0.08237077
3327	0.06471279
3328	0.08382276
3329	0.09120789
3330	0.10673210
3331	0.09320135
3332	0.10318172
3333	0.05901979
3334	0.05815197
3335	0.09817279
3336	0.08977593
3337	0.05570684
3338	0.11455673
3339	0.08561194
3340	0.11804688
3341	0.09177950
3342	0.09111354
3343	0.10049264
3344	0.09044140
3345	0.10665402
3346	0.08856538
3347	0.06082990
3348	0.10754868
3349	0.10024474
3350	0.10486484
3351	0.06506294
3352	0.08477188
3353	0.05915638
3354	0.08503129
3355	0.06631933
3356	0.05101682
3357	0.10743101
3358	0.08821531
3359	0.08811164
3360	0.10968178
3361	0.07203530
3362	0.08447662
3363	0.08054186
3364	0.07279699
3365	0.08709419
3366	0.06351112
3367	0.06659960
3368	0.05865215
3369	0.05576633
3370	0.05616958
3371	0.10386944
3372	0.09417676
3373	0.08627900
3374	0.05979250
3375	0.10924390
3376	0.09076514
3377	0.06960924
3378	0.09075031
3379	0.08138196
3380	0.07527357
3381	0.08766341
3382	0.07912290
3383	0.05436796
3384	0.06626468
3385	0.07567991
3386	0.10157267
3387	0.09201697
3388	0.09764878
3389	0.06219135
3390	0.09572140
3391	0.10186290
3392	0.06909574
3393	0.05413000
3394	0.08829839
3395	0.07054821
3396	0.06005195
3397	0.06145552
3398	0.07904010
3399	0.08954483
3400	0.06132449
3401	0.08240884
3402	0.06328130
3403	0.10556018
3404	0.10875784
3405	0.07758790
3406	0.07972001
3407	0.07381666
3408	0.07071453
3409	0.06154967
3410	0.10377819
3411	0.06475503
3412	0.08369800
3413	0.09824541
3414	0.11729661
3415	0.09707317
3416	0.08932072
3417	0.09417275
3418	0.09429276
3419	0.07327420
3420	0.07276137
3421	0.10548273
3422	0.06606016
3423	0.09490335
3424	0.08312136
3425	0.07023081
3426	0.11054864
3427	0.06021947
3428	0.05531878
3429	0.09495177
3430	0.07198727
3431	0.11604612
3432	0.07963415
3433	0.07332366
3434	0.04891303
3435	0.10432136
3436	0.09186825
3437	0.06771918
3438	0.05032453
3439	0.08960642
3440	0.10239964
3441	0.05141745
3442	0.11232469
3443	0.07459179
3444	0.05685731
3445	0.09769530
3446	0.07750859
3447	0.09727765
3448	0.08344013
3449	0.09423236
3450	0.10391842
3451	0.05236669
3452	0.06038366
3453	0.06630914
3454	0.04665239
3455	0.09112786
3456	0.05109256
3457	0.09894099
3458	0.05599588
3459	0.08055296
3460	0.06757196
3461	0.10252124
3462	0.11504105
3463	0.08523351
3464	0.09525683
3465	0.06800646
3466	0.06905600
3467	0.08833183
3468	0.10817113
3469	0.10505481
3470	0.12262812
3471	0.07387004
3472	0.08190200
3473	0.11088999
3474	0.08361293
3475	0.06922522
3476	0.05629899
3477	0.05278358
3478	0.05008297
3479	0.12496395
3480	0.07987638
3481	0.05738433
3482	0.07458858
3483	0.06465465
3484	0.08286837
3485	0.05408396
3486	0.08502003
3487	0.06203050
3488	0.11768348
3489	0.10956113
3490	0.06667579
3491	0.04948844
3492	0.08581939
3493	0.08287127
3494	0.09152897
3495	0.06090046
3496	0.05197390
3497	0.11607349
3498	0.10230494
3499	0.12468309
3500	0.07645866
3501	0.11159941
3502	0.03367960
3503	0.08690014
3504	0.13230010
3505	0.11149816
3506	0.06477486
3507	0.07473425
3508	0.09740900
3509	0.08694999
3510	0.11650970
3511	0.06993655
3512	0.07542542
3513	0.10077997
3514	0.06758199
3515	0.09688439
3516	0.09785719
3517	0.09543244
3518	0.05874384
3519	0.05909173
3520	0.07113726
3521	0.09535776
3522	0.07435951
3523	0.10137030
3524	0.12942836
3525	0.04138850
3526	0.06054951
3527	0.07520932
3528	0.11606357
3529	0.09344874
3530	0.07165711
3531	0.09002391
3532	0.06501559
3533	0.10167971
3534	0.09768586
3535	0.08325509
3536	0.13082669
3537	0.06601983
3538	0.10827139
3539	0.08798041
3540	0.06580869
3541	0.11126171
3542	0.06222443
3543	0.04523450
3544	0.07628654
3545	0.06757743
3546	0.06951648
3547	0.05832136
3548	0.10629526
3549	0.07818604
3550	0.06516855
3551	0.06605596
3552	0.07142998
3553	0.07513302
3554	0.05551212
3555	0.12712738
3556	0.05424021
3557	0.09741511
3558	0.10329360
3559	0.09080182
3560	0.09280143
3561	0.10364656
3562	0.06832211
3563	0.06096811
3564	0.04964470
3565	0.08845735
3566	0.08353544
3567	0.06860682
3568	0.04864842
3569	0.04526960
3570	0.08722804
3571	0.09140071
3572	0.06570478
3573	0.07994591
3574	0.11137383
3575	0.11075967
3576	0.06442594
3577	0.10366445
3578	0.08059631
3579	0.08180202
3580	0.07449724
3581	0.11201003
3582	0.05317965
3583	0.06393210
3584	0.09569447
3585	0.08036439
3586	0.09350605
3587	0.14162368
3588	0.05889360
3589	0.06777557
3590	0.13201852
3591	0.07800817
3592	0.09250375
3593	0.11736018
3594	0.08138525
3595	0.08025279
3596	0.08239576
3597	0.08112675
3598	0.05893948
3599	0.05005723
3600	0.06531442
3601	0.07660139
3602	0.07097271
3603	0.07195304
3604	0.11240337
3605	0.04973583
3606	0.08895154
3607	0.08734908
3608	0.05578322
3609	0.03520904
3610	0.07182590
3611	0.07806560
3612	0.10388907
3613	0.06788079
3614	0.09206841
3615	0.10880167
3616	0.09113488
3617	0.06503403
3618	0.09612449
3619	0.06254821
3620	0.07535725
3621	0.07485568
3622	0.05976280
3623	0.06477640
3624	0.05624359
3625	0.05714674
3626	0.10010589
3627	0.05483910
3628	0.08283323
3629	0.08812941
3630	0.05362721
3631	0.09618735
3632	0.07298410
3633	0.06200349
3634	0.09104501
3635	0.10605187
3636	0.09837394
3637	0.07663855
3638	0.10444033
3639	0.08941083
3640	0.07980746
3641	0.09571731
3642	0.10599845
3643	0.04896938
3644	0.05367234
3645	0.09184140
3646	0.10647297
3647	0.08395106
3648	0.08789054
3649	0.10890644
3650	0.10885608
3651	0.08224450
3652	0.07094622
3653	0.04543736
3654	0.07825183
3655	0.08836343
3656	0.10308673
3657	0.07960595
3658	0.09605992
3659	0.08575566
3660	0.08922621
3661	0.06333845
3662	0.09007305
3663	0.10914154
3664	0.08900884
3665	0.08366246
3666	0.10819849
3667	0.05109078
3668	0.06528975
3669	0.09489046
3670	0.10032909
3671	0.07083006
3672	0.08256193
3673	0.05487983
3674	0.06104168
3675	0.09152984
3676	0.06966322
3677	0.04430926
3678	0.12661959
3679	0.07603867
3680	0.05707932
3681	0.07859322
3682	0.08462685
3683	0.10034924
3684	0.07355166
3685	0.08629538
3686	0.09145445
3687	0.05517573
3688	0.06071108
3689	0.06784263
3690	0.07140527
3691	0.07189919
3692	0.06091398
3693	0.08410216
3694	0.09859187
3695	0.05750295
3696	0.06461106
3697	0.05112072
3698	0.10076831
3699	0.05263450
3700	0.11192068
3701	0.05982352
3702	0.07681717
3703	0.07900726
3704	0.10523645
3705	0.10217529
3706	0.05863490
3707	0.06766119
3708	0.05694575
3709	0.08116339
3710	0.08764013
3711	0.05495705
3712	0.06266421
3713	0.06047967
3714	0.09030446
3715	0.07800960
3716	0.08570256
3717	0.10147618
3718	0.07559520
3719	0.08410934
3720	0.06597386
3721	0.09833738
3722	0.09565406
3723	0.06032596
3724	0.07960813
3725	0.06914234
3726	0.06196324
3727	0.07296847
3728	0.06002840
3729	0.07720702
3730	0.09423518
3731	0.08379012
3732	0.05884125
3733	0.06979465
3734	0.10201396
3735	0.06214329
3736	0.08034115
3737	0.04974027
3738	0.07059405
3739	0.05867095
3740	0.12266000
3741	0.06583478
3742	0.08602027
3743	0.09314940
3744	0.05657117
3745	0.10251937
3746	0.08865346
3747	0.10177823
3748	0.09400793
3749	0.06271481
3750	0.07991640
3751	0.07301051
3752	0.10079461
3753	0.07333230
3754	0.10622253
3755	0.06414289
3756	0.10493563
3757	0.09321947
3758	0.07727004
3759	0.08296205
3760	0.09674158
3761	0.08765608
3762	0.12041317
3763	0.06110783
3764	0.07660258
3765	0.08714503
3766	0.09462621
3767	0.07542998
3768	0.07763736
3769	0.04724224
3770	0.09001110
3771	0.06419258
3772	0.06857371
3773	0.08700059
3774	0.05504969
3775	0.07685156
3776	0.05589375
3777	0.07477541
3778	0.09995368
3779	0.08501432
3780	0.10117505
3781	0.09989316
3782	0.08291874
3783	0.07842169
3784	0.07089320
3785	0.11408285
3786	0.08807618
3787	0.08397795
3788	0.13741467
3789	0.03970284
3790	0.07084299
3791	0.12659056
3792	0.09373191
3793	0.11461293
3794	0.06391438
3795	0.08202391
3796	0.07864287
3797	0.08616982
3798	0.07654515
3799	0.05833151
3800	0.05959473
3801	0.06920393
3802	0.05642288
3803	0.07471473
3804	0.07598053
3805	0.09006147
3806	0.07417287
3807	0.06692957
3808	0.05759429
3809	0.07034646
3810	0.05253000
3811	0.13108396
3812	0.10917759
3813	0.11027603
3814	0.07877315
3815	0.08665877
3816	0.09553563
3817	0.06000385
3818	0.07575209
3819	0.09075229
3820	0.06298092
3821	0.10002514
3822	0.07665045
3823	0.08946817
3824	0.10142395
3825	0.09791533
3826	0.07030950
3827	0.10796244
3828	0.11244866
3829	0.07794999
3830	0.09800555
3831	0.10444061
3832	0.07032437
3833	0.04498822
3834	0.04910137
3835	0.10919607
3836	0.09487039
3837	0.07254460
3838	0.08476827
3839	0.03923157
3840	0.05430351
3841	0.09954951
3842	0.09676355
3843	0.07211303
3844	0.05261904
3845	0.08020000
3846	0.09564275
3847	0.07811465
3848	0.09136161
3849	0.08100726
3850	0.07553472
3851	0.05076486
3852	0.10831806
3853	0.08227361
3854	0.10638497
3855	0.06861265
3856	0.10785806
3857	0.05323557
3858	0.06371204
3859	0.05389356
3860	0.05231763
3861	0.07803863
3862	0.08020178
3863	0.08453135
3864	0.08519187
3865	0.08689423
3866	0.05451485
3867	0.08374594
3868	0.06723193
3869	0.08886322
3870	0.06132972
3871	0.07974523
3872	0.05566778
3873	0.07503847
3874	0.09440428
3875	0.06175784
3876	0.09770997
3877	0.05706088
3878	0.09824255
3879	0.09750815
3880	0.05816006
3881	0.08438156
3882	0.05670763
3883	0.09702038
3884	0.09371902
3885	0.06006163
3886	0.05818168
3887	0.07256343
3888	0.05869494
3889	0.10258818
3890	0.03187880
3891	0.08853682
3892	0.07087035
3893	0.08129522
3894	0.10894706
3895	0.09191576
3896	0.10625172
3897	0.04151929
3898	0.06045556
3899	0.06959877
3900	0.10778648
3901	0.08040119
3902	0.06823438
3903	0.04861214
3904	0.07194511
3905	0.07913488
3906	0.08641801
3907	0.08083006
3908	0.10692643
3909	0.08340999
3910	0.06176252
3911	0.08344168
3912	0.05405612
3913	0.11311505
3914	0.04291037
3915	0.08578251
3916	0.07191461
3917	0.06489693
3918	0.12701237
3919	0.09437152
3920	0.08652120
3921	0.06495055
3922	0.08193766
3923	0.06670863
3924	0.05517505
3925	0.08166306
3926	0.07465259
3927	0.07449804
3928	0.04486425
3929	0.06662475
3930	0.08484299
3931	0.10290081
3932	0.07278203
3933	0.06023145
3934	0.06129141
3935	0.05822471
3936	0.10190573
3937	0.04587174
3938	0.04584390
3939	0.06248995
3940	0.07923438
3941	0.08453131
3942	0.11358826
3943	0.09938719
3944	0.03481701
3945	0.07462407
3946	0.04717870
3947	0.09112945
3948	0.06712104
3949	0.08399147
3950	0.05849038
3951	0.08400218
3952	0.07736677
3953	0.04967016
3954	0.06676058
3955	0.13713698
3956	0.10775162
3957	0.05586583
3958	0.08747095
3959	0.08826972
3960	0.06456014
3961	0.07908031
3962	0.06290744
3963	0.03719020
3964	0.08590533
3965	0.11078061
3966	0.08707769
3967	0.08764708
3968	0.08513306
3969	0.06142225
3970	0.04880401
3971	0.07338580
3972	0.09868777
3973	0.12597747
3974	0.11640416
3975	0.08171620
3976	0.03727773
3977	0.07639048
3978	0.06410430
3979	0.09193583
3980	0.07331993
3981	0.07402673
3982	0.05277184
3983	0.05836379
3984	0.07958834
3985	0.06621416
3986	0.08692310
3987	0.07831715
3988	0.06085322
3989	0.05597295
3990	0.06374563
3991	0.06713825
3992	0.07686143
3993	0.07659425
3994	0.05387214
3995	0.07499905
3996	0.06181606
3997	0.09819092
3998	0.06809046
3999	0.04997795
4000	0.06308769
4001	0.07017890
4002	0.09767154
4003	0.08943423
4004	0.09356863
4005	0.07301880
4006	0.11054618
4007	0.09267872
4008	0.08609046
4009	0.08807940
4010	0.08687773
4011	0.08419730
4012	0.10035883
4013	0.04841261
4014	0.08022919
4015	0.05131894
4016	0.08450724
4017	0.10573928
4018	0.08183034
4019	0.09473928
4020	0.07342114
4021	0.05595019
4022	0.06525727
4023	0.05904529
4024	0.08725187
4025	0.08656264
4026	0.06473730
4027	0.05185441
4028	0.11300420
4029	0.10658065
4030	0.07114860
4031	0.06915840
4032	0.08740171
4033	0.06731826
4034	0.10813421
4035	0.12821003
4036	0.07276807
4037	0.07595170
4038	0.09404565
4039	0.08588959
4040	0.08979544
4041	0.08866841
4042	0.10673135
4043	0.07340900
4044	0.08091386
4045	0.04221142
4046	0.05954400
4047	0.07813119
4048	0.05386917
4049	0.05054396
4050	0.06504775
4051	0.03876522
4052	0.06295717
4053	0.10242253
4054	0.08798422
4055	0.10380428
4056	0.05339952
4057	0.05050997
4058	0.04120440
4059	0.06311315
4060	0.06190256
4061	0.10906758
4062	0.08950795
4063	0.12600587
4064	0.07535435
4065	0.06381820
4066	0.07443621
4067	0.07894008
4068	0.06703811
4069	0.10890105
4070	0.09602927
4071	0.08194773
4072	0.06879607
4073	0.08736054
4074	0.05308428
4075	0.03763827
4076	0.07029542
4077	0.06363343
4078	0.06538866
4079	0.06891390
4080	0.06256796
4081	0.08303319
4082	0.09314587
4083	0.07497192
4084	0.11046405
4085	0.10184731
4086	0.08617700
4087	0.11393996
4088	0.08075189
4089	0.07949843
4090	0.09657739
4091	0.05429094
4092	0.05344708
4093	0.06588467
4094	0.08107035
4095	0.09273135
4096	0.08588943
4097	0.05183379
4098	0.05491676
4099	0.06370736
4100	0.10953845
4101	0.05858751
4102	0.04973298
4103	0.05790343
4104	0.07860420
4105	0.06286341
4106	0.04811739
4107	0.07663573
4108	0.05062844
4109	0.08054717
4110	0.08516752
4111	0.09626104
4112	0.10336419
4113	0.06576105
4114	0.09248217
4115	0.13472647
4116	0.07620761
4117	0.08366088
4118	0.09052417
4119	0.08504783
4120	0.08165390
4121	0.06107634
4122	0.06564533
4123	0.06821011
4124	0.07240044
4125	0.09317267
4126	0.04050752
4127	0.10643133
4128	0.11391101
4129	0.05608170
4130	0.08980805
4131	0.06423470
4132	0.05971902
4133	0.08040345
4134	0.06437672
4135	0.05625473
4136	0.06510208
4137	0.08810982
4138	0.06557220
4139	0.05742855
4140	0.07044323
4141	0.09773730
4142	0.11520623
4143	0.07200738
4144	0.07152140
4145	0.04692528
4146	0.08464006
4147	0.11998894
4148	0.06356359
4149	0.07404386
4150	0.06067710
4151	0.04216970
4152	0.11299290
4153	0.09551128
4154	0.07659425
4155	0.09908221
4156	0.09637862
4157	0.06840389
4158	0.07635987
4159	0.06936538
4160	0.06558537
4161	0.06921372
4162	0.09004894
4163	0.08003387
4164	0.07581745
4165	0.07909403
4166	0.05571953
4167	0.08674368
4168	0.05049712
4169	0.09670597
4170	0.06661741
4171	0.06923252
4172	0.11803645
4173	0.07267151
4174	0.06469026
4175	0.05460488
4176	0.08292072
4177	0.06517985
4178	0.07536946
4179	0.10527500
4180	0.09897545
4181	0.06624854
4182	0.07937969
4183	0.09846956
4184	0.06841150
4185	0.03933734
4186	0.08904136
4187	0.07969443
4188	0.04796383
4189	0.09010466
4190	0.06743296
4191	0.11952025
4192	0.07251017
4193	0.06622213
4194	0.09412259
4195	0.10459009
4196	0.09158354
4197	0.09059794
4198	0.10601198
4199	0.07861785
4200	0.04611953
4201	0.08298747
4202	0.07004434
4203	0.09021424
4204	0.09939147
4205	0.07656784
4206	0.06295261
4207	0.06332132
4208	0.09676078
4209	0.10343133
4210	0.08514789
4211	0.07697597
4212	0.11636411
4213	0.07234638
4214	0.04826270
4215	0.07883458
4216	0.07730157
4217	0.05481717
4218	0.07195055
4219	0.09096673
4220	0.09780214
4221	0.11834043
4222	0.06631600
4223	0.10408884
4224	0.06744704
4225	0.06257815
4226	0.07896320
4227	0.05533468
4228	0.05662947
4229	0.04586956
4230	0.09676685
4231	0.10830196
4232	0.08374987
4233	0.07021840
4234	0.03730050
4235	0.09287353
4236	0.07638104
4237	0.08562923
4238	0.08135935
4239	0.07548911
4240	0.06184838
4241	0.06561313
4242	0.11224113
4243	0.06787206
4244	0.09380448
4245	0.11268158
4246	0.06934349
4247	0.10823137
4248	0.09033615
4249	0.08982681
4250	0.07157676
4251	0.05349827
4252	0.08219112
4253	0.06151156
4254	0.04599734
4255	0.08744577
4256	0.04541011
4257	0.04699092
4258	0.06811684
4259	0.06734809
4260	0.06763787
4261	0.04682550
4262	0.08971684
4263	0.08793603
4264	0.09118239
4265	0.05738854
4266	0.06272810
4267	0.11133155
4268	0.07708626
4269	0.06202082
4270	0.06755542
4271	0.08739358
4272	0.07949990
4273	0.09585191
4274	0.08111981
4275	0.07646107
4276	0.07399639
4277	0.07769007
4278	0.10872849
4279	0.09766274
4280	0.08886619
4281	0.05655868
4282	0.08292048
4283	0.09723486
4284	0.11556379
4285	0.05486802
4286	0.06245826
4287	0.04888368
4288	0.10550311
4289	0.08030652
4290	0.07921202
4291	0.09891822
4292	0.05493865
4293	0.04798858
4294	0.11007964
4295	0.06275673
4296	0.08533524
4297	0.07133996
4298	0.08028539
4299	0.08994472
4300	0.03906587
4301	0.06205719
4302	0.04347468
4303	0.06392738
4304	0.07189411
4305	0.07707722
4306	0.07186413
4307	0.06669502
4308	0.04348455
4309	0.07972766
4310	0.07496470
4311	0.07687952
4312	0.05840702
4313	0.08633202
4314	0.05714658
4315	0.08966222
4316	0.06410391
4317	0.05235102
4318	0.05385822
4319	0.07450676
4320	0.08962633
4321	0.04345651
4322	0.09115665
4323	0.04410089
4324	0.06249094
4325	0.07667337
4326	0.04063284
4327	0.10865659
4328	0.04846980
4329	0.06618235
4330	0.05339016
4331	0.06788412
4332	0.11335150
4333	0.08211430
4334	0.06930438
4335	0.06024049
4336	0.06734404
4337	0.09572239
4338	0.09041126
4339	0.04953924
4340	0.09237553
4341	0.04052029
4342	0.04376859
4343	0.06444319
4344	0.06249760
4345	0.08860892
4346	0.05456240
4347	0.09288780
4348	0.07171410
4349	0.08895606
4350	0.08234523
4351	0.08352778
4352	0.03409110
4353	0.10003101
4354	0.08719532
4355	0.09381570
4356	0.07066635
4357	0.06050926
4358	0.08447599
4359	0.05017454
4360	0.06461574
4361	0.05237315
4362	0.08931196
4363	0.09106504
4364	0.08738616
4365	0.10386155
4366	0.08637886
4367	0.04395852
4368	0.08869264
4369	0.09631628
4370	0.06331192
4371	0.07269367
4372	0.09357053
4373	0.10740159
4374	0.05317002
4375	0.09022578
4376	0.08439171
4377	0.03211402
4378	0.08042633
4379	0.07662209
4380	0.09203423
4381	0.06397367
4382	0.08195396
4383	0.04014805
4384	0.10336903
4385	0.08831878
4386	0.05427416
4387	0.05851279
4388	0.10312155
4389	0.07174142
4390	0.04213361
4391	0.08519798
4392	0.08892806
4393	0.08161285
4394	0.12747880
4395	0.08952873
4396	0.06680456
4397	0.09130311
4398	0.06035530
4399	0.11980670
4400	0.06215035
4401	0.09566040
4402	0.10347765
4403	0.04737061
4404	0.06095181
4405	0.05021186
4406	0.04557965
4407	0.04256803
4408	0.07700869
4409	0.04460674
4410	0.07697581
4411	0.04688638
4412	0.07527940
4413	0.07496522
4414	0.07606044
4415	0.04898945
4416	0.07669839
4417	0.07200639
4418	0.04428229
4419	0.05492528
4420	0.05746020
4421	0.11973294
4422	0.04479369
4423	0.05888673
4424	0.04240357
4425	0.05240210
4426	0.08750720
4427	0.04642471
4428	0.08748519
4429	0.06465049
4430	0.04591005
4431	0.07654622
4432	0.06877220
4433	0.07679667
4434	0.04637545
4435	0.08532992
4436	0.07680658
4437	0.05149256
4438	0.07473817
4439	0.04303383
4440	0.10542209
4441	0.08821618
4442	0.09916411
4443	0.05917347
4444	0.07483351
4445	0.08779639
4446	0.11972433
4447	0.07750989
4448	0.05532393
4449	0.06554456
4450	0.08220178
4451	0.03404315
4452	0.09760579
4453	0.08736038
4454	0.07993107
4455	0.07295530
4456	0.10060508
4457	0.07646702
4458	0.05545985
4459	0.09354499
4460	0.12372992
4461	0.08742316
4462	0.08777351
4463	0.07833048
4464	0.06529982
4465	0.07793325
4466	0.05931687
4467	0.06562225
4468	0.08652921
4469	0.04994666
4470	0.05381808
4471	0.06211057
4472	0.06596831
4473	0.06978037
4474	0.07625988
4475	0.11856907
4476	0.11803776
4477	0.07153278
4478	0.08705120
4479	0.06524255
4480	0.07257145
4481	0.07588939
4482	0.05417870
4483	0.09832889
4484	0.07213571
4485	0.10158568
4486	0.08980968
4487	0.05085191
4488	0.11021416
4489	0.07015122
4490	0.11828499
4491	0.08652132
4492	0.05224541
4493	0.09331208
4494	0.08126127
4495	0.11224997
4496	0.09063823
4497	0.10565374
4498	0.06752532
4499	0.09782153
4500	0.10614936
4501	0.08437422
4502	0.05831731
4503	0.09823542
4504	0.04722463
4505	0.07912044
4506	0.06797121
4507	0.03616070
4508	0.05171561
4509	0.05599893
4510	0.11809907
4511	0.04461344
4512	0.11367032
4513	0.07776486
4514	0.06663902
4515	0.04352945
4516	0.06126766
4517	0.05594234
4518	0.07742859
4519	0.04814174
4520	0.04210276
4521	0.09374523
4522	0.05015875
4523	0.06576141
4524	0.09092984
4525	0.09899699
4526	0.07736954
4527	0.08879012
4528	0.07380163
4529	0.11151588
4530	0.07453266
4531	0.05216827
4532	0.06823645
4533	0.07482146
4534	0.04856562
4535	0.04568356
4536	0.06175860
4537	0.07824660
4538	0.06787035
4539	0.06190256
4540	0.05360829
4541	0.06190371
4542	0.06927226
4543	0.09053230
4544	0.04847555
4545	0.07288435
4546	0.06821051
4547	0.06657486
4548	0.08534027
4549	0.09846115
4550	0.08438786
4551	0.06905521
4552	0.04880769
4553	0.09220008
4554	0.07030906
4555	0.07653825
4556	0.08017811
4557	0.04734650
4558	0.08870335
4559	0.08645473
4560	0.08499346
4561	0.09952616
4562	0.06618552
4563	0.12449296
4564	0.08551620
4565	0.07822209
4566	0.07496593
4567	0.04194761
4568	0.09152425
4569	0.05903954
4570	0.06872318
4571	0.08309566
4572	0.07823518
4573	0.08949490
4574	0.05559794
4575	0.07915451
4576	0.08360012
4577	0.08152405
4578	0.07282082
4579	0.08077101
4580	0.05579330
4581	0.07511350
4582	0.04437938
4583	0.04851921
4584	0.07903363
4585	0.07476895
4586	0.07140412
4587	0.07185148
4588	0.09157339
4589	0.08632374
4590	0.06103938
4591	0.06960702
4592	0.06725033
4593	0.06369760
4594	0.09033385
4595	0.07698132
4596	0.04285521
4597	0.06063637
4598	0.08788665
4599	0.07593960
4600	0.05867226
4601	0.07071743
4602	0.07769768
4603	0.08416153
4604	0.08831676
4605	0.05694190
4606	0.06634836
4607	0.09973849
4608	0.12777212
4609	0.05259564
4610	0.08376982
4611	0.04920480
4612	0.10615816
4613	0.06356272
4614	0.05615289
4615	0.12521491
4616	0.07318656
4617	0.06789367
4618	0.10728491
4619	0.10282895
4620	0.06913865
4621	0.06868856
4622	0.05938084
4623	0.07204593
4624	0.07748892
4625	0.07804065
4626	0.06647607
4627	0.04720535
4628	0.07585271
4629	0.08435935
4630	0.09321063
4631	0.05417938
4632	0.07136847
4633	0.06509316
4634	0.04258188
4635	0.06701919
4636	0.08571509
4637	0.09523145
4638	0.05518580
4639	0.11174825
4640	0.04781384
4641	0.04764509
4642	0.07165830
4643	0.04738897
4644	0.06533317
4645	0.08675110
4646	0.05719544
4647	0.07726742
4648	0.05749613
4649	0.07704997
4650	0.05459104
4651	0.09946833
4652	0.08013218
4653	0.08198211
4654	0.08329237
4655	0.08078489
4656	0.11573797
4657	0.09573936
4658	0.06244961
4659	0.10253865
4660	0.06441539
4661	0.03379881
4662	0.06671584
4663	0.06043645
4664	0.09908297
4665	0.08277184
4666	0.11382435
4667	0.09987868
4668	0.07905893
4669	0.10729887
4670	0.05061071
4671	0.06259909
4672	0.10750914
4673	0.05187230
4674	0.09608332
4675	0.07081582
4676	0.06141975
4677	0.10719326
4678	0.05228828
4679	0.08048316
4680	0.05363879
4681	0.05585505
4682	0.11838517
4683	0.04677918
4684	0.05322614
4685	0.07992889
4686	0.09000837
4687	0.07734924
4688	0.07605298
4689	0.07434000
4690	0.08643153
4691	0.04668995
4692	0.06526076
4693	0.05614487
4694	0.10903764
4695	0.05415177
4696	0.07287147
4697	0.09599710
4698	0.11024418
4699	0.10374146
4700	0.05074789
4701	0.07742082
4702	0.06098989
4703	0.04534226
4704	0.09803926
4705	0.05822578
4706	0.08200468
4707	0.06996895
4708	0.05029467
4709	0.09666445
4710	0.05703764
4711	0.08782177
4712	0.09545536
4713	0.09853270
4714	0.06221055
4715	0.06647932
4716	0.05480472
4717	0.05553718
4718	0.07122201
4719	0.07413575
4720	0.09866881
4721	0.04394150
4722	0.04052064
4723	0.06405671
4724	0.08997926
4725	0.08001245
4726	0.06553175
4727	0.10072512
4728	0.08435471
4729	0.05725183
4730	0.12251644
4731	0.07304458
4732	0.07127392
4733	0.05527158
4734	0.08108828
4735	0.06176197
4736	0.05395729
4737	0.08866901
4738	0.06338104
4739	0.07854642
4740	0.04914186
4741	0.08855903
4742	0.05972021
4743	0.11444037
4744	0.09839028
4745	0.07707630
4746	0.05771636
4747	0.10046195
4748	0.04950371
4749	0.05484244
4750	0.09277045
4751	0.08578580
4752	0.08705068
4753	0.05987995
4754	0.05839889
4755	0.07376363
4756	0.08885505
4757	0.07116950
4758	0.05275356
4759	0.09036149
4760	0.08129161
4761	0.03969998
4762	0.06582411
4763	0.04866211
4764	0.05834848
4765	0.09733924
4766	0.08905453
4767	0.11213135
4768	0.04495126
4769	0.04575130
4770	0.09225679
4771	0.06321003
4772	0.05137458
4773	0.09533492
4774	0.08961166
4775	0.06404263
4776	0.05136542
4777	0.04681880
4778	0.04996922
4779	0.05157176
4780	0.06338485
4781	0.08943177
4782	0.08111830
4783	0.06040270
4784	0.04758663
4785	0.07568094
4786	0.08903577
4787	0.04822558
4788	0.07978874
4789	0.08828110
4790	0.10664557
4791	0.06211255
4792	0.11619913
4793	0.05648527
4794	0.08228023
4795	0.03776681
4796	0.04787805
4797	0.06502360
4798	0.08389030
4799	0.04777498
4800	0.05428570
4801	0.09163161
4802	0.05963700
4803	0.08040869
4804	0.07589122
4805	0.08546282
4806	0.06303212
4807	0.06996435
4808	0.06468610
4809	0.03494154
4810	0.08068983
4811	0.08763169
4812	0.08518977
4813	0.05170537
4814	0.04180706
4815	0.06035273
4816	0.08267293
4817	0.08298545
4818	0.04721051
4819	0.04316934
4820	0.05460071
4821	0.07834245
4822	0.05007888
4823	0.05242153
4824	0.07810823
4825	0.05714777
4826	0.09034115
4827	0.04297053
4828	0.08602280
4829	0.06314317
4830	0.07477478
4831	0.05790510
4832	0.08116169
4833	0.09618410
4834	0.10444660
4835	0.05434456
4836	0.08575634
4837	0.08774670
4838	0.08451620
4839	0.04850232
4840	0.05172631
4841	0.07276141
4842	0.06488638
4843	0.08174943
4844	0.09362744
4845	0.09131235
4846	0.05580682
4847	0.10099524
4848	0.08138794
4849	0.09312703
4850	0.07876962
4851	0.10276355
4852	0.08256169
4853	0.04114444
4854	0.08178584
4855	0.09803910
4856	0.08623914
4857	0.07787837
4858	0.06671806
4859	0.06856169
4860	0.03952608
4861	0.05770914
4862	0.07618802
4863	0.07380892
4864	0.04144628
4865	0.08661329
4866	0.04453885
4867	0.09165322
4868	0.08657283
4869	0.03524204
4870	0.07079992
4871	0.07305663
4872	0.06069899
4873	0.05708007
4874	0.06622542
4875	0.08263783
4876	0.10157581
4877	0.10392294
4878	0.05225762
4879	0.05847555
4880	0.04754725
4881	0.05665469
4882	0.08775039
4883	0.05623672
4884	0.12096201
4885	0.06979790
4886	0.09498913
4887	0.08220246
4888	0.04473583
4889	0.07704807
4890	0.09943169
4891	0.05789475
4892	0.06949931
4893	0.06244791
4894	0.06728122
4895	0.04894004
4896	0.08639667
4897	0.06098497
4898	0.10081344
4899	0.05124128
4900	0.04035209
4901	0.08503276
4902	0.04876681
4903	0.04364394
4904	0.04551830
4905	0.04723093
4906	0.07368578
4907	0.04987523
4908	0.06576740
4909	0.05414127
4910	0.10074242
4911	0.04367492
4912	0.07554757
4913	0.07572100
4914	0.10868094
4915	0.10449891
4916	0.07395792
4917	0.06730601
4918	0.05316554
4919	0.04622205
4920	0.07841134
4921	0.05668872
4922	0.12555320
4923	0.05175554
4924	0.07172695
4925	0.06752972
4926	0.09798334
4927	0.10272330
4928	0.05516550
4929	0.08608007
4930	0.06845374
4931	0.06036157
4932	0.08288332
4933	0.10700115
4934	0.10423498
4935	0.07330022
4936	0.04708368
4937	0.03992524
4938	0.07592274
4939	0.08139782
4940	0.07980587
4941	0.04588800
4942	0.08110125
4943	0.08800151
4944	0.05608915
4945	0.05814424
4946	0.08073694
4947	0.05698144
4948	0.10708733
4949	0.04609375
4950	0.07954261
4951	0.07945358
4952	0.05359707
4953	0.05923268
4954	0.04650105
4955	0.06915796
4956	0.08210704
4957	0.05615292
4958	0.06803216
4959	0.05294083
4960	0.07523427
4961	0.04709344
4962	0.08063573
4963	0.06013432
4964	0.10261860
4965	0.04160250
4966	0.08016954
4967	0.05771335
4968	0.05161317
4969	0.10925632
4970	0.08385366
4971	0.06581404
4972	0.05414099
4973	0.10352770
4974	0.05343831
4975	0.04568289
4976	0.05438398
4977	0.06938140
4978	0.05997133
4979	0.05692822
4980	0.08723014
4981	0.08157993
4982	0.09791620
4983	0.06063914
4984	0.04884378
4985	0.04921455
4986	0.08033996
4987	0.08392497
4988	0.04255737
4989	0.04113234
4990	0.04908594
4991	0.08309086
4992	0.10664942
4993	0.05627198
4994	0.06799675
4995	0.10670740
4996	0.06660119
4997	0.05705215
4998	0.05498560
4999	0.06680440
5000	0.03324267
5001	0.07160908
5002	0.04846984
5003	0.04312171
5004	0.07937450
5005	0.04368209
5006	0.05112493
5007	0.09089601
5008	0.09731616
5009	0.05416839
5010	0.10677351
5011	0.04981174
5012	0.05794483
5013	0.06882161
5014	0.10205818
5015	0.08991664
5016	0.04175653
5017	0.07177620
5018	0.06693111
5019	0.06998322
5020	0.09319500
5021	0.06522840
5022	0.04370490
5023	0.08487634
5024	0.06092953
5025	0.04143942
5026	0.11093881
5027	0.06580706
5028	0.07058850
5029	0.05681039
5030	0.04821186
5031	0.05535273
5032	0.07512017
5033	0.07666532
5034	0.06880405
5035	0.06516879
5036	0.06840297
5037	0.09053936
5038	0.08812830
5039	0.09158505
5040	0.04046290
5041	0.03973805
5042	0.07752314
