0	0.38074858
1	0.37654736
2	0.37978580
3	0.36875110
4	0.38064907
5	0.38055974
6	0.38037857
7	0.37981952
8	0.37258726
9	0.38046165
10	0.38075223
11	0.37175605
12	0.36884322
13	0.36783267
14	0.36995832
15	0.32892642
16	0.38039943
17	0.37397492
18	0.34921806
19	0.36503527
20	0.38059363
21	0.38054598
22	0.38072829
23	0.37807666
24	0.36515325
25	0.34381940
26	0.36026425
27	0.35560779
28	0.22603373
29	0.37620386
30	0.34199225
31	0.32924403
32	0.34402001
33	0.37600954
34	0.38036453
35	0.36949428
36	0.32759976
37	0.29759237
38	0.37725767
39	0.31545954
40	0.29385718
41	0.34456514
42	0.21620588
43	0.31971282
44	0.26405187
45	0.37501006
46	0.37927289
47	0.35913336
48	0.34560142
49	0.36896583
50	0.32693490
51	0.38069010
52	0.36792151
53	0.32744740
54	0.32388502
55	0.29739436
56	0.36095235
57	0.37829022
58	0.30871538
59	0.30945629
60	0.20504687
61	0.23635958
62	0.36135491
63	0.36421676
64	0.29821055
65	0.34335325
66	0.35389533
67	0.34339663
68	0.32908072
69	0.36588377
70	0.33712086
71	0.30717764
72	0.33098300
73	0.31796063
74	0.22915503
75	0.30201453
76	0.27334456
77	0.28578819
78	0.35870381
79	0.29454724
80	0.36213624
81	0.25489578
82	0.33029842
83	0.36839894
84	0.34113328
85	0.33669367
86	0.34334838
87	0.37156364
88	0.31785483
89	0.34005836
90	0.27248113
91	0.24064375
92	0.32576725
93	0.29584777
94	0.37383373
95	0.33395653
96	0.28152143
97	0.34837358
98	0.33184606
99	0.36293985
100	0.26941932
101	0.34591834
102	0.32814343
103	0.31142524
104	0.35984813
105	0.32188198
106	0.25684732
107	0.25409777
108	0.31606181
109	0.22891981
110	0.37117009
111	0.36832370
112	0.33642589
113	0.24295191
114	0.26307938
115	0.29228446
116	0.23789631
117	0.32696944
118	0.36999416
119	0.32748425
120	0.27677691
121	0.32209550
122	0.31412192
123	0.20537683
124	0.36155812
125	0.27445049
126	0.25738920
127	0.36472569
128	0.31659456
129	0.33882516
130	0.27225114
131	0.31082399
132	0.28178941
133	0.29585698
134	0.27311230
135	0.23376027
136	0.25120459
137	0.35540824
138	0.22413015
139	0.35242646
140	0.31999663
141	0.27372873
142	0.19908332
143	0.32813868
144	0.29315889
145	0.32866794
146	0.20663433
147	0.30835069
148	0.29744407
149	0.35699805
150	0.21279245
151	0.28056895
152	0.28266883
153	0.31540848
154	0.30350714
155	0.30155726
156	0.25015037
157	0.30217224
158	0.30710398
159	0.33074748
160	0.25291741
161	0.32243125
162	0.27455284
163	0.26245666
164	0.22798596
165	0.22580288
166	0.18529067
167	0.33440495
168	0.28294919
169	0.18601173
170	0.24503734
171	0.21864878
172	0.22503860
173	0.21718340
174	0.21659395
175	0.28596940
176	0.17393519
177	0.32827934
178	0.19843912
179	0.30756351
180	0.25585580
181	0.35141640
182	0.36591631
183	0.24803052
184	0.32244708
185	0.29678973
186	0.28065856
187	0.28654870
188	0.19058401
189	0.22622147
190	0.23100564
191	0.16760641
192	0.27395588
193	0.19130418
194	0.21712009
195	0.28252009
196	0.18401270
197	0.22051108
198	0.31704237
199	0.21419338
200	0.34396278
201	0.31305637
202	0.24685256
203	0.22559899
204	0.33426266
205	0.22742423
206	0.24364976
207	0.30955804
208	0.27971834
209	0.27373762
210	0.29070946
211	0.21606928
212	0.27725312
213	0.28369635
214	0.25184050
215	0.26211307
216	0.21528506
217	0.25840353
218	0.17848149
219	0.33163032
220	0.27839160
221	0.25555446
222	0.30680990
223	0.29123133
224	0.24689095
225	0.31329501
226	0.25891550
227	0.31588498
228	0.19654416
229	0.19080726
230	0.23625028
231	0.25280690
232	0.34313701
233	0.28447983
234	0.28574550
235	0.24626205
236	0.34550008
237	0.29966185
238	0.34125568
239	0.30049006
240	0.23351473
241	0.27185150
242	0.33377638
243	0.31262557
244	0.26373823
245	0.30755552
246	0.29619034
247	0.17541420
248	0.25605410
249	0.25505946
250	0.21364894
251	0.21705024
252	0.35451441
253	0.22860698
254	0.26618369
255	0.21968003
256	0.24697330
257	0.24602731
258	0.24217330
259	0.20685856
260	0.24548442
261	0.26946810
262	0.21629014
263	0.23466830
264	0.32471498
265	0.23074383
266	0.21065828
267	0.22628149
268	0.30937792
269	0.20820645
270	0.25441997
271	0.25038628
272	0.25067248
273	0.18994395
274	0.29291075
275	0.23897792
276	0.25351985
277	0.34224079
278	0.26062784
279	0.31063381
280	0.30100410
281	0.23324314
282	0.22614537
283	0.21307537
284	0.28794716
285	0.26902821
286	0.31245852
287	0.26676676
288	0.24992102
289	0.25004541
290	0.25558044
291	0.25579874
292	0.19263811
293	0.29289493
294	0.33412691
295	0.24904594
296	0.20310564
297	0.29632516
298	0.21642455
299	0.21498669
300	0.21849330
301	0.16726258
302	0.25713101
303	0.22872800
304	0.27825191
305	0.22164306
306	0.24931810
307	0.23058129
308	0.27515008
309	0.16873421
310	0.28033064
311	0.23974501
312	0.20835617
313	0.24903186
314	0.27806011
315	0.21252630
316	0.28812439
317	0.24199817
318	0.17742675
319	0.27204732
320	0.26517139
321	0.30448178
322	0.26037784
323	0.21750597
324	0.24706656
325	0.23134740
326	0.17299683
327	0.21169505
328	0.22269558
329	0.16564440
330	0.18075215
331	0.18710832
332	0.21834525
333	0.16812135
334	0.23989355
335	0.28297626
336	0.19362346
337	0.27873133
338	0.21931571
339	0.28931814
340	0.20482098
341	0.27446128
342	0.23511055
343	0.22904476
344	0.19605434
345	0.25429290
346	0.20240191
347	0.23776944
348	0.20287561
349	0.22893429
350	0.23116964
351	0.15714261
352	0.24633892
353	0.22871806
354	0.22923701
355	0.28909071
356	0.20714148
357	0.22394501
358	0.22054493
359	0.22182183
360	0.19632309
361	0.27882179
362	0.19469383
363	0.23616485
364	0.24562666
365	0.23492873
366	0.18456084
367	0.31964225
368	0.26690455
369	0.20804351
370	0.22567330
371	0.20295118
372	0.22063973
373	0.18741843
374	0.19581287
375	0.18002800
376	0.23988685
377	0.27332439
378	0.17537423
379	0.28267999
380	0.18318754
381	0.30714838
382	0.20157902
383	0.17906441
384	0.18920321
385	0.23490597
386	0.18522593
387	0.23125264
388	0.18790138
389	0.24546339
390	0.27982240
391	0.24607468
392	0.24833880
393	0.17710584
394	0.22155130
395	0.24469817
396	0.24498474
397	0.26168823
398	0.28323332
399	0.16801818
400	0.18897601
401	0.20287390
402	0.17985601
403	0.14906457
404	0.20622601
405	0.17884870
406	0.25892670
407	0.14513778
408	0.22893795
409	0.29148896
410	0.28169014
411	0.28511510
412	0.19798157
413	0.22168620
414	0.16471234
415	0.26376193
416	0.32392192
417	0.25253421
418	0.16821599
419	0.26869355
420	0.21490187
421	0.31014517
422	0.21729249
423	0.19924420
424	0.20961567
425	0.20674115
426	0.18351067
427	0.22705138
428	0.20846420
429	0.27099647
430	0.23050455
431	0.19356295
432	0.22896311
433	0.26295227
434	0.26377013
435	0.15469890
436	0.21983251
437	0.21782362
438	0.24557289
439	0.23585195
440	0.18685698
441	0.24071177
442	0.21993304
443	0.20472695
444	0.17236794
445	0.26916189
446	0.19321660
447	0.24698076
448	0.16659688
449	0.20396461
450	0.22544391
451	0.21240093
452	0.20813101
453	0.16701124
454	0.18645929
455	0.22102926
456	0.30077679
457	0.20489809
458	0.25580329
459	0.22930706
460	0.19196834
461	0.24353856
462	0.20954379
463	0.14542033
464	0.27817634
465	0.17929659
466	0.24075248
467	0.21600146
468	0.23313941
469	0.15049627
470	0.17388713
471	0.25513782
472	0.22708624
473	0.21139724
474	0.21412922
475	0.24321522
476	0.23782873
477	0.17571725
478	0.26219168
479	0.22533336
480	0.19821140
481	0.20045832
482	0.23867159
483	0.25363851
484	0.18904371
485	0.21955816
486	0.21063149
487	0.23281530
488	0.20384752
489	0.17188214
490	0.15959050
491	0.23029152
492	0.23814688
493	0.18157995
494	0.20240308
495	0.23773636
496	0.22115791
497	0.17339456
498	0.22061392
499	0.20962090
500	0.19218442
501	0.19970588
502	0.21036997
503	0.24774403
504	0.26753908
505	0.21282756
506	0.20992066
507	0.15283239
508	0.15011603
509	0.18582050
510	0.20181161
511	0.19385085
512	0.19433571
513	0.19239850
514	0.18751315
515	0.21816859
516	0.15371976
517	0.18701522
518	0.19039935
519	0.21808685
520	0.24771002
521	0.22869761
522	0.21625714
523	0.19203121
524	0.26961323
525	0.18155974
526	0.21775146
527	0.23772135
528	0.16402086
529	0.18347005
530	0.24479314
531	0.24723685
532	0.26091595
533	0.19752837
534	0.24350138
535	0.27504748
536	0.13228129
537	0.23503381
538	0.22949781
539	0.22681534
540	0.16456993
541	0.28302220
542	0.21592626
543	0.24608989
544	0.17122504
545	0.14438170
546	0.15288405
547	0.19252601
548	0.19340166
549	0.12519468
550	0.27516319
551	0.26346287
552	0.20803584
553	0.19227987
554	0.15655304
555	0.19881392
556	0.15002926
557	0.17710998
558	0.22519505
559	0.23949241
560	0.22337853
561	0.16528584
562	0.15076522
563	0.21776376
564	0.19876169
565	0.20681108
566	0.18641080
567	0.17608218
568	0.22979014
569	0.16400597
570	0.23608884
571	0.18319598
572	0.17016226
573	0.23942216
574	0.18470645
575	0.16628636
576	0.17357386
577	0.19946558
578	0.20984529
579	0.17872922
580	0.18218279
581	0.28448973
582	0.21111213
583	0.22162776
584	0.15294432
585	0.20356437
586	0.18763746
587	0.20601534
588	0.22191364
589	0.19607082
590	0.23164943
591	0.20743036
592	0.16835873
593	0.21770982
594	0.22427212
595	0.17600170
596	0.19175641
597	0.22215491
598	0.23020398
599	0.21302841
600	0.19575966
601	0.22690990
602	0.16849221
603	0.22174472
604	0.12684972
605	0.17882585
606	0.16397906
607	0.25443628
608	0.23494087
609	0.18923162
610	0.24013571
611	0.16479566
612	0.10389343
613	0.19377512
614	0.16341144
615	0.17079521
616	0.25096494
617	0.18957886
618	0.24761830
619	0.24554448
620	0.20093182
621	0.16957991
622	0.17186498
623	0.17503657
624	0.27404842
625	0.23567833
626	0.20363405
627	0.16137106
628	0.25622520
629	0.20016778
630	0.24961473
631	0.21126059
632	0.17472301
633	0.17481810
634	0.19597683
635	0.15277675
636	0.17919136
637	0.20808770
638	0.23544062
639	0.24643324
640	0.23464988
641	0.25064789
642	0.20978454
643	0.19753563
644	0.20453157
645	0.18889205
646	0.19351218
647	0.23135694
648	0.14437147
649	0.17566287
650	0.18839460
651	0.20378580
652	0.14934797
653	0.20280037
654	0.16105605
655	0.20846972
656	0.18902614
657	0.24919310
658	0.19321684
659	0.17669152
660	0.18641043
661	0.15712946
662	0.20149773
663	0.16795893
664	0.19455414
665	0.18870410
666	0.21440507
667	0.21942597
668	0.18795345
669	0.19363482
670	0.13961652
671	0.16694562
672	0.17624440
673	0.20459209
674	0.21548592
675	0.21501181
676	0.18124269
677	0.13301587
678	0.20459192
679	0.21300049
680	0.20149586
681	0.17201489
682	0.24804395
683	0.20297151
684	0.15594712
685	0.21333437
686	0.22400877
687	0.22041238
688	0.23514440
689	0.21064497
690	0.18333409
691	0.20640568
692	0.15150069
693	0.17710698
694	0.18281494
695	0.21627228
696	0.18747995
697	0.18508977
698	0.16703210
699	0.18520804
700	0.16692123
701	0.17115540
702	0.15219582
703	0.19916477
704	0.17220365
705	0.23324773
706	0.17714517
707	0.19717309
708	0.21151960
709	0.22951461
710	0.17388713
711	0.21514712
712	0.18754627
713	0.23805101
714	0.20719054
715	0.15022784
716	0.20011230
717	0.15636534
718	0.25090288
719	0.22907914
720	0.20319010
721	0.12455479
722	0.25058701
723	0.24294744
724	0.19818592
725	0.24965743
726	0.23399091
727	0.12762569
728	0.25518953
729	0.18957443
730	0.19830881
731	0.14198819
732	0.18961218
733	0.22085836
734	0.19651721
735	0.18160966
736	0.17645597
737	0.16939501
738	0.15909111
739	0.20483048
740	0.19947362
741	0.21272934
742	0.16902516
743	0.20546311
744	0.14708864
745	0.18273527
746	0.16769838
747	0.20943713
748	0.20534180
749	0.19937573
750	0.17357991
751	0.24453868
752	0.15205946
753	0.19301956
754	0.16035682
755	0.13710402
756	0.21805499
757	0.17950548
758	0.21472825
759	0.15206774
760	0.14624554
761	0.14321631
762	0.15180394
763	0.21064838
764	0.20688369
765	0.17298681
766	0.16730698
767	0.15269683
768	0.22472001
769	0.22619152
770	0.18863705
771	0.18816063
772	0.17425942
773	0.15755844
774	0.16857999
775	0.13706278
776	0.22225933
777	0.17579375
778	0.15579436
779	0.19356404
780	0.18489955
781	0.17660633
782	0.22425601
783	0.21452338
784	0.20408283
785	0.18186989
786	0.10939509
787	0.17204903
788	0.23068632
789	0.17459371
790	0.16184306
791	0.17066688
792	0.15556311
793	0.27207224
794	0.16422435
795	0.19442463
796	0.25486364
797	0.18135775
798	0.17014278
799	0.17434387
800	0.15979663
801	0.16653860
802	0.13622370
803	0.19973141
804	0.20364659
805	0.16623251
806	0.15793129
807	0.23162334
808	0.20831112
809	0.20928088
810	0.14920345
811	0.20360211
812	0.18707261
813	0.16301165
814	0.16252658
815	0.18555284
816	0.17685507
817	0.18798239
818	0.17794931
819	0.22321838
820	0.24650706
821	0.17834813
822	0.19297853
823	0.17747139
824	0.22158839
825	0.19455272
826	0.19734541
827	0.18486209
828	0.16609265
829	0.14611201
830	0.15587508
831	0.15956664
832	0.16625085
833	0.15433279
834	0.18116733
835	0.12010832
836	0.23939724
837	0.13769541
838	0.18619205
839	0.16030138
840	0.19851603
841	0.17922463
842	0.12425966
843	0.20581583
844	0.17511108
845	0.21846506
846	0.17256465
847	0.18919083
848	0.16204830
849	0.15112492
850	0.21850795
851	0.12386006
852	0.17413389
853	0.13776132
854	0.16778632
855	0.14137041
856	0.18804229
857	0.12628332
858	0.17482078
859	0.17953839
860	0.21339383
861	0.20686672
862	0.17607354
863	0.22341116
864	0.19083498
865	0.15054712
866	0.18025840
867	0.15199606
868	0.21741408
869	0.14367971
870	0.15843336
871	0.16089026
872	0.18031948
873	0.20883758
874	0.20092033
875	0.17977261
876	0.18151514
877	0.20554509
878	0.21796644
879	0.13924468
880	0.17586063
881	0.18226177
882	0.15580219
883	0.16406737
884	0.15029298
885	0.19463454
886	0.21503186
887	0.18285933
888	0.23591396
889	0.20006611
890	0.18051437
891	0.18597305
892	0.20043478
893	0.16325942
894	0.18376753
895	0.21124955
896	0.19766611
897	0.16597005
898	0.14202545
899	0.15045142
900	0.18725252
901	0.15820901
902	0.22691997
903	0.18014598
904	0.20728283
905	0.16755073
906	0.13107959
907	0.20710946
908	0.17233308
909	0.25251522
910	0.16862999
911	0.18907589
912	0.19142374
913	0.20165690
914	0.21463032
915	0.11706705
916	0.13610118
917	0.17871425
918	0.21561035
919	0.18512390
920	0.19598028
921	0.13734643
922	0.13778381
923	0.12631640
924	0.15846498
925	0.19084984
926	0.18332476
927	0.17620487
928	0.11516656
929	0.20753762
930	0.15111688
931	0.21899213
932	0.18691449
933	0.18505223
934	0.15565308
935	0.18595248
936	0.15088011
937	0.15851185
938	0.18647200
939	0.21380032
940	0.21791023
941	0.24477496
942	0.16025917
943	0.15828965
944	0.15448198
945	0.17266851
946	0.19614911
947	0.11424582
948	0.18349651
949	0.15543105
950	0.13633332
951	0.13805106
952	0.18195434
953	0.16983470
954	0.16196031
955	0.15368271
956	0.20218231
957	0.14549996
958	0.21301985
959	0.18868843
960	0.14147005
961	0.16450544
962	0.20571307
963	0.18406664
964	0.18617752
965	0.14826396
966	0.16230791
967	0.20540662
968	0.18842394
969	0.13124878
970	0.19520442
971	0.12965471
972	0.20649330
973	0.18046774
974	0.18484119
975	0.22493405
976	0.17143194
977	0.18103360
978	0.18009744
979	0.19108567
980	0.15823531
981	0.23108742
982	0.13040450
983	0.15504817
984	0.18344602
985	0.20925187
986	0.19874363
987	0.17605597
988	0.15380966
989	0.22041282
990	0.18270008
991	0.16679014
992	0.24321238
993	0.17367058
994	0.18673267
995	0.13310824
996	0.16582281
997	0.15070731
998	0.20939326
999	0.21461100
1000	0.16539704
1001	0.19070519
1002	0.20003575
1003	0.15933689
1004	0.14636688
1005	0.12584083
1006	0.15778068
1007	0.14625974
1008	0.14140345
1009	0.14928823
1010	0.19250759
1011	0.21418856
1012	0.15981473
1013	0.20606615
1014	0.19121696
1015	0.14527577
1016	0.18003791
1017	0.14497354
1018	0.18270722
1019	0.20735828
1020	0.13980873
1021	0.11545743
1022	0.16511226
1023	0.13486124
1024	0.13070150
1025	0.15425763
1026	0.17762942
1027	0.14785450
1028	0.16707131
1029	0.13745000
1030	0.19173474
1031	0.18274192
1032	0.23003474
1033	0.15291084
1034	0.17052922
1035	0.17293685
1036	0.15279115
1037	0.12422670
1038	0.11843324
1039	0.13529213
1040	0.16880191
1041	0.12575300
1042	0.13382212
1043	0.13400913
1044	0.17916299
1045	0.17071433
1046	0.19669282
1047	0.13332670
1048	0.15326262
1049	0.21387074
1050	0.18520357
1051	0.14728730
1052	0.17381039
1053	0.16943600
1054	0.17267256
1055	0.14640759
1056	0.14791700
1057	0.18740106
1058	0.23462597
1059	0.11804651
1060	0.14195345
1061	0.16894225
1062	0.15225990
1063	0.10906323
1064	0.17114683
1065	0.11212861
1066	0.20649221
1067	0.18341737
1068	0.15137910
1069	0.18056879
1070	0.17300110
1071	0.19141088
1072	0.17867378
1073	0.12691433
1074	0.17819387
1075	0.17429302
1076	0.17304761
1077	0.17174156
1078	0.21151218
1079	0.15328482
1080	0.17566433
1081	0.14041169
1082	0.16761899
1083	0.15088636
1084	0.19128125
1085	0.12564675
1086	0.15422001
1087	0.16828080
1088	0.15362695
1089	0.20712366
1090	0.16673389
1091	0.18001826
1092	0.14635215
1093	0.16377159
1094	0.12853462
1095	0.15191875
1096	0.15277683
1097	0.16365325
1098	0.10523129
1099	0.18796757
1100	0.18760552
1101	0.18566672
1102	0.15313433
1103	0.19380341
1104	0.11730187
1105	0.19456112
1106	0.21476408
1107	0.15829062
1108	0.14909002
1109	0.13247305
1110	0.17781360
1111	0.22319825
1112	0.15873701
1113	0.12533551
1114	0.19471400
1115	0.14972963
1116	0.15319830
1117	0.20446631
1118	0.16269257
1119	0.15810434
1120	0.25888677
1121	0.15870722
1122	0.18542252
1123	0.14764188
1124	0.14477857
1125	0.17229582
1126	0.14400759
1127	0.16430783
1128	0.13082719
1129	0.21427869
1130	0.12025856
1131	0.19122711
1132	0.15277691
1133	0.15147638
1134	0.13639781
1135	0.15241672
1136	0.11370901
1137	0.15855702
1138	0.14451526
1139	0.16629505
1140	0.16020028
1141	0.20158908
1142	0.12297881
1143	0.16274639
1144	0.16324192
1145	0.18715913
1146	0.19397232
1147	0.15758429
1148	0.15275345
1149	0.16808405
1150	0.10956786
1151	0.18352455
1152	0.16363373
1153	0.20503007
1154	0.12931891
1155	0.18596843
1156	0.19849659
1157	0.14898137
1158	0.15620138
1159	0.21586863
1160	0.19890994
1161	0.15302573
1162	0.22110617
1163	0.14978271
1164	0.23716960
1165	0.16670106
1166	0.19032313
1167	0.15417788
1168	0.14653896
1169	0.19553109
1170	0.15156303
1171	0.15547431
1172	0.15480252
1173	0.21715386
1174	0.13531960
1175	0.13338076
1176	0.19009907
1177	0.15205787
1178	0.13039083
1179	0.13491043
1180	0.13233283
1181	0.16624026
1182	0.13101035
1183	0.16998153
1184	0.18006218
1185	0.12812078
1186	0.19429659
1187	0.12845106
1188	0.13418320
1189	0.17403231
1190	0.14558896
1191	0.14210381
1192	0.14239570
1193	0.14965183
1194	0.18829793
1195	0.15283117
1196	0.12873494
1197	0.19250430
1198	0.15418393
1199	0.15294562
1200	0.16415101
1201	0.16429777
1202	0.18972135
1203	0.14228961
1204	0.16123937
1205	0.17025434
1206	0.18185434
1207	0.15918953
1208	0.10043896
1209	0.15934371
1210	0.18986652
1211	0.17474976
1212	0.17401887
1213	0.16106465
1214	0.15406692
1215	0.14862731
1216	0.16310479
1217	0.19316587
1218	0.12982054
1219	0.18867078
1220	0.17525909
1221	0.24684294
1222	0.17063442
1223	0.15500191
1224	0.12871956
1225	0.16211538
1226	0.17977366
1227	0.18181571
1228	0.18755422
1229	0.14789558
1230	0.17480824
1231	0.17913369
1232	0.15234416
1233	0.10828482
1234	0.22854968
1235	0.19890503
1236	0.17903076
1237	0.16683543
1238	0.20716457
1239	0.14810921
1240	0.16927163
1241	0.15104773
1242	0.17055662
1243	0.16149769
1244	0.15014002
1245	0.15604261
1246	0.13061368
1247	0.17056757
1248	0.12617187
1249	0.14146664
1250	0.18747155
1251	0.10729188
1252	0.13829988
1253	0.15589525
1254	0.17738726
1255	0.14809403
1256	0.17069525
1257	0.16035982
1258	0.12994813
1259	0.09658628
1260	0.19993868
1261	0.20795966
1262	0.25340925
1263	0.15841136
1264	0.13612703
1265	0.18488312
1266	0.13679716
1267	0.11910759
1268	0.14817979
1269	0.16314379
1270	0.17640410
1271	0.14744963
1272	0.17753628
1273	0.16701335
1274	0.13133632
1275	0.19012508
1276	0.16840248
1277	0.17616940
1278	0.09467058
1279	0.19460126
1280	0.14357399
1281	0.14124075
1282	0.15128567
1283	0.23499797
1284	0.11400410
1285	0.18740824
1286	0.11314310
1287	0.17511055
1288	0.15692679
1289	0.14760808
1290	0.13282431
1291	0.21040844
1292	0.15834610
1293	0.15398417
1294	0.15162005
1295	0.17932638
1296	0.20331416
1297	0.15137443
1298	0.16905860
1299	0.16119436
1300	0.14847293
1301	0.19737200
1302	0.15177094
1303	0.14953235
1304	0.16248239
1305	0.14385402
1306	0.15647825
1307	0.11668539
1308	0.17182987
1309	0.11890917
1310	0.15139334
1311	0.12486453
1312	0.11176254
1313	0.09248080
1314	0.13914631
1315	0.13405698
1316	0.17881307
1317	0.15367914
1318	0.16521912
1319	0.13149761
1320	0.16794497
1321	0.15433088
1322	0.13121627
1323	0.15634606
1324	0.16036538
1325	0.12981696
1326	0.10147959
1327	0.16923945
1328	0.11443827
1329	0.13816534
1330	0.16103827
1331	0.14049696
1332	0.13988088
1333	0.10534314
1334	0.15959521
1335	0.15820077
1336	0.14053454
1337	0.14778356
1338	0.21608912
1339	0.18323174
1340	0.14392516
1341	0.15133624
1342	0.19253259
1343	0.14583620
1344	0.13781274
1345	0.15866879
1346	0.14779627
1347	0.15743157
1348	0.19659505
1349	0.12986396
1350	0.19927147
1351	0.14273218
1352	0.11757390
1353	0.16781360
1354	0.12023701
1355	0.20244943
1356	0.11467788
1357	0.19098539
1358	0.16911274
1359	0.16338977
1360	0.20717492
1361	0.14514959
1362	0.15220089
1363	0.14910536
1364	0.17200426
1365	0.09102119
1366	0.17959627
1367	0.19035698
1368	0.12876465
1369	0.17695450
1370	0.15381692
1371	0.11452123
1372	0.15459667
1373	0.13032744
1374	0.14378032
1375	0.10998523
1376	0.11268994
1377	0.14091619
1378	0.16644282
1379	0.17844152
1380	0.14915763
1381	0.14929700
1382	0.18374338
1383	0.18255698
1384	0.14335816
1385	0.21503141
1386	0.15793133
1387	0.09359769
1388	0.14350081
1389	0.14504521
1390	0.14717212
1391	0.11860970
1392	0.16376757
1393	0.13914322
1394	0.12832764
1395	0.11865158
1396	0.16887654
1397	0.21128166
1398	0.12976879
1399	0.16425544
1400	0.12480572
1401	0.12354087
1402	0.19823259
1403	0.18601859
1404	0.11863369
1405	0.15392127
1406	0.14268320
1407	0.12079732
1408	0.15543125
1409	0.14558186
1410	0.09079509
1411	0.18443831
1412	0.15471859
1413	0.14851948
1414	0.15321538
1415	0.10367102
1416	0.15915625
1417	0.09270881
1418	0.17978458
1419	0.17771733
1420	0.16205260
1421	0.09255779
1422	0.13807979
1423	0.18626015
1424	0.12370739
1425	0.15889517
1426	0.14402601
1427	0.11620532
1428	0.10569777
1429	0.17852500
1430	0.17705065
1431	0.15094825
1432	0.12633742
1433	0.14573851
1434	0.14377204
1435	0.14466335
1436	0.10709460
1437	0.19847106
1438	0.13897443
1439	0.19873531
1440	0.18158807
1441	0.15552252
1442	0.13489659
1443	0.11363709
1444	0.15682488
1445	0.18355731
1446	0.14195041
1447	0.14845958
1448	0.14325560
1449	0.13916437
1450	0.18881165
1451	0.17285938
1452	0.16738308
1453	0.15756189
1454	0.18015333
1455	0.17047784
1456	0.11549274
1457	0.14129899
1458	0.13966473
1459	0.13985722
1460	0.11307098
1461	0.17709192
1462	0.14600791
1463	0.11292037
1464	0.16757541
1465	0.12688360
1466	0.16433649
1467	0.18494156
1468	0.12875463
1469	0.17998105
1470	0.13086985
1471	0.17671274
1472	0.15115406
1473	0.19203401
1474	0.14880593
1475	0.10960235
1476	0.15906282
1477	0.14214290
1478	0.12609062
1479	0.18357256
1480	0.12165337
1481	0.17530552
1482	0.14455442
1483	0.18338015
1484	0.14694716
1485	0.19154529
1486	0.15991680
1487	0.15481343
1488	0.12757691
1489	0.12651201
1490	0.14644793
1491	0.13754614
1492	0.16526907
1493	0.17805325
1494	0.13461899
1495	0.09986112
1496	0.14056907
1497	0.21545605
1498	0.14778892
1499	0.13435296
1500	0.14149683
1501	0.12190475
1502	0.18688555
1503	0.17586603
1504	0.17143052
1505	0.14103953
1506	0.12702301
1507	0.18764428
1508	0.15815836
1509	0.14078649
1510	0.13428843
1511	0.21248851
1512	0.12262350
1513	0.15754225
1514	0.09343454
1515	0.20410950
1516	0.15870722
1517	0.15328843
1518	0.11142601
1519	0.15179712
1520	0.13101388
1521	0.14826299
1522	0.14546656
1523	0.21539436
1524	0.19654801
1525	0.12515418
1526	0.16090649
1527	0.17954574
1528	0.16777817
1529	0.18235714
1530	0.23098429
1531	0.15393787
1532	0.17014846
1533	0.20046981
1534	0.09308011
1535	0.13574846
1536	0.15506692
1537	0.16878174
1538	0.16766696
1539	0.14905897
1540	0.14829123
1541	0.14443766
1542	0.16132780
1543	0.18585191
1544	0.14374213
1545	0.13784756
1546	0.18253028
1547	0.10079180
1548	0.13628446
1549	0.09656562
1550	0.15261258
1551	0.14213856
1552	0.17658389
1553	0.20030593
1554	0.09092833
1555	0.16104083
1556	0.18207890
1557	0.18737119
1558	0.11733003
1559	0.14598653
1560	0.13500511
1561	0.13860219
1562	0.17439667
1563	0.14485122
1564	0.12542585
1565	0.12492041
1566	0.12518693
1567	0.15175503
1568	0.15173373
1569	0.14711425
1570	0.14421429
1571	0.14586343
1572	0.15779769
1573	0.17963316
1574	0.15178032
1575	0.15452865
1576	0.16175747
1577	0.11235986
1578	0.20012727
1579	0.12790933
1580	0.15974834
1581	0.13391607
1582	0.14125146
1583	0.12427094
1584	0.14316120
1585	0.16346181
1586	0.09890670
1587	0.17391798
1588	0.16410528
1589	0.15505710
1590	0.13145597
1591	0.16446802
1592	0.16012837
1593	0.19934679
1594	0.16117301
1595	0.19568377
1596	0.13624229
1597	0.13704777
1598	0.15354249
1599	0.13698088
1600	0.14939679
1601	0.15849736
1602	0.14622273
1603	0.15188474
1604	0.13729505
1605	0.17836489
1606	0.13829797
1607	0.18975584
1608	0.11892305
1609	0.10230057
1610	0.13501794
1611	0.14162666
1612	0.17299176
1613	0.13004058
1614	0.17182317
1615	0.19393186
1616	0.16755580
1617	0.11669460
1618	0.12460491
1619	0.16989805
1620	0.13382699
1621	0.14047236
1622	0.15982573
1623	0.13265166
1624	0.14058669
1625	0.16340998
1626	0.14502273
1627	0.14950629
1628	0.13998973
1629	0.18056587
1630	0.15665244
1631	0.14706899
1632	0.16842293
1633	0.09776161
1634	0.15667187
1635	0.16485049
1636	0.14576035
1637	0.14578243
1638	0.16973109
1639	0.13983807
1640	0.13269107
1641	0.15665536
1642	0.14540662
1643	0.14916230
1644	0.15496449
1645	0.12600856
1646	0.14577366
1647	0.12482549
1648	0.17268332
1649	0.15476591
1650	0.16785292
1651	0.14293097
1652	0.09409119
1653	0.13424407
1654	0.15430621
1655	0.18111684
1656	0.14229217
1657	0.16063567
1658	0.12921802
1659	0.15365146
1660	0.12054099
1661	0.14647240
1662	0.11492739
1663	0.17371372
1664	0.11354091
1665	0.18369249
1666	0.14382829
1667	0.13733251
1668	0.10755832
1669	0.19605499
1670	0.13043823
1671	0.14448312
1672	0.11447240
1673	0.13534205
1674	0.18282131
1675	0.11785300
1676	0.14375069
1677	0.15734148
1678	0.16943352
1679	0.12347861
1680	0.15380288
1681	0.19199558
1682	0.16582500
1683	0.18648839
1684	0.18320000
1685	0.13541339
1686	0.14161554
1687	0.18614265
1688	0.14645122
1689	0.13896924
1690	0.09824026
1691	0.20985970
1692	0.13073360
1693	0.14224756
1694	0.14982508
1695	0.10540649
1696	0.15322492
1697	0.13220406
1698	0.09882419
1699	0.14125264
1700	0.16005662
1701	0.14045442
1702	0.13436351
1703	0.13648312
1704	0.14070166
1705	0.15265308
1706	0.12316136
1707	0.15789809
1708	0.16769468
1709	0.14777817
1710	0.13785840
1711	0.19233024
1712	0.16068945
1713	0.14952585
1714	0.13400678
1715	0.16777573
1716	0.15104931
1717	0.14307289
1718	0.09076319
1719	0.12323835
1720	0.13034383
1721	0.17484647
1722	0.15896075
1723	0.14537666
1724	0.12653681
1725	0.15613198
1726	0.12283295
1727	0.08939582
1728	0.16392561
1729	0.14909789
1730	0.16052338
1731	0.10907581
1732	0.12662232
1733	0.16256721
1734	0.15626002
1735	0.15019590
1736	0.10942313
1737	0.11096469
1738	0.11872135
1739	0.14961266
1740	0.16860248
1741	0.13574407
1742	0.14803912
1743	0.10490576
1744	0.16035097
1745	0.16693636
1746	0.17278726
1747	0.12461465
1748	0.15027155
1749	0.14856084
1750	0.11264866
1751	0.13147127
1752	0.13540641
1753	0.17400791
1754	0.16832792
1755	0.17891794
1756	0.14866648
1757	0.16170333
1758	0.19370767
1759	0.14091291
1760	0.16638409
1761	0.13792950
1762	0.11096181
1763	0.17347541
1764	0.16198718
1765	0.13759643
1766	0.18661993
1767	0.13173458
1768	0.12192119
1769	0.15855377
1770	0.12240998
1771	0.17145325
1772	0.12541075
1773	0.12131441
1774	0.12846847
1775	0.16606587
1776	0.09507500
1777	0.15723093
1778	0.11261031
1779	0.17281753
1780	0.11449801
1781	0.12765110
1782	0.13061554
1783	0.17713823
1784	0.13207171
1785	0.12270325
1786	0.12086587
1787	0.14795540
1788	0.14899765
1789	0.10489590
1790	0.12832946
1791	0.12961071
1792	0.15221696
1793	0.13703364
1794	0.12415881
1795	0.13802995
1796	0.15000653
1797	0.15900459
1798	0.15284391
1799	0.18097265
1800	0.16770183
1801	0.15766721
1802	0.08996230
1803	0.12502447
1804	0.07580122
1805	0.19481976
1806	0.13076826
1807	0.14102792
1808	0.17425767
1809	0.10729416
1810	0.10590414
1811	0.13025377
1812	0.09234391
1813	0.15590394
1814	0.15105881
1815	0.11316769
1816	0.11942196
1817	0.14847541
1818	0.12510134
1819	0.13223129
1820	0.15838332
1821	0.14295633
1822	0.11670455
1823	0.11893998
1824	0.09882946
1825	0.10236282
1826	0.16151985
1827	0.15406814
1828	0.14032610
1829	0.08954302
1830	0.17604371
1831	0.15580390
1832	0.19741396
1833	0.12653214
1834	0.17276376
1835	0.11839554
1836	0.12966591
1837	0.14532078
1838	0.13503827
1839	0.14074578
1840	0.10313263
1841	0.18583336
1842	0.16920678
1843	0.12296960
1844	0.10892330
1845	0.13168056
1846	0.17551108
1847	0.12524765
1848	0.13971384
1849	0.15255860
1850	0.10030726
1851	0.14698685
1852	0.12948734
1853	0.17671522
1854	0.11911465
1855	0.11960751
1856	0.11298429
1857	0.09896388
1858	0.12893547
1859	0.16777618
1860	0.13201205
1861	0.14376567
1862	0.17697175
1863	0.14201725
1864	0.10141567
1865	0.12019209
1866	0.18732833
1867	0.10136027
1868	0.14249874
1869	0.08435162
1870	0.17066656
1871	0.14000300
1872	0.13091157
1873	0.17166737
1874	0.11546810
1875	0.12454838
1876	0.15082463
1877	0.14833275
1878	0.14472033
1879	0.16205706
1880	0.12916323
1881	0.12650998
1882	0.14731838
1883	0.14639436
1884	0.12436810
1885	0.14201282
1886	0.12436603
1887	0.08824217
1888	0.11956952
1889	0.11154870
1890	0.15681218
1891	0.15053214
1892	0.09932240
1893	0.18126368
1894	0.12717187
1895	0.14564205
1896	0.13764821
1897	0.13966047
1898	0.15195568
1899	0.12027719
1900	0.15664395
1901	0.14206234
1902	0.13105175
1903	0.18409748
1904	0.12789631
1905	0.14241067
1906	0.11231851
1907	0.12086928
1908	0.13412054
1909	0.16853746
1910	0.17492358
1911	0.16120893
1912	0.13297719
1913	0.19988851
1914	0.18857175
1915	0.14930491
1916	0.14172520
1917	0.11501920
1918	0.16131084
1919	0.16355840
1920	0.18856250
1921	0.09409809
1922	0.17965110
1923	0.14743178
1924	0.17754619
1925	0.13580073
1926	0.16968799
1927	0.10852399
1928	0.11091989
1929	0.18061185
1930	0.16086039
1931	0.12273539
1932	0.16574521
1933	0.15882650
1934	0.12817114
1935	0.18020215
1936	0.14782204
1937	0.11071518
1938	0.11352796
1939	0.11521002
1940	0.11463697
1941	0.13532325
1942	0.15766725
1943	0.16035268
1944	0.16513904
1945	0.10443709
1946	0.17364919
1947	0.17621209
1948	0.14738145
1949	0.13890211
1950	0.14755191
1951	0.17401912
1952	0.13958437
1953	0.15939428
1954	0.16482679
1955	0.13258799
1956	0.11297025
1957	0.13204091
1958	0.12541863
1959	0.12176356
1960	0.11971721
1961	0.14720321
1962	0.08357731
1963	0.17806944
1964	0.18681445
1965	0.11450739
1966	0.12947325
1967	0.14570787
1968	0.14533527
1969	0.11109002
1970	0.12535726
1971	0.13526506
1972	0.14078969
1973	0.15625312
1974	0.10932362
1975	0.17607244
1976	0.15264830
1977	0.12591721
1978	0.12492581
1979	0.09026546
1980	0.11622350
1981	0.21034347
1982	0.16877849
1983	0.13014038
1984	0.12622480
1985	0.16117005
1986	0.11910162
1987	0.16097399
1988	0.14315641
1989	0.14141648
1990	0.15900231
1991	0.12192342
1992	0.08669631
1993	0.14037500
1994	0.15173486
1995	0.09204221
1996	0.12291721
1997	0.09692256
1998	0.15953949
1999	0.16616660
2000	0.11430905
2001	0.12251433
2002	0.11235142
2003	0.12825645
2004	0.14820877
2005	0.15342630
2006	0.14884164
2007	0.10665755
2008	0.10809736
2009	0.14691132
2010	0.11797804
2011	0.14514310
2012	0.15171238
2013	0.12595406
2014	0.15871075
2015	0.11779968
2016	0.12546360
2017	0.10722058
2018	0.14908738
2019	0.15038064
2020	0.11520893
2021	0.14484919
2022	0.14452585
2023	0.11210333
2024	0.12185122
2025	0.13568575
2026	0.17566899
2027	0.10213754
2028	0.14920917
2029	0.13821420
2030	0.17747447
2031	0.14049306
2032	0.16323575
2033	0.19882626
2034	0.12973291
2035	0.10857480
2036	0.12974387
2037	0.13713819
2038	0.15390337
2039	0.13016851
2040	0.11123369
2041	0.11001315
2042	0.10798718
2043	0.16135771
2044	0.11932443
2045	0.11049306
2046	0.12757208
2047	0.14755235
2048	0.13552934
2049	0.08376132
2050	0.13083007
2051	0.16116234
2052	0.11828235
2053	0.14499127
2054	0.10270690
2055	0.15626611
2056	0.13377711
2057	0.13152707
2058	0.12887342
2059	0.14816080
2060	0.15843989
2061	0.16118385
2062	0.13460231
2063	0.18274505
2064	0.11812687
2065	0.14212050
2066	0.16550467
2067	0.14166153
2068	0.18304298
2069	0.19478421
2070	0.11055804
2071	0.14096063
2072	0.09271810
2073	0.13373141
2074	0.15970889
2075	0.14346420
2076	0.13440057
2077	0.12971932
2078	0.18547301
2079	0.13222646
2080	0.13504606
2081	0.16035264
2082	0.10590008
2083	0.16828036
2084	0.07993511
2085	0.10724809
2086	0.11813182
2087	0.14772058
2088	0.16277849
2089	0.11481769
2090	0.12273904
2091	0.10386676
2092	0.11026733
2093	0.10638446
2094	0.15823523
2095	0.14666291
2096	0.13826956
2097	0.09920560
2098	0.15292662
2099	0.10004773
2100	0.14681331
2101	0.14140028
2102	0.13991339
2103	0.11597163
2104	0.11963486
2105	0.11232354
2106	0.15868778
2107	0.15526291
2108	0.15654777
2109	0.12809371
2110	0.10769140
2111	0.14856291
2112	0.10501664
2113	0.11699042
2114	0.14078149
2115	0.13871218
2116	0.14591631
2117	0.16681644
2118	0.13541307
2119	0.14360024
2120	0.12103592
2121	0.14660223
2122	0.14954789
2123	0.13383523
2124	0.17165463
2125	0.11377630
2126	0.13779894
2127	0.13192634
2128	0.17207634
2129	0.14485710
2130	0.11510795
2131	0.14422622
2132	0.16427654
2133	0.12314338
2134	0.15239562
2135	0.17240747
2136	0.11716254
2137	0.10765625
2138	0.11553957
2139	0.09343494
2140	0.11181932
2141	0.14330864
2142	0.15399550
2143	0.10306124
2144	0.10577265
2145	0.12596420
2146	0.11939947
2147	0.11469233
2148	0.12677317
2149	0.13882427
2150	0.10742869
2151	0.13122321
2152	0.15019521
2153	0.13229850
2154	0.09840783
2155	0.16508019
2156	0.11465292
2157	0.10306721
2158	0.16401676
2159	0.10531473
2160	0.11984367
2161	0.10746209
2162	0.15725905
2163	0.13544574
2164	0.11958105
2165	0.12159866
2166	0.15544067
2167	0.13763945
2168	0.08925864
2169	0.11914310
2170	0.14081506
2171	0.14421100
2172	0.14069176
2173	0.12169683
2174	0.16287865
2175	0.15869395
2176	0.11575471
2177	0.12893985
2178	0.14746295
2179	0.15314550
2180	0.14202561
2181	0.17112029
2182	0.15043157
2183	0.16305767
2184	0.12459050
2185	0.14303198
2186	0.15933994
2187	0.12624375
2188	0.08551303
2189	0.12656611
2190	0.13967886
2191	0.16243328
2192	0.13678754
2193	0.12023003
2194	0.14466782
2195	0.11316270
2196	0.12709582
2197	0.12377106
2198	0.10726713
2199	0.16535946
2200	0.16784229
2201	0.11035739
2202	0.14874460
2203	0.15623129
2204	0.09441774
2205	0.14002662
2206	0.16144091
2207	0.10431956
2208	0.09153612
2209	0.11177102
2210	0.11426579
2211	0.13531806
2212	0.12792366
2213	0.14243214
2214	0.14381887
2215	0.12090929
2216	0.14072427
2217	0.12261445
2218	0.12946128
2219	0.13183360
2220	0.18564103
2221	0.11472894
2222	0.14165544
2223	0.12096437
2224	0.11954399
2225	0.17566404
2226	0.10250962
2227	0.16627614
2228	0.09492800
2229	0.14810633
2230	0.11170503
2231	0.14452606
2232	0.16194002
2233	0.14883791
2234	0.10974752
2235	0.13347427
2236	0.10139728
2237	0.09976875
2238	0.08674318
2239	0.13608807
2240	0.14269180
2241	0.11807995
2242	0.12848835
2243	0.14246400
2244	0.11138795
2245	0.14681120
2246	0.10193912
2247	0.17851680
2248	0.09930901
2249	0.14524598
2250	0.13968332
2251	0.15538210
2252	0.17183243
2253	0.13725463
2254	0.08909245
2255	0.12459903
2256	0.17165576
2257	0.10679797
2258	0.08577427
2259	0.10890759
2260	0.15952817
2261	0.12678506
2262	0.11286453
2263	0.12112204
2264	0.15106786
2265	0.12347727
2266	0.14349083
2267	0.13495800
2268	0.15372910
2269	0.13258746
2270	0.12449635
2271	0.09487553
2272	0.13155694
2273	0.13036631
2274	0.11151729
2275	0.20338109
2276	0.13883738
2277	0.09117045
2278	0.13905933
2279	0.14385150
2280	0.11897431
2281	0.14728251
2282	0.06197500
2283	0.15343162
2284	0.13523920
2285	0.14783640
2286	0.10699237
2287	0.14238316
2288	0.09663019
2289	0.11926315
2290	0.15646392
2291	0.13507273
2292	0.10612796
2293	0.09860674
2294	0.11555722
2295	0.12659529
2296	0.11584761
2297	0.10276733
2298	0.11955824
2299	0.12818722
2300	0.15153856
2301	0.16607009
2302	0.12997476
2303	0.14161270
2304	0.15533442
2305	0.16954907
2306	0.14307873
2307	0.15121165
2308	0.10051351
2309	0.14852675
2310	0.14348531
2311	0.14663340
2312	0.17471023
2313	0.11587135
2314	0.16819213
2315	0.13589554
2316	0.14372127
2317	0.10403653
2318	0.13124205
2319	0.16098369
2320	0.14637800
2321	0.09760576
2322	0.11349111
2323	0.12142699
2324	0.12639647
2325	0.10892366
2326	0.09698977
2327	0.15104972
2328	0.12723920
2329	0.13131859
2330	0.15361331
2331	0.10721287
2332	0.15020929
2333	0.13666627
2334	0.13946944
2335	0.14605170
2336	0.14158360
2337	0.09011177
2338	0.11602861
2339	0.13636039
2340	0.19098068
2341	0.13335020
2342	0.17815459
2343	0.11056741
2344	0.15151481
2345	0.15161899
2346	0.14573178
2347	0.11815041
2348	0.18098470
2349	0.17360507
2350	0.15422520
2351	0.09612358
2352	0.14064805
2353	0.14082074
2354	0.11544241
2355	0.16084172
2356	0.10927119
2357	0.11259724
2358	0.09913442
2359	0.11190170
2360	0.13234582
2361	0.09518730
2362	0.15089935
2363	0.13198819
2364	0.17732537
2365	0.10861132
2366	0.13650146
2367	0.15987062
2368	0.09506104
2369	0.12085122
2370	0.12951765
2371	0.10773730
2372	0.13679748
2373	0.07022354
2374	0.12655812
2375	0.09631696
2376	0.12330710
2377	0.13958287
2378	0.15761774
2379	0.13003287
2380	0.10996396
2381	0.14115154
2382	0.14042054
2383	0.12040122
2384	0.13462950
2385	0.10253401
2386	0.10101019
2387	0.11103998
2388	0.13499468
2389	0.14267171
2390	0.11557731
2391	0.14427098
2392	0.12063730
2393	0.08930674
2394	0.09254099
2395	0.10158486
2396	0.12762756
2397	0.10803356
2398	0.12943673
2399	0.09493965
2400	0.13006700
2401	0.12208726
2402	0.12829403
2403	0.10991006
2404	0.10738563
2405	0.13866940
2406	0.14038640
2407	0.11908563
2408	0.17153912
2409	0.12124813
2410	0.11985223
2411	0.17051400
2412	0.09742760
2413	0.15334225
2414	0.11112873
2415	0.13594107
2416	0.12724391
2417	0.09550767
2418	0.13089724
2419	0.13082557
2420	0.13473860
2421	0.10700739
2422	0.09506688
2423	0.12906035
2424	0.12359196
2425	0.16291453
2426	0.15673819
2427	0.13089651
2428	0.10542825
2429	0.10205438
2430	0.10158730
2431	0.13063389
2432	0.14101023
2433	0.11942841
2434	0.12557500
2435	0.13574708
2436	0.13221140
2437	0.12024375
2438	0.12089968
2439	0.12040860
2440	0.11994890
2441	0.20010008
2442	0.14119318
2443	0.10149416
2444	0.12763028
2445	0.11592902
2446	0.12492325
2447	0.13759781
2448	0.10675130
2449	0.12908941
2450	0.13925787
2451	0.16781765
2452	0.10724858
2453	0.10736295
2454	0.14175885
2455	0.13522354
2456	0.12064789
2457	0.13095000
2458	0.18123019
2459	0.12870288
2460	0.19482942
2461	0.12344131
2462	0.08807390
2463	0.10870710
2464	0.13523600
2465	0.16908218
2466	0.10274761
2467	0.09533669
2468	0.11618490
2469	0.12523774
2470	0.13210227
2471	0.10201546
2472	0.16822204
2473	0.15499416
2474	0.11412403
2475	0.17675962
2476	0.10196088
2477	0.15422711
2478	0.08525414
2479	0.08638969
2480	0.16362626
2481	0.12536765
2482	0.11195000
2483	0.12343291
2484	0.12339574
2485	0.12862760
2486	0.12272119
2487	0.07644318
2488	0.12815146
2489	0.14904359
2490	0.17851039
2491	0.10019249
2492	0.11915994
2493	0.08899326
2494	0.07888287
2495	0.15720353
2496	0.08865519
2497	0.14464639
2498	0.16420499
2499	0.08686489
2500	0.10761311
2501	0.13407127
2502	0.12611335
2503	0.15635881
2504	0.08525682
2505	0.12172021
2506	0.17616879
2507	0.07834436
2508	0.12070426
2509	0.14737354
2510	0.11558202
2511	0.14101916
2512	0.10598713
2513	0.15791855
2514	0.11718076
2515	0.07820666
2516	0.17486112
2517	0.13398287
2518	0.13546011
2519	0.11792504
2520	0.13388332
2521	0.10360860
2522	0.09678624
2523	0.10487545
2524	0.17359083
2525	0.13633088
2526	0.13834306
2527	0.13752886
2528	0.09374383
2529	0.10223851
2530	0.09105260
2531	0.08780345
2532	0.11376944
2533	0.14428340
2534	0.11726015
2535	0.12839407
2536	0.09596120
2537	0.14220601
2538	0.13781826
2539	0.14420548
2540	0.17282192
2541	0.17172849
2542	0.11241429
2543	0.10257541
2544	0.14531311
2545	0.14281222
2546	0.15920170
2547	0.14292849
2548	0.08866080
2549	0.07792975
2550	0.14445836
2551	0.14615085
2552	0.09071153
2553	0.12476940
2554	0.08619639
2555	0.11551303
2556	0.12776071
2557	0.16372070
2558	0.12457512
2559	0.11929720
2560	0.08952561
2561	0.20123535
2562	0.12610264
2563	0.13279992
2564	0.08706944
2565	0.15320657
2566	0.14117492
2567	0.16064687
2568	0.11309245
2569	0.14421331
2570	0.10295467
2571	0.13548624
2572	0.14768019
2573	0.10593941
2574	0.12007163
2575	0.12604403
2576	0.08259907
2577	0.12152727
2578	0.11663300
2579	0.12146368
2580	0.15369858
2581	0.10826615
2582	0.13360430
2583	0.13318884
2584	0.10745455
2585	0.15353222
2586	0.12651871
2587	0.14407232
2588	0.13993157
2589	0.15918624
2590	0.10289428
2591	0.07723170
2592	0.10100446
2593	0.13041916
2594	0.11741530
2595	0.09170150
2596	0.11609545
2597	0.16788255
2598	0.11436230
2599	0.10255605
2600	0.13043198
2601	0.12264095
2602	0.15257041
2603	0.13086558
2604	0.13346879
2605	0.15900593
2606	0.10405207
2607	0.11297573
2608	0.15713182
2609	0.12600885
2610	0.12399773
2611	0.13755329
2612	0.14426096
2613	0.11025605
2614	0.16069963
2615	0.13880864
2616	0.12117553
2617	0.13646518
2618	0.12633490
2619	0.11537155
2620	0.12123105
2621	0.13113486
2622	0.17578048
2623	0.12087934
2624	0.12459371
2625	0.14807983
2626	0.12142873
2627	0.14134347
2628	0.14461664
2629	0.10736323
2630	0.18225032
2631	0.19149874
2632	0.08988239
2633	0.16486834
2634	0.09175081
2635	0.16026631
2636	0.11468157
2637	0.12342492
2638	0.14304627
2639	0.16535828
2640	0.10963340
2641	0.10308904
2642	0.12092305
2643	0.16364598
2644	0.16667439
2645	0.11630735
2646	0.12145909
2647	0.08096887
2648	0.16398032
2649	0.13286408
2650	0.12348101
2651	0.12611680
2652	0.17396952
2653	0.12788170
2654	0.12477796
2655	0.13556254
2656	0.15578279
2657	0.10967618
2658	0.12085365
2659	0.14891234
2660	0.11052139
2661	0.12226717
2662	0.13365357
2663	0.16143036
2664	0.12607739
2665	0.12930199
2666	0.12575227
2667	0.09795308
2668	0.09522403
2669	0.12507983
2670	0.13845617
2671	0.12579610
2672	0.05142512
2673	0.14302788
2674	0.13848222
2675	0.08490519
2676	0.12560937
2677	0.13481652
2678	0.13821806
2679	0.11757147
2680	0.14278048
2681	0.11133385
2682	0.12004440
2683	0.07692216
2684	0.14152472
2685	0.12539298
2686	0.10092212
2687	0.10804870
2688	0.16108385
2689	0.13878961
2690	0.15145597
2691	0.10740641
2692	0.10479598
2693	0.10886798
2694	0.07080256
2695	0.15449850
2696	0.08034050
2697	0.10605199
2698	0.13211360
2699	0.09049801
2700	0.13378912
2701	0.15153843
2702	0.09453194
2703	0.08857622
2704	0.12525414
2705	0.10319756
2706	0.15319111
2707	0.12687447
2708	0.12140601
2709	0.09955337
2710	0.15750682
2711	0.14298782
2712	0.14356144
2713	0.12674781
2714	0.16112610
2715	0.10248770
2716	0.07608263
2717	0.12867597
2718	0.12237573
2719	0.11147273
2720	0.13114594
2721	0.15768486
2722	0.14569131
2723	0.12210507
2724	0.08789042
2725	0.15063511
2726	0.09998985
2727	0.11897930
2728	0.13830852
2729	0.14242447
2730	0.10982894
2731	0.12939338
2732	0.08674062
2733	0.15469359
2734	0.15604347
2735	0.14236047
2736	0.12028417
2737	0.09788981
2738	0.13097727
2739	0.09983900
2740	0.09239225
2741	0.08256124
2742	0.09696230
2743	0.09367451
2744	0.12068864
2745	0.10173247
2746	0.09514505
2747	0.08874943
2748	0.11273604
2749	0.14849310
2750	0.07366193
2751	0.13407151
2752	0.13755824
2753	0.12751071
2754	0.14214972
2755	0.10151494
2756	0.13789586
2757	0.07396104
2758	0.11334687
2759	0.09863490
2760	0.11691266
2761	0.07825970
2762	0.15215491
2763	0.13856238
2764	0.10704407
2765	0.13521956
2766	0.15152508
2767	0.10598084
2768	0.10304647
2769	0.17052796
2770	0.07932224
2771	0.12553547
2772	0.11276449
2773	0.13155410
2774	0.15759042
2775	0.11586676
2776	0.12390377
2777	0.10746887
2778	0.09357350
2779	0.10174533
2780	0.10460142
2781	0.12408145
2782	0.11662321
2783	0.18187386
2784	0.11476579
2785	0.13827683
2786	0.11144574
2787	0.15259322
2788	0.12818470
2789	0.15588352
2790	0.12148580
2791	0.15751075
2792	0.12276051
2793	0.12447062
2794	0.13540946
2795	0.08711088
2796	0.14606067
2797	0.08630779
2798	0.13259736
2799	0.10172005
2800	0.11572459
2801	0.15298470
2802	0.18211640
2803	0.08622877
2804	0.17867634
2805	0.12043795
2806	0.12351209
2807	0.12466282
2808	0.11471498
2809	0.13454071
2810	0.16746847
2811	0.12604481
2812	0.12184586
2813	0.09338304
2814	0.10689306
2815	0.13757731
2816	0.14812382
2817	0.09531392
2818	0.14497358
2819	0.15813312
2820	0.11289541
2821	0.12786705
2822	0.12779460
2823	0.12796936
2824	0.10089245
2825	0.10503567
2826	0.14777666
2827	0.13714359
2828	0.13089221
2829	0.07701092
2830	0.12879890
2831	0.08336530
2832	0.11726672
2833	0.10613961
2834	0.08414927
2835	0.13779172
2836	0.11703831
2837	0.12131165
2838	0.14092532
2839	0.13405649
2840	0.11255946
2841	0.11343543
2842	0.14661981
2843	0.16996611
2844	0.09209850
2845	0.10580045
2846	0.13955028
2847	0.09476392
2848	0.11982147
2849	0.12668989
2850	0.16273263
2851	0.11572545
2852	0.11755860
2853	0.12150844
2854	0.11772045
2855	0.08541088
2856	0.12501664
2857	0.16477748
2858	0.09519038
2859	0.10106473
2860	0.12348202
2861	0.14903787
2862	0.10675150
2863	0.16863210
2864	0.13321376
2865	0.11533787
2866	0.13356830
2867	0.06568925
2868	0.10846100
2869	0.14189403
2870	0.14504870
2871	0.10510662
2872	0.13796075
2873	0.11726376
2874	0.09249424
2875	0.14130864
2876	0.15409367
2877	0.11598421
2878	0.15088364
2879	0.10848884
2880	0.08380450
2881	0.12605649
2882	0.09635272
2883	0.12170852
2884	0.13019858
2885	0.12179980
2886	0.12291729
2887	0.11254083
2888	0.12436615
2889	0.15216287
2890	0.15332399
2891	0.10919773
2892	0.12137386
2893	0.09482857
2894	0.09504269
2895	0.16065637
2896	0.08208425
2897	0.11119436
2898	0.16876445
2899	0.13096761
2900	0.16710958
2901	0.11715686
2902	0.08094951
2903	0.15179371
2904	0.11622573
2905	0.14368474
2906	0.11648969
2907	0.09309537
2908	0.12287914
2909	0.15004696
2910	0.15484696
2911	0.11561899
2912	0.10136274
2913	0.10382204
2914	0.11453953
2915	0.12390755
2916	0.10827102
2917	0.14152362
2918	0.08284318
2919	0.13791437
2920	0.13685832
2921	0.14286067
2922	0.10434022
2923	0.14795150
2924	0.10031015
2925	0.10784148
2926	0.11004200
2927	0.12424866
2928	0.14727313
2929	0.08556080
2930	0.16196660
2931	0.13911250
2932	0.16249493
2933	0.11426347
2934	0.09793653
2935	0.09855227
2936	0.11283823
2937	0.13722305
2938	0.13652407
2939	0.12106688
2940	0.11505475
2941	0.12451550
2942	0.09525848
2943	0.12604866
2944	0.08763925
2945	0.12438377
2946	0.08026351
2947	0.13943726
2948	0.11351481
2949	0.13038519
2950	0.08084160
2951	0.09346814
2952	0.10185337
2953	0.14275597
2954	0.11050280
2955	0.11826323
2956	0.15965982
2957	0.10404160
2958	0.08324655
2959	0.11378896
2960	0.12676201
2961	0.14606404
2962	0.14403795
2963	0.13801859
2964	0.07048044
2965	0.16632934
2966	0.11190767
2967	0.14011790
2968	0.10058328
2969	0.10537520
2970	0.14613482
2971	0.13595353
2972	0.12330487
2973	0.12617764
2974	0.09871534
2975	0.11522447
2976	0.12389452
2977	0.11874196
2978	0.16478985
2979	0.07271343
2980	0.11845475
2981	0.11552110
2982	0.10545093
2983	0.05840183
2984	0.09842127
2985	0.14399915
2986	0.12181636
2987	0.13243304
2988	0.11068847
2989	0.15288713
2990	0.10711899
2991	0.10565889
2992	0.12681672
2993	0.15468851
2994	0.12813340
2995	0.13410154
2996	0.09140751
2997	0.11092760
2998	0.14691774
2999	0.16531331
3000	0.14605897
3001	0.11391262
3002	0.13495791
3003	0.11603308
3004	0.10906437
3005	0.15617845
3006	0.07197155
3007	0.11902366
3008	0.09545089
3009	0.15173998
3010	0.12268088
3011	0.10687183
3012	0.15299071
3013	0.11084241
3014	0.11847305
3015	0.11424781
3016	0.12491120
3017	0.14727045
3018	0.14925426
3019	0.11234984
3020	0.13608210
3021	0.13098981
3022	0.13004075
3023	0.11838287
3024	0.11608742
3025	0.11950122
3026	0.11803080
3027	0.17217849
3028	0.10225873
3029	0.14011441
3030	0.11651416
3031	0.11551136
3032	0.13280126
3033	0.11911197
3034	0.09352849
3035	0.11222488
3036	0.10857346
3037	0.14360860
3038	0.10732293
3039	0.13505885
3040	0.12291388
3041	0.09329984
3042	0.09531672
3043	0.07878892
3044	0.09315020
3045	0.14203770
3046	0.10835804
3047	0.11558397
3048	0.12434671
3049	0.16967662
3050	0.11155406
3051	0.10632459
3052	0.10868961
3053	0.12547610
3054	0.12508900
3055	0.08298734
3056	0.10685601
3057	0.20710649
3058	0.11959598
3059	0.09668478
3060	0.06521944
3061	0.12815008
3062	0.11335016
3063	0.13784834
3064	0.14713060
3065	0.11508433
3066	0.07974643
3067	0.09562894
3068	0.07225528
3069	0.11376445
3070	0.13570702
3071	0.11961043
3072	0.12095795
3073	0.12398742
3074	0.12101015
3075	0.07075970
3076	0.10883567
3077	0.11908243
3078	0.11771412
3079	0.08650069
3080	0.12802131
3081	0.08381567
3082	0.07035244
3083	0.09914785
3084	0.15433929
3085	0.14431790
3086	0.14017898
3087	0.10764834
3088	0.11502650
3089	0.12936814
3090	0.12415219
3091	0.10720901
3092	0.11513632
3093	0.08137127
3094	0.14361453
3095	0.13630966
3096	0.12699221
3097	0.13611047
3098	0.09432520
3099	0.11130791
3100	0.11307050
3101	0.12892297
3102	0.12307204
3103	0.16730244
3104	0.10595199
3105	0.14532139
3106	0.13772618
3107	0.12370775
3108	0.14006790
3109	0.15366899
3110	0.13977123
3111	0.15305710
3112	0.11815524
3113	0.11540495
3114	0.11137873
3115	0.15674127
3116	0.09912313
3117	0.12744623
3118	0.12612447
3119	0.13865268
3120	0.10161327
3121	0.16034188
3122	0.12592808
3123	0.08653381
3124	0.12638571
3125	0.13057151
3126	0.14686993
3127	0.09268782
3128	0.15301741
3129	0.10021416
3130	0.16115844
3131	0.13766477
3132	0.11193904
3133	0.09950154
3134	0.12460012
3135	0.14083989
3136	0.15697382
3137	0.11742094
3138	0.09992119
3139	0.10501335
3140	0.15726047
3141	0.11332857
3142	0.09005601
3143	0.10973705
3144	0.16110069
3145	0.15806473
3146	0.10621433
3147	0.17415438
3148	0.11014403
3149	0.10473121
3150	0.09872228
3151	0.06663835
3152	0.14101753
3153	0.14192317
3154	0.14735455
3155	0.11709716
3156	0.12670122
3157	0.10847163
3158	0.15348425
3159	0.16319882
3160	0.13638137
3161	0.09987768
3162	0.11790361
3163	0.09752748
3164	0.10156080
3165	0.14174497
3166	0.12842881
3167	0.08894286
3168	0.11249700
3169	0.12909322
3170	0.09415710
3171	0.13297090
3172	0.09641530
3173	0.10976169
3174	0.08643466
3175	0.09770743
3176	0.13759140
3177	0.13881295
3178	0.10697922
3179	0.08799663
3180	0.12975938
3181	0.06835503
3182	0.14232183
3183	0.12780710
3184	0.10992472
3185	0.10616847
3186	0.09933515
3187	0.10258466
3188	0.13841096
3189	0.15639683
3190	0.11358182
3191	0.13138308
3192	0.10574740
3193	0.13481611
3194	0.10784919
3195	0.13234724
3196	0.12001047
3197	0.09611303
3198	0.14397553
3199	0.12953912
3200	0.07919481
3201	0.09351542
3202	0.11804996
3203	0.06460751
3204	0.14913190
3205	0.14686652
3206	0.11390053
3207	0.08968231
3208	0.07702411
3209	0.06909014
3210	0.09167675
3211	0.13390791
3212	0.12930020
3213	0.13292293
3214	0.11535645
3215	0.10093515
3216	0.13944217
3217	0.08766769
3218	0.11585779
3219	0.17183397
3220	0.10077403
3221	0.10567334
3222	0.12099257
3223	0.11003864
3224	0.08901205
3225	0.13451315
3226	0.16247642
3227	0.11251514
3228	0.10790037
3229	0.14118758
3230	0.17219489
3231	0.13102419
3232	0.16278571
3233	0.12532707
3234	0.14466425
3235	0.13678527
3236	0.14090353
3237	0.13423222
3238	0.10181729
3239	0.11116688
3240	0.10688072
3241	0.12266684
3242	0.08510812
3243	0.12618287
3244	0.13873413
3245	0.14638511
3246	0.08459221
3247	0.12790617
3248	0.09726506
3249	0.11983730
3250	0.14285511
3251	0.13830158
3252	0.11819578
3253	0.06958214
3254	0.13955864
3255	0.07785499
3256	0.09073799
3257	0.07919448
3258	0.12438673
3259	0.14584777
3260	0.14547261
3261	0.10845215
3262	0.12001700
3263	0.12989144
3264	0.05571433
3265	0.09967037
3266	0.11187179
3267	0.14047963
3268	0.11497106
3269	0.12229550
3270	0.10944432
3271	0.12482662
3272	0.09773149
3273	0.09462321
3274	0.08501002
3275	0.12495978
3276	0.09598803
3277	0.08012898
3278	0.13830958
3279	0.09630377
3280	0.11065946
3281	0.15788101
3282	0.13997792
3283	0.10159269
3284	0.12745365
3285	0.13817163
3286	0.16769217
3287	0.12045601
3288	0.09496623
3289	0.11452662
3290	0.08323498
3291	0.13999830
3292	0.14718791
3293	0.12853880
3294	0.16857159
3295	0.11504513
3296	0.09725816
3297	0.07838604
3298	0.09431814
3299	0.14077256
3300	0.13163308
3301	0.15044773
3302	0.11108101
3303	0.09281952
3304	0.08644269
3305	0.11351254
3306	0.07216522
3307	0.10158117
3308	0.08414278
3309	0.12870804
3310	0.12935998
3311	0.14699452
3312	0.10991786
3313	0.12823198
3314	0.10030856
3315	0.10027423
3316	0.09584834
3317	0.11807577
3318	0.13028620
3319	0.08530414
3320	0.10340134
3321	0.10981124
3322	0.10968819
3323	0.10055966
3324	0.14706912
3325	0.10774278
3326	0.12634387
3327	0.11843442
3328	0.09627792
3329	0.10695008
3330	0.10431124
3331	0.16483218
3332	0.12179310
3333	0.14700763
3334	0.16968977
3335	0.09361144
3336	0.12590540
3337	0.08018438
3338	0.07883377
3339	0.07817228
3340	0.11101412
3341	0.13526769
3342	0.12057200
3343	0.08671205
3344	0.08081591
3345	0.13232033
3346	0.11365893
3347	0.12766197
3348	0.10016782
3349	0.15665674
3350	0.13361916
3351	0.10793226
3352	0.11310917
3353	0.09957780
3354	0.07241266
3355	0.15667553
3356	0.08677873
3357	0.08572366
3358	0.12327658
3359	0.10055645
3360	0.12512277
3361	0.13700012
3362	0.13485657
3363	0.12972131
3364	0.08116181
3365	0.13719963
3366	0.08831189
3367	0.09515710
3368	0.12447289
3369	0.07870836
3370	0.13897760
3371	0.14740414
3372	0.14515288
3373	0.10706481
3374	0.07957346
3375	0.07579233
3376	0.09162273
3377	0.10175986
3378	0.13913068
3379	0.11879399
3380	0.12738425
3381	0.09929781
3382	0.10896027
3383	0.07973872
3384	0.08974533
3385	0.13428267
3386	0.14457025
3387	0.12011741
3388	0.11885024
3389	0.09934838
3390	0.14162606
3391	0.12475130
3392	0.09097934
3393	0.07041806
3394	0.12732687
3395	0.10724006
3396	0.12615045
3397	0.13305800
3398	0.09118133
3399	0.06816717
3400	0.16502597
3401	0.12614314
3402	0.09506782
3403	0.08605000
3404	0.10517646
3405	0.12411822
3406	0.09135061
3407	0.16173685
3408	0.16291506
3409	0.06145187
3410	0.08048620
3411	0.09956153
3412	0.08466416
3413	0.12221392
3414	0.13867285
3415	0.12024533
3416	0.07646477
3417	0.08662646
3418	0.09557248
3419	0.13340369
3420	0.13018547
3421	0.12696323
3422	0.12336096
3423	0.12182610
3424	0.09620812
3425	0.11273036
3426	0.11837788
3427	0.11307532
3428	0.08671209
3429	0.16618478
3430	0.15325170
3431	0.08287037
3432	0.12642979
3433	0.09515994
3434	0.09732804
3435	0.10827561
3436	0.08915974
3437	0.13271132
3438	0.12582228
3439	0.07760544
3440	0.10140292
3441	0.13197524
3442	0.09947918
3443	0.10169619
3444	0.09401043
3445	0.08612167
3446	0.11086274
3447	0.12533945
3448	0.12347687
3449	0.09688369
3450	0.11520308
3451	0.09520706
3452	0.07879387
3453	0.11152330
3454	0.08443283
3455	0.08139517
3456	0.14324050
3457	0.12730471
3458	0.08734858
3459	0.10307711
3460	0.09120215
3461	0.12923044
3462	0.15941120
3463	0.13230004
3464	0.10700653
3465	0.10490519
3466	0.06847614
3467	0.13282370
3468	0.10495369
3469	0.09319010
3470	0.12491883
3471	0.14310187
3472	0.10783117
3473	0.10300536
3474	0.14992549
3475	0.12293730
3476	0.10204412
3477	0.08879955
3478	0.10799687
3479	0.12230499
3480	0.13429245
3481	0.13792232
3482	0.09486700
3483	0.10998884
3484	0.12066745
3485	0.09385422
3486	0.13597744
3487	0.08062484
3488	0.10842541
3489	0.08291997
3490	0.10882451
3491	0.15250917
3492	0.12244716
3493	0.08003373
3494	0.10717857
3495	0.11683084
3496	0.09171149
3497	0.10497423
3498	0.17358438
3499	0.14946226
3500	0.08681132
3501	0.10238908
3502	0.09471396
3503	0.13156250
3504	0.07860037
3505	0.12087297
3506	0.11833506
3507	0.12335357
3508	0.10224968
3509	0.11684525
3510	0.17681092
3511	0.11644229
3512	0.16782577
3513	0.16379148
3514	0.14374144
3515	0.12681201
3516	0.10196343
3517	0.13323344
3518	0.13111043
3519	0.07111485
3520	0.13539026
3521	0.13081412
3522	0.14845114
3523	0.08863210
3524	0.13758198
3525	0.09065816
3526	0.08010325
3527	0.09328373
3528	0.12172183
3529	0.09326295
3530	0.15292833
3531	0.11514862
3532	0.09524639
3533	0.12619761
3534	0.12114683
3535	0.10207788
3536	0.10956749
3537	0.08244144
3538	0.10052869
3539	0.11349550
3540	0.11520885
3541	0.07622114
3542	0.07916027
3543	0.11405446
3544	0.14496700
3545	0.10139838
3546	0.09908462
3547	0.14784249
3548	0.04855726
3549	0.12220856
3550	0.05988547
3551	0.09365897
3552	0.10905272
3553	0.15256847
3554	0.11963170
3555	0.11074700
3556	0.14493843
3557	0.10056696
3558	0.10538981
3559	0.07761794
3560	0.12755848
3561	0.10327796
3562	0.10282293
3563	0.13932654
3564	0.15163271
3565	0.10875946
3566	0.18341011
3567	0.10481088
3568	0.14261006
3569	0.07600519
3570	0.10133888
3571	0.15147293
3572	0.09041810
3573	0.12296205
3574	0.13652610
3575	0.12360483
3576	0.09990203
3577	0.14870361
3578	0.09258028
3579	0.10218344
3580	0.08405280
3581	0.11823137
3582	0.12519598
3583	0.12789606
3584	0.14037658
3585	0.10578162
3586	0.14997289
3587	0.08380540
3588	0.11762447
3589	0.12855463
3590	0.11202735
3591	0.08642764
3592	0.08496161
3593	0.11822735
3594	0.11329574
3595	0.07237744
3596	0.12061193
3597	0.11698628
3598	0.08432642
3599	0.09690605
3600	0.09855207
3601	0.09188454
3602	0.13934083
3603	0.13312537
3604	0.11408555
3605	0.16855836
3606	0.10098279
3607	0.11019554
3608	0.11010231
3609	0.11424225
3610	0.08080024
3611	0.09065195
3612	0.14308239
3613	0.12115824
3614	0.07188734
3615	0.12051648
3616	0.12761404
3617	0.11409773
3618	0.10195617
3619	0.07948661
3620	0.11197894
3621	0.11573015
3622	0.12031124
3623	0.10647439
3624	0.10164444
3625	0.15155528
3626	0.13594399
3627	0.09226002
3628	0.09110641
3629	0.11606002
3630	0.07407768
3631	0.06941769
3632	0.16367983
3633	0.09401741
3634	0.12702646
3635	0.11224752
3636	0.12287752
3637	0.09295877
3638	0.13596680
3639	0.09855950
3640	0.10546542
3641	0.11900166
3642	0.12012297
3643	0.09402317
3644	0.09853032
3645	0.11806636
3646	0.12775714
3647	0.12710621
3648	0.10747975
3649	0.12714249
3650	0.07561116
3651	0.11883770
3652	0.09602557
3653	0.13091420
3654	0.12090556
3655	0.11657666
3656	0.07861494
3657	0.11752358
3658	0.06441652
3659	0.10255333
3660	0.11074095
3661	0.10711372
3662	0.08554882
3663	0.14066680
3664	0.09305552
3665	0.09605917
3666	0.15134655
3667	0.15031388
3668	0.13849298
3669	0.11374140
3670	0.14243015
3671	0.12954505
3672	0.07071733
3673	0.06225353
3674	0.09942228
3675	0.06667187
3676	0.08337630
3677	0.15364554
3678	0.11002431
3679	0.11635093
3680	0.13319476
3681	0.11384192
3682	0.13389164
3683	0.11094253
3684	0.11418657
3685	0.06039286
3686	0.06497224
3687	0.09371611
3688	0.09506774
3689	0.13340329
3690	0.11548466
3691	0.12689578
3692	0.08092265
3693	0.16672423
3694	0.13200584
3695	0.09819773
3696	0.15148454
3697	0.06546481
3698	0.09319505
3699	0.07729574
3700	0.11030743
3701	0.14180296
3702	0.11974610
3703	0.15083632
3704	0.13657699
3705	0.08651769
3706	0.07757739
3707	0.11140901
3708	0.14565317
3709	0.07892131
3710	0.13174566
3711	0.11422005
3712	0.14541733
3713	0.12541234
3714	0.06935012
3715	0.17349570
3716	0.11709696
3717	0.09459692
3718	0.10909996
3719	0.11926587
3720	0.10976514
3721	0.15205609
3722	0.12616023
3723	0.10187772
3724	0.08109683
3725	0.12216741
3726	0.10371875
3727	0.13167106
3728	0.11410110
3729	0.10992001
3730	0.11234136
3731	0.10706700
3732	0.13866071
3733	0.11271648
3734	0.08232553
3735	0.12535759
3736	0.13007123
3737	0.09589712
3738	0.12222837
3739	0.11448166
3740	0.12468596
3741	0.10617265
3742	0.11921790
3743	0.08959192
3744	0.13433884
3745	0.10349874
3746	0.10808770
3747	0.11181619
3748	0.10313174
3749	0.12470783
3750	0.05787313
3751	0.09747427
3752	0.10073348
3753	0.11347614
3754	0.10673478
3755	0.10256595
3756	0.11589704
3757	0.13661339
3758	0.10326859
3759	0.12806205
3760	0.13436567
3761	0.12915199
3762	0.12936575
3763	0.09022565
3764	0.06694679
3765	0.10460649
3766	0.11658194
3767	0.07235381
3768	0.10814850
3769	0.09411709
3770	0.11289748
3771	0.12363373
3772	0.09645381
3773	0.09698170
3774	0.08959079
3775	0.10533080
3776	0.09496177
3777	0.12522212
3778	0.11013052
3779	0.09842955
3780	0.14150747
3781	0.10357370
3782	0.11913015
3783	0.07802070
3784	0.13594042
3785	0.13860081
3786	0.11616295
3787	0.11613064
3788	0.14649274
3789	0.10675706
3790	0.14066729
3791	0.13940787
3792	0.11846648
3793	0.09039306
3794	0.08668442
3795	0.07490767
3796	0.09034067
3797	0.11588575
3798	0.09647601
3799	0.08111132
3800	0.07083044
3801	0.11080398
3802	0.11823393
3803	0.12489298
3804	0.10678669
3805	0.06680028
3806	0.08061656
3807	0.14634156
3808	0.11327175
3809	0.11848965
3810	0.08742963
3811	0.10820219
3812	0.08758770
3813	0.11892760
3814	0.08827419
3815	0.16220694
3816	0.07040386
3817	0.06523352
3818	0.12720816
3819	0.05751514
3820	0.10842532
3821	0.13284574
3822	0.12422975
3823	0.10633839
3824	0.11071262
3825	0.13284525
3826	0.10065032
3827	0.09512204
3828	0.12833490
3829	0.07313458
3830	0.08102204
3831	0.14297143
3832	0.16427873
3833	0.12139878
3834	0.09294789
3835	0.11622415
3836	0.13867155
3837	0.13392926
3838	0.11806173
3839	0.13506948
3840	0.06513247
3841	0.11159505
3842	0.11491092
3843	0.13716644
3844	0.09736282
3845	0.10092394
3846	0.10937711
3847	0.15213328
3848	0.12100361
3849	0.11013458
3850	0.11856721
3851	0.11803084
3852	0.10896469
3853	0.14341684
3854	0.09294874
3855	0.10489314
3856	0.09909119
3857	0.11064716
3858	0.06684237
3859	0.07726510
3860	0.10967853
3861	0.15698194
3862	0.09076672
3863	0.13496554
3864	0.09571084
3865	0.12017662
3866	0.12932662
3867	0.13714424
3868	0.08699444
3869	0.09675864
3870	0.10797865
3871	0.09580917
3872	0.10822293
3873	0.12177269
3874	0.10049184
3875	0.12868766
3876	0.16768320
3877	0.07202196
3878	0.12287715
3879	0.15777825
3880	0.11513584
3881	0.15962228
3882	0.11923644
3883	0.07828478
3884	0.14276741
3885	0.06852865
3886	0.12202813
3887	0.07986526
3888	0.12477163
3889	0.12480864
3890	0.14037853
3891	0.09592362
3892	0.13933393
3893	0.10525678
3894	0.09867476
3895	0.09100150
3896	0.10527776
3897	0.13166554
3898	0.09239846
3899	0.10491384
3900	0.07706173
3901	0.12892626
3902	0.10543823
3903	0.10060873
3904	0.10692358
3905	0.07295256
3906	0.14436603
3907	0.11673722
3908	0.08224692
3909	0.12274590
3910	0.14553105
3911	0.09064448
3912	0.15465170
3913	0.08211250
3914	0.09394939
3915	0.07234314
3916	0.14137196
3917	0.09496603
3918	0.08207216
3919	0.14834931
3920	0.10491790
3921	0.13124403
3922	0.11610560
3923	0.07979752
3924	0.12888884
3925	0.10683340
3926	0.09992748
3927	0.14518389
3928	0.09579805
3929	0.08628157
3930	0.13017074
3931	0.13802995
3932	0.08926437
3933	0.12812110
3934	0.13995126
3935	0.08756652
3936	0.06984395
3937	0.14017646
3938	0.10896591
3939	0.08146997
3940	0.12577707
3941	0.08272800
3942	0.13732942
3943	0.09735154
3944	0.07805321
3945	0.09080097
3946	0.08022325
3947	0.10575296
3948	0.12888141
3949	0.14019237
3950	0.11351339
3951	0.09339675
3952	0.13536664
3953	0.13853194
3954	0.14811238
3955	0.07705450
3956	0.11365073
3957	0.09524387
3958	0.11411193
3959	0.12200106
3960	0.08534838
3961	0.10908506
3962	0.08266672
3963	0.11883442
3964	0.06732687
3965	0.14195572
3966	0.14507756
3967	0.10955820
3968	0.09253190
3969	0.09713547
3970	0.12382261
3971	0.10036579
3972	0.10502581
3973	0.11800162
3974	0.06212265
3975	0.12873356
3976	0.10906226
3977	0.08233011
3978	0.10808474
3979	0.09578377
3980	0.16479610
3981	0.08588255
3982	0.10862370
3983	0.12367114
3984	0.11247869
3985	0.10386575
3986	0.11278072
3987	0.07992370
3988	0.07166920
3989	0.12808661
3990	0.10958093
3991	0.12200621
3992	0.14039460
3993	0.10286741
3994	0.10742902
3995	0.12070913
3996	0.07636948
3997	0.12878064
3998	0.10591696
3999	0.12690158
4000	0.10178429
4001	0.09447330
4002	0.08082877
4003	0.11878442
4004	0.10738766
4005	0.15581879
4006	0.11617070
4007	0.10092735
4008	0.11744067
4009	0.11939501
4010	0.06940345
4011	0.10890268
4012	0.09604545
4013	0.08261843
4014	0.10938316
4015	0.15179513
4016	0.09184509
4017	0.10056368
4018	0.10561299
4019	0.10885491
4020	0.07216047
4021	0.12039476
4022	0.05896364
4023	0.12718592
4024	0.08877804
4025	0.07287549
4026	0.12360183
4027	0.10264168
4028	0.07358421
4029	0.07154249
4030	0.10187894
4031	0.08755402
4032	0.11440528
4033	0.10983575
4034	0.14219257
4035	0.08442597
4036	0.11099038
4037	0.09517017
4038	0.14609935
4039	0.12505852
4040	0.11014383
4041	0.06801855
4042	0.10540353
4043	0.12326485
4044	0.12320702
4045	0.12346441
4046	0.13624866
4047	0.09902914
4048	0.07334838
4049	0.11268231
4050	0.08883470
4051	0.06780694
4052	0.09536514
4053	0.06997886
4054	0.14131976
4055	0.07737711
4056	0.12525491
4057	0.11303941
4058	0.12107796
4059	0.08619464
4060	0.15778300
4061	0.12296311
4062	0.12282261
4063	0.13577950
4064	0.09168011
4065	0.12340114
4066	0.15188450
4067	0.10048912
4068	0.15818868
4069	0.10552926
4070	0.10249517
4071	0.10118949
4072	0.09367618
4073	0.08488904
4074	0.07837313
4075	0.09254168
4076	0.09204667
4077	0.14819127
4078	0.06843235
4079	0.09632289
4080	0.05698141
4081	0.10742934
4082	0.14092614
4083	0.09007812
4084	0.08827301
4085	0.09386469
4086	0.14647029
4087	0.09896502
4088	0.13108381
4089	0.11596997
4090	0.10200284
4091	0.12508279
4092	0.11793531
4093	0.11606218
4094	0.05405613
4095	0.09681149
4096	0.12088231
4097	0.13004744
4098	0.10609720
4099	0.11029294
4100	0.07996794
4101	0.13566258
4102	0.09366140
4103	0.07303328
4104	0.18061364
4105	0.11908657
4106	0.11275085
4107	0.07953519
4108	0.14084789
4109	0.10064862
4110	0.13199002
4111	0.11527301
4112	0.09197265
4113	0.07944115
4114	0.14416619
4115	0.08638052
4116	0.10180081
4117	0.09313592
4118	0.08873157
4119	0.09379131
4120	0.08676441
4121	0.10081161
4122	0.10187224
4123	0.09717606
4124	0.08838571
4125	0.10804351
4126	0.08585731
4127	0.08378056
4128	0.11670625
4129	0.10936567
4130	0.14084951
4131	0.12035349
4132	0.10178709
4133	0.10630808
4134	0.13622419
4135	0.08911485
4136	0.13082549
4137	0.09428141
4138	0.13000718
4139	0.08064249
4140	0.11283369
4141	0.13589205
4142	0.10379907
4143	0.08134752
4144	0.11460337
4145	0.12877849
4146	0.14324136
4147	0.08632516
4148	0.07555950
4149	0.10399838
4150	0.08704107
4151	0.11995548
4152	0.07891506
4153	0.08977520
4154	0.06064769
4155	0.08358588
4156	0.10317062
4157	0.11840645
4158	0.07519399
4159	0.10318592
4160	0.07444980
4161	0.07868251
4162	0.06789180
4163	0.09248231
4164	0.15729188
4165	0.16605605
4166	0.08170946
4167	0.07498466
4168	0.10690313
4169	0.12018109
4170	0.10109265
4171	0.14180743
4172	0.06785280
4173	0.07741396
4174	0.10529939
4175	0.10214980
4176	0.11041376
4177	0.10337029
4178	0.11465743
4179	0.17050998
4180	0.10131364
4181	0.07490864
4182	0.08903040
4183	0.09070645
4184	0.10871924
4185	0.09876676
4186	0.07518994
4187	0.10018003
4188	0.08039107
4189	0.12168596
4190	0.09201465
4191	0.08045337
4192	0.06201587
4193	0.09796234
4194	0.13388304
4195	0.10851457
4196	0.12515946
4197	0.11430446
4198	0.12079148
4199	0.09612675
4200	0.06343685
4201	0.09481940
4202	0.11088835
4203	0.11847062
4204	0.10073791
4205	0.11717399
4206	0.13210601
4207	0.10321120
4208	0.09790954
4209	0.12335759
4210	0.08105041
4211	0.06358117
4212	0.06526457
4213	0.09592630
4214	0.07504343
4215	0.07274517
4216	0.10788620
4217	0.10738442
4218	0.07101433
4219	0.08279306
4220	0.07819627
4221	0.08838791
4222	0.13855223
4223	0.10726668
4224	0.12629018
4225	0.11659257
4226	0.09556603
4227	0.06544545
4228	0.10097857
4229	0.08375832
4230	0.09893738
4231	0.08226725
4232	0.09591092
4233	0.13125576
4234	0.14164034
4235	0.06818750
4236	0.09528726
4237	0.07531254
4238	0.12414716
4239	0.11046096
4240	0.11388774
4241	0.07885905
4242	0.12313640
4243	0.10934696
4244	0.10759748
4245	0.10662216
4246	0.13947955
4247	0.16009269
4248	0.08004278
4249	0.09325410
4250	0.08135564
4251	0.06331652
4252	0.08943653
4253	0.14347695
4254	0.07283162
4255	0.10551912
4256	0.13312110
4257	0.07740747
4258	0.09443722
4259	0.10712577
4260	0.09269099
4261	0.10362155
4262	0.12529521
4263	0.07348791
4264	0.11361071
4265	0.11531230
4266	0.10422541
4267	0.11545933
4268	0.14016449
4269	0.09715422
4270	0.08666830
4271	0.12736242
4272	0.16247776
4273	0.06536502
4274	0.13555195
4275	0.09580110
4276	0.12063575
4277	0.09556981
4278	0.09682524
4279	0.09762435
4280	0.14394862
4281	0.10538880
4282	0.14708316
4283	0.12215183
4284	0.13397411
4285	0.11367524
4286	0.14137553
4287	0.07680434
4288	0.06721774
4289	0.07336518
4290	0.07298677
4291	0.14462573
4292	0.10864513
4293	0.17952309
4294	0.07698088
4295	0.10246688
4296	0.09702001
4297	0.12383973
4298	0.08868198
4299	0.08235483
4300	0.09063076
4301	0.13393129
4302	0.09488787
4303	0.12371737
4304	0.11110020
4305	0.07887930
4306	0.08588024
4307	0.07201230
4308	0.13708466
4309	0.07934789
4310	0.14716205
4311	0.14618470
4312	0.10382565
4313	0.09222504
4314	0.09669663
4315	0.09613198
4316	0.14844679
4317	0.11230982
4318	0.14259164
4319	0.06897017
4320	0.09924087
4321	0.12336684
4322	0.10090629
4323	0.08831522
4324	0.06950008
4325	0.11416360
4326	0.08576230
4327	0.09083754
4328	0.12476157
4329	0.11213332
4330	0.12006376
4331	0.05161258
4332	0.08241449
4333	0.09390800
4334	0.08816136
4335	0.09193450
4336	0.07341765
4337	0.14561193
4338	0.05105333
4339	0.10401591
4340	0.17412808
4341	0.11406051
4342	0.08920917
4343	0.11748320
4344	0.06715333
4345	0.08398620
4346	0.11800227
4347	0.13223527
4348	0.10665954
4349	0.11585743
4350	0.11007808
4351	0.07686282
4352	0.12212500
4353	0.12916636
4354	0.09973693
4355	0.13978478
4356	0.09004196
4357	0.10943864
4358	0.11733730
4359	0.09548961
4360	0.12669164
4361	0.08233941
4362	0.05913547
4363	0.07602662
4364	0.09844659
4365	0.08166429
4366	0.09667739
4367	0.12457192
4368	0.13864407
4369	0.11937861
4370	0.06601246
4371	0.12410211
4372	0.13165852
4373	0.06369099
4374	0.08760345
4375	0.07731891
4376	0.10069825
4377	0.15465114
4378	0.10762524
4379	0.09900154
4380	0.11940280
4381	0.10521644
4382	0.15490130
4383	0.12017167
4384	0.13310244
4385	0.12266104
4386	0.09982516
4387	0.06839679
4388	0.11959846
4389	0.07371522
4390	0.13465804
4391	0.09416039
4392	0.11812508
4393	0.11859265
4394	0.11445394
4395	0.15083145
4396	0.14676067
4397	0.15246709
4398	0.11383425
4399	0.09114858
4400	0.08366149
4401	0.10240678
4402	0.13333068
4403	0.11163259
4404	0.14187626
4405	0.13392151
4406	0.13455097
4407	0.11549732
4408	0.10969687
4409	0.06479817
4410	0.13244606
4411	0.08188231
4412	0.09917679
4413	0.09094152
4414	0.10777772
4415	0.13792597
4416	0.10376843
4417	0.10446875
4418	0.07736932
4419	0.13451315
4420	0.07344355
4421	0.07120199
4422	0.14493300
4423	0.12628072
4424	0.08456489
4425	0.07577817
4426	0.10288616
4427	0.15011867
4428	0.13136173
4429	0.07507618
4430	0.12737382
4431	0.09761814
4432	0.10801254
4433	0.10843032
4434	0.06775783
4435	0.10345804
4436	0.06931473
4437	0.08921648
4438	0.11951132
4439	0.12689485
4440	0.10662999
4441	0.09754825
4442	0.06243738
4443	0.14821903
4444	0.10974550
4445	0.10739209
4446	0.10672597
4447	0.12921729
4448	0.10440779
4449	0.08530950
4450	0.06559663
4451	0.13434931
4452	0.06626457
4453	0.11567094
4454	0.07243778
4455	0.08375495
4456	0.09715881
4457	0.12843726
4458	0.09200747
4459	0.10341165
4460	0.11477297
4461	0.08566583
4462	0.13272756
4463	0.11773433
4464	0.09694026
4465	0.13010077
4466	0.09419188
4467	0.11256149
4468	0.10088892
4469	0.06720645
4470	0.07714468
4471	0.10299659
4472	0.10382021
4473	0.13311757
4474	0.13787110
4475	0.10798267
4476	0.07305832
4477	0.10696372
4478	0.09599351
4479	0.09366445
4480	0.12067829
4481	0.12248912
4482	0.11521936
4483	0.09208937
4484	0.10900418
4485	0.13289813
4486	0.08835073
4487	0.09929428
4488	0.09687516
4489	0.11520584
4490	0.10593133
4491	0.11491165
4492	0.11477147
4493	0.16060118
4494	0.06743328
4495	0.08745564
4496	0.15001802
4497	0.10849452
4498	0.13940706
4499	0.14744797
4500	0.09181765
4501	0.11497313
4502	0.11097569
4503	0.06468084
4504	0.08181400
4505	0.09719692
4506	0.12028827
4507	0.11554079
4508	0.10371307
4509	0.06654813
4510	0.10278178
4511	0.15135341
4512	0.09351627
4513	0.10525828
4514	0.10251920
4515	0.12887317
4516	0.06203730
4517	0.15503198
4518	0.12899058
4519	0.09030937
4520	0.07979862
4521	0.09402009
4522	0.11002305
4523	0.08346603
4524	0.06836721
4525	0.07843912
4526	0.07355609
4527	0.11953766
4528	0.12496295
4529	0.08191587
4530	0.09133243
4531	0.13586047
4532	0.13019704
4533	0.08116510
4534	0.05714253
4535	0.12115694
4536	0.07731019
4537	0.08948718
4538	0.08633661
4539	0.15572330
4540	0.12145966
4541	0.13111136
4542	0.12414659
4543	0.09449935
4544	0.11626786
4545	0.08151899
4546	0.12725938
4547	0.14010057
4548	0.13533413
4549	0.10679436
4550	0.15225913
4551	0.06031981
4552	0.11741684
4553	0.09928478
4554	0.13879619
4555	0.12895637
4556	0.06849330
4557	0.06323551
4558	0.13037918
4559	0.13182212
4560	0.09326384
4561	0.09988178
4562	0.09404631
4563	0.07219164
4564	0.09826847
4565	0.12680402
4566	0.11520840
4567	0.08364249
4568	0.11313300
4569	0.09495398
4570	0.11565921
4571	0.13873571
4572	0.07576672
4573	0.10757123
4574	0.08043226
4575	0.12362459
4576	0.12485430
4577	0.06933644
4578	0.07856140
4579	0.11595239
4580	0.06958856
4581	0.11944144
4582	0.13532013
4583	0.13018206
4584	0.11318555
4585	0.10901153
4586	0.11670398
4587	0.10375852
4588	0.10209460
4589	0.08308531
4590	0.09091729
4591	0.09852338
4592	0.09053827
4593	0.10668243
4594	0.10583965
4595	0.10665860
4596	0.07391453
4597	0.06683344
4598	0.11780292
4599	0.10040812
4600	0.15083141
4601	0.08341376
4602	0.09181149
4603	0.09858559
4604	0.08113048
4605	0.07394817
4606	0.07683600
4607	0.09023397
4608	0.11762679
4609	0.12020698
4610	0.11743644
4611	0.08952800
4612	0.07991814
4613	0.06957037
4614	0.10497808
4615	0.15874679
4616	0.08006636
4617	0.09211230
4618	0.08355812
4619	0.15240564
4620	0.08326753
4621	0.13623571
4622	0.10526644
4623	0.13504627
4624	0.10788515
4625	0.05365365
4626	0.14491266
4627	0.12205357
4628	0.05941425
4629	0.11769298
4630	0.13614809
4631	0.12331916
4632	0.07101380
4633	0.08585211
4634	0.10060471
4635	0.11922634
4636	0.11318308
4637	0.10625576
4638	0.10758511
4639	0.08412796
4640	0.09185061
4641	0.17142025
4642	0.08075576
4643	0.12924111
4644	0.10770787
4645	0.09444521
4646	0.07315536
4647	0.15473884
4648	0.10731035
4649	0.08845381
4650	0.14213397
4651	0.12548527
4652	0.15154253
4653	0.10797370
4654	0.12578060
4655	0.13439894
4656	0.11353157
4657	0.11895787
4658	0.07366518
4659	0.13278239
4660	0.05475877
4661	0.09248064
4662	0.10259821
4663	0.10864846
4664	0.12204692
4665	0.10149777
4666	0.07711331
4667	0.11240852
4668	0.09648705
4669	0.12163860
4670	0.09955869
4671	0.07237614
4672	0.05699748
4673	0.10768320
4674	0.10391713
4675	0.07960402
4676	0.10689468
4677	0.10949578
4678	0.10681242
4679	0.10797407
4680	0.10984014
4681	0.10661181
4682	0.10214659
4683	0.07052504
4684	0.12504700
4685	0.15277001
4686	0.07399870
4687	0.08403080
4688	0.05508186
4689	0.06429083
4690	0.10362005
4691	0.15734858
4692	0.10354481
4693	0.05945406
4694	0.11831976
4695	0.08015422
4696	0.07676859
4697	0.07175913
4698	0.07842614
4699	0.11656498
4700	0.10062403
4701	0.10474834
4702	0.11795946
4703	0.07727646
4704	0.06907942
4705	0.06688620
4706	0.12751668
4707	0.09660418
4708	0.09613166
4709	0.10818762
4710	0.12297683
4711	0.11328929
4712	0.14065211
4713	0.08424412
4714	0.08295714
4715	0.06808782
4716	0.11136278
4717	0.10485735
4718	0.07286972
4719	0.09938908
4720	0.08422691
4721	0.08683791
4722	0.07385901
4723	0.09329326
4724	0.07145442
4725	0.06767735
4726	0.11819785
4727	0.08329184
4728	0.08399343
4729	0.06038511
4730	0.11897516
4731	0.06302829
4732	0.12496092
4733	0.08118811
4734	0.12074058
4735	0.08975994
4736	0.09106972
4737	0.08518787
4738	0.08162707
4739	0.11883600
4740	0.12967468
4741	0.13407244
4742	0.07208028
4743	0.11133949
4744	0.07351112
4745	0.11225321
4746	0.13158494
4747	0.10556814
4748	0.09716457
4749	0.07244825
4750	0.11995787
4751	0.07911603
4752	0.10630016
4753	0.10936790
4754	0.10129241
4755	0.11276075
4756	0.09690280
4757	0.10090869
4758	0.08989943
4759	0.09580150
4760	0.11441149
4761	0.11033226
4762	0.11858543
4763	0.09297021
4764	0.16194935
4765	0.07894302
4766	0.12058222
4767	0.09659067
4768	0.08146652
4769	0.10632244
4770	0.13223811
4771	0.13139481
4772	0.09098113
4773	0.07998961
4774	0.06058015
4775	0.09880089
4776	0.14509817
4777	0.09557756
4778	0.09039014
4779	0.08635146
4780	0.09470300
4781	0.07280617
4782	0.09445434
4783	0.12105613
4784	0.10095836
4785	0.08780471
4786	0.07813105
4787	0.11576157
4788	0.09256830
4789	0.08911567
4790	0.09159903
4791	0.13788206
4792	0.10840702
4793	0.09609379
4794	0.05839943
4795	0.09502415
4796	0.08427386
4797	0.13233239
4798	0.14403437
4799	0.09113105
4800	0.10636473
4801	0.06248149
4802	0.04889403
4803	0.11906299
4804	0.09231985
4805	0.10160568
4806	0.09525414
4807	0.09124838
4808	0.11315016
4809	0.11442658
4810	0.09556656
4811	0.10885219
4812	0.08640804
4813	0.10412549
4814	0.14372959
4815	0.07524229
4816	0.07495576
4817	0.09966627
4818	0.08716761
4819	0.10322833
4820	0.10778969
4821	0.11045974
4822	0.13885609
4823	0.13819306
4824	0.10933726
4825	0.14481250
4826	0.11750414
4827	0.08952358
4828	0.08876607
4829	0.16104736
4830	0.08565219
4831	0.10128454
4832	0.05884172
4833	0.09893283
4834	0.07301226
4835	0.11107248
4836	0.16137094
4837	0.10737796
4838	0.12726218
4839	0.11169395
4840	0.08095718
4841	0.06721242
4842	0.12188413
4843	0.07605820
4844	0.09679838
4845	0.08880698
4846	0.11692886
4847	0.09949736
4848	0.09696400
4849	0.10538502
4850	0.07115365
4851	0.12412175
4852	0.06644249
4853	0.11093153
4854	0.10732431
4855	0.06683807
4856	0.09016562
4857	0.08089813
4858	0.09781356
4859	0.13319830
4860	0.11616729
4861	0.07734351
4862	0.08355215
4863	0.07901177
4864	0.09155864
4865	0.10038977
4866	0.14731713
4867	0.12481477
4868	0.08150690
4869	0.06715333
4870	0.09778973
4871	0.10029651
4872	0.10274444
4873	0.07551644
4874	0.07285126
4875	0.07765292
4876	0.15463555
4877	0.06695069
4878	0.08032512
4879	0.10759537
4880	0.12325678
4881	0.10478458
4882	0.15434858
4883	0.12753864
4884	0.10061859
4885	0.07658433
4886	0.08707037
4887	0.08334878
4888	0.11150877
4889	0.08949769
4890	0.09959115
4891	0.12138377
4892	0.10978048
4893	0.07986538
4894	0.07423174
4895	0.11862212
4896	0.08589127
4897	0.14962877
4898	0.09565779
4899	0.11560597
4900	0.13380617
4901	0.12484671
4902	0.11490986
4903	0.11332484
4904	0.12861968
4905	0.09397963
4906	0.09459172
4907	0.08302001
4908	0.11252845
4909	0.13230235
4910	0.12552179
4911	0.12872070
4912	0.06738864
4913	0.11444050
4914	0.07177666
4915	0.06261506
4916	0.10938300
4917	0.10796100
4918	0.14177248
4919	0.10845317
4920	0.09214168
4921	0.11700706
4922	0.15488608
4923	0.06489347
4924	0.10861372
4925	0.07076741
4926	0.11908596
4927	0.11476912
