0	0.36499495
1	0.36642743
2	0.36679625
3	0.36700111
4	0.36035221
5	0.35932392
6	0.25193946
7	0.31435525
8	0.34877146
9	0.34612257
10	0.35010587
11	0.35013383
12	0.36557531
13	0.33601116
14	0.28852397
15	0.32166141
16	0.36579581
17	0.33553008
18	0.31021449
19	0.35301723
20	0.27025371
21	0.32658556
22	0.30599885
23	0.24404601
24	0.36298696
25	0.35303234
26	0.32292478
27	0.29513056
28	0.31310698
29	0.21789028
30	0.28194177
31	0.19453624
32	0.25056824
33	0.34652180
34	0.27479153
35	0.33301116
36	0.27194259
37	0.32629235
38	0.32217724
39	0.34039803
40	0.32129668
41	0.32687185
42	0.30007579
43	0.25245861
44	0.30847546
45	0.29878465
46	0.18825452
47	0.17316107
48	0.34900611
49	0.28010274
50	0.32524346
51	0.33953162
52	0.26617998
53	0.27063604
54	0.28771025
55	0.26751039
56	0.32777089
57	0.26307743
58	0.31353090
59	0.25504976
60	0.33289182
61	0.21584187
62	0.18159302
63	0.19589394
64	0.27507252
65	0.26626246
66	0.29339981
67	0.22835005
68	0.25505563
69	0.30871795
70	0.21792291
71	0.21439832
72	0.35927782
73	0.29576453
74	0.27308879
75	0.28313138
76	0.21348431
77	0.22544216
78	0.23781617
79	0.15725467
80	0.32707565
81	0.21023730
82	0.25147252
83	0.22601275
84	0.27836723
85	0.26477714
86	0.19001030
87	0.23427103
88	0.25796352
89	0.32470991
90	0.25903412
91	0.30434192
92	0.20348773
93	0.26219918
94	0.14982656
95	0.23782247
96	0.20830486
97	0.27695630
98	0.25294148
99	0.21597791
100	0.26509418
101	0.22113017
102	0.20673768
103	0.20826112
104	0.25938335
105	0.21145250
106	0.24874860
107	0.26262964
108	0.20493513
109	0.20399817
110	0.18672122
111	0.15840197
112	0.14176295
113	0.24887594
114	0.25923013
115	0.21100313
116	0.30346112
117	0.29239500
118	0.19119225
119	0.18299066
120	0.29459283
121	0.34502262
122	0.29429971
123	0.20192632
124	0.28362960
125	0.17484937
126	0.26638811
127	0.24856092
128	0.26091376
129	0.28020371
130	0.23221689
131	0.25919370
132	0.24186280
133	0.16504856
134	0.23659413
135	0.17769350
136	0.30275630
137	0.27957243
138	0.30134904
139	0.20605115
140	0.17043407
141	0.22153850
142	0.24953215
143	0.14829018
144	0.27103585
145	0.18841246
146	0.22359904
147	0.20533133
148	0.18531708
149	0.15623874
150	0.20513965
151	0.21913628
152	0.20705626
153	0.32883056
154	0.16019923
155	0.19891771
156	0.17603056
157	0.14085962
158	0.20093951
159	0.16960409
160	0.19042156
161	0.15621131
162	0.27449374
163	0.25299307
164	0.22793114
165	0.16703253
166	0.23867753
167	0.24262594
168	0.17419302
169	0.28162522
170	0.24712151
171	0.23093965
172	0.22002228
173	0.21752348
174	0.19896189
175	0.14971862
176	0.19722002
177	0.21948215
178	0.17569389
179	0.18217916
180	0.19370597
181	0.16599687
182	0.19942036
183	0.16224413
184	0.22452892
185	0.19133903
186	0.18952926
187	0.17767209
188	0.13000361
189	0.14684119
190	0.17376424
191	0.17317324
192	0.19596901
193	0.25772368
194	0.13701732
195	0.20264086
196	0.17280563
197	0.15678167
198	0.17408720
199	0.13315005
200	0.17907310
201	0.17974923
202	0.26666059
203	0.22595558
204	0.24459360
205	0.17391805
206	0.19923864
207	0.17861088
208	0.17076020
209	0.22481126
210	0.19493397
211	0.20185149
212	0.18593922
213	0.18609028
214	0.13230351
215	0.18482161
216	0.21966328
217	0.28010987
218	0.22823585
219	0.26571218
220	0.18525236
221	0.15331973
222	0.18701978
223	0.19758494
224	0.14720751
225	0.25615539
226	0.16967969
227	0.18868402
228	0.13732907
229	0.15410014
230	0.17741020
231	0.11559846
232	0.18025308
233	0.17412998
234	0.20171328
235	0.17476761
236	0.17551516
237	0.23628450
238	0.09291266
239	0.13671833
240	0.23571877
241	0.20404769
242	0.15117536
243	0.16560414
244	0.16729076
245	0.18595332
246	0.11650934
247	0.24709148
248	0.20804774
249	0.20937016
250	0.18399384
251	0.20697281
252	0.17841578
253	0.19590351
254	0.14838710
255	0.17891160
256	0.22547262
257	0.24981819
258	0.22253855
259	0.22130265
260	0.19218840
261	0.19320250
262	0.16703859
263	0.18313888
264	0.15187348
265	0.17950443
266	0.17838773
267	0.19456800
268	0.20306299
269	0.21934225
270	0.20911612
271	0.16295318
272	0.21445260
273	0.17963609
274	0.15511612
275	0.19895823
276	0.19336169
277	0.17991959
278	0.20137074
279	0.19446704
280	0.22239981
281	0.16345929
282	0.20448258
283	0.18774028
284	0.15822796
285	0.19114249
286	0.16488316
287	0.15597392
288	0.18120597
289	0.22246790
290	0.16251347
291	0.17133744
292	0.18386141
293	0.13107955
294	0.18065563
295	0.14173802
296	0.13319832
297	0.19338407
298	0.14437098
299	0.17781251
300	0.16478576
301	0.14811328
302	0.18541088
303	0.16400231
304	0.19185457
305	0.11826218
306	0.23524086
307	0.16176968
308	0.24527108
309	0.21434658
310	0.14289836
311	0.15193085
312	0.19139379
313	0.16916612
314	0.21205539
315	0.24091944
316	0.17168349
317	0.12394615
318	0.17307151
319	0.14952517
320	0.16515404
321	0.19732931
322	0.21410212
323	0.18705544
324	0.16774928
325	0.22889432
326	0.18493600
327	0.16006607
328	0.14337084
329	0.14518090
330	0.21520890
331	0.14753677
332	0.14671559
333	0.19839952
334	0.15732536
335	0.12923311
336	0.14992478
337	0.20071603
338	0.15354206
339	0.17104254
340	0.13981915
341	0.15709851
342	0.15595962
343	0.15111795
344	0.16735178
345	0.18292560
346	0.17539057
347	0.11582714
348	0.20426588
349	0.14272108
350	0.14647440
351	0.13840857
352	0.23394832
353	0.20596386
354	0.18594018
355	0.21447551
356	0.17374798
357	0.12352863
358	0.18091333
359	0.13683710
360	0.14153672
361	0.18675881
362	0.13743446
363	0.12486646
364	0.14623499
365	0.18305476
366	0.17250770
367	0.14168484
368	0.23630664
369	0.21907310
370	0.13037430
371	0.19152353
372	0.17731357
373	0.16717180
374	0.16859427
375	0.15830390
376	0.20479172
377	0.13932960
378	0.14975520
379	0.15261506
380	0.10908075
381	0.13350645
382	0.18885765
383	0.20362209
384	0.16753662
385	0.15008272
386	0.19116102
387	0.19954081
388	0.14349418
389	0.10998725
390	0.13983224
391	0.17864471
392	0.12923768
393	0.13057859
394	0.22643099
395	0.13902618
396	0.17977194
397	0.18146251
398	0.15407863
399	0.14787676
400	0.14703162
401	0.20785823
402	0.16795592
403	0.17770746
404	0.13425881
405	0.12790303
406	0.14102546
407	0.13263075
408	0.17222623
409	0.21250087
410	0.16181704
411	0.19908167
412	0.16043888
413	0.16278628
414	0.19375448
415	0.12621559
416	0.14114148
417	0.15781660
418	0.14684408
419	0.15952618
420	0.12302406
421	0.15441689
422	0.18781550
423	0.13981477
424	0.18956761
425	0.19922993
426	0.18721829
427	0.16703085
428	0.16498638
429	0.21471829
430	0.14261136
431	0.13990929
432	0.14302517
433	0.14918614
434	0.18347507
435	0.19628778
436	0.15603908
437	0.11429408
438	0.17483701
439	0.15535452
440	0.16116564
441	0.14746232
442	0.19913292
443	0.19494297
444	0.14778114
445	0.12087964
446	0.15488354
447	0.13979172
448	0.16873436
449	0.12988518
450	0.16748479
451	0.18265308
452	0.15493961
453	0.14982060
454	0.12137445
455	0.13723619
456	0.17993744
457	0.15982267
458	0.13239894
459	0.14717849
460	0.13389475
461	0.15947137
462	0.10868807
463	0.13258436
464	0.11923653
465	0.16044384
466	0.15466723
467	0.13323263
468	0.17844153
469	0.15411627
470	0.12858787
471	0.15083792
472	0.11903826
473	0.13309986
474	0.12600982
475	0.16861333
476	0.15503186
477	0.16927469
478	0.10213296
479	0.15707666
480	0.17069514
481	0.11649076
482	0.19922661
483	0.19533032
484	0.19970250
485	0.17277680
486	0.15892700
487	0.11055996
488	0.19869288
489	0.16884557
490	0.14654798
491	0.13200510
492	0.13229567
493	0.14840144
494	0.13943888
495	0.16224774
496	0.16928691
497	0.19783186
498	0.14670539
499	0.18381728
500	0.14657021
501	0.11967281
502	0.16399649
503	0.17388715
504	0.18460871
505	0.17440775
506	0.15179500
507	0.19725833
508	0.10577300
509	0.15744885
510	0.14889995
511	0.11748513
512	0.14402680
513	0.14385910
514	0.15343248
515	0.17211372
516	0.15226886
517	0.21404057
518	0.12074042
519	0.15390327
520	0.08021039
521	0.15630654
522	0.12939471
523	0.14213186
524	0.14761107
525	0.10741891
526	0.16723244
527	0.11471617
528	0.17273547
529	0.13436679
530	0.17500294
531	0.15801603
532	0.15606463
533	0.17905549
534	0.10655414
535	0.13624158
536	0.16005212
537	0.13605390
538	0.09686574
539	0.17826295
540	0.13461901
541	0.17639220
542	0.15336011
543	0.14591588
544	0.19992055
545	0.09999490
546	0.18102931
547	0.15920828
548	0.15181829
549	0.10178181
550	0.14902700
551	0.15922820
552	0.13523884
553	0.09585996
554	0.19891646
555	0.12363585
556	0.13841343
557	0.14215597
558	0.12163686
559	0.10963109
560	0.17756607
561	0.09535823
562	0.18546867
563	0.19053104
564	0.13718513
565	0.14244451
566	0.15635568
567	0.13167830
568	0.12707695
569	0.12023556
570	0.19426574
571	0.13098513
572	0.15545289
573	0.17324004
574	0.14637137
575	0.11596011
576	0.10213850
577	0.10725558
578	0.12197680
579	0.14463941
580	0.16180395
581	0.08599139
582	0.15432156
583	0.18320852
584	0.20440082
585	0.13571545
586	0.15061145
587	0.15041790
588	0.13114312
589	0.18832416
590	0.11647064
591	0.15220380
592	0.09152993
593	0.17995712
594	0.15328051
595	0.14306742
596	0.15559475
597	0.11936858
598	0.13320496
599	0.14802613
600	0.17105500
601	0.11850308
602	0.11418845
603	0.15990693
604	0.17128321
605	0.13583489
606	0.10036732
607	0.11266838
608	0.16171280
609	0.17962113
610	0.13576588
611	0.14268758
612	0.12718739
613	0.11985115
614	0.11080308
615	0.11067517
616	0.09233527
617	0.11672628
618	0.15759273
619	0.11960520
620	0.19231155
621	0.13074697
622	0.15764394
623	0.12655679
624	0.15564009
625	0.16101752
626	0.13546482
627	0.14460043
628	0.11722680
629	0.12143912
630	0.16213272
631	0.13291198
632	0.12849394
633	0.13418210
634	0.14006838
635	0.13905289
636	0.14625120
637	0.12438989
638	0.13968402
639	0.14574851
640	0.14786338
641	0.09401824
642	0.14573855
643	0.11448345
644	0.12075472
645	0.11414235
646	0.12935423
647	0.10122714
648	0.18789167
649	0.10816213
650	0.14575202
651	0.14318590
652	0.17688200
653	0.10180717
654	0.19096651
655	0.09905881
656	0.12772517
657	0.13245476
658	0.16723725
659	0.11645419
660	0.13256848
661	0.10850462
662	0.10971963
663	0.13547801
664	0.17864567
665	0.16356732
666	0.14523321
667	0.12917218
668	0.13481314
669	0.11704817
670	0.14330423
671	0.14907936
672	0.12833561
673	0.14814885
674	0.15948465
675	0.11068859
676	0.11636578
677	0.20675342
678	0.16859875
679	0.12070221
680	0.15319885
681	0.15885929
682	0.13550226
683	0.17481449
684	0.14204885
685	0.18046193
686	0.11694793
687	0.11168778
688	0.12127685
689	0.13215500
690	0.12822223
691	0.14611752
692	0.14940592
693	0.14331930
694	0.11917931
695	0.13724577
696	0.16438008
697	0.13695544
698	0.12863874
699	0.11364990
700	0.10376655
701	0.17034066
702	0.12301198
703	0.14627295
704	0.19255423
705	0.13767045
706	0.12268041
707	0.12217502
708	0.14202474
709	0.15791906
710	0.13279750
711	0.12051675
712	0.15468710
713	0.11771112
714	0.11222955
715	0.13852262
716	0.14306338
717	0.19267305
718	0.11971285
719	0.12302806
720	0.15953657
721	0.13877863
722	0.15347464
723	0.10420621
724	0.17247093
725	0.14574957
726	0.10722358
727	0.14883710
728	0.15446362
729	0.10755327
730	0.11463446
731	0.13805866
732	0.16193782
733	0.12705731
734	0.10128653
735	0.08478292
736	0.09768763
737	0.15498292
738	0.16837170
739	0.17466107
740	0.10325380
741	0.11216468
742	0.14324427
743	0.13897358
744	0.17983672
745	0.13479764
746	0.12318739
747	0.15247844
748	0.08553855
749	0.14504942
750	0.09698431
751	0.13948975
752	0.15302036
753	0.10002060
754	0.12824326
755	0.10973547
756	0.11294148
757	0.14702507
758	0.17529966
759	0.12843768
760	0.18079976
761	0.14601550
762	0.15722267
763	0.11434533
764	0.13479711
765	0.12771843
766	0.12591434
767	0.11953898
768	0.10082146
769	0.16536906
770	0.21963224
771	0.12512156
772	0.11580683
773	0.09460019
774	0.15533778
775	0.12088672
776	0.12477671
777	0.11982117
778	0.14456814
779	0.11034533
780	0.12806910
781	0.11212546
782	0.16760847
783	0.11623691
784	0.13583571
785	0.10536910
786	0.14055356
787	0.13191723
788	0.17386030
789	0.14097344
790	0.11198470
791	0.11910072
792	0.12564548
793	0.09924220
794	0.15914124
795	0.11714687
796	0.13032555
797	0.14261246
798	0.10558710
799	0.14399485
800	0.14123128
801	0.17425534
802	0.15855058
803	0.10846627
804	0.13932993
805	0.09001752
806	0.13442045
807	0.11982685
808	0.14469066
809	0.14893677
810	0.14220019
811	0.12624076
812	0.17609774
813	0.11822854
814	0.12160621
815	0.13532825
816	0.12544278
817	0.08616347
818	0.13971612
819	0.10616814
820	0.13696319
821	0.15334480
822	0.13387233
823	0.09132786
824	0.13501420
825	0.14817815
826	0.18313542
827	0.13129456
828	0.12435361
829	0.15543980
830	0.15285183
831	0.10110294
832	0.11930241
833	0.13043142
834	0.13330409
835	0.14024552
836	0.15837849
837	0.13824139
838	0.11791078
839	0.15805048
840	0.13195226
841	0.11626756
842	0.12047902
843	0.11764808
844	0.09391651
845	0.10056169
846	0.13064398
847	0.12469004
848	0.13269461
849	0.11987166
850	0.12205953
851	0.16987652
852	0.12551429
853	0.10061583
854	0.12783638
855	0.11024394
856	0.14057093
857	0.14150433
858	0.14972016
859	0.10966256
860	0.13608518
861	0.08410414
862	0.13285197
863	0.15252243
864	0.08850342
865	0.19058556
866	0.10777271
867	0.15123936
868	0.10622608
869	0.11736872
870	0.14792060
871	0.11022209
872	0.12182002
873	0.13534033
874	0.13724918
875	0.10693936
876	0.07723936
877	0.13208378
878	0.08869398
879	0.15215707
880	0.10042579
881	0.14575876
882	0.08476679
883	0.11503782
884	0.14100154
885	0.14320226
886	0.10591704
887	0.08051752
888	0.12229740
889	0.21341670
890	0.11396732
891	0.14826400
892	0.08906930
893	0.10962940
894	0.13792295
895	0.10610693
896	0.12083720
897	0.16081805
898	0.10790342
899	0.09124909
900	0.09536771
901	0.12256910
902	0.12073426
903	0.15399269
904	0.13285722
905	0.12535361
906	0.15007748
907	0.10900005
908	0.13418927
909	0.11696039
910	0.12103513
911	0.11602459
912	0.10465635
913	0.13468840
914	0.08193513
915	0.10526655
916	0.15606299
917	0.13416280
918	0.11917541
919	0.09515837
920	0.10504033
921	0.15398431
922	0.13456935
923	0.13957064
924	0.13233234
925	0.14002993
926	0.15521627
927	0.09653162
928	0.16546800
929	0.15986708
930	0.17689533
931	0.13944533
932	0.14615823
933	0.12099153
934	0.16128994
935	0.14279755
936	0.16485014
937	0.11314394
938	0.16193999
939	0.10724192
940	0.16852151
941	0.10177175
942	0.11903316
943	0.12662382
944	0.10870558
945	0.09124379
946	0.14827377
947	0.12815515
948	0.11751141
949	0.13848479
950	0.11091184
951	0.14538864
952	0.11853508
953	0.12995332
954	0.15164350
955	0.11338474
956	0.10819480
957	0.13135462
958	0.11071684
959	0.08652098
960	0.10614143
961	0.15261516
962	0.11544297
963	0.12980929
964	0.13724639
965	0.11069042
966	0.10220361
967	0.14435472
968	0.09936867
969	0.12968701
970	0.16637295
971	0.11717262
972	0.12887358
973	0.07791910
974	0.13060217
975	0.09728643
976	0.18058455
977	0.14784658
978	0.13706477
979	0.09954283
980	0.11745313
981	0.12766752
982	0.09114500
983	0.14395611
984	0.11463667
985	0.15524841
986	0.14377502
987	0.10489875
988	0.14744456
989	0.12135164
990	0.08881343
991	0.14063123
992	0.09951747
993	0.16996280
994	0.12146400
995	0.16957873
996	0.09828460
997	0.12203691
998	0.10457579
999	0.12025943
1000	0.13277045
1001	0.17226242
1002	0.13423898
1003	0.12050385
1004	0.11745568
1005	0.14690063
1006	0.12508393
1007	0.14442449
1008	0.10539475
1009	0.09552531
1010	0.12968523
1011	0.09357724
1012	0.13234158
1013	0.11702791
1014	0.11678306
1015	0.13693609
1016	0.11401829
1017	0.08514100
1018	0.12501809
1019	0.11300630
1020	0.12725558
1021	0.09652300
1022	0.14282522
1023	0.09602194
1024	0.09236343
1025	0.07314461
1026	0.11932459
1027	0.09250958
1028	0.10060419
1029	0.09508282
1030	0.11553518
1031	0.09189596
1032	0.10336506
1033	0.15137185
1034	0.14721867
1035	0.16281391
1036	0.08786266
1037	0.14780144
1038	0.13760650
1039	0.14094875
1040	0.13791939
1041	0.08710534
1042	0.09849167
1043	0.13181583
1044	0.09733041
1045	0.14224605
1046	0.06904384
1047	0.15390525
1048	0.13025698
1049	0.14365549
1050	0.12870837
1051	0.11929350
1052	0.11701222
1053	0.12651068
1054	0.15081959
1055	0.13798359
1056	0.08213234
1057	0.14058513
1058	0.07528677
1059	0.11551415
1060	0.11385024
1061	0.13228292
1062	0.10690399
1063	0.11105751
1064	0.10956920
1065	0.11303099
1066	0.15587705
1067	0.15383123
1068	0.13326328
1069	0.12886785
1070	0.14658378
1071	0.11815438
1072	0.13290443
1073	0.12316886
1074	0.12137190
1075	0.12741189
1076	0.10256699
1077	0.15165818
1078	0.11960043
1079	0.07473927
1080	0.10485192
1081	0.12314331
1082	0.10245265
1083	0.12149865
1084	0.10166862
1085	0.09218306
1086	0.09897945
1087	0.12600217
1088	0.12827830
1089	0.12140385
1090	0.16011150
1091	0.16191795
1092	0.12403142
1093	0.09117016
1094	0.13412132
1095	0.12066039
1096	0.12520500
1097	0.11301858
1098	0.09552190
1099	0.15399240
1100	0.10944370
1101	0.10167969
1102	0.16234495
1103	0.11413335
1104	0.13421862
1105	0.08272382
1106	0.06666521
1107	0.07605091
1108	0.12672984
1109	0.07998845
1110	0.14236097
1111	0.11092931
1112	0.10308744
1113	0.09739870
1114	0.13067536
1115	0.12959187
1116	0.14253359
1117	0.16448773
1118	0.08632979
1119	0.09924899
1120	0.08692247
1121	0.08791232
1122	0.11161367
1123	0.09067050
1124	0.11734586
1125	0.14374562
1126	0.10516949
1127	0.14213417
1128	0.16746497
1129	0.12637271
1130	0.12345111
1131	0.14241424
1132	0.12368407
1133	0.08139297
1134	0.08775414
1135	0.09758186
1136	0.09852223
1137	0.18146973
1138	0.16364216
1139	0.10771901
1140	0.11782618
1141	0.13218999
1142	0.14524471
1143	0.08396694
1144	0.15218032
1145	0.08359336
1146	0.13606617
1147	0.14888807
1148	0.14345366
1149	0.11310332
1150	0.12372834
1151	0.14416554
1152	0.11927810
1153	0.08124485
1154	0.09955727
1155	0.10136641
1156	0.11534211
1157	0.08598595
1158	0.12570669
1159	0.10916987
1160	0.13891704
1161	0.11121232
1162	0.11811165
1163	0.09961453
1164	0.11919225
1165	0.08265717
1166	0.12271131
1167	0.09922777
1168	0.14424018
1169	0.09110135
1170	0.13058927
1171	0.08139552
1172	0.09945496
1173	0.10427064
1174	0.09605852
1175	0.11532656
1176	0.14228946
1177	0.14164913
1178	0.13193330
1179	0.16464947
1180	0.13295525
1181	0.07671660
1182	0.08925674
1183	0.08933292
1184	0.08876862
1185	0.09877782
1186	0.14401420
1187	0.10588417
1188	0.11037522
1189	0.12599389
1190	0.13509726
1191	0.13502045
1192	0.10789451
1193	0.12487863
1194	0.13947146
1195	0.12182372
1196	0.14063503
1197	0.11043758
1198	0.09209740
1199	0.11276319
1200	0.08789259
1201	0.08215414
1202	0.12238373
1203	0.10123831
1204	0.10932613
1205	0.15163499
1206	0.09738758
1207	0.09981064
1208	0.11628037
1209	0.14706246
1210	0.15290476
1211	0.13540188
1212	0.09676679
1213	0.09336795
1214	0.10192921
1215	0.11181603
1216	0.11906218
1217	0.09799865
1218	0.14539880
1219	0.08309745
1220	0.11960318
1221	0.10358701
1222	0.08489692
1223	0.13951641
1224	0.10080332
1225	0.10586935
1226	0.11535597
1227	0.09259971
1228	0.15707344
1229	0.10419225
1230	0.09803162
1231	0.12167791
1232	0.08475635
1233	0.13735866
1234	0.11510972
1235	0.09601338
1236	0.11827546
1237	0.10263205
1238	0.12204909
1239	0.13569009
1240	0.14802339
1241	0.16057353
1242	0.15003672
1243	0.15166670
1244	0.08815996
1245	0.09811453
1246	0.11996015
1247	0.11443474
1248	0.08761598
1249	0.08401434
1250	0.09970135
1251	0.07874755
1252	0.09985833
1253	0.11555318
1254	0.09753133
1255	0.13136660
1256	0.13080226
1257	0.14294769
1258	0.11948956
1259	0.11595010
1260	0.10111838
1261	0.09098397
1262	0.09584562
1263	0.12062786
1264	0.11344302
1265	0.11178850
1266	0.13552685
1267	0.13031877
1268	0.05816641
1269	0.12489013
1270	0.09138879
1271	0.10908922
1272	0.10203412
1273	0.09772026
1274	0.09483590
1275	0.16119355
1276	0.13668551
1277	0.09624447
1278	0.10344918
1279	0.11059336
1280	0.11471906
1281	0.06504543
1282	0.07869702
1283	0.11666583
1284	0.13228003
1285	0.11573176
1286	0.15543739
1287	0.12649090
1288	0.09286400
1289	0.13448041
1290	0.07146015
1291	0.09116862
1292	0.14379293
1293	0.10205096
1294	0.13510236
1295	0.12762127
1296	0.09559360
1297	0.10736651
1298	0.09636193
1299	0.14350087
1300	0.11315775
1301	0.11663845
1302	0.13422137
1303	0.12409601
1304	0.11235760
1305	0.10837190
1306	0.09727512
1307	0.11445188
1308	0.14564909
1309	0.11045784
1310	0.10507464
1311	0.07675289
1312	0.10817435
1313	0.11639370
1314	0.17404297
1315	0.12999533
1316	0.12940606
1317	0.12325828
1318	0.08077459
1319	0.09974557
1320	0.12193580
1321	0.11035144
1322	0.11418022
1323	0.08695332
1324	0.10772719
1325	0.08145029
1326	0.08751737
1327	0.10569076
1328	0.13681771
1329	0.11008826
1330	0.12560390
1331	0.09257719
1332	0.15370679
1333	0.13122454
1334	0.09581800
1335	0.11097705
1336	0.10885395
1337	0.08650982
1338	0.11241295
1339	0.11944230
1340	0.14177425
1341	0.13993369
1342	0.08086049
1343	0.14029216
1344	0.10285857
1345	0.13450698
1346	0.07434374
1347	0.11059451
1348	0.12844360
1349	0.12354971
1350	0.11711424
1351	0.11771694
1352	0.10659702
1353	0.12898167
1354	0.09300741
1355	0.12185972
1356	0.11202950
1357	0.17236054
1358	0.07516506
1359	0.10363205
1360	0.06735948
1361	0.11736319
1362	0.10388720
1363	0.09613402
1364	0.07171963
1365	0.09833200
1366	0.11439086
1367	0.16877907
1368	0.10388277
1369	0.09395852
1370	0.10934581
1371	0.13284702
1372	0.14635987
1373	0.08041088
1374	0.10588811
1375	0.08846213
1376	0.06175192
1377	0.09133195
1378	0.10092733
1379	0.07565385
1380	0.07781910
1381	0.11154028
1382	0.11735731
1383	0.13248171
1384	0.14165582
1385	0.11109851
1386	0.09846405
1387	0.10623912
1388	0.07794808
1389	0.08417709
1390	0.09454731
1391	0.14386805
1392	0.14954004
1393	0.09538465
1394	0.09662300
1395	0.09204692
1396	0.09483773
1397	0.07396944
1398	0.10294466
1399	0.07668027
1400	0.07530414
1401	0.07551973
1402	0.11234038
1403	0.13810366
1404	0.11408527
1405	0.11539273
1406	0.08975332
1407	0.09406160
1408	0.07098157
1409	0.11660563
1410	0.13630881
1411	0.11899856
1412	0.06459702
1413	0.06907368
1414	0.09368571
1415	0.10478109
1416	0.10248046
1417	0.10875327
1418	0.10388282
1419	0.10119918
1420	0.08388114
1421	0.14352738
1422	0.09069297
1423	0.12369124
1424	0.09766362
1425	0.13860313
1426	0.09390962
1427	0.08495789
1428	0.11600395
1429	0.09327291
1430	0.07991689
1431	0.06671198
1432	0.13845741
1433	0.07760602
1434	0.12115457
1435	0.13890731
1436	0.10423479
1437	0.08891208
1438	0.09694278
1439	0.10284841
1440	0.10324408
1441	0.08614134
1442	0.10904110
1443	0.06892834
1444	0.11846477
1445	0.08133051
1446	0.09568094
1447	0.11882007
1448	0.11530698
1449	0.11758402
1450	0.09808551
1451	0.07376987
1452	0.10033450
1453	0.14434230
1454	0.10811439
1455	0.11406655
1456	0.15152060
1457	0.13277729
1458	0.08293229
1459	0.06077786
1460	0.12964552
1461	0.10586891
1462	0.11346997
1463	0.07155486
1464	0.12470650
1465	0.06640654
1466	0.09646554
1467	0.15056569
1468	0.13060736
1469	0.07483292
1470	0.11763710
1471	0.09296795
1472	0.13586521
1473	0.09768292
1474	0.13986872
1475	0.12020120
1476	0.11041578
1477	0.09827883
1478	0.07307377
1479	0.13314755
1480	0.12234649
1481	0.13966987
1482	0.06593951
1483	0.11643590
1484	0.06945756
1485	0.08457339
1486	0.11684427
1487	0.12802767
1488	0.14416679
1489	0.06900794
1490	0.07528912
1491	0.08566473
1492	0.11881939
1493	0.11250751
1494	0.10294615
1495	0.08123287
1496	0.10986497
1497	0.06336660
1498	0.11982902
1499	0.09355727
1500	0.07947748
1501	0.10425005
1502	0.07226314
1503	0.11151102
1504	0.12585929
1505	0.11945760
1506	0.11598874
1507	0.11361925
1508	0.11311675
1509	0.07632117
1510	0.11569466
1511	0.07597945
1512	0.14397757
1513	0.13578321
1514	0.11209894
1515	0.11893614
1516	0.09696704
1517	0.08073768
1518	0.12763051
1519	0.07105433
1520	0.15754057
1521	0.10163272
1522	0.08740977
1523	0.07186973
1524	0.06564038
1525	0.12688859
1526	0.12813590
1527	0.10036116
1528	0.10184933
1529	0.12102002
1530	0.10712565
1531	0.15330356
1532	0.10777204
1533	0.06847339
1534	0.11855558
1535	0.07172069
1536	0.12101833
1537	0.10485938
1538	0.11630212
1539	0.07686285
1540	0.09044639
1541	0.12279591
1542	0.07929259
1543	0.11287950
1544	0.07871679
1545	0.13253566
1546	0.09672464
1547	0.11848643
1548	0.12856867
1549	0.12833561
1550	0.09819423
1551	0.08699557
1552	0.11322526
1553	0.13158244
1554	0.07455014
1555	0.07862488
1556	0.06524062
1557	0.10194071
1558	0.05588051
1559	0.10453681
1560	0.11068893
1561	0.12416410
1562	0.11171396
1563	0.12311925
1564	0.11136910
1565	0.07425476
1566	0.10815982
1567	0.09414403
1568	0.07885135
1569	0.13852897
1570	0.09439533
1571	0.14164033
1572	0.09029615
1573	0.07778325
1574	0.10002709
1575	0.06339909
1576	0.09656973
1577	0.10248985
1578	0.10016622
1579	0.09465910
1580	0.05655751
1581	0.11420356
1582	0.10494374
1583	0.12128311
1584	0.11146593
1585	0.08770419
1586	0.12384312
1587	0.10764004
1588	0.09986193
1589	0.10735443
1590	0.10009591
1591	0.06928681
1592	0.09346270
1593	0.07924172
1594	0.10966088
1595	0.15077806
1596	0.10980188
1597	0.10076030
1598	0.10711973
1599	0.11898311
1600	0.11320582
1601	0.10859230
1602	0.08409952
1603	0.09340876
1604	0.07006323
1605	0.11106776
1606	0.14411603
1607	0.09880467
1608	0.11536819
1609	0.08123138
1610	0.08351973
1611	0.14270462
1612	0.11700885
1613	0.07564836
1614	0.13555799
1615	0.09566020
1616	0.13324408
1617	0.09905414
1618	0.14581121
1619	0.08698354
1620	0.06570630
1621	0.08742743
1622	0.08200611
1623	0.10747185
1624	0.07405611
1625	0.14334384
1626	0.10447969
1627	0.08198301
1628	0.10631785
1629	0.09838359
1630	0.08404976
1631	0.08395717
1632	0.08659394
1633	0.13775448
1634	0.12764528
1635	0.09575346
1636	0.09589783
1637	0.08773114
1638	0.12010587
1639	0.11357714
1640	0.07908710
1641	0.10614687
1642	0.09520197
1643	0.11794451
1644	0.10365077
1645	0.09962960
1646	0.10256136
1647	0.10760804
1648	0.08189331
1649	0.10520717
1650	0.11028734
1651	0.10196771
1652	0.10675881
1653	0.07947738
1654	0.12279273
1655	0.08968494
1656	0.10975808
1657	0.09776983
1658	0.08368489
1659	0.10299504
1660	0.08069928
1661	0.08827469
1662	0.08952777
1663	0.09986391
1664	0.13409423
1665	0.11057512
1666	0.08649803
1667	0.09972045
1668	0.12638133
1669	0.13710231
1670	0.08197911
1671	0.10501064
1672	0.08976189
1673	0.09322897
1674	0.11110731
1675	0.12977454
1676	0.13323369
1677	0.04929269
1678	0.09015404
1679	0.12023287
1680	0.05675900
1681	0.09355038
1682	0.10805274
1683	0.10605409
1684	0.07697988
1685	0.14107815
1686	0.11050284
1687	0.09160775
1688	0.11242478
1689	0.12024629
1690	0.07536501
1691	0.08114962
1692	0.11334307
1693	0.12572748
1694	0.07836116
1695	0.10930183
1696	0.12533653
1697	0.10216675
1698	0.12276694
1699	0.12954788
1700	0.07068595
1701	0.09266237
1702	0.09179370
1703	0.08984023
1704	0.08548744
1705	0.08501270
1706	0.08281559
1707	0.10314437
1708	0.11110101
1709	0.08842897
1710	0.13206319
1711	0.10923989
1712	0.12966559
1713	0.06513013
1714	0.07838436
1715	0.07825168
1716	0.06611891
1717	0.09349726
1718	0.11046795
1719	0.11494423
1720	0.05542796
1721	0.07746790
1722	0.10970953
1723	0.07465905
1724	0.07100741
1725	0.08602560
1726	0.07665385
1727	0.08866665
1728	0.06640409
1729	0.06947353
1730	0.07233321
1731	0.10803975
1732	0.10672555
1733	0.11664220
1734	0.11094437
1735	0.09350881
1736	0.08313393
1737	0.13177603
1738	0.11528080
1739	0.10186064
1740	0.12365245
1741	0.10952132
1742	0.07964995
1743	0.11478219
1744	0.12482767
1745	0.11047782
1746	0.06940765
1747	0.09085298
1748	0.09095332
1749	0.05602421
1750	0.10969211
1751	0.12806218
1752	0.10796463
1753	0.06562045
1754	0.11350087
1755	0.11149148
1756	0.07253219
1757	0.11187960
1758	0.13880938
1759	0.10206088
1760	0.10311540
1761	0.13872873
1762	0.09655736
1763	0.12553855
1764	0.05534856
1765	0.10439288
1766	0.08107719
1767	0.08896242
1768	0.06740096
1769	0.11326102
1770	0.09883802
1771	0.10432642
1772	0.10818268
1773	0.10189658
1774	0.10012483
1775	0.09768912
1776	0.09588758
1777	0.09567873
1778	0.10415111
1779	0.07502767
1780	0.08479937
1781	0.09914326
1782	0.09946655
1783	0.08604461
1784	0.08435063
1785	0.09313041
1786	0.07927940
1787	0.10744172
1788	0.08841771
1789	0.06926646
1790	0.06692512
1791	0.14266251
1792	0.10914023
1793	0.14923701
1794	0.08599384
1795	0.06644264
1796	0.11941208
1797	0.08122199
1798	0.10779326
1799	0.13430125
1800	0.12210703
1801	0.06778008
1802	0.10238244
1803	0.07612507
1804	0.10610144
1805	0.06323455
1806	0.10835626
1807	0.12885034
1808	0.10664423
1809	0.09486742
1810	0.06525688
1811	0.11045284
1812	0.09807459
1813	0.08887363
1814	0.09021660
1815	0.07345159
1816	0.08716665
1817	0.08744480
1818	0.09052084
1819	0.08844981
1820	0.09806867
1821	0.14530698
1822	0.06585703
1823	0.08539216
1824	0.08299432
1825	0.10946853
1826	0.08767228
1827	0.07642661
1828	0.10938908
1829	0.12153422
1830	0.08490404
1831	0.06441453
1832	0.10133210
1833	0.06036776
1834	0.11129139
1835	0.06749615
1836	0.05235707
1837	0.06039119
1838	0.09373677
1839	0.09951935
1840	0.10338532
1841	0.10067411
1842	0.09238821
1843	0.10620669
1844	0.11255000
1845	0.10624076
1846	0.09844033
1847	0.13119321
1848	0.06176785
1849	0.10742329
1850	0.12449610
1851	0.09397007
1852	0.07133932
1853	0.10676415
1854	0.09785457
1855	0.07295539
1856	0.09672647
1857	0.08625067
1858	0.12880399
1859	0.10225063
1860	0.09255577
1861	0.08342440
1862	0.11599634
1863	0.06211497
1864	0.07685866
1865	0.11747671
1866	0.09575371
1867	0.12551704
1868	0.13728527
1869	0.07733277
1870	0.12418763
1871	0.10727806
1872	0.09067705
1873	0.10498941
1874	0.10896732
1875	0.12686131
1876	0.10393142
1877	0.06687228
1878	0.13734418
1879	0.07007878
1880	0.07385751
1881	0.08709634
1882	0.13636526
1883	0.08799832
1884	0.11731155
1885	0.07936242
1886	0.09711482
1887	0.07986598
1888	0.08292753
1889	0.09684038
1890	0.05026208
1891	0.09775414
1892	0.10497012
1893	0.14664427
1894	0.08568306
1895	0.10392247
1896	0.09806145
1897	0.08603975
1898	0.11586641
1899	0.04579500
1900	0.10257151
1901	0.07329538
1902	0.08771959
1903	0.12006983
1904	0.11390250
1905	0.11921708
1906	0.14618013
1907	0.10763576
1908	0.10041020
1909	0.13977127
1910	0.13346973
1911	0.09921083
1912	0.12794942
1913	0.13751516
1914	0.06295972
1915	0.08594042
1916	0.09798470
1917	0.11342589
1918	0.07864528
1919	0.10865245
1920	0.12177945
1921	0.11776896
1922	0.08813672
1923	0.08672911
1924	0.08953244
1925	0.11155833
1926	0.10232536
1927	0.11032695
1928	0.13365741
1929	0.15073460
1930	0.09110818
1931	0.10532271
1932	0.08434596
1933	0.09832589
1934	0.06478325
1935	0.04959423
1936	0.06185640
1937	0.09767137
1938	0.14578778
1939	0.09777315
1940	0.11668099
1941	0.08534418
1942	0.09923412
1943	0.05015818
1944	0.06922170
1945	0.10320900
1946	0.13264196
1947	0.06720885
1948	0.08949533
1949	0.11008128
1950	0.12516203
1951	0.09197661
1952	0.11224394
1953	0.07575361
1954	0.10992069
1955	0.09283094
1956	0.12404788
1957	0.09978422
1958	0.12894269
1959	0.11050019
1960	0.06253017
1961	0.06797016
1962	0.13706347
1963	0.14041959
1964	0.06677796
1965	0.11933831
1966	0.13649341
1967	0.10520207
1968	0.10930659
1969	0.08421978
1970	0.08166554
1971	0.13027141
1972	0.07601160
1973	0.12529933
1974	0.10388730
1975	0.10491429
1976	0.06856569
1977	0.10990703
1978	0.12910808
1979	0.07645327
1980	0.12822190
1981	0.08797291
1982	0.10586910
1983	0.07604350
1984	0.11368850
1985	0.13441526
1986	0.08392647
1987	0.09358778
1988	0.06510977
1989	0.07521352
1990	0.08619500
1991	0.05031766
1992	0.07091458
1993	0.10605746
1994	0.11994644
1995	0.10211362
1996	0.09301169
1997	0.09439990
1998	0.06434986
1999	0.09260284
2000	0.11585332
2001	0.08461309
2002	0.11727170
2003	0.11849148
2004	0.09060433
2005	0.10483903
2006	0.07567878
2007	0.09295707
2008	0.05078402
2009	0.09536449
2010	0.07284177
2011	0.14270934
2012	0.06200606
2013	0.13844240
2014	0.09954163
2015	0.06886068
2016	0.09463888
2017	0.08456983
2018	0.10138513
2019	0.13646771
2020	0.05751679
2021	0.10076275
2022	0.07224533
2023	0.09869471
2024	0.07480111
2025	0.11829923
2026	0.09765072
2027	0.06268099
2028	0.09463951
2029	0.11171915
2030	0.11310332
2031	0.09027916
2032	0.13446112
2033	0.09513999
2034	0.08938277
2035	0.09777984
2036	0.06352950
2037	0.10279167
2038	0.05525188
2039	0.09572555
2040	0.11325789
2041	0.06901728
2042	0.08905616
2043	0.06199427
2044	0.11110611
2045	0.09658908
2046	0.13123277
2047	0.07924230
2048	0.08710332
2049	0.07797974
2050	0.11140549
2051	0.11210481
2052	0.07302358
2053	0.12887507
2054	0.07309649
2055	0.08531429
2056	0.06807416
2057	0.10786891
2058	0.07978479
2059	0.10258778
2060	0.10703744
2061	0.10326203
2062	0.06260674
2063	0.09204731
2064	0.10194875
2065	0.11865703
2066	0.11228167
2067	0.15210640
2068	0.08887969
2069	0.12399490
2070	0.09596405
2071	0.10997305
2072	0.14209562
2073	0.06519774
2074	0.07295356
2075	0.08071896
2076	0.10633527
2077	0.09353345
