0	0.02022009
1	0.02062072
2	0.02074494
3	0.02116863
4	0.02136683
5	0.02293692
6	0.02166133
7	0.02196775
8	0.02230452
9	0.02244246
10	0.02372218
11	0.02321114
12	0.02174090
13	0.02374309
14	0.02363074
15	0.02375861
16	0.02368074
17	0.02411051
18	0.02078084
19	0.02377704
20	0.02404796
21	0.02438132
22	0.02410978
23	0.02595948
24	0.02479990
25	0.02451070
26	0.02510875
27	0.02439869
28	0.02306012
29	0.02366702
30	0.02268220
31	0.02407247
32	0.02419494
33	0.02462894
34	0.02691357
35	0.02542850
36	0.02759183
37	0.02585637
38	0.02533127
39	0.02730034
40	0.02631153
41	0.02451099
42	0.02426946
43	0.02390530
44	0.02354985
45	0.02305696
46	0.02283585
47	0.02297772
48	0.02312237
49	0.02322957
50	0.02306367
51	0.02296269
52	0.02306406
53	0.02399567
54	0.02460642
55	0.02449591
56	0.02146240
57	0.02246153
58	0.02198478
59	0.02119538
60	0.02182495
61	0.02059086
62	0.01883064
63	0.01964937
64	0.01951445
65	0.01881075
66	0.01871464
67	0.01820365
68	0.01857160
69	0.01846702
70	0.01833755
71	0.01820126
72	0.01824898
73	0.01848794
74	0.01823886
75	0.01836824
76	0.01849601
77	0.01932802
78	0.01861294
79	0.01857301
80	0.01881814
81	0.01771965
82	0.01862529
83	0.01882952
84	0.01858366
85	0.01898536
86	0.01950024
87	0.01996625
88	0.02000224
89	0.02186663
90	0.01922592
91	0.02231999
92	0.02056119
93	0.02073215
94	0.02046425
95	0.02062325
96	0.02068157
97	0.02041279
98	0.02025661
99	0.02203200
100	0.01978273
101	0.01993230
102	0.02023069
103	0.01970666
104	0.01961012
105	0.01969611
106	0.01955482
107	0.01955083
108	0.02028682
109	0.01927116
110	0.02001882
111	0.01916654
112	0.01722991
113	0.01705044
114	0.01795073
115	0.01763050
116	0.01763521
117	0.01748998
118	0.01755841
119	0.01735525
120	0.01752626
121	0.01782495
122	0.01790593
123	0.01800919
124	0.01838599
125	0.01832982
126	0.01866911
127	0.01871999
128	0.01934557
129	0.01972967
130	0.02042928
131	0.02082515
132	0.02117262
133	0.02222607
134	0.02197004
135	0.02443035
136	0.02043239
137	0.02064013
138	0.02230238
139	0.02214251
140	0.02181089
141	0.02176415
142	0.02363794
143	0.02167675
144	0.02214737
145	0.02104951
146	0.01974557
147	0.02040438
148	0.02030525
149	0.01970803
150	0.01931902
151	0.01954436
152	0.01950530
153	0.01935963
154	0.01956046
155	0.01977481
156	0.01936308
157	0.02063949
158	0.01959251
159	0.01994767
160	0.01880754
161	0.01973127
162	0.01961304
163	0.02089781
164	0.01860058
165	0.01991707
166	0.01972928
167	0.02008283
168	0.01973911
169	0.02016308
170	0.02093346
171	0.02019937
172	0.01988706
173	0.01990652
174	0.02025759
175	0.02031571
176	0.02060297
177	0.02091182
178	0.02114373
179	0.02146527
180	0.02174888
181	0.02170530
182	0.02267719
183	0.02449056
184	0.02193745
185	0.02433526
186	0.02423580
187	0.02633346
188	0.02520593
189	0.02496080
190	0.02466926
191	0.02540569
192	0.02280584
193	0.02382427
194	0.02460773
195	0.02506766
196	0.02169917
197	0.02345725
198	0.02319416
199	0.02309270
200	0.02318696
201	0.02282072
202	0.02260754
203	0.02472286
204	0.02412651
205	0.02230209
206	0.02233677
207	0.02216372
208	0.02170083
209	0.02148001
210	0.02150686
211	0.02084003
212	0.02101493
213	0.02095384
214	0.02217213
215	0.01924217
216	0.02060199
217	0.02036182
218	0.02105141
219	0.01946586
220	0.01936809
221	0.01785579
222	0.01894319
223	0.01826124
224	0.01835535
225	0.01822339
226	0.01875910
227	0.01858862
228	0.01821206
229	0.01824183
230	0.01922374
231	0.01797777
232	0.01783915
233	0.01782018
234	0.01665730
235	0.01785423
236	0.01759343
237	0.01780764
238	0.01793565
239	0.01781143
240	0.01757768
241	0.01926644
242	0.01793648
243	0.01700734
244	0.01793565
245	0.01803337
246	0.01802865
247	0.01747879
248	0.01782096
249	0.01793716
250	0.01778181
251	0.01795627
252	0.01912388
253	0.01797374
254	0.01782831
255	0.01763181
256	0.01652106
257	0.01741187
258	0.01738166
259	0.01755627
260	0.01763385
261	0.01774767
262	0.01779504
263	0.01799689
264	0.01801785
265	0.01857232
266	0.01912281
267	0.01924713
268	0.01976775
269	0.01999348
270	0.02071046
271	0.02123852
272	0.02218351
273	0.02177612
274	0.02368264
275	0.02327466
276	0.01995005
277	0.02126031
278	0.02079708
279	0.02065496
280	0.02022349
281	0.01979003
282	0.01968726
283	0.01955384
284	0.01936732
285	0.01951839
286	0.01923054
287	0.01986046
288	0.01953765
289	0.01988016
290	0.01963945
291	0.02198132
292	0.01981060
293	0.01982845
294	0.02014081
295	0.02019684
296	0.01976206
297	0.02012855
298	0.01996552
299	0.02014280
300	0.02116581
301	0.02003210
302	0.02025861
303	0.01940433
304	0.02197437
305	0.02060700
306	0.02052398
307	0.02036333
308	0.02091085
309	0.02079582
310	0.02089455
311	0.02072072
312	0.02246654
313	0.02121367
314	0.02121848
315	0.02113551
316	0.02121080
317	0.02136761
318	0.02152938
319	0.02189081
320	0.02272549
321	0.02281304
322	0.02380837
323	0.02377111
324	0.02564864
325	0.02610131
326	0.02497140
327	0.02495827
328	0.02513059
329	0.02540841
330	0.02510720
331	0.02725574
332	0.02287374
333	0.02362685
334	0.02261031
335	0.02333103
336	0.02242986
337	0.02293886
338	0.02239771
339	0.02193599
340	0.02203672
341	0.02350944
342	0.02183949
343	0.02154606
344	0.02175097
345	0.02140919
346	0.02145744
347	0.02329587
348	0.02083230
349	0.02085170
350	0.02058074
351	0.02031128
352	0.01990248
353	0.01946313
354	0.01960944
355	0.01943833
356	0.02010812
357	0.01968536
358	0.02043706
359	0.02048551
360	0.02032111
361	0.02073123
362	0.02229839
363	0.02089572
364	0.02109100
365	0.02098750
366	0.02273546
367	0.02112646
368	0.02093035
369	0.02108380
370	0.02083132
371	0.02069178
372	0.02108911
373	0.02118186
374	0.02149484
375	0.02190078
376	0.02191892
377	0.02252339
378	0.02266192
379	0.02252437
380	0.02240598
381	0.02293769
382	0.02303064
383	0.02261162
384	0.02324426
385	0.02272009
386	0.02434484
387	0.02191469
388	0.02505161
389	0.02309912
390	0.02302607
391	0.02401824
392	0.02236829
393	0.02179878
394	0.02101483
395	0.02078108
396	0.02031644
397	0.01965472
398	0.01826235
399	0.01904528
400	0.01861508
401	0.01835370
402	0.01859854
403	0.01843200
404	0.01857344
405	0.01843935
406	0.01891060
407	0.01862738
408	0.01887704
409	0.01909081
410	0.01963701
411	0.01967232
412	0.01997714
413	0.02054334
414	0.02242772
415	0.02041941
416	0.02033118
417	0.02199820
418	0.02052806
419	0.02025015
420	0.02060370
421	0.02034781
422	0.02015968
423	0.02029217
424	0.02112476
425	0.01961902
426	0.01974981
427	0.01937704
428	0.01792067
429	0.01944854
430	0.01927626
431	0.01928268
432	0.01937116
433	0.01953940
434	0.02061493
435	0.01930550
436	0.01941795
437	0.01824455
438	0.01953507
439	0.01881595
440	0.01959791
441	0.01952865
442	0.01997150
443	0.01996804
444	0.02209621
445	0.02034008
446	0.02052651
447	0.02033487
448	0.02149523
449	0.01896936
450	0.02018361
451	0.02028526
452	0.02006659
453	0.02015477
454	0.01998103
455	0.01985525
456	0.02117772
457	0.01996488
458	0.01858152
459	0.01965029
460	0.01998468
461	0.01980219
462	0.01989684
463	0.02013419
464	0.02040871
465	0.02077636
466	0.02043283
467	0.02226615
468	0.02127485
469	0.02133259
470	0.02164407
471	0.02189548
472	0.02202665
473	0.02182038
474	0.02385666
475	0.02363765
476	0.02232904
477	0.02224723
478	0.02186221
479	0.02178716
480	0.02116265
481	0.02303993
482	0.02058857
483	0.02044261
484	0.02052743
485	0.01994431
486	0.01955676
487	0.01935783
488	0.01950039
489	0.01943925
490	0.01887670
491	0.01914601
492	0.01909514
493	0.01930068
494	0.01943920
495	0.01932320
496	0.02130705
497	0.01924635
498	0.01895545
499	0.01934217
500	0.01919222
501	0.01863259
502	0.01869718
503	0.02010841
504	0.01838979
505	0.01830063
506	0.01812442
507	0.01768147
508	0.01734762
509	0.01697087
510	0.01715389
511	0.01680540
512	0.01657320
513	0.01671026
514	0.01649149
515	0.01656863
516	0.01667534
517	0.01625433
518	0.01653536
519	0.01669358
520	0.01662335
521	0.01679042
522	0.01699732
523	0.01704159
524	0.01738964
525	0.01787082
526	0.01758196
527	0.01848103
528	0.01860102
529	0.01910214
530	0.01961556
531	0.01974339
532	0.02060404
533	0.02211809
534	0.02203735
535	0.02054946
536	0.01947597
537	0.02072855
538	0.02190939
539	0.01921775
540	0.02010929
541	0.01982364
542	0.01980554
543	0.01964767
544	0.01983546
545	0.01962072
546	0.01982894
547	0.01967490
548	0.02006542
549	0.01996576
550	0.02005112
551	0.02231294
552	0.02055233
553	0.02067291
554	0.02059368
555	0.02193473
556	0.02012476
557	0.02012344
558	0.01994144
559	0.02013337
560	0.01923993
561	0.01925807
562	0.01901041
563	0.02028132
564	0.01838361
565	0.01812388
566	0.01782884
567	0.01785462
568	0.01721663
569	0.01720379
570	0.01707223
571	0.01684796
572	0.01623020
573	0.01652067
574	0.01614207
575	0.01611333
576	0.01588205
577	0.01604820
578	0.01610866
579	0.01584008
580	0.01592218
581	0.01602184
582	0.01604377
583	0.01600248
584	0.01612383
585	0.01648259
586	0.01646970
587	0.01630102
588	0.01685136
589	0.01681722
590	0.01732043
591	0.01721659
592	0.01757057
593	0.01829329
594	0.01835083
595	0.01866941
596	0.01914771
597	0.01942733
598	0.02104635
599	0.01898030
600	0.02046304
601	0.02210443
602	0.02062145
603	0.01995462
604	0.02209776
605	0.01864441
606	0.01930467
607	0.01904518
608	0.01891445
609	0.01846250
610	0.01830019
611	0.01799197
612	0.01802850
613	0.01778808
614	0.01770083
615	0.01777096
616	0.01798371
617	0.01802174
618	0.01820968
619	0.01765768
620	0.01813653
621	0.01894450
622	0.01708867
623	0.01786196
624	0.01772160
625	0.01831634
626	0.01803439
627	0.01815696
628	0.01781313
629	0.01818721
630	0.01852232
631	0.01856654
632	0.01865418
633	0.01890107
634	0.01887631
635	0.02047636
636	0.01978760
637	0.01847082
638	0.01920136
639	0.01954475
640	0.02116323
641	0.01926148
642	0.01929791
643	0.01918779
644	0.01919202
645	0.01864732
646	0.01864820
647	0.01876887
648	0.01908667
649	0.01870063
650	0.01853293
651	0.02064178
652	0.01853813
653	0.01863103
654	0.01832476
655	0.01816231
656	0.01820472
657	0.01795491
658	0.01790953
659	0.01762267
660	0.01746863
661	0.01777797
662	0.01751717
663	0.01791338
664	0.01816153
665	0.01842651
666	0.01848862
667	0.01847787
668	0.01911479
669	0.01933886
670	0.01982875
671	0.01969480
672	0.02147116
673	0.02069018
674	0.01926260
675	0.02094976
676	0.02355248
677	0.02032748
678	0.01880058
679	0.02021435
680	0.01992014
681	0.01934893
682	0.01953852
683	0.01955987
684	0.01916148
685	0.01882748
686	0.01905982
687	0.02051055
688	0.01911702
689	0.01752855
690	0.01881673
691	0.01824616
692	0.01820321
693	0.01774572
694	0.01784149
695	0.01808147
696	0.01827232
697	0.01802690
698	0.01849805
699	0.01825841
700	0.01831785
701	0.01890788
702	0.01907091
703	0.01952505
704	0.01978886
705	0.02016070
706	0.02048468
707	0.02270739
708	0.02120117
709	0.02150126
710	0.02179674
711	0.02337894
712	0.02202670
713	0.02198828
714	0.02258239
715	0.02272262
716	0.02258176
717	0.02287378
718	0.02581046
719	0.02436702
720	0.02262626
721	0.02192578
722	0.02176357
723	0.02013074
724	0.02098230
725	0.02065905
726	0.02020024
727	0.02176581
728	0.02029567
729	0.02022393
730	0.02007510
731	0.02087792
732	0.01956980
733	0.01819236
734	0.01903521
735	0.01915934
736	0.01888692
737	0.01865472
738	0.01884596
739	0.01883317
740	0.01914718
741	0.01897004
742	0.01934728
743	0.01945136
744	0.01951946
745	0.02024981
746	0.02065754
747	0.02069791
748	0.02128166
749	0.02339197
750	0.02222028
751	0.02275112
752	0.02291104
753	0.02322665
754	0.02476352
755	0.02523093
756	0.02395496
757	0.02352699
758	0.02362870
759	0.02446362
760	0.02202539
761	0.02300209
762	0.02452977
763	0.02282267
764	0.02234334
765	0.02226187
766	0.02247811
767	0.02228779
768	0.02222631
769	0.02246153
770	0.02268093
771	0.02271673
772	0.02234275
773	0.02435686
774	0.02375890
775	0.02240846
776	0.02232330
777	0.02205982
778	0.02006941
779	0.02170948
780	0.02133628
781	0.02131629
782	0.02127033
783	0.02166459
784	0.02095520
785	0.02092359
786	0.01981308
787	0.02082879
788	0.02058594
789	0.01984572
790	0.01994480
791	0.02158181
792	0.01965438
793	0.01964514
794	0.01940438
795	0.01918872
796	0.01898823
797	0.01851955
798	0.01925063
799	0.01890141
800	0.01886999
801	0.01874431
802	0.01887344
803	0.01925710
804	0.01960375
805	0.01944553
806	0.01980107
807	0.02174606
808	0.01969844
809	0.01954163
810	0.02073473
811	0.01915554
812	0.01863920
813	0.01835827
814	0.01807437
815	0.01746654
816	0.01746231
817	0.01707359
818	0.01681902
819	0.01675073
820	0.01642661
821	0.01593872
822	0.01618278
823	0.01616620
824	0.01565375
825	0.01575535
826	0.01581586
827	0.01584290
828	0.01559591
829	0.01548210
830	0.01530229
831	0.01577422
832	0.01561673
833	0.01557753
834	0.01578735
835	0.01585520
836	0.01611542
837	0.01606483
838	0.01619037
839	0.01635418
840	0.01659767
841	0.01681376
842	0.01702048
843	0.01732218
844	0.01745161
845	0.01774163
846	0.01818599
847	0.01850584
848	0.01903687
849	0.01911877
850	0.01951041
851	0.02172160
852	0.02042169
853	0.02028784
854	0.02113604
855	0.02243283
856	0.02093322
857	0.02120851
858	0.02130924
859	0.02094971
860	0.01971255
861	0.02137918
862	0.02020895
863	0.01918395
864	0.02001483
865	0.02017519
866	0.01959304
867	0.01994300
868	0.01978093
869	0.01973653
870	0.01951556
871	0.02199737
872	0.01965117
873	0.01991552
874	0.01967573
875	0.01976483
876	0.01951206
877	0.01966158
878	0.01989363
879	0.02017996
880	0.01982174
881	0.01994280
882	0.02088497
883	0.02044762
884	0.02063517
885	0.01916138
886	0.02081420
887	0.02040092
888	0.02086240
889	0.02121965
890	0.01897461
891	0.02035574
892	0.02019591
893	0.01839411
894	0.01948624
895	0.01956907
896	0.01991167
897	0.02003692
898	0.02006196
899	0.02042490
900	0.02033463
901	0.02104032
902	0.02281158
903	0.02106814
904	0.01970997
905	0.02120122
906	0.01956907
907	0.02026265
908	0.02237218
909	0.02078254
910	0.02072748
911	0.02108565
912	0.02122563
913	0.02134246
914	0.02109995
915	0.02134621
916	0.02307884
917	0.02155948
918	0.02054796
919	0.02180336
920	0.02242403
921	0.02226362
922	0.02294125
923	0.02286668
924	0.02476338
925	0.02468599
926	0.02397588
927	0.02266975
928	0.02253127
929	0.02191260
930	0.02023118
931	0.02143186
932	0.02156338
933	0.02123706
934	0.02115647
935	0.02153687
936	0.02118171
937	0.02149484
938	0.02414168
939	0.02134256
940	0.01980326
941	0.02087038
942	0.02092685
943	0.02094149
944	0.02036946
945	0.02144197
946	0.02090525
947	0.02119591
948	0.02300044
949	0.02072495
950	0.02172208
951	0.02146605
952	0.02159363
953	0.02089348
954	0.02117680
955	0.02245146
956	0.02078273
957	0.02093463
958	0.02147369
959	0.01935496
960	0.02020063
961	0.02004723
962	0.01964052
963	0.01937806
964	0.01950389
965	0.01977626
966	0.01979660
967	0.01982446
968	0.02025696
969	0.02034032
970	0.02001994
971	0.02046639
972	0.02194460
973	0.02027398
974	0.02030730
975	0.02133074
976	0.02003619
977	0.01977004
978	0.01957850
979	0.01831386
980	0.01934518
981	0.01942466
982	0.01904304
983	0.01875404
984	0.01951868
985	0.01993098
986	0.01930097
987	0.01950666
988	0.01951119
989	0.01821931
990	0.01950229
991	0.01964397
992	0.01986347
993	0.02023448
994	0.02084528
995	0.01880822
996	0.02037797
997	0.02221683
998	0.02033312
999	0.01998589
1000	0.01987802
1001	0.02005054
1002	0.02011031
1003	0.01955136
1004	0.01987417
1005	0.01947996
1006	0.02088565
1007	0.01936975
1008	0.01923502
1009	0.01897442
1010	0.01905929
1011	0.01911415
1012	0.01894110
1013	0.01890973
1014	0.01914694
1015	0.01934985
1016	0.01922252
1017	0.01984056
1018	0.01980924
1019	0.01992130
1020	0.02008482
1021	0.02129494
1022	0.02179193
1023	0.02038750
1024	0.01948589
1025	0.01912670
1026	0.02024368
1027	0.02052928
