0	0.30378631
1	0.28710962
2	0.33202793
3	0.31613590
4	0.29564327
5	0.33176937
6	0.31118356
7	0.34390582
8	0.33523347
9	0.30766438
10	0.31536154
11	0.29100962
12	0.30974501
13	0.33229080
14	0.33505357
15	0.33022175
16	0.30214469
17	0.29377331
18	0.30073045
19	0.32568457
20	0.31520600
21	0.30342573
22	0.32503567
23	0.32029908
24	0.30011854
25	0.31383796
26	0.30806378
27	0.31503864
28	0.29192276
29	0.30342331
30	0.27999826
31	0.31564744
32	0.26306081
33	0.31495060
34	0.28066685
35	0.28725614
36	0.30232624
37	0.27246749
38	0.27727056
39	0.29172715
40	0.28427550
41	0.29086822
42	0.27989469
43	0.25885211
44	0.30389689
45	0.32583425
46	0.31446410
47	0.32967779
48	0.31656635
49	0.31742134
50	0.30539647
51	0.33547102
52	0.32542972
53	0.31043599
54	0.34955472
55	0.32553654
56	0.35380238
57	0.33147582
58	0.31508008
59	0.29169212
60	0.33032541
61	0.34973182
62	0.36420792
63	0.34876355
64	0.33550568
65	0.34593443
66	0.32055495
67	0.33403219
68	0.34191406
69	0.29659400
70	0.27936566
71	0.32891461
72	0.32014799
73	0.32264071
74	0.29898883
75	0.30873956
76	0.33803246
77	0.29844542
78	0.28952715
79	0.27794505
80	0.30755563
81	0.28033013
82	0.29785650
83	0.35821644
84	0.30723315
85	0.30692143
86	0.32504895
87	0.30811213
88	0.34301264
89	0.35452784
90	0.33252633
91	0.36016882
92	0.32264753
93	0.31318594
94	0.32618855
95	0.34315325
96	0.37079982
97	0.34947363
98	0.30278315
99	0.34772999
100	0.33179112
101	0.32372308
102	0.32457596
103	0.34635920
104	0.32140458
105	0.35040389
106	0.30372862
107	0.30460169
108	0.31587798
109	0.31704029
110	0.33775041
111	0.31708448
112	0.33680861
113	0.30365288
114	0.32112234
115	0.30200998
116	0.28844611
117	0.32154464
118	0.30763512
119	0.35752056
120	0.29518640
121	0.29102706
122	0.32326754
123	0.30064382
124	0.30714684
125	0.34074382
126	0.32099277
127	0.31208974
128	0.28808498
129	0.36495069
130	0.31990531
131	0.30072335
132	0.30029208
133	0.34482766
134	0.32391099
135	0.29452395
136	0.33002999
137	0.33626479
138	0.33018571
139	0.30982399
140	0.34004533
141	0.33212821
142	0.31628906
143	0.30637573
144	0.30517720
145	0.32431323
146	0.31154835
147	0.30919281
148	0.30755179
149	0.34244931
150	0.35856259
151	0.33181053
152	0.34535842
153	0.30233933
154	0.32572404
155	0.36381337
156	0.33192967
157	0.32536516
158	0.35192225
159	0.35593347
160	0.32155284
161	0.31391726
162	0.34455833
163	0.32807541
164	0.31296126
165	0.34205330
166	0.34909240
167	0.32829212
168	0.30960334
169	0.29740668
170	0.30369524
171	0.31651923
172	0.29507898
173	0.29772917
174	0.32217908
175	0.28113178
176	0.27742523
177	0.29852935
178	0.30915458
179	0.26588333
180	0.31152459
181	0.28654959
182	0.33003553
183	0.29937614
184	0.28385897
185	0.32575568
186	0.29196731
187	0.32151076
188	0.29512967
189	0.28087729
190	0.30146845
191	0.30979707
192	0.32399080
193	0.31921790
194	0.31425559
195	0.30534336
196	0.33065755
197	0.34180476
198	0.32810952
199	0.35781969
200	0.31374336
201	0.29614886
202	0.31082962
203	0.31845389
204	0.32106690
205	0.36442999
206	0.30499647
207	0.30141410
208	0.30381406
209	0.32453768
210	0.31351387
211	0.30589982
212	0.32277138
213	0.31362367
214	0.29560714
215	0.32794240
216	0.30221360
217	0.32300430
218	0.33805806
219	0.32618251
220	0.29244707
221	0.31836447
222	0.29863246
223	0.33591960
224	0.33329299
225	0.32329002
226	0.32053434
227	0.33783434
228	0.33248082
229	0.29805027
230	0.33141951
231	0.30847376
232	0.30898709
233	0.32189652
234	0.30815627
235	0.38010069
236	0.33460353
237	0.31512367
238	0.29534927
239	0.33536451
240	0.32023384
241	0.33372166
242	0.33713127
243	0.33832450
244	0.34513306
245	0.30099702
246	0.33796337
247	0.34668443
248	0.34277331
249	0.31352917
250	0.34881790
251	0.32520806
252	0.34559927
253	0.32799240
254	0.31420865
255	0.33464359
256	0.32089748
257	0.32275449
258	0.32220696
259	0.31892129
260	0.33019904
261	0.33878965
262	0.33025962
263	0.32349313
264	0.32334034
265	0.32930554
266	0.29750934
267	0.31590646
268	0.34515801
269	0.32516282
270	0.31458379
271	0.29504753
272	0.31551383
273	0.32210302
274	0.32278356
275	0.31555229
276	0.31820069
277	0.31137445
278	0.33179432
279	0.32219345
280	0.35360893
281	0.31139606
282	0.29917221
283	0.31664973
284	0.35215559
285	0.31861213
286	0.29900343
287	0.32970893
288	0.32947926
289	0.31452042
290	0.34659538
291	0.32322042
292	0.30214556
293	0.31588237
294	0.32367317
295	0.28944405
296	0.34928704
297	0.30695169
298	0.31661520
299	0.30603585
300	0.32158214
301	0.32058558
302	0.28638910
303	0.29946905
304	0.32156616
305	0.32603558
306	0.29255820
307	0.31669579
308	0.30853237
309	0.34079899
310	0.28203388
311	0.33335618
312	0.33004460
313	0.30389840
314	0.31780948
315	0.32516772
316	0.33258851
317	0.29776003
318	0.30983668
319	0.37526007
320	0.30402161
321	0.30297921
322	0.29235659
323	0.31971332
324	0.31986108
325	0.34789382
326	0.31735820
327	0.31679469
328	0.27530847
329	0.32656914
330	0.30993759
331	0.37032308
332	0.30737651
333	0.31044309
334	0.31019973
335	0.30782784
336	0.31293613
337	0.27920325
338	0.30394730
339	0.26936616
340	0.32229973
341	0.29207839
342	0.30018397
343	0.31724405
344	0.28080050
345	0.29510096
346	0.34715751
347	0.30311699
348	0.29785586
349	0.29992930
350	0.31247871
351	0.29091754
352	0.34377729
353	0.35122367
354	0.30423979
355	0.32537367
356	0.30216886
357	0.30995366
358	0.31438480
359	0.30721941
360	0.32027317
361	0.31689153
362	0.32881973
363	0.30928686
364	0.32747262
365	0.29667276
366	0.36207500
367	0.31102862
368	0.30709570
369	0.31804107
370	0.31594011
371	0.32142766
372	0.32909377
373	0.30293402
374	0.29220829
375	0.32625614
376	0.33878288
377	0.28549368
378	0.31667903
379	0.32197779
380	0.26145288
381	0.31354528
382	0.32687995
383	0.30079551
384	0.32482985
385	0.30722473
386	0.31983768
387	0.34074318
388	0.28552285
389	0.29148929
390	0.31387473
391	0.32390994
392	0.32971126
393	0.30918082
394	0.32876049
395	0.38464597
396	0.29970339
397	0.33056007
398	0.32453402
399	0.34103141
400	0.33002376
401	0.31784721
402	0.32028718
403	0.33457468
404	0.31736960
405	0.31943127
406	0.32993599
407	0.31022404
408	0.34390311
409	0.32396030
410	0.33291071
411	0.29540504
412	0.28696186
413	0.34698434
414	0.30955485
415	0.29740014
416	0.31667239
417	0.31637395
418	0.31526740
419	0.31512642
420	0.28336644
421	0.34948242
422	0.33972656
423	0.32841516
424	0.31476058
425	0.29239812
426	0.34510582
427	0.32683846
428	0.33868690
429	0.31308475
430	0.33679245
431	0.30881410
432	0.30189377
433	0.31535472
434	0.34804849
435	0.31338425
436	0.31377830
437	0.31885948
438	0.29796424
439	0.31822175
440	0.31439771
441	0.31000559
442	0.34854483
443	0.33114473
444	0.34469066
445	0.29894821
446	0.30148347
447	0.34190174
448	0.33700279
449	0.29056310
450	0.34865105
451	0.30151813
452	0.34782253
453	0.37000893
454	0.34683320
455	0.33837853
456	0.32884753
457	0.31289977
458	0.31569538
459	0.30470266
460	0.36438526
461	0.35201145
462	0.32116841
463	0.31617656
464	0.32468118
465	0.31672033
466	0.31202353
467	0.31934409
468	0.31451117
469	0.30643091
470	0.31026154
471	0.31698764
472	0.32848173
473	0.32991951
474	0.30737001
475	0.29508750
476	0.32052775
477	0.35261685
478	0.32167880
479	0.32276680
480	0.32858127
481	0.31451625
482	0.35545902
483	0.33918127
484	0.32539144
485	0.33946520
486	0.32668787
487	0.33789812
488	0.32927349
489	0.32124835
490	0.31727193
491	0.35841502
492	0.33640467
493	0.35430403
494	0.33785760
495	0.32983993
496	0.33743475
497	0.37830192
498	0.33318539
499	0.32820861
500	0.35005994
501	0.31096685
502	0.32544666
503	0.30069652
504	0.30607596
505	0.33378640
506	0.29169844
507	0.32835453
508	0.30335183
509	0.30183855
510	0.30217019
511	0.31833626
512	0.33066488
513	0.30524597
514	0.28836841
515	0.33764048
516	0.33400426
517	0.30864226
518	0.30688832
519	0.30273082
520	0.30807573
521	0.30638507
522	0.30034277
523	0.29130792
524	0.31117138
525	0.26223136
526	0.31272944
527	0.32192541
528	0.30050678
529	0.34934922
530	0.29916044
531	0.33404785
532	0.33440888
533	0.28920389
534	0.31598851
535	0.32254130
536	0.32316937
537	0.28856845
538	0.31535435
539	0.32353956
540	0.30711053
541	0.30928640
542	0.29293951
543	0.29225994
544	0.27704249
545	0.30057239
546	0.34854272
547	0.33744011
548	0.28711772
549	0.32275206
550	0.31589615
551	0.32396561
552	0.33583713
553	0.30642244
554	0.35347889
555	0.28399125
556	0.25480842
557	0.30044400
558	0.31571516
559	0.25768091
560	0.30905174
561	0.30702331
562	0.29814267
563	0.31205723
564	0.34245128
565	0.28654528
566	0.31552189
567	0.32310398
568	0.31461571
569	0.32715536
570	0.33184647
571	0.31609020
572	0.31041552
573	0.32864963
574	0.33000595
575	0.34251676
576	0.30924391
577	0.32435032
578	0.31882921
579	0.30418851
580	0.29815179
581	0.33145911
582	0.34407550
583	0.32049496
584	0.29392601
585	0.30932198
586	0.30850403
587	0.31927033
588	0.31365018
589	0.35102697
590	0.30816534
591	0.31768787
592	0.32464611
593	0.32408384
594	0.29733658
595	0.28715005
596	0.31540211
597	0.29755604
598	0.30950591
599	0.31362271
600	0.32924432
601	0.33073288
602	0.31560856
603	0.35433123
604	0.32558233
605	0.33299286
606	0.33510925
607	0.30996433
608	0.29704240
609	0.33835746
610	0.34146415
611	0.33961433
612	0.34816552
613	0.30405197
614	0.33525948
615	0.30991241
616	0.32264354
617	0.29995092
618	0.35643956
619	0.34277999
620	0.33809345
621	0.31106493
622	0.33503677
623	0.33081891
624	0.34504245
625	0.33340403
626	0.30607793
627	0.29941566
628	0.35626635
629	0.31781850
630	0.28365957
631	0.29560600
632	0.33292212
633	0.33043915
634	0.31456648
635	0.34247299
636	0.31338201
637	0.30370929
638	0.30608237
639	0.32753984
640	0.32806117
641	0.32824757
642	0.30229441
643	0.29113008
644	0.31345440
645	0.33638306
646	0.30934144
647	0.32284478
648	0.33441282
649	0.30263654
650	0.32316992
651	0.30646039
652	0.31012239
653	0.32112555
654	0.27264565
655	0.28260110
656	0.35397445
657	0.34012115
658	0.31020682
659	0.27464414
660	0.28571653
661	0.30313791
662	0.26036113
663	0.30813072
664	0.34086131
665	0.29699139
666	0.32639835
667	0.29438919
668	0.31194464
669	0.30233297
670	0.31006511
671	0.30317839
672	0.29198805
673	0.32527111
674	0.29801172
675	0.32356607
676	0.28294290
677	0.35024940
678	0.31392376
679	0.31015339
680	0.27567917
681	0.29072894
682	0.30523530
683	0.31281699
684	0.30453462
685	0.28317830
686	0.31685151
687	0.29906612
688	0.29142903
689	0.31388480
690	0.29272450
691	0.33208329
692	0.29492271
693	0.28870380
694	0.29565298
695	0.31203507
696	0.31531415
697	0.32309725
698	0.31368301
699	0.30076891
700	0.31527111
701	0.31413045
702	0.32590458
703	0.32390440
704	0.35809739
705	0.32826479
706	0.31120646
707	0.30997683
708	0.33262303
709	0.33135719
710	0.32004583
711	0.31485742
712	0.33302500
713	0.30874991
714	0.32126223
715	0.34077889
716	0.32143530
717	0.34636021
718	0.29247152
719	0.32498013
720	0.31491909
721	0.29126438
722	0.30538265
723	0.28931534
724	0.31937569
725	0.25408365
726	0.34906200
727	0.31676131
728	0.29314409
729	0.29473663
730	0.29910082
731	0.30087642
732	0.29322761
733	0.30230394
734	0.31378544
735	0.32100495
736	0.31771969
737	0.32290559
738	0.32219098
739	0.33645916
740	0.32625554
741	0.35877299
742	0.36140746
743	0.36144245
744	0.34331767
745	0.34262047
746	0.33985243
747	0.35779803
748	0.31149148
749	0.29964730
750	0.34317903
751	0.28105005
752	0.32102743
753	0.34894808
754	0.31997743
755	0.31170659
756	0.31830197
757	0.33615073
758	0.34666213
759	0.31204872
760	0.34145728
761	0.35402784
762	0.31759327
763	0.36741603
764	0.33445371
765	0.34087605
766	0.32788123
767	0.35020737
768	0.34342734
769	0.35907679
770	0.32839006
771	0.39214277
772	0.31437569
773	0.31568590
774	0.33888109
775	0.31149634
776	0.33212294
777	0.33609043
778	0.30965197
779	0.32885600
780	0.33319799
781	0.30135005
782	0.34169194
783	0.29638864
784	0.32419180
785	0.29958100
786	0.31351694
787	0.29431067
788	0.31322871
789	0.28931616
790	0.32175458
791	0.30422724
792	0.29707482
793	0.30534638
794	0.30089913
795	0.29457582
796	0.28869515
797	0.29604299
798	0.34191767
799	0.34035691
800	0.27687189
801	0.31148567
802	0.28420536
803	0.35447376
804	0.37234538
805	0.28920714
806	0.32271314
807	0.30650087
808	0.33157134
809	0.36399826
810	0.31919560
811	0.30684666
812	0.30495160
813	0.32051712
814	0.33780307
815	0.29229963
816	0.28455984
817	0.31804245
818	0.28399973
819	0.31316534
820	0.31090659
821	0.31994144
822	0.30333819
823	0.30278929
824	0.35332486
825	0.28601745
826	0.30682862
827	0.30967958
828	0.33325229
829	0.31194840
830	0.33821850
831	0.33392230
832	0.30520472
833	0.31388310
834	0.31929386
835	0.29314112
836	0.30312779
837	0.30022386
838	0.31636433
839	0.30808013
840	0.32671305
841	0.34569217
842	0.30038045
843	0.30272436
844	0.33923649
845	0.28753095
846	0.29925078
847	0.30628072
848	0.30555105
849	0.33001461
850	0.30357990
851	0.31616877
852	0.34762711
853	0.33169597
854	0.28659405
855	0.29538315
856	0.33816332
857	0.33812097
858	0.34278732
859	0.32093104
860	0.34305755
861	0.28827541
862	0.29267106
863	0.34873544
864	0.30946154
865	0.32965458
866	0.29762569
867	0.32213997
868	0.30150975
869	0.29051227
870	0.29459217
871	0.30511145
872	0.34437019
873	0.31234899
874	0.32030101
875	0.32009029
876	0.31714693
877	0.35994432
878	0.32006410
879	0.28849354
880	0.30893063
881	0.31293489
882	0.29380788
883	0.35534016
884	0.30003425
885	0.31873375
886	0.29900037
887	0.31002624
888	0.30315060
889	0.32314881
890	0.33801415
891	0.28814267
892	0.26857353
893	0.28676557
894	0.25454158
895	0.30151016
896	0.27889180
897	0.30817706
898	0.29890531
899	0.26123466
900	0.29207092
901	0.32141039
902	0.25700147
903	0.30400279
904	0.31158347
905	0.29407276
906	0.29764556
907	0.30560998
908	0.30549936
909	0.26830385
910	0.30246479
911	0.32408512
912	0.35377395
913	0.30389977
914	0.30600357
915	0.34128993
916	0.30482532
917	0.31030742
918	0.34499414
919	0.34391708
920	0.31026223
921	0.34787299
922	0.32465733
923	0.34667784
924	0.32915256
925	0.30456392
926	0.35092413
927	0.36194016
928	0.33186012
929	0.33575897
930	0.33968819
931	0.34105266
932	0.31599995
933	0.34094698
934	0.34466621
935	0.35311987
936	0.34145650
937	0.31673457
938	0.31837070
939	0.28772440
940	0.31621777
941	0.30797711
942	0.31312770
943	0.33172651
944	0.30870371
945	0.28813690
946	0.32618365
947	0.26837289
948	0.30329744
949	0.33772724
950	0.27953365
951	0.28707477
952	0.28963210
953	0.28916177
954	0.30279528
955	0.31251264
956	0.26973686
957	0.31335659
958	0.28747715
959	0.29817083
960	0.27543201
961	0.27843068
962	0.27544936
963	0.31807179
964	0.31277395
965	0.31313329
966	0.32114840
967	0.26314002
968	0.27981364
969	0.30248082
970	0.30934423
971	0.33488265
972	0.30273356
973	0.30189235
974	0.32960211
975	0.29861181
976	0.34865527
977	0.31094579
978	0.31265563
979	0.32120696
980	0.30940027
981	0.31308860
982	0.31855847
983	0.30319423
984	0.31079203
985	0.32756951
986	0.32455321
987	0.30302111
988	0.32718736
989	0.35221081
990	0.28130984
991	0.27729373
992	0.34318631
993	0.30477486
994	0.29604226
995	0.33725069
996	0.33252582
997	0.29126882
998	0.33063567
999	0.29958022
1000	0.35403814
1001	0.32185101
1002	0.32186735
1003	0.33664840
1004	0.31747047
1005	0.29948700
1006	0.34791703
1007	0.31908645
1008	0.34002747
1009	0.35773755
1010	0.30305430
1011	0.33834693
1012	0.29764849
1013	0.29308690
1014	0.29591282
1015	0.31578388
1016	0.26278210
1017	0.31227903
1018	0.28655114
1019	0.33365453
1020	0.30848649
1021	0.32655948
1022	0.28876822
1023	0.31688842
1024	0.30183942
1025	0.32567321
1026	0.30955975
1027	0.34236735
1028	0.29959400
1029	0.33184785
1030	0.37246850
1031	0.33479006
1032	0.33117056
1033	0.33838736
1034	0.36151387
1035	0.33111731
1036	0.34192738
1037	0.33978974
1038	0.34237193
1039	0.31555119
1040	0.31208452
1041	0.34771694
1042	0.32985865
1043	0.32453086
1044	0.32561964
1045	0.30704258
1046	0.33298507
1047	0.29356277
1048	0.33955101
1049	0.30245582
1050	0.29529103
1051	0.35236529
1052	0.33806484
1053	0.28233961
1054	0.34561012
1055	0.29435646
1056	0.31736021
1057	0.31549496
1058	0.32062308
1059	0.32128869
1060	0.32038745
1061	0.30725934
1062	0.31901603
1063	0.29602505
1064	0.29631964
1065	0.29473123
1066	0.31177889
1067	0.32577010
1068	0.35431772
1069	0.32510554
1070	0.32763242
1071	0.26746497
1072	0.32553974
1073	0.29420220
1074	0.29658471
1075	0.32400668
1076	0.31468805
1077	0.31690037
1078	0.33660971
1079	0.33739515
1080	0.32573974
1081	0.31511364
1082	0.31815540
1083	0.29884950
1084	0.31356712
1085	0.30432408
1086	0.29188109
1087	0.27073301
1088	0.33036708
1089	0.34904968
1090	0.34055563
1091	0.33212747
