0	0.26722155
1	0.24137193
2	0.22602209
3	0.26759397
4	0.26219271
5	0.27538427
6	0.25045674
7	0.25274720
8	0.26618750
9	0.26568854
10	0.29386535
11	0.23755060
12	0.26624254
13	0.26603925
14	0.28793975
15	0.28423289
16	0.30892999
17	0.29550965
18	0.28006294
19	0.26065844
20	0.27699348
21	0.28468646
22	0.25965674
23	0.29860576
24	0.28206519
25	0.28176985
26	0.27557626
27	0.29342050
28	0.27828547
29	0.25981453
30	0.25710696
31	0.26787505
32	0.29048235
33	0.29250822
34	0.26423975
35	0.26037807
36	0.27082182
37	0.29407977
38	0.25620707
39	0.29230899
40	0.30041584
41	0.30935192
42	0.27978635
43	0.27104846
44	0.27236184
45	0.29926316
46	0.29152955
47	0.30752440
48	0.26851760
49	0.28203169
50	0.28060219
51	0.29495537
52	0.28810570
53	0.28810762
54	0.29590828
55	0.30374435
56	0.28438322
57	0.29737401
58	0.28277198
59	0.27961179
60	0.30800663
61	0.27585340
62	0.28564671
63	0.24902714
64	0.26495691
65	0.28305609
66	0.29462840
67	0.29147736
68	0.28758388
69	0.25883136
70	0.29392056
71	0.28054046
72	0.28573476
73	0.30929600
74	0.28815406
75	0.29868141
76	0.28227725
77	0.30012610
78	0.27173114
79	0.26444035
80	0.29898898
81	0.30027632
82	0.31165225
83	0.26116064
84	0.28581864
85	0.28304846
86	0.29370132
87	0.29124633
88	0.29680883
89	0.25814918
90	0.28114545
91	0.28126398
92	0.27659337
93	0.28271025
94	0.31433580
95	0.30437593
96	0.28341250
97	0.27610367
98	0.28114413
99	0.28635877
100	0.26602955
101	0.29634227
102	0.27186738
103	0.27823613
104	0.25941042
105	0.26246771
106	0.27788048
107	0.27585340
108	0.26025844
109	0.27328805
110	0.25572856
111	0.25245461
112	0.26724600
113	0.24440329
114	0.27263564
115	0.29255373
116	0.25510022
117	0.25262193
118	0.26549008
119	0.27004282
120	0.26581562
121	0.28188712
122	0.26162089
123	0.25280795
124	0.25581880
125	0.27123865
126	0.26553180
127	0.26244479
128	0.26391732
129	0.29531568
130	0.26287632
131	0.29390899
132	0.23737500
133	0.28588311
134	0.26507089
135	0.25137478
136	0.28158355
137	0.26577917
138	0.27822527
139	0.27711612
140	0.30380439
141	0.27703246
142	0.28407275
143	0.26045329
144	0.27428651
145	0.29491288
146	0.27563525
147	0.27886283
148	0.29421760
149	0.31419901
150	0.29461376
151	0.29681985
152	0.28665559
153	0.28627796
154	0.30769052
155	0.28480724
156	0.29774359
157	0.22330219
158	0.28195411
159	0.28391601
160	0.27759271
161	0.29081771
162	0.24445992
163	0.27228673
164	0.26648909
165	0.28048717
166	0.29245499
167	0.27615702
168	0.30298657
169	0.30119660
170	0.27368788
171	0.28632911
172	0.28136732
173	0.29149748
174	0.28688596
175	0.26167703
176	0.28468777
177	0.30094243
178	0.28786491
179	0.28246414
180	0.26448207
181	0.27184238
182	0.29221678
183	0.29382834
184	0.30756075
185	0.30203920
186	0.30738076
187	0.27800192
188	0.30798745
189	0.29699211
190	0.29959260
191	0.28880466
192	0.29351113
193	0.30878920
194	0.30813909
195	0.26788904
196	0.28597845
197	0.29262999
198	0.29092763
199	0.30772643
200	0.29675428
201	0.27711683
202	0.27925916
203	0.30170614
204	0.24878745
205	0.29519781
206	0.27074156
207	0.28133289
208	0.26308564
209	0.29325658
210	0.25999139
211	0.26183898
212	0.27668503
213	0.28509364
214	0.26365674
215	0.25001870
216	0.25675959
217	0.27733295
218	0.28631168
219	0.27770340
220	0.30401261
221	0.25733492
222	0.29096891
223	0.26312177
224	0.29151864
225	0.25378953
226	0.25907780
227	0.27579846
228	0.29315696
229	0.29780269
230	0.26585493
231	0.26334556
232	0.31173273
233	0.26869857
234	0.26958646
235	0.28941053
236	0.30406601
237	0.29545263
238	0.28548805
239	0.30077412
240	0.29740280
241	0.29755543
242	0.28332900
243	0.28107204
244	0.32341946
245	0.24414008
246	0.27964282
247	0.30412736
248	0.27439216
249	0.25992286
250	0.27194221
251	0.27989364
252	0.26075899
253	0.26257549
254	0.26528427
255	0.28282357
256	0.28992654
257	0.26060702
258	0.27554139
259	0.27859342
260	0.26557906
261	0.24869243
262	0.26807385
263	0.24826754
264	0.26748624
265	0.27177505
266	0.28428953
267	0.26322478
268	0.27458684
269	0.27036985
270	0.29562856
271	0.26125302
272	0.26718405
273	0.26949293
274	0.26460707
275	0.29456398
276	0.27406190
277	0.24078624
278	0.28134550
279	0.26609649
280	0.28170559
281	0.26186519
282	0.24994260
283	0.28360526
284	0.29833317
285	0.29687226
286	0.28531793
287	0.29161541
288	0.28174095
289	0.29786711
290	0.32922774
291	0.33189424
292	0.30234633
293	0.28059375
294	0.31440877
295	0.31959989
296	0.26957769
297	0.27514539
298	0.30061880
299	0.31073174
300	0.28678860
301	0.27296935
302	0.30519989
303	0.27300565
304	0.27243832
305	0.28169638
306	0.28276606
307	0.27522122
308	0.27310976
309	0.29085762
310	0.27682884
311	0.27697988
312	0.28936738
313	0.29755422
314	0.29889633
315	0.28314161
316	0.26156530
317	0.28687039
318	0.25154896
319	0.25544611
320	0.25465170
321	0.26035334
322	0.25179841
323	0.27396332
324	0.27667944
325	0.26983531
326	0.27968229
327	0.28922878
328	0.29987105
329	0.28369874
330	0.29558279
331	0.26625471
332	0.28349666
333	0.23528465
334	0.28649084
335	0.29438761
336	0.29619901
337	0.30038914
338	0.25435680
339	0.27631826
340	0.27913629
341	0.28531321
342	0.28990894
343	0.28310707
344	0.29562182
345	0.30168235
346	0.27401530
347	0.27076387
348	0.24645598
349	0.29196294
350	0.29198059
351	0.29245433
352	0.28917878
353	0.26720883
354	0.29087352
355	0.27566398
356	0.29076135
357	0.28019013
358	0.28791102
359	0.27201721
360	0.28054901
361	0.27326919
362	0.27982692
363	0.27191453
364	0.27948026
365	0.27356771
366	0.28993991
367	0.30213289
368	0.28172407
369	0.28044167
370	0.25395789
371	0.27437308
372	0.27367615
373	0.27535521
374	0.25995735
375	0.26479172
376	0.27389633
377	0.28491985
378	0.25128904
379	0.25968788
380	0.27982100
381	0.30006721
382	0.28425411
383	0.28188065
384	0.26484677
385	0.26464523
386	0.25649764
387	0.28603509
388	0.27622363
389	0.27946113
390	0.28539808
391	0.26863421
392	0.27381124
393	0.27851272
394	0.26609090
395	0.28021776
396	0.27987566
397	0.29225247
398	0.28444079
399	0.30035833
400	0.28499457
401	0.28319112
402	0.28815000
403	0.26640334
404	0.28265806
405	0.30687884
406	0.30229929
407	0.31599402
408	0.32828613
409	0.29114561
410	0.28248761
411	0.29276129
412	0.29660543
413	0.28470855
414	0.28351398
415	0.31538229
416	0.28625740
417	0.27059380
418	0.32206398
419	0.28497451
420	0.29916349
421	0.29606595
422	0.28218887
423	0.27599441
424	0.29270992
425	0.30832593
426	0.26098437
427	0.28411963
428	0.28392922
429	0.27706201
430	0.26834852
431	0.29492341
432	0.25971716
433	0.25584934
434	0.24760033
435	0.28287423
436	0.27108882
437	0.29052516
438	0.27609896
439	0.29238174
440	0.29547708
441	0.27849309
442	0.26871541
443	0.24715455
444	0.28591206
445	0.31037895
446	0.26969956
447	0.29539890
448	0.29249337
449	0.24983350
450	0.26824474
451	0.27385532
452	0.27441310
453	0.27099287
454	0.27207155
455	0.27623717
456	0.28484781
457	0.26767314
458	0.27993361
459	0.27434649
460	0.27354254
461	0.27078421
462	0.27963520
463	0.30627089
464	0.27958586
465	0.29678613
466	0.27972160
467	0.27908279
468	0.29163514
469	0.30271804
470	0.28108876
471	0.29517401
472	0.28777418
473	0.27612198
474	0.28068015
475	0.26460927
476	0.27910543
477	0.30332484
478	0.28701595
479	0.27309644
480	0.30309518
481	0.26824518
482	0.25414907
483	0.25774989
484	0.23734019
485	0.27808421
486	0.27768651
487	0.28079413
488	0.27045609
489	0.28073037
490	0.27244183
491	0.31108152
492	0.28251261
493	0.30682774
494	0.30814359
495	0.29452127
496	0.29380411
497	0.31061968
498	0.31390844
499	0.26031020
500	0.29329413
501	0.32993613
502	0.31199452
503	0.27909320
504	0.28865022
505	0.30011694
506	0.30872484
507	0.29402220
508	0.26471716
509	0.31163262
510	0.27536700
511	0.28697346
512	0.27813854
513	0.29766360
514	0.30967341
515	0.25851129
516	0.25136371
517	0.29519046
518	0.29341584
519	0.28901398
520	0.27515192
521	0.28341623
522	0.27080269
523	0.28435329
524	0.27232615
525	0.30631354
526	0.29370159
527	0.25247368
528	0.29387127
529	0.28193191
530	0.27879627
531	0.30188777
532	0.29527379
533	0.27825844
534	0.27683169
535	0.27809698
536	0.29474145
537	0.29022231
538	0.26765384
539	0.26931075
540	0.26372385
541	0.28797593
542	0.27809945
543	0.28669052
544	0.24680905
545	0.28430384
546	0.27118037
547	0.27698459
548	0.27848734
549	0.28812966
550	0.28599002
551	0.30371886
552	0.28278180
553	0.29751650
554	0.30249803
555	0.30343558
556	0.27873273
557	0.30106634
558	0.29909677
559	0.32159479
560	0.26840044
561	0.29338448
562	0.27996376
563	0.28301162
564	0.30069901
565	0.33135115
566	0.30561102
567	0.25267127
568	0.28889907
569	0.30205844
570	0.27411206
571	0.31791096
572	0.29643745
573	0.27596793
574	0.29701234
575	0.27663289
576	0.27630016
577	0.31207654
578	0.27367752
579	0.29972643
580	0.20810450
581	0.28865674
582	0.25227648
583	0.28888306
584	0.25963706
585	0.26100422
586	0.28731316
587	0.27915526
588	0.27136831
589	0.27136261
590	0.26167083
591	0.25441930
592	0.27533520
593	0.29310625
594	0.27790126
595	0.28244781
596	0.30787884
597	0.30251924
598	0.29529556
599	0.27457237
600	0.30778427
601	0.28001601
602	0.29933942
603	0.30270373
604	0.29232730
605	0.28242802
606	0.27978739
607	0.31661173
608	0.26322149
609	0.30811771
610	0.28754123
611	0.28727752
612	0.27424364
613	0.31254139
614	0.29485477
615	0.30438832
616	0.30350247
617	0.27798251
618	0.27393931
619	0.26933997
620	0.26998651
621	0.25856584
622	0.27094211
623	0.28567632
624	0.25282429
625	0.27178268
626	0.27552418
627	0.27633081
628	0.29959205
629	0.26122209
630	0.25066031
631	0.23709326
632	0.26704660
633	0.26300411
634	0.26635565
635	0.25288931
636	0.26503328
637	0.24832911
638	0.28639572
639	0.28605411
640	0.25659627
641	0.25102741
642	0.25124156
643	0.26857029
644	0.27779896
645	0.24099852
646	0.28240121
647	0.26387851
648	0.26696212
649	0.29463876
650	0.28415828
651	0.28648783
652	0.25756990
653	0.28684967
654	0.29588070
655	0.27033701
656	0.29052944
657	0.30193476
658	0.29712906
659	0.29973975
660	0.29223459
661	0.28147385
662	0.29232418
663	0.27384320
664	0.27205910
665	0.26976135
666	0.27011075
667	0.29571288
668	0.25639589
669	0.27649578
670	0.28892643
671	0.29505367
672	0.27544720
673	0.27093487
674	0.27272900
675	0.30292982
676	0.26091732
677	0.29194934
678	0.26955532
679	0.27027429
680	0.26453470
681	0.25658257
682	0.26864874
683	0.28332604
684	0.25594940
685	0.26039792
686	0.26072325
687	0.26263141
688	0.26619956
689	0.26568509
690	0.25953476
691	0.26899688
692	0.26357845
693	0.28786535
694	0.24758070
695	0.25895192
696	0.27043109
697	0.25463586
698	0.27701228
699	0.26082867
700	0.26441848
701	0.24851206
702	0.27387155
703	0.28490395
704	0.27007072
705	0.26313591
706	0.26530011
707	0.25353542
708	0.27886985
709	0.27988613
710	0.27018558
711	0.25925033
712	0.28924123
713	0.27385652
714	0.26935641
715	0.28217829
716	0.23397423
717	0.25969731
718	0.24023673
719	0.26804583
720	0.27338399
721	0.29248520
722	0.26479326
723	0.29489518
724	0.26820362
725	0.26754370
726	0.26047401
727	0.22780943
728	0.27653289
729	0.27456595
730	0.26477111
731	0.28021003
732	0.30286946
733	0.26097116
734	0.29299441
735	0.25151382
736	0.27579649
737	0.26077346
738	0.27209205
739	0.27099490
740	0.26714720
741	0.24796661
742	0.27945214
743	0.28111754
744	0.29835899
745	0.27278202
746	0.25879309
747	0.28818821
748	0.27761930
749	0.27803257
750	0.28799413
751	0.29686234
752	0.30067418
753	0.28630099
754	0.30792204
755	0.30009370
756	0.27874550
757	0.27659534
758	0.26728777
759	0.30803459
760	0.28578196
761	0.29565258
762	0.28996831
763	0.28177029
764	0.27321837
765	0.29033246
766	0.27958816
767	0.30897511
768	0.26678843
769	0.29589951
770	0.30730428
771	0.31919660
772	0.28359556
773	0.30234759
774	0.30672988
775	0.29491689
776	0.27184238
777	0.29333295
778	0.28554814
779	0.27411332
780	0.26927834
781	0.28839693
782	0.26344611
783	0.27070005
784	0.27801036
785	0.27055132
786	0.26934079
787	0.27101349
788	0.24762599
789	0.29318958
790	0.26474150
791	0.31218514
792	0.28168388
793	0.31227423
794	0.26578975
795	0.27755115
796	0.30980504
797	0.27800636
798	0.26473300
799	0.28031047
800	0.27192401
801	0.27636826
802	0.28126990
803	0.26005411
804	0.27661047
805	0.28231009
806	0.27949052
807	0.27302845
808	0.28851919
809	0.28049594
810	0.27500532
811	0.28035620
812	0.31180872
813	0.29214951
814	0.28310148
815	0.27367670
816	0.28254496
817	0.31140296
818	0.28034463
819	0.28045384
820	0.29018854
821	0.29001075
822	0.27597719
823	0.26694638
824	0.29255126
825	0.27693586
826	0.27623158
827	0.29669808
828	0.30028821
829	0.29877050
830	0.30794534
831	0.28552697
832	0.30700164
833	0.29904616
834	0.29239918
835	0.30327511
836	0.30174452
837	0.26250175
838	0.26169967
839	0.27226645
840	0.29035208
841	0.29654019
842	0.30094271
843	0.29675104
844	0.24864649
845	0.26840044
846	0.25824068
847	0.27055318
848	0.28831886
849	0.28138651
850	0.27470894
851	0.27935093
852	0.26172072
853	0.29853640
854	0.29173257
855	0.30263141
856	0.28044841
857	0.28426557
858	0.30877467
859	0.29957747
860	0.28768355
861	0.30633043
862	0.29148980
863	0.31035521
864	0.29406513
865	0.29151217
866	0.30026820
867	0.28335499
868	0.27433394
869	0.25435477
870	0.29513355
871	0.28474413
872	0.27926107
873	0.27977434
874	0.27313575
875	0.28547023
876	0.27608717
877	0.29212462
878	0.28879375
879	0.28029863
880	0.28479386
881	0.27710976
882	0.29558580
883	0.27840038
884	0.26768257
885	0.29029386
886	0.25685636
887	0.25910652
888	0.27839490
889	0.25878635
890	0.26228251
891	0.29522571
892	0.29447286
893	0.24512933
894	0.25220005
895	0.23302955
896	0.27469002
897	0.26265356
898	0.26288448
899	0.26631075
900	0.26502297
901	0.28169973
902	0.26655499
903	0.26728986
904	0.27435784
905	0.26589123
906	0.25623361
907	0.26342500
908	0.26232571
909	0.22763591
910	0.27434896
911	0.26198224
