0	0.18538245
1	0.17444447
2	0.18817399
3	0.19505819
4	0.19489335
5	0.18454574
6	0.20459787
7	0.20237941
8	0.20460176
9	0.19286117
10	0.18761239
11	0.19572181
12	0.19384707
13	0.18355516
14	0.19424569
15	0.18215223
16	0.19232144
17	0.20934521
18	0.18917686
19	0.21140064
20	0.19891064
21	0.20480713
22	0.20632920
23	0.19261452
24	0.19919894
25	0.20757702
26	0.19117771
27	0.20882314
28	0.22270670
29	0.20785383
30	0.18138372
31	0.19908809
32	0.21159032
33	0.20330787
34	0.18182931
35	0.18265298
36	0.20289330
37	0.19060665
38	0.18258516
39	0.18515441
40	0.17025356
41	0.20088803
42	0.17685984
43	0.17465202
44	0.19051915
45	0.18659989
46	0.17996793
47	0.17941521
48	0.17054702
49	0.17495638
50	0.19301952
51	0.18223074
52	0.17915521
53	0.17713798
54	0.17086521
55	0.17378484
56	0.17461824
57	0.18055420
58	0.18181989
59	0.17714324
60	0.17629787
61	0.18470723
62	0.16528915
63	0.16379851
64	0.18850441
65	0.17880931
66	0.16640356
67	0.16407005
68	0.17784346
69	0.18663809
70	0.17231527
71	0.19087218
72	0.19638160
73	0.17901931
74	0.19539617
75	0.17922622
76	0.19767128
77	0.18584904
78	0.17983569
79	0.19997697
80	0.18529229
81	0.18882511
82	0.18855835
83	0.19051734
84	0.16975186
85	0.18581346
86	0.17473702
87	0.18711085
88	0.17890239
89	0.17388521
90	0.19829282
91	0.19639596
92	0.19206186
93	0.17974894
94	0.18856968
95	0.18684207
96	0.18488138
97	0.20677617
98	0.20035112
99	0.19500660
100	0.19378798
101	0.19879979
102	0.19030479
103	0.18618495
104	0.18709170
105	0.19049324
106	0.20944074
107	0.19463479
108	0.19205410
109	0.19277915
110	0.19229915
111	0.19500814
112	0.17478745
113	0.18243574
114	0.18044271
115	0.17922856
116	0.18581989
117	0.19784766
118	0.20523952
119	0.18866665
120	0.19696622
121	0.19186340
122	0.18243840
123	0.17395931
124	0.19468915
125	0.19888835
126	0.18382936
127	0.18609170
128	0.20030207
129	0.18912463
130	0.19661340
131	0.19552181
132	0.21789309
133	0.19968404
134	0.18146574
135	0.20799723
136	0.18188745
137	0.19156883
138	0.17349840
139	0.20657878
140	0.18829963
141	0.18760941
142	0.17865878
143	0.17037910
144	0.16948441
145	0.17454160
146	0.18121468
147	0.19270335
148	0.17372202
149	0.17452638
150	0.18228021
151	0.17795910
152	0.17363782
153	0.19990654
154	0.18217426
155	0.19462569
156	0.18466867
157	0.18881500
158	0.18932957
159	0.18857936
160	0.18969415
161	0.18868777
162	0.17887888
163	0.18814090
164	0.18082649
165	0.18026181
166	0.19732128
167	0.18256319
168	0.18661681
169	0.18950750
170	0.20690612
171	0.19141803
172	0.19577601
173	0.18401548
174	0.19171436
175	0.20169415
176	0.20027106
177	0.19368947
178	0.19933505
179	0.18260324
180	0.20657431
181	0.18737346
182	0.20745777
183	0.20596479
184	0.20757527
185	0.19661048
186	0.19735112
187	0.20183149
188	0.19984378
189	0.20526649
190	0.20253064
191	0.20684293
192	0.21342261
193	0.19483218
194	0.20224383
195	0.21089750
196	0.19785835
197	0.19628191
198	0.19936750
199	0.20683298
200	0.19874787
201	0.21651452
202	0.19713910
203	0.19956904
204	0.17899979
205	0.17365351
206	0.19309574
207	0.18546064
208	0.21907872
209	0.19188883
210	0.18359963
211	0.20719654
212	0.19710830
213	0.19371936
214	0.18788691
215	0.20130170
216	0.19892793
217	0.18356245
218	0.20172489
219	0.17578973
220	0.19149447
221	0.19509117
222	0.18360282
223	0.19625559
224	0.17739702
225	0.18244032
226	0.18912106
227	0.18084739
228	0.18183989
229	0.19239186
230	0.19269202
231	0.19075910
232	0.17505362
233	0.18123957
234	0.18220617
235	0.17832255
236	0.18147957
237	0.17465186
238	0.18746027
239	0.18269287
240	0.16804580
241	0.18544372
242	0.19109500
243	0.18360718
244	0.17897388
245	0.18245005
246	0.18571734
247	0.18143846
248	0.18539532
249	0.16991872
250	0.17399250
251	0.17838037
252	0.19310399
253	0.19517846
254	0.18727814
255	0.18515319
256	0.19130410
257	0.19843138
258	0.19789803
259	0.20802426
260	0.19184622
261	0.19062686
262	0.20356803
263	0.19943766
264	0.19363122
265	0.19955372
266	0.19408787
267	0.21938989
268	0.20056489
269	0.20171069
270	0.21292527
271	0.19172755
272	0.20395819
273	0.19248793
274	0.18192452
275	0.21328059
276	0.20867872
277	0.19276399
278	0.20140495
279	0.20747548
280	0.19447931
281	0.21149441
282	0.20461904
283	0.21708654
284	0.19988729
285	0.20382590
286	0.22690005
287	0.21957527
288	0.21815718
289	0.21249154
290	0.19962750
291	0.21131894
292	0.20694676
293	0.19778500
294	0.20912261
295	0.22572250
296	0.20440803
297	0.21079665
298	0.20578824
299	0.19716170
300	0.19889372
301	0.21033702
302	0.19466027
303	0.19834931
304	0.21488963
305	0.21215952
306	0.19648410
307	0.20136261
308	0.21125654
309	0.20440404
310	0.20425165
311	0.20814495
312	0.20929059
313	0.18962431
314	0.21327968
315	0.21064766
316	0.19067340
317	0.19362021
318	0.19306223
319	0.19485798
320	0.17797394
321	0.19177053
322	0.18574936
323	0.17698622
324	0.19124372
325	0.21242181
326	0.19425266
327	0.19553718
328	0.19680745
329	0.19586005
330	0.21163931
331	0.19585356
332	0.19934803
333	0.19792080
334	0.19556644
335	0.19276277
336	0.20093862
337	0.20477761
338	0.20269766
339	0.19298511
340	0.19551170
341	0.20403670
342	0.19202676
343	0.19154745
344	0.19444378
345	0.18702271
346	0.19262766
347	0.19204559
348	0.21580484
349	0.20296665
350	0.20390920
351	0.19018931
352	0.19750856
353	0.18905548
354	0.19702606
355	0.19211059
356	0.22604479
357	0.19666218
358	0.21097117
359	0.19853957
360	0.19533686
361	0.19647367
362	0.18527516
363	0.19683234
364	0.20869691
365	0.20132926
366	0.21465021
367	0.19393261
368	0.20847766
369	0.20199601
370	0.19481713
371	0.21474649
372	0.20647856
373	0.21345096
374	0.19682106
375	0.19182755
376	0.18636441
377	0.20217415
378	0.20741181
379	0.20101830
380	0.21831176
381	0.22088537
382	0.19398665
383	0.20467660
384	0.19948782
385	0.20081229
386	0.19932777
387	0.22415750
388	0.20909941
389	0.20321559
390	0.17933181
391	0.20391574
392	0.18914399
393	0.19844787
394	0.22836505
395	0.21083660
396	0.20131867
397	0.19361101
398	0.20463755
399	0.20731931
400	0.21837840
401	0.18446617
402	0.22267569
403	0.19870064
404	0.20926266
405	0.19520197
406	0.21739059
407	0.19247261
408	0.18064601
409	0.19342282
410	0.20061372
411	0.19121032
412	0.19509596
413	0.21916261
414	0.20649596
415	0.21142080
416	0.22948654
417	0.20391426
418	0.20614910
419	0.20888511
420	0.20756957
421	0.19947410
422	0.19728910
423	0.19730239
424	0.20113660
425	0.18038867
426	0.19665601
427	0.19186032
428	0.19322665
429	0.16916314
430	0.19034069
431	0.19446059
432	0.19253734
433	0.20095787
434	0.17459750
435	0.18910809
436	0.19644266
437	0.20143596
438	0.18688734
439	0.19285564
440	0.19670936
441	0.18648660
442	0.20290910
443	0.19485330
444	0.18494660
445	0.21033686
446	0.20075670
447	0.20317287
448	0.20140915
449	0.19501000
450	0.19798154
451	0.18738676
452	0.19638569
453	0.19380346
454	0.20641766
455	0.19319484
456	0.20123590
457	0.21400277
458	0.17963846
459	0.19996537
460	0.19190713
461	0.19592277
462	0.19078670
463	0.20251479
464	0.18894293
465	0.20170149
466	0.19403894
467	0.18579000
468	0.18235707
469	0.19847947
470	0.18827234
471	0.18693255
472	0.20117649
473	0.18576181
474	0.19514133
475	0.17806293
476	0.17372638
477	0.19292436
478	0.17780867
479	0.18936277
480	0.18016032
481	0.18761947
482	0.19284521
483	0.16762596
484	0.17533713
485	0.18449862
486	0.19782830
487	0.18925559
488	0.18212170
489	0.19021000
490	0.19877495
491	0.19775681
492	0.18687585
493	0.18619314
494	0.19542532
495	0.16562245
496	0.19628809
497	0.18246330
498	0.18382644
499	0.19091255
500	0.20006505
501	0.19842707
502	0.17659654
503	0.18501005
504	0.19671340
505	0.18212638
506	0.18116516
507	0.18524824
508	0.19127644
509	0.19055995
510	0.18298362
511	0.17780335
512	0.17271628
513	0.17393702
514	0.18163606
515	0.18221324
516	0.18130112
517	0.17242080
518	0.17708101
519	0.17591048
520	0.18103527
521	0.19151574
522	0.19575090
523	0.18321298
524	0.18271362
525	0.19397356
526	0.19978330
527	0.19041633
528	0.18824346
529	0.18203473
530	0.18714027
531	0.18842973
532	0.18526500
533	0.19384048
534	0.17668713
535	0.20067351
536	0.19779835
537	0.18319314
538	0.19602755
539	0.19047670
540	0.18876590
541	0.19264085
542	0.19242447
543	0.18177255
544	0.19535654
545	0.20578777
546	0.19260979
547	0.18486782
548	0.18925814
549	0.19598628
550	0.19117255
551	0.20540255
552	0.19922106
553	0.19423973
554	0.19389399
555	0.18887122
556	0.20035665
557	0.18518824
558	0.19215883
559	0.19061367
560	0.18798101
561	0.19947574
562	0.19128176
563	0.18492207
564	0.18860511
565	0.18103761
566	0.18980394
567	0.18471777
568	0.17717809
569	0.18426644
570	0.17609660
571	0.18051064
572	0.19779473
573	0.17159287
574	0.18620500
575	0.19481941
576	0.16710755
577	0.18656713
578	0.17709005
579	0.17173835
580	0.17247596
581	0.16892553
582	0.18113426
583	0.17734447
584	0.17660957
585	0.16642691
586	0.18140894
587	0.19281511
588	0.17040968
589	0.19411287
590	0.19259665
591	0.19340447
592	0.19569186
593	0.18888622
594	0.18582532
595	0.19184074
596	0.19770298
597	0.19535085
598	0.18164144
599	0.18763282
600	0.19709362
601	0.20213048
602	0.18463814
603	0.18067468
604	0.19685351
605	0.19079415
606	0.18181064
607	0.18579128
608	0.18847574
609	0.21160261
610	0.19829191
611	0.18757569
612	0.19904096
613	0.19430984
614	0.17923085
615	0.19922426
616	0.19459032
617	0.19326309
618	0.17692112
619	0.20046048
620	0.19759319
621	0.19790697
622	0.20257447
623	0.21248112
624	0.19011293
625	0.19059920
626	0.20453245
627	0.19123957
628	0.19040883
629	0.18910266
630	0.19476181
631	0.18394585
632	0.18551835
633	0.19695330
634	0.20068218
635	0.19117878
636	0.17922521
637	0.19623691
638	0.20580473
639	0.19247569
640	0.20186899
641	0.20673612
642	0.18054809
643	0.18330697
644	0.18988117
645	0.20378840
646	0.18515755
647	0.19754676
648	0.18824739
649	0.18267574
650	0.18333989
651	0.17305245
652	0.19754926
653	0.19253878
654	0.18443128
655	0.19458548
656	0.19412904
657	0.18519505
658	0.17021404
659	0.18416154
660	0.19343271
661	0.18201005
662	0.19925777
663	0.19876165
664	0.17524404
665	0.17371989
666	0.18255085
667	0.17762032
668	0.17390138
669	0.19671165
670	0.18311734
671	0.20108239
672	0.17580543
673	0.19529527
674	0.19557543
675	0.18502835
676	0.19298394
677	0.18169160
678	0.18211202
679	0.18079835
680	0.19007340
681	0.19396952
682	0.18599809
683	0.17408713
684	0.18309963
685	0.18407016
686	0.18257090
687	0.20549181
688	0.17710686
689	0.18683149
690	0.18101404
691	0.18600239
692	0.19562803
693	0.21017654
694	0.18443404
695	0.15996660
696	0.18574580
697	0.16122872
698	0.19112830
699	0.18181878
700	0.18726952
701	0.18235489
702	0.18835367
703	0.18501840
704	0.18103894
705	0.19192271
706	0.18007548
707	0.19286681
708	0.19165298
709	0.19590282
710	0.20386016
711	0.19157745
712	0.19458117
713	0.17935234
714	0.20196989
715	0.20236580
716	0.20635809
717	0.20320995
718	0.19387426
719	0.18862356
720	0.19313431
721	0.20097915
722	0.19170234
723	0.21292878
724	0.20706739
725	0.21520340
726	0.19773319
727	0.20115367
728	0.19315500
729	0.20208782
730	0.21301383
731	0.20615601
732	0.21301585
733	0.20624878
734	0.20114617
735	0.22409340
736	0.20447979
737	0.19699207
738	0.19794165
739	0.19497511
740	0.19207628
741	0.19474803
742	0.19627452
743	0.20164585
744	0.18048862
745	0.18874633
746	0.18861314
747	0.19961298
748	0.19114574
749	0.18381521
750	0.19942144
751	0.19037936
752	0.20271330
753	0.17664654
754	0.19820734
755	0.19388410
756	0.18859681
757	0.17365144
758	0.20945293
759	0.18248064
760	0.18253750
761	0.19602426
762	0.20811255
763	0.20239426
764	0.18473085
765	0.17945979
766	0.19618846
767	0.19758888
768	0.19183080
769	0.18465027
770	0.19504750
771	0.19370505
772	0.19378670
773	0.20019686
774	0.19166346
775	0.20284436
776	0.19927628
777	0.19926979
778	0.22094021
779	0.20469298
780	0.20099574
781	0.22151824
782	0.18609872
783	0.20182138
784	0.20425596
785	0.20767128
786	0.21356984
787	0.20269814
788	0.20742883
789	0.20838910
790	0.20202415
791	0.19958569
792	0.19800660
793	0.19131926
794	0.20898601
795	0.18099090
796	0.18643489
797	0.19337665
798	0.18961596
799	0.19840941
800	0.19327457
801	0.17001053
802	0.18885585
803	0.18551968
804	0.17946654
805	0.18496314
806	0.19498984
807	0.19037516
808	0.19507239
809	0.19273176
810	0.19100750
811	0.18049229
812	0.19244000
813	0.19778665
814	0.18192271
815	0.19997559
816	0.18243830
817	0.20866798
818	0.21156298
819	0.17563346
820	0.19879723
821	0.19083463
822	0.19218383
823	0.19586872
824	0.19436973
825	0.19561569
826	0.17710888
827	0.19858298
828	0.19169234
829	0.20191888
830	0.18850239
831	0.19312824
832	0.18377303
833	0.19571723
834	0.18942388
835	0.19083713
836	0.20414293
837	0.21801739
838	0.18432463
839	0.19693245
840	0.18180777
841	0.17054979
842	0.18238447
843	0.18776697
844	0.18728165
845	0.19690154
846	0.18783511
847	0.19002319
848	0.17482612
849	0.18032782
850	0.18326346
851	0.18896457
852	0.19014016
853	0.19335963
854	0.21006670
855	0.18986521
856	0.18872037
857	0.20519622
858	0.20664149
859	0.19210947
860	0.19408553
861	0.19474803
862	0.19692266
863	0.20706415
864	0.22159564
865	0.21419080
866	0.20125106
867	0.20626314
868	0.17837452
869	0.21502346
870	0.18708894
871	0.20245915
872	0.20282117
873	0.19835612
874	0.20745968
875	0.19465585
876	0.19744112
877	0.20421548
878	0.20570223
879	0.19797809
880	0.20058878
881	0.19216771
882	0.19934404
883	0.18757888
884	0.19635596
885	0.18025617
886	0.19029856
887	0.20522170
888	0.18391676
889	0.19970239
890	0.18935426
891	0.20094463
892	0.19233096
893	0.19420239
894	0.20899846
895	0.19374335
896	0.19670447
897	0.17885351
898	0.19631798
899	0.19057862
900	0.18005356
901	0.20158633
902	0.18558186
903	0.19779420
904	0.20796133
905	0.21460473
906	0.19620904
907	0.18561601
908	0.18473202
909	0.16917410
910	0.18835207
911	0.19149064
912	0.19761378
913	0.17072543
914	0.18645489
915	0.18379362
916	0.19475447
917	0.18610862
918	0.18366521
919	0.19988181
920	0.17948723
921	0.18472330
922	0.18916516
923	0.17883957
924	0.18492745
925	0.19099000
926	0.18476426
927	0.17699335
928	0.19306798
929	0.18420223
930	0.18993670
931	0.17909649
932	0.18218457
933	0.16241170
934	0.17784144
935	0.18129447
936	0.18144021
937	0.18136622
938	0.18438899
939	0.18851835
