0	0.18790818
1	0.18986140
2	0.18457603
3	0.17640766
4	0.18355760
5	0.20449065
6	0.19624852
7	0.18132466
8	0.18707624
9	0.21096901
10	0.19331489
11	0.18757635
12	0.20419673
13	0.19330887
14	0.21325026
15	0.22027994
16	0.19881045
17	0.16823147
18	0.20093448
19	0.19785797
20	0.19300507
21	0.21033527
22	0.21456420
23	0.16782724
24	0.21142186
25	0.16166246
26	0.19503559
27	0.17588775
28	0.18643068
29	0.17934567
30	0.20406748
31	0.19021853
32	0.18440111
33	0.20317186
34	0.18385570
35	0.20494092
36	0.20262640
37	0.19425380
38	0.18674108
39	0.18173564
40	0.16557001
41	0.17434256
42	0.15481378
43	0.17641690
44	0.19081927
45	0.16730977
46	0.15133590
47	0.16042413
48	0.17349250
49	0.15484847
50	0.14193838
51	0.15361019
52	0.16332122
53	0.16009551
54	0.15800180
55	0.14818923
56	0.16316600
57	0.15407434
58	0.15793479
59	0.16247862
60	0.17313881
61	0.16170639
62	0.16681558
63	0.16576383
64	0.19014039
65	0.17631125
66	0.18457022
67	0.14693617
68	0.15881426
69	0.13415264
70	0.15371954
71	0.14688078
72	0.15418078
73	0.15699747
74	0.14942714
75	0.12498136
76	0.12587592
77	0.13143569
78	0.12016663
79	0.12882392
80	0.13629916
81	0.13279916
82	0.14576674
83	0.13582270
84	0.12931103
85	0.13830787
86	0.15497529
87	0.14351837
88	0.14858184
89	0.15801035
90	0.16480692
91	0.16783828
92	0.16709541
93	0.15259345
94	0.16051209
95	0.16841785
96	0.19536373
97	0.16986014
98	0.19271014
99	0.17941262
100	0.18757703
101	0.17630459
102	0.18022862
103	0.19143395
104	0.18522603
105	0.20478184
106	0.19250739
107	0.18955074
108	0.17622951
109	0.17602967
110	0.18475824
111	0.18289498
112	0.18725121
113	0.19614340
114	0.16909192
115	0.18895887
116	0.17911679
117	0.17180148
118	0.18594509
119	0.17992909
120	0.18966980
121	0.17423126
122	0.17358379
123	0.16924303
124	0.17375729
125	0.18654931
126	0.18644842
127	0.18205671
128	0.18483316
129	0.19817191
130	0.21584451
131	0.19066367
132	0.23703184
133	0.21098369
134	0.18933912
135	0.17997677
136	0.20968004
137	0.17101547
138	0.16935755
139	0.17793807
140	0.18642703
141	0.17400396
142	0.19740259
143	0.17728849
144	0.18038765
145	0.17609398
146	0.19828923
147	0.18885069
148	0.16346859
149	0.17458231
150	0.18924762
151	0.17131542
152	0.16924087
153	0.18503786
154	0.17667529
155	0.17233025
156	0.14969615
157	0.19472767
158	0.18370153
159	0.16859625
160	0.18726985
161	0.17636135
162	0.17597878
163	0.14765143
164	0.17462244
165	0.14845296
166	0.17092529
167	0.16489192
168	0.16123347
169	0.15460876
170	0.19149805
171	0.16748379
172	0.16496230
173	0.19300417
174	0.17272603
175	0.16765317
176	0.16175729
177	0.17151647
178	0.16327202
179	0.17555818
180	0.17644826
181	0.21218173
182	0.18637096
183	0.17789757
184	0.20348237
185	0.21058041
186	0.20104340
187	0.21567181
188	0.19211859
189	0.20479641
190	0.20535444
191	0.20500401
192	0.21978358
193	0.18296246
194	0.19692534
195	0.18186906
196	0.18497592
197	0.17883416
198	0.20835428
199	0.19732603
200	0.20263654
201	0.20263157
202	0.21414715
203	0.16965739
204	0.20677170
205	0.21600011
206	0.19311156
207	0.18113485
208	0.19080153
209	0.18156996
210	0.18251140
211	0.19688184
212	0.18217978
213	0.15373812
214	0.15449688
215	0.15754889
216	0.14584240
217	0.15174910
218	0.17416700
219	0.16062133
220	0.16964403
221	0.17729150
222	0.16484488
223	0.14047841
224	0.16544504
225	0.18925401
226	0.16442888
227	0.16901563
228	0.17626077
229	0.19140444
230	0.15275919
231	0.16042450
232	0.16634219
233	0.15918421
234	0.14943078
235	0.13257471
236	0.15066003
237	0.15777344
238	0.13617804
239	0.14899446
240	0.16875343
241	0.13333627
242	0.13915000
243	0.13531426
244	0.14357936
245	0.14397819
246	0.14183685
247	0.14713501
248	0.15501975
249	0.13888126
250	0.15864974
251	0.14777497
252	0.15918321
253	0.15122086
254	0.16141140
255	0.15086901
256	0.15022640
257	0.16509636
258	0.16006595
259	0.15438279
260	0.15622460
261	0.15154467
262	0.17109736
263	0.17033231
264	0.17539250
265	0.18971003
266	0.18664551
267	0.20537767
268	0.20039081
269	0.19503115
270	0.19751241
271	0.18454329
272	0.18541404
273	0.16665407
274	0.17437714
275	0.17982249
276	0.18828120
277	0.17775597
278	0.17902698
279	0.17332751
280	0.18484836
281	0.20133332
282	0.18677080
283	0.18432941
284	0.18925903
285	0.20326843
286	0.20465338
287	0.18599778
288	0.19675950
289	0.19473464
290	0.18143928
291	0.16719055
292	0.16986510
293	0.17468590
294	0.18757540
295	0.17737883
296	0.18376742
297	0.18169974
298	0.17641177
299	0.19783189
300	0.19703120
301	0.18151299
302	0.19014329
303	0.18861019
304	0.18074683
305	0.17046822
306	0.15650275
307	0.15414414
308	0.16159319
309	0.16569044
310	0.16660871
311	0.16342994
312	0.18261489
313	0.15648247
314	0.16543685
315	0.17686922
316	0.16654826
317	0.16870016
318	0.17567550
319	0.15537698
320	0.16312223
321	0.17111257
322	0.18428448
323	0.14917635
324	0.16198828
325	0.17120327
326	0.15310834
327	0.15259303
328	0.15134520
329	0.15310649
330	0.15245058
331	0.15952254
332	0.16195259
333	0.17165227
334	0.15001135
335	0.13988173
336	0.14883907
337	0.13412318
338	0.13587196
339	0.14429314
340	0.16768965
341	0.14708247
342	0.15123522
343	0.14208522
344	0.16448485
345	0.15635475
346	0.15654393
347	0.15807212
348	0.15169034
349	0.17002999
350	0.16821610
351	0.18086605
352	0.18032577
353	0.17620206
354	0.18895560
355	0.18111362
356	0.17880681
357	0.14775919
358	0.15881690
359	0.15345137
360	0.16567962
361	0.15890306
362	0.17787376
363	0.15900370
364	0.18919836
365	0.17043659
366	0.16747819
367	0.17465787
368	0.18486948
369	0.19523416
370	0.14426853
371	0.15069039
372	0.18125866
373	0.16320924
374	0.13671214
375	0.15661568
376	0.14689889
377	0.14160549
378	0.14434335
379	0.14450106
380	0.14737957
381	0.14601610
382	0.16206468
383	0.15830422
384	0.15234541
385	0.17756605
386	0.16200496
387	0.13477091
388	0.14478020
389	0.16185174
390	0.15660306
391	0.17029129
392	0.15194303
393	0.17349535
394	0.18158765
395	0.16688976
396	0.17011631
397	0.17624424
398	0.16498453
399	0.19519382
400	0.18525290
401	0.16472592
402	0.19442920
403	0.16649319
404	0.18491658
405	0.16602751
406	0.19221938
407	0.17208464
408	0.17547070
409	0.17524879
410	0.18009372
411	0.18049477
412	0.18019388
413	0.18333580
414	0.17902714
415	0.17093448
416	0.18779604
417	0.19348268
418	0.17559372
419	0.18420507
420	0.18863242
421	0.16759424
422	0.19114081
423	0.18511304
424	0.16599187
425	0.17929171
426	0.14898453
427	0.16624657
428	0.16486716
429	0.17257645
430	0.17422846
431	0.16543453
432	0.19375074
433	0.14782846
434	0.15894810
435	0.15092466
436	0.15955560
437	0.15518511
438	0.15125327
439	0.16144171
440	0.17223279
441	0.17570781
442	0.16668754
443	0.17645665
444	0.20980195
445	0.19222925
446	0.17472846
447	0.20370106
448	0.15696125
449	0.18854989
450	0.16847017
451	0.17886948
452	0.15025095
453	0.16162064
454	0.15875818
455	0.16170623
456	0.15698110
457	0.16273469
458	0.15582196
459	0.15007270
460	0.16305681
461	0.16294187
462	0.15899303
463	0.18186959
464	0.15265850
465	0.16369852
466	0.16426346
467	0.18304683
468	0.16678854
469	0.17293701
470	0.17431895
471	0.18819414
472	0.20075982
473	0.19327772
474	0.17343448
475	0.20070227
476	0.19505787
477	0.19042064
478	0.19561383
479	0.17656843
480	0.17954240
481	0.18656008
482	0.18191526
483	0.16065016
484	0.17263981
485	0.17342049
486	0.16324329
487	0.15782883
488	0.18422429
489	0.17165660
490	0.17496674
491	0.18251917
492	0.18828706
493	0.17624208
494	0.18750987
495	0.17680063
496	0.17896584
497	0.18977988
498	0.16583242
499	0.17983891
500	0.14641959
501	0.15445000
502	0.17798569
503	0.16910327
504	0.16206996
505	0.14990755
506	0.17113527
507	0.16167339
508	0.16605618
509	0.17646267
510	0.17288062
511	0.17572819
512	0.19182165
513	0.20051146
514	0.18835560
515	0.18431452
516	0.18915929
517	0.20476880
518	0.20965861
519	0.19203231
520	0.19084694
521	0.18905528
522	0.19856072
523	0.21378210
524	0.18249166
525	0.17824863
526	0.18915264
527	0.16332313
528	0.17843828
529	0.18387962
530	0.17014741
531	0.18134245
532	0.17142735
533	0.16665739
534	0.17422165
535	0.17857909
536	0.17870100
537	0.17822846
538	0.16457693
539	0.16225750
540	0.16905681
541	0.16704356
542	0.17924968
543	0.17227724
544	0.17449593
545	0.15833062
546	0.16689900
547	0.16195919
548	0.17069256
549	0.16800871
550	0.19476531
551	0.17279562
552	0.16768495
553	0.17974514
554	0.17778221
555	0.20852318
556	0.18031964
557	0.17526325
558	0.17775074
559	0.17690834
560	0.16405523
561	0.17763358
562	0.18511996
563	0.18015671
564	0.21170676
565	0.19923247
566	0.18300021
567	0.19369324
568	0.20205839
569	0.19796452
570	0.20219667
571	0.20000560
572	0.19106346
573	0.18778648
574	0.19228622
575	0.20561864
576	0.17905333
577	0.20819958
578	0.19094794
579	0.18109799
580	0.20873765
581	0.19487550
582	0.18473221
583	0.20118844
584	0.20790222
585	0.20062640
586	0.23104731
587	0.17297661
588	0.20145818
589	0.20894884
590	0.20498289
591	0.20755459
592	0.21755956
593	0.18598701
594	0.22736436
595	0.19674261
596	0.19629414
597	0.19302218
598	0.20883295
599	0.19265296
600	0.21581309
601	0.19986336
602	0.20860898
603	0.19291235
604	0.18288131
605	0.19987629
606	0.20579652
607	0.19313897
608	0.17189293
609	0.19956014
610	0.17166019
611	0.17918590
612	0.18764335
613	0.18744055
614	0.16945766
615	0.18508326
616	0.17544958
617	0.20223168
618	0.20312978
619	0.20147592
620	0.18505026
621	0.19541985
622	0.21065153
623	0.21328474
624	0.21274831
625	0.20359530
626	0.22738728
627	0.20324662
628	0.20490829
629	0.21526320
630	0.19212978
631	0.20072482
632	0.20327661
633	0.22668960
634	0.20046072
635	0.18714556
636	0.23073717
637	0.18828939
638	0.20020338
639	0.17707767
640	0.17497751
641	0.17294435
642	0.17587122
643	0.18477661
644	0.17708765
645	0.16761484
646	0.19720285
647	0.20286626
648	0.18235739
649	0.18188675
650	0.17237297
651	0.19488633
652	0.18549736
653	0.18097809
654	0.19788838
655	0.16861584
656	0.17854092
657	0.18360269
658	0.15738421
659	0.18491595
660	0.17062112
661	0.19689319
662	0.20382751
663	0.20466463
664	0.19193247
665	0.19419361
666	0.21120908
667	0.19386304
668	0.19219403
669	0.19629388
670	0.19245312
671	0.20058110
672	0.19891352
673	0.19091859
674	0.20823242
675	0.16778374
676	0.19621732
677	0.21123955
678	0.19624836
679	0.20473157
680	0.21114979
681	0.18546843
682	0.17882302
683	0.17782661
684	0.17428226
685	0.19004314
686	0.17294873
687	0.17695259
688	0.17006621
689	0.20261621
690	0.16391859
691	0.18973163
692	0.16644176
693	0.15947154
694	0.18372714
695	0.17974060
696	0.16116758
697	0.17953310
698	0.18770639
699	0.18062672
700	0.16001357
701	0.17292471
702	0.16798152
703	0.17403976
704	0.16062835
705	0.18341690
706	0.14795333
707	0.16255898
708	0.16130480
709	0.16454868
710	0.15958025
711	0.16905454
712	0.16368680
713	0.17148052
714	0.17672017
715	0.18006199
716	0.15210137
717	0.17908601
718	0.18886463
719	0.17998178
720	0.18331394
721	0.18340565
722	0.18916690
723	0.18785987
724	0.18556595
725	0.15467344
726	0.18502645
727	0.19335000
728	0.17856193
729	0.17105824
730	0.18278057
731	0.16756885
732	0.16698041
733	0.15124625
734	0.15561515
735	0.16086837
736	0.18374213
737	0.16051880
738	0.15089989
739	0.16724984
740	0.16235116
741	0.16484847
742	0.16464889
743	0.16258849
744	0.14711732
745	0.15010317
746	0.14298427
747	0.15902265
748	0.14482360
749	0.13681214
750	0.15525048
751	0.13733907
752	0.15000063
753	0.13764071
754	0.15248564
755	0.13754124
756	0.13519820
757	0.14417513
758	0.15759192
759	0.15771558
760	0.14758231
761	0.15030348
762	0.16574498
763	0.15468279
764	0.16082027
765	0.15317355
766	0.16793458
767	0.16366769
768	0.15795855
769	0.15862920
770	0.18112888
771	0.17925618
772	0.17889029
773	0.17704989
774	0.17516045
775	0.15574118
776	0.17297001
777	0.17368485
778	0.18654646
779	0.15997239
780	0.17183712
781	0.18649952
782	0.16805095
783	0.18541257
784	0.16619345
785	0.16854535
786	0.16766077
787	0.15795697
788	0.17327672
789	0.17032170
790	0.17460876
791	0.16871901
792	0.17179050
793	0.20920908
794	0.18944409
795	0.19711932
796	0.16309150
797	0.21103860
798	0.18727909
799	0.20266362
800	0.19148400
801	0.18813564
802	0.18389446
803	0.20878638
804	0.18359720
805	0.18405216
806	0.18496864
807	0.19107439
808	0.17984461
809	0.17237719
810	0.20508585
811	0.17479546
812	0.18267914
813	0.21313664
814	0.20249863
815	0.18528010
816	0.18788537
817	0.19665153
818	0.19361489
819	0.18824087
820	0.19946774
821	0.19890211
822	0.16105417
823	0.18918057
824	0.19641605
825	0.18513432
826	0.19260803
827	0.18738617
828	0.18853759
829	0.19116146
830	0.18732872
831	0.17724504
832	0.17521426
833	0.17215470
834	0.17020750
835	0.17708928
836	0.16698654
837	0.15571262
838	0.16012809
839	0.15706531
840	0.15140544
841	0.16140850
842	0.16301610
843	0.16877999
844	0.17929546
845	0.16559488
846	0.18709646
847	0.17794192
848	0.19645808
849	0.18705702
850	0.17515496
851	0.19130016
852	0.20055565
853	0.20631827
854	0.19465090
855	0.20887503
856	0.20674113
857	0.21099498
858	0.21880676
859	0.20425232
860	0.17263849
861	0.16804673
862	0.19068559
863	0.16138490
864	0.17103506
865	0.17317513
866	0.18344715
867	0.17051230
868	0.18344963
869	0.18301283
870	0.18064319
871	0.17993010
872	0.17305803
873	0.17968728
874	0.19175818
875	0.20779699
876	0.19292455
877	0.18127144
878	0.19721167
879	0.18481753
880	0.18500016
881	0.19013738
882	0.19182075
883	0.19296151
884	0.23093115
885	0.21400000
886	0.20915053
887	0.21781499
888	0.20631653
889	0.21852350
890	0.22726447
891	0.22567513
892	0.20209905
893	0.21821885
894	0.20241547
895	0.17939108
896	0.18807228
897	0.17505523
898	0.16851478
899	0.18803680
900	0.19357223
901	0.18778289
902	0.18103580
903	0.14828585
904	0.15839604
905	0.17088706
906	0.18011426
907	0.15975924
908	0.17808189
909	0.20102677
910	0.16518664
911	0.16015671
912	0.17774256
913	0.16312946
914	0.18239324
915	0.18832951
916	0.18507091
917	0.18654694
918	0.18507614
919	0.19071151
920	0.22717661
921	0.18748347
922	0.18715264
923	0.19011494
924	0.17316410
925	0.17603205
926	0.17157529
927	0.17151431
928	0.17623796
929	0.15851257
930	0.17932202
931	0.18180063
932	0.21712154
933	0.18968527
934	0.20418976
935	0.19970950
936	0.20606494
937	0.17482698
938	0.21948844
939	0.20339815
940	0.19915744
941	0.20876700
942	0.21508976
943	0.19769477
944	0.19898828
945	0.19293395
946	0.16537888
