0	0.60480474
1	0.59979597
2	0.56718096
3	0.53487548
4	0.60280605
5	0.59364961
6	0.60469682
7	0.60481550
8	0.60506592
9	0.60470159
10	0.60476196
11	0.60329310
12	0.60466532
13	0.59787350
14	0.59205021
15	0.56078836
16	0.55236408
17	0.60225824
18	0.59663531
19	0.59782562
20	0.59060715
21	0.58532120
22	0.60422212
23	0.59809186
24	0.60198758
25	0.58112367
26	0.56502661
27	0.58509646
28	0.59079137
29	0.56255166
30	0.59679437
31	0.59409377
32	0.58554268
33	0.58196599
34	0.58764805
35	0.50607116
36	0.56411536
37	0.50054455
38	0.57456737
39	0.52488139
40	0.48658666
41	0.54845025
42	0.59933751
43	0.60054360
44	0.55719243
45	0.57714766
46	0.54225053
47	0.59469788
48	0.54095046
49	0.58868167
50	0.47494084
51	0.53967735
52	0.49856348
53	0.53048949
54	0.57962335
55	0.53222148
56	0.59297495
57	0.52556437
58	0.57627990
59	0.49983344
60	0.44245778
61	0.58364604
62	0.58427488
63	0.57433705
64	0.54727732
65	0.50023355
66	0.55677010
67	0.54287311
68	0.58382792
69	0.50858103
70	0.50533546
71	0.53404947
72	0.56316978
73	0.55035481
74	0.50880368
75	0.39316649
76	0.56222187
77	0.53200280
78	0.51193156
79	0.43872091
80	0.57543963
81	0.57792233
82	0.46067325
83	0.54944781
84	0.49757795
85	0.51660202
86	0.50890598
87	0.42942866
88	0.54817197
89	0.49844151
90	0.48036458
91	0.55968461
92	0.52892880
93	0.50982137
94	0.56051157
95	0.52434855
96	0.56493397
97	0.53230400
98	0.38639186
99	0.43943567
100	0.51115998
101	0.46168712
102	0.48272870
103	0.39039190
104	0.57660088
105	0.45325361
106	0.46641458
107	0.45778475
108	0.51227941
109	0.51867088
110	0.48972056
111	0.39900803
112	0.47637820
113	0.51339614
114	0.36175092
115	0.46038751
116	0.55886065
117	0.47301419
118	0.40686702
119	0.44113468
120	0.49422665
121	0.45007385
122	0.50691430
123	0.52801921
124	0.44591759
125	0.48192233
126	0.43605725
127	0.46282749
128	0.45313415
129	0.40879115
130	0.47876918
131	0.47829487
132	0.46185633
133	0.51693517
134	0.55410460
135	0.53466914
136	0.38995679
137	0.50095092
138	0.49094140
139	0.43535934
140	0.44473376
141	0.48167519
142	0.47501267
143	0.38150464
144	0.53402803
145	0.44529190
146	0.46749791
147	0.51153896
148	0.39514101
149	0.39240004
150	0.50249703
151	0.39864841
152	0.42424834
153	0.37265683
154	0.46516430
155	0.42092994
156	0.39682410
157	0.42571076
158	0.45471607
159	0.49194147
160	0.52323818
161	0.44037512
162	0.33729476
163	0.43624345
164	0.44699667
165	0.47947435
166	0.42756819
167	0.39364165
168	0.45084696
169	0.41566380
170	0.53700188
171	0.46463436
172	0.43744858
173	0.45334820
174	0.42782516
175	0.47311100
176	0.37361883
177	0.41333305
178	0.52464076
179	0.46741794
180	0.53337339
181	0.38085984
182	0.45608914
183	0.41004996
184	0.38950379
185	0.35045131
186	0.47661886
187	0.34866146
188	0.41596260
189	0.41834536
190	0.37531833
191	0.50015962
192	0.44412197
193	0.41826026
194	0.47613206
195	0.42098163
196	0.33499066
197	0.44262247
198	0.37378277
199	0.40839703
200	0.45228411
201	0.43251663
202	0.38375810
203	0.45354349
204	0.35101819
205	0.43988815
206	0.43272771
207	0.36174632
208	0.35014590
209	0.39960131
210	0.33697633
211	0.44765577
212	0.51673762
213	0.44178967
214	0.37425952
215	0.42243188
216	0.32461737
217	0.34144243
218	0.43999377
219	0.39962565
220	0.47456755
221	0.49542824
222	0.39139476
223	0.50143737
224	0.41884912
225	0.51021359
226	0.43205071
227	0.46300396
228	0.45596313
229	0.41126423
230	0.37763984
231	0.37684965
232	0.33114409
233	0.36380166
234	0.40107052
235	0.42915050
236	0.47235584
237	0.38506185
238	0.39090216
239	0.39699232
240	0.37252979
241	0.45679802
242	0.46038478
243	0.45325832
244	0.33664968
245	0.48030159
246	0.36600488
247	0.35584600
248	0.43953432
249	0.34284253
250	0.37644239
251	0.45410308
252	0.37868970
253	0.36587774
254	0.37631716
255	0.37238868
256	0.38840602
257	0.36081207
258	0.37942626
259	0.41631394
260	0.34634296
261	0.46475609
262	0.37758730
263	0.40702059
264	0.42639091
265	0.43755771
266	0.40982024
267	0.39940202
268	0.39122527
269	0.40370464
270	0.42651016
271	0.40282757
272	0.36323953
273	0.37050170
274	0.30908609
275	0.39964561
276	0.39603733
277	0.46823128
278	0.39697799
279	0.43305623
280	0.35295007
281	0.35716783
282	0.35421497
283	0.40647445
284	0.45668160
285	0.44096755
286	0.41380934
287	0.35437841
288	0.42560686
289	0.35120807
290	0.43031787
291	0.41862675
292	0.40243758
293	0.35162969
294	0.43074522
295	0.32978602
296	0.41030980
297	0.40251759
298	0.39853701
299	0.48602923
300	0.46081918
301	0.42727795
302	0.49203960
303	0.38940453
304	0.42489579
305	0.42450018
306	0.38253680
307	0.40933068
308	0.43923737
309	0.36971769
310	0.39139717
311	0.32961398
312	0.32108018
313	0.33818213
314	0.45141801
315	0.47919275
316	0.39345548
317	0.40543815
318	0.36512449
319	0.34281780
320	0.40525315
321	0.42836019
322	0.48198577
323	0.36517728
324	0.36267558
325	0.36486504
326	0.34326164
327	0.37460283
328	0.39558061
329	0.44202781
330	0.42455400
331	0.30392891
332	0.31056387
333	0.38624540
334	0.33528241
335	0.33966550
336	0.40481338
337	0.34343776
338	0.41525630
339	0.32201872
340	0.29093567
341	0.31796798
342	0.41120326
343	0.37011525
344	0.45595711
345	0.34029890
346	0.34285120
347	0.32458439
348	0.40505637
349	0.38835156
350	0.32887948
351	0.30368960
352	0.36269820
353	0.33494628
354	0.36681872
355	0.38458411
356	0.46634154
357	0.39472806
358	0.32676412
359	0.33357247
360	0.36052863
361	0.33981235
362	0.39613383
363	0.34101614
364	0.39413857
365	0.38579816
366	0.35525842
367	0.35888061
368	0.36332307
369	0.35594073
370	0.39099062
371	0.45945301
372	0.36185810
373	0.32394409
374	0.42543001
375	0.35113938
376	0.34103100
377	0.41473192
378	0.32191550
379	0.39808567
380	0.29884915
381	0.36850400
382	0.39480195
383	0.39907636
384	0.35431575
385	0.28183461
386	0.33529529
387	0.31343574
388	0.36713843
389	0.42846737
390	0.39201295
391	0.32927608
392	0.33289805
393	0.31738627
394	0.37323209
395	0.42352116
396	0.42515081
397	0.38473326
398	0.40805251
399	0.35500248
400	0.34185350
401	0.36723942
402	0.39300708
403	0.31704989
404	0.39263808
405	0.34415326
406	0.38840421
407	0.29849788
408	0.36528305
409	0.35118291
410	0.31364646
411	0.45464636
412	0.36462707
413	0.39637318
414	0.34519696
415	0.38603050
416	0.33986918
417	0.32569827
418	0.36569151
419	0.40186950
420	0.37041458
421	0.34078793
422	0.33632583
423	0.42629713
424	0.43977261
425	0.40470265
426	0.33415393
427	0.31971716
428	0.33119448
429	0.33222067
430	0.44427576
431	0.33523694
432	0.35868263
433	0.33048715
434	0.39981737
435	0.30779321
436	0.35614455
437	0.32071359
438	0.35490375
439	0.36036656
440	0.35984338
441	0.37070471
442	0.32708429
443	0.29378549
444	0.37052028
445	0.35326302
446	0.31340570
447	0.29438546
448	0.32759328
449	0.34819388
450	0.32665209
451	0.30715740
452	0.35638064
453	0.35446327
454	0.37096047
455	0.32814936
456	0.30834841
457	0.32371599
458	0.35425435
459	0.35013365
460	0.37975878
461	0.31690552
462	0.30990538
463	0.30102569
464	0.30376695
465	0.43334710
466	0.33390548
467	0.31710357
468	0.35868450
469	0.29585913
470	0.34433284
471	0.33332261
472	0.35264200
473	0.28055938
474	0.38636847
475	0.30107767
476	0.30386214
477	0.36295085
478	0.32151543
479	0.28182544
480	0.26767197
481	0.33185308
482	0.34441553
483	0.26403864
484	0.37114002
485	0.41307760
486	0.29364597
487	0.38369041
488	0.29586398
489	0.33133708
490	0.30798896
491	0.38041529
492	0.30124009
493	0.30787353
494	0.35770867
495	0.36301769
496	0.33640308
497	0.37036861
498	0.30534855
499	0.30451723
500	0.34493146
501	0.32882757
502	0.33457399
503	0.28475188
504	0.28879660
505	0.33949285
506	0.34858178
507	0.31529009
508	0.32843698
509	0.26019080
510	0.32486394
511	0.31722611
512	0.33852788
513	0.30675609
514	0.36398312
515	0.31150909
516	0.35640800
517	0.37249650
518	0.34063645
519	0.33778447
520	0.34000924
521	0.28888213
522	0.40767289
523	0.26432371
524	0.32794101
525	0.30144207
526	0.39047488
527	0.27622728
528	0.39873977
529	0.36130587
530	0.28911709
531	0.28134349
532	0.30964480
533	0.33424607
534	0.36573270
535	0.30605623
536	0.34448815
537	0.38668316
538	0.31703779
539	0.30046369
540	0.36052749
541	0.35841539
542	0.34211794
543	0.33757859
544	0.31842604
545	0.36278864
546	0.31280821
547	0.30974363
548	0.31855931
549	0.31779904
550	0.30595290
551	0.26513892
552	0.30134282
553	0.34607148
554	0.29009101
555	0.35767863
556	0.32442696
557	0.28844593
558	0.35347385
559	0.40289391
560	0.31228043
561	0.32102972
562	0.33281999
563	0.26313818
564	0.33428344
565	0.32562031
566	0.35266706
567	0.32596001
568	0.31730191
569	0.34885524
570	0.29392997
571	0.32594076
572	0.30886016
573	0.38345177
574	0.31738641
575	0.30459986
576	0.29861929
577	0.30992374
578	0.27660414
579	0.32461285
580	0.35938018
581	0.31230456
582	0.32937017
583	0.33863839
584	0.36132201
585	0.29935662
586	0.27122183
587	0.34386967
588	0.29423708
589	0.25171302
590	0.29855315
591	0.35915418
592	0.26955708
593	0.35454459
594	0.34208825
595	0.39893864
596	0.29177307
597	0.30939515
598	0.29714650
599	0.34657604
600	0.33901900
601	0.33263839
602	0.30965736
603	0.33154561
604	0.31186040
605	0.31126161
606	0.26460683
607	0.33712537
608	0.30635980
609	0.31300934
610	0.32237410
611	0.26693868
612	0.30876299
613	0.31957215
614	0.28135895
615	0.32859345
616	0.32842884
617	0.28394954
618	0.33691617
619	0.37104866
620	0.32663029
621	0.39523337
622	0.35171996
623	0.26151285
624	0.36929643
625	0.33222732
626	0.26892937
627	0.28652240
628	0.27915715
629	0.27461313
630	0.33492951
631	0.34696769
632	0.33835683
633	0.32443270
634	0.31586815
635	0.33953192
636	0.30441058
637	0.36622495
638	0.35047006
639	0.33368861
640	0.30256249
641	0.35119391
642	0.37637679
643	0.27977321
644	0.25093992
645	0.30796104
646	0.29989820
647	0.36017728
648	0.32183340
649	0.36244434
650	0.32319476
651	0.33223340
652	0.32351883
653	0.23758167
654	0.31809009
655	0.34998666
656	0.26693454
657	0.31319275
658	0.32943365
659	0.28864009
660	0.31438110
661	0.30849756
662	0.29323284
663	0.33003181
664	0.29028117
665	0.32849958
666	0.31385485
667	0.28917601
668	0.33547965
669	0.30051316
670	0.31019130
671	0.27133677
672	0.33120156
673	0.27441072
674	0.32431589
675	0.30972527
676	0.34598645
677	0.24381971
678	0.27212834
679	0.29765081
680	0.31662392
681	0.27738153
682	0.29797523
683	0.31491267
684	0.27737633
685	0.34757328
686	0.28899614
687	0.32286476
688	0.35632509
689	0.31001812
690	0.31247700
691	0.28840308
692	0.33570336
693	0.33864851
694	0.29011656
695	0.27517286
696	0.30970938
697	0.33166798
698	0.29862845
699	0.28699469
700	0.29068645
701	0.25157304
702	0.26669820
703	0.31167028
704	0.30374161
705	0.29552304
706	0.26573634
707	0.27680142
708	0.34570350
709	0.25574207
710	0.27686129
711	0.31086437
712	0.32065630
713	0.34330060
714	0.29084122
715	0.30616617
716	0.26403008
717	0.24750715
718	0.26256759
719	0.28917077
720	0.28956008
721	0.32711925
722	0.32399593
723	0.26612838
724	0.27356996
725	0.32804027
726	0.28534193
727	0.29337509
728	0.28392764
729	0.33524402
730	0.27062880
731	0.26098220
732	0.30816607
733	0.30553609
734	0.28386716
735	0.23701805
736	0.28910432
737	0.25021260
738	0.33968457
739	0.34583609
740	0.28441653
741	0.28328202
742	0.30328100
743	0.29654487
744	0.27425269
745	0.29490566
746	0.25056999
747	0.30530474
748	0.30597307
749	0.28680679
750	0.28647084
751	0.32841047
752	0.35875563
753	0.30330294
754	0.25818574
755	0.28329526
756	0.30867219
757	0.24475832
758	0.27096469
759	0.33487038
760	0.33282958
761	0.29359243
762	0.31480276
763	0.25621737
764	0.28114607
765	0.33688418
766	0.27721582
767	0.29098967
768	0.34263064
769	0.29999091
770	0.32153457
771	0.23268397
772	0.29731688
773	0.29002031
774	0.28922831
775	0.30949572
776	0.25755333
777	0.28048294
778	0.32694897
779	0.31224229
780	0.27301929
781	0.28057714
782	0.30925902
783	0.30828436
784	0.27550301
785	0.26508977
786	0.31242491
787	0.28977661
788	0.27940265
789	0.33051575
790	0.33809462
791	0.31663266
792	0.30184483
793	0.29939420
794	0.27485318
795	0.29526500
796	0.29408192
797	0.26009122
798	0.29700173
799	0.25774505
800	0.26608195
801	0.32082197
802	0.29415520
803	0.26753719
804	0.24040336
805	0.32882640
806	0.25896076
807	0.29517841
808	0.28929689
809	0.25186999
810	0.28151182
811	0.29758542
812	0.26548330
813	0.25181677
814	0.30296837
815	0.28662951
816	0.27306861
817	0.29076837
818	0.26163057
819	0.27562629
820	0.31024016
821	0.25393949
822	0.30167923
823	0.28698025
824	0.33412813
825	0.30263326
826	0.26786943
827	0.26716844
828	0.29855223
829	0.33775449
830	0.31363086
831	0.28483001
832	0.29535962
833	0.30032477
834	0.29121044
835	0.22267700
836	0.31440382
837	0.28299444
838	0.31968669
839	0.26325318
840	0.29930446
841	0.26723892
842	0.30012399
843	0.30110499
844	0.30903776
845	0.32563401
846	0.29239710
847	0.26098740
848	0.26980407
849	0.22570817
850	0.28525453
851	0.25338454
852	0.25763684
853	0.27974158
854	0.26085931
855	0.29885386
856	0.24235839
857	0.29298758
858	0.29305025
859	0.26206840
860	0.29805209
861	0.29255669
862	0.29883949
863	0.29683595
864	0.26957583
865	0.23694229
866	0.23855623
867	0.29840832
868	0.28832537
869	0.30175464
870	0.29688599
871	0.26789674
872	0.28336957
873	0.24303209
874	0.28827445
875	0.28271999
876	0.29080722
877	0.28827006
878	0.28716776
879	0.25935382
880	0.27384752
881	0.28095729
882	0.28010655
883	0.29058715
884	0.24772905
885	0.26412258
886	0.29091599
887	0.31788701
888	0.27014328
889	0.27766454
890	0.25685630
891	0.29988871
892	0.29518496
893	0.29128443
894	0.26737742
895	0.33061890
896	0.30653684
897	0.30287021
898	0.23016079
899	0.30065276
900	0.25890640
901	0.30345708
902	0.29248174
903	0.24794848
904	0.29411992
905	0.28931645
906	0.25204653
907	0.29052594
908	0.24538075
909	0.27157381
910	0.27782028
911	0.27104388
912	0.27872201
913	0.30913914
914	0.28108861
915	0.31511016
916	0.28585927
917	0.26594820
918	0.31090393
919	0.28428705
920	0.28305612
921	0.25301674
922	0.29940679
923	0.27839887
924	0.27664444
925	0.28408478
926	0.23564091
927	0.27916734
928	0.27981663
929	0.26658815
930	0.29998330
931	0.24964597
932	0.26816631
933	0.26299427
934	0.29541033
935	0.28199710
936	0.26148309
937	0.28840042
938	0.27381412
939	0.25996769
940	0.26926157
941	0.27059059
