0	0.57639969
1	0.55051368
2	0.56943405
3	0.57595544
4	0.57417748
5	0.57643077
6	0.57591327
7	0.57634050
8	0.57617724
9	0.57580461
10	0.57529775
11	0.55067806
12	0.57421119
13	0.56735363
14	0.56783432
15	0.57187646
16	0.56086482
17	0.55272358
18	0.54128983
19	0.57139386
20	0.51844186
21	0.49284023
22	0.55074947
23	0.53552439
24	0.57195305
25	0.57566039
26	0.57456424
27	0.44799082
28	0.54922218
29	0.53839488
30	0.51523992
31	0.56975817
32	0.56950003
33	0.49030693
34	0.55765009
35	0.55526813
36	0.53306295
37	0.53144579
38	0.52456083
39	0.56201058
40	0.49498615
41	0.52523934
42	0.47606905
43	0.52194940
44	0.51741368
45	0.56739461
46	0.55087103
47	0.55938420
48	0.46880621
49	0.54216278
50	0.56589672
51	0.53436452
52	0.52939945
53	0.45126182
54	0.43819058
55	0.56002398
56	0.46683139
57	0.50640652
58	0.50071808
59	0.49952071
60	0.54707189
61	0.51978912
62	0.53776271
63	0.45819287
64	0.53032443
65	0.36053862
66	0.40415179
67	0.47278567
68	0.54856858
69	0.45696087
70	0.54626366
71	0.49168379
72	0.44307851
73	0.45740502
74	0.51594643
75	0.44520396
76	0.47602511
77	0.44371160
78	0.55526803
79	0.45085602
80	0.50561996
81	0.48147547
82	0.46142934
83	0.39939973
84	0.43859492
85	0.47857864
86	0.44155582
87	0.56937390
88	0.56004715
89	0.49246278
90	0.38927943
91	0.52238601
92	0.54620570
93	0.51556114
94	0.42224872
95	0.40182719
96	0.38306203
97	0.47451170
98	0.44271815
99	0.48709116
100	0.48206517
101	0.55143971
102	0.51156933
103	0.46657851
104	0.41261286
105	0.40652201
106	0.40458086
107	0.39949700
108	0.40795070
109	0.49424507
110	0.45859870
111	0.50242753
112	0.41119601
113	0.45952801
114	0.43676718
115	0.44980474
116	0.40320368
117	0.48394442
118	0.38828236
119	0.37659679
120	0.40151075
121	0.51273033
122	0.49642378
123	0.44016145
124	0.41770382
125	0.44095162
126	0.45768216
127	0.46915496
128	0.51302027
129	0.39371324
130	0.35598594
131	0.43162886
132	0.40431184
133	0.41087455
134	0.46720307
135	0.44077315
136	0.44881177
137	0.39598226
138	0.42832129
139	0.44538748
140	0.44601283
141	0.38303211
142	0.45743872
143	0.41670696
144	0.34831638
145	0.38848144
146	0.35768117
147	0.33076851
148	0.39607011
149	0.48614722
150	0.37882644
151	0.46769959
152	0.37180887
153	0.36214401
154	0.31936592
155	0.40241433
156	0.42060658
157	0.33835585
158	0.39912764
159	0.42006380
160	0.36199618
161	0.49281771
162	0.41607731
163	0.35906145
164	0.41032910
165	0.41108161
166	0.42936107
167	0.37193388
168	0.33790911
169	0.43977608
170	0.39340106
171	0.38657165
172	0.32374940
173	0.30772446
174	0.34226810
175	0.46759355
176	0.39567393
177	0.31291467
178	0.39811948
179	0.47296885
180	0.34536288
181	0.40575790
182	0.39988229
183	0.43403985
184	0.46540948
185	0.37071354
186	0.48294381
187	0.46801051
188	0.38766776
189	0.36543064
190	0.32620751
191	0.36816923
192	0.33424493
193	0.32509645
194	0.34609942
195	0.36933013
196	0.48351627
197	0.38558847
198	0.42363118
199	0.42903248
200	0.42139577
201	0.31028867
202	0.41421566
203	0.39273013
204	0.44615210
205	0.43097410
206	0.45360614
207	0.36800024
208	0.40663388
209	0.43350215
210	0.38762733
211	0.41063750
212	0.35766612
213	0.50091634
214	0.43672648
215	0.38955206
216	0.40421406
217	0.40406663
218	0.40298410
219	0.27879451
220	0.39714582
221	0.29413763
222	0.35931290
223	0.47594858
224	0.34184940
225	0.37951535
226	0.34893924
227	0.42421351
228	0.44744067
229	0.36665954
230	0.37152354
231	0.32751245
232	0.43391658
233	0.40165868
234	0.32812897
235	0.36824688
236	0.35955333
237	0.40649973
238	0.32299406
239	0.34676745
240	0.37895977
241	0.46817424
242	0.33695357
243	0.37969881
244	0.37800778
245	0.40583033
246	0.33130235
247	0.33146680
248	0.38449533
249	0.46665261
250	0.35589915
251	0.41308096
252	0.34457496
253	0.39969096
254	0.38459563
255	0.40365087
256	0.39031058
257	0.48916878
258	0.33158953
259	0.39257851
260	0.39649509
261	0.34697902
262	0.34083374
263	0.41689318
264	0.36242859
265	0.37960317
266	0.37924210
267	0.33921385
268	0.38877584
269	0.41261774
270	0.36442579
271	0.35890177
272	0.42160478
273	0.31497206
274	0.37020983
275	0.37122631
276	0.38945254
277	0.35323470
278	0.36648212
279	0.33330583
280	0.32206261
281	0.37422433
282	0.34653545
283	0.34622320
284	0.31109986
285	0.43047243
286	0.44993224
287	0.29242927
288	0.33775493
289	0.40788212
290	0.35645493
291	0.31621771
292	0.43191061
293	0.38244920
294	0.37124545
295	0.42399935
296	0.33106158
297	0.36614214
298	0.30019891
299	0.30542579
300	0.36641894
301	0.32539509
302	0.36079253
303	0.34638765
304	0.40163859
305	0.41025571
306	0.43557069
307	0.32347936
308	0.33660345
309	0.36928158
310	0.31145145
311	0.30644814
312	0.37981488
313	0.40519553
314	0.28690413
315	0.35953712
316	0.33332849
317	0.34068959
318	0.34039253
319	0.32012351
320	0.31202907
321	0.39254626
322	0.34278147
323	0.37132576
324	0.36496902
325	0.34966455
326	0.34249533
327	0.40415148
328	0.31657427
329	0.30963361
330	0.30338970
331	0.33222654
332	0.34279106
333	0.36302852
334	0.29614633
335	0.32446981
336	0.35241010
337	0.35425657
338	0.30912398
339	0.33754981
340	0.33490416
341	0.44610972
342	0.34015275
343	0.32639045
344	0.33732767
345	0.32132033
346	0.34961157
347	0.29022706
348	0.31507752
349	0.31375810
350	0.33554899
351	0.32484005
352	0.34046633
353	0.38365421
354	0.34746175
355	0.35632149
356	0.28361474
357	0.37427881
358	0.29769440
359	0.33271075
360	0.27552194
361	0.31471849
362	0.33708820
363	0.35818536
364	0.34862955
365	0.25390638
366	0.27670948
367	0.34329959
368	0.37467462
369	0.39026991
370	0.37157114
371	0.33471767
372	0.28261416
373	0.30272231
374	0.33061962
375	0.30569659
376	0.29597185
377	0.34918843
378	0.36195950
379	0.31017663
380	0.28622071
381	0.36836414
382	0.31286186
383	0.25622596
384	0.29858134
385	0.36431460
386	0.30795756
387	0.30755749
388	0.33621685
389	0.26882235
390	0.35370317
391	0.34324695
392	0.36581685
393	0.34340570
394	0.36003105
395	0.38165148
396	0.31566080
397	0.28333081
398	0.29424678
399	0.28807782
400	0.31574517
401	0.34433576
402	0.26275217
403	0.34484865
404	0.30473272
405	0.30468291
406	0.28752818
407	0.28079178
408	0.34297414
409	0.29848994
410	0.32717574
411	0.31740321
412	0.34114500
413	0.27141791
414	0.29668072
415	0.29412136
416	0.31350563
417	0.28764777
418	0.36364214
419	0.33459389
420	0.34051706
421	0.28411416
422	0.31157707
423	0.33368096
424	0.30508792
425	0.33484081
426	0.33567062
427	0.32291791
428	0.28264377
429	0.32594998
430	0.31262085
431	0.34151354
432	0.37028779
433	0.29836981
434	0.31910972
435	0.35287707
436	0.30965606
437	0.27815101
438	0.38936018
439	0.30493344
440	0.37714817
441	0.30890290
442	0.31342197
443	0.31833381
444	0.29997881
445	0.29962665
446	0.29935520
447	0.30883927
448	0.28631126
449	0.32063098
450	0.37391395
451	0.33336076
452	0.25391102
453	0.29992433
454	0.32817970
455	0.32484313
456	0.34965387
457	0.36057008
458	0.34355763
459	0.34857267
460	0.32629553
461	0.34392402
462	0.35555694
463	0.31755677
464	0.34240208
465	0.31458045
466	0.32806005
467	0.31810096
468	0.31229488
469	0.31955435
470	0.32963521
471	0.39809287
472	0.26693661
473	0.33263320
474	0.29447438
475	0.32875739
476	0.30656742
477	0.26315230
478	0.28236100
479	0.25695159
480	0.34867202
481	0.26991491
482	0.28649382
483	0.27264439
484	0.36662770
485	0.30886517
486	0.27434763
487	0.29725196
488	0.32170358
489	0.26348431
490	0.34850863
491	0.34570515
492	0.34934183
493	0.26152794
494	0.27771590
495	0.29365183
496	0.30256008
497	0.27785599
498	0.24816551
499	0.27006544
500	0.30565640
501	0.29480594
502	0.27276186
503	0.31703818
504	0.34593047
505	0.35156701
506	0.29134558
507	0.33693333
508	0.39393108
509	0.28467745
510	0.28588656
511	0.33968796
512	0.29484248
513	0.35184207
514	0.29214988
515	0.31275012
516	0.32739161
517	0.31944777
518	0.32084179
519	0.32554077
520	0.27885428
521	0.30651099
522	0.31324333
523	0.26600774
524	0.34502675
525	0.25733422
526	0.29570795
527	0.35210979
528	0.31503780
529	0.35264886
530	0.32822678
531	0.27445015
532	0.29668618
533	0.28315592
534	0.26765722
535	0.34336803
536	0.33498390
537	0.31517898
538	0.29604838
539	0.26737847
540	0.31058966
541	0.30082491
542	0.29439075
543	0.36667052
544	0.26304261
545	0.34052910
546	0.25318478
547	0.33130420
548	0.35780716
549	0.26194200
550	0.26698274
551	0.30237288
552	0.29884913
553	0.30847387
554	0.29294521
555	0.28072293
556	0.27847045
557	0.34722760
558	0.32144981
559	0.30895568
560	0.28343954
561	0.28431327
562	0.34637905
563	0.29274620
564	0.26074920
565	0.27499703
566	0.32496752
567	0.23614050
568	0.31117195
569	0.31224425
570	0.30028270
571	0.30631972
572	0.28379116
573	0.29002678
574	0.29104009
575	0.31222010
576	0.26437649
577	0.34097813
578	0.28511723
579	0.30122900
580	0.30341511
581	0.29822027
582	0.32639055
583	0.29349676
584	0.28172095
585	0.28395107
586	0.23007537
587	0.26039587
588	0.33352852
589	0.32767574
590	0.27564889
591	0.36155715
592	0.28706029
593	0.31321784
594	0.23862501
595	0.26505807
596	0.26992791
597	0.28184128
598	0.28595554
599	0.28604313
600	0.28488284
601	0.25327864
602	0.28455476
603	0.27414920
604	0.32237653
605	0.27986059
606	0.28821238
607	0.28434739
608	0.29786097
609	0.28277997
610	0.30334234
611	0.26995322
612	0.27244166
613	0.27889816
614	0.29985493
615	0.28158454
616	0.26695701
617	0.26667557
618	0.30617755
619	0.30529205
620	0.31759246
621	0.30337561
622	0.31013211
623	0.31067172
624	0.26457264
625	0.28330669
626	0.28358605
627	0.34512139
628	0.27573528
629	0.29495162
630	0.29093009
631	0.30994493
632	0.32269369
633	0.27335599
634	0.26298949
635	0.24255732
636	0.29243705
637	0.27623429
638	0.23050768
639	0.25189563
640	0.30355435
641	0.24955036
642	0.23657073
643	0.24850181
644	0.30854893
645	0.28469488
646	0.29570126
647	0.28703016
648	0.28937035
649	0.27644347
650	0.26079430
651	0.29101948
652	0.25086943
653	0.29653245
654	0.26503698
655	0.26346155
656	0.32048639
657	0.29823668
658	0.23842654
659	0.26785851
660	0.30124555
661	0.27676271
662	0.30651024
663	0.29471501
664	0.25283862
665	0.25301453
666	0.24364118
667	0.29670713
668	0.26410044
669	0.27831109
670	0.27677032
671	0.31415285
672	0.26339536
673	0.28690051
674	0.27841894
675	0.29282204
676	0.31977663
677	0.25829024
678	0.27852317
679	0.27337704
680	0.29722446
681	0.28249437
682	0.31304961
683	0.28910256
684	0.31971082
685	0.25316557
686	0.26952747
687	0.24145541
688	0.31638441
689	0.30517598
690	0.25361382
691	0.29504534
692	0.30315275
693	0.28296489
694	0.28728949
695	0.27116182
696	0.26615070
697	0.28464200
698	0.25703265
699	0.25015803
700	0.29479720
701	0.27362296
702	0.28441358
703	0.27186295
704	0.29951457
705	0.25197175
706	0.28784674
707	0.29778512
708	0.28911958
709	0.28315053
710	0.24949150
711	0.29985991
712	0.26845012
713	0.24062620
714	0.27498417
715	0.27708417
716	0.25116066
717	0.23596172
718	0.24966568
719	0.26592586
720	0.29468867
721	0.23719843
722	0.26556513
723	0.26689942
724	0.26279137
725	0.29535855
726	0.29705503
727	0.29604145
728	0.30333565
729	0.27451832
730	0.27967349
731	0.25811853
732	0.29849846
733	0.27843627
734	0.26972750
735	0.29510945
736	0.27267134
737	0.26026233
738	0.26939191
739	0.31651020
740	0.29645377
741	0.26990372
742	0.23958618
743	0.21878229
744	0.26061194
745	0.25093306
746	0.23505455
747	0.25341873
748	0.29544125
749	0.26811675
750	0.23138734
751	0.26048929
752	0.24705203
753	0.30620461
754	0.29184353
755	0.24179696
756	0.28841566
757	0.24393026
758	0.29184603
759	0.23829096
760	0.23329133
761	0.26398874
762	0.28181651
763	0.25939969
764	0.23505496
765	0.22336786
766	0.25158263
767	0.29340096
768	0.25136517
769	0.28876172
770	0.26053429
771	0.26011767
772	0.23238356
773	0.24099625
774	0.26670297
775	0.25677421
776	0.26949284
777	0.23817567
778	0.23466114
779	0.31331170
780	0.26380058
781	0.27178396
782	0.23371102
783	0.26725865
784	0.28040703
785	0.25589724
786	0.29038936
787	0.25035046
788	0.25064572
789	0.25790577
790	0.29841593
791	0.26628018
792	0.25169072
793	0.26137291
794	0.28340822
795	0.28057871
796	0.30388560
797	0.27006888
798	0.25574227
799	0.24629874
800	0.24426547
801	0.23202856
802	0.29916953
803	0.29048441
804	0.26623364
805	0.23952538
806	0.24184661
807	0.20520307
808	0.25241685
809	0.27192917
810	0.26076482
811	0.31450362
812	0.26770177
813	0.26209864
814	0.21110310
815	0.27690174
816	0.23412706
817	0.27907728
818	0.27911184
819	0.27328192
820	0.24856001
821	0.27062480
822	0.24862306
823	0.26722218
824	0.31300266
825	0.25784596
826	0.28436411
827	0.27661300
828	0.24831866
829	0.25367148
830	0.23840276
831	0.24155172
832	0.25239181
833	0.31266895
834	0.25862351
835	0.28761198
836	0.25720822
837	0.31754023
838	0.30607642
839	0.27961153
840	0.30343944
841	0.29940993
842	0.27818298
843	0.30257758
844	0.25637666
845	0.26674002
846	0.25046486
847	0.27661477
848	0.26510832
849	0.23288994
850	0.21907339
851	0.21995589
852	0.24136557
853	0.26015295
854	0.29191051
855	0.23023913
856	0.27578410
857	0.22595462
858	0.26201866
859	0.24073978
860	0.28938908
861	0.27069611
862	0.29000703
863	0.25233037
864	0.28617308
865	0.23622340
866	0.21201228
867	0.26136588
868	0.26720529
869	0.26353432
870	0.24408669
871	0.22848717
872	0.25090102
873	0.22910222
874	0.27365104
875	0.20826929
876	0.23571532
877	0.24465558
878	0.23828922
879	0.23057021
880	0.27636223
881	0.20445780
882	0.25541856
883	0.26475186
884	0.23508042
885	0.23953480
886	0.27031958
887	0.24464944
888	0.20843006
889	0.21769591
890	0.25759891
891	0.26364916
892	0.22668311
893	0.30217602
894	0.24496114
895	0.24963862
896	0.28634446
897	0.28410140
898	0.25092944
899	0.27925906
900	0.23991232
901	0.26317557
902	0.20763193
903	0.25518564
904	0.27329113
905	0.21526513
906	0.23450942
907	0.28456220
908	0.24541450
909	0.27046063
910	0.28139144
911	0.24647448
912	0.27574981
913	0.26868895
914	0.24273559
915	0.23750450
916	0.27083187
917	0.20898055
918	0.19948117
919	0.27439355
920	0.29511191
921	0.23437765
922	0.22373862
923	0.27430351
924	0.23586438
925	0.29451552
926	0.28334487
927	0.23741573
928	0.25474210
929	0.19500406
930	0.25246963
931	0.22755418
932	0.23008212
933	0.25292293
934	0.23008141
935	0.24252634
936	0.22507342
937	0.26736148
938	0.24919492
939	0.24125575
940	0.24841361
941	0.27359928
942	0.22993248
943	0.27056349
944	0.25212798
945	0.29290686
946	0.23413804
947	0.26066315
948	0.26812136
949	0.22138570
950	0.29804527
951	0.24548584
952	0.23387602
953	0.20751327
954	0.30153159
955	0.29830280
956	0.23827431
957	0.22364248
958	0.25604316
959	0.27596820
960	0.22294173
961	0.23733920
962	0.23435459
963	0.25129870
964	0.25439823
965	0.20840703
966	0.25056817
967	0.23805203
968	0.21495145
969	0.25441873
970	0.22733494
971	0.25002016
972	0.28350464
973	0.24925125
974	0.23042286
975	0.25009601
976	0.24857724
