0	0.62568611
1	0.62521392
2	0.61744924
3	0.62551269
4	0.62521802
5	0.62532276
6	0.62428223
7	0.62546364
8	0.62555966
9	0.62501645
10	0.62348564
11	0.61851512
12	0.62418933
13	0.62500287
14	0.62455451
15	0.62259290
16	0.62137232
17	0.62504110
18	0.61605117
19	0.57680849
20	0.62306818
21	0.55583450
22	0.62406420
23	0.62384978
24	0.59544122
25	0.62230789
26	0.60821941
27	0.60664350
28	0.62025013
29	0.56877361
30	0.62131379
31	0.61850868
32	0.61620698
33	0.62192996
34	0.60563674
35	0.62018665
36	0.62215060
37	0.62463980
38	0.59871376
39	0.51884271
40	0.57622652
41	0.61462001
42	0.57267175
43	0.61945417
44	0.50555000
45	0.51529482
46	0.53492989
47	0.57597778
48	0.60698400
49	0.60875777
50	0.59889173
51	0.53366266
52	0.62414113
53	0.50651884
54	0.59158943
55	0.61657860
56	0.40632386
57	0.62337847
58	0.57689776
59	0.59419025
60	0.54849792
61	0.52438535
62	0.58679669
63	0.54083447
64	0.57769479
65	0.54573769
66	0.58652484
67	0.44685480
68	0.38212105
69	0.61918368
70	0.62170840
71	0.59410584
72	0.45576165
73	0.56104265
74	0.59051089
75	0.53578311
76	0.55342601
77	0.59501351
78	0.56979549
79	0.54504432
80	0.53689826
81	0.55734697
82	0.59942617
83	0.44412405
84	0.55658772
85	0.56912595
86	0.46167693
87	0.58765297
88	0.52738851
89	0.59871929
90	0.51306209
91	0.48581733
92	0.46856531
93	0.54424403
94	0.35336468
95	0.56019713
96	0.50641484
97	0.57277623
98	0.53863466
99	0.46053147
100	0.48555278
101	0.44912213
102	0.44538289
103	0.53541124
104	0.59653681
105	0.46854116
106	0.55747535
107	0.49022749
108	0.52169400
109	0.60425300
110	0.49826237
111	0.46645799
112	0.50154214
113	0.53380587
114	0.53650991
115	0.58162614
116	0.52939886
117	0.51915477
118	0.60154384
119	0.58523879
120	0.56402440
121	0.57617895
122	0.50098176
123	0.49955101
124	0.55622121
125	0.54534331
126	0.53476575
127	0.52574394
128	0.42544839
129	0.55117876
130	0.52516023
131	0.58007563
132	0.53926004
133	0.54458330
134	0.36144432
135	0.53753090
136	0.39517304
137	0.51450972
138	0.59001004
139	0.50960038
140	0.52800982
141	0.55769337
142	0.55839555
143	0.52177753
144	0.47147513
145	0.51112866
146	0.50225521
147	0.55211540
148	0.49293024
149	0.54818753
150	0.51082693
151	0.54231032
152	0.51333037
153	0.50647162
154	0.44252093
155	0.55932844
156	0.37523870
157	0.54171660
158	0.48184044
159	0.40652601
160	0.39959053
161	0.41698002
162	0.40274343
163	0.43281682
164	0.49878071
165	0.48551278
166	0.43483542
167	0.53080606
168	0.45310202
169	0.52127743
170	0.52883434
171	0.46429378
172	0.39996859
173	0.45485234
174	0.52007068
175	0.50407475
176	0.39168194
177	0.44968194
178	0.44775685
179	0.44621222
180	0.47447689
181	0.50503630
182	0.45332863
183	0.46382206
184	0.48082355
185	0.51461951
186	0.33950243
187	0.50198898
188	0.45505713
189	0.44006705
190	0.47435177
191	0.41961039
192	0.42806307
193	0.55072528
194	0.46765265
195	0.46380881
196	0.43394145
197	0.40930319
198	0.39151480
199	0.39898037
200	0.34874467
201	0.46526323
202	0.56026250
203	0.51194814
204	0.47318422
205	0.46691692
206	0.41319773
207	0.49088330
208	0.53939782
209	0.47483059
210	0.36809631
211	0.56403191
212	0.46214312
213	0.43303068
214	0.44479429
215	0.44646790
216	0.48746578
217	0.47735464
218	0.49963624
219	0.44193056
220	0.43888879
221	0.48189451
222	0.42749309
223	0.42879773
224	0.55733974
225	0.50967522
226	0.59043614
227	0.51408892
228	0.50382721
229	0.39408731
230	0.55929296
231	0.38575663
232	0.47892863
233	0.50879605
234	0.37661982
235	0.47788248
236	0.41130906
237	0.54221866
238	0.42985376
239	0.49159015
240	0.44373946
241	0.54642169
242	0.47219085
243	0.46836812
244	0.53220644
245	0.40412961
246	0.43867191
247	0.47287311
248	0.37461206
249	0.36371787
250	0.54791474
251	0.34560997
252	0.45345193
253	0.44236951
254	0.50228999
255	0.42404770
256	0.40089072
257	0.42103002
258	0.43296023
259	0.48784312
260	0.41128542
261	0.37365281
262	0.40918791
263	0.46186531
264	0.40687017
265	0.35993270
266	0.45678374
267	0.43391023
268	0.44014154
269	0.44699372
270	0.43668450
271	0.42828368
272	0.44955480
273	0.43846436
274	0.55610975
275	0.35971013
276	0.37373857
277	0.43126203
278	0.52592184
279	0.47049634
280	0.41717194
281	0.46174918
282	0.44085420
283	0.42854700
284	0.48758993
285	0.50618630
286	0.48216654
287	0.46621338
288	0.38313450
289	0.42309189
290	0.43574523
291	0.41672544
292	0.38879179
293	0.47378728
294	0.38551417
295	0.43194069
296	0.42124893
297	0.49511383
298	0.46383311
299	0.37917999
300	0.34490003
301	0.37213497
302	0.42817737
303	0.39524337
304	0.41309170
305	0.38399861
306	0.41749078
307	0.39231780
308	0.37803557
309	0.43876452
310	0.44931850
311	0.47743627
312	0.37621288
313	0.50831247
314	0.41648955
315	0.34714624
316	0.39468008
317	0.43200003
318	0.38310581
319	0.35310925
320	0.42051515
321	0.39623412
322	0.50963267
323	0.36943624
324	0.40861070
325	0.45889643
326	0.43304009
327	0.33894438
328	0.51156329
329	0.38144814
330	0.39500871
331	0.37009220
332	0.42005521
333	0.37645843
334	0.36792932
335	0.48609208
336	0.38511951
337	0.32440833
338	0.42137188
339	0.34324599
340	0.38353387
341	0.40850616
342	0.38919549
343	0.40174959
344	0.37696430
345	0.40100562
346	0.38554905
347	0.34313422
348	0.39616809
349	0.45597860
350	0.40310672
351	0.47140136
352	0.47287863
353	0.37494937
354	0.39863832
355	0.34465720
356	0.37908093
357	0.46724665
358	0.35720814
359	0.34938759
360	0.40950404
361	0.43536193
362	0.46370650
363	0.39054874
364	0.37746679
365	0.38177023
366	0.36063201
367	0.35637936
368	0.35401348
369	0.44264467
370	0.39984372
371	0.38284132
372	0.42793488
373	0.44983015
374	0.40401761
375	0.33193965
376	0.39477727
377	0.37484498
378	0.43803299
379	0.36798324
380	0.39389473
381	0.36614334
382	0.45022045
383	0.36830382
384	0.36928655
385	0.52210145
386	0.39281499
387	0.46619874
388	0.49155271
389	0.40250120
390	0.45743677
391	0.34203813
392	0.43052304
393	0.41434719
394	0.48112582
395	0.34011319
396	0.43016534
397	0.47670265
398	0.39108033
399	0.37313778
400	0.38344154
401	0.40926032
402	0.40616512
403	0.34694823
404	0.34997535
405	0.38788308
406	0.43489397
407	0.44209287
408	0.43017784
409	0.39235136
410	0.37653813
411	0.45352819
412	0.43838292
413	0.36883617
414	0.35381386
415	0.39006430
416	0.37791073
417	0.38405196
418	0.41214489
419	0.37707421
420	0.38230047
421	0.35578302
422	0.43016723
423	0.43374334
424	0.41427244
425	0.36026468
426	0.37126278
427	0.33399927
428	0.36729050
429	0.34316206
430	0.45285224
431	0.33412506
432	0.32952247
433	0.37542086
434	0.36611828
435	0.36006433
436	0.39255720
437	0.37253895
438	0.40842449
439	0.33070707
440	0.34425082
441	0.35784280
442	0.39683390
443	0.38187996
444	0.33874848
445	0.42149722
446	0.43826736
447	0.46593204
448	0.33901376
449	0.37458150
450	0.42615988
451	0.41772188
452	0.44709997
453	0.39456957
454	0.35834811
455	0.27219501
456	0.39871761
457	0.34447289
458	0.34658662
459	0.31905533
460	0.33642778
461	0.37998109
462	0.38115366
463	0.33651856
464	0.28859047
465	0.36695114
466	0.39371657
467	0.35518071
468	0.35003283
469	0.37580896
470	0.32562598
471	0.38937270
472	0.40764858
473	0.36945060
474	0.39733867
475	0.38121708
476	0.41299460
477	0.39249561
478	0.33660833
479	0.37235104
480	0.36479012
481	0.44595129
482	0.36495032
483	0.40258662
484	0.31497323
485	0.36031998
486	0.41998415
487	0.33137273
488	0.37217756
489	0.35562456
490	0.39358283
491	0.37061149
492	0.35822206
493	0.38920420
494	0.43542206
495	0.35848838
496	0.37150205
497	0.36496891
498	0.34934419
499	0.42867449
500	0.33876275
501	0.38516831
502	0.37958343
503	0.38954858
504	0.42255028
505	0.41419265
506	0.38851641
507	0.37245625
508	0.40264315
509	0.39223286
510	0.35828725
511	0.38238037
512	0.39881998
513	0.35811913
514	0.43442803
515	0.36623902
516	0.39276061
517	0.35136907
518	0.43235322
519	0.34100878
520	0.32107917
521	0.41933911
522	0.39415540
523	0.32357175
524	0.37975155
525	0.32922579
526	0.33458898
527	0.35496373
528	0.41442771
529	0.38651540
530	0.34651793
531	0.28832759
532	0.33605417
533	0.42573984
534	0.34370114
535	0.37415423
536	0.40611054
537	0.41462923
538	0.38524255
539	0.33299252
540	0.40588627
541	0.36354621
542	0.33866247
543	0.35305480
544	0.33719353
545	0.36169394
546	0.41659953
547	0.33077159
548	0.37392014
549	0.39276853
550	0.34486241
551	0.27722314
552	0.37310600
553	0.36560792
554	0.28033308
555	0.35028545
556	0.35861525
557	0.39903946
558	0.36389482
559	0.31975063
560	0.39281446
561	0.39425533
562	0.32421566
563	0.32375275
564	0.32800663
565	0.42526705
566	0.30473024
567	0.38080739
568	0.34961439
569	0.33701783
570	0.38127778
571	0.34420303
572	0.36853952
573	0.34162831
574	0.32321645
575	0.47110215
576	0.30116935
577	0.35636247
578	0.37997876
579	0.35224492
580	0.32210874
581	0.30169176
582	0.42959908
583	0.35813892
584	0.35168513
585	0.34812323
586	0.35989915
587	0.36382320
588	0.35359561
589	0.40442086
590	0.39712241
591	0.35098835
592	0.35688134
593	0.33206411
594	0.35653851
595	0.37081386
596	0.32448087
597	0.34681319
598	0.38817797
599	0.42128207
600	0.43149025
601	0.39077683
602	0.39288999
603	0.32832771
604	0.30826619
605	0.40331727
606	0.34685789
607	0.32982102
608	0.35523365
609	0.28441948
610	0.37248671
611	0.34800666
612	0.36769230
613	0.33653182
614	0.32416610
615	0.30983835
616	0.28562412
617	0.30325473
618	0.37749757
619	0.31326250
620	0.38101752
621	0.43066307
622	0.31217705
623	0.30188999
624	0.33732014
625	0.36510672
626	0.32314618
627	0.41625859
628	0.31608608
629	0.40905773
630	0.40357664
631	0.30785022
632	0.41636095
633	0.33204596
634	0.36910515
635	0.33395704
636	0.38119628
637	0.38429353
638	0.34150085
639	0.33257939
640	0.41931837
641	0.34640325
642	0.36320537
643	0.36188232
644	0.37965278
645	0.39949192
646	0.34457636
647	0.33502951
648	0.35098308
649	0.34844867
650	0.31696531
651	0.33027146
652	0.36061888
653	0.35426032
654	0.39220881
655	0.40688586
656	0.31968109
657	0.35546752
658	0.33762636
659	0.31928734
660	0.31261045
661	0.30853479
662	0.35287137
663	0.32528286
664	0.37673539
665	0.39416515
666	0.34977857
667	0.34496228
668	0.32910126
669	0.38706746
670	0.36658652
671	0.34671572
672	0.34308924
673	0.34549391
674	0.32199148
675	0.32214586
676	0.40279899
677	0.25942914
678	0.30815767
679	0.31191559
680	0.39629148
681	0.36771010
682	0.32560322
683	0.31853419
684	0.36700884
685	0.36617784
686	0.27261821
687	0.31771739
688	0.33125363
689	0.31228908
690	0.29213557
691	0.42497936
692	0.33979618
693	0.35214201
694	0.33715732
695	0.38695038
696	0.36899135
697	0.37177980
698	0.33645537
699	0.35621944
700	0.44396070
701	0.37029902
702	0.37063299
703	0.31844473
704	0.36479069
705	0.36162390
706	0.34960082
707	0.40031572
708	0.30370448
709	0.30867235
710	0.32057263
711	0.30240253
712	0.30660811
713	0.32614968
714	0.36503744
715	0.30438381
716	0.30274962
717	0.31999672
718	0.32595982
719	0.35332330
720	0.35372134
721	0.30724574
722	0.33054154
723	0.30163371
724	0.32789735
725	0.38636288
726	0.32209757
727	0.32141518
728	0.28018722
729	0.33334694
730	0.33792598
731	0.30270455
732	0.32160063
733	0.30661553
734	0.35427563
735	0.28226007
736	0.33033920
737	0.32178330
738	0.33622222
739	0.39875180
740	0.32394820
741	0.32274066
742	0.31747588
743	0.30329094
744	0.34688870
745	0.32647727
746	0.37339713
747	0.34562042
748	0.33936866
749	0.33158908
750	0.32630025
751	0.31395619
752	0.34282576
753	0.33447980
754	0.31198810
755	0.28663949
756	0.32453497
757	0.27262137
758	0.35184205
759	0.33636184
760	0.33828024
761	0.27798043
762	0.32147115
763	0.29602655
764	0.41376354
765	0.35476379
766	0.30135155
767	0.27420874
768	0.33569012
769	0.34518551
770	0.36036449
771	0.32021319
772	0.30825313
773	0.31672958
774	0.37557639
775	0.29552314
776	0.30662898
777	0.30322876
778	0.31281086
779	0.33159059
780	0.34119893
781	0.34143902
782	0.31460496
783	0.29029489
784	0.26407563
785	0.29379725
786	0.34188529
787	0.29068769
788	0.32927352
789	0.31436275
790	0.32220152
791	0.31785445
792	0.35277446
793	0.36737491
794	0.32630900
795	0.32806749
796	0.32730568
797	0.35514650
798	0.32837932
799	0.35810997
800	0.30799441
801	0.36592124
802	0.36929315
803	0.29018952
804	0.30694593
805	0.32905764
806	0.26270022
807	0.30974343
808	0.33252996
809	0.29075483
810	0.34963349
811	0.33436408
812	0.34714523
813	0.31282945
814	0.34349763
815	0.35828093
816	0.31177876
817	0.29032977
818	0.29196480
819	0.33512472
820	0.31312588
821	0.28982923
822	0.29089678
823	0.26662992
824	0.32853406
825	0.31497408
826	0.34642816
827	0.29906427
828	0.32354893
829	0.28565862
830	0.31275707
831	0.31361323
832	0.27895720
833	0.32630069
834	0.34531449
835	0.32438254
836	0.34195294
837	0.29154937
838	0.31584331
839	0.32270530
840	0.34689602
841	0.30467939
842	0.35228217
843	0.28350215
844	0.31995786
845	0.34550609
846	0.30096136
847	0.31716196
848	0.30382765
849	0.31503213
850	0.23784438
851	0.33093699
852	0.31048984
853	0.34789757
854	0.30192285
855	0.36187099
856	0.29957017
857	0.32993447
858	0.40282241
859	0.31641222
860	0.29421698
861	0.33338857
862	0.28044315
863	0.32971184
864	0.29397251
865	0.34621411
866	0.30604255
867	0.26931168
868	0.29360451
869	0.26995013
870	0.26925745
871	0.34433510
872	0.24734223
873	0.30731499
874	0.28584555
875	0.29720701
876	0.32730439
877	0.34423409
878	0.30649779
879	0.31874258
880	0.30519006
881	0.30953150
882	0.31030527
883	0.35944167
884	0.29862879
885	0.31736278
886	0.27808393
887	0.32114514
888	0.33296774
889	0.29599261
890	0.33532061
891	0.27185859
892	0.31600240
893	0.33495183
894	0.30160767
895	0.30175104
896	0.29884306
897	0.32795849
898	0.36230126
899	0.26919094
900	0.37387295
901	0.30521304
902	0.36036973
903	0.30130915
904	0.30285177
905	0.32714211
906	0.35270098
907	0.32864015
908	0.32703292
909	0.31299176
910	0.35530483
911	0.31920328
912	0.29102869
913	0.33827841
914	0.27920073
915	0.32052390
916	0.31127361
917	0.29541970
918	0.31783646
919	0.32347494
920	0.31367399
921	0.31412863
922	0.31352560
923	0.27083138
924	0.34587655
925	0.31415445
926	0.34959110
927	0.37782172
928	0.31483870
929	0.31120385
930	0.26088709
931	0.27940631
932	0.32394268
933	0.28015625
934	0.28655439
935	0.31257525
936	0.29943390
937	0.30725442
938	0.28774571
939	0.34901490
940	0.31289012
941	0.28309924
942	0.31925003
943	0.32442317
944	0.29167787
945	0.29110496
946	0.32263242
947	0.29429179
948	0.29741979
949	0.31992077
950	0.27787648
951	0.34062317
952	0.27087642
953	0.28197295
954	0.27875704
955	0.32772342
956	0.30975628
957	0.30587491
958	0.31531499
959	0.33995234
960	0.31762797
961	0.28765325
962	0.30159129
963	0.33677137
964	0.31390363
965	0.35361569
966	0.30828362
967	0.31605385
968	0.30597184
969	0.30725271
970	0.28426695
971	0.30197333
972	0.28982936
973	0.27209618
974	0.32269072
975	0.33062680
976	0.28794858
977	0.30731499
978	0.30837030
979	0.28431525
980	0.30175284
981	0.28398526
982	0.32685284
983	0.31361806
984	0.27229025
985	0.31667049
986	0.34564457
987	0.29511891
988	0.33215208
989	0.30310133
990	0.35168318
991	0.32992418
992	0.29922835
993	0.32603804
994	0.30635874
995	0.30424508
996	0.31040306
997	0.30728854
998	0.34766155
999	0.29860527
1000	0.31747816
1001	0.28788157
1002	0.34073870
1003	0.26283438
1004	0.28932573
1005	0.36003561
1006	0.34280420
1007	0.33187238
1008	0.30317778
1009	0.29088144
1010	0.31569804
1011	0.30730937
1012	0.31763892
1013	0.34822787
1014	0.30995306
1015	0.30373052
1016	0.30876667
1017	0.29027888
1018	0.31191913
1019	0.26391540
1020	0.31900388
1021	0.28558712
1022	0.34033668
1023	0.32095802
1024	0.31535934
1025	0.26363396
1026	0.30811253
1027	0.29398646
1028	0.35600729
1029	0.29766376
1030	0.28470751
1031	0.32303554
1032	0.31438731
1033	0.29051215
1034	0.30884890
1035	0.29411408
1036	0.25690499
1037	0.29476083
1038	0.26948999
1039	0.33250470
1040	0.27575818
1041	0.26951809
1042	0.28476354
1043	0.28263687
1044	0.29643965
1045	0.31620477
1046	0.31029003
1047	0.29940271
1048	0.30039451
1049	0.28697355
1050	0.24307857
1051	0.33852516
1052	0.24560969
1053	0.34369372
1054	0.32041364
1055	0.35311203
