0	0.57368995
1	0.56017035
2	0.55825600
3	0.57325441
4	0.57187042
5	0.57317485
6	0.57358183
7	0.57378516
8	0.57301313
9	0.57374294
10	0.57311759
11	0.56676502
12	0.56936301
13	0.56776511
14	0.56973505
15	0.57360036
16	0.52025716
17	0.55399580
18	0.55528982
19	0.55493666
20	0.57234462
21	0.53306599
22	0.56582292
23	0.56472118
24	0.57003851
25	0.55172557
26	0.54898067
27	0.48698930
28	0.55715787
29	0.48920905
30	0.50161665
31	0.55386314
32	0.55255706
33	0.55970475
34	0.56856621
35	0.55775141
36	0.56690333
37	0.50912619
38	0.54206188
39	0.56981591
40	0.50491862
41	0.55215771
42	0.54175538
43	0.55662852
44	0.53614067
45	0.50270850
46	0.47399156
47	0.42689541
48	0.55975580
49	0.51392884
50	0.49214281
51	0.51849159
52	0.44671529
53	0.54329473
54	0.37081393
55	0.48275768
56	0.44111154
57	0.47681659
58	0.52005415
59	0.37994607
60	0.50287498
61	0.47088167
62	0.48081814
63	0.52531009
64	0.48954336
65	0.46179703
66	0.48668241
67	0.54039431
68	0.53183573
69	0.48510624
70	0.53199867
71	0.51571523
72	0.53555755
73	0.55125024
74	0.52315367
75	0.45179638
76	0.42801057
77	0.46354032
78	0.52172124
79	0.44119172
80	0.42468377
81	0.47681500
82	0.53179037
83	0.49485082
84	0.38875904
85	0.48270110
86	0.38754588
87	0.52808361
88	0.38723598
89	0.40259402
90	0.46013990
91	0.43270647
92	0.38553385
93	0.50996072
94	0.44033230
95	0.50912244
96	0.43569939
97	0.49331151
98	0.38345322
99	0.43653796
100	0.46420133
101	0.46350689
102	0.36791830
103	0.47281520
104	0.41763705
105	0.43147171
106	0.53704901
107	0.36729214
108	0.39141688
109	0.49407559
110	0.44174494
111	0.47467575
112	0.42316133
113	0.48382027
114	0.39322205
115	0.39088319
116	0.33576971
117	0.46679796
118	0.44117029
119	0.39492826
120	0.41395089
121	0.49634714
122	0.51109353
123	0.41369331
124	0.48288755
125	0.41028248
126	0.34361060
127	0.42853320
128	0.46818765
129	0.52130052
130	0.45598681
131	0.38814662
132	0.50988183
133	0.45334507
134	0.41689877
135	0.44615024
136	0.44897795
137	0.45357488
138	0.46535399
139	0.43924171
140	0.37708733
141	0.44821474
142	0.35902328
143	0.45911112
144	0.48577139
145	0.42584035
146	0.37480993
147	0.42592166
148	0.38134662
149	0.41132182
150	0.45143993
151	0.51255170
152	0.44823446
153	0.38875962
154	0.35555386
155	0.37703385
156	0.48390436
157	0.44569198
158	0.49507650
159	0.46281400
160	0.38050941
161	0.39285134
162	0.43900624
163	0.35861568
164	0.45057009
165	0.44263809
166	0.35750947
167	0.53209473
168	0.38855816
169	0.39331212
170	0.36778710
171	0.41236253
172	0.39115228
173	0.37327126
174	0.29114662
175	0.47336285
176	0.36778461
177	0.41041794
178	0.31050223
179	0.43754119
180	0.38516347
181	0.43566127
182	0.38178461
183	0.39419163
184	0.44206796
185	0.33688416
186	0.43396327
187	0.45720307
188	0.31902519
189	0.35287200
190	0.50682984
191	0.46214329
192	0.37052971
193	0.43608338
194	0.48063443
195	0.36441102
196	0.36736372
197	0.43897898
198	0.37649522
199	0.44719370
200	0.36085519
201	0.34116253
202	0.43177860
203	0.37624471
204	0.39461439
205	0.44612991
206	0.42453996
207	0.31403598
208	0.46030799
209	0.40935694
210	0.33859664
211	0.35894976
212	0.39125765
213	0.40468021
214	0.27825118
215	0.37503337
216	0.40083446
217	0.31672189
218	0.34591393
219	0.36641145
220	0.37847876
221	0.40246010
222	0.41959347
223	0.46952877
224	0.35258222
225	0.42113020
226	0.34475173
227	0.38751458
228	0.41467100
229	0.33794927
230	0.40837941
231	0.39650058
232	0.39382273
233	0.45457905
234	0.35585613
235	0.42718400
236	0.31813240
237	0.35964885
238	0.38861743
239	0.39236576
240	0.35447009
241	0.38471636
242	0.40905483
243	0.39416728
244	0.32221908
245	0.38498306
246	0.36643214
247	0.36558222
248	0.40497572
249	0.37473346
250	0.38901801
251	0.44464248
252	0.38665622
253	0.45904565
254	0.35725965
255	0.40639425
256	0.32603773
257	0.47641714
258	0.35987850
259	0.34753485
260	0.35976395
261	0.33871203
262	0.41982318
263	0.34167866
264	0.39181397
265	0.34323453
266	0.37805251
267	0.40561791
268	0.42306369
269	0.40254355
270	0.44602422
271	0.35129195
272	0.32732360
273	0.36821051
274	0.34176899
275	0.34983611
276	0.35629221
277	0.35860747
278	0.31617417
279	0.29979693
280	0.29138888
281	0.29170110
282	0.41833472
283	0.29634329
284	0.33888060
285	0.31486857
286	0.36912059
287	0.29953796
288	0.35954575
289	0.29117721
290	0.35189001
291	0.38809308
292	0.31486744
293	0.35887992
294	0.35475813
295	0.37830850
296	0.40321090
297	0.35972050
298	0.33474119
299	0.29025723
300	0.28140782
301	0.40701112
302	0.30306075
303	0.38165771
304	0.28417818
305	0.32259399
306	0.42269431
307	0.31150569
308	0.41343586
309	0.37623446
310	0.39208497
311	0.32575037
312	0.29658522
313	0.33692257
314	0.30597391
315	0.30628451
316	0.45137921
317	0.31109641
318	0.29033330
319	0.37831199
320	0.33703860
321	0.37819939
322	0.34283644
323	0.39109454
324	0.37608008
325	0.33655952
326	0.29967831
327	0.38720569
328	0.37237604
329	0.33453185
330	0.30165011
331	0.39921216
332	0.37616887
333	0.38659224
334	0.40904804
335	0.27920533
336	0.30533589
337	0.32341869
338	0.33620960
339	0.33618277
340	0.35687588
341	0.29700133
342	0.27940802
343	0.38596744
344	0.34803660
345	0.30274640
346	0.29770239
347	0.29803618
348	0.36762645
349	0.26620149
350	0.36382435
351	0.29399622
352	0.29792257
353	0.40022047
354	0.31711526
355	0.32705803
356	0.32604914
357	0.29842894
358	0.33673382
359	0.33656356
360	0.33419425
361	0.37284271
362	0.36173796
363	0.33239961
364	0.33910394
365	0.39781132
366	0.34338542
367	0.28869412
368	0.37765477
369	0.43043020
370	0.28858807
371	0.30415651
372	0.33673414
373	0.38339599
374	0.31174843
375	0.27630970
376	0.30776166
377	0.30439699
378	0.33908335
379	0.33432926
380	0.33943909
381	0.27776288
382	0.36959919
383	0.37088222
384	0.30100921
385	0.39409418
386	0.29599709
387	0.32993880
388	0.30451668
389	0.44076657
390	0.38542945
391	0.31378348
392	0.32196874
393	0.33179292
394	0.29590475
395	0.30086712
396	0.35536473
397	0.36280808
398	0.27255525
399	0.29649884
400	0.29250078
401	0.25287375
402	0.28558254
403	0.29615826
404	0.31414976
405	0.33839324
406	0.27326398
407	0.29989437
408	0.31410314
409	0.31431920
410	0.29765273
411	0.37801510
412	0.34912661
413	0.30919735
414	0.36409285
415	0.37509631
416	0.27723343
417	0.30324963
418	0.31496230
419	0.35501471
420	0.30745564
421	0.33029800
422	0.32429628
423	0.29161180
424	0.28716851
425	0.35947588
426	0.29729735
427	0.36553721
428	0.39054979
429	0.23467420
430	0.32744617
431	0.34638836
432	0.38982716
433	0.31048597
434	0.32561339
435	0.31420660
436	0.28632435
437	0.39574268
438	0.29107168
439	0.29751636
440	0.31848565
441	0.31687630
442	0.29317527
443	0.24236499
444	0.30598303
445	0.29408477
446	0.34311778
447	0.36959528
448	0.31736043
449	0.38240495
450	0.29033256
451	0.28262399
452	0.36824691
453	0.35241846
454	0.36164171
455	0.33188584
456	0.33782127
457	0.36278746
458	0.29551746
459	0.31494268
460	0.36817944
461	0.31272635
462	0.32092929
463	0.33957168
464	0.31998067
465	0.32741807
466	0.32295480
467	0.35222709
468	0.29632089
469	0.29277352
470	0.30585946
471	0.30448697
472	0.27065399
473	0.33667698
474	0.32182428
475	0.29725820
476	0.32680879
477	0.31396405
478	0.27183518
479	0.32336036
480	0.32606980
481	0.28600139
482	0.29054555
483	0.33489615
484	0.29877475
485	0.32224274
486	0.31778917
487	0.29955910
488	0.30294352
489	0.29095761
490	0.31900436
491	0.26179952
492	0.33713188
493	0.36667384
494	0.24837711
495	0.36635558
496	0.31573152
497	0.30804261
498	0.24743275
499	0.30761481
500	0.29533909
501	0.28082483
502	0.33776990
503	0.29477171
504	0.30567970
505	0.33770171
506	0.30934995
507	0.35201869
508	0.31890401
509	0.31331209
510	0.35638907
511	0.34759693
512	0.32253773
513	0.29441917
514	0.29710795
515	0.25742283
516	0.25001545
517	0.31632438
518	0.28568380
519	0.30488031
520	0.34716447
521	0.28318978
522	0.27170210
523	0.25737064
524	0.28383434
525	0.28796275
526	0.33678846
527	0.30514869
528	0.33653686
529	0.26683928
530	0.28785800
531	0.33165131
532	0.32746156
533	0.34395875
534	0.29847569
535	0.31717902
536	0.27622713
537	0.28489864
538	0.30574316
539	0.32207834
540	0.34117071
541	0.32722095
542	0.33534940
543	0.29590876
544	0.31784853
545	0.27981423
546	0.27731413
547	0.31491956
548	0.32354597
549	0.29900094
550	0.26731885
551	0.31707540
552	0.31731335
553	0.25480091
554	0.30737368
555	0.29115373
556	0.25010136
557	0.31610003
558	0.32535959
559	0.21944216
560	0.32930336
561	0.36414054
562	0.28629906
563	0.32307375
564	0.28374526
565	0.23041626
566	0.33276204
567	0.28852609
568	0.34175949
569	0.27629906
570	0.24444167
571	0.30613550
572	0.24625752
573	0.26813404
574	0.29405658
575	0.27207856
576	0.31745011
577	0.26852441
578	0.27139428
579	0.36348215
580	0.29663737
581	0.33411833
582	0.30714264
583	0.28828626
584	0.28569056
585	0.30292137
586	0.28279593
587	0.25718590
588	0.33397572
589	0.32165360
590	0.35061002
591	0.27732842
592	0.27547960
593	0.32644992
594	0.23234109
595	0.30143666
596	0.27292671
597	0.28770676
598	0.27230207
599	0.33711523
600	0.32265435
601	0.28601549
602	0.24579101
603	0.26221607
604	0.27698332
605	0.30907145
606	0.30036308
607	0.28766188
608	0.31436819
609	0.23216841
610	0.29624578
611	0.32816078
612	0.27712496
613	0.26169935
614	0.29366689
615	0.27575451
616	0.30528238
617	0.26609308
618	0.28878791
619	0.32435425
620	0.26841891
621	0.25947126
622	0.31785862
623	0.23150327
624	0.26110763
625	0.29358778
626	0.29860921
627	0.31077100
628	0.32309066
629	0.27031898
630	0.25915318
631	0.28232085
632	0.28618684
633	0.28455234
634	0.21421581
635	0.25663375
636	0.28375852
637	0.28099389
638	0.29795551
639	0.32381070
640	0.29094135
641	0.24749573
642	0.31865500
643	0.28894724
644	0.27805975
645	0.32873175
646	0.23659974
647	0.29894232
648	0.32164888
649	0.27341872
650	0.28438526
651	0.26753586
652	0.30053689
653	0.32614475
654	0.22551853
655	0.35969467
656	0.26892279
657	0.28484966
658	0.30977979
659	0.23774950
660	0.29675690
661	0.26842528
662	0.32549017
663	0.23152140
664	0.29520854
665	0.30611516
666	0.30584536
667	0.25896848
668	0.27270097
669	0.24153534
670	0.26552247
671	0.27414753
672	0.23994759
673	0.27309502
674	0.26909370
675	0.26255681
676	0.26238765
677	0.32056392
678	0.29992942
679	0.31727911
680	0.28698636
681	0.29092777
682	0.27093007
683	0.26812919
684	0.35738568
685	0.21518855
686	0.24591251
687	0.25821303
688	0.25563721
689	0.31742221
690	0.24682874
691	0.25121914
692	0.25701018
693	0.27132056
694	0.33729030
695	0.29006841
696	0.27248720
697	0.24905865
698	0.31525241
699	0.28512612
700	0.29604016
701	0.28641794
702	0.31299880
703	0.29269395
704	0.28870094
705	0.28792483
706	0.29317210
707	0.26948277
708	0.24061872
709	0.24066269
710	0.27968665
711	0.32110356
712	0.31631639
713	0.25726541
714	0.25223117
715	0.30143369
716	0.30347190
717	0.31626657
718	0.25879871
719	0.28925280
720	0.28195548
721	0.25522489
722	0.26589690
723	0.28561229
724	0.26058215
725	0.28968697
726	0.33645082
727	0.28727588
728	0.27946631
729	0.26330815
730	0.25249897
731	0.30775532
732	0.23403010
733	0.29246282
734	0.33105040
735	0.29462380
736	0.23179728
737	0.26914400
738	0.25419922
739	0.29522053
740	0.25521465
741	0.26651626
742	0.25521216
743	0.29186938
744	0.25730382
745	0.29559909
746	0.32570272
747	0.26464109
748	0.25063812
749	0.28068299
750	0.25952386
751	0.26727090
752	0.25526984
753	0.23727507
754	0.25667759
755	0.28579146
756	0.25392024
757	0.25902418
758	0.27505981
759	0.27857921
760	0.24047291
761	0.22844643
762	0.23000857
763	0.24945154
764	0.25682890
765	0.32819195
766	0.26807627
767	0.26674662
768	0.27128817
769	0.27832942
770	0.21306065
771	0.26055179
772	0.22563340
773	0.27452195
774	0.29510546
775	0.29586211
776	0.26865609
777	0.26459842
778	0.24923466
779	0.27991620
780	0.25893191
781	0.27873437
782	0.27153492
783	0.28109240
784	0.23059680
785	0.25842321
786	0.23655257
787	0.27447051
788	0.25979916
789	0.28069806
790	0.27367255
791	0.26105218
792	0.27622399
793	0.24337553
794	0.28277430
795	0.30889699
796	0.25788713
797	0.22913705
798	0.26123553
799	0.28096301
800	0.25902373
801	0.26893505
802	0.23044177
803	0.30789777
804	0.29449939
805	0.27706191
806	0.29511672
807	0.25746518
808	0.28379263
809	0.30259256
810	0.21787126
811	0.28079121
812	0.28110934
813	0.28616883
814	0.28780776
815	0.27320356
816	0.27077478
817	0.29199486
818	0.22011090
819	0.27504423
820	0.21158713
821	0.26455842
822	0.25415121
823	0.24710792
824	0.31266583
825	0.22437116
826	0.29980941
827	0.25000608
828	0.26262338
829	0.26854746
830	0.23499004
831	0.22442114
832	0.25616738
833	0.30004100
834	0.27734927
835	0.31390401
836	0.28188946
837	0.24365826
838	0.28137000
839	0.28656854
840	0.23519780
841	0.26969224
842	0.21411478
843	0.23987475
844	0.28760236
845	0.24140614
846	0.26795509
847	0.23527022
848	0.22750369
849	0.25764216
850	0.24530091
851	0.24872994
852	0.24870491
853	0.26626379
854	0.21510640
855	0.31799007
856	0.28476269
857	0.23641393
858	0.24446185
859	0.26864672
860	0.27306117
861	0.22682674
862	0.26265852
863	0.26814769
864	0.25419683
865	0.25779796
866	0.27701765
867	0.25990165
868	0.23893880
869	0.28809418
870	0.25417465
871	0.25385881
872	0.25004497
873	0.33917262
874	0.27405668
875	0.29624323
876	0.30045542
877	0.27464798
878	0.25502244
879	0.23893459
880	0.26267197
881	0.25793708
882	0.26851335
883	0.26928784
884	0.26698600
885	0.29478733
886	0.27542716
887	0.27976314
888	0.27552616
889	0.29017637
890	0.21746114
891	0.20651859
892	0.24250850
893	0.25354452
894	0.24401917
895	0.26371568
896	0.22450608
897	0.21516305
898	0.23377608
899	0.27702392
900	0.23218089
901	0.29521316
902	0.23953737
903	0.28688535
904	0.24674446
905	0.28363537
906	0.28897866
907	0.22698914
908	0.27691636
909	0.27990411
910	0.27507643
911	0.20275102
912	0.28181701
913	0.24776014
914	0.26420459
915	0.28771254
916	0.26974840
917	0.25996793
918	0.27331361
919	0.25713886
920	0.23268590
921	0.24187821
922	0.25317388
923	0.25108141
924	0.30853699
925	0.28361096
926	0.28770443
927	0.25261707
928	0.26266495
929	0.31125923
930	0.29158704
931	0.23055057
932	0.20460365
933	0.27649728
934	0.30833333
935	0.24858684
936	0.22737368
937	0.29363227
938	0.27154310
939	0.24304530
940	0.25888936
941	0.29283718
942	0.27453899
943	0.20823476
944	0.30606618
945	0.23745813
946	0.23571950
947	0.25963191
948	0.24846589
949	0.25764575
950	0.25877494
951	0.25098186
952	0.22546977
953	0.23640575
954	0.21847585
955	0.28134297
956	0.25143822
957	0.25261290
958	0.23116702
959	0.27908752
960	0.21054704
961	0.26284872
962	0.24573404
963	0.23243864
964	0.32460436
965	0.25923178
966	0.25334665
967	0.24578933
968	0.23141002
969	0.23813741
970	0.24594717
971	0.24661309
972	0.25227223
973	0.22934510
974	0.23831629
975	0.22914462
976	0.19638791
977	0.24345367
978	0.26167042
979	0.26002389
980	0.26197688
981	0.25904336
982	0.28413634
983	0.24378332
984	0.21299150
985	0.26457384
986	0.25359677
987	0.21143841
988	0.25763663
989	0.22791025
990	0.20572105
991	0.22044203
992	0.23352299
993	0.22365089
994	0.27056356
995	0.25455157
996	0.21960821
997	0.18344614
998	0.26960488
999	0.21169554
1000	0.24470660
1001	0.26749874
1002	0.29186941
1003	0.24974235
1004	0.23027475
1005	0.28990721
1006	0.22246188
1007	0.22885936
1008	0.24436010
1009	0.23041649
1010	0.22351271
1011	0.19145186
1012	0.25716027
1013	0.24489948
1014	0.28788099
1015	0.22243421
1016	0.23867430
1017	0.21468047
1018	0.25784465
1019	0.21151267
1020	0.22729441
1021	0.21862011
1022	0.23294691
1023	0.21504905
1024	0.24774187
1025	0.27151520
1026	0.24227808
1027	0.27214853
1028	0.24560679
1029	0.25265215
1030	0.22868164
