0	0.52498760
1	0.51095088
2	0.52466103
3	0.51412929
4	0.51711549
5	0.43416381
6	0.52446451
7	0.52507436
8	0.52251420
9	0.52496905
10	0.52073141
11	0.52487791
12	0.51881240
13	0.49897400
14	0.51919954
15	0.52225891
16	0.52268531
17	0.51609867
18	0.52461658
19	0.51751857
20	0.49413463
21	0.45287098
22	0.43939154
23	0.43661264
24	0.47856750
25	0.49802849
26	0.46043884
27	0.49866169
28	0.48938391
29	0.46615453
30	0.46478066
31	0.49224494
32	0.44941433
33	0.48891877
34	0.40907701
35	0.46234461
36	0.46131900
37	0.47449443
38	0.50211924
39	0.36196889
40	0.38421930
41	0.47840249
42	0.51687231
43	0.41930504
44	0.45043416
45	0.37240488
46	0.52110262
47	0.49674222
48	0.50491197
49	0.41679307
50	0.49053290
51	0.40941008
52	0.43153748
53	0.42682866
54	0.34835489
55	0.34834925
56	0.37064478
57	0.43795788
58	0.49769512
59	0.46386226
60	0.42148425
61	0.40101957
62	0.44918806
63	0.36828149
64	0.48378819
65	0.49783960
66	0.42006892
67	0.35022789
68	0.39578570
69	0.46537171
70	0.35519330
71	0.36861247
72	0.47408159
73	0.40940332
74	0.39859400
75	0.43810842
76	0.35631493
77	0.49051973
78	0.40484537
79	0.38034521
80	0.50089267
81	0.41131476
82	0.42295045
83	0.32566063
84	0.41932418
85	0.44265303
86	0.43424070
87	0.34883201
88	0.34503559
89	0.43012444
90	0.37879721
91	0.42314982
92	0.41461323
93	0.42086285
94	0.42549104
95	0.38056919
96	0.40070706
97	0.43102302
98	0.35283745
99	0.40110020
100	0.42423973
101	0.40725201
102	0.34247310
103	0.45860633
104	0.46852438
105	0.32202587
106	0.29941330
107	0.34967015
108	0.37245954
109	0.36315489
110	0.38489502
111	0.42681844
112	0.44130547
113	0.35333629
114	0.43190574
115	0.42420315
116	0.33268046
117	0.29166750
118	0.47642046
119	0.38842103
120	0.34933695
121	0.42165599
122	0.40926133
123	0.35062007
124	0.38513068
125	0.33630318
126	0.38804252
127	0.41084624
128	0.34682352
129	0.31504189
130	0.41857937
131	0.40399114
132	0.38082020
133	0.43740186
134	0.36723280
135	0.42287075
136	0.41586169
137	0.35274411
138	0.27421300
139	0.33430100
140	0.32973672
141	0.41637376
142	0.28456935
143	0.41840594
144	0.32471045
145	0.36185240
146	0.35996116
147	0.39202683
148	0.27710932
149	0.35092567
150	0.39023383
151	0.36548965
152	0.26443320
153	0.37788249
154	0.41560434
155	0.31762040
156	0.36089118
157	0.32575051
158	0.29144872
159	0.30689247
160	0.33612753
161	0.30114043
162	0.32529390
163	0.33571393
164	0.30010789
165	0.43679294
166	0.32978434
167	0.39584136
168	0.42515065
169	0.40839370
170	0.40230222
171	0.34836743
172	0.31573516
173	0.37277294
174	0.29602169
175	0.40339101
176	0.29215493
177	0.35333254
178	0.41150451
179	0.33327980
180	0.34915585
181	0.31381184
182	0.32216753
183	0.34316206
184	0.34902683
185	0.30158139
186	0.32860235
187	0.26809964
188	0.29717605
189	0.37434415
190	0.38335794
191	0.32710345
192	0.33850119
193	0.31820017
194	0.34573065
195	0.31585317
196	0.31448418
197	0.27602046
198	0.31261721
199	0.35845960
200	0.29390521
201	0.33144295
202	0.37086829
203	0.28162070
204	0.34782998
205	0.29690637
206	0.33400342
207	0.32218255
208	0.30663735
209	0.37135158
210	0.36672650
211	0.32371303
212	0.32988823
213	0.41002415
214	0.27048590
215	0.31181970
216	0.29065187
217	0.32786809
218	0.31510378
219	0.27075771
220	0.37216408
221	0.30452819
222	0.28760995
223	0.29739098
224	0.22232232
225	0.32127698
226	0.35982318
227	0.32274514
228	0.27150272
229	0.31803254
230	0.30630056
231	0.35012706
232	0.35215904
233	0.26557556
234	0.33601386
235	0.30892504
236	0.37381629
237	0.28375184
238	0.32438348
239	0.28754239
240	0.33566597
241	0.33444242
242	0.32992660
243	0.34579914
244	0.31877711
245	0.23253559
246	0.33289824
247	0.33919347
248	0.28761118
249	0.29852995
250	0.27405920
251	0.30041579
252	0.29437897
253	0.27438517
254	0.26561267
255	0.35933877
256	0.30505051
257	0.29010660
258	0.30791768
259	0.32049393
260	0.34695280
261	0.31598534
262	0.33545771
263	0.27399479
264	0.30140806
265	0.27245201
266	0.26661443
267	0.24589028
268	0.38149522
269	0.31412003
270	0.28935672
271	0.29434769
272	0.33940076
273	0.29722232
274	0.29758378
275	0.28456975
276	0.33009128
277	0.32585390
278	0.28204192
279	0.38320206
280	0.33264915
281	0.30845081
282	0.31607549
283	0.25290866
284	0.30119592
285	0.27968494
286	0.31267386
287	0.21877333
288	0.30952245
289	0.25280206
290	0.27685745
291	0.27285081
292	0.27918255
293	0.32398736
294	0.28186852
295	0.25585954
296	0.27019698
297	0.27044517
298	0.34407857
299	0.36805121
300	0.26373711
301	0.29843645
302	0.29319211
303	0.27585552
304	0.27240978
305	0.30335526
306	0.33124836
307	0.24650554
308	0.27897635
309	0.32404925
310	0.26433874
311	0.22300172
312	0.28600209
313	0.28047887
314	0.24275154
315	0.27347330
316	0.30402839
317	0.24614833
318	0.31698143
319	0.29592279
320	0.33261947
321	0.23743529
322	0.26999881
323	0.28122872
324	0.27922597
325	0.29813443
326	0.30631642
327	0.26792033
328	0.23695655
329	0.28428391
330	0.36389227
331	0.31408846
332	0.30771108
333	0.23994793
334	0.25812123
335	0.27042332
336	0.21642544
337	0.30860769
338	0.26307357
339	0.34690007
340	0.25225579
341	0.27058746
342	0.30760942
343	0.22232866
344	0.31314434
345	0.31727177
346	0.25863260
347	0.25806219
348	0.31567104
349	0.22980425
350	0.27429692
351	0.26570716
352	0.28291781
353	0.27822169
354	0.26566189
355	0.25287260
356	0.33432189
357	0.27430630
358	0.26150567
359	0.28950093
360	0.26333983
361	0.30117254
362	0.26233091
363	0.30876886
364	0.24784783
365	0.35081400
366	0.26795085
367	0.28960905
368	0.27194630
369	0.26165111
370	0.28522945
371	0.27734289
372	0.31411884
373	0.30088322
374	0.24623217
375	0.27747745
376	0.24488494
377	0.21427801
378	0.27513502
379	0.28416647
380	0.29496710
381	0.20303038
382	0.24556959
383	0.26593993
384	0.25567071
385	0.28326010
386	0.29192468
387	0.23007028
388	0.26466842
389	0.23727181
390	0.27579605
391	0.27386746
392	0.25515473
393	0.25924226
394	0.24693254
395	0.22976587
396	0.24802610
397	0.28785887
398	0.27030302
399	0.23787917
400	0.22980743
401	0.27989828
402	0.25453194
403	0.25707695
404	0.24788806
405	0.30391735
406	0.20993463
407	0.26118584
408	0.28113294
409	0.27650521
410	0.25617443
411	0.28542126
412	0.30157758
413	0.26610428
414	0.27512902
415	0.33213997
416	0.27536338
417	0.28393874
418	0.24384972
419	0.27737509
420	0.26374050
421	0.26832925
422	0.23472561
423	0.32956434
424	0.29042448
425	0.28680879
426	0.26781101
427	0.24977884
428	0.29619167
429	0.22684149
430	0.25491151
431	0.31370527
432	0.21986627
433	0.26048703
434	0.25806050
435	0.27326444
436	0.28699701
437	0.27265310
438	0.24566441
439	0.33428358
440	0.27682448
441	0.26386342
442	0.35270998
443	0.20139025
444	0.27969167
445	0.22180663
446	0.23409393
447	0.21892129
448	0.29306697
449	0.30381489
450	0.23155337
451	0.22422461
452	0.26391569
453	0.28939881
454	0.27544680
455	0.25541085
456	0.27112494
457	0.28114697
458	0.25293798
459	0.23535333
460	0.27211675
461	0.27821071
462	0.28064368
463	0.29235486
464	0.24218504
465	0.26375562
466	0.28811695
467	0.24695227
468	0.24344299
469	0.24326050
470	0.19840474
471	0.27612710
472	0.25518484
473	0.22614199
474	0.22891662
475	0.28500683
476	0.26194411
477	0.26622640
478	0.22490478
479	0.23584620
480	0.32612919
481	0.26787211
482	0.20744886
483	0.27577400
484	0.27828730
485	0.25069874
486	0.21227284
487	0.33991599
488	0.27298597
489	0.27530063
490	0.25509403
491	0.26961297
492	0.23004007
493	0.23078408
494	0.22810050
495	0.27749148
496	0.25543794
497	0.24256285
498	0.21638716
499	0.25989161
500	0.27113367
501	0.28854600
502	0.36807950
503	0.28658391
504	0.29904086
505	0.23580123
506	0.27986080
507	0.26914650
508	0.24077350
509	0.25791347
510	0.23961791
511	0.26046554
512	0.24664149
513	0.31824756
514	0.25584255
515	0.25352451
516	0.21923924
517	0.21630189
518	0.24599881
519	0.26609333
520	0.21098441
521	0.29282866
522	0.21805884
523	0.22568912
524	0.23969433
525	0.24220660
526	0.29024670
527	0.26032720
528	0.24600517
529	0.27905303
530	0.18943131
531	0.22977237
532	0.25369267
533	0.23212405
534	0.24821761
535	0.21919871
536	0.23651439
537	0.23084000
538	0.25697098
539	0.25705774
540	0.19848687
541	0.24099818
542	0.20869393
543	0.24483124
544	0.23260607
545	0.27032776
546	0.23558415
547	0.27414872
548	0.26313552
549	0.26017662
550	0.23159619
551	0.23046610
552	0.26736647
553	0.26103353
554	0.24282842
555	0.27246391
556	0.25831526
557	0.27383035
558	0.27511920
559	0.21703927
560	0.25155599
561	0.24281035
562	0.25040514
563	0.24252232
564	0.23428534
565	0.29140086
566	0.28758773
567	0.20336196
568	0.23891061
569	0.24694066
570	0.25303512
571	0.27415682
572	0.20866133
573	0.20580100
574	0.23553672
575	0.26033367
576	0.27438859
577	0.24001612
578	0.22290783
579	0.25731920
580	0.23959761
581	0.24327940
582	0.23297857
583	0.18743837
584	0.23823506
585	0.20884471
586	0.20365983
587	0.24205900
588	0.20494776
589	0.20135486
590	0.28171015
591	0.26026358
592	0.24780504
593	0.20208345
594	0.24278524
595	0.24556358
596	0.25031393
597	0.22896862
598	0.26779410
599	0.22194647
600	0.20231340
601	0.21785207
602	0.25052700
603	0.20230524
604	0.21366902
605	0.22848232
606	0.19931413
607	0.25065881
608	0.26625446
609	0.24945970
610	0.27963512
611	0.28183804
612	0.22042494
613	0.21387420
614	0.19981071
615	0.25300580
616	0.25880381
617	0.22469360
618	0.25794484
619	0.26828212
620	0.22802239
621	0.25788126
622	0.18886763
623	0.22503098
624	0.22795376
625	0.21372710
626	0.22826982
627	0.27649224
628	0.26106594
629	0.25429154
630	0.20291615
631	0.25099536
632	0.25117393
633	0.24607453
634	0.28180169
635	0.21515609
636	0.23963718
637	0.24703967
638	0.25214408
639	0.23709662
640	0.27889101
641	0.23644703
642	0.20556527
643	0.21144209
644	0.22555327
645	0.23054060
646	0.18369841
647	0.23532574
648	0.25036962
649	0.19972338
650	0.25303944
651	0.22420425
652	0.15683645
653	0.18118395
654	0.27000196
655	0.23848408
656	0.21342949
657	0.22986471
658	0.23063758
659	0.25180803
660	0.23149688
661	0.22913695
662	0.20670153
663	0.23965051
664	0.21867390
665	0.24578219
666	0.22558212
667	0.21127068
668	0.22276620
669	0.23559217
670	0.23968763
671	0.21571867
672	0.18052793
673	0.25752763
674	0.23306216
675	0.22088020
676	0.22568806
677	0.21306126
678	0.24486534
679	0.18516149
680	0.25548607
681	0.21509894
682	0.20604093
683	0.24328769
684	0.25755214
685	0.21159008
686	0.23284096
687	0.20811380
688	0.20078212
689	0.25546000
690	0.21102498
691	0.17364362
692	0.21347038
693	0.23945181
694	0.30299164
695	0.25165284
696	0.25969085
697	0.18889970
698	0.20485615
699	0.22017091
700	0.19946272
701	0.18542146
702	0.24612398
703	0.21310614
704	0.24097655
705	0.25895068
706	0.21766531
707	0.19038769
708	0.22022912
709	0.21496902
710	0.26224551
711	0.25154501
712	0.24168395
713	0.24073728
714	0.18260852
715	0.23580640
716	0.22968060
717	0.25820103
718	0.24070129
719	0.21072600
720	0.23010252
721	0.23333310
722	0.24754388
723	0.17763502
724	0.20128713
725	0.22583012
726	0.21390799
727	0.22475695
728	0.25001854
729	0.20540448
730	0.23641005
731	0.21484607
732	0.20221821
733	0.19470010
734	0.19784992
735	0.25381692
736	0.27528381
737	0.24943907
738	0.18970371
739	0.21678169
740	0.25566345
741	0.26180338
742	0.18454766
743	0.22679240
744	0.17710760
745	0.20149231
746	0.26430919
747	0.22814139
748	0.21534988
749	0.22403622
750	0.21999486
751	0.18448703
752	0.20327678
753	0.20502345
754	0.23881828
755	0.18198919
756	0.21239529
757	0.20456080
758	0.22552703
759	0.21040235
760	0.20975519
761	0.20179964
762	0.22246156
763	0.19094285
764	0.24255045
765	0.17256418
766	0.22532733
767	0.20062789
768	0.22753552
769	0.20672305
770	0.22860136
771	0.16834166
772	0.22593635
773	0.24012279
774	0.22693118
775	0.23174345
776	0.18041343
777	0.24098371
778	0.17807250
779	0.22260856
780	0.20077456
781	0.21251609
782	0.22691519
783	0.22787755
784	0.19358687
785	0.22430776
786	0.24157977
787	0.18362813
788	0.18092401
789	0.18312023
790	0.22145410
791	0.19446378
792	0.20539692
793	0.20016355
794	0.23280846
795	0.17747954
796	0.17891303
797	0.21601260
798	0.18927585
799	0.22671619
800	0.23891270
801	0.21477426
802	0.21801536
803	0.26601128
804	0.20278106
805	0.23907937
806	0.21813038
807	0.26224667
808	0.20643748
809	0.22213091
810	0.24135028
811	0.24504882
812	0.24876315
813	0.20084265
814	0.22376640
815	0.20763221
816	0.23889486
817	0.18329818
818	0.19403456
819	0.22722700
820	0.23122720
821	0.23214468
822	0.21042713
823	0.25492289
824	0.22364743
825	0.24002448
826	0.23136023
827	0.21391280
828	0.19692189
829	0.27378484
830	0.20273469
831	0.21512919
832	0.22311493
833	0.21262388
834	0.21411877
835	0.19664547
836	0.20793652
837	0.24557831
838	0.20069798
839	0.26972129
840	0.22220322
841	0.20985685
842	0.20002570
843	0.24036683
844	0.22245260
845	0.21233887
846	0.19998338
847	0.28462965
848	0.21558939
849	0.23046988
850	0.21307655
851	0.23658959
852	0.20787854
853	0.23874411
854	0.18451330
855	0.24479973
856	0.21269556
857	0.18468146
858	0.23067144
859	0.23406720
860	0.18524020
861	0.18988282
862	0.24485430
863	0.18938763
864	0.23584461
865	0.20667410
866	0.20611682
867	0.18792949
868	0.17896126
869	0.18576010
870	0.22272226
871	0.20117158
872	0.20728425
873	0.18201960
874	0.16575682
875	0.20430614
876	0.22360385
877	0.23679572
878	0.24445731
879	0.20978186
880	0.24140915
881	0.20404876
882	0.17889443
883	0.19641287
884	0.19544090
885	0.22373748
886	0.23087970
887	0.19647675
888	0.17196050
889	0.20853619
890	0.17713158
891	0.20541648
892	0.23664746
893	0.16236766
894	0.20072653
895	0.15469811
896	0.22039834
897	0.16743051
898	0.21088352
899	0.22375436
900	0.23554235
901	0.23223967
902	0.19770421
903	0.24416995
904	0.23073983
905	0.22857360
906	0.20105194
907	0.19698013
908	0.19467294
909	0.22830020
910	0.21937174
911	0.18226836
912	0.20316786
913	0.19903824
914	0.24068159
915	0.19429158
916	0.18341061
917	0.20873997
918	0.22986766
919	0.17532859
920	0.20751642
921	0.21475297
922	0.23096199
923	0.20201303
924	0.19321857
925	0.20651874
926	0.22810371
927	0.18332929
928	0.22015164
929	0.23475373
930	0.21589914
931	0.21416484
932	0.21138468
933	0.22164348
934	0.23907960
935	0.18830000
936	0.24012305
937	0.18246584
938	0.18082899
939	0.24030362
940	0.20695761
941	0.21184113
942	0.21535489
943	0.18734716
944	0.19930401
945	0.25798667
946	0.21658209
947	0.19297512
948	0.23558448
949	0.22798700
950	0.22320050
951	0.17495735
952	0.18015735
953	0.24431028
954	0.27085635
955	0.18907877
956	0.26518743
957	0.21865705
958	0.22793161
959	0.18951993
960	0.20921081
961	0.19418949
962	0.23150700
963	0.20737353
964	0.19072823
965	0.17795095
966	0.19556564
967	0.21129552
968	0.21649071
969	0.17543781
970	0.17750060
971	0.21682275
972	0.21929410
973	0.19862216
974	0.21550823
975	0.19992498
976	0.19346507
977	0.23034537
978	0.20968776
979	0.20588839
980	0.20529701
981	0.16909171
982	0.16667466
983	0.21358590
984	0.23547516
985	0.22184597
986	0.20205589
987	0.23391665
988	0.20953201
989	0.22155430
990	0.20064100
991	0.25133612
992	0.22477486
993	0.22693430
994	0.19909556
995	0.17660249
996	0.15737808
997	0.20586650
998	0.22742743
999	0.23414637
1000	0.19427715
1001	0.21648133
1002	0.15905867
1003	0.16883098
1004	0.18947284
