0	0.26228977
1	0.26289328
2	0.23509020
3	0.25654621
4	0.23113455
5	0.24317339
6	0.24145372
7	0.26812539
8	0.25778212
9	0.26899807
10	0.26057332
11	0.27031044
12	0.26862246
13	0.28410815
14	0.31344084
15	0.25968004
16	0.24389979
17	0.25337339
18	0.28174041
19	0.25314235
20	0.26589549
21	0.28412568
22	0.26896059
23	0.25955007
24	0.24616495
25	0.23745007
26	0.27642124
27	0.26866717
28	0.24470114
29	0.25066795
30	0.27221695
31	0.24107632
32	0.26332146
33	0.23887632
34	0.24022303
35	0.26021524
36	0.23366245
37	0.23982217
38	0.25743712
39	0.25012217
40	0.26210722
41	0.25085308
42	0.25264957
43	0.25086874
44	0.26606545
45	0.26331259
46	0.27558963
47	0.24390536
48	0.24546753
49	0.21820308
50	0.23607775
51	0.26084170
52	0.21578298
53	0.23463584
54	0.22500215
55	0.22632990
56	0.25021960
57	0.26197368
58	0.25605000
59	0.25183319
60	0.24437947
61	0.24501788
62	0.27158770
63	0.24462454
64	0.23067046
65	0.23306724
66	0.23211123
67	0.25024671
68	0.23179971
69	0.25492396
70	0.23387382
71	0.25076280
72	0.24043426
73	0.24364993
74	0.27526431
75	0.23768627
76	0.24596609
77	0.24700172
78	0.24000107
79	0.21659685
80	0.24549721
81	0.24743884
82	0.25311252
83	0.24236216
84	0.27066774
85	0.24095043
86	0.26400308
87	0.23873333
88	0.25637969
89	0.28103763
90	0.26233076
91	0.23577625
92	0.24998569
93	0.21715207
94	0.24729421
95	0.25617861
96	0.24366538
97	0.24725959
98	0.26870036
99	0.24249142
100	0.25715694
101	0.24726316
102	0.24857668
103	0.24088269
104	0.22249242
105	0.25145565
106	0.27796710
107	0.24091953
108	0.23716617
109	0.24134628
110	0.24263112
111	0.24604821
112	0.26596466
113	0.26308147
114	0.26044185
115	0.25894692
116	0.24995315
117	0.21818906
118	0.25046795
119	0.26835408
120	0.23749313
121	0.26779084
122	0.25452053
123	0.24335672
124	0.23334957
125	0.22588569
126	0.22574378
127	0.25995815
128	0.23122761
129	0.23598205
130	0.23057418
131	0.25390079
132	0.24538927
133	0.23587918
134	0.24064392
135	0.24339278
136	0.24957768
137	0.25119406
138	0.23770644
139	0.24030336
140	0.23494199
141	0.25830179
142	0.24850200
143	0.26635222
144	0.26091545
145	0.24597976
146	0.24843634
147	0.25051781
148	0.26804149
149	0.24705773
150	0.23732396
151	0.27901080
152	0.22897926
153	0.25320243
154	0.24807833
155	0.25303727
156	0.23364206
157	0.23807947
158	0.25748956
159	0.24122518
160	0.23976073
161	0.25676352
162	0.25178584
163	0.25483977
164	0.23904356
165	0.24520000
166	0.24592675
167	0.25031102
168	0.27223612
169	0.25773991
170	0.25342804
171	0.25344578
172	0.25725930
173	0.26187983
174	0.27135236
175	0.27231087
176	0.26497825
177	0.27169900
178	0.27691302
179	0.26289700
180	0.26965629
181	0.26246674
182	0.25123884
183	0.25169163
184	0.27058112
185	0.26982046
186	0.25389771
187	0.24686953
188	0.25530229
189	0.25522511
190	0.25757761
191	0.25322468
192	0.25094750
193	0.26948712
194	0.25497017
195	0.25507411
196	0.25259163
197	0.26619557
198	0.26624986
199	0.24556495
200	0.26274199
201	0.24690894
202	0.27085043
203	0.25788648
204	0.25733591
205	0.26948805
206	0.25501853
207	0.27634528
208	0.26180129
209	0.25607639
210	0.24647639
211	0.25615508
212	0.24770351
213	0.23735737
214	0.23691724
215	0.24902532
216	0.22952217
217	0.24361094
218	0.22969456
219	0.22707282
220	0.24436652
221	0.22961567
222	0.25858140
223	0.23952732
224	0.26930730
225	0.29471760
226	0.27698534
227	0.25808984
228	0.23765730
229	0.26218183
230	0.26028383
231	0.28376931
232	0.25409850
233	0.26270186
234	0.26873755
235	0.25953741
236	0.26548491
237	0.26289242
238	0.26025207
239	0.27206023
240	0.23927732
241	0.26504785
242	0.27196209
243	0.25852983
244	0.27065122
245	0.27079313
246	0.27241881
247	0.27972203
248	0.24373405
249	0.24027647
250	0.26058147
251	0.26632647
252	0.26598927
253	0.26138054
254	0.26394728
255	0.27995136
256	0.29221187
257	0.24717432
258	0.26750365
259	0.27883970
260	0.26160229
261	0.24954020
262	0.26895515
263	0.24826524
264	0.25051123
265	0.27160916
266	0.24640973
267	0.24744185
268	0.25592790
269	0.26239185
270	0.28291202
271	0.24802582
272	0.24760565
273	0.24662539
274	0.25730129
275	0.29549006
276	0.23485222
277	0.26902511
278	0.25409406
279	0.26959306
280	0.25583004
281	0.25216702
282	0.25807132
283	0.26962868
284	0.25797175
285	0.26815057
286	0.27150787
287	0.25156974
288	0.24143448
289	0.25239356
290	0.26030329
291	0.24193741
292	0.24947089
293	0.25800215
294	0.25565730
295	0.23929707
296	0.24222189
297	0.24009013
298	0.23090901
299	0.25015558
300	0.22844077
301	0.23865243
302	0.24417282
303	0.24277010
304	0.24698333
305	0.23011216
306	0.24415794
307	0.23269700
308	0.25529793
309	0.24840186
310	0.25096874
311	0.26168226
312	0.25509521
313	0.24523011
314	0.26342210
315	0.26594764
316	0.26901853
317	0.26690873
318	0.27403741
319	0.25455279
320	0.26249056
321	0.26152089
322	0.25488734
323	0.24782454
324	0.27008927
325	0.23582260
326	0.27647589
327	0.26412511
328	0.27196624
329	0.25009249
330	0.27086960
331	0.24945308
332	0.27377790
333	0.26030565
334	0.26623913
335	0.28850966
336	0.24945401
337	0.26372861
338	0.25151216
339	0.26789220
340	0.27696953
341	0.31410751
342	0.25472961
343	0.25906395
344	0.22250594
345	0.25177246
346	0.27887167
347	0.26259256
348	0.25326674
349	0.24369235
350	0.24469771
351	0.23791896
352	0.25346209
353	0.25000272
354	0.24119671
355	0.24349442
356	0.26974828
357	0.26540050
358	0.24067074
359	0.24781981
360	0.22890129
361	0.25860465
362	0.20874449
363	0.25198083
364	0.25203462
365	0.25080286
366	0.26408069
367	0.28453691
368	0.23116202
369	0.25046016
370	0.26453054
371	0.23921609
372	0.25564292
373	0.23241974
374	0.27419714
375	0.26700107
376	0.27225250
377	0.24360730
378	0.27690165
379	0.22997346
380	0.24978913
381	0.25544177
382	0.24764478
383	0.26055966
384	0.24094821
385	0.28137775
386	0.26125715
387	0.25067203
388	0.24884063
389	0.23714034
390	0.24381352
391	0.24701824
392	0.26315136
393	0.25928176
394	0.25575243
395	0.26682818
396	0.27140258
397	0.28238047
398	0.27248233
399	0.26951595
400	0.28661230
401	0.25342039
402	0.27034177
403	0.27111910
404	0.24798004
405	0.26626280
406	0.25797833
407	0.26213984
408	0.22543698
409	0.23273898
410	0.24757568
411	0.24699564
412	0.22912704
413	0.27198913
414	0.25105114
415	0.26613183
416	0.26199928
417	0.24852060
418	0.24817682
419	0.22200064
420	0.23547811
421	0.22520329
422	0.23024878
423	0.25339027
424	0.23096602
425	0.25691767
426	0.24618877
427	0.21271438
428	0.23445336
429	0.25564142
430	0.25009993
431	0.25353305
432	0.23642403
433	0.26196767
434	0.25911853
435	0.28062132
436	0.26173205
437	0.23935057
438	0.23737854
439	0.26417124
440	0.24602411
441	0.28819492
442	0.25023183
443	0.24199778
444	0.25466252
445	0.24385379
446	0.25550308
447	0.24459700
448	0.23734549
449	0.25496667
450	0.21178040
451	0.24384278
452	0.26547017
453	0.22590594
454	0.25520629
455	0.24379020
456	0.25578197
457	0.24395715
458	0.28418226
459	0.24632725
460	0.25851259
461	0.26654163
462	0.25365794
463	0.25404328
464	0.24931753
465	0.24141516
