0	0.33765866
1	0.34074918
2	0.28279028
3	0.30710768
4	0.32403971
5	0.29155490
6	0.33853072
7	0.32706136
8	0.31113799
9	0.30494322
10	0.33851912
11	0.37289085
12	0.33322279
13	0.37029118
14	0.32777941
15	0.35884722
16	0.37000801
17	0.36115041
18	0.35407173
19	0.36787051
20	0.33247173
21	0.35075000
22	0.31352190
23	0.35440155
24	0.36783856
25	0.32191021
26	0.35500915
27	0.33668472
28	0.35983505
29	0.30724183
30	0.34273685
31	0.34893725
32	0.33857402
33	0.33657500
34	0.37334028
35	0.35829559
36	0.33476479
37	0.34591944
38	0.34700850
39	0.34568497
40	0.34952279
41	0.32819387
42	0.33115556
43	0.33779444
44	0.31053211
45	0.32684150
46	0.35958243
47	0.35441136
48	0.36849877
49	0.32535507
50	0.33936029
51	0.32715368
52	0.37713456
53	0.35734747
54	0.32832541
55	0.35740335
56	0.34600425
57	0.33038766
58	0.37216266
59	0.34181446
60	0.33441471
61	0.36034142
62	0.38455515
63	0.35732598
64	0.36318047
65	0.39390752
66	0.30628309
67	0.34942574
68	0.29820310
69	0.31834224
70	0.37506838
71	0.35905972
72	0.34072157
73	0.38119763
74	0.30371087
75	0.35946642
76	0.34452271
77	0.37625139
78	0.33712729
79	0.33941283
80	0.37218186
81	0.36136773
82	0.33443178
83	0.39049943
84	0.36446520
85	0.34627190
86	0.31736944
87	0.37058350
88	0.35572410
89	0.32954632
90	0.37175727
91	0.31391830
92	0.37016046
93	0.33202598
94	0.32741168
95	0.31589461
96	0.33110678
97	0.39987917
98	0.32980629
99	0.32661765
100	0.32769371
101	0.27283162
102	0.34269657
103	0.34731895
104	0.31162835
105	0.33375180
106	0.31664681
107	0.31251912
108	0.33193317
109	0.33667925
110	0.36049877
111	0.33975474
112	0.31742680
113	0.33362271
114	0.34393652
115	0.32073979
116	0.35326985
117	0.33279444
118	0.34872941
119	0.31810270
120	0.33646773
121	0.35188211
122	0.35999861
123	0.32682181
124	0.34076544
125	0.34703121
126	0.36806683
127	0.34293374
128	0.31852345
129	0.35014796
130	0.30910874
131	0.35121348
132	0.31542721
133	0.33391520
134	0.30594714
135	0.36383676
136	0.33581005
137	0.34482100
138	0.31513170
139	0.27070376
140	0.37513374
141	0.30702729
142	0.34608399
143	0.34688962
144	0.33491438
145	0.30445645
146	0.34441797
147	0.31671691
148	0.34530163
149	0.35771618
150	0.33153309
151	0.34138873
152	0.27659763
153	0.31544926
154	0.29982819
155	0.32083170
156	0.30400498
157	0.32322010
158	0.31792606
159	0.28052990
160	0.31915621
161	0.32822377
162	0.35800964
163	0.32783652
164	0.32487745
165	0.31106364
166	0.32101438
167	0.32534624
168	0.35643301
169	0.33293546
170	0.38617337
171	0.34800425
172	0.33876185
173	0.32207435
174	0.37429926
175	0.31371618
176	0.36692435
177	0.34028971
178	0.31272092
179	0.32579943
180	0.36274314
181	0.32871895
182	0.30089101
183	0.32187426
184	0.30384853
185	0.37551806
186	0.32184975
187	0.34612933
188	0.32480678
189	0.30623325
190	0.34565204
191	0.35855114
192	0.36555760
193	0.36400645
194	0.33901340
195	0.36260163
196	0.34769363
197	0.34094240
198	0.40837917
199	0.37324306
200	0.39007998
201	0.39515670
202	0.33714975
203	0.35110082
204	0.35375147
205	0.34463676
206	0.33672255
207	0.32664877
208	0.33746324
209	0.35637002
210	0.36281511
211	0.37027778
212	0.34486520
213	0.35635180
214	0.32494412
215	0.35443105
216	0.36200686
217	0.38505596
218	0.32091364
219	0.30653840
220	0.32473047
221	0.30748644
222	0.32820433
223	0.33898235
224	0.34482484
225	0.31404975
226	0.28144052
227	0.33875637
228	0.34964812
229	0.34134935
230	0.36712067
231	0.35092042
232	0.39030458
233	0.35869216
234	0.35445261
235	0.37345123
236	0.34686765
237	0.35197492
238	0.34070139
239	0.32777190
240	0.31421683
241	0.32621029
242	0.36713603
243	0.34723783
244	0.30742696
245	0.28930752
246	0.36065237
247	0.32494428
248	0.33438064
249	0.37762925
250	0.32857198
251	0.33834093
252	0.33878521
253	0.35452753
254	0.29036127
255	0.32382190
256	0.33097394
257	0.30527884
258	0.31724853
259	0.34589935
260	0.33108766
261	0.34082966
262	0.29230155
263	0.36025923
264	0.35093113
265	0.35132190
266	0.35358178
267	0.30884387
268	0.31281748
269	0.32040221
270	0.32128203
271	0.38167092
272	0.32615980
273	0.36906381
274	0.38555082
275	0.33814281
276	0.31872770
277	0.36733693
278	0.33267492
279	0.29648660
280	0.25478211
281	0.35058717
282	0.33745580
283	0.33038938
284	0.29225842
285	0.32099420
286	0.32398301
287	0.36655057
288	0.32869534
289	0.33151773
290	0.36267753
291	0.35341871
292	0.32854747
293	0.34350229
294	0.26599943
295	0.37230596
296	0.35245833
297	0.30775866
298	0.34319306
299	0.34830825
300	0.35745842
301	0.36770654
302	0.32319395
303	0.31068554
304	0.32539363
305	0.34352230
306	0.33360000
307	0.38074779
308	0.33300605
309	0.34355286
310	0.33284355
311	0.34916528
312	0.38475556
313	0.37767998
314	0.33150645
315	0.34431895
316	0.34303742
317	0.35878080
318	0.39815760
319	0.34725850
320	0.31327835
321	0.32855972
322	0.35402647
323	0.32921217
324	0.35327753
325	0.35855719
326	0.34979730
327	0.32279412
328	0.30963611
329	0.35309967
330	0.32588807
331	0.33411405
332	0.33089371
333	0.31827394
334	0.36334951
335	0.33084681
336	0.35162794
337	0.33323693
338	0.32094346
339	0.35079420
340	0.27513129
341	0.31639747
342	0.34543619
343	0.33230433
344	0.32272688
345	0.36511225
346	0.35663497
347	0.35486176
348	0.36863644
349	0.37398211
350	0.37043603
351	0.31383889
352	0.33504183
353	0.34606422
354	0.37435286
355	0.35534910
356	0.36880033
357	0.31769559
358	0.32360229
359	0.33107598
360	0.31878652
361	0.32572377
362	0.33477165
363	0.35383824
364	0.38838750
365	0.27701969
366	0.35871634
367	0.32086038
368	0.34215882
369	0.36099404
370	0.35530874
371	0.29058284
372	0.33090016
373	0.32583971
374	0.28025025
375	0.30729951
376	0.32754118
377	0.34157320
378	0.31514534
379	0.32597190
380	0.32741830
381	0.34092925
382	0.33784641
383	0.34436176
384	0.34026283
385	0.34721879
386	0.35034845
387	0.32847051
388	0.33589649
389	0.34739355
390	0.32485539
391	0.30453521
392	0.36283856
393	0.35211658
394	0.32991046
395	0.34432557
396	0.35858391
397	0.36210049
398	0.30457614
399	0.33819363
400	0.32324158
401	0.30397745
402	0.32554592
403	0.39223758
404	0.31092394
405	0.34029886
406	0.29714853
407	0.30320784
