0	0.37884527
1	0.38741284
2	0.34192626
3	0.37866816
4	0.30135746
5	0.35551958
6	0.37430409
7	0.30472140
8	0.34299455
9	0.31753074
10	0.33572004
11	0.34932802
12	0.36468846
13	0.33007354
14	0.35235071
15	0.38069086
16	0.36833016
17	0.31078223
18	0.28440000
19	0.34023761
20	0.30268444
21	0.36725616
22	0.34879183
23	0.36842964
24	0.32789339
25	0.38520460
26	0.36259014
27	0.29231706
28	0.37396907
29	0.34484455
30	0.36014916
31	0.43955700
32	0.36478995
33	0.34184047
34	0.34704637
35	0.34620422
36	0.35299137
37	0.36739877
38	0.35792399
39	0.36033502
40	0.35907140
41	0.39734436
42	0.37134656
43	0.36223268
44	0.29535921
45	0.35563567
46	0.37318716
47	0.35069144
48	0.35553392
49	0.38894086
50	0.35005195
51	0.36687270
52	0.35487938
53	0.33606291
54	0.37639851
55	0.37619228
56	0.39409994
57	0.31592678
58	0.34840966
59	0.36598022
60	0.37849611
61	0.34157866
62	0.36553320
63	0.30600992
64	0.34698612
65	0.27199215
66	0.32724553
67	0.31097562
68	0.32978813
69	0.29760979
70	0.32363016
71	0.38183846
72	0.31326556
73	0.32103606
74	0.34115000
75	0.33900435
76	0.34752730
77	0.34947309
78	0.34199488
79	0.33055616
80	0.33688742
81	0.39040901
82	0.35945992
83	0.34024040
84	0.33659844
85	0.36281712
86	0.39630110
87	0.36194987
88	0.38367062
89	0.37404274
90	0.37991180
91	0.37928846
92	0.28984935
93	0.38938152
94	0.36022244
95	0.32369767
96	0.32710285
97	0.31499968
98	0.36090739
99	0.26682140
100	0.34816128
101	0.38310006
102	0.34138534
103	0.28378054
104	0.36310026
105	0.41061154
106	0.35352808
107	0.31621316
108	0.36130785
109	0.34774916
110	0.30494507
111	0.35116608
112	0.35549598
113	0.37653651
114	0.35679864
115	0.32974137
116	0.33459228
117	0.38705298
118	0.35019611
119	0.33448956
120	0.33530519
121	0.33749423
122	0.37465940
123	0.36107023
124	0.29342601
125	0.34952594
126	0.37097412
127	0.40892516
128	0.42066323
129	0.32485895
130	0.35762283
131	0.38115013
132	0.39578359
133	0.37115480
134	0.38444870
135	0.30220428
136	0.41704326
137	0.34791005
138	0.37676148
139	0.34811518
140	0.33791057
141	0.32029053
142	0.38311881
143	0.35085811
144	0.38115123
145	0.36233521
146	0.34184449
147	0.35856323
148	0.30910292
149	0.36036505
150	0.35748029
151	0.33413126
152	0.35721602
153	0.28649429
154	0.29220058
155	0.34652361
156	0.33586070
157	0.36132179
158	0.37260960
159	0.28299183
160	0.35267354
161	0.32415136
162	0.35760499
163	0.39671608
164	0.33692335
165	0.32604818
166	0.36311154
167	0.32172198
168	0.33852834
169	0.35643262
170	0.36132095
171	0.38208139
172	0.38479235
173	0.38401991
174	0.39043119
175	0.37750512
176	0.42307049
177	0.40697160
178	0.38375026
179	0.39810259
180	0.43346115
181	0.41624540
182	0.35179805
183	0.38637425
184	0.45248768
185	0.34304300
186	0.39510240
187	0.30232179
188	0.40008087
189	0.38024008
190	0.40395227
191	0.34327802
192	0.37581089
193	0.38127860
194	0.35884436
195	0.36793171
196	0.39531206
197	0.36037672
198	0.36233891
199	0.37363489
200	0.33529637
201	0.36831887
202	0.36303042
203	0.37672315
204	0.34932160
205	0.34864624
206	0.33101479
207	0.35476174
208	0.37055545
209	0.32496907
210	0.34905182
211	0.30285512
212	0.32803424
213	0.35014267
214	0.36113145
215	0.35706647
216	0.37724047
217	0.32274455
218	0.35480674
219	0.34608923
220	0.34280901
221	0.32509326
222	0.33680169
223	0.34899423
224	0.34595435
225	0.37038463
226	0.37012244
227	0.36775927
228	0.36602296
229	0.35078645
230	0.39055097
231	0.32345999
232	0.33967458
233	0.39671543
234	0.42014922
235	0.40239974
236	0.34030856
237	0.37018800
238	0.36100999
239	0.35309300
240	0.31458470
241	0.31925642
242	0.31769935
243	0.32794663
244	0.30181680
245	0.33514118
246	0.38142840
247	0.33918340
248	0.33800597
249	0.34195571
250	0.34239689
251	0.38627542
252	0.36024014
253	0.38747484
254	0.32384014
255	0.36419546
256	0.42909669
257	0.36407082
258	0.41861278
259	0.36537996
260	0.35327451
261	0.39089170
262	0.40025538
263	0.36231822
264	0.36306706
265	0.32326628
266	0.37353891
267	0.37999475
268	0.35772302
269	0.40086427
270	0.36863936
271	0.33977108
272	0.34286200
273	0.37919176
274	0.35789747
275	0.36527082
276	0.35583878
277	0.37523054
278	0.37656505
279	0.32153171
280	0.30843722
281	0.35744507
282	0.26770493
283	0.31928301
284	0.31831783
285	0.36655195
286	0.32159572
287	0.32541952
288	0.28941291
289	0.31327549
290	0.33671997
291	0.35508463
292	0.35350888
293	0.33930104
294	0.33257737
295	0.36514488
296	0.37661907
297	0.38409436
298	0.34987211
299	0.35485447
300	0.34419332
301	0.35878911
302	0.34014747
303	0.34982173
304	0.37477438
305	0.32903612
306	0.31271038
307	0.37382536
308	0.36069462
309	0.32852607
310	0.28928703
311	0.38050292
312	0.37501135
313	0.32783859
314	0.37579397
315	0.37753035
316	0.36168969
317	0.30892808
318	0.35769099
319	0.35424974
320	0.33754105
321	0.33238878
322	0.35509981
323	0.35661641
324	0.35420992
325	0.36436868
326	0.25544702
327	0.36031621
328	0.33869060
329	0.32702704
330	0.36647497
331	0.31982802
332	0.32598132
333	0.34621485
334	0.32962374
335	0.38892802
336	0.34006946
337	0.36708132
338	0.35442529
339	0.35195376
340	0.33317542
341	0.32522536
342	0.34203392
343	0.34357996
344	0.35536336
345	0.31422510
346	0.35835525
347	0.32588839
348	0.29568314
349	0.37530999
350	0.37112996
351	0.38026719
352	0.37481375
353	0.33498236
354	0.38661971
355	0.29327588
356	0.35747082
357	0.31319436
358	0.35286193
359	0.36181537
360	0.37772224
361	0.34026881
362	0.35406777
363	0.35193080
364	0.39440642
365	0.40505324
366	0.34123268
367	0.33915370
368	0.39234961
369	0.36464462
370	0.35241148
371	0.40171297
372	0.35297996
373	0.37384501
374	0.33143132
375	0.30878353
376	0.36477276
377	0.31068612
378	0.31823087
379	0.32031589
380	0.34324176
381	0.35508606
382	0.30477166
383	0.29716109
384	0.30486654
385	0.32479591
386	0.35054643
387	0.35402140
388	0.33677250
389	0.39665558
390	0.40694326
391	0.34376064
392	0.38161641
393	0.36775966
394	0.37292367
395	0.38625324
396	0.35247613
397	0.39516835
398	0.37201946
399	0.33248625
400	0.35092756
401	0.30108852
402	0.33489293
403	0.35265045
404	0.31832121
405	0.35188424
406	0.41757237
407	0.35259442
408	0.30614987
409	0.34703301
410	0.33867036
411	0.36192815
412	0.32127017
413	0.32265350
414	0.32084261
415	0.37662134
416	0.34434792
417	0.34600104
418	0.36069086
419	0.30619287
420	0.35118450
421	0.35133411
422	0.32602218
423	0.37138800
424	0.30750227
425	0.33408865
426	0.32592374
427	0.30604105
428	0.33560350
429	0.31461200
430	0.33980227
431	0.31783774
432	0.31296537
433	0.33094786
434	0.33535499
435	0.34059468
436	0.36198898
437	0.36229416
438	0.39325921
439	0.32219170
440	0.33853392
441	0.34568722
442	0.33721608
443	0.32640908
444	0.33497646
445	0.31550253
446	0.32486375
447	0.38094157
448	0.37455266
449	0.34872004
450	0.33219695
451	0.35913126
452	0.38870409
453	0.31748074
454	0.37862082
455	0.38361329
456	0.37256505
457	0.31716576
458	0.37228755
459	0.39564267
460	0.36619721
461	0.33577023
462	0.34601556
463	0.38258450
464	0.33662717
465	0.34943975
466	0.38159118
467	0.35021329
468	0.33168528
469	0.40396167
470	0.33164747
471	0.36735966
472	0.33650350
473	0.35374319
474	0.38203768
475	0.31956958
476	0.39076316
477	0.35381381
478	0.36621900
479	0.42459682
480	0.39039468
481	0.37215512
482	0.37023677
483	0.37124741
484	0.36293392
485	0.35172160
486	0.38590195
487	0.39681615
488	0.38633768
489	0.31869371
490	0.36082010
491	0.36559241
492	0.37835156
493	0.32744358
494	0.33466375
495	0.39951829
496	0.33720610
497	0.33083547
498	0.34849034
499	0.34649780
500	0.31806693
501	0.37188256
502	0.35634540
503	0.37347639
504	0.37949838
505	0.39778470
506	0.34291952
507	0.35669501
508	0.34019650
509	0.33998405
510	0.36180992
511	0.39194287
512	0.37496920
513	0.38695084
