0	0.27143424
1	0.25244290
2	0.28730539
3	0.27687935
4	0.27161936
5	0.26795793
6	0.25901109
7	0.24440585
8	0.27074617
9	0.28167107
10	0.26636651
11	0.29195467
12	0.28438732
13	0.25948481
14	0.26572718
15	0.23361139
16	0.27099613
17	0.28052058
18	0.27275475
19	0.29322468
20	0.26810805
21	0.26815467
22	0.26321967
23	0.24744153
24	0.26011139
25	0.28886522
26	0.28724047
27	0.27360957
28	0.29824875
29	0.29202999
30	0.30030395
31	0.27441230
32	0.28945285
33	0.28622194
34	0.29389909
35	0.25231800
36	0.27707836
37	0.25920182
38	0.29124753
39	0.28589301
40	0.27315178
41	0.27609689
42	0.26903128
43	0.32218079
44	0.30103516
45	0.25402764
46	0.31208891
47	0.30986029
48	0.28014594
49	0.28199780
50	0.26015216
51	0.28590289
52	0.22704647
53	0.26504639
54	0.25968876
55	0.26166128
56	0.23730577
57	0.26216993
58	0.26467874
59	0.27678056
60	0.28488208
61	0.28662483
62	0.25829970
63	0.27741708
64	0.30836515
65	0.31568557
66	0.27539172
67	0.29136727
68	0.27828891
69	0.29495216
70	0.26543804
71	0.29871169
72	0.32038375
73	0.31498231
74	0.27021458
75	0.28581154
76	0.28052194
77	0.25377350
78	0.29738823
79	0.27456188
80	0.24631314
81	0.26867904
82	0.26791967
83	0.28056576
84	0.26028732
85	0.26105831
86	0.26835482
87	0.27897168
88	0.25643242
89	0.28711314
90	0.29221997
91	0.27956431
92	0.30606796
93	0.23375178
94	0.29080061
95	0.29083197
96	0.27855110
97	0.26168724
98	0.27447107
99	0.27831390
100	0.25270395
101	0.27371390
102	0.27382620
103	0.28367001
104	0.27236241
105	0.29269180
106	0.26635657
107	0.29665156
108	0.29152665
109	0.28841579
110	0.32429241
111	0.29447912
112	0.28716948
113	0.25230562
114	0.29854039
115	0.24441412
116	0.25208185
117	0.25417828
118	0.26732156
119	0.26475862
120	0.25404784
121	0.27939628
122	0.26652627
123	0.27640273
124	0.24696970
125	0.25347593
126	0.27204214
127	0.28225011
128	0.25633614
129	0.27026743
130	0.29470858
131	0.27983166
132	0.27464495
133	0.27404146
134	0.28252316
135	0.26029605
136	0.23702020
137	0.27473364
138	0.26155125
139	0.24913910
140	0.26664996
141	0.26344305
142	0.28053166
143	0.27245444
144	0.30318125
145	0.29888390
146	0.28034389
147	0.31060129
148	0.24732954
149	0.29872445
150	0.30181944
151	0.31348838
152	0.29948580
153	0.31647236
154	0.31983721
155	0.28711541
156	0.25813979
157	0.28401541
158	0.26763842
159	0.27073797
160	0.29380235
161	0.27003872
162	0.28730737
163	0.29481762
164	0.29380334
165	0.26290197
166	0.28380205
167	0.26211010
168	0.28571792
169	0.26703888
170	0.29133797
171	0.27789241
172	0.27218140
173	0.26977472
174	0.27076416
175	0.27890721
176	0.24057752
177	0.26654692
178	0.25437601
179	0.22941845
180	0.25874450
181	0.29847183
182	0.24410387
183	0.27589127
184	0.27158436
185	0.26527342
186	0.28227312
187	0.27086583
188	0.30636651
189	0.27581716
190	0.25759119
191	0.28710213
192	0.27077130
193	0.26444784
194	0.27577578
195	0.29355748
196	0.29180220
197	0.28436333
198	0.29011731
199	0.27915664
200	0.29536682
201	0.29791845
202	0.27714260
203	0.27718664
204	0.28909909
205	0.25626143
206	0.26259081
207	0.29607715
208	0.26883326
209	0.28463462
210	0.27291222
211	0.29284746
212	0.27541951
213	0.28213045
214	0.29587593
215	0.26968405
216	0.26117517
217	0.25768481
218	0.27361222
219	0.25701481
220	0.26653538
221	0.27644169
222	0.25853409
223	0.25940820
224	0.27996955
225	0.25441784
226	0.25186697
227	0.22772225
228	0.24453584
229	0.26759856
230	0.25300554
231	0.26176181
232	0.24374799
233	0.25764389
234	0.27237365
235	0.27934518
236	0.26771853
237	0.29198831
238	0.22886606
239	0.24612984
240	0.26680433
241	0.25411382
242	0.25395308
243	0.25674518
244	0.22842255
245	0.25574723
246	0.25039263
247	0.23868026
248	0.25500797
249	0.27435847
250	0.23966819
251	0.25325421
252	0.26080759
253	0.27358405
254	0.27500326
255	0.25264882
256	0.29272483
257	0.31264252
258	0.27620008
259	0.28391822
260	0.27237616
261	0.27265733
262	0.27542384
263	0.31197821
264	0.29651276
265	0.25311010
266	0.30393394
267	0.28786355
268	0.27289408
269	0.30802073
270	0.27243926
271	0.31118292
272	0.28784009
273	0.27594966
274	0.28091329
275	0.28833508
276	0.27528322
277	0.28072468
278	0.27911314
279	0.23679370
280	0.30024556
281	0.27586310
282	0.27883903
283	0.26125482
284	0.25158246
285	0.24138853
286	0.27416112
287	0.25771602
288	0.28243607
289	0.26034662
290	0.27807866
291	0.27205049
292	0.30320873
293	0.23093888
294	0.30285983
295	0.27816932
296	0.24117069
297	0.28540835
298	0.28988853
299	0.23235611
300	0.25910699
301	0.24123022
302	0.25812058
303	0.27271169
304	0.26053052
305	0.22895885
306	0.20696902
307	0.24427661
308	0.23985543
309	0.23667752
310	0.26709476
311	0.26461511
312	0.24807502
313	0.25555991
314	0.30167889
315	0.24984730
316	0.25847251
317	0.22622415
318	0.30553812
319	0.29452111
320	0.25633561
321	0.26824973
322	0.26820919
323	0.29996545
324	0.28826993
325	0.26117677
326	0.27935140
327	0.28150995
328	0.27735247
329	0.27605247
330	0.26227441
331	0.26982377
332	0.30728162
333	0.28271253
334	0.30372483
335	0.28315049
336	0.28687646
337	0.33416173
338	0.30628489
339	0.26804396
340	0.30575072
341	0.30377798
342	0.30409142
343	0.29888292
344	0.30251541
345	0.31791200
346	0.29766735
347	0.27314852
348	0.28585786
349	0.27045649
350	0.29947046
351	0.28557054
352	0.25579947
353	0.25421443
354	0.27579400
355	0.25739468
356	0.26085778
357	0.25910463
358	0.30206750
359	0.31274617
360	0.28795270
361	0.24985642
362	0.27037084
363	0.25932088
364	0.26049833
365	0.28237517
366	0.27844108
367	0.27691853
368	0.27324070
369	0.28089992
370	0.26803842
371	0.24057122
372	0.26172035
373	0.26937790
374	0.27725763
375	0.26300638
376	0.24702377
377	0.27168497
378	0.25654928
379	0.26715687
380	0.24623424
381	0.25781390
382	0.25046492
383	0.23345945
384	0.26332999
385	0.27163713
386	0.25458702
387	0.25938405
388	0.22494867
389	0.26619727
390	0.24500911
391	0.25518049
392	0.26079339
393	0.25676272
394	0.26815178
395	0.27294032
396	0.23007950
397	0.25585368
398	0.27502118
399	0.29095642
400	0.31382331
401	0.30355133
402	0.27188375
403	0.30081314
404	0.29569552
405	0.30562673
406	0.29703705
407	0.28180623
408	0.26421838
409	0.27506500
410	0.29527661
411	0.26288899
412	0.29771739
413	0.25934867
414	0.27966120
415	0.27221078
416	0.29185915
417	0.27084761
418	0.28816279
419	0.27510137
420	0.26343424
421	0.28504267
422	0.27586166
423	0.24363994
424	0.28704525
425	0.25803554
426	0.27382331
427	0.25786894
428	0.24243030
429	0.28184541
430	0.26676409
431	0.25581298
432	0.29609066
433	0.25551678
434	0.25388633
435	0.27104670
436	0.26460569
437	0.30414981
438	0.28542673
