0	0.45668641
1	0.45659956
2	0.33353707
3	0.45623245
4	0.43229228
5	0.45633148
6	0.45642063
7	0.45678922
8	0.45653088
9	0.45533028
10	0.45640438
11	0.45690338
12	0.45673747
13	0.45700993
14	0.45665983
15	0.45185456
16	0.45674652
17	0.45676759
18	0.45455609
19	0.45561307
20	0.45447929
21	0.45683912
22	0.43395927
23	0.45587037
24	0.44338762
25	0.44110627
26	0.44650856
27	0.45670398
28	0.42831013
29	0.42029513
30	0.44456277
31	0.45526007
32	0.45390004
33	0.43281492
34	0.42353872
35	0.45351817
36	0.44352059
37	0.45591556
38	0.42621423
39	0.45574901
40	0.44982951
41	0.42509538
42	0.44379437
43	0.40568669
44	0.44312055
45	0.45561789
46	0.44160724
47	0.38861512
48	0.45238183
49	0.43886699
50	0.44117004
51	0.45001335
52	0.43893583
53	0.43508420
54	0.45356458
55	0.44038468
56	0.45474150
57	0.44074101
58	0.41996562
59	0.43130418
60	0.45328987
61	0.45573036
62	0.41519341
63	0.44045312
64	0.44620760
65	0.45369827
66	0.44930020
67	0.44643048
68	0.42945195
69	0.42551910
70	0.42524395
71	0.44414857
72	0.40063687
73	0.45176409
74	0.38030474
75	0.42823277
76	0.44893205
77	0.40916381
78	0.38566924
79	0.36498524
80	0.44682014
81	0.39628955
82	0.45686345
83	0.36962895
84	0.41192819
85	0.41281914
86	0.42625412
87	0.41011339
88	0.43550422
89	0.42968014
90	0.44397298
91	0.42019920
92	0.27746413
93	0.43360382
94	0.39658926
95	0.41184487
96	0.43730780
97	0.28637475
98	0.45238854
99	0.43821363
100	0.40815887
101	0.38137805
102	0.43762107
103	0.44796486
104	0.39290394
105	0.39043277
106	0.43514395
107	0.44888806
108	0.40731982
109	0.40953534
110	0.35205135
111	0.43668733
112	0.41235955
113	0.34390828
114	0.44100993
115	0.45138484
116	0.43920575
117	0.41143949
118	0.37363591
119	0.40595585
120	0.37741066
121	0.44567157
122	0.41757193
123	0.31726253
124	0.40785030
125	0.43166389
126	0.43012682
127	0.44145730
128	0.37922799
129	0.43981210
130	0.30959051
131	0.41075376
132	0.38440993
133	0.33108476
134	0.40240273
135	0.41557193
136	0.42288866
137	0.37997061
138	0.43547350
139	0.37711741
140	0.42081114
141	0.45030623
142	0.38952742
143	0.43094359
144	0.40385111
145	0.32621142
146	0.41703104
147	0.29471062
148	0.41232063
149	0.40081226
150	0.34739795
151	0.40175625
152	0.42780921
153	0.37808593
154	0.35773193
155	0.40876240
156	0.35662573
157	0.43171351
158	0.27716538
159	0.40421138
160	0.44042734
161	0.42255082
162	0.37410414
163	0.37019027
164	0.35286767
165	0.31196494
166	0.38653345
167	0.38464290
168	0.29203550
169	0.30857181
170	0.36743848
171	0.39566184
172	0.44146811
173	0.32919051
174	0.30369015
175	0.34671383
176	0.41576216
177	0.41508480
178	0.40626224
179	0.41533611
180	0.38803844
181	0.25562839
182	0.32135521
183	0.38877077
184	0.32962135
185	0.38860121
186	0.42726228
187	0.42107776
188	0.39935674
189	0.34533623
190	0.36624536
191	0.37169630
192	0.41974427
193	0.41851017
194	0.37874684
195	0.41103639
196	0.39379944
197	0.33210977
198	0.28866976
199	0.34952815
200	0.33792967
201	0.36000113
202	0.21692549
203	0.42838368
204	0.30058207
205	0.33068078
206	0.38653016
207	0.34451259
208	0.37133269
209	0.34943341
210	0.38036289
211	0.37747089
212	0.40394419
213	0.40236144
214	0.33694113
215	0.36641709
216	0.41644097
217	0.29329461
218	0.37297254
219	0.30973542
220	0.35797012
221	0.42160322
222	0.24140430
223	0.39774202
224	0.40027298
225	0.29410080
226	0.35454093
227	0.41668114
228	0.33826924
229	0.37878211
230	0.31526815
231	0.32289453
232	0.28664793
233	0.29719767
234	0.38141210
235	0.32802903
236	0.41088191
237	0.25702883
238	0.43052155
239	0.27862489
240	0.37304777
241	0.42527125
242	0.35608528
243	0.40622549
244	0.32197873
245	0.32973152
246	0.41241970
247	0.35008392
248	0.34958609
249	0.26986562
250	0.37006309
251	0.31680088
252	0.37985416
253	0.38109224
254	0.33649727
255	0.36818299
256	0.37455255
257	0.31110092
258	0.26266289
259	0.36245022
260	0.40063140
261	0.33103687
262	0.37448870
263	0.32571689
264	0.39583599
265	0.38574749
266	0.40183325
267	0.27378014
268	0.27926474
269	0.34501319
270	0.42525818
271	0.28868126
272	0.32861733
273	0.29572099
274	0.32300515
275	0.34502714
276	0.31268291
277	0.35520692
278	0.34267760
279	0.36561246
280	0.34546446
281	0.35172485
282	0.34351319
283	0.36038963
284	0.40870768
285	0.35558404
286	0.27402791
287	0.25934515
288	0.42537732
289	0.33625239
290	0.37877037
291	0.37041733
292	0.36782445
293	0.34901564
294	0.41783961
295	0.27620897
296	0.30588605
297	0.37204129
298	0.33347041
299	0.35742831
300	0.39732670
301	0.39549843
302	0.27048717
303	0.30641705
304	0.32408914
305	0.38561255
306	0.33761283
307	0.32759598
308	0.35518878
309	0.24332284
310	0.38761878
311	0.39685786
312	0.34646578
313	0.33228782
314	0.36848215
315	0.35310503
316	0.35767246
317	0.25709751
318	0.37694009
319	0.37373900
320	0.39846305
321	0.36271492
322	0.26119787
323	0.34511737
324	0.34455259
325	0.38340732
326	0.37226815
327	0.24399690
328	0.32432923
329	0.29844150
330	0.22607370
331	0.35916043
332	0.34014097
333	0.30904958
334	0.24445316
335	0.34561524
336	0.33906586
337	0.35151616
338	0.27906759
339	0.35390889
340	0.36164487
341	0.26018251
342	0.39590575
343	0.25756542
344	0.33879835
345	0.34546156
346	0.30672035
347	0.28713378
348	0.33189469
349	0.39396204
350	0.34809582
351	0.31710736
352	0.30584041
353	0.29068295
354	0.31858540
355	0.38390257
356	0.38460583
357	0.28796486
358	0.26959373
359	0.32771749
360	0.42040989
361	0.32490125
362	0.32825955
363	0.40247640
364	0.31265014
365	0.34901283
366	0.40966188
367	0.40085147
368	0.32468476
369	0.28157905
370	0.29641657
371	0.30703896
372	0.31983550
373	0.32976281
374	0.28622292
375	0.33207583
376	0.35517897
377	0.29730004
378	0.29963430
379	0.41265452
380	0.26395798
381	0.34049240
382	0.39562429
383	0.35150507
384	0.34177370
385	0.32116582
386	0.35152927
387	0.32391745
388	0.30104897
389	0.32809284
390	0.26779208
391	0.32381166
392	0.39988951
393	0.24729433
394	0.26493563
395	0.33360092
396	0.28489912
397	0.23291190
398	0.26709300
399	0.32087173
400	0.34928798
401	0.33246815
402	0.28234974
403	0.24837382
404	0.41721669
405	0.30913233
406	0.41087648
407	0.34032485
408	0.29201773
409	0.40174958
410	0.31865585
411	0.38382593
412	0.33544258
413	0.36079710
414	0.36757407
415	0.37848323
416	0.28267776
417	0.36217467
418	0.32549075
419	0.27229168
420	0.24311789
421	0.29324825
422	0.28049646
423	0.33046196
424	0.29217081
425	0.31793627
426	0.30944423
427	0.33612103
428	0.35851781
429	0.37361725
430	0.29944005
431	0.28955609
432	0.32153671
433	0.36011685
434	0.39299566
435	0.30683864
436	0.35815392
437	0.34149176
438	0.30964962
439	0.23706397
440	0.30762063
441	0.33684733
442	0.36696474
443	0.34879682
444	0.32533378
445	0.25474230
446	0.31438094
447	0.36792774
448	0.31453498
449	0.27314435
450	0.31312988
451	0.34496192
452	0.29215312
453	0.29150901
454	0.28344037
455	0.27030446
456	0.23465107
457	0.34756124
458	0.30012207
459	0.26855356
460	0.37367081
461	0.29353068
462	0.28100676
463	0.30735854
464	0.29016232
465	0.37376357
466	0.26018368
467	0.34122296
468	0.33092216
469	0.29585296
470	0.30990466
471	0.33885987
472	0.33337696
473	0.25094166
474	0.36613096
475	0.27964314
476	0.36567302
477	0.33523201
478	0.25360406
479	0.31251858
480	0.37390245
481	0.33732119
482	0.32505392
483	0.21140362
484	0.26853900
485	0.23895858
486	0.32572778
487	0.31191037
488	0.31900028
489	0.23579164
490	0.36136345
491	0.34256791
492	0.23159566
493	0.29011773
494	0.26542481
495	0.32074190
496	0.26374761
497	0.32260491
498	0.31540422
499	0.33169558
500	0.24952831
501	0.25964853
502	0.34282405
503	0.30029409
504	0.33370466
505	0.30325959
506	0.29769988
507	0.23217612
508	0.24943904
509	0.29943747
510	0.24869670
511	0.28089522
512	0.25270177
513	0.31257961
514	0.27755207
515	0.27707073
516	0.24284777
517	0.27021086
518	0.28227825
519	0.23824584
520	0.26282593
521	0.28015879
522	0.24101190
523	0.38252115
524	0.36901263
525	0.34186462
526	0.31106047
527	0.26345038
528	0.27261480
529	0.32312111
530	0.31679859
531	0.25831464
532	0.25583289
533	0.27855227
534	0.36110744
535	0.27958597
536	0.33548179
537	0.27075464
538	0.29641805
539	0.35644664
540	0.35251371
541	0.28898150
542	0.19762899
543	0.29945356
544	0.34653997
545	0.37228154
546	0.30462288
547	0.31622666
548	0.28416988
549	0.23329815
550	0.29910285
551	0.28201721
552	0.35165593
553	0.27837141
554	0.18900382
555	0.24021878
556	0.35517029
557	0.30449099
558	0.30494455
559	0.22292207
560	0.33027877
561	0.25243953
562	0.23989513
563	0.25451938
564	0.32461749
565	0.30903615
566	0.22089276
567	0.21727897
568	0.29281074
569	0.26662871
570	0.26691749
571	0.32891359
572	0.28760965
573	0.21574061
574	0.30648721
575	0.29440145
576	0.24785187
577	0.38236655
578	0.31874246
579	0.33326377
580	0.27920575
581	0.32895183
582	0.23339272
583	0.30879546
584	0.24981319
585	0.19581825
586	0.25840076
587	0.34726140
588	0.23320768
589	0.29352296
590	0.33765392
591	0.25132762
592	0.28457209
593	0.30928444
594	0.31476381
595	0.27173144
596	0.29486968
597	0.29898963
598	0.23759787
599	0.23537394
600	0.28611785
601	0.28301174
602	0.27611584
603	0.32310720
604	0.31240422
605	0.24175895
606	0.26586293
607	0.33859763
608	0.23592879
609	0.34723068
610	0.37022770
611	0.26501448
612	0.21738890
613	0.26767575
614	0.28366598
615	0.28367423
616	0.27712087
617	0.30071592
618	0.28703892
619	0.29115867
620	0.28525034
621	0.36963454
622	0.27170229
623	0.35176984
624	0.27037250
625	0.35774604
626	0.21912372
627	0.27395111
628	0.27862332
629	0.32453430
630	0.27142135
631	0.22600105
632	0.25204588
633	0.32845030
634	0.35216578
635	0.28317656
636	0.28825750
637	0.27155259
638	0.28358774
639	0.24555649
640	0.23405826
641	0.30822199
642	0.24557250
643	0.33265661
644	0.24453908
645	0.30942324
646	0.27036023
647	0.25699184
648	0.22011166
649	0.34433985
650	0.26028565
651	0.28337829
652	0.29752718
653	0.35948983
654	0.22657045
655	0.31244326
656	0.23375332
657	0.32904367
658	0.33651922
659	0.29867169
660	0.29549920
661	0.26567214
662	0.25565493
663	0.26890181
664	0.22177302
665	0.27763349
666	0.27175633
667	0.30350507
668	0.22374113
669	0.22923297
670	0.28982758
671	0.35026425
672	0.27547250
673	0.30291444
674	0.20262312
675	0.23902183
676	0.29070161
677	0.34708766
678	0.31464556
679	0.34114435
680	0.32057346
681	0.39862895
682	0.24093116
683	0.24812352
684	0.28434310
685	0.23410233
686	0.27277612
687	0.25012851
688	0.25575963
689	0.28210378
690	0.27744624
691	0.22475943
692	0.25886035
693	0.26811319
694	0.25657861
695	0.26542417
696	0.29875682
697	0.28266317
698	0.25437801
699	0.28701500
700	0.29957829
701	0.33579702
702	0.19838922
703	0.27916976
704	0.27876494
705	0.31892187
706	0.31437744
707	0.28974222
708	0.28180559
709	0.32187744
710	0.30687246
711	0.30958126
712	0.33474053
713	0.26209550
714	0.27973647
715	0.23790740
716	0.28913514
717	0.27608774
718	0.31217857
719	0.30886128
720	0.26141484
721	0.26835078
722	0.26486791
723	0.30427081
724	0.25267752
725	0.30659799
726	0.29610302
727	0.26700032
728	0.28847097
729	0.27735066
730	0.29389739
731	0.28704620
732	0.24382702
733	0.22327423
734	0.31142971
735	0.27169421
736	0.26813928
737	0.23896401
738	0.29338810
739	0.17555223
740	0.25840784
741	0.26542827
742	0.26069622
743	0.23605147
744	0.22568038
745	0.32137885
746	0.28773225
747	0.29461267
748	0.29211242
749	0.18819465
750	0.24149457
751	0.25431870
752	0.25557069
753	0.31628709
754	0.31933136
755	0.27869111
756	0.19004628
757	0.31694620
758	0.24714696
759	0.31356429
760	0.29537728
761	0.34230748
762	0.28221504
763	0.33651886
764	0.30143538
765	0.32841717
766	0.30183743
767	0.32915959
768	0.20935143
769	0.31791070
770	0.19337471
771	0.30485275
772	0.32425448
773	0.24404592
774	0.27640808
775	0.23157302
776	0.31107487
777	0.25140953
778	0.29751041
779	0.26566952
780	0.27261383
781	0.22692843
782	0.22726015
783	0.25441488
784	0.25920265
785	0.26808223
786	0.26426735
787	0.28034290
788	0.28811102
789	0.26279140
790	0.25441480
791	0.32386361
792	0.23050193
793	0.28586940
794	0.27812288
795	0.28845187
796	0.23800957
797	0.25183651
798	0.20411761
799	0.35540804
800	0.29331074
801	0.21615830
802	0.21437994
803	0.29219087
804	0.33573490
805	0.22558492
806	0.26242051
807	0.26820036
808	0.29251520
809	0.26107660
810	0.25899176
811	0.25693156
812	0.22598902
813	0.26247390
814	0.21158086
815	0.33105858
816	0.25360028
817	0.28829980
818	0.26524632
819	0.27423824
820	0.23759835
821	0.23143900
822	0.26795569
823	0.28954053
824	0.28290692
825	0.29184262
826	0.24537965
827	0.26936675
828	0.28184391
829	0.32152143
830	0.24337780
831	0.26814109
832	0.24038701
833	0.22294411
834	0.20366920
835	0.26898512
836	0.28924704
837	0.23670129
838	0.30746639
839	0.26052891
840	0.27324455
841	0.25096341
842	0.21598170
843	0.22769441
844	0.21655573
845	0.26369385
846	0.26352670
847	0.22002666
848	0.24982638
849	0.24399590
850	0.27797085
851	0.23356486
852	0.23137628
853	0.25502167
854	0.32521870
855	0.26850627
856	0.27519819
857	0.31015537
858	0.25578577
859	0.29762260
860	0.29329111
861	0.20093711
862	0.26156655
863	0.27058215
864	0.27942992
865	0.24940193
866	0.22926815
867	0.24423128
868	0.25405287
869	0.28346832
870	0.23879538
871	0.24780261
872	0.25157025
873	0.26050684
874	0.22251468
875	0.25109461
876	0.26011673
877	0.21182963
878	0.21560113
879	0.18831600
880	0.25198975
881	0.28809803
882	0.22003768
883	0.25107728
884	0.24964467
885	0.26514322
886	0.24849843
887	0.26171950
888	0.25048713
889	0.27162260
890	0.25906019
891	0.24388758
892	0.25870716
893	0.26456711
894	0.32331444
895	0.24777057
896	0.27044214
897	0.29781516
898	0.26002191
899	0.30815722
900	0.24351162
901	0.26723116
902	0.26562123
903	0.25997463
904	0.20950961
905	0.26957025
906	0.26296852
907	0.25865312
908	0.26178444
909	0.27685545
910	0.27498709
911	0.25404845
912	0.26835243
913	0.22897069
914	0.24764532
915	0.28956349
916	0.29518114
917	0.23951255
918	0.29933201
919	0.26949678
920	0.27937559
921	0.30034419
922	0.21764845
923	0.24829329
924	0.22202505
925	0.16912256
926	0.28253627
927	0.29097419
928	0.28364680
929	0.25188175
930	0.26490651
931	0.29245738
932	0.22247274
933	0.24308464
934	0.22317917
935	0.31391576
936	0.23302300
937	0.27856663
938	0.30305283
939	0.16548870
940	0.18880169
941	0.26285259
942	0.17811496
943	0.22106908
944	0.22597620
945	0.24108790
946	0.27836216
947	0.31153583
948	0.24448191
949	0.28014520
950	0.26590567
951	0.30331383
952	0.25397994
953	0.25422175
954	0.35739156
955	0.22544849
956	0.24241363
957	0.25689932
958	0.18419686
959	0.22347045
960	0.24431021
961	0.27062191
962	0.24947897
963	0.31148388
964	0.26876425
965	0.24886454
966	0.23839168
967	0.27519956
968	0.20731411
969	0.24500386
970	0.28555979
971	0.20523024
972	0.25733800
973	0.28829598
974	0.26581950
975	0.19357849
976	0.24468122
977	0.22511701
978	0.23906554
979	0.24584359
980	0.22260221
981	0.24917021
982	0.21778886
983	0.27457837
984	0.23418758
985	0.26670599
986	0.23057021
987	0.22914576
988	0.26151922
989	0.22206325
990	0.19148745
991	0.19731862
992	0.23252646
993	0.23649373
994	0.23543940
995	0.19473546
996	0.25560446
997	0.26196542
998	0.22688951
999	0.22594170
1000	0.23521753
1001	0.24904801
1002	0.25832111
1003	0.24253116
1004	0.24026972
1005	0.27932895
1006	0.28089590
1007	0.25489992
1008	0.26535810
1009	0.21223482
1010	0.22253052
1011	0.19006719
1012	0.23192875
1013	0.27359260
1014	0.25422855
1015	0.20509952
1016	0.27777817
1017	0.23252344
1018	0.24112111
1019	0.22439630
1020	0.21063281
1021	0.27869903
1022	0.24775340
1023	0.22095822
1024	0.22083840
1025	0.31068038
1026	0.32381025
1027	0.24012501
1028	0.25904162
1029	0.19394383
1030	0.24034214
1031	0.25356848
1032	0.20505585
1033	0.25503816
1034	0.25795971
1035	0.29447234
1036	0.28907547
1037	0.21342216
1038	0.29326936
1039	0.23769799
1040	0.26924713
1041	0.26086996
1042	0.27318384
1043	0.19872240
1044	0.26866526
1045	0.25871005
1046	0.21286244
1047	0.26446948
1048	0.27207672
1049	0.25232634
1050	0.24515891
1051	0.32272996
1052	0.24550696
1053	0.18908368
1054	0.22713723
1055	0.21005690
1056	0.28962405
1057	0.28668745
1058	0.20622602
1059	0.28803321
1060	0.30419984
1061	0.27915058
1062	0.22050209
1063	0.28932256
1064	0.21304467
1065	0.27176357
1066	0.22549867
1067	0.21393217
1068	0.22578251
1069	0.18221078
1070	0.25660860
1071	0.31050487
1072	0.23859968
1073	0.21816996
1074	0.28076562
1075	0.22026960
1076	0.25090269
1077	0.24043144
1078	0.26539759
1079	0.25964121
1080	0.23025489
1081	0.23824958
1082	0.26184001
1083	0.18850253
1084	0.31716562
1085	0.24576413
1086	0.20744290
1087	0.27259059
1088	0.21111858
1089	0.19215428
1090	0.20201882
1091	0.21339807
1092	0.21476462
1093	0.27026466
1094	0.23712923
1095	0.21772035
1096	0.25627141
1097	0.26819144
1098	0.23574970
1099	0.29612352
1100	0.24898975
1101	0.25443241
1102	0.21123205
1103	0.23155038
1104	0.24094154
1105	0.22282927
1106	0.25066602
1107	0.29171524
1108	0.22562449
1109	0.23603928
1110	0.18031452
1111	0.26208951
1112	0.27314041
1113	0.25986968
1114	0.19236329
1115	0.22984270
1116	0.20889903
1117	0.29377571
1118	0.26617105
1119	0.20127173
1120	0.26188094
1121	0.28937346
1122	0.21559723
1123	0.21998223
1124	0.22117004
1125	0.26976912
1126	0.22597732
1127	0.29654246
1128	0.27906651
1129	0.24493768
1130	0.21607085
1131	0.19700004
1132	0.25851283
1133	0.28507612
1134	0.24704572
1135	0.20116281
1136	0.26997688
1137	0.24698215
1138	0.22157583
1139	0.20108802
1140	0.21763028
1141	0.25630177
1142	0.27995183
1143	0.28495034
1144	0.27413168
1145	0.21433060
1146	0.29399453
1147	0.29083820
1148	0.23120977
1149	0.30130092
1150	0.33525537
1151	0.29036458
1152	0.23319035
1153	0.25255911
1154	0.23847185
1155	0.25754411
1156	0.24254471
1157	0.21313438
1158	0.19163040
1159	0.28262807
1160	0.21782923
1161	0.25574942
1162	0.22869562
1163	0.24347559
1164	0.33792457
1165	0.27401890
1166	0.24473522
1167	0.26276872
1168	0.17375858
1169	0.26467463
1170	0.23703486
1171	0.23307049
1172	0.27781817
1173	0.19512899
1174	0.22152799
1175	0.27581287
1176	0.27921532
1177	0.24571271
1178	0.22558319
1179	0.20693502
1180	0.24797559
1181	0.20018552
1182	0.24458561
1183	0.19726180
1184	0.20112863
1185	0.24270655
1186	0.23567797
1187	0.24347483
1188	0.23255629
1189	0.23446253
1190	0.23340881
1191	0.19585822
1192	0.24974616
1193	0.25813715
1194	0.21380306
1195	0.22191556
1196	0.29072489
1197	0.27143719
1198	0.26026566
1199	0.21656128
1200	0.28348512
1201	0.22589477
1202	0.35531958
1203	0.21142955
1204	0.22834692
1205	0.25295919
1206	0.24153522
1207	0.22407173
1208	0.22897145
1209	0.18470382
1210	0.20480909
1211	0.26847708
1212	0.31874113
1213	0.20632979
1214	0.23393989
1215	0.23661600
1216	0.19569333
1217	0.25672706
1218	0.26531500
1219	0.25673000
1220	0.23883357
1221	0.21879710
1222	0.23840125
1223	0.26662352
1224	0.24782103
1225	0.25258898
1226	0.21853337
1227	0.17663603
1228	0.25964761
1229	0.21234616
1230	0.22251359
1231	0.23705143
1232	0.21319747
1233	0.19744435
1234	0.23878512
1235	0.22077998
1236	0.26058323
1237	0.23147419
1238	0.23891419
1239	0.18934564
1240	0.25983587
1241	0.22208589
1242	0.25612151
1243	0.24923699
1244	0.18600676
1245	0.25419948
1246	0.27160261
1247	0.24882658
1248	0.26883719
1249	0.29664359
1250	0.21409715
1251	0.16306035
1252	0.27202384
1253	0.20591685
1254	0.29690639
1255	0.20748802
1256	0.20530680
1257	0.25271315
1258	0.27124801
1259	0.29090692
1260	0.22457085
1261	0.23607153
1262	0.23160478
1263	0.21030788
1264	0.26828388
1265	0.18140410
1266	0.18328400
1267	0.21788548
1268	0.24052859
1269	0.20727274
1270	0.24465135
1271	0.25625304
1272	0.22289119
1273	0.22559473
1274	0.27240953
1275	0.21881721
1276	0.17627021
1277	0.22313233
1278	0.22501584
1279	0.19085895
1280	0.21063916
1281	0.24879212
1282	0.23274761
1283	0.23316715
1284	0.22962859
1285	0.20928158
1286	0.21451472
1287	0.20929928
1288	0.21651637
1289	0.19892915
1290	0.20578778
1291	0.21909594
1292	0.29077640
1293	0.23621431
1294	0.25113458
1295	0.25200370
1296	0.21142722
1297	0.25933084
1298	0.23833969
1299	0.24743281
1300	0.21052831
1301	0.22827833
1302	0.19613965
1303	0.28386606
1304	0.26145879
1305	0.20218030
1306	0.22772264
1307	0.20681552
1308	0.21477451
1309	0.22688368
1310	0.20959421
1311	0.26541480
1312	0.28069055
1313	0.28380201
1314	0.18817869
1315	0.22355955
1316	0.25771568
1317	0.23536799
1318	0.20973908
1319	0.21046100
1320	0.20077439
1321	0.23335529
1322	0.22668713
1323	0.21159180
1324	0.20095460
1325	0.18164250
1326	0.18564729
1327	0.23770688
1328	0.20637121
1329	0.29268380
1330	0.20872014
1331	0.24378729
1332	0.21268158
1333	0.26563852
1334	0.21994918
1335	0.22070643
1336	0.20318227
1337	0.21331086
1338	0.23607913
1339	0.21813309
1340	0.20824507
1341	0.28354194
1342	0.23707370
1343	0.21472211
1344	0.25694206
1345	0.30308633
1346	0.19394676
1347	0.22704499
1348	0.23353703
1349	0.24780225
1350	0.24138307
1351	0.32688890
1352	0.23699111
1353	0.28744837
1354	0.19977539
1355	0.19232726
1356	0.19658826
1357	0.27376108
1358	0.23436100
1359	0.20595738
1360	0.25105026
1361	0.21289690
1362	0.22966349
1363	0.22155404
1364	0.23280390
1365	0.20135135
1366	0.18266112
1367	0.22827547
1368	0.23079650
1369	0.24175074
1370	0.19047511
1371	0.22696446
1372	0.23406803
1373	0.24401242
1374	0.21164483
1375	0.19039497
1376	0.25414423
1377	0.23546514
1378	0.23468854
1379	0.26730864
1380	0.20936936
1381	0.18731588
1382	0.18093731
1383	0.27857503
1384	0.21954049
1385	0.18305770
1386	0.27470048
1387	0.23123056
1388	0.17845762
1389	0.20073366
1390	0.24303189
1391	0.22289216
1392	0.18904347
1393	0.21947415
1394	0.20075034
1395	0.20732304
1396	0.20628641
1397	0.15860671
1398	0.26046542
1399	0.23957990
1400	0.19361882
1401	0.22882638
1402	0.21659723
1403	0.22397129
1404	0.21460161
1405	0.20582545
1406	0.23339160
1407	0.25807021
1408	0.25755002
1409	0.19963928
1410	0.21276655
1411	0.17921544
1412	0.23332187
1413	0.22055340
1414	0.21590302
1415	0.26338368
1416	0.23536425
1417	0.20269903
1418	0.18033249
1419	0.19755054
1420	0.18779067
1421	0.20556192
1422	0.19096828
1423	0.22315368
1424	0.27717957
1425	0.19638959
1426	0.23155609
1427	0.21437117
1428	0.24268199
1429	0.25133844
1430	0.25437149
1431	0.22744708
1432	0.24759240
1433	0.20615247
1434	0.24396486
1435	0.19940366
1436	0.23937503
1437	0.19145730
1438	0.18610105
1439	0.23195891
1440	0.23710977
1441	0.21047382
1442	0.23222907
1443	0.23051367
1444	0.19900358
1445	0.24630052
1446	0.25312433
1447	0.23756836
1448	0.19242489
1449	0.22898146
1450	0.25639349
1451	0.22173257
1452	0.16596180
1453	0.23873108
1454	0.23179759
1455	0.25407724
1456	0.17225850
1457	0.25202642
1458	0.22769204
1459	0.20487089
1460	0.20066912
1461	0.18681966
1462	0.25867772
1463	0.19761311
1464	0.17563020
1465	0.20251612
1466	0.18269136
1467	0.21964624
1468	0.25142517
1469	0.19222364
1470	0.22862328
1471	0.22359063
1472	0.25457608
1473	0.19921580
1474	0.20481749
1475	0.24326080
1476	0.24841383
1477	0.24938295
1478	0.21904962
1479	0.29377298
1480	0.21512738
1481	0.20196454
1482	0.21554893
1483	0.20137575
1484	0.21043663
1485	0.21503743
1486	0.26057310
1487	0.21906003
1488	0.22804005
1489	0.22160285
1490	0.22720350
1491	0.22832236
1492	0.18251825
1493	0.22607672
1494	0.26327057
1495	0.24623575
1496	0.21879127
1497	0.20467475
1498	0.20939546
1499	0.18372477
1500	0.21763092
1501	0.24831970
1502	0.25071821
1503	0.22336787
1504	0.24304552
1505	0.19599425
1506	0.21135875
1507	0.20500563
1508	0.20698199
1509	0.25962441
1510	0.25374351
1511	0.15243209
1512	0.28859481
1513	0.20301874
1514	0.21016417
1515	0.24177688
1516	0.26236570
1517	0.25812469
1518	0.20934109
1519	0.23340454
1520	0.21577045
1521	0.19482437
1522	0.18614097
1523	0.16678384
1524	0.20666369
1525	0.21580076
1526	0.18237784
1527	0.20688995
1528	0.21260330
1529	0.21790462
1530	0.23306518
1531	0.23150217
1532	0.28801769
1533	0.21425633
1534	0.24856647
1535	0.21812674
1536	0.18260354
1537	0.21269123
1538	0.21848637
1539	0.24875151
1540	0.22560748
1541	0.17823639
1542	0.22059296
1543	0.19843438
1544	0.23880901
1545	0.20202489
1546	0.20077218
1547	0.20033985
1548	0.25603591
1549	0.20787676
1550	0.21494061
1551	0.23991689
1552	0.26089268
1553	0.21733546
1554	0.19790358
1555	0.17059646
1556	0.20742791
1557	0.21182654
1558	0.25595649
1559	0.18947358
1560	0.29018995
1561	0.20220523
1562	0.18261218
1563	0.19698508
1564	0.20933936
1565	0.29334572
1566	0.22532292
1567	0.18614182
1568	0.22428311
1569	0.22944033
1570	0.20646257
1571	0.18839469
1572	0.19531343
1573	0.25947587
1574	0.24995537
1575	0.24986795
1576	0.27862782
1577	0.21146663
1578	0.20538601
1579	0.19491001
1580	0.21993329
1581	0.23257901
1582	0.17839522
1583	0.22433912
1584	0.20746988
1585	0.20966888
1586	0.28437394
1587	0.23587917
1588	0.22398786
1589	0.17107254
1590	0.32113868
1591	0.22623148
1592	0.23434604
1593	0.30040836
1594	0.19528717
1595	0.21748794
1596	0.16212686
1597	0.23400285
1598	0.23916848
1599	0.20618050
1600	0.19613768
1601	0.21487089
1602	0.17860342
1603	0.22440965
1604	0.23504885
1605	0.18338673
1606	0.17870217
1607	0.23792211
1608	0.20919855
1609	0.20809546
1610	0.22684154
1611	0.25008979
1612	0.17138211
1613	0.18415842
1614	0.21195750
1615	0.20204037
1616	0.20856466
1617	0.18202211
1618	0.18335436
1619	0.19178018
1620	0.20717089
1621	0.21507998
1622	0.21768922
1623	0.18487390
1624	0.20619944
1625	0.27404608
1626	0.19148472
1627	0.18081444
1628	0.23595412
1629	0.22960121
1630	0.21375802
1631	0.27640338
1632	0.20576482
1633	0.20265690
1634	0.20592304
1635	0.20204467
1636	0.22272493
1637	0.22851568
1638	0.19069875
1639	0.22757069
1640	0.23169067
1641	0.22255412
1642	0.19564717
1643	0.23056699
1644	0.24519811
1645	0.19097660
1646	0.21640941
1647	0.25263639
1648	0.14581914
1649	0.25891986
1650	0.18114097
1651	0.25600298
1652	0.17729449
1653	0.24134121
1654	0.20791797
1655	0.21780491
1656	0.16159304
1657	0.17208460
1658	0.20518870
1659	0.22258866
1660	0.22170712
1661	0.21668187
1662	0.24565460
1663	0.20639023
1664	0.20242799
1665	0.25391456
1666	0.21085521
1667	0.24214861
1668	0.19271592
1669	0.22879727
1670	0.20728488
1671	0.17645022
1672	0.26486960
1673	0.17486578
1674	0.21420161
1675	0.24656084
1676	0.14034785
1677	0.17656900
1678	0.16337298
1679	0.18344926
1680	0.16906437
1681	0.20512376
1682	0.19535227
1683	0.22505738
1684	0.21065597
1685	0.22599895
1686	0.21101134
1687	0.16923663
1688	0.22835247
1689	0.19863691
1690	0.18077676
1691	0.17558536
1692	0.19651954
1693	0.24039670
1694	0.18204411
1695	0.20673711
1696	0.22483012
1697	0.24054222
1698	0.25349111
1699	0.23809686
1700	0.20858693
1701	0.24093313
1702	0.24095947
1703	0.19573965
1704	0.18131194
1705	0.22717869
1706	0.19032175
1707	0.18147278
1708	0.20352529
1709	0.19911106
1710	0.22295312
1711	0.16628022
1712	0.24038311
1713	0.19612388
1714	0.21465541
1715	0.21876373
1716	0.22898766
1717	0.19313257
1718	0.19360185
1719	0.22825822
1720	0.19921033
1721	0.21748070
1722	0.20451930
1723	0.20476196
1724	0.20900503
1725	0.22512211
1726	0.18285637
1727	0.17144077
1728	0.26028786
1729	0.20358436
1730	0.20158062
1731	0.22290800
1732	0.23416856
1733	0.25349441
1734	0.15408098
1735	0.19477302
1736	0.19623293
1737	0.21475875
1738	0.20389172
1739	0.19614415
1740	0.20683044
1741	0.18885239
1742	0.20116743
1743	0.19389932
1744	0.20604717
1745	0.20005730
1746	0.26315372
1747	0.24561194
1748	0.20876526
1749	0.23692549
1750	0.19635883
1751	0.20472549
1752	0.23959445
1753	0.19157145
1754	0.21422754
1755	0.18555030
1756	0.23628709
1757	0.23815995
1758	0.18138219
1759	0.23644347
1760	0.19326634
1761	0.19807982
1762	0.20836506
1763	0.16095191
1764	0.21498778
1765	0.21942734
1766	0.23138971
1767	0.19971214
1768	0.18233450
1769	0.21346007
1770	0.16676148
1771	0.18312155
1772	0.22135014
1773	0.21265589
1774	0.23516136
1775	0.21992216
1776	0.20657065
1777	0.21202791
1778	0.21684636
1779	0.22511544
1780	0.22435786
1781	0.20028713
1782	0.19961797
1783	0.22151395
1784	0.27742453
1785	0.21309059
1786	0.26023140
1787	0.18786836
1788	0.19232372
1789	0.19640688
1790	0.17074600
1791	0.24157467
1792	0.17057382
1793	0.20148291
1794	0.22054314
1795	0.21445517
1796	0.23277965
1797	0.19347559
1798	0.20537435
1799	0.21698894
1800	0.19234471
1801	0.21224238
1802	0.15554725
1803	0.16108967
1804	0.21708002
1805	0.22041435
1806	0.18615235
1807	0.21237016
1808	0.24606433
1809	0.24426043
1810	0.22069594
1811	0.23244797
1812	0.24055139
1813	0.22225846
1814	0.19693112
1815	0.22324737
1816	0.21970036
1817	0.24675513
1818	0.19322332
1819	0.22320141
1820	0.20359578
1821	0.23264922
1822	0.17620619
1823	0.23791210
1824	0.18387358
1825	0.22828745
1826	0.22695292
1827	0.24707322
1828	0.18374258
1829	0.21630692
1830	0.20508452
1831	0.20816715
1832	0.19149743
1833	0.23454146
1834	0.24939658
1835	0.19240105
1836	0.20030740
1837	0.23070257
1838	0.28607809
1839	0.14098528
1840	0.23336349
1841	0.19121785
1842	0.21079441
1843	0.20356795
1844	0.22611604
1845	0.19361657
1846	0.19606920
1847	0.19663168
1848	0.26086546
1849	0.16089019
1850	0.19044515
1851	0.21116345
1852	0.17511801
1853	0.21654676
1854	0.20868685
1855	0.24550937
1856	0.22583812
1857	0.17600953
1858	0.14770543
1859	0.18359079
1860	0.22805617
1861	0.20046900
1862	0.20156405
1863	0.21718552
1864	0.17298552
1865	0.19122372
1866	0.18453928
1867	0.15716896
1868	0.24108705
1869	0.22962553
1870	0.18743727
1871	0.22406996
1872	0.22942943
1873	0.18452018
1874	0.17834045
1875	0.14537483
1876	0.23606936
1877	0.23665078
1878	0.20774479
1879	0.20013490
1880	0.21208689
1881	0.18989526
1882	0.19870627
1883	0.20206888
1884	0.19418142
1885	0.19686892
1886	0.23287841
1887	0.22797238
1888	0.20028762
1889	0.18820523
1890	0.21998146
1891	0.17525706
1892	0.19949582
1893	0.20027189
1894	0.16494733
1895	0.24009345
1896	0.24288255
1897	0.22780684
1898	0.23302686
1899	0.18808408
1900	0.22668331
1901	0.18251074
1902	0.21218392
1903	0.23639988
1904	0.16676614
1905	0.21197732
1906	0.21399674
1907	0.16113856
1908	0.24975999
1909	0.27584182
1910	0.16517567
1911	0.22045396
1912	0.22967708
1913	0.20842855
1914	0.19664620
1915	0.23382795
1916	0.25125649
1917	0.17411387
1918	0.21338709
1919	0.21207000
1920	0.20519803
1921	0.21979992
1922	0.21645388
1923	0.22686964
1924	0.21291516
1925	0.24272614
1926	0.16402421
1927	0.25767917
1928	0.18586739
1929	0.23914544
1930	0.20971612
1931	0.17964869
1932	0.19850137
1933	0.21382340
1934	0.20608556
1935	0.20201813
1936	0.19645782
1937	0.17669831
1938	0.24501544
1939	0.22716856
1940	0.22580511
1941	0.18734713
1942	0.18427165
1943	0.16780157
1944	0.24291757
1945	0.21691765
1946	0.22066844
1947	0.21881029
1948	0.21399702
1949	0.17666035
1950	0.17632975
1951	0.20443382
1952	0.19044604
1953	0.18862425
1954	0.20170374
1955	0.21544604
1956	0.19740929
1957	0.24071041
1958	0.21538464
1959	0.19913796
1960	0.20699051
1961	0.20671926
1962	0.20140426
1963	0.21102207
1964	0.18839228
1965	0.28471339
1966	0.20683197
1967	0.17852191
1968	0.18071287
1969	0.18305979
1970	0.20867041
1971	0.20163394
1972	0.15775834
1973	0.22960491
1974	0.19028717
1975	0.22852839
1976	0.14593132
1977	0.19189405
1978	0.20273329
1979	0.20584250
1980	0.16031616
1981	0.25216333
1982	0.25309320
1983	0.18747274
1984	0.17120358
1985	0.19339373
1986	0.20829425
1987	0.20002706
1988	0.17824270
1989	0.19900342
1990	0.17691982
1991	0.20285802
1992	0.22761966
1993	0.19279308
1994	0.18338749
1995	0.20932782
1996	0.18926470
1997	0.19589461
1998	0.20482244
1999	0.21336554
2000	0.22856429
2001	0.26368295
2002	0.22321657
2003	0.19668766
2004	0.15990036
2005	0.19565428
2006	0.18991347
2007	0.19613945
2008	0.24244881
2009	0.19806100
2010	0.22725308
2011	0.13736486
2012	0.18784958
2013	0.20466948
2014	0.18191962
2015	0.22484133
2016	0.21666723
2017	0.23716888
2018	0.22664901
2019	0.18137419
2020	0.24088122
2021	0.20357539
2022	0.20361665
2023	0.24443442
2024	0.18136787
2025	0.18463293
2026	0.20275107
2027	0.17939220
2028	0.16905629
2029	0.19634387
2030	0.18772662
2031	0.20196421
2032	0.19716039
2033	0.15379296
2034	0.22035292
2035	0.22424294
2036	0.25073542
2037	0.16558979
2038	0.15593506
2039	0.18816253
2040	0.17728211
2041	0.18900720
2042	0.24241267
2043	0.21142618
2044	0.20409550
2045	0.20663772
2046	0.22582871
2047	0.19767539
2048	0.20224234
2049	0.20585585
2050	0.18981781
2051	0.19283233
2052	0.18694138
2053	0.19269795
2054	0.21077282
2055	0.17180245
2056	0.17245601
2057	0.16656482
2058	0.18862939
2059	0.20293993
2060	0.21767720
2061	0.23898114
2062	0.18993840
2063	0.23487089
2064	0.20732368
2065	0.20020792
2066	0.21020277
2067	0.16786996
2068	0.18225022
2069	0.17124688
2070	0.21669924
2071	0.20076397
2072	0.24175605
2073	0.20406273
2074	0.23283743
2075	0.21195814
2076	0.20154636
2077	0.16153398
2078	0.22020659
2079	0.20923156
2080	0.24586659
2081	0.21570852
2082	0.24602646
2083	0.17669381
2084	0.27233028
2085	0.18710824
2086	0.18119952
2087	0.22461701
2088	0.14999035
2089	0.18262380
2090	0.20179895
2091	0.22751500
2092	0.21484423
2093	0.21150856
2094	0.18908380
2095	0.19381210
2096	0.17032059
2097	0.24634001
2098	0.29216168
2099	0.20799393
2100	0.18157209
2101	0.19443357
2102	0.23734753
2103	0.18751202
2104	0.17517338
2105	0.20779349
2106	0.22922147
2107	0.22299365
2108	0.18632063
2109	0.19816602
2110	0.21225316
2111	0.21506586
2112	0.20504552
2113	0.17849252
2114	0.21618323
2115	0.14453253
2116	0.19660921
2117	0.22802368
2118	0.15629268
2119	0.18136980
2120	0.20214298
2121	0.19277563
2122	0.20119630
2123	0.19773816
2124	0.17786848
2125	0.18341070
2126	0.16403973
2127	0.21701560
2128	0.17862545
2129	0.20264922
2130	0.18320945
2131	0.19315010
2132	0.21788488
2133	0.17649787
2134	0.19708472
2135	0.19312811
2136	0.19870784
2137	0.17308319
2138	0.17653040
2139	0.21110418
2140	0.21343928
2141	0.16766972
2142	0.23899461
2143	0.18540760
2144	0.17029562
2145	0.16521817
2146	0.17857660
2147	0.15704121
2148	0.16684222
2149	0.19338215
2150	0.22111649
2151	0.19807258
2152	0.20221596
2153	0.19436554
2154	0.15124841
2155	0.20658508
2156	0.19889883
2157	0.16565533
2158	0.16592505
2159	0.22830724
2160	0.16511480
2161	0.19047776
2162	0.19812875
2163	0.20768448
2164	0.20194335
2165	0.23751041
2166	0.21311371
2167	0.20332268
2168	0.18418665
2169	0.18215682
2170	0.18824435
2171	0.16012963
2172	0.19509148
2173	0.19564001
2174	0.22366345
2175	0.19046043
2176	0.23449932
2177	0.16992135
2178	0.19090635
2179	0.19275545
2180	0.18483152
2181	0.18959365
2182	0.15452252
2183	0.16281009
2184	0.20024664
2185	0.22427575
2186	0.19266160
2187	0.21479312
2188	0.21143719
2189	0.17636940
2190	0.16008890
2191	0.20488283
2192	0.19632059
2193	0.17219051
2194	0.15186582
2195	0.22901122
2196	0.19463864
2197	0.20345854
2198	0.21205939
2199	0.20569035
2200	0.13793442
2201	0.17863510
2202	0.17122051
2203	0.18252115
2204	0.18438130
2205	0.18288754
2206	0.17534749
2207	0.19784580
2208	0.21927515
2209	0.20556679
2210	0.25129839
2211	0.20154910
2212	0.16908066
2213	0.15362421
2214	0.15258074
2215	0.19504576
2216	0.19729771
2217	0.15791202
2218	0.19684729
2219	0.19667109
2220	0.15925682
2221	0.18451439
2222	0.14945119
2223	0.14061653
2224	0.17139771
2225	0.17947857
2226	0.18181166
2227	0.17669252
2228	0.21817266
2229	0.18839333
2230	0.17262151
2231	0.17476976
2232	0.20065191
2233	0.20874290
2234	0.21236679
2235	0.15355308
2236	0.18937539
2237	0.22295267
2238	0.17918355
2239	0.21841464
2240	0.19342521
2241	0.16161946
2242	0.19674290
2243	0.15684922
2244	0.24073410
2245	0.16202979
2246	0.21319936
2247	0.18952758
2248	0.20594636
2249	0.18231584
2250	0.20040105
2251	0.13159453
2252	0.22523084
2253	0.18174544
2254	0.19887467
2255	0.18711335
2256	0.18613727
2257	0.13449337
2258	0.24390575
2259	0.16255581
2260	0.24137680
2261	0.17197901
2262	0.17894656
2263	0.18327612
2264	0.18031612
2265	0.19597012
2266	0.22092203
2267	0.16956084
2268	0.21710197
2269	0.23432324
2270	0.20396212
2271	0.16825372
2272	0.21646542
2273	0.17697656
2274	0.14907700
2275	0.18978565
2276	0.14003985
2277	0.16657531
2278	0.16550314
2279	0.19902654
2280	0.20231673
2281	0.20427519
2282	0.20765979
2283	0.21296172
2284	0.19970024
2285	0.21252039
2286	0.20026787
2287	0.19093953
2288	0.17969771
2289	0.22931343
2290	0.15905682
2291	0.15844081
2292	0.17395404
2293	0.22590571
2294	0.18882392
2295	0.21534411
2296	0.17960905
2297	0.16359610
2298	0.16583538
2299	0.21822413
2300	0.20419554
2301	0.18596574
2302	0.21262167
2303	0.14934914
2304	0.19157089
2305	0.13260097
2306	0.18906385
2307	0.23481504
2308	0.20031355
2309	0.17449517
2310	0.18518846
2311	0.21049976
2312	0.18524101
2313	0.20668118
2314	0.19831721
2315	0.20293860
2316	0.20873977
2317	0.19451994
2318	0.22520354
2319	0.17257664
2320	0.20581210
2321	0.25856948
2322	0.16680072
2323	0.18466691
2324	0.18359292
2325	0.21952312
2326	0.18760394
2327	0.18186277
2328	0.19470487
2329	0.20645199
2330	0.23260474
2331	0.18368420
2332	0.20033663
2333	0.20396719
2334	0.19372791
2335	0.19568794
2336	0.16618408
2337	0.16749280
2338	0.20066128
2339	0.19279027
2340	0.18799976
2341	0.15066711
2342	0.20475432
2343	0.16750241
2344	0.21158721
2345	0.18983164
2346	0.19012626
2347	0.20112702
2348	0.20740543
2349	0.21590728
2350	0.20482742
2351	0.18197121
2352	0.23543534
2353	0.20449622
2354	0.12619244
2355	0.20800623
2356	0.19059767
2357	0.19010370
2358	0.18230402
2359	0.16413973
2360	0.16513924
2361	0.13487366
2362	0.19452907
2363	0.20121331
2364	0.19698898
2365	0.18116096
2366	0.21507205
2367	0.14548737
2368	0.18461371
2369	0.20529558
2370	0.15517957
2371	0.16253538
2372	0.20330153
2373	0.19503285
2374	0.17683008
2375	0.16612400
2376	0.22022823
2377	0.23433635
2378	0.22947941
2379	0.18877821
2380	0.16984841
2381	0.21850358
2382	0.18810905
2383	0.18268838
2384	0.20061439
2385	0.18765867
2386	0.15472710
2387	0.22423776
2388	0.23511170
2389	0.15694290
2390	0.20427933
2391	0.20461600
2392	0.22363044
2393	0.20677330
2394	0.19451118
2395	0.15456309
2396	0.22699208
2397	0.22340792
2398	0.21663816
2399	0.21658910
2400	0.19071138
2401	0.19600913
2402	0.23978967
2403	0.19560981
2404	0.23707189
2405	0.19199783
2406	0.20173739
2407	0.21261275
2408	0.17585159
2409	0.21403474
2410	0.19026647
2411	0.21096590
2412	0.12823088
2413	0.14888561
2414	0.18693197
2415	0.19172421
2416	0.21015239
2417	0.16488492
2418	0.15088943
2419	0.16452565
2420	0.18226152
2421	0.21399324
2422	0.19246948
2423	0.17294101
2424	0.17997664
2425	0.17310277
2426	0.18259755
2427	0.19389232
2428	0.18672955
2429	0.18889867
2430	0.19535360
2431	0.17444934
2432	0.20219682
2433	0.18095380
2434	0.16888154
2435	0.21652232
2436	0.20345038
2437	0.16215698
2438	0.18421214
2439	0.18774620
2440	0.19834471
2441	0.22362730
2442	0.15722236
2443	0.25255750
2444	0.19371749
2445	0.17842851
2446	0.16840048
2447	0.20499264
2448	0.19407278
2449	0.20212320
2450	0.22063345
2451	0.16249526
2452	0.18454841
2453	0.17029280
2454	0.17863273
2455	0.20987354
2456	0.19233723
2457	0.22358532
2458	0.15068902
2459	0.17557913
2460	0.13452248
2461	0.19864588
2462	0.23065879
2463	0.18190977
2464	0.20344073
2465	0.24241194
2466	0.21306643
2467	0.18687129
2468	0.21828794
2469	0.16149859
2470	0.22091114
2471	0.14897909
2472	0.20832039
2473	0.18203020
2474	0.18385034
2475	0.16362400
2476	0.17410189
2477	0.15307539
2478	0.17282988
2479	0.17588448
2480	0.22703659
2481	0.19738669
2482	0.20723683
2483	0.21891701
2484	0.16857089
2485	0.18551552
2486	0.16524371
2487	0.19388613
2488	0.23510394
2489	0.20008625
2490	0.15223052
2491	0.19371801
2492	0.19856168
2493	0.21723092
2494	0.18855774
2495	0.13275094
2496	0.16668372
2497	0.17152441
2498	0.20179972
2499	0.15797559
2500	0.20832545
2501	0.15864158
2502	0.16000611
2503	0.18333989
2504	0.18562155
2505	0.23975199
2506	0.21692320
2507	0.21936486
2508	0.24236647
2509	0.20153012
2510	0.18629023
2511	0.19230784
2512	0.22323096
2513	0.18409787
2514	0.17121612
2515	0.17165919
2516	0.14447809
2517	0.21324403
2518	0.20234869
2519	0.19198677
2520	0.18622481
2521	0.16566526
2522	0.19093349
2523	0.18319111
2524	0.18335911
2525	0.22875702
2526	0.21285907
2527	0.13799574
2528	0.18536361
2529	0.17012646
2530	0.19165014
2531	0.20416317
2532	0.18481781
2533	0.22361053
2534	0.13843152
2535	0.16567559
2536	0.19541238
2537	0.20617587
2538	0.16780756
2539	0.18916188
2540	0.17876860
2541	0.14806864
2542	0.21158102
2543	0.20052630
2544	0.19585621
2545	0.17047684
2546	0.17328838
2547	0.19278146
2548	0.19341681
2549	0.21160889
2550	0.22518838
2551	0.14752626
2552	0.17862565
2553	0.22363587
2554	0.18162392
2555	0.19017181
2556	0.18272569
2557	0.15217776
2558	0.21859682
2559	0.18175396
2560	0.17077362
2561	0.17695633
2562	0.16857165
2563	0.26787861
2564	0.16950611
2565	0.14427885
2566	0.16007515
2567	0.22222308
2568	0.19822561
2569	0.14080201
2570	0.18022063
2571	0.18124061
2572	0.17497555
2573	0.16720800
2574	0.12853675
2575	0.19264069
2576	0.19707829
2577	0.13512421
2578	0.15371299
2579	0.19241070
2580	0.19136482
2581	0.18034214
2582	0.16920109
2583	0.20992417
2584	0.19228645
2585	0.18622549
2586	0.19561761
2587	0.16278388
2588	0.12587016
2589	0.21213735
2590	0.21518376
2591	0.25719827
2592	0.19410655
2593	0.19228657
2594	0.19175923
2595	0.17140165
2596	0.16308657
2597	0.14644206
2598	0.16244427
2599	0.16564166
2600	0.20245987
2601	0.20027205
2602	0.14610643
2603	0.15730269
2604	0.18032433
2605	0.19100133
2606	0.16700901
2607	0.19569811
2608	0.19183221
2609	0.15758898
2610	0.17914990
2611	0.15859333
2612	0.19692951
2613	0.19281062
2614	0.18752445
2615	0.16266051
2616	0.17062292
2617	0.17441616
2618	0.22280016
2619	0.19181094
2620	0.19204254
2621	0.20102107
2622	0.19377885
2623	0.17760792
2624	0.17604298
2625	0.21938400
2626	0.16318142
2627	0.20091910
2628	0.16748617
2629	0.18807322
2630	0.20556421
2631	0.16457961
2632	0.16360836
2633	0.15623000
2634	0.20999264
2635	0.17526719
2636	0.20153370
2637	0.17316345
2638	0.16649176
2639	0.14785951
2640	0.22184978
2641	0.19893462
2642	0.15651363
2643	0.14570615
2644	0.17105883
2645	0.15753136
2646	0.20438138
2647	0.15139123
2648	0.22599538
2649	0.17687511
2650	0.16117620
2651	0.18259678
2652	0.13420969
2653	0.17938866
2654	0.14759887
2655	0.20083828
2656	0.18530535
2657	0.18104978
2658	0.17812039
2659	0.15495356
2660	0.14642606
2661	0.18934246
2662	0.21159622
2663	0.17177696
2664	0.18177547
2665	0.21490442
2666	0.19724125
2667	0.18077270
2668	0.23297000
2669	0.19396864
2670	0.16057338
2671	0.14519815
2672	0.15763884
2673	0.18991090
2674	0.19208798
2675	0.15551576
2676	0.17598878
2677	0.18677969
2678	0.18566084
2679	0.19838556
2680	0.20787616
2681	0.17342320
2682	0.14962155
2683	0.15622252
2684	0.16775223
2685	0.17876735
2686	0.21487571
2687	0.19417857
2688	0.13960856
2689	0.17598271
2690	0.21637519
2691	0.17944901
2692	0.22531813
2693	0.17397012
2694	0.18310539
2695	0.17925304
2696	0.15655690
2697	0.14828754
2698	0.21815702
2699	0.21128951
2700	0.20696639
2701	0.19837969
2702	0.17703739
2703	0.13892658
2704	0.21064914
2705	0.13188822
2706	0.18833816
2707	0.15440068
2708	0.18303168
2709	0.18014978
2710	0.20919389
2711	0.15737998
2712	0.17386614
2713	0.18748476
2714	0.17991661
2715	0.17502364
2716	0.20012187
2717	0.21936530
2718	0.18432388
2719	0.21010603
2720	0.19483004
2721	0.22326462
2722	0.15814170
2723	0.21598484
2724	0.17598283
2725	0.13331693
2726	0.17138444
2727	0.16521773
2728	0.22264580
2729	0.13901335
2730	0.19522276
2731	0.20623908
2732	0.21324733
2733	0.17486309
2734	0.18423466
2735	0.17309023
2736	0.17008436
2737	0.16749204
2738	0.20741126
2739	0.16899300
2740	0.16847994
2741	0.20845292
2742	0.22935320
2743	0.17838134
2744	0.20225476
2745	0.19377282
2746	0.15321242
2747	0.12091190
2748	0.18352485
2749	0.18527559
2750	0.17960298
2751	0.17884355
2752	0.15918372
2753	0.17983595
2754	0.19482163
2755	0.18460728
2756	0.17287435
2757	0.18407748
2758	0.19808183
2759	0.19971106
2760	0.22650760
2761	0.14551713
2762	0.17121934
2763	0.15790121
2764	0.19097029
2765	0.13813366
2766	0.20330177
2767	0.18821098
2768	0.23274737
2769	0.15167394
2770	0.12292409
2771	0.18722847
2772	0.18211315
2773	0.14305171
2774	0.17408951
2775	0.16151106
2776	0.18216763
2777	0.16333655
2778	0.15915493
2779	0.15380016
2780	0.18503518
2781	0.13501295
2782	0.18919417
2783	0.14749879
2784	0.16492577
2785	0.16690760
2786	0.19964262
2787	0.15754849
2788	0.21924825
2789	0.14614258
2790	0.19117732
2791	0.17452746
2792	0.17151134
2793	0.16348556
2794	0.16615328
2795	0.16332067
2796	0.15575014
2797	0.15120462
2798	0.17107660
2799	0.20954805
2800	0.18324053
2801	0.17626836
2802	0.15049127
2803	0.17277366
2804	0.20759835
2805	0.16965300
2806	0.18783518
2807	0.16498006
2808	0.15988681
2809	0.16351946
2810	0.19786309
2811	0.14618589
2812	0.17638259
2813	0.14728951
2814	0.15532577
2815	0.19595955
2816	0.17268528
2817	0.16483064
2818	0.13984286
2819	0.16970885
2820	0.19643619
2821	0.20499485
2822	0.17498239
2823	0.19548074
2824	0.14369795
2825	0.16776216
2826	0.13294797
2827	0.15844021
2828	0.19479759
2829	0.20158705
2830	0.14590764
2831	0.12365364
2832	0.19164552
2833	0.12953398
2834	0.17468396
2835	0.17742103
2836	0.17453860
2837	0.18229119
2838	0.16962963
2839	0.17541982
2840	0.16026200
2841	0.19114717
2842	0.17726047
2843	0.13269795
2844	0.14423804
2845	0.20618388
2846	0.19482589
2847	0.16246988
2848	0.18446944
2849	0.21382010
2850	0.18830334
2851	0.14773635
2852	0.16119799
2853	0.17620177
2854	0.16083546
2855	0.16976639
2856	0.17831484
2857	0.17552939
2858	0.16417153
2859	0.17440056
2860	0.18477270
2861	0.14828351
2862	0.22302509
2863	0.19065915
2864	0.19516715
2865	0.21576904
2866	0.22073945
2867	0.13669160
2868	0.20021431
2869	0.18503892
2870	0.18535838
2871	0.22627503
2872	0.18173366
2873	0.18124821
2874	0.20812388
2875	0.15525300
2876	0.12537809
2877	0.16582079
2878	0.20329614
2879	0.17955657
2880	0.15648255
2881	0.17100941
2882	0.17893197
2883	0.13819727
2884	0.22373735
2885	0.20052228
2886	0.19821259
2887	0.18693426
2888	0.15198424
2889	0.19790410
2890	0.20846409
2891	0.19227797
2892	0.21112726
2893	0.14661025
2894	0.17645633
2895	0.17653679
2896	0.15825794
2897	0.18687407
2898	0.17186381
2899	0.19986783
2900	0.17768685
2901	0.14728581
2902	0.16674970
2903	0.15863534
2904	0.19967278
2905	0.14884427
2906	0.17667535
2907	0.18181757
2908	0.18280615
2909	0.19257809
2910	0.14247318
2911	0.14574270
2912	0.19924053
2913	0.16357809
2914	0.20884765
2915	0.17318870
2916	0.19567431
2917	0.20435734
2918	0.19191649
2919	0.17963631
2920	0.18520507
2921	0.20931741
2922	0.20493591
2923	0.19849710
2924	0.19787829
2925	0.20960708
2926	0.16981649
2927	0.19566405
2928	0.19153619
2929	0.13805710
2930	0.17156152
2931	0.16476667
2932	0.18932135
2933	0.14669582
2934	0.13411170
2935	0.19656996
2936	0.17151886
2937	0.16669646
2938	0.20025227
2939	0.12231287
2940	0.19827957
2941	0.18529493
2942	0.23049256
2943	0.15642847
2944	0.19411053
2945	0.18156771
2946	0.13594934
2947	0.17269341
2948	0.18417443
2949	0.20716023
2950	0.18840716
2951	0.19569791
2952	0.18001214
2953	0.16122445
2954	0.15289300
2955	0.18513932
2956	0.14525605
2957	0.19835147
2958	0.15712079
2959	0.16112372
2960	0.19480478
2961	0.20142159
2962	0.19042827
2963	0.17216538
2964	0.16938979
2965	0.18287270
2966	0.12290885
2967	0.16653036
2968	0.12974326
2969	0.19570125
2970	0.16718544
2971	0.17896084
2972	0.18924564
2973	0.19565678
2974	0.16014958
2975	0.19698577
2976	0.19631299
2977	0.20248838
2978	0.19784391
2979	0.16680225
2980	0.18457322
2981	0.23132014
2982	0.14004934
2983	0.19358054
2984	0.21794986
2985	0.15319815
2986	0.12962730
2987	0.18035883
2988	0.22928963
2989	0.18915476
2990	0.19638380
2991	0.16075891
2992	0.15822967
2993	0.18510422
2994	0.13616723
2995	0.13047853
2996	0.19424158
2997	0.13781146
2998	0.20035472
2999	0.20855215
3000	0.21598613
3001	0.16257105
3002	0.15859715
3003	0.15891850
3004	0.19432135
3005	0.19129658
3006	0.17940881
3007	0.17034065
3008	0.19886172
3009	0.21412469
3010	0.17618179
3011	0.20863233
3012	0.18112730
3013	0.19073120
3014	0.17317998
3015	0.19460639
3016	0.18738870
3017	0.17044491
3018	0.19551339
3019	0.22956984
3020	0.14384966
3021	0.13932690
3022	0.18222891
3023	0.21262654
3024	0.13558295
3025	0.21617861
3026	0.19488243
3027	0.17893852
3028	0.15434970
3029	0.13823164
3030	0.18892252
3031	0.20216964
3032	0.16291045
3033	0.18883703
3034	0.16817483
3035	0.17589871
3036	0.18129284
3037	0.18252417
3038	0.17211391
3039	0.19112083
3040	0.14251813
3041	0.17938030
3042	0.14306908
3043	0.15091701
3044	0.15941403
3045	0.15448512
3046	0.20376787
3047	0.18414314
3048	0.17142071
3049	0.18146454
3050	0.16465372
3051	0.16847652
3052	0.18518697
3053	0.16443683
3054	0.15924138
3055	0.14351327
3056	0.17771990
3057	0.15725191
3058	0.18473305
3059	0.18983402
3060	0.17591379
3061	0.17507648
3062	0.18663357
3063	0.17752352
3064	0.17530716
3065	0.16424970
3066	0.18988528
3067	0.18422807
3068	0.16978504
3069	0.15949308
3070	0.17971246
3071	0.18093679
3072	0.17820515
3073	0.17398138
3074	0.16917382
3075	0.16459381
3076	0.21204455
3077	0.15551930
3078	0.18129208
3079	0.15386212
3080	0.14335271
3081	0.17757809
3082	0.14067869
3083	0.18901214
3084	0.16492336
3085	0.20788018
3086	0.17919554
3087	0.16395066
3088	0.16485062
3089	0.21218870
3090	0.19458721
3091	0.17819260
3092	0.19806888
3093	0.18905903
3094	0.17928183
3095	0.18043579
3096	0.16543341
3097	0.16266015
3098	0.18823012
3099	0.16767499
3100	0.21054596
3101	0.18782895
3102	0.20513498
3103	0.18045734
3104	0.20317382
3105	0.16259630
3106	0.20411472
3107	0.19826996
3108	0.17343607
3109	0.21730121
3110	0.16925674
3111	0.18685959
3112	0.17131391
3113	0.14648758
3114	0.15538195
3115	0.16948062
3116	0.17771834
3117	0.19199851
3118	0.17818170
3119	0.19830575
3120	0.14676928
3121	0.15860285
3122	0.15119232
3123	0.23111717
3124	0.16786100
3125	0.15690072
3126	0.15086606
3127	0.19242807
3128	0.12641472
3129	0.13950229
3130	0.17085380
3131	0.17625304
3132	0.17307177
3133	0.15820165
3134	0.18144777
3135	0.14982517
3136	0.17748540
3137	0.17675163
3138	0.16830688
3139	0.21678601
3140	0.18992919
3141	0.16372091
3142	0.16343140
3143	0.16826578
3144	0.15697809
3145	0.15522585
3146	0.17610639
3147	0.15425464
3148	0.16423828
3149	0.19364636
3150	0.20309043
3151	0.18481496
3152	0.14739513
3153	0.13823345
3154	0.12877214
3155	0.17295155
3156	0.14927129
3157	0.18734097
3158	0.15253563
3159	0.14948199
3160	0.14670386
3161	0.17109867
3162	0.16512095
3163	0.21782392
3164	0.16583647
3165	0.18881717
3166	0.18133494
3167	0.16458303
3168	0.16856112
3169	0.16624938
3170	0.17519264
3171	0.20341142
3172	0.13026711
3173	0.16236687
3174	0.16678922
3175	0.15494857
3176	0.17690515
3177	0.17680478
3178	0.21459960
3179	0.16854857
3180	0.19694495
3181	0.17028504
3182	0.16232163
3183	0.20405356
3184	0.14037551
3185	0.19817427
3186	0.15046216
3187	0.21274178
3188	0.18224994
3189	0.18251435
3190	0.20941134
3191	0.14651970
3192	0.16890507
3193	0.16345243
3194	0.17759469
3195	0.17188062
3196	0.16436132
3197	0.17892207
3198	0.13863490
3199	0.17336546
3200	0.14547913
3201	0.17478810
3202	0.17902843
3203	0.14183168
3204	0.17738231
3205	0.13446301
3206	0.11471263
3207	0.16483337
3208	0.17881882
3209	0.16547109
3210	0.15387101
3211	0.18312083
3212	0.19230651
3213	0.17188902
3214	0.16752079
3215	0.16545143
3216	0.17160366
3217	0.16760776
3218	0.18633502
3219	0.18056916
3220	0.18937636
3221	0.15916192
3222	0.16985661
3223	0.18908219
3224	0.17505275
3225	0.14405871
3226	0.16823707
3227	0.15619602
3228	0.18538963
3229	0.22486655
3230	0.15643655
3231	0.19938384
3232	0.15353860
3233	0.14538661
3234	0.14434930
3235	0.18456655
3236	0.18655505
3237	0.18658247
3238	0.19426823
3239	0.16102891
3240	0.16099831
3241	0.17523675
3242	0.14131355
3243	0.18187732
3244	0.17382099
3245	0.16488822
3246	0.16609574
3247	0.18616687
3248	0.15343265
3249	0.17567905
3250	0.16870981
3251	0.18917455
3252	0.18336188
3253	0.15303498
3254	0.16788138
3255	0.14893088
3256	0.17755090
3257	0.16225444
3258	0.15883281
3259	0.20134455
3260	0.16933599
3261	0.18911307
3262	0.14300036
3263	0.16691930
3264	0.15989992
3265	0.15561303
3266	0.15570631
3267	0.14678745
3268	0.20457471
3269	0.16932975
3270	0.17131689
3271	0.18980768
3272	0.21007290
3273	0.15088339
3274	0.19458424
3275	0.11641926
3276	0.17284688
3277	0.16989312
3278	0.16007069
3279	0.21383506
3280	0.14236952
3281	0.17488476
3282	0.14979795
3283	0.12210772
3284	0.16180285
3285	0.15622646
3286	0.15935903
3287	0.13524757
3288	0.13951508
3289	0.17305963
3290	0.14142276
3291	0.24067169
3292	0.13629377
3293	0.17559602
3294	0.16502782
3295	0.13784057
3296	0.17410832
3297	0.16245601
3298	0.14162014
3299	0.15212501
3300	0.16262501
3301	0.13888573
3302	0.19800856
3303	0.15834331
3304	0.14532376
3305	0.17111395
3306	0.15035730
3307	0.14926783
3308	0.14475682
3309	0.18222855
3310	0.16807342
3311	0.15666956
3312	0.24609558
3313	0.15962099
3314	0.18539329
3315	0.14165324
3316	0.12785577
3317	0.19895115
3318	0.19200330
3319	0.16127041
3320	0.18438633
3321	0.14746743
3322	0.17447604
3323	0.15875517
3324	0.20429385
3325	0.18749610
3326	0.17328263
3327	0.15828058
3328	0.20829453
3329	0.13951552
3330	0.16992996
3331	0.15007837
3332	0.12774765
3333	0.17654053
3334	0.16620820
3335	0.16588010
3336	0.18345846
3337	0.11448026
3338	0.17069578
3339	0.18330298
3340	0.17240551
3341	0.13998569
3342	0.19709300
3343	0.14859526
3344	0.15369043
3345	0.17176735
3346	0.17654652
3347	0.20628528
3348	0.19933112
3349	0.12847957
3350	0.13684889
3351	0.20015802
3352	0.15577797
3353	0.19065183
3354	0.15889855
3355	0.17261415
3356	0.18534439
3357	0.15513132
3358	0.12951226
3359	0.17441757
3360	0.15219377
3361	0.16646618
3362	0.12225163
3363	0.16533285
3364	0.19925223
3365	0.15399441
3366	0.15719912
3367	0.19126281
3368	0.17127563
3369	0.17204592
3370	0.17928585
3371	0.17501343
3372	0.15353313
3373	0.17146815
3374	0.16047821
3375	0.14699586
3376	0.19251653
3377	0.15933812
3378	0.16236405
3379	0.17174721
3380	0.19935935
3381	0.15936836
3382	0.18241809
3383	0.20887829
3384	0.15612782
3385	0.14129043
3386	0.19290820
3387	0.17937165
3388	0.18300181
3389	0.11763092
3390	0.17615927
3391	0.18180748
3392	0.17401745
3393	0.16408665
3394	0.19505497
3395	0.12389224
3396	0.15017825
3397	0.15165300
3398	0.16831395
3399	0.12569140
3400	0.16452622
3401	0.15947455
3402	0.19831017
3403	0.21966964
3404	0.16635472
3405	0.15338484
3406	0.17189803
3407	0.20665766
3408	0.20147632
3409	0.15701540
3410	0.19424986
3411	0.13834672
3412	0.13621492
3413	0.11862067
3414	0.19605348
3415	0.15255871
3416	0.17320985
3417	0.14526614
3418	0.18129079
3419	0.19948745
3420	0.18702489
3421	0.17630101
3422	0.17971669
3423	0.19039642
3424	0.11437676
3425	0.20149952
3426	0.13210129
3427	0.19079831
3428	0.15547519
3429	0.14777571
3430	0.15372618
3431	0.12188983
3432	0.17268918
3433	0.17807250
3434	0.16589019
3435	0.12138818
3436	0.16792770
3437	0.15542911
3438	0.16437374
3439	0.15985155
3440	0.19170756
3441	0.16589196
3442	0.16839666
3443	0.13925971
3444	0.20476076
3445	0.15918496
3446	0.18526192
3447	0.17474274
3448	0.14112887
3449	0.21240491
3450	0.12947821
3451	0.18796365
3452	0.22216152
3453	0.21227370
3454	0.12333357
3455	0.20732561
3456	0.16092839
3457	0.13735573
3458	0.13267378
3459	0.12450619
3460	0.19732762
3461	0.13415344
3462	0.20657016
3463	0.17999791
3464	0.15929152
3465	0.15366940
3466	0.21696864
3467	0.20800647
3468	0.13725911
3469	0.14125597
3470	0.19689710
3471	0.15951090
3472	0.13132766
3473	0.15015549
3474	0.20775187
3475	0.17467563
3476	0.15662380
3477	0.14244729
3478	0.14951025
3479	0.15244942
3480	0.16493470
3481	0.17031508
3482	0.15443201
3483	0.14842296
3484	0.18133820
3485	0.15756618
3486	0.15118227
3487	0.18968259
3488	0.19588476
3489	0.14310917
3490	0.14167471
3491	0.16614270
3492	0.18824013
3493	0.19072988
3494	0.21561576
3495	0.18988999
3496	0.15966948
3497	0.16848110
3498	0.10560933
3499	0.20394596
3500	0.16653221
3501	0.13417780
3502	0.14456446
3503	0.16553981
3504	0.17958424
3505	0.15890269
3506	0.15726647
3507	0.16947411
3508	0.18058211
3509	0.19615593
3510	0.14219988
3511	0.12885545
3512	0.18487447
3513	0.16465183
3514	0.15067797
3515	0.15573060
3516	0.18634930
3517	0.20124009
3518	0.13177354
3519	0.10322203
3520	0.17838745
3521	0.15864664
3522	0.17903056
3523	0.17841745
3524	0.17443494
3525	0.18065368
3526	0.16559920
3527	0.20904033
3528	0.16031379
3529	0.17115674
3530	0.17806152
3531	0.11531789
3532	0.16199180
3533	0.14741906
3534	0.19461246
3535	0.18655553
3536	0.14188561
3537	0.19241817
3538	0.16199690
3539	0.18112228
3540	0.14891552
3541	0.13007515
3542	0.14076192
3543	0.17315002
3544	0.12443768
3545	0.16294532
3546	0.16561041
3547	0.13766068
3548	0.12772907
3549	0.14685195
3550	0.21340615
3551	0.15736767
3552	0.11209755
3553	0.17159606
3554	0.19846856
3555	0.20853924
3556	0.17639015
3557	0.15832799
3558	0.13951279
3559	0.17327780
3560	0.18185846
3561	0.17153112
3562	0.17381267
3563	0.14163583
3564	0.16462396
3565	0.21548733
3566	0.16583872
3567	0.20081689
3568	0.18740583
3569	0.16543936
3570	0.16800579
3571	0.17778681
3572	0.14302815
3573	0.12757278
3574	0.14258983
3575	0.21165239
3576	0.11823124
3577	0.14460386
3578	0.17847961
3579	0.19947632
3580	0.16769980
3581	0.19635854
3582	0.16953450
3583	0.16680627
3584	0.14930213
3585	0.18411982
3586	0.15131070
3587	0.17687033
3588	0.11417222
3589	0.19051624
3590	0.12629586
3591	0.13362336
3592	0.13330909
3593	0.17225891
3594	0.17432348
3595	0.17694025
3596	0.18241637
3597	0.14415883
3598	0.14911721
3599	0.18580551
3600	0.17659831
3601	0.14315360
3602	0.12677214
3603	0.16650515
3604	0.17562803
3605	0.14273317
3606	0.15044029
3607	0.17722923
3608	0.18268010
3609	0.18286076
3610	0.15275231
3611	0.18776474
3612	0.15802561
3613	0.16684604
3614	0.18857780
3615	0.14858882
3616	0.15039425
3617	0.17845810
3618	0.15017294
3619	0.17520438
3620	0.20789457
3621	0.16949489
3622	0.16791934
3623	0.17134162
3624	0.15907941
3625	0.13855565
3626	0.15631472
3627	0.14539614
3628	0.11981138
3629	0.16111283
3630	0.19450611
3631	0.18186200
3632	0.15209204
3633	0.19492055
3634	0.13715464
3635	0.15192951
3636	0.16699333
3637	0.17286116
3638	0.17753723
3639	0.13884166
3640	0.19650555
3641	0.16194463
3642	0.14582573
3643	0.17274262
3644	0.16909590
3645	0.14710491
3646	0.18796719
3647	0.18803494
3648	0.18052778
3649	0.19210330
3650	0.17859634
3651	0.15216586
3652	0.17415955
3653	0.19620314
3654	0.13224113
3655	0.17975674
3656	0.13436413
3657	0.17326454
3658	0.17731134
3659	0.15349807
3660	0.18046289
3661	0.14701435
3662	0.16344105
3663	0.17768303
3664	0.20970499
3665	0.20812332
3666	0.18505625
3667	0.14866562
3668	0.14446433
3669	0.12999329
3670	0.17666864
3671	0.14663691
3672	0.15845006
3673	0.16680181
3674	0.15549019
3675	0.15792368
3676	0.13844572
3677	0.19358918
3678	0.14337165
3679	0.19323410
3680	0.16207491
3681	0.13630370
3682	0.22326759
3683	0.14978396
3684	0.13636160
3685	0.15725979
3686	0.16970929
3687	0.22532996
3688	0.13057029
3689	0.13478500
3690	0.17817652
3691	0.17845259
3692	0.16779875
3693	0.13719236
3694	0.10325875
3695	0.16848255
3696	0.16559373
3697	0.15509618
3698	0.16043004
3699	0.17718355
3700	0.13930780
3701	0.13934310
3702	0.14240189
3703	0.15899312
3704	0.15051460
3705	0.14752786
3706	0.19224805
3707	0.12768693
3708	0.14309863
3709	0.16488758
3710	0.14951564
3711	0.13304604
3712	0.19809107
3713	0.14659835
3714	0.16279071
3715	0.18655774
3716	0.17336297
3717	0.13008657
3718	0.18204954
3719	0.12098842
3720	0.17090519
3721	0.18608561
3722	0.19330792
3723	0.18159284
3724	0.13929855
3725	0.17607101
3726	0.15691267
3727	0.15225585
3728	0.15060639
3729	0.16784544
3730	0.14674270
3731	0.13675287
3732	0.20227407
3733	0.17725203
3734	0.11753084
3735	0.15676823
3736	0.22791150
3737	0.15383048
3738	0.17544005
3739	0.15883900
3740	0.16881520
3741	0.14989063
3742	0.18045907
3743	0.20954785
3744	0.18077306
3745	0.14962280
3746	0.17936389
3747	0.17035436
3748	0.14218520
3749	0.18422047
3750	0.16369429
3751	0.13838355
3752	0.16777881
3753	0.18270064
3754	0.13454266
3755	0.13336526
3756	0.19253442
3757	0.15814391
3758	0.17986397
3759	0.12502296
3760	0.16019727
3761	0.15532344
3762	0.13327716
3763	0.12067334
3764	0.16026474
3765	0.23678392
3766	0.19334769
3767	0.11562147
3768	0.15750491
3769	0.18012256
3770	0.13273820
3771	0.13415694
3772	0.19067463
3773	0.15032670
3774	0.15798774
3775	0.17925368
3776	0.16900909
3777	0.16413780
3778	0.16924113
3779	0.14209610
3780	0.17131468
3781	0.15694620
3782	0.12820121
3783	0.18867105
3784	0.18529940
3785	0.13866546
3786	0.14385714
3787	0.17944713
3788	0.15333542
3789	0.15242127
3790	0.17541496
3791	0.19306293
3792	0.21123583
3793	0.13680478
3794	0.17701251
3795	0.12637117
3796	0.16336076
3797	0.17230185
3798	0.09730495
3799	0.14000008
3800	0.17533768
3801	0.16474133
3802	0.16114749
3803	0.16285107
3804	0.11653333
3805	0.18963993
3806	0.13204194
3807	0.18398914
3808	0.15406112
3809	0.15651789
3810	0.13531801
3811	0.16810700
3812	0.16416924
3813	0.16100040
3814	0.16397929
3815	0.13762630
3816	0.15139236
3817	0.18132284
3818	0.14632638
3819	0.15816647
3820	0.14551041
3821	0.14320523
3822	0.14984459
3823	0.18078050
3824	0.13064049
3825	0.14719698
3826	0.12438082
3827	0.15059284
3828	0.18516200
3829	0.17307177
3830	0.17605304
3831	0.15822899
3832	0.14969196
3833	0.13877881
3834	0.15275287
3835	0.10872405
3836	0.15137242
3837	0.14692923
3838	0.17125348
3839	0.14260981
3840	0.16803293
3841	0.16036916
3842	0.18184708
3843	0.12736972
3844	0.16114700
3845	0.14344427
3846	0.17773265
3847	0.11538504
3848	0.13725513
3849	0.16253828
3850	0.15955211
3851	0.17151375
3852	0.15301154
3853	0.14603949
3854	0.17077173
3855	0.17909043
3856	0.13758605
3857	0.20364427
3858	0.16478239
3859	0.15435750
3860	0.13712694
3861	0.19203410
3862	0.14560080
3863	0.14888496
3864	0.15131399
3865	0.16042891
3866	0.14967073
3867	0.17402786
3868	0.12826799
3869	0.16957431
3870	0.15119385
3871	0.15766261
3872	0.17530386
3873	0.20065545
3874	0.13773301
3875	0.19784901
3876	0.18859019
3877	0.18442167
3878	0.17056844
3879	0.15014254
3880	0.13495460
3881	0.16710402
3882	0.15280551
3883	0.12620760
3884	0.18391745
3885	0.11870804
3886	0.12966188
3887	0.12342561
3888	0.18294491
3889	0.13485304
3890	0.19796924
3891	0.20645967
3892	0.16231174
3893	0.18842819
3894	0.18450736
3895	0.14749932
3896	0.14666429
3897	0.15750796
3898	0.19720692
3899	0.14083679
3900	0.16144837
3901	0.15541379
3902	0.13501041
3903	0.18108327
3904	0.15413756
3905	0.14942187
3906	0.19031375
3907	0.17017262
3908	0.14512831
3909	0.12953092
3910	0.17777065
3911	0.16068794
3912	0.13490812
3913	0.17502521
3914	0.17183888
3915	0.14140768
3916	0.21602425
3917	0.16581259
3918	0.14078906
3919	0.15875094
3920	0.16814415
3921	0.16731186
3922	0.18005875
3923	0.16363752
3924	0.16357008
3925	0.16241994
3926	0.12838166
3927	0.10627306
3928	0.17684499
3929	0.15124833
3930	0.15282778
3931	0.14719103
3932	0.16862139
3933	0.16093607
3934	0.19145119
3935	0.13698106
3936	0.15864463
3937	0.15879385
3938	0.17817029
3939	0.11961564
3940	0.16964403
3941	0.11005054
3942	0.14700221
3943	0.13989208
3944	0.18912135
3945	0.14324881
3946	0.15097286
3947	0.22798943
3948	0.14448995
3949	0.09656035
3950	0.15122975
3951	0.17429803
3952	0.14081311
3953	0.14118170
3954	0.15962063
3955	0.13624849
3956	0.17255653
3957	0.18952272
3958	0.17969095
3959	0.17669618
3960	0.19367149
3961	0.19263197
3962	0.15442722
3963	0.16918408
3964	0.20455436
3965	0.11810957
3966	0.22944688
3967	0.13175806
3968	0.14201729
3969	0.15112224
3970	0.15903546
3971	0.17786944
3972	0.14360354
3973	0.13397563
3974	0.17625400
3975	0.14363719
3976	0.17146590
3977	0.16274801
3978	0.16369674
3979	0.18127817
3980	0.20183486
3981	0.17372079
3982	0.13833840
3983	0.15608460
3984	0.14869879
3985	0.18600631
3986	0.17397254
3987	0.14830269
3988	0.12726518
3989	0.12460165
3990	0.15701178
3991	0.17094419
3992	0.10709634
3993	0.14299875
3994	0.12504789
3995	0.11423526
3996	0.16201878
3997	0.17689043
3998	0.17977254
3999	0.13004604
4000	0.16012509
4001	0.13217298
4002	0.13614178
4003	0.14613136
4004	0.17269397
4005	0.15723201
4006	0.17576960
4007	0.14334853
4008	0.16140977
4009	0.13343321
4010	0.15795838
4011	0.16636840
4012	0.16313301
4013	0.16558062
4014	0.12896795
4015	0.14173707
4016	0.16919180
4017	0.13731914
4018	0.13423148
4019	0.20629622
4020	0.17344901
4021	0.18051062
4022	0.18472449
4023	0.15076598
4024	0.17005275
4025	0.13135714
4026	0.15162300
4027	0.12656972
4028	0.16839047
4029	0.16206068
4030	0.10951584
4031	0.16605300
4032	0.16136088
4033	0.15110704
4034	0.15729280
4035	0.17123816
4036	0.14895103
4037	0.12837234
4038	0.14329908
4039	0.20521608
4040	0.17101331
4041	0.13652770
4042	0.16060752
4043	0.17952332
4044	0.16686856
4045	0.15194813
4046	0.17734198
4047	0.16606586
4048	0.11778524
4049	0.12375915
4050	0.14507354
4051	0.18372722
4052	0.16612883
4053	0.15872996
4054	0.16681862
4055	0.18860728
4056	0.19063116
4057	0.14249469
4058	0.16667591
4059	0.16554962
4060	0.12427407
4061	0.14381078
4062	0.15308170
4063	0.10885718
4064	0.14274507
4065	0.13307793
4066	0.13239509
4067	0.11353486
4068	0.17919485
4069	0.16030873
4070	0.15371805
4071	0.16751990
4072	0.16842336
4073	0.14234966
4074	0.17548943
4075	0.15452183
4076	0.16670748
4077	0.13772835
4078	0.16907141
4079	0.16155521
4080	0.15172400
4081	0.19181255
4082	0.12759316
4083	0.16030579
4084	0.15001564
4085	0.19031423
4086	0.16451974
4087	0.18522895
4088	0.16011303
4089	0.13593908
4090	0.13023860
4091	0.16238818
4092	0.17378758
4093	0.15328645
4094	0.17796663
4095	0.15048826
4096	0.17302610
4097	0.17891484
4098	0.14280209
4099	0.17068685
4100	0.13920257
4101	0.10125810
4102	0.15699461
4103	0.18529099
4104	0.17497652
4105	0.17193876
4106	0.13302489
4107	0.17199831
4108	0.13172417
4109	0.16208203
4110	0.14714021
4111	0.14634503
4112	0.17982304
4113	0.17765235
4114	0.13901070
4115	0.14139409
4116	0.14426454
4117	0.12775412
4118	0.15847608
4119	0.17095155
4120	0.15579505
4121	0.15163462
4122	0.16660957
4123	0.16755975
4124	0.14557270
4125	0.17661520
4126	0.17615115
4127	0.17988565
4128	0.18819349
4129	0.13055517
4130	0.12738026
4131	0.19184934
4132	0.12821162
4133	0.14129485
4134	0.12977515
4135	0.16655171
4136	0.15303325
4137	0.19489043
4138	0.12021351
4139	0.17303193
4140	0.16399059
4141	0.13923824
4142	0.13178745
4143	0.14343768
4144	0.12569867
4145	0.17237961
4146	0.17127033
4147	0.17136699
4148	0.14912851
4149	0.18031677
4150	0.15308794
4151	0.14305042
4152	0.13154415
4153	0.15888355
4154	0.15744789
4155	0.16548725
4156	0.17899212
4157	0.14717921
4158	0.16926880
4159	0.16838922
4160	0.15340792
4161	0.14386747
4162	0.15680869
4163	0.15884713
4164	0.14332103
4165	0.18812622
4166	0.17478838
4167	0.15083659
4168	0.13938894
4169	0.18648898
4170	0.12271669
4171	0.18858211
4172	0.15244057
4173	0.19349610
4174	0.18854704
4175	0.15480350
4176	0.12932988
4177	0.15681721
4178	0.15657877
4179	0.16629264
4180	0.17582417
4181	0.13901713
4182	0.17434785
4183	0.13830213
4184	0.16685115
4185	0.15085476
4186	0.19077169
4187	0.13053020
4188	0.15689385
4189	0.16606220
4190	0.13207105
4191	0.16951439
4192	0.18098597
4193	0.13529071
4194	0.13139164
4195	0.16442778
4196	0.16483510
4197	0.14204721
4198	0.13743068
4199	0.17727334
4200	0.15834411
4201	0.12393189
4202	0.16990064
4203	0.15406200
4204	0.13722758
4205	0.18651210
4206	0.15630366
4207	0.15015304
4208	0.14519538
4209	0.16124170
4210	0.15082063
4211	0.11845565
4212	0.18687411
4213	0.13497853
4214	0.14010422
4215	0.19559393
4216	0.13636120
4217	0.21526811
4218	0.17462039
4219	0.18121616
4220	0.11058086
4221	0.17832336
4222	0.15811182
4223	0.14032992
4224	0.11722670
4225	0.13102630
4226	0.14266220
4227	0.17536309
4228	0.17847913
4229	0.14094495
4230	0.15831697
4231	0.14464821
4232	0.20288170
4233	0.14543466
4234	0.15609232
4235	0.16326643
4236	0.12906880
4237	0.11483647
4238	0.18560832
4239	0.17929988
4240	0.16212959
4241	0.14851846
4242	0.16678963
4243	0.16512819
4244	0.16342360
4245	0.16563309
4246	0.14156313
4247	0.15489932
4248	0.14477929
4249	0.11843225
4250	0.11258363
4251	0.12836771
4252	0.14706719
4253	0.14271255
4254	0.15970515
4255	0.16042726
4256	0.16684138
4257	0.13239425
4258	0.16258520
4259	0.14528697
4260	0.16434978
4261	0.13456763
4262	0.19718050
4263	0.21542577
4264	0.19341259
4265	0.13481697
4266	0.17963366
4267	0.17276707
4268	0.17171423
4269	0.15268010
4270	0.15682919
4271	0.14238420
4272	0.12536751
4273	0.16937298
4274	0.11155360
4275	0.13856659
4276	0.16394821
4277	0.16620804
4278	0.18177833
4279	0.16486120
4280	0.15444950
4281	0.17180812
4282	0.13975448
4283	0.15240406
4284	0.13671938
4285	0.17137085
4286	0.16980221
4287	0.18109111
4288	0.20667266
4289	0.17220298
4290	0.14117821
4291	0.18002537
4292	0.14211271
4293	0.19548524
4294	0.15987061
4295	0.16377330
4296	0.16950840
4297	0.16177419
4298	0.16130523
4299	0.17477322
4300	0.14933502
4301	0.14991448
4302	0.16482457
4303	0.12103394
4304	0.16045774
4305	0.18017676
4306	0.14976076
4307	0.13836144
4308	0.16543651
4309	0.13947793
4310	0.12449276
4311	0.15870692
4312	0.16017439
4313	0.17168255
4314	0.15838741
4315	0.17892895
4316	0.09370864
4317	0.16061737
4318	0.16148468
4319	0.13031222
4320	0.13375822
4321	0.14121689
4322	0.15140905
4323	0.14722654
4324	0.16912316
4325	0.15475814
4326	0.13259670
4327	0.17081825
4328	0.16112107
4329	0.18499968
4330	0.17685774
4331	0.11586506
4332	0.16824974
4333	0.14520048
4334	0.17896546
4335	0.14961858
4336	0.15780981
4337	0.16525372
4338	0.15795018
4339	0.13001331
4340	0.17679180
4341	0.18978086
4342	0.13755802
4343	0.16733172
4344	0.17381431
4345	0.15039067
4346	0.14796096
4347	0.14342815
4348	0.14498347
4349	0.15137366
4350	0.16166353
4351	0.16833792
4352	0.17879136
4353	0.13403337
4354	0.14082907
4355	0.14164467
4356	0.16245657
4357	0.16790808
4358	0.17744061
4359	0.13576992
4360	0.10831986
4361	0.15227503
4362	0.15734938
4363	0.18113639
4364	0.15450768
4365	0.17577447
4366	0.13704805
4367	0.15486940
4368	0.18081753
4369	0.19326864
4370	0.13256188
4371	0.15162610
4372	0.10639666
4373	0.13711431
4374	0.14814592
4375	0.16847825
4376	0.13271435
4377	0.14508355
4378	0.13477595
4379	0.15470603
4380	0.12284503
4381	0.17157077
4382	0.18756023
4383	0.17033768
4384	0.17576441
4385	0.13419027
4386	0.19147724
4387	0.13125408
4388	0.15775983
4389	0.14336936
4390	0.12323124
4391	0.15261693
4392	0.15538649
4393	0.16510406
4394	0.12659554
4395	0.17928878
4396	0.15677459
4397	0.17307455
4398	0.17772457
4399	0.15527953
4400	0.13948006
4401	0.18220527
4402	0.14075826
4403	0.13167157
4404	0.17538971
4405	0.12443587
4406	0.15008673
4407	0.16972453
4408	0.17469622
4409	0.17580245
4410	0.15575247
4411	0.14601978
4412	0.15967209
4413	0.14612694
4414	0.14577905
4415	0.11401118
4416	0.16914821
4417	0.17039103
4418	0.15690591
4419	0.12692063
4420	0.19365472
4421	0.15400989
4422	0.11387933
4423	0.19267929
4424	0.13950253
4425	0.16530491
4426	0.15680092
4427	0.16924761
4428	0.16626836
4429	0.15821761
4430	0.16888729
4431	0.14051246
4432	0.16299501
4433	0.17992718
4434	0.13988508
4435	0.13269083
4436	0.11970712
4437	0.15722155
4438	0.16097419
4439	0.15415641
4440	0.12641343
4441	0.17385147
4442	0.13389767
4443	0.13402308
4444	0.16031226
4445	0.16099763
4446	0.16118106
4447	0.15972666
4448	0.18013333
4449	0.16058291
4450	0.16441182
4451	0.16175706
4452	0.13565862
4453	0.16275372
4454	0.17089694
4455	0.15391383
4456	0.15583719
4457	0.14299944
4458	0.13529465
4459	0.14138078
4460	0.16145517
4461	0.14314680
4462	0.13114813
4463	0.15522220
4464	0.14887350
4465	0.16549071
4466	0.12640732
4467	0.16246618
4468	0.18019783
4469	0.14196494
4470	0.14691488
4471	0.10852778
4472	0.16538183
4473	0.19463579
4474	0.14956043
4475	0.21423458
4476	0.12047555
4477	0.18274294
4478	0.14637302
4479	0.12824897
4480	0.10637716
4481	0.14048110
4482	0.13898368
4483	0.16213554
4484	0.13347069
4485	0.16561419
4486	0.15218327
4487	0.14141230
4488	0.17484761
4489	0.15111158
4490	0.10826956
4491	0.17310438
4492	0.13934033
4493	0.11920068
4494	0.13671230
4495	0.12772071
4496	0.13898934
4497	0.16961970
4498	0.13359791
4499	0.12645959
4500	0.15175617
4501	0.13838914
4502	0.15256779
4503	0.10570322
4504	0.15297137
4505	0.12196441
4506	0.14389658
4507	0.16022561
4508	0.18741158
4509	0.15547668
4510	0.13316281
4511	0.15878926
4512	0.16459509
4513	0.16964572
4514	0.15105621
4515	0.13175778
4516	0.16499891
4517	0.13511066
4518	0.16179324
4519	0.16849172
4520	0.12477760
4521	0.10480165
4522	0.10257744
4523	0.12856454
4524	0.14525698
4525	0.13523410
4526	0.14779180
4527	0.18571628
4528	0.15245251
4529	0.19110784
4530	0.12405159
4531	0.15761645
4532	0.14000957
4533	0.12799891
4534	0.17259067
4535	0.14483812
4536	0.17814467
4537	0.12439316
4538	0.17957905
4539	0.14848154
4540	0.16730113
4541	0.14825006
4542	0.16556172
4543	0.14467362
4544	0.11845432
4545	0.15288902
4546	0.12768733
4547	0.18289952
4548	0.13961343
4549	0.12835078
4550	0.16107953
4551	0.16859855
4552	0.17591359
4553	0.17053390
4554	0.15607973
4555	0.16965058
4556	0.14387117
4557	0.13993108
4558	0.11211962
4559	0.14293494
4560	0.13988713
4561	0.15593619
4562	0.13601677
4563	0.13416506
4564	0.14962272
4565	0.16883040
4566	0.11613997
4567	0.17109324
4568	0.10197885
4569	0.13083808
4570	0.14306180
4571	0.15123466
4572	0.15962951
4573	0.14173032
4574	0.15162702
4575	0.16848774
4576	0.15921375
4577	0.14749417
4578	0.16608468
4579	0.15247929
4580	0.16797917
4581	0.14708488
4582	0.16419268
4583	0.14481524
4584	0.17275826
4585	0.19914246
4586	0.13782059
4587	0.15233940
4588	0.15478826
4589	0.19314335
4590	0.12128468
4591	0.16567604
4592	0.13782674
4593	0.14177230
4594	0.16296232
4595	0.15565416
4596	0.10224737
4597	0.13490973
4598	0.15727185
4599	0.11808102
4600	0.15397756
4601	0.14524133
4602	0.10182746
4603	0.15621950
4604	0.13699385
4605	0.16262710
4606	0.13811725
4607	0.13485774
4608	0.17202376
4609	0.15929236
4610	0.14935778
4611	0.17016253
4612	0.20450145
4613	0.13134142
4614	0.13981842
4615	0.15782646
4616	0.12883016
4617	0.12821214
4618	0.17687732
4619	0.09644652
4620	0.13731862
4621	0.14508938
4622	0.13484190
4623	0.13067258
4624	0.14793454
4625	0.16120310
4626	0.16371025
4627	0.15530873
4628	0.14557632
4629	0.11641906
4630	0.12762618
4631	0.15018898
4632	0.17637061
4633	0.12222220
4634	0.16957809
4635	0.17599578
4636	0.14851415
4637	0.18430414
4638	0.11776598
4639	0.18079312
4640	0.13131355
4641	0.11659288
4642	0.13278195
4643	0.13483804
4644	0.13116968
4645	0.14472489
4646	0.15555408
4647	0.18811721
4648	0.16211468
4649	0.15024310
4650	0.13722356
4651	0.15372469
4652	0.15845476
4653	0.14240366
4654	0.17199662
4655	0.12617986
4656	0.12879292
4657	0.14200000
4658	0.16374729
4659	0.13713140
4660	0.11984797
4661	0.16204326
4662	0.18991580
4663	0.14604125
4664	0.17838922
4665	0.19074620
4666	0.12174761
4667	0.17978661
4668	0.14716244
4669	0.15333502
4670	0.13995239
4671	0.17601922
4672	0.15182750
4673	0.10567499
4674	0.12022280
4675	0.16678086
4676	0.12678142
4677	0.18050491
4678	0.15377226
4679	0.15286864
4680	0.16603780
4681	0.16766433
4682	0.13482300
4683	0.11544986
4684	0.12995706
4685	0.13596349
4686	0.11255332
4687	0.15456598
4688	0.18400595
4689	0.12785609
4690	0.16879948
4691	0.14063571
4692	0.14064837
4693	0.12539284
4694	0.12179123
4695	0.12215762
4696	0.15770716
4697	0.15837515
4698	0.17840209
4699	0.14824596
4700	0.13248432
4701	0.14583571
4702	0.10429035
4703	0.12612931
4704	0.19351645
4705	0.13754548
4706	0.12808187
4707	0.14101697
4708	0.10924166
4709	0.15688291
4710	0.16417366
4711	0.15627278
4712	0.11637632
4713	0.10104612
4714	0.15620133
4715	0.14192179
4716	0.18538247
4717	0.14692750
4718	0.13557873
4719	0.13606992
4720	0.14641769
4721	0.13089891
4722	0.17359843
4723	0.12148138
4724	0.15682823
4725	0.18656325
4726	0.18820551
4727	0.13545078
4728	0.13894077
4729	0.17770820
4730	0.14281729
4731	0.16835581
4732	0.13727965
4733	0.16786393
4734	0.12161375
4735	0.17084133
4736	0.18306031
4737	0.14188850
4738	0.15709956
4739	0.15903828
4740	0.14933711
4741	0.15878424
4742	0.13506265
4743	0.13381986
4744	0.16188806
4745	0.14898573
4746	0.15964274
4747	0.16947897
4748	0.11876832
4749	0.15605521
4750	0.16296972
4751	0.10122099
4752	0.17647704
4753	0.16573993
4754	0.12884121
4755	0.15148046
4756	0.17578565
4757	0.12547326
4758	0.13779365
4759	0.16560539
4760	0.13866719
4761	0.13973020
4762	0.17826441
4763	0.14618601
4764	0.17174310
4765	0.15722618
4766	0.10314105
4767	0.13405850
4768	0.12667801
4769	0.10898050
4770	0.13398766
4771	0.15972537
4772	0.13204974
4773	0.13026759
4774	0.11129992
4775	0.18301637
4776	0.11855931
4777	0.11692091
4778	0.12997234
4779	0.18057845
4780	0.11745416
4781	0.10307716
4782	0.16374463
4783	0.12990881
4784	0.15263530
4785	0.11198239
4786	0.15152075
4787	0.16205046
4788	0.10094339
4789	0.13072791
4790	0.15245336
4791	0.15097346
4792	0.14167813
4793	0.18541994
4794	0.16086080
4795	0.14599345
4796	0.12736068
4797	0.15669509
4798	0.15948774
4799	0.14235726
4800	0.13242939
4801	0.12009867
4802	0.14748452
4803	0.16035099
4804	0.16591733
4805	0.15184604
4806	0.15102602
4807	0.17001295
4808	0.12126602
4809	0.16663494
4810	0.12190913
4811	0.11488022
4812	0.13304725
4813	0.18325404
4814	0.17375541
4815	0.13468384
4816	0.13154668
4817	0.13144733
4818	0.12344950
4819	0.14039099
4820	0.14373386
4821	0.13876707
4822	0.13604986
4823	0.13213213
4824	0.16389276
4825	0.18594061
4826	0.13828010
4827	0.14617346
4828	0.12743036
4829	0.15211685
4830	0.18840032
4831	0.14578528
4832	0.17178991
4833	0.16881242
4834	0.14426425
4835	0.11748118
4836	0.15427829
4837	0.10459103
4838	0.15615995
4839	0.13616377
4840	0.16482119
4841	0.13260446
4842	0.15781661
4843	0.13644125
4844	0.19957415
4845	0.11736956
4846	0.10808504
4847	0.14099928
4848	0.13133687
4849	0.17298922
4850	0.14143422
4851	0.14208396
4852	0.12436172
4853	0.12001990
4854	0.15805641
4855	0.16397419
4856	0.15095573
4857	0.13718271
4858	0.16750800
4859	0.11006518
4860	0.13358319
4861	0.14519755
4862	0.12685239
4863	0.10777837
4864	0.14016944
4865	0.16357676
4866	0.15105448
4867	0.10087282
4868	0.12974805
4869	0.15124238
4870	0.14370426
4871	0.13706450
4872	0.17328552
4873	0.14987652
4874	0.19030161
4875	0.14379513
4876	0.14825665
4877	0.17670619
4878	0.16309481
4879	0.11356614
4880	0.19999614
4881	0.13636715
4882	0.13877149
4883	0.19232171
4884	0.18330350
4885	0.18679389
4886	0.14625947
4887	0.15956281
4888	0.17344057
4889	0.13017925
4890	0.16762642
4891	0.15812356
4892	0.12492236
4893	0.14244801
4894	0.14351230
4895	0.13908404
4896	0.14393004
4897	0.16539260
4898	0.13347640
4899	0.10995754
4900	0.14000704
4901	0.11880113
4902	0.14322795
4903	0.12816514
4904	0.12588737
4905	0.11535468
4906	0.17565356
4907	0.13706429
4908	0.12069465
4909	0.14944680
4910	0.14812979
4911	0.15192658
4912	0.14116212
4913	0.10960792
4914	0.18433462
4915	0.12443309
4916	0.13793305
4917	0.14250205
4918	0.17575955
4919	0.11117853
4920	0.14258810
4921	0.14809739
4922	0.16748971
4923	0.13796297
4924	0.18835790
4925	0.13744053
4926	0.15983406
4927	0.19047579
4928	0.15493285
4929	0.13241576
4930	0.13675766
4931	0.14876365
4932	0.10068343
4933	0.12548959
4934	0.10458275
4935	0.14331082
4936	0.17327994
4937	0.13444037
4938	0.15884729
4939	0.13172368
4940	0.12804170
4941	0.12069477
4942	0.16007720
4943	0.16867342
4944	0.11235062
4945	0.14709417
4946	0.11706136
4947	0.13030016
4948	0.13327242
4949	0.13543743
4950	0.15669634
4951	0.13890680
4952	0.10972449
4953	0.11562931
4954	0.12063735
4955	0.16911653
4956	0.14414958
4957	0.11789051
4958	0.15205999
4959	0.11776980
4960	0.12604845
4961	0.16798170
4962	0.18880599
4963	0.14944721
4964	0.13106727
4965	0.13197209
4966	0.15092750
4967	0.13318295
4968	0.13953293
4969	0.14558532
4970	0.13193506
4971	0.17066313
4972	0.14946574
4973	0.11335424
