0	0.42948445
1	0.42870078
2	0.42922381
3	0.42915879
4	0.42759299
5	0.38422970
6	0.42918698
7	0.42262716
8	0.42940231
9	0.42927036
10	0.42922823
11	0.40817448
12	0.42954059
13	0.42860757
14	0.42880096
15	0.42952431
16	0.42974047
17	0.40919590
18	0.42536942
19	0.39960179
20	0.42641784
21	0.42164663
22	0.42679363
23	0.42927669
24	0.42918933
25	0.41686769
26	0.42214099
27	0.42821242
28	0.42760458
29	0.41898638
30	0.42597368
31	0.42658045
32	0.42872029
33	0.40407697
34	0.42878885
35	0.42620068
36	0.42727557
37	0.42292395
38	0.40604137
39	0.41877400
40	0.42226136
41	0.42736847
42	0.42508577
43	0.38897440
44	0.38498889
45	0.39527740
46	0.39801171
47	0.40988752
48	0.41969249
49	0.42460123
50	0.42701617
51	0.33850731
52	0.38473681
53	0.39361119
54	0.38221987
55	0.42546709
56	0.40424961
57	0.41826590
58	0.35241541
59	0.37419904
60	0.40348764
61	0.39676436
62	0.40508354
63	0.42672877
64	0.41553454
65	0.33776508
66	0.37658782
67	0.42252315
68	0.39652160
69	0.40521282
70	0.39077384
71	0.36857054
72	0.38955592
73	0.40610914
74	0.39020418
75	0.41773474
76	0.39521214
77	0.37977376
78	0.40746781
79	0.33127334
80	0.33930185
81	0.38679801
82	0.38532443
83	0.34174242
84	0.39048433
85	0.36836771
86	0.42134103
87	0.34729656
88	0.41947211
89	0.39129926
90	0.40722154
91	0.41937241
92	0.38017448
93	0.40221983
94	0.38693570
95	0.35229902
96	0.41220267
97	0.40357898
98	0.32522162
99	0.41828290
100	0.37407000
101	0.37510086
102	0.40705590
103	0.40586797
104	0.35580764
105	0.31685041
106	0.33966283
107	0.34290922
108	0.37568541
109	0.38004507
110	0.38365913
111	0.39644053
112	0.35860303
113	0.39047633
114	0.38356659
115	0.32880028
116	0.25919769
117	0.33430567
118	0.30284941
119	0.41579920
120	0.38373888
121	0.40507569
122	0.25960991
123	0.41510317
124	0.34856751
125	0.36319263
126	0.38636170
127	0.37820968
128	0.39421258
129	0.40065988
130	0.37454657
131	0.38763070
132	0.37952156
133	0.36250878
134	0.25262871
135	0.30271774
136	0.32623022
137	0.33784193
138	0.28473526
139	0.37633940
140	0.36898431
141	0.33143225
142	0.26806180
143	0.41290850
144	0.38288099
145	0.34090766
146	0.34748373
147	0.39631738
148	0.29800127
149	0.35313315
150	0.34708465
151	0.40631949
152	0.33515847
153	0.33700155
154	0.36819936
155	0.32413828
156	0.32367553
157	0.40438057
158	0.33214800
159	0.30132427
160	0.25379144
161	0.28814270
162	0.29963854
163	0.38139124
164	0.29604734
165	0.30325734
166	0.27772176
167	0.35189970
168	0.40821127
169	0.27942345
170	0.33838244
171	0.27539980
172	0.35659717
173	0.38615732
174	0.30946542
175	0.33906745
176	0.38697145
177	0.33238017
178	0.30969739
179	0.35353801
180	0.42527693
181	0.35696894
182	0.29210703
183	0.37159148
184	0.34294159
185	0.37538809
186	0.39041887
187	0.39004173
188	0.32815791
189	0.31952889
190	0.35177189
191	0.20521374
192	0.27751770
193	0.28809815
194	0.31821087
195	0.28663372
196	0.28905065
197	0.32525992
198	0.37481676
199	0.35057814
200	0.36158845
201	0.41152658
202	0.31017627
203	0.34663193
204	0.27238825
205	0.27995656
206	0.34250806
207	0.27683114
208	0.34087223
209	0.34214931
210	0.29132741
211	0.38613462
212	0.21429875
213	0.39616950
214	0.30328290
215	0.29392785
216	0.24696727
217	0.32880534
218	0.35574529
219	0.32800729
220	0.34097822
221	0.38559136
222	0.37252717
223	0.33557372
224	0.30231897
225	0.32180932
226	0.31473992
227	0.40623970
228	0.35625120
229	0.35732881
230	0.36726375
231	0.37181171
232	0.39523599
233	0.34223281
234	0.40585312
235	0.30724284
236	0.36682998
237	0.35759546
238	0.32275775
239	0.34619912
240	0.38366490
241	0.31544623
242	0.39460147
243	0.30364288
244	0.35918320
245	0.36854935
246	0.30110671
247	0.37834338
248	0.36229194
249	0.30970826
250	0.35624308
251	0.27877571
252	0.27912287
253	0.32444093
254	0.38547860
255	0.38694207
256	0.33424702
257	0.31452666
258	0.35671686
259	0.33263799
260	0.37105897
261	0.36111929
262	0.33903826
263	0.34749819
264	0.31435103
265	0.31176930
266	0.32973299
267	0.35754231
268	0.25404292
269	0.31194418
270	0.28829668
271	0.28125057
272	0.32379494
273	0.30748381
274	0.31858419
275	0.30927717
276	0.25161959
277	0.28361832
278	0.27199116
279	0.25844157
280	0.24867537
281	0.34965626
282	0.27333872
283	0.32831443
284	0.29644714
285	0.25930117
286	0.32144499
287	0.28107928
288	0.27582540
289	0.31442126
290	0.25668007
291	0.35102433
292	0.35549799
293	0.26711045
294	0.30268656
295	0.29754274
296	0.36800844
297	0.32187087
298	0.27988298
299	0.37120764
300	0.33198845
301	0.25718802
302	0.36382795
303	0.26063468
304	0.29810141
305	0.29226486
306	0.27000944
307	0.32035871
308	0.32132363
309	0.26290054
310	0.26035262
311	0.28388553
312	0.25666490
313	0.37817492
314	0.30220864
315	0.36222556
316	0.28215791
317	0.30679490
318	0.32598379
319	0.28721800
320	0.28558794
321	0.33704264
322	0.30620219
323	0.30569158
324	0.33983205
325	0.35723735
326	0.31537882
327	0.27605519
328	0.33809401
329	0.25460311
330	0.24899968
331	0.28434043
332	0.26023468
333	0.26294712
334	0.33309433
335	0.21307067
336	0.29192184
337	0.28445312
338	0.30983468
339	0.35818849
340	0.29254525
341	0.33629974
342	0.24965112
343	0.32285984
344	0.31684858
345	0.32739100
346	0.34232367
347	0.30807975
348	0.28034242
349	0.34058069
350	0.29850524
351	0.28760705
352	0.26722194
353	0.25466426
354	0.30811475
355	0.32370790
356	0.29424312
357	0.27903560
358	0.22110038
359	0.36704404
360	0.29999299
361	0.27532777
362	0.25436819
363	0.36359610
364	0.34155875
365	0.20091204
366	0.32543771
367	0.30166821
368	0.35569612
369	0.18736946
370	0.30847478
371	0.33555632
372	0.29497718
373	0.21990205
374	0.23628688
375	0.33115604
376	0.23193940
377	0.23388234
378	0.25468342
379	0.25345116
380	0.27259128
381	0.27509070
382	0.26787836
383	0.24795728
384	0.24748847
385	0.29605821
386	0.35552809
387	0.32139172
388	0.28929281
389	0.22743070
390	0.25551865
391	0.30271133
392	0.34433148
393	0.29852809
394	0.33501931
395	0.19526474
396	0.28288270
397	0.29983838
398	0.28174334
399	0.30136146
400	0.30729791
401	0.32211794
402	0.32186255
403	0.25099853
404	0.26603185
405	0.24500888
406	0.28508043
407	0.30832510
408	0.27233096
409	0.31777476
410	0.33286331
411	0.24346156
412	0.31776197
413	0.34686466
414	0.35478443
415	0.25603950
416	0.23453120
417	0.28246785
418	0.30074919
419	0.29168198
420	0.29650615
421	0.27173323
422	0.24205634
423	0.22966837
424	0.25276106
425	0.27439658
426	0.29238981
427	0.26420119
428	0.20855326
429	0.26336349
430	0.28179196
431	0.25954876
432	0.30124579
433	0.23538507
434	0.22839964
435	0.29100243
436	0.33781151
437	0.26266048
438	0.33824252
439	0.27442485
440	0.20424682
441	0.23971097
442	0.27368131
443	0.25391005
444	0.25828389
445	0.33433239
446	0.30551208
447	0.36620538
448	0.25880104
449	0.26849130
450	0.31508867
451	0.26472483
452	0.30679024
453	0.26878360
454	0.27057153
455	0.31914430
456	0.22838324
457	0.27099343
458	0.23391770
459	0.28012033
460	0.20321887
461	0.18834784
462	0.25936612
463	0.27382377
464	0.26069914
465	0.33675294
466	0.26911897
467	0.28868413
468	0.30184296
469	0.26418332
470	0.33555083
471	0.27249918
472	0.26357273
473	0.24557440
474	0.21251200
475	0.30407912
476	0.33634955
477	0.28299892
478	0.34690404
479	0.31035517
480	0.25305292
481	0.25060358
482	0.29787044
483	0.34090117
484	0.27087728
485	0.31004897
486	0.26116253
487	0.24831630
488	0.25204149
489	0.30872881
490	0.22655071
491	0.30348079
492	0.27033148
493	0.22957571
494	0.16143707
495	0.25089703
496	0.26576910
497	0.23384714
498	0.28351838
499	0.24626626
500	0.30617539
501	0.25821071
502	0.26149353
503	0.27948401
504	0.24371750
505	0.35393307
506	0.26726303
507	0.26962282
508	0.27526880
509	0.23043249
510	0.25655059
511	0.28880900
512	0.27986231
513	0.30029660
514	0.28070814
515	0.31524527
516	0.30138101
517	0.18412590
518	0.30891125
519	0.25594430
520	0.20980613
521	0.30534330
522	0.28049855
523	0.22587517
524	0.23992598
525	0.35915951
526	0.25039236
527	0.28949954
528	0.32316428
529	0.20165706
530	0.28909986
531	0.29921346
532	0.30348903
533	0.25386845
534	0.24090233
535	0.20705869
536	0.25940151
537	0.25647935
538	0.26457726
539	0.28887103
540	0.30673171
541	0.33083245
542	0.30813076
543	0.26893641
544	0.25108115
545	0.22255748
546	0.18002823
547	0.26505610
548	0.34943508
549	0.24495576
550	0.21450201
551	0.22801736
552	0.26064539
553	0.23938778
554	0.30344905
555	0.26057894
556	0.28203404
557	0.26399908
558	0.28218726
559	0.27553609
560	0.19115644
561	0.31910038
562	0.27478427
563	0.29052618
564	0.23245188
565	0.29553793
566	0.25427430
567	0.30693486
568	0.27125718
569	0.30137480
570	0.29242202
571	0.27729628
572	0.27873737
573	0.28141848
574	0.23660291
575	0.22887720
576	0.27198328
577	0.28405423
578	0.26032475
579	0.25909660
580	0.20361195
581	0.31309568
582	0.30631865
583	0.21895827
584	0.28963388
585	0.29644945
586	0.26880370
587	0.18946295
588	0.21597137
589	0.32135393
590	0.25204814
591	0.29849496
592	0.28940972
593	0.21883552
594	0.28369660
595	0.24474947
596	0.22362851
597	0.22272459
598	0.22507259
599	0.25827414
600	0.34950910
601	0.25335994
602	0.21665439
603	0.23459291
604	0.20707275
605	0.28879112
606	0.21863472
607	0.31933733
608	0.28169210
609	0.21320151
610	0.22882803
611	0.29176058
612	0.26029234
613	0.24545116
614	0.30170201
615	0.29782166
616	0.26411579
617	0.24431722
618	0.21126052
619	0.23032160
620	0.23584396
621	0.21590766
622	0.25817472
623	0.29301820
624	0.23299068
625	0.23061366
626	0.24098606
627	0.24332777
628	0.24897858
629	0.22962242
630	0.26325053
631	0.18596150
632	0.21632940
633	0.21467386
634	0.28482118
635	0.28403830
636	0.25555847
637	0.25489763
638	0.29610930
639	0.24970364
640	0.29197038
641	0.29849357
642	0.16684730
643	0.29978583
644	0.23657269
645	0.23369102
646	0.24714820
647	0.23825212
648	0.22867880
649	0.28593546
650	0.28301354
651	0.20878097
652	0.23626383
653	0.22673952
654	0.22652104
655	0.22454876
656	0.21358901
657	0.26514290
658	0.24503289
659	0.32938941
660	0.25577953
661	0.17415254
662	0.24042958
663	0.22333900
664	0.27182166
665	0.26263576
666	0.25058475
667	0.31419590
668	0.27912001
669	0.20353267
670	0.27792849
671	0.33747784
672	0.26155218
673	0.28516444
674	0.30616297
675	0.27547330
676	0.26956663
677	0.18396866
678	0.19904663
679	0.20571451
680	0.30036667
681	0.21539614
682	0.24938356
683	0.19302086
684	0.25042166
685	0.22794868
686	0.27704479
687	0.27396170
688	0.30456835
689	0.25218399
690	0.28621151
691	0.21775708
692	0.21678949
693	0.22789015
694	0.29080239
695	0.26164878
696	0.20862799
697	0.21413896
698	0.20575158
699	0.21525980
700	0.24610014
701	0.29056409
702	0.26492427
703	0.19513466
704	0.27246482
705	0.26403173
706	0.23464603
707	0.24321095
708	0.30499144
709	0.24662258
710	0.24576628
711	0.25911037
712	0.25185849
713	0.22317531
714	0.28559287
715	0.21663006
716	0.23999578
717	0.26577046
718	0.20825523
719	0.26120307
720	0.28856492
721	0.23229839
722	0.32796811
723	0.26435222
724	0.27046630
725	0.20719192
726	0.28976293
727	0.28023500
728	0.24227860
729	0.19095660
730	0.29290416
731	0.21683337
732	0.23132499
733	0.26954712
734	0.26284543
735	0.26773152
736	0.25812132
737	0.20517750
738	0.24601198
739	0.23578754
740	0.27166144
741	0.21229377
742	0.20745355
743	0.21875529
744	0.22126355
745	0.28189624
746	0.25617121
747	0.23083118
748	0.30146486
749	0.29801007
750	0.23501832
751	0.26320713
752	0.26874684
753	0.20481230
754	0.24550488
755	0.22499733
756	0.28239586
757	0.28036966
758	0.22001923
759	0.27265833
760	0.29153765
761	0.17606080
762	0.22528473
763	0.19646916
764	0.23129329
765	0.29260800
766	0.29063671
767	0.24439805
768	0.24496723
769	0.27967048
770	0.22022572
771	0.21727430
772	0.24595580
773	0.26592037
774	0.28150082
775	0.20140733
776	0.25177778
777	0.26362624
778	0.27999769
779	0.18385112
780	0.25460928
781	0.21624547
782	0.18244093
783	0.21636436
784	0.21019224
785	0.25115477
786	0.25335927
787	0.25993526
788	0.20782919
789	0.21529584
790	0.20622847
791	0.26018594
792	0.21400004
793	0.27036245
794	0.20316532
795	0.25043062
796	0.22126283
797	0.30105264
798	0.18508421
799	0.25202974
800	0.25002819
801	0.22352311
802	0.27480287
803	0.27679255
804	0.20830914
805	0.22988811
806	0.22443034
807	0.21176580
808	0.26384479
809	0.20526825
810	0.17861135
811	0.22897754
812	0.25112001
813	0.27587697
814	0.22967143
815	0.28768668
816	0.23313315
817	0.20894326
818	0.25165698
819	0.22748660
820	0.27280812
821	0.23712849
822	0.21811467
823	0.18702652
824	0.21251623
825	0.25435608
826	0.22018833
827	0.29437356
828	0.25228162
829	0.19358296
830	0.27154899
831	0.24604886
832	0.23914091
833	0.24197961
834	0.24630834
835	0.27207995
836	0.26310448
837	0.24879578
838	0.22442409
839	0.27302572
840	0.20885196
841	0.21247856
842	0.21859367
843	0.21491145
844	0.24632749
845	0.19715489
846	0.25392136
847	0.23526140
848	0.21364866
849	0.23775541
850	0.21579713
851	0.24026124
852	0.25813554
853	0.28779104
854	0.20752594
855	0.21691917
856	0.21951236
857	0.25496496
858	0.20612483
859	0.18649257
860	0.22299021
861	0.23453359
862	0.18477197
863	0.25803106
864	0.26929098
865	0.22551348
866	0.26400255
867	0.19892180
868	0.26980741
869	0.22209245
870	0.18500717
871	0.27355453
872	0.21245801
873	0.27146494
874	0.23147215
875	0.28769978
876	0.21867613
877	0.19297109
878	0.24409540
879	0.26606482
880	0.16525439
881	0.23713211
882	0.17863687
883	0.27857022
884	0.29345996
885	0.29249978
886	0.23786622
887	0.21656552
888	0.22870770
889	0.24366295
890	0.19478272
891	0.21771834
892	0.25827856
893	0.20107430
894	0.24248505
895	0.26434179
896	0.23536954
897	0.25789476
898	0.26723440
899	0.27004077
900	0.21055656
901	0.27747386
902	0.19629142
903	0.23924412
904	0.18148330
905	0.28841445
906	0.20112893
907	0.20168107
908	0.22375564
909	0.20214617
910	0.18271372
911	0.17416568
912	0.22980490
913	0.25142735
914	0.21519566
915	0.27287115
916	0.21194143
917	0.23943221
918	0.28384543
919	0.24645320
920	0.24335469
921	0.19036337
922	0.20457551
923	0.23747279
924	0.25587462
925	0.21800450
926	0.24163663
927	0.24266645
928	0.22838021
929	0.30419841
930	0.22125316
931	0.22865845
932	0.22184312
933	0.20885857
934	0.19886160
935	0.20044041
936	0.21275457
937	0.17748919
938	0.19169086
939	0.22214931
940	0.23859534
941	0.22465519
942	0.33075481
943	0.19320828
944	0.23420394
945	0.21209154
946	0.19262859
947	0.20270062
948	0.23090030
949	0.22365467
950	0.23993673
951	0.22852714
952	0.24994055
953	0.20546821
954	0.18175975
955	0.23876675
956	0.30629934
957	0.22282019
958	0.18050265
959	0.26243842
960	0.24733948
961	0.26606916
962	0.23256675
963	0.25830066
964	0.22730205
965	0.25124463
966	0.18180147
967	0.28336500
968	0.20861971
969	0.24194469
970	0.21353068
971	0.18240796
972	0.18130189
973	0.23168963
974	0.18846315
975	0.20022465
976	0.18801413
977	0.26710340
978	0.16480462
979	0.26652112
980	0.20349978
981	0.23123106
982	0.20208851
983	0.27509413
984	0.21542134
985	0.24115345
986	0.22583213
987	0.22777368
988	0.22033996
989	0.23922568
990	0.25549118
991	0.23368668
992	0.20004328
993	0.18988218
994	0.18730201
995	0.24799546
996	0.23889082
997	0.24137217
998	0.16345379
999	0.24886223
1000	0.19223930
1001	0.16949492
1002	0.17608151
1003	0.20306769
1004	0.17912463
1005	0.21439960
1006	0.22019028
1007	0.25782214
1008	0.20334382
1009	0.25618714
1010	0.17766848
1011	0.19749731
1012	0.20393554
1013	0.27670002
1014	0.25306072
1015	0.19516827
1016	0.22768776
1017	0.22140681
1018	0.26534557
1019	0.18894127
1020	0.24032248
1021	0.21468788
1022	0.23109445
1023	0.24304037
1024	0.20685977
1025	0.23455576
1026	0.21214016
1027	0.26781043
1028	0.23267864
1029	0.26314454
1030	0.22299634
1031	0.27125252
1032	0.25214199
1033	0.22766470
1034	0.19563309
1035	0.23841863
1036	0.23298997
1037	0.27154533
1038	0.23064527
1039	0.22001987
1040	0.23180259
1041	0.21818232
1042	0.25122723
1043	0.26295019
1044	0.20100382
1045	0.20502262
1046	0.24665957
1047	0.26403739
1048	0.20541497
1049	0.22787283
1050	0.22309086
1051	0.16317563
1052	0.23901099
1053	0.22478415
1054	0.20195560
1055	0.24628740
1056	0.20383520
1057	0.18037726
1058	0.17476122
1059	0.23628947
1060	0.29104416
1061	0.17364069
1062	0.16649620
1063	0.23445312
1064	0.18693263
1065	0.25591284
1066	0.25285327
1067	0.17613641
1068	0.21635967
1069	0.22276978
1070	0.20315377
1071	0.21319916
1072	0.23938272
1073	0.20018606
1074	0.20871392
1075	0.28403165
1076	0.21004129
1077	0.22894250
1078	0.17730575
1079	0.16074501
1080	0.19696847
1081	0.25110436
1082	0.23120832
1083	0.18146032
1084	0.17621959
1085	0.17942915
1086	0.22554824
1087	0.24252881
1088	0.18818184
1089	0.15315640
1090	0.19941836
1091	0.22283006
1092	0.19840995
1093	0.31065109
1094	0.19512944
1095	0.23986813
1096	0.22494338
1097	0.18485228
1098	0.14071392
1099	0.16732152
1100	0.22813498
1101	0.22547621
1102	0.20256870
1103	0.18457488
1104	0.19994509
1105	0.22192339
1106	0.20341939
1107	0.23013227
1108	0.22943719
1109	0.15671591
1110	0.25200609
1111	0.21998535
1112	0.17900422
1113	0.19382692
1114	0.25598053
1115	0.21961095
1116	0.23853673
1117	0.18879009
1118	0.18742254
1119	0.22918559
1120	0.20277484
1121	0.20757193
1122	0.22404145
1123	0.18289086
1124	0.23019419
1125	0.20391089
1126	0.24448983
1127	0.21792037
1128	0.18879407
1129	0.19858025
1130	0.20200621
1131	0.22325945
1132	0.25271045
1133	0.19534899
1134	0.27300486
1135	0.23304014
1136	0.20826761
1137	0.15012307
1138	0.22860772
1139	0.23375819
1140	0.16569695
1141	0.19676978
1142	0.22063436
1143	0.24889723
1144	0.19843146
1145	0.25450583
1146	0.24448115
1147	0.19703476
1148	0.21445248
1149	0.19515891
1150	0.25562242
1151	0.17701923
1152	0.20558634
1153	0.21136628
1154	0.23074406
1155	0.23529429
1156	0.26422520
1157	0.20749345
1158	0.16644380
1159	0.26180171
1160	0.17604296
1161	0.26450794
1162	0.17767569
1163	0.23929102
1164	0.22891638
1165	0.22209620
1166	0.17756182
1167	0.19537798
1168	0.18350165
1169	0.18889417
1170	0.24205244
1171	0.26194700
1172	0.22802835
1173	0.20898085
1174	0.23854931
1175	0.21449094
1176	0.26452124
1177	0.18311977
1178	0.17245184
1179	0.19446371
1180	0.29732256
1181	0.22482696
1182	0.25927947
1183	0.23917205
1184	0.22069791
1185	0.26173235
1186	0.19351654
1187	0.22262174
1188	0.23913048
1189	0.19451216
1190	0.22086622
1191	0.19650468
1192	0.23810918
1193	0.19619892
1194	0.18118519
1195	0.19028680
1196	0.21231730
1197	0.26125754
1198	0.19716572
1199	0.21656866
1200	0.21682059
1201	0.20219160
1202	0.23736504
1203	0.19961871
1204	0.19669333
1205	0.29108541
1206	0.19911682
1207	0.18802142
1208	0.20417324
1209	0.25452339
1210	0.23155656
1211	0.21136373
1212	0.21785877
1213	0.20985037
1214	0.17117826
1215	0.17746944
1216	0.17079204
1217	0.25125519
1218	0.17206215
1219	0.21596444
1220	0.24498360
1221	0.22888099
1222	0.20951427
1223	0.17963659
1224	0.19386375
1225	0.18137993
1226	0.21079857
1227	0.20151527
1228	0.25314270
1229	0.18842357
1230	0.22613048
1231	0.21173637
1232	0.21540589
1233	0.17156743
1234	0.15042887
1235	0.18725312
1236	0.18843452
1237	0.19273920
1238	0.16750536
1239	0.17577093
1240	0.28321545
1241	0.22149986
1242	0.24072514
1243	0.21994354
1244	0.21780096
1245	0.21761724
1246	0.21927788
1247	0.17162528
1248	0.21412909
1249	0.21175505
1250	0.19410806
1251	0.20058949
1252	0.21058077
1253	0.22459789
1254	0.23285901
1255	0.16526673
1256	0.22853964
1257	0.21315071
1258	0.24446196
1259	0.27131300
1260	0.19212630
1261	0.24897348
1262	0.23282158
1263	0.17003886
1264	0.25467131
1265	0.19541155
1266	0.19224810
1267	0.24529102
1268	0.24272885
1269	0.17637376
1270	0.20954406
1271	0.20591097
1272	0.15315668
1273	0.16973171
1274	0.18463556
1275	0.21011149
1276	0.17636460
1277	0.21505507
1278	0.25394477
1279	0.18634278
1280	0.20233148
1281	0.23376090
1282	0.17672295
1283	0.17678587
1284	0.23704244
1285	0.26689624
1286	0.22623540
1287	0.25574657
1288	0.15287219
1289	0.21018997
1290	0.20426797
1291	0.19292992
1292	0.19153697
1293	0.20800832
1294	0.17123584
1295	0.17632753
1296	0.21825232
1297	0.22368115
1298	0.22019530
1299	0.22122297
1300	0.16930113
1301	0.18634876
1302	0.17989707
1303	0.20061230
1304	0.22274888
1305	0.19814748
1306	0.21718375
1307	0.19160382
1308	0.23717460
1309	0.17833032
1310	0.17622664
1311	0.22069679
1312	0.22524312
1313	0.22899984
1314	0.17013351
1315	0.19205925
1316	0.24342469
1317	0.18057511
1318	0.24622210
1319	0.19019506
1320	0.21271244
1321	0.18882640
1322	0.17814907
1323	0.18545833
1324	0.25252714
1325	0.21553948
1326	0.18806725
1327	0.20172992
1328	0.21525933
1329	0.18729656
1330	0.24010209
1331	0.16430384
1332	0.15233984
1333	0.22978184
1334	0.24945550
1335	0.17648298
1336	0.20573450
1337	0.15142393
1338	0.21336313
1339	0.22598077
1340	0.18062787
1341	0.20359136
1342	0.18986446
1343	0.18513223
1344	0.19779287
1345	0.22082915
1346	0.22827744
1347	0.20478061
1348	0.25292526
1349	0.20549668
1350	0.19456329
1351	0.18809668
1352	0.18107450
1353	0.24889894
1354	0.23722688
1355	0.19508600
1356	0.18999550
1357	0.16868521
1358	0.18530631
1359	0.26059423
1360	0.21404065
1361	0.23993868
1362	0.27262429
1363	0.20670241
1364	0.25600880
1365	0.19993048
1366	0.15092025
1367	0.22433992
1368	0.19258670
1369	0.20674274
1370	0.22249003
1371	0.18830528
1372	0.21778328
1373	0.15815099
1374	0.28374497
1375	0.19182903
1376	0.20506231
1377	0.21774155
1378	0.17612295
1379	0.16011575
1380	0.18930695
1381	0.21475879
1382	0.21885471
1383	0.16936910
1384	0.18730528
1385	0.16553271
1386	0.19431861
1387	0.18868154
1388	0.20072925
1389	0.16818049
1390	0.21393359
1391	0.17552260
1392	0.24296608
1393	0.18362309
1394	0.18496106
1395	0.20390145
1396	0.23225610
1397	0.18079395
1398	0.16719677
1399	0.26707286
1400	0.18412068
1401	0.20498626
1402	0.22445089
1403	0.13996245
1404	0.25596472
1405	0.16683691
1406	0.18068338
1407	0.15936827
1408	0.18874135
1409	0.24274828
1410	0.18807657
1411	0.18341035
1412	0.19229568
1413	0.19482919
1414	0.18109277
1415	0.21381250
1416	0.21131415
1417	0.21917189
1418	0.15181469
1419	0.19005471
1420	0.24360538
1421	0.21375091
1422	0.22464639
1423	0.18390102
1424	0.15912833
1425	0.23251810
1426	0.19516405
1427	0.17784929
1428	0.21380904
1429	0.18305825
1430	0.16776596
1431	0.16644993
1432	0.17417949
1433	0.24562632
1434	0.14012606
1435	0.16589082
1436	0.20499204
1437	0.16768314
1438	0.17528724
1439	0.18036703
1440	0.18031017
1441	0.17457555
1442	0.17706283
1443	0.16502500
1444	0.22725702
1445	0.19647119
1446	0.20043970
1447	0.17582497
1448	0.18391798
1449	0.19675043
1450	0.19200016
1451	0.17847971
1452	0.21121027
1453	0.15423106
1454	0.21184459
1455	0.23435572
1456	0.17725626
1457	0.19695907
1458	0.18935290
1459	0.22768919
1460	0.17776847
1461	0.14816560
1462	0.22605316
1463	0.19093299
1464	0.18831957
1465	0.17773355
1466	0.16839697
1467	0.19106144
1468	0.21273900
1469	0.19848059
1470	0.17662946
1471	0.22799383
1472	0.18937826
1473	0.17995326
1474	0.15974465
1475	0.23574899
1476	0.15005638
1477	0.19024953
1478	0.16722954
1479	0.27987740
1480	0.25594270
1481	0.15743950
1482	0.17743986
1483	0.17189966
1484	0.20159391
1485	0.14666255
1486	0.26365606
1487	0.19859100
1488	0.23220561
1489	0.16139546
1490	0.17051551
1491	0.24077185
1492	0.21946422
1493	0.21943464
1494	0.17282278
1495	0.17854454
1496	0.17200123
1497	0.22618738
1498	0.22112375
1499	0.20217826
1500	0.19210289
1501	0.20081736
1502	0.18441386
1503	0.19324778
1504	0.20583743
1505	0.18476074
1506	0.15114509
1507	0.17870078
1508	0.19899877
1509	0.19364742
1510	0.18345300
1511	0.19691607
1512	0.18427195
1513	0.19542489
1514	0.21975963
1515	0.16597571
1516	0.23532148
1517	0.19746980
1518	0.20091089
1519	0.19097348
1520	0.20305435
1521	0.20595763
1522	0.19501513
1523	0.17123229
1524	0.20209457
1525	0.26901191
1526	0.20022887
1527	0.15173171
1528	0.16019853
1529	0.23236325
1530	0.20059614
1531	0.19921099
1532	0.15877372
1533	0.17370225
1534	0.18752407
1535	0.15220545
1536	0.24428250
1537	0.17763544
1538	0.22008895
1539	0.20222855
1540	0.17827800
1541	0.19659498
1542	0.14915525
1543	0.17577611
1544	0.17880458
1545	0.19067796
1546	0.16921417
1547	0.21639021
1548	0.13701437
1549	0.16706916
1550	0.18787713
1551	0.16734597
1552	0.18539737
1553	0.18929520
1554	0.19087868
1555	0.16546992
1556	0.18781063
1557	0.20728955
1558	0.17203906
1559	0.20666414
1560	0.22033255
1561	0.18945686
1562	0.20547155
1563	0.15490133
1564	0.21467243
1565	0.15653506
1566	0.17889500
1567	0.16855760
1568	0.20711587
1569	0.17727195
1570	0.21348437
1571	0.20617587
1572	0.18323934
1573	0.19936329
1574	0.21034561
1575	0.19797109
1576	0.22855564
1577	0.18431619
1578	0.21865292
1579	0.21021867
1580	0.17410384
1581	0.17821286
1582	0.19623779
1583	0.22200597
1584	0.22694207
1585	0.25889202
1586	0.18362126
1587	0.20647486
1588	0.17247099
1589	0.19746717
1590	0.20818133
1591	0.21262206
1592	0.21155521
1593	0.16031810
1594	0.21693506
1595	0.20439208
1596	0.20184432
1597	0.16816604
1598	0.18390468
1599	0.17488891
1600	0.18365180
1601	0.16268728
1602	0.17997296
1603	0.19339490
1604	0.18577468
1605	0.15044045
1606	0.16510611
1607	0.20033506
1608	0.20313207
1609	0.21920924
1610	0.21420358
1611	0.20366709
1612	0.14475242
1613	0.17550293
1614	0.21419156
1615	0.20025662
1616	0.22620534
1617	0.16884790
1618	0.16012654
1619	0.18234155
1620	0.16730727
1621	0.15745308
1622	0.18062015
1623	0.20278204
1624	0.19592136
1625	0.17105925
1626	0.20076277
1627	0.20642194
1628	0.20634131
1629	0.19830117
1630	0.18106936
1631	0.19854270
1632	0.16572021
1633	0.20025801
1634	0.17424599
1635	0.18469771
1636	0.19905929
1637	0.16404686
1638	0.18250336
1639	0.15729122
1640	0.22501179
1641	0.16970233
1642	0.16879992
1643	0.16882047
1644	0.19853538
1645	0.16127239
1646	0.17280685
1647	0.20249050
1648	0.17978077
1649	0.14656671
1650	0.16621756
1651	0.17515529
1652	0.19203169
1653	0.20086203
1654	0.18681063
1655	0.16885992
1656	0.22324440
1657	0.20450464
1658	0.17236659
1659	0.17748891
1660	0.17138320
1661	0.18598356
1662	0.17039232
1663	0.18722258
1664	0.25088788
1665	0.20034911
1666	0.19771551
1667	0.22291619
1668	0.23405618
1669	0.15512530
1670	0.21325809
1671	0.21206550
1672	0.18580111
1673	0.21537054
1674	0.19273872
1675	0.19549767
1676	0.22351917
1677	0.18611157
1678	0.24649715
1679	0.18676962
1680	0.23449891
1681	0.18661696
1682	0.16517488
1683	0.15945965
1684	0.15643572
1685	0.19615099
1686	0.17406622
1687	0.18600868
1688	0.20995051
1689	0.21348573
1690	0.19604909
1691	0.23521680
1692	0.22004503
1693	0.22803679
1694	0.17699017
1695	0.16380024
1696	0.16094374
1697	0.20396353
1698	0.24944842
1699	0.19056807
1700	0.18481915
1701	0.18710245
1702	0.18485204
1703	0.19970078
1704	0.19520972
1705	0.17802397
1706	0.16164308
1707	0.19779813
1708	0.12543217
1709	0.21776504
1710	0.20607326
1711	0.16129198
1712	0.23528055
1713	0.18086430
1714	0.21130822
1715	0.18406319
1716	0.22195688
1717	0.17381167
1718	0.19007044
1719	0.22027764
1720	0.20588967
1721	0.20323814
1722	0.13089066
1723	0.17913733
1724	0.15400115
1725	0.14942226
1726	0.16550245
1727	0.19531280
1728	0.16715736
1729	0.22852100
1730	0.23816624
1731	0.16502086
1732	0.15947235
1733	0.19878001
1734	0.15662015
1735	0.18223958
1736	0.17093140
1737	0.16915282
1738	0.18053721
1739	0.18106024
1740	0.21445519
1741	0.21374768
1742	0.19616839
1743	0.17205507
1744	0.19037169
1745	0.17072411
1746	0.20342919
1747	0.14972080
1748	0.17812873
1749	0.17639024
1750	0.18811682
1751	0.22253418
1752	0.14585722
1753	0.22777758
1754	0.20992737
1755	0.17409815
1756	0.14230185
1757	0.16640665
1758	0.15368792
1759	0.17763392
1760	0.19186741
1761	0.17235501
1762	0.21793705
1763	0.23766235
1764	0.17526673
1765	0.16423436
1766	0.18370169
1767	0.18143607
1768	0.12441015
1769	0.17676966
1770	0.16622341
1771	0.22056655
1772	0.15874661
1773	0.18454223
1774	0.16713753
1775	0.19479574
1776	0.18692909
1777	0.23838180
1778	0.18688318
1779	0.20384280
1780	0.16116918
1781	0.21188740
1782	0.16830082
1783	0.16750141
1784	0.18423591
1785	0.21169938
1786	0.19103775
1787	0.15820267
1788	0.22558005
1789	0.16078439
1790	0.20762373
1791	0.18255867
1792	0.22559164
1793	0.19918997
1794	0.15027406
1795	0.16473223
1796	0.18095262
1797	0.17509190
1798	0.16116245
1799	0.17119594
1800	0.19365156
1801	0.16231615
1802	0.23525570
1803	0.21699427
1804	0.23268835
1805	0.18901939
1806	0.17195298
1807	0.17728389
1808	0.18303707
1809	0.19767995
1810	0.17938893
1811	0.21479271
1812	0.16038037
1813	0.17708294
1814	0.18637770
1815	0.20521911
1816	0.18311157
1817	0.17317496
1818	0.17126956
1819	0.18550878
1820	0.20365750
1821	0.18189799
1822	0.18640008
1823	0.20137332
1824	0.15756651
1825	0.19264320
1826	0.18335576
1827	0.14983671
1828	0.16618288
1829	0.16498308
1830	0.18663799
1831	0.14169687
1832	0.15945606
1833	0.15275194
1834	0.17894282
1835	0.20494143
1836	0.12306426
1837	0.16404077
1838	0.23637121
1839	0.18490205
1840	0.20761015
1841	0.16679013
1842	0.18121421
1843	0.19406773
1844	0.16263695
1845	0.18428047
1846	0.19064428
1847	0.16901473
1848	0.19755445
1849	0.26768569
1850	0.15430723
1851	0.15195110
1852	0.22771710
1853	0.20182337
1854	0.20726203
1855	0.17586482
1856	0.23347283
1857	0.23108139
1858	0.20232276
1859	0.23112112
1860	0.16362230
1861	0.17678387
1862	0.21295787
1863	0.16850181
1864	0.19073319
1865	0.17606060
1866	0.19561569
1867	0.17206176
1868	0.18534533
1869	0.18401107
1870	0.18388266
1871	0.19761175
1872	0.18428409
1873	0.13450249
1874	0.16730910
1875	0.17475270
1876	0.14647075
1877	0.19723926
1878	0.23572940
1879	0.24210420
1880	0.24304491
1881	0.16762194
1882	0.19682361
1883	0.24025590
1884	0.20453860
1885	0.20598901
1886	0.18594454
1887	0.16270098
1888	0.18160565
1889	0.20079411
1890	0.17573263
1891	0.20019789
1892	0.19726972
1893	0.16276727
1894	0.15178917
1895	0.17647852
1896	0.20047251
1897	0.21011515
1898	0.17270743
1899	0.22020334
1900	0.18829369
1901	0.14939908
1902	0.23261935
1903	0.18015588
1904	0.14543090
1905	0.20204440
1906	0.18241541
1907	0.21523134
1908	0.18191069
1909	0.15618009
1910	0.20377296
1911	0.16233960
1912	0.18730090
1913	0.18420167
1914	0.17509126
1915	0.16039212
1916	0.18544515
1917	0.21036667
1918	0.16083631
1919	0.16893299
1920	0.17700080
1921	0.14360346
1922	0.14077599
1923	0.15198598
1924	0.15579809
1925	0.15589074
1926	0.17767020
1927	0.17288923
1928	0.21702158
1929	0.16777141
1930	0.19939769
1931	0.14415596
1932	0.21044061
1933	0.15018164
1934	0.15386725
1935	0.17590472
1936	0.19273068
1937	0.19544459
1938	0.15584854
1939	0.23767864
1940	0.13891798
1941	0.17193717
1942	0.21464018
1943	0.18017488
1944	0.20141840
1945	0.14442166
1946	0.15276269
1947	0.18858121
1948	0.21118503
1949	0.15905447
1950	0.16317046
1951	0.15725415
1952	0.22290496
1953	0.18004882
1954	0.18149269
1955	0.15988314
1956	0.20687446
1957	0.17987099
1958	0.15527549
1959	0.15051129
1960	0.15149588
1961	0.23939259
1962	0.18349194
1963	0.19482206
1964	0.19098706
1965	0.13611105
1966	0.19363094
1967	0.20241202
1968	0.22353183
1969	0.21667928
1970	0.19475329
1971	0.17305240
1972	0.18257746
1973	0.18614227
1974	0.15338499
1975	0.17000669
1976	0.18364531
1977	0.15688943
1978	0.19267179
1979	0.14852120
1980	0.22632037
1981	0.19958005
1982	0.10772749
1983	0.16272323
1984	0.16556277
1985	0.17564806
1986	0.15391141
1987	0.17947760
1988	0.16606072
1989	0.17747701
1990	0.16841015
1991	0.14127808
1992	0.15810508
1993	0.18957977
1994	0.17487171
1995	0.15841768
1996	0.16933311
1997	0.19093617
1998	0.18696186
1999	0.16477424
2000	0.17531961
2001	0.19567179
2002	0.17509827
2003	0.17416839
2004	0.17482445
2005	0.16189285
2006	0.22171244
2007	0.20116839
2008	0.19368612
2009	0.15331483
2010	0.17203138
2011	0.15316524
2012	0.13061171
2013	0.19156878
2014	0.22272698
2015	0.17054406
2016	0.18042329
2017	0.15325053
2018	0.20589711
2019	0.18576767
2020	0.14836492
2021	0.15537300
2022	0.12869174
2023	0.17189644
2024	0.18388346
2025	0.16788983
2026	0.19335369
2027	0.15187979
2028	0.21480048
2029	0.15475982
2030	0.24399681
2031	0.14899825
2032	0.17157340
2033	0.17641509
2034	0.19434593
2035	0.16344244
2036	0.17864929
2037	0.14775767
2038	0.15538435
2039	0.17175982
2040	0.18831619
2041	0.17779295
2042	0.16860625
2043	0.17274605
2044	0.16600784
2045	0.18508226
2046	0.17020000
2047	0.18029934
2048	0.16677834
2049	0.18941222
2050	0.16596094
2051	0.17281007
2052	0.17738172
2053	0.17099721
2054	0.18706630
2055	0.14957241
2056	0.18901656
2057	0.12823106
2058	0.15954071
2059	0.22120024
2060	0.16121605
2061	0.16316747
2062	0.18057472
2063	0.19224368
2064	0.20678348
2065	0.15123862
2066	0.17475286
2067	0.20289457
2068	0.16738093
2069	0.16776186
2070	0.15686403
2071	0.17862194
2072	0.19833211
2073	0.18478535
2074	0.14815628
2075	0.16090934
2076	0.15261131
2077	0.18202891
2078	0.18160848
2079	0.13128581
2080	0.21716345
2081	0.16878316
2082	0.14704491
2083	0.18283779
2084	0.19665128
2085	0.14360960
2086	0.18802970
2087	0.18152299
2088	0.20712407
2089	0.20935684
2090	0.17862771
2091	0.18836910
2092	0.18771439
2093	0.18840601
2094	0.14833625
2095	0.20603540
2096	0.20962449
2097	0.18684874
2098	0.20269679
2099	0.15097165
2100	0.17906506
2101	0.17966645
2102	0.14610766
2103	0.20047091
2104	0.19369433
2105	0.16839311
2106	0.16269433
2107	0.14276194
2108	0.12708111
2109	0.22398674
2110	0.16093239
2111	0.17022035
2112	0.15471810
2113	0.17476592
2114	0.17359709
2115	0.14114465
2116	0.23328971
2117	0.15126199
2118	0.18445921
2119	0.14365423
2120	0.16535672
2121	0.19188166
2122	0.16941075
2123	0.17248999
2124	0.13889731
2125	0.17060816
2126	0.15944599
2127	0.20233701
2128	0.19260764
2129	0.15664436
2130	0.14721461
2131	0.16377870
2132	0.18520952
2133	0.15946040
2134	0.18261557
2135	0.20093008
2136	0.21141867
2137	0.18645734
2138	0.20608326
2139	0.17176257
2140	0.14869855
2141	0.17157969
2142	0.16366665
2143	0.17698710
2144	0.16411654
2145	0.15466040
2146	0.17514008
2147	0.13546610
2148	0.13470078
2149	0.18821597
2150	0.13320386
2151	0.13233729
2152	0.17276341
2153	0.21349946
2154	0.15042397
2155	0.17309588
2156	0.17806757
2157	0.15928588
2158	0.19352463
2159	0.18793100
2160	0.19398583
2161	0.17119785
2162	0.20036066
2163	0.15867904
2164	0.16707060
2165	0.20685793
2166	0.15023150
2167	0.14786673
2168	0.22464710
2169	0.22520609
2170	0.18812626
2171	0.18826247
2172	0.13820629
2173	0.16448330
2174	0.17970627
2175	0.17732212
2176	0.18288656
2177	0.14754250
2178	0.12362146
2179	0.18090798
2180	0.19147963
2181	0.17984611
2182	0.13327020
2183	0.21890185
2184	0.16386399
2185	0.18137456
2186	0.14678973
2187	0.13114457
2188	0.16372960
2189	0.21031503
2190	0.17667828
2191	0.20189791
2192	0.15516902
2193	0.16296807
2194	0.19451451
2195	0.20424806
2196	0.13687326
2197	0.22429751
2198	0.18760271
2199	0.15272487
2200	0.15808493
2201	0.18916930
2202	0.19127617
2203	0.14976572
2204	0.24188895
2205	0.13654784
2206	0.17716596
2207	0.18129855
2208	0.14476289
2209	0.20169269
2210	0.16830591
2211	0.20329727
2212	0.13908202
2213	0.18293808
2214	0.20385065
2215	0.21530141
2216	0.13791539
2217	0.21288732
2218	0.18066387
2219	0.16760908
2220	0.19626817
2221	0.17402612
2222	0.18509449
2223	0.15777408
2224	0.17765949
2225	0.13637965
2226	0.16995262
2227	0.15592849
2228	0.16982552
2229	0.20051065
2230	0.14917141
2231	0.15631885
2232	0.16543185
2233	0.18156628
2234	0.15736158
2235	0.23376436
2236	0.18577472
2237	0.18597989
2238	0.16685164
2239	0.18303787
2240	0.18643173
2241	0.22959849
2242	0.18474012
2243	0.17610277
2244	0.15902297
2245	0.18724567
2246	0.19968720
2247	0.12795473
2248	0.21269222
2249	0.17659474
2250	0.16195552
2251	0.16188067
2252	0.18699239
2253	0.17404356
2254	0.16852399
2255	0.17438272
2256	0.18860243
2257	0.16676058
2258	0.15291332
2259	0.16752833
2260	0.13571686
2261	0.17842401
2262	0.19254947
2263	0.16712419
2264	0.16205033
2265	0.13710559
2266	0.14415859
2267	0.18008441
2268	0.18520410
2269	0.21302604
2270	0.12522453
2271	0.18754481
2272	0.16389592
2273	0.17574692
2274	0.13631093
2275	0.16205996
2276	0.13923870
2277	0.12085550
2278	0.15667036
2279	0.12479797
2280	0.18482401
2281	0.18238483
2282	0.16435226
2283	0.11980808
2284	0.18156831
2285	0.22270289
2286	0.13536261
2287	0.21709791
2288	0.15532845
2289	0.15127621
2290	0.11163412
2291	0.14795210
2292	0.17440729
2293	0.15460418
2294	0.16468760
2295	0.18270997
2296	0.17091734
2297	0.11225009
2298	0.15952295
2299	0.13325487
2300	0.18708326
2301	0.15037535
2302	0.15753693
2303	0.16911555
2304	0.16165081
2305	0.17252049
2306	0.14491758
2307	0.12367075
2308	0.14463731
2309	0.10752757
2310	0.18835055
2311	0.18044292
2312	0.17000330
2313	0.14268143
2314	0.15068286
2315	0.17172825
2316	0.14869584
2317	0.18913295
2318	0.17910723
2319	0.15009381
2320	0.20391419
2321	0.15198634
2322	0.13387673
2323	0.13188664
2324	0.18480303
2325	0.15285483
2326	0.17705375
2327	0.21217022
2328	0.14774215
2329	0.17820227
2330	0.15430886
2331	0.19212506
2332	0.13362632
2333	0.16079574
2334	0.17254362
2335	0.15259283
2336	0.15933494
2337	0.12581111
2338	0.19160494
2339	0.20438905
2340	0.12213343
2341	0.18129727
2342	0.17047167
2343	0.14895564
2344	0.18294613
2345	0.19327111
2346	0.19148174
2347	0.19198284
2348	0.16061445
2349	0.15356484
2350	0.14513868
2351	0.14992467
2352	0.16831842
2353	0.14090325
2354	0.15550543
2355	0.17787760
2356	0.15600924
2357	0.14723838
2358	0.16621453
2359	0.14399781
2360	0.18885909
2361	0.11609958
2362	0.18130149
2363	0.15382903
2364	0.15816014
2365	0.17973283
2366	0.17930249
2367	0.18770603
2368	0.16656046
2369	0.15983544
2370	0.18622289
2371	0.17065304
2372	0.17942425
2373	0.16995087
2374	0.15333705
2375	0.16934159
2376	0.16596675
2377	0.12686920
2378	0.14697790
2379	0.17617611
2380	0.18535791
2381	0.16532021
2382	0.17537300
2383	0.18542321
2384	0.19260804
2385	0.18368664
2386	0.18803130
2387	0.13844961
2388	0.15417579
2389	0.13745132
2390	0.13362843
2391	0.18637575
2392	0.19681672
2393	0.13328652
2394	0.19994473
2395	0.18482668
2396	0.21845535
2397	0.15120474
2398	0.15413175
2399	0.21661059
2400	0.11862723
2401	0.14300199
2402	0.18783472
2403	0.19345686
2404	0.20869863
2405	0.22359439
2406	0.15480633
2407	0.13119578
2408	0.13648019
2409	0.10340761
2410	0.20595437
2411	0.16366813
2412	0.21332335
2413	0.14505801
2414	0.17294235
2415	0.12257790
2416	0.19648867
2417	0.14709126
2418	0.16084551
2419	0.15810866
2420	0.18818710
2421	0.17285758
2422	0.12527693
2423	0.17343858
2424	0.16101398
2425	0.16747780
2426	0.17286554
2427	0.16345252
2428	0.15708891
2429	0.13811252
2430	0.14637101
2431	0.15757830
2432	0.16181015
2433	0.13209365
2434	0.20991806
2435	0.21665331
2436	0.15208752
2437	0.15552471
2438	0.18398662
2439	0.17404734
2440	0.19640721
2441	0.15921617
2442	0.14538228
2443	0.15217734
2444	0.19232948
2445	0.17337651
2446	0.17854557
2447	0.13486108
2448	0.14558718
2449	0.15969460
2450	0.17310269
2451	0.15539777
2452	0.15191603
2453	0.19104647
2454	0.16616233
2455	0.18409914
2456	0.16848250
2457	0.18058885
2458	0.19899403
2459	0.16203126
2460	0.13062166
2461	0.15618579
2462	0.16928736
2463	0.16995497
2464	0.16374545
2465	0.21352363
2466	0.15496365
2467	0.14580143
2468	0.16513689
2469	0.15732240
2470	0.13833864
2471	0.22904169
2472	0.15308421
2473	0.19416850
2474	0.13949771
2475	0.16150444
2476	0.14163500
2477	0.16856795
2478	0.17306303
2479	0.19053291
2480	0.16031901
2481	0.18835314
2482	0.17533040
2483	0.18538423
2484	0.20255007
2485	0.14383161
2486	0.16789620
2487	0.17392849
2488	0.20042600
2489	0.16612299
2490	0.14403687
2491	0.12297304
2492	0.19097734
2493	0.18840605
2494	0.15087167
2495	0.15878774
2496	0.15645284
2497	0.13988708
2498	0.14331177
2499	0.14975537
2500	0.18312546
2501	0.16604033
2502	0.18322895
2503	0.15790719
2504	0.16933542
2505	0.15432925
2506	0.15181099
2507	0.14965996
2508	0.13270985
2509	0.20095584
2510	0.13936393
2511	0.17449823
2512	0.16491125
2513	0.17280100
2514	0.15932351
2515	0.16054147
2516	0.19129257
2517	0.14657575
2518	0.16787908
2519	0.16349926
2520	0.13367083
2521	0.19086207
2522	0.13610978
2523	0.14488740
2524	0.16392419
2525	0.19422473
2526	0.15917941
2527	0.15810297
2528	0.19298141
2529	0.12722051
2530	0.14792335
2531	0.17036174
2532	0.17984710
2533	0.15938543
2534	0.15759916
2535	0.14770599
2536	0.14457332
2537	0.16831619
2538	0.17658009
2539	0.13581195
2540	0.18549982
2541	0.14703599
2542	0.16735385
2543	0.17757121
2544	0.16951869
2545	0.19738674
2546	0.17039586
2547	0.13405574
2548	0.19106375
2549	0.16987593
2550	0.14474465
2551	0.14472833
2552	0.18423380
2553	0.14902958
2554	0.18747338
2555	0.13770659
2556	0.17284061
2557	0.12818602
2558	0.14695915
2559	0.12344957
2560	0.15759347
2561	0.13621210
2562	0.17906630
2563	0.18874370
2564	0.17228413
2565	0.17429480
2566	0.13568804
2567	0.13539104
2568	0.16825861
2569	0.16773641
2570	0.16751849
2571	0.18053064
2572	0.12580271
2573	0.17395043
2574	0.14736878
2575	0.15631726
2576	0.12783153
2577	0.13995951
2578	0.19493275
2579	0.15713311
2580	0.17496862
2581	0.17125176
2582	0.18673562
2583	0.15454322
2584	0.15621632
2585	0.16909381
2586	0.11714545
2587	0.18027744
2588	0.19180470
2589	0.20152753
2590	0.18595787
2591	0.15632538
2592	0.15580884
2593	0.17023169
2594	0.16550739
2595	0.18908011
2596	0.18474509
2597	0.15611623
2598	0.18034203
2599	0.15783090
2600	0.15233187
2601	0.16593088
2602	0.19213892
2603	0.15925351
2604	0.13880020
2605	0.19361449
2606	0.13943966
2607	0.12809847
2608	0.12851885
2609	0.14089632
2610	0.14489345
2611	0.18113323
2612	0.16917081
2613	0.14589086
2614	0.14748457
2615	0.20523846
2616	0.15522365
2617	0.18870902
2618	0.14023647
2619	0.16492363
2620	0.14140884
2621	0.16028640
2622	0.12832435
2623	0.19817273
2624	0.15886120
2625	0.13694549
2626	0.19016413
2627	0.16249349
2628	0.21956345
2629	0.17778475
2630	0.17245296
2631	0.12736237
2632	0.18583245
2633	0.17433641
2634	0.15018881
2635	0.14216130
2636	0.17912968
2637	0.16773677
2638	0.14350559
2639	0.15687641
2640	0.14470336
2641	0.19271710
2642	0.17866566
2643	0.16961549
2644	0.14649867
2645	0.14742262
2646	0.16406586
2647	0.15479351
2648	0.14370607
2649	0.20434223
2650	0.13233243
2651	0.18528549
2652	0.10406343
2653	0.20740924
2654	0.16010022
2655	0.17036030
2656	0.19772172
2657	0.19171348
2658	0.18146657
2659	0.15813036
2660	0.15364288
2661	0.19262274
2662	0.15438352
2663	0.16834669
2664	0.13410834
2665	0.15146371
2666	0.13865531
2667	0.16520175
2668	0.14027764
2669	0.17164686
2670	0.15955449
2671	0.16083587
2672	0.18504886
2673	0.18977774
2674	0.19352897
2675	0.12120964
2676	0.16591627
2677	0.17757898
2678	0.17599140
2679	0.18110022
2680	0.16828154
2681	0.17754402
2682	0.18136647
2683	0.15702704
2684	0.16357404
2685	0.14330830
2686	0.18457257
2687	0.14485451
2688	0.14055075
2689	0.13167267
2690	0.20287597
2691	0.19626888
2692	0.19518567
2693	0.16119224
2694	0.16846932
2695	0.17537898
2696	0.17722600
2697	0.14091710
2698	0.15632550
2699	0.14424316
2700	0.17258399
2701	0.16364710
2702	0.17293864
2703	0.14429998
2704	0.14783568
2705	0.15398495
2706	0.14726211
2707	0.14544818
2708	0.16338698
2709	0.18668604
2710	0.14968688
2711	0.13964507
2712	0.13230858
2713	0.13046486
2714	0.15928123
2715	0.14688843
2716	0.14011292
2717	0.15151021
2718	0.18408811
2719	0.10270615
2720	0.16240211
2721	0.19325152
2722	0.14280311
2723	0.16602035
2724	0.20024607
2725	0.16572415
2726	0.15776026
2727	0.16304682
2728	0.15309214
2729	0.14400741
2730	0.14901218
2731	0.16310432
2732	0.19214438
2733	0.13975481
2734	0.16086514
2735	0.16346387
2736	0.18297914
2737	0.13094282
2738	0.15608549
2739	0.15536301
2740	0.18157846
2741	0.14183142
2742	0.20190185
2743	0.16263400
2744	0.14634087
2745	0.16830619
2746	0.17488891
2747	0.17184033
2748	0.17810902
2749	0.19480888
2750	0.10438427
2751	0.15308441
2752	0.14937527
2753	0.16170364
2754	0.18173124
2755	0.11003392
2756	0.14078137
2757	0.15278057
2758	0.14317436
2759	0.13655560
2760	0.17918097
2761	0.17389875
2762	0.15981254
2763	0.20468330
2764	0.15470265
2765	0.12630695
2766	0.13741175
2767	0.12295771
2768	0.15680247
2769	0.16390344
2770	0.18001625
2771	0.19117922
2772	0.11705244
2773	0.15716436
2774	0.16103432
2775	0.13790313
2776	0.13820307
2777	0.14522596
2778	0.16851101
2779	0.15223572
2780	0.14940111
2781	0.17818511
2782	0.11646243
2783	0.16368099
2784	0.18022783
2785	0.19338606
2786	0.14249086
2787	0.15119068
2788	0.14385515
2789	0.17955266
2790	0.16328592
2791	0.16415616
2792	0.14791193
2793	0.15120279
2794	0.18586319
2795	0.15986148
2796	0.16152554
2797	0.17922122
2798	0.14430683
2799	0.14528628
2800	0.14530221
2801	0.17746618
2802	0.20756536
2803	0.16362604
2804	0.14831646
2805	0.15963261
2806	0.18098507
2807	0.16529301
2808	0.15275322
2809	0.17617898
2810	0.16629536
2811	0.11199080
2812	0.13210802
2813	0.19664105
2814	0.16630723
2815	0.17643010
2816	0.16120088
2817	0.13326470
2818	0.16335373
2819	0.14931678
2820	0.16242919
2821	0.13959940
2822	0.10541051
2823	0.18123396
2824	0.16548334
2825	0.10688358
2826	0.18966176
2827	0.15544085
2828	0.15112602
2829	0.16955831
2830	0.14291029
2831	0.15707199
2832	0.14993848
2833	0.15120964
2834	0.15731224
2835	0.14482927
2836	0.15786371
2837	0.15019478
2838	0.14251113
2839	0.16183826
2840	0.13262473
2841	0.15518332
2842	0.14562735
2843	0.15407760
2844	0.14977691
2845	0.17736492
2846	0.14003249
2847	0.13343165
2848	0.13673633
2849	0.13453048
2850	0.12798742
2851	0.14304814
2852	0.14629253
2853	0.15881306
2854	0.15243524
2855	0.15951161
2856	0.20031945
2857	0.13858515
2858	0.11554398
2859	0.12924093
2860	0.12487064
2861	0.17351838
2862	0.13653725
2863	0.15765853
2864	0.17669134
2865	0.15069086
2866	0.14492467
2867	0.19740255
2868	0.15629998
2869	0.18634354
2870	0.13071830
2871	0.15098383
2872	0.17683460
2873	0.11329636
2874	0.13797304
2875	0.14597930
2876	0.19283894
2877	0.14766705
2878	0.18855947
2879	0.17384925
2880	0.13154657
2881	0.13863783
2882	0.14311913
2883	0.18020239
2884	0.15298682
2885	0.16405539
2886	0.15273036
2887	0.15823950
2888	0.15618001
2889	0.15733191
2890	0.17705984
2891	0.18071157
2892	0.16576086
2893	0.17077651
2894	0.14576197
2895	0.15099156
2896	0.16597989
2897	0.14565682
2898	0.11996934
2899	0.15399873
2900	0.12893275
2901	0.13755107
2902	0.16818379
2903	0.12137492
2904	0.15564901
2905	0.16683544
2906	0.14659797
2907	0.16683229
2908	0.15380195
2909	0.12744591
2910	0.14892602
2911	0.15425638
2912	0.16547362
2913	0.14776576
2914	0.14597623
2915	0.17635329
2916	0.12876209
2917	0.18275266
2918	0.13370543
2919	0.14308449
2920	0.17101987
2921	0.14528346
2922	0.15470137
2923	0.18866128
2924	0.12833080
2925	0.13147426
2926	0.16497639
2927	0.17692088
2928	0.16975911
2929	0.13726984
2930	0.15342719
2931	0.13455182
2932	0.17051961
2933	0.14983834
2934	0.12587434
2935	0.14312710
2936	0.17378045
2937	0.13087888
2938	0.13567581
2939	0.14246223
2940	0.14552781
2941	0.14345053
2942	0.13983034
2943	0.14349397
2944	0.11219052
2945	0.16555290
2946	0.18098849
2947	0.10853665
2948	0.12926761
2949	0.11549445
2950	0.19801704
2951	0.15563663
2952	0.14140717
2953	0.15465961
2954	0.14515819
2955	0.15877316
2956	0.11910488
2957	0.17373223
2958	0.12725009
2959	0.15117022
2960	0.18268115
2961	0.11773916
2962	0.14935879
2963	0.18055783
2964	0.16206008
2965	0.17837770
2966	0.14553793
2967	0.18489210
2968	0.12384671
2969	0.18310818
2970	0.18199550
2971	0.16868573
2972	0.17338638
2973	0.13126088
2974	0.13891423
2975	0.14202823
2976	0.10575986
2977	0.14236377
2978	0.14445284
2979	0.12456635
2980	0.13180609
2981	0.12888999
2982	0.20463161
2983	0.13776301
2984	0.10187649
2985	0.18016604
2986	0.15379956
2987	0.17813562
2988	0.14576819
2989	0.12898495
2990	0.12518646
2991	0.14213860
2992	0.16680470
2993	0.12792391
2994	0.16053797
2995	0.12955437
2996	0.11016520
2997	0.14491989
2998	0.14474832
2999	0.13732921
3000	0.14874318
3001	0.19176122
3002	0.13040725
3003	0.14281051
3004	0.12954796
3005	0.16551037
3006	0.14160657
3007	0.17623930
3008	0.12483962
3009	0.12627279
3010	0.16993852
3011	0.15960784
3012	0.15651001
3013	0.17189715
3014	0.20747756
3015	0.15213550
3016	0.13793450
3017	0.15916731
3018	0.16679538
3019	0.15199574
3020	0.12137663
3021	0.10675381
3022	0.12602927
3023	0.15742110
3024	0.15914155
3025	0.12822365
3026	0.18033430
3027	0.14407131
3028	0.14590834
3029	0.15771853
3030	0.14311081
3031	0.14548831
3032	0.17576162
3033	0.19542903
3034	0.18603743
3035	0.12319996
3036	0.16217022
3037	0.14520338
3038	0.18890647
3039	0.11627410
3040	0.10677388
3041	0.15170233
3042	0.16654688
3043	0.13651479
3044	0.16514907
3045	0.14964408
3046	0.19949329
3047	0.12028915
3048	0.19779582
3049	0.12741899
3050	0.13669536
3051	0.15365431
3052	0.12951352
3053	0.12220044
3054	0.18132419
3055	0.14518909
3056	0.14453351
3057	0.15292184
3058	0.14683643
3059	0.13998145
3060	0.13634378
3061	0.15116612
3062	0.14388047
3063	0.14098483
3064	0.15063261
3065	0.15126761
3066	0.13744854
3067	0.14540637
3068	0.12033016
3069	0.13867159
3070	0.21068405
3071	0.11317850
3072	0.14953972
3073	0.15656954
3074	0.12969759
3075	0.15680072
3076	0.13856827
3077	0.17293820
3078	0.10695365
3079	0.11701246
3080	0.14388927
3081	0.13745761
3082	0.12631834
3083	0.13388991
3084	0.18879176
3085	0.14656010
3086	0.17058694
3087	0.12864137
3088	0.12759375
3089	0.13994314
3090	0.16374880
3091	0.13277683
3092	0.14875696
3093	0.16676237
3094	0.17544463
3095	0.18148389
3096	0.15907617
3097	0.17561111
3098	0.16904997
3099	0.13681947
3100	0.14396197
3101	0.14331300
3102	0.14329122
3103	0.14789429
3104	0.15405033
3105	0.12233367
3106	0.17911021
3107	0.17024905
3108	0.12984416
3109	0.15934919
3110	0.13896659
3111	0.17628620
3112	0.11364635
3113	0.11515560
3114	0.15593852
3115	0.15428413
3116	0.14585343
3117	0.16731571
3118	0.11218288
3119	0.16290102
3120	0.12876389
3121	0.16408405
3122	0.14044830
3123	0.13759243
3124	0.14376986
3125	0.12304284
3126	0.09667876
3127	0.13984531
3128	0.12670834
3129	0.15545801
3130	0.14375552
3131	0.13968330
3132	0.18014657
3133	0.17949580
3134	0.18130388
3135	0.13902672
3136	0.12245718
3137	0.16256357
3138	0.16611264
3139	0.18249811
3140	0.14579709
3141	0.17183261
3142	0.14447529
3143	0.14602716
3144	0.15574012
3145	0.15389596
3146	0.16507832
3147	0.11958961
3148	0.14455939
3149	0.16975943
3150	0.17698375
3151	0.14491061
3152	0.13981417
3153	0.15925264
3154	0.20335015
3155	0.14705578
3156	0.16507135
3157	0.15693952
3158	0.11806012
3159	0.15536878
3160	0.14805590
3161	0.11434354
3162	0.17641855
3163	0.11407466
3164	0.13751483
3165	0.17588127
3166	0.16609377
3167	0.16269030
3168	0.17220534
3169	0.15385650
3170	0.16374159
3171	0.12546016
3172	0.17276345
3173	0.16149815
3174	0.16350906
3175	0.11746518
3176	0.16450655
3177	0.17607490
3178	0.13007438
3179	0.12088314
3180	0.15272065
3181	0.15793370
3182	0.15248796
3183	0.15537077
3184	0.14425805
3185	0.14725543
3186	0.14431380
3187	0.14617910
3188	0.10892618
3189	0.17956687
3190	0.13235027
3191	0.12353394
3192	0.15254075
3193	0.15069257
3194	0.13450874
3195	0.14292128
3196	0.12999383
3197	0.14092080
3198	0.14593554
3199	0.12066530
3200	0.16689847
3201	0.18343787
3202	0.15358698
3203	0.16829277
3204	0.14960880
3205	0.17340000
3206	0.14874465
3207	0.14063114
3208	0.15053382
3209	0.12746749
3210	0.16901664
3211	0.13274083
3212	0.15230547
3213	0.18391196
3214	0.13161111
3215	0.15755513
3216	0.12004057
3217	0.13187247
3218	0.13675895
3219	0.18838579
3220	0.13124973
3221	0.13452439
3222	0.15696850
3223	0.10596397
3224	0.13964448
3225	0.17425789
3226	0.16282166
3227	0.15761067
3228	0.17676014
3229	0.13905057
3230	0.13455935
3231	0.15612307
3232	0.12157862
3233	0.18986876
3234	0.17981135
3235	0.09657161
3236	0.15331001
3237	0.15423213
3238	0.12440932
3239	0.13657722
3240	0.16993749
3241	0.18023687
3242	0.16374661
3243	0.16207008
3244	0.17485013
3245	0.18390273
3246	0.16116190
3247	0.11602556
3248	0.14686426
3249	0.15417125
3250	0.15771001
3251	0.18522214
3252	0.14144770
3253	0.13864698
3254	0.15461804
3255	0.13697531
3256	0.12530842
3257	0.13764495
3258	0.16361398
3259	0.15723643
3260	0.13388445
3261	0.16282759
3262	0.14914784
3263	0.14563914
3264	0.14165738
3265	0.21333410
3266	0.11743564
3267	0.14070309
3268	0.14411778
3269	0.14758889
3270	0.15348616
3271	0.19541804
3272	0.17485463
3273	0.15243695
3274	0.14030985
3275	0.13413351
3276	0.16769652
3277	0.15970436
3278	0.11458224
3279	0.12913777
3280	0.15729787
3281	0.12412901
3282	0.14043651
3283	0.13951312
3284	0.14204567
3285	0.13825415
3286	0.16937941
3287	0.16503818
3288	0.14497715
3289	0.14896416
3290	0.12652419
3291	0.13949265
3292	0.12158316
3293	0.13722023
3294	0.12713530
3295	0.15859900
3296	0.14779232
3297	0.16423440
3298	0.09759363
3299	0.16500912
3300	0.17752272
3301	0.15103480
3302	0.11999916
3303	0.16511495
3304	0.15422911
3305	0.18500187
3306	0.14569691
3307	0.15881780
3308	0.12608851
3309	0.12497336
3310	0.12722883
3311	0.14297097
3312	0.15187991
3313	0.15407573
3314	0.18243197
3315	0.13867267
3316	0.14839582
3317	0.15840534
3318	0.14330970
3319	0.12173832
3320	0.13254386
3321	0.12885758
3322	0.13646411
3323	0.13222528
3324	0.15690627
3325	0.16870958
3326	0.15028640
3327	0.15447816
3328	0.17156556
3329	0.17005554
3330	0.13422636
3331	0.16153088
3332	0.15454254
3333	0.14282293
3334	0.14152495
3335	0.14177890
3336	0.15682684
3337	0.11901573
3338	0.15945065
3339	0.13453064
3340	0.16279136
3341	0.13715469
3342	0.17096329
3343	0.14973617
3344	0.13103799
3345	0.16838606
3346	0.16608600
3347	0.14831726
3348	0.13814621
3349	0.13956922
3350	0.11254824
3351	0.13476464
3352	0.14383611
3353	0.13014227
3354	0.16161557
3355	0.17689934
3356	0.12790277
3357	0.17479885
3358	0.13315226
3359	0.19047056
3360	0.18287920
3361	0.15616114
3362	0.16622210
3363	0.13832877
3364	0.16234075
3365	0.14211941
3366	0.15561457
3367	0.13022317
3368	0.13828875
3369	0.14805033
3370	0.17225634
3371	0.11346602
3372	0.11092694
3373	0.13357607
3374	0.13680163
3375	0.11938280
3376	0.15549747
3377	0.12842684
3378	0.14519785
3379	0.12265260
3380	0.17177265
3381	0.14350842
3382	0.13610567
3383	0.14777133
3384	0.17607947
3385	0.14681644
3386	0.12823408
3387	0.16189341
3388	0.14552853
3389	0.12595779
3390	0.12207386
3391	0.16252729
3392	0.14419092
3393	0.15161334
3394	0.13382584
3395	0.12246773
3396	0.15370412
3397	0.13787024
3398	0.15943317
3399	0.10777559
3400	0.13948481
3401	0.13270623
3402	0.15595278
3403	0.17522425
3404	0.15813725
3405	0.09640147
3406	0.17263456
3407	0.15569703
3408	0.14251483
3409	0.18065535
3410	0.12580478
3411	0.16765682
3412	0.13974199
3413	0.15652053
3414	0.13793426
3415	0.12677432
3416	0.15909755
3417	0.14119781
3418	0.14682405
3419	0.14758069
3420	0.12531507
3421	0.10465546
3422	0.15642962
3423	0.19992777
3424	0.17558236
3425	0.13365367
3426	0.15341816
3427	0.13513315
3428	0.13580737
3429	0.12671045
3430	0.14773852
3431	0.17289158
3432	0.13737400
3433	0.13599586
3434	0.15449226
3435	0.13939486
3436	0.11426522
3437	0.19105423
3438	0.14561764
3439	0.14360812
3440	0.13532574
3441	0.11485001
3442	0.14688768
3443	0.16613339
3444	0.14750193
3445	0.13229954
3446	0.09120299
3447	0.15704734
3448	0.13227095
3449	0.11949898
3450	0.14976643
3451	0.18348338
3452	0.11560068
3453	0.16551141
3454	0.12493820
3455	0.14635377
3456	0.14783950
3457	0.18476874
3458	0.10768461
3459	0.12742676
3460	0.11950520
3461	0.16843014
3462	0.11889779
3463	0.17901457
3464	0.14800311
3465	0.14590890
3466	0.12874402
3467	0.17336679
3468	0.15107784
3469	0.13527880
3470	0.15119797
3471	0.17831376
3472	0.11313418
3473	0.14560725
3474	0.12285630
3475	0.19128095
3476	0.13183404
3477	0.11863380
3478	0.16283938
3479	0.12844503
3480	0.09445029
3481	0.19969464
3482	0.16332546
3483	0.17790066
3484	0.18125535
3485	0.14228350
3486	0.13867191
3487	0.14923086
3488	0.15569887
3489	0.17171025
3490	0.12271993
3491	0.13935656
3492	0.13239602
3493	0.14559526
3494	0.14432578
3495	0.12441533
3496	0.17967932
3497	0.15113494
3498	0.10295114
3499	0.12606319
3500	0.13104018
3501	0.14125407
3502	0.14854051
3503	0.11120108
3504	0.13063659
3505	0.15700008
3506	0.13830129
3507	0.14579550
3508	0.17405746
3509	0.11475883
3510	0.15669656
3511	0.15002357
3512	0.16891567
3513	0.12459801
3514	0.09369476
3515	0.13549664
3516	0.13520175
3517	0.17556659
3518	0.17038475
3519	0.15788210
3520	0.11964993
3521	0.17021469
3522	0.14289234
3523	0.14460677
3524	0.19067728
3525	0.16020215
3526	0.14997093
3527	0.17010018
3528	0.13600868
3529	0.16088346
3530	0.17435206
3531	0.10629249
3532	0.12324205
3533	0.13714402
3534	0.14853303
3535	0.12617850
3536	0.13296715
3537	0.16363090
3538	0.16089664
3539	0.15591427
3540	0.16020721
3541	0.15166172
3542	0.11240944
3543	0.16292303
3544	0.11940995
3545	0.14549206
3546	0.12742015
3547	0.14136663
3548	0.11884193
3549	0.13437006
3550	0.16977129
3551	0.13138702
3552	0.11394012
3553	0.19093932
3554	0.16026100
3555	0.15061724
3556	0.18241481
3557	0.16035138
3558	0.15416488
3559	0.14359630
3560	0.12729026
3561	0.12430540
3562	0.11112554
3563	0.11842329
3564	0.18086132
3565	0.20404332
3566	0.16068461
3567	0.15379885
3568	0.13057543
3569	0.09932642
3570	0.13223297
3571	0.11879371
3572	0.12356715
3573	0.18649815
3574	0.13902485
3575	0.11622182
3576	0.18288198
3577	0.12389253
3578	0.14323305
3579	0.12844941
3580	0.14610098
3581	0.12631993
3582	0.11665686
3583	0.18531384
3584	0.15991292
3585	0.12206450
3586	0.14782166
3587	0.13924233
3588	0.14014645
3589	0.15972865
3590	0.11749365
3591	0.16979570
3592	0.16776771
3593	0.14021668
3594	0.15146948
3595	0.10703914
3596	0.14521302
3597	0.16429600
3598	0.14664814
3599	0.15868405
3600	0.11697607
3601	0.10620856
3602	0.16789353
3603	0.13732228
3604	0.11712805
3605	0.16062950
3606	0.14064814
3607	0.12650563
3608	0.14196289
3609	0.12337930
3610	0.14555051
3611	0.12860705
3612	0.14367991
3613	0.14903305
3614	0.17438077
3615	0.15631535
3616	0.13158328
3617	0.12983026
3618	0.12712658
3619	0.10047406
3620	0.12599259
3621	0.15493641
3622	0.12679904
3623	0.14882246
3624	0.11882596
3625	0.15266008
3626	0.12381923
3627	0.15425411
3628	0.12790185
3629	0.14003114
3630	0.10263428
3631	0.13286227
3632	0.16081899
3633	0.12935485
3634	0.13814187
3635	0.12560490
3636	0.16553860
3637	0.16384491
3638	0.14739160
3639	0.12503392
3640	0.12676273
3641	0.13327812
3642	0.14931149
3643	0.13347501
3644	0.16320888
3645	0.13820908
3646	0.10955425
3647	0.11403066
3648	0.13325849
3649	0.17463635
3650	0.09277846
3651	0.12448270
3652	0.14263775
3653	0.14341828
3654	0.13775477
3655	0.16094163
3656	0.12216799
3657	0.16049158
3658	0.15588234
3659	0.12629823
3660	0.17789321
3661	0.13954509
3662	0.10693757
3663	0.15416608
3664	0.15975787
3665	0.11162297
3666	0.14429241
3667	0.15183695
3668	0.12706267
3669	0.15310898
3670	0.14187836
3671	0.12890985
3672	0.14107513
3673	0.15336966
3674	0.12041875
3675	0.09120908
3676	0.16037858
3677	0.13637177
3678	0.14631714
3679	0.09140637
3680	0.10409648
3681	0.13155982
3682	0.14698316
3683	0.14981075
3684	0.13845539
3685	0.12512439
3686	0.16361421
3687	0.16841131
3688	0.13793609
3689	0.11571232
3690	0.15422548
3691	0.13213554
3692	0.12424778
3693	0.10967844
3694	0.13615839
3695	0.14771029
3696	0.13424201
3697	0.15128744
3698	0.11749855
3699	0.17859518
3700	0.17844746
3701	0.16282700
3702	0.15797989
3703	0.11723540
3704	0.15423197
3705	0.14592268
3706	0.14731949
3707	0.13924599
3708	0.13974955
3709	0.13314911
3710	0.10796269
3711	0.10649516
3712	0.16198176
3713	0.14562250
3714	0.15415867
3715	0.16621465
3716	0.15773279
3717	0.13905550
3718	0.13992813
3719	0.15492291
3720	0.15609564
3721	0.12765531
3722	0.14851467
3723	0.15307999
3724	0.15845606
3725	0.16174676
3726	0.16380008
3727	0.10560892
3728	0.11390189
3729	0.13641509
3730	0.15801963
3731	0.10501461
3732	0.15185988
3733	0.13619013
3734	0.14861099
3735	0.11167816
3736	0.13143436
3737	0.14991443
3738	0.12713793
3739	0.16720330
3740	0.11778869
3741	0.15975174
3742	0.12201863
3743	0.12709954
3744	0.17584348
3745	0.11567677
3746	0.15518917
3747	0.16242122
3748	0.16985495
3749	0.15731352
3750	0.13015035
3751	0.17657830
3752	0.12039785
3753	0.14889556
3754	0.09989803
3755	0.11880279
3756	0.15876476
3757	0.15000474
3758	0.13846124
3759	0.12800542
3760	0.14268963
3761	0.10419717
3762	0.16358543
3763	0.15769946
3764	0.14502481
3765	0.13092682
3766	0.13821971
3767	0.16275859
3768	0.12205515
3769	0.11972192
3770	0.12836150
3771	0.13974099
3772	0.13717121
3773	0.16554888
3774	0.13243806
3775	0.14675580
3776	0.16262572
3777	0.11228732
3778	0.14553653
3779	0.17930504
3780	0.14246466
3781	0.16322628
3782	0.14003584
3783	0.15915138
3784	0.10179048
3785	0.15928465
3786	0.14868553
3787	0.15305061
3788	0.16073932
3789	0.12747517
3790	0.15174561
3791	0.13463512
3792	0.13660111
3793	0.13739056
3794	0.15255262
3795	0.13882114
3796	0.13267434
3797	0.15187470
3798	0.11835775
3799	0.09652045
3800	0.17077583
3801	0.15904252
3802	0.12649664
3803	0.17007800
3804	0.12654629
3805	0.12238989
3806	0.10150671
3807	0.12145116
3808	0.13937062
3809	0.14804459
3810	0.11488505
3811	0.15942059
3812	0.13655521
3813	0.17806809
3814	0.13408736
3815	0.10149417
3816	0.15416874
3817	0.10050974
3818	0.14844137
3819	0.16007195
3820	0.10352319
3821	0.16010348
3822	0.12794446
3823	0.16900928
3824	0.12806231
3825	0.15418543
3826	0.11398105
3827	0.14321545
3828	0.16730543
3829	0.14302397
3830	0.11324065
3831	0.11863572
3832	0.12650328
3833	0.14526988
3834	0.10998511
3835	0.13109636
3836	0.13342739
3837	0.12384802
3838	0.12701573
3839	0.10514187
3840	0.16818622
3841	0.15021629
3842	0.13254250
3843	0.13636110
3844	0.13345347
3845	0.13557237
3846	0.14388067
3847	0.16679112
3848	0.17296747
3849	0.14153900
3850	0.18419944
3851	0.13532737
3852	0.14506574
3853	0.14567943
3854	0.12134927
3855	0.15246757
3856	0.14726817
3857	0.13991073
3858	0.15804229
3859	0.11632144
3860	0.14480824
3861	0.12430273
3862	0.14050432
3863	0.14099610
3864	0.15364905
3865	0.15233741
3866	0.15814740
3867	0.15486677
3868	0.16291296
3869	0.11012666
3870	0.17188338
3871	0.10093008
3872	0.14372491
3873	0.13447573
3874	0.15206845
3875	0.17157846
3876	0.10932080
3877	0.12618431
3878	0.14027318
3879	0.11667231
3880	0.17850344
3881	0.14756600
3882	0.16668162
3883	0.13884479
3884	0.15946534
3885	0.13252351
3886	0.11413797
3887	0.14548891
3888	0.14426371
3889	0.13425025
3890	0.10474927
3891	0.12892506
3892	0.11736026
3893	0.12125825
3894	0.11853319
3895	0.16314955
3896	0.13617261
3897	0.12278642
3898	0.14665877
3899	0.17865152
3900	0.14867346
3901	0.13275923
3902	0.14846040
3903	0.12883217
3904	0.12934163
3905	0.14996735
3906	0.16662130
3907	0.14552001
3908	0.19997452
3909	0.19120263
3910	0.11297320
3911	0.08702297
3912	0.10529930
3913	0.12171814
3914	0.13796647
3915	0.15626315
3916	0.14601135
3917	0.11946980
3918	0.18594895
3919	0.10710364
3920	0.13950579
3921	0.11989572
3922	0.10694410
3923	0.13926701
3924	0.13371623
3925	0.13930516
3926	0.13836779
3927	0.17435688
3928	0.11594155
3929	0.13279861
3930	0.16635146
3931	0.13140661
3932	0.14904400
3933	0.13438746
3934	0.12765945
3935	0.14741752
3936	0.16161971
3937	0.18400633
3938	0.16944846
3939	0.11903695
3940	0.13576026
3941	0.14311073
3942	0.10885817
3943	0.11696962
3944	0.13938001
3945	0.17187772
3946	0.11072761
3947	0.19313390
3948	0.17067967
3949	0.12836154
3950	0.17445467
3951	0.10261429
3952	0.12699570
3953	0.13968883
3954	0.12810962
3955	0.15502429
3956	0.15682644
3957	0.14744746
3958	0.12800633
3959	0.14389946
3960	0.14546669
3961	0.13532351
3962	0.16649867
3963	0.09563380
3964	0.14939251
3965	0.14444296
3966	0.13162970
3967	0.17249612
3968	0.14788652
3969	0.09900741
3970	0.12678750
3971	0.14880553
3972	0.14079562
3973	0.11005949
3974	0.13346661
3975	0.14326645
3976	0.12283699
3977	0.11945825
3978	0.15058523
3979	0.16759610
3980	0.11373307
3981	0.14421907
3982	0.17734684
3983	0.11199470
3984	0.12544237
3985	0.13892347
3986	0.11810293
3987	0.14418316
3988	0.15488577
3989	0.10644300
3990	0.16514051
3991	0.15198356
3992	0.13310177
3993	0.13311463
3994	0.10034175
3995	0.15383365
3996	0.10290798
3997	0.13519017
3998	0.16773259
3999	0.11627087
4000	0.15260768
4001	0.13316102
4002	0.15456783
4003	0.12010719
4004	0.15324069
4005	0.13668003
4006	0.16693422
4007	0.17780406
4008	0.13856735
4009	0.10789114
4010	0.10982385
4011	0.14815668
4012	0.14484810
4013	0.13413092
4014	0.13249178
4015	0.17153398
4016	0.13111037
4017	0.13537149
4018	0.13931316
4019	0.13430942
4020	0.13675712
4021	0.14233852
4022	0.11212495
4023	0.12692116
4024	0.15904384
4025	0.13018622
4026	0.13588234
4027	0.11423464
4028	0.13320721
4029	0.16776695
4030	0.16254326
4031	0.15305351
4032	0.12986924
4033	0.16728616
4034	0.13779693
4035	0.12958387
4036	0.16621163
4037	0.13727004
4038	0.13183830
4039	0.16966199
4040	0.11227740
4041	0.16592558
4042	0.13611754
4043	0.13088401
4044	0.09387681
4045	0.09848907
4046	0.15320920
4047	0.16847350
4048	0.13156516
4049	0.15412638
4050	0.15704117
4051	0.14332658
4052	0.15236369
4053	0.16058686
4054	0.13272518
4055	0.12623325
4056	0.14339833
4057	0.15247569
4058	0.13686562
4059	0.15097543
4060	0.12795079
4061	0.15301796
4062	0.17362313
4063	0.13393080
4064	0.12568748
4065	0.16549612
4066	0.13958403
4067	0.11863870
4068	0.14238356
4069	0.15214852
4070	0.13188628
4071	0.16305690
4072	0.12593179
4073	0.14627657
4074	0.12702289
4075	0.14200534
4076	0.12492929
4077	0.12280088
4078	0.15112749
4079	0.14548401
4080	0.15376679
4081	0.13282942
4082	0.16216142
4083	0.13441848
4084	0.13808210
4085	0.19468899
4086	0.14868796
4087	0.15314211
4088	0.14715676
4089	0.13259992
4090	0.12564925
4091	0.14620506
4092	0.14356397
4093	0.12839168
4094	0.12483803
4095	0.11087557
4096	0.13899486
4097	0.15050169
4098	0.15620028
4099	0.13681437
4100	0.12842055
4101	0.10480860
4102	0.11320104
4103	0.12182337
4104	0.12573255
4105	0.13628485
4106	0.11524611
4107	0.15784229
4108	0.14259873
4109	0.16778977
4110	0.13496560
4111	0.09824368
4112	0.16167780
4113	0.14690826
4114	0.13361688
4115	0.17189970
4116	0.15648620
4117	0.15202771
4118	0.14767613
4119	0.14495314
4120	0.13348788
4121	0.15721597
4122	0.11347322
4123	0.15554231
4124	0.12070332
4125	0.12678137
4126	0.14645184
4127	0.11020346
4128	0.16254895
4129	0.15989616
4130	0.17232407
4131	0.10521437
4132	0.08751200
4133	0.17287501
4134	0.13010332
4135	0.12919263
4136	0.14560390
4137	0.14151969
4138	0.14565813
4139	0.14765750
4140	0.14703432
4141	0.15141278
4142	0.13719936
4143	0.13427932
4144	0.13176006
4145	0.15457217
4146	0.14145984
4147	0.15507665
4148	0.13398304
4149	0.11860673
4150	0.14703237
4151	0.11653227
4152	0.11141445
4153	0.09528377
4154	0.13897874
4155	0.15416130
4156	0.14602270
4157	0.11408246
4158	0.13534454
4159	0.11681613
4160	0.09399988
4161	0.15079829
4162	0.11640291
4163	0.13577830
4164	0.12645144
4165	0.10520008
4166	0.09333450
4167	0.16815087
4168	0.11907557
4169	0.14610866
4170	0.13019236
4171	0.17721525
4172	0.12464348
4173	0.12190185
4174	0.12944288
4175	0.09789190
4176	0.13482544
4177	0.11900259
4178	0.11749887
4179	0.16622293
4180	0.16153697
4181	0.15098742
4182	0.14870735
4183	0.11202035
4184	0.11748553
4185	0.13920538
4186	0.16323392
4187	0.13840749
4188	0.13629811
4189	0.14642568
4190	0.14606789
4191	0.11208015
4192	0.13626295
4193	0.17772578
4194	0.12335943
4195	0.12931459
4196	0.14708166
4197	0.12963671
4198	0.12678431
4199	0.13089150
4200	0.12032009
4201	0.13315955
4202	0.16887306
4203	0.12057858
4204	0.14901167
4205	0.11994111
4206	0.12247720
4207	0.14877404
4208	0.12083161
4209	0.11912339
4210	0.13823416
4211	0.10397484
4212	0.16071842
4213	0.17278188
4214	0.12701286
4215	0.15166478
4216	0.16519351
4217	0.11598658
4218	0.16249098
4219	0.13861111
4220	0.13176628
4221	0.13565248
4222	0.12154055
4223	0.09183325
4224	0.12919630
4225	0.11994764
4226	0.11759403
4227	0.13862134
4228	0.12737730
4229	0.13232475
4230	0.13552383
4231	0.13873589
4232	0.15895003
4233	0.11799494
4234	0.14052526
4235	0.14306263
4236	0.14269520
4237	0.13721163
4238	0.18304328
4239	0.14988959
4240	0.11504667
4241	0.14011559
4242	0.13927012
4243	0.10924933
4244	0.16523934
4245	0.14186598
4246	0.17772236
4247	0.14389683
4248	0.14061417
4249	0.13450770
4250	0.12420430
4251	0.13249596
4252	0.13436755
4253	0.11017448
4254	0.09589867
4255	0.11415306
4256	0.17358415
4257	0.13928071
4258	0.15167044
4259	0.10637846
4260	0.11720812
4261	0.10450129
4262	0.12597221
4263	0.14092224
4264	0.15039431
4265	0.15249660
4266	0.16609803
4267	0.13881362
4268	0.13150966
4269	0.12767099
4270	0.11948975
4271	0.13217834
4272	0.16483412
4273	0.15151527
4274	0.11319184
4275	0.15328569
4276	0.15047593
4277	0.19462839
4278	0.14451929
4279	0.14254696
4280	0.11999773
4281	0.14198658
4282	0.10084328
4283	0.12583818
4284	0.12442473
4285	0.12543181
4286	0.11699634
4287	0.16182473
4288	0.12714497
4289	0.15984559
4290	0.11582970
4291	0.12745152
4292	0.14130245
4293	0.16329182
4294	0.11182182
4295	0.11689811
4296	0.13752865
4297	0.16536759
4298	0.11089520
4299	0.10934836
4300	0.14215895
4301	0.09903978
4302	0.11660952
4303	0.13419319
4304	0.15896476
4305	0.12864069
4306	0.13077675
4307	0.14681473
4308	0.14637444
4309	0.10448903
4310	0.16575664
4311	0.17318594
4312	0.12797046
4313	0.12091057
4314	0.09190177
4315	0.14832240
4316	0.13725093
4317	0.11152423
4318	0.11284917
4319	0.15875138
4320	0.12855465
4321	0.13577671
4322	0.16347955
4323	0.13455186
4324	0.13307641
4325	0.12927402
4326	0.19739506
4327	0.14526442
4328	0.10248756
4329	0.13043942
4330	0.11612184
4331	0.15379833
4332	0.14000346
4333	0.09603715
4334	0.11873462
4335	0.15200518
4336	0.14532721
4337	0.12591348
4338	0.13231061
4339	0.10244296
4340	0.09218889
4341	0.12688445
4342	0.12488139
4343	0.15597838
4344	0.14924061
4345	0.14809775
4346	0.11809616
4347	0.13858929
4348	0.13571033
4349	0.11905881
4350	0.14455943
4351	0.15749186
4352	0.15284260
4353	0.11550850
4354	0.15249098
4355	0.15418961
4356	0.14428620
4357	0.11463532
4358	0.10921812
4359	0.17097679
4360	0.17193187
4361	0.13459013
4362	0.17962520
4363	0.13754529
4364	0.14396488
4365	0.11472172
4366	0.14771722
4367	0.12439017
4368	0.12519777
4369	0.14393804
4370	0.15037300
4371	0.14681561
4372	0.14167012
4373	0.09858993
4374	0.09982994
4375	0.17775222
4376	0.15767796
4377	0.16041867
4378	0.12661792
4379	0.13581179
4380	0.13080514
4381	0.16555855
4382	0.14494872
4383	0.16499745
4384	0.12706239
4385	0.11958375
4386	0.16077201
4387	0.15628549
4388	0.13599188
4389	0.11525984
4390	0.12021183
4391	0.15744722
4392	0.12739287
4393	0.11048453
4394	0.18029222
4395	0.11752550
4396	0.10630766
4397	0.14721899
4398	0.11474450
4399	0.16005045
4400	0.13022942
4401	0.15678666
4402	0.16940565
4403	0.11976608
4404	0.15569337
4405	0.12156098
4406	0.15609162
4407	0.13285829
4408	0.12970420
4409	0.14267732
4410	0.13964531
4411	0.10343273
4412	0.11753450
4413	0.10218559
4414	0.10419359
4415	0.13858829
4416	0.11644627
4417	0.13780068
4418	0.14208170
4419	0.11937738
4420	0.15156209
4421	0.12979152
4422	0.15174063
4423	0.12289819
4424	0.13119721
4425	0.15907012
4426	0.16203854
4427	0.12876488
4428	0.13038117
4429	0.14235967
4430	0.10907971
4431	0.12783846
4432	0.13253418
4433	0.15411292
4434	0.10467904
4435	0.15004682
4436	0.14547398
4437	0.11236452
4438	0.10101011
4439	0.13032821
4440	0.15881617
4441	0.10143185
4442	0.12616624
4443	0.13554111
4444	0.13449620
4445	0.11208859
4446	0.16147135
4447	0.12282851
4448	0.15534796
4449	0.09787597
4450	0.11201947
4451	0.13571049
4452	0.10653307
4453	0.14313299
4454	0.10688091
4455	0.15674000
4456	0.13455230
4457	0.16229759
4458	0.12891360
4459	0.09703440
4460	0.12975477
4461	0.12091941
4462	0.12497440
4463	0.17401525
4464	0.10380307
4465	0.12707537
4466	0.17378360
4467	0.11127963
4468	0.14029289
4469	0.12473454
4470	0.14762584
4471	0.13968170
4472	0.15335600
4473	0.11441290
4474	0.13328935
4475	0.10985184
4476	0.15101338
4477	0.13298825
4478	0.14402445
4479	0.13679076
4480	0.11417730
4481	0.12666434
4482	0.12479685
4483	0.10444463
4484	0.13480366
4485	0.12305658
4486	0.11492395
4487	0.16243763
4488	0.13823663
4489	0.16371455
4490	0.12373908
4491	0.13176014
4492	0.10109656
4493	0.12224456
4494	0.12689624
4495	0.12891766
4496	0.12188891
4497	0.11912960
4498	0.10971531
4499	0.12846000
4500	0.15891527
4501	0.12685992
4502	0.13524786
4503	0.15286168
4504	0.10678005
4505	0.15075401
4506	0.14941851
4507	0.14976305
4508	0.13946705
4509	0.13207740
4510	0.16309007
4511	0.14651153
4512	0.11378240
4513	0.13129110
4514	0.11377193
4515	0.13826618
4516	0.09588537
4517	0.13134732
4518	0.13254310
4519	0.11579498
4520	0.13618164
4521	0.12352072
4522	0.12264153
4523	0.17093892
4524	0.12220056
4525	0.09911758
4526	0.14142031
4527	0.13036675
4528	0.14755413
4529	0.13479801
4530	0.16452948
4531	0.11269345
4532	0.12882791
4533	0.15691141
4534	0.14495059
4535	0.12252419
4536	0.12797085
4537	0.12283946
4538	0.14595771
4539	0.15618415
4540	0.14884260
4541	0.14274434
4542	0.11816186
4543	0.14070993
4544	0.12074505
4545	0.14752248
4546	0.14378057
4547	0.12188294
4548	0.13485296
4549	0.15006196
4550	0.11462708
4551	0.10241824
4552	0.13322082
4553	0.14620223
4554	0.13200820
4555	0.11667912
4556	0.12865614
4557	0.12356225
4558	0.12999948
4559	0.11099765
4560	0.14282485
4561	0.11359132
4562	0.14309146
4563	0.10737161
4564	0.10690428
4565	0.08835951
4566	0.12751901
4567	0.14595775
4568	0.10111344
4569	0.15400904
4570	0.12040673
4571	0.12125487
4572	0.13074888
4573	0.15742935
4574	0.15497464
4575	0.10105077
4576	0.08697930
4577	0.14145853
4578	0.11462688
4579	0.15458304
4580	0.14540096
4581	0.11588377
4582	0.10807577
4583	0.14431081
4584	0.10436277
4585	0.17143146
4586	0.13964049
4587	0.11867633
4588	0.15148891
4589	0.14648445
4590	0.15317153
4591	0.11673880
4592	0.13581605
4593	0.13853864
4594	0.12396257
4595	0.15790926
4596	0.11695560
4597	0.09835823
4598	0.10247709
4599	0.11460518
4600	0.14752869
4601	0.13758005
4602	0.10509847
4603	0.12942875
4604	0.15415855
4605	0.13416962
4606	0.13137639
4607	0.12529604
4608	0.12671822
4609	0.13907593
4610	0.14325829
4611	0.16548581
4612	0.13553534
4613	0.11759247
4614	0.14003484
4615	0.16215736
4616	0.10318666
4617	0.12272917
4618	0.15538941
4619	0.15013928
4620	0.11077444
4621	0.15410731
4622	0.14565407
4623	0.12386952
4624	0.15134107
4625	0.12009994
4626	0.11270922
4627	0.16595903
4628	0.10161716
4629	0.11001935
4630	0.14537348
4631	0.10027860
4632	0.11865586
4633	0.11642851
4634	0.11639602
4635	0.15270679
4636	0.13106860
4637	0.14193430
4638	0.10712626
4639	0.11023528
4640	0.11325781
4641	0.11769094
4642	0.13850117
4643	0.12543209
4644	0.12763181
4645	0.12192264
4646	0.16929277
4647	0.13276874
4648	0.11120808
4649	0.12499968
4650	0.12890906
4651	0.11840976
4652	0.16615389
4653	0.16264404
4654	0.16237137
4655	0.11660880
4656	0.13624663
4657	0.15670340
4658	0.12816476
4659	0.09284444
4660	0.14396866
4661	0.10264878
4662	0.16727422
4663	0.11375154
4664	0.12320338
4665	0.11088995
4666	0.13437026
4667	0.15865901
4668	0.11184081
4669	0.12622815
4670	0.11595110
4671	0.13164252
4672	0.12986661
4673	0.15450667
4674	0.17245105
4675	0.13077352
4676	0.12180522
4677	0.10003086
4678	0.11187999
4679	0.11867346
4680	0.10384133
4681	0.15366263
4682	0.12561115
4683	0.13823353
4684	0.11372467
4685	0.09579419
4686	0.15415445
4687	0.09029962
4688	0.14072220
4689	0.10828139
4690	0.12855620
4691	0.15063910
4692	0.14160936
4693	0.12971670
4694	0.13398057
4695	0.10426343
4696	0.10231483
4697	0.13433566
4698	0.13440729
4699	0.10990428
4700	0.10829504
4701	0.13788043
4702	0.11340920
4703	0.15926383
4704	0.10689413
4705	0.12272940
4706	0.12737766
4707	0.13239853
4708	0.13792558
4709	0.15712538
4710	0.12567207
4711	0.13154919
4712	0.12264591
4713	0.12386239
4714	0.08788226
4715	0.13872276
4716	0.09499689
4717	0.12563476
4718	0.13560016
4719	0.16289381
4720	0.12900617
4721	0.13986729
4722	0.11488294
4723	0.16485284
4724	0.10442130
4725	0.09226482
4726	0.11810993
4727	0.13878479
4728	0.08362867
4729	0.16244022
4730	0.15641871
4731	0.10959713
4732	0.12335859
4733	0.13681887
4734	0.13982070
4735	0.15277734
4736	0.15333175
4737	0.10480804
4738	0.12296090
4739	0.12226438
4740	0.14361844
4741	0.14010408
4742	0.10538845
4743	0.10252606
4744	0.11107394
4745	0.14972216
4746	0.12022891
4747	0.15656767
4748	0.14528979
4749	0.12384292
4750	0.08899713
4751	0.14466407
4752	0.11182799
4753	0.10051344
4754	0.11535592
4755	0.14953410
4756	0.14095345
4757	0.14097519
4758	0.11013757
4759	0.14547589
4760	0.10399024
4761	0.15069636
4762	0.12195879
4763	0.11920179
4764	0.13881935
4765	0.14201545
4766	0.14550285
4767	0.13589492
4768	0.15186243
4769	0.10027008
4770	0.09731782
4771	0.10592913
4772	0.12359590
4773	0.12583293
4774	0.10621589
4775	0.16410265
4776	0.12335831
4777	0.12411101
4778	0.10927880
4779	0.12132268
4780	0.12882421
4781	0.13911427
4782	0.08953506
4783	0.15053944
4784	0.16731017
4785	0.13554816
4786	0.15258184
4787	0.11390623
4788	0.09601310
4789	0.09559725
4790	0.13669146
4791	0.11801788
4792	0.11489078
4793	0.15160872
4794	0.13545797
4795	0.13546203
4796	0.09575441
4797	0.14807454
4798	0.12159956
4799	0.13323261
4800	0.11501453
4801	0.11752913
4802	0.17670508
4803	0.13610014
4804	0.09556624
4805	0.17111965
4806	0.14024682
4807	0.15533060
4808	0.10588616
4809	0.13299857
4810	0.10317842
4811	0.12189150
4812	0.15657898
4813	0.12218893
4814	0.11716759
4815	0.12826215
4816	0.11110014
4817	0.16541840
4818	0.12226769
4819	0.13187406
4820	0.11459331
4821	0.10145148
4822	0.15762843
4823	0.09904448
4824	0.16448847
4825	0.14134975
4826	0.13077002
4827	0.12189441
4828	0.10193382
4829	0.13242266
4830	0.14971969
4831	0.14051093
4832	0.15580820
4833	0.11261899
4834	0.11138837
4835	0.16297842
4836	0.09597392
4837	0.11250671
4838	0.09592630
4839	0.13199064
4840	0.14743205
4841	0.15324010
4842	0.11500613
4843	0.13901067
4844	0.12007187
4845	0.13204989
4846	0.12323536
4847	0.15169604
4848	0.12788792
4849	0.09819789
4850	0.16127724
4851	0.11248732
4852	0.12741836
4853	0.13531248
4854	0.11955441
4855	0.15020135
4856	0.11503209
4857	0.16362500
4858	0.12389811
4859	0.13078348
4860	0.11608963
4861	0.12353140
4862	0.15235166
4863	0.10317918
4864	0.15336086
4865	0.13453183
4866	0.11834175
4867	0.12304583
4868	0.11352359
4869	0.11957077
4870	0.12567394
4871	0.10217292
4872	0.14129767
4873	0.11972773
4874	0.12790364
4875	0.11592112
4876	0.13313896
4877	0.11808652
4878	0.13542003
4879	0.14670117
4880	0.13840259
4881	0.12230551
4882	0.11955736
4883	0.11795222
4884	0.10789942
4885	0.13559881
4886	0.11248166
4887	0.09400111
4888	0.12235998
4889	0.13526789
4890	0.13870098
4891	0.12602190
4892	0.10323580
4893	0.14913020
4894	0.17523540
4895	0.13390452
4896	0.14584010
4897	0.13198841
4898	0.11083349
4899	0.12400108
4900	0.15902608
4901	0.08742791
4902	0.15644029
4903	0.09003647
4904	0.07723552
4905	0.10423663
4906	0.13111177
4907	0.13267788
4908	0.12523253
4909	0.11682504
4910	0.12317890
4911	0.11159638
4912	0.14077014
4913	0.15412343
4914	0.13945957
4915	0.13112769
4916	0.12268075
4917	0.15175752
4918	0.10497778
4919	0.11767908
4920	0.15506900
4921	0.11286984
4922	0.11811623
4923	0.12651650
4924	0.12078722
4925	0.12848194
4926	0.10583918
4927	0.12459474
4928	0.13960012
4929	0.15324221
4930	0.10818312
4931	0.17053836
4932	0.10290185
4933	0.11579697
4934	0.10184356
4935	0.14723854
4936	0.12355787
4937	0.15078881
4938	0.10726411
4939	0.09332204
4940	0.13643902
4941	0.12477790
4942	0.14078364
4943	0.11832905
4944	0.14438997
4945	0.12824989
4946	0.09769922
4947	0.13580398
4948	0.11270583
4949	0.10574696
4950	0.11753530
4951	0.11240167
4952	0.09184917
4953	0.10419168
4954	0.10269691
4955	0.08873462
4956	0.15080303
4957	0.14091766
4958	0.09037324
4959	0.12592857
4960	0.17622063
4961	0.09782548
4962	0.14683448
4963	0.14125714
4964	0.11221206
4965	0.11214991
4966	0.12883400
4967	0.13599570
4968	0.14476536
4969	0.14539773
4970	0.08387008
4971	0.14111786
4972	0.11649090
4973	0.15789377
4974	0.12312148
4975	0.14142982
4976	0.14450874
4977	0.10104049
4978	0.12874123
4979	0.11283556
4980	0.14852061
4981	0.10749050
4982	0.16898125
4983	0.11823950
4984	0.15076906
4985	0.11011710
4986	0.12368565
4987	0.11545061
4988	0.12744288
4989	0.10374959
4990	0.12870476
4991	0.13745089
4992	0.15559148
4993	0.16565260
4994	0.13285710
4995	0.07661891
4996	0.11612761
4997	0.14858515
4998	0.13008620
4999	0.11400780
5000	0.11284643
5001	0.11966291
5002	0.11444897
5003	0.13567772
5004	0.10745061
5005	0.10319733
5006	0.08097858
5007	0.09560219
5008	0.15536317
5009	0.13514736
5010	0.13920717
5011	0.14051145
5012	0.15063130
5013	0.13732295
5014	0.12789042
5015	0.12628585
5016	0.11854434
5017	0.12116492
5018	0.13584643
5019	0.12401143
5020	0.13454613
5021	0.13813785
5022	0.09758825
