0	0.44525292
1	0.44574841
2	0.42687280
3	0.44566378
4	0.43736340
5	0.44450692
6	0.44536717
7	0.44537029
8	0.44547705
9	0.44546751
10	0.44529148
11	0.44467236
12	0.43317374
13	0.43248992
14	0.44530796
15	0.36753754
16	0.44554315
17	0.44504386
18	0.44119808
19	0.43663716
20	0.44506458
21	0.44304566
22	0.44535478
23	0.44571602
24	0.42749312
25	0.44250271
26	0.43914195
27	0.43430651
28	0.44129677
29	0.44431958
30	0.44341299
31	0.42856003
32	0.43161956
33	0.44418821
34	0.44535899
35	0.44328751
36	0.43844618
37	0.41521247
38	0.42125929
39	0.44433414
40	0.43965207
41	0.39477298
42	0.43175622
43	0.44452812
44	0.44266214
45	0.41825428
46	0.41851810
47	0.44281279
48	0.43797787
49	0.44365460
50	0.40231469
51	0.42813249
52	0.43071561
53	0.43830792
54	0.41093850
55	0.42247501
56	0.40728330
57	0.43459098
58	0.40794921
59	0.43741692
60	0.44199743
61	0.31596480
62	0.34311417
63	0.42504261
64	0.42525356
65	0.40685095
66	0.42363159
67	0.43619447
68	0.43308435
69	0.43665628
70	0.42787545
71	0.41982938
72	0.43550170
73	0.37128110
74	0.37291441
75	0.43368799
76	0.37589413
77	0.38366526
78	0.40742113
79	0.43795141
80	0.42670631
81	0.43275606
82	0.42743925
83	0.44151329
84	0.43094484
85	0.41833466
86	0.43012479
87	0.44322782
88	0.41293738
89	0.38264903
90	0.36486975
91	0.37411706
92	0.38929485
93	0.35619888
94	0.37700842
95	0.36015662
96	0.38072572
97	0.40831722
98	0.40652568
99	0.42541315
100	0.38677286
101	0.32478777
102	0.37782942
103	0.43581844
104	0.40834993
105	0.43022963
106	0.42810808
107	0.42239375
108	0.35890026
109	0.39424041
110	0.34361640
111	0.40658761
112	0.39585163
113	0.30226338
114	0.35470014
115	0.39323869
116	0.42069918
117	0.37115983
118	0.32465713
119	0.41906518
120	0.40787116
121	0.42904678
122	0.40688286
123	0.40064245
124	0.37563784
125	0.42971092
126	0.37840605
127	0.39436845
128	0.41304734
129	0.33586955
130	0.37691249
131	0.33862101
132	0.42999908
133	0.35668727
134	0.37222233
135	0.35347160
136	0.38840786
137	0.41854929
138	0.25331622
139	0.37379956
140	0.39987709
141	0.32484494
142	0.40516576
143	0.38837951
144	0.35533121
145	0.42986242
146	0.39072042
147	0.40722926
148	0.41598024
149	0.43984939
150	0.41940762
151	0.37529200
152	0.39963664
153	0.33016669
154	0.41114315
155	0.38900349
156	0.31281720
157	0.32728735
158	0.25680565
159	0.26421283
160	0.37584338
161	0.35719599
162	0.40672026
163	0.40600762
164	0.32136324
165	0.35004586
166	0.36057486
167	0.36318769
168	0.38548575
169	0.31540926
170	0.27211529
171	0.29405901
172	0.28509581
173	0.35166639
174	0.34748358
175	0.33800156
176	0.36989958
177	0.35085596
178	0.39505135
179	0.36333642
180	0.37917871
181	0.41490046
182	0.39457523
183	0.30041207
184	0.33459848
185	0.32197198
186	0.33538304
187	0.36699635
188	0.37046991
189	0.30828787
190	0.39668855
191	0.28804017
192	0.36545797
193	0.40396769
194	0.40009958
195	0.42280429
196	0.36242566
197	0.29998328
198	0.39839038
199	0.38971377
200	0.33799788
201	0.25413478
202	0.31902902
203	0.39150535
204	0.34240180
205	0.31701551
206	0.28194684
207	0.36413774
208	0.30703239
209	0.41385837
210	0.38634015
211	0.37271273
212	0.38238000
213	0.30765532
214	0.24719784
215	0.34633377
216	0.41632163
217	0.35241014
218	0.30858813
219	0.37954801
220	0.36697507
221	0.28777430
222	0.30924398
223	0.42249729
224	0.33377494
225	0.35069942
226	0.26524366
227	0.41079355
228	0.38197154
229	0.36465207
230	0.29130908
231	0.27275286
232	0.31646799
233	0.28625091
234	0.36636645
235	0.26659719
236	0.39736693
237	0.35442730
238	0.35851734
239	0.42139106
240	0.38465215
241	0.34005284
242	0.38206599
243	0.35820645
244	0.35408398
245	0.28161315
246	0.41972359
247	0.38094684
248	0.35688843
249	0.29373883
250	0.41708579
251	0.37923299
252	0.36130371
253	0.29139467
254	0.35176188
255	0.25002113
256	0.42463913
257	0.38596576
258	0.37669637
259	0.42022622
260	0.28659226
261	0.35562493
262	0.31288198
263	0.30145260
264	0.30046354
265	0.28342502
266	0.34042457
267	0.30273293
268	0.32273971
269	0.23994821
270	0.29268094
271	0.36237146
272	0.32261640
273	0.30486623
274	0.39885757
275	0.37868094
276	0.30219014
277	0.26458360
278	0.28291261
279	0.36702293
280	0.26813273
281	0.28002602
282	0.32829950
283	0.32539551
284	0.34476809
285	0.36012087
286	0.26371810
287	0.25696701
288	0.36213081
289	0.31566566
290	0.25774837
291	0.29086550
292	0.30386398
293	0.30507392
294	0.33730696
295	0.30627953
296	0.32438882
297	0.26885075
298	0.37550231
299	0.30251225
300	0.27799735
301	0.33409774
302	0.38055398
303	0.36719070
304	0.32027841
305	0.37042309
306	0.35518677
307	0.28286386
308	0.34764887
309	0.33145296
310	0.37576268
311	0.35945989
312	0.30489838
313	0.35227789
314	0.31443215
315	0.30759242
316	0.31398653
317	0.31475274
318	0.23760369
319	0.37854764
320	0.35786807
321	0.33858665
322	0.33923776
323	0.37674287
324	0.35440629
325	0.28972323
326	0.31056368
327	0.31719062
328	0.35882337
329	0.29423496
330	0.38090387
331	0.29285933
332	0.30011517
333	0.32774768
334	0.29666386
335	0.38776492
336	0.31188936
337	0.30153626
338	0.27844799
339	0.33884350
340	0.31547332
341	0.36343387
342	0.28988350
343	0.30193975
344	0.29919900
345	0.27642882
346	0.35357098
347	0.28022489
348	0.33003139
349	0.33023592
350	0.32630896
351	0.28961066
352	0.35989461
353	0.29902926
354	0.34804718
355	0.31065648
356	0.29722137
357	0.26449056
358	0.33538609
359	0.25116725
360	0.32565376
361	0.31429212
362	0.33956949
363	0.25990736
364	0.28805191
365	0.34158340
366	0.32049024
367	0.31002221
368	0.32011762
369	0.28893329
370	0.28621804
371	0.41143031
372	0.31622257
373	0.26707416
374	0.23157887
375	0.27031273
376	0.26854897
377	0.31431962
378	0.29934271
379	0.40152067
380	0.26267901
381	0.28994536
382	0.24108443
383	0.28244891
384	0.38598569
385	0.33650090
386	0.33697547
387	0.28270182
388	0.26880160
389	0.31199828
390	0.35310892
391	0.36801596
392	0.30380028
393	0.36394608
394	0.28859611
395	0.32825705
396	0.30754412
397	0.32360445
398	0.29973774
399	0.30914772
400	0.33405103
401	0.27064678
402	0.26491678
403	0.21978056
404	0.31487112
405	0.34739463
406	0.33693089
407	0.33392415
408	0.27085027
409	0.31337727
410	0.33340509
411	0.29078645
412	0.27576063
413	0.26735109
414	0.26304410
415	0.20850383
416	0.33436095
417	0.23936312
418	0.36764622
419	0.28644362
420	0.24460726
421	0.24233734
422	0.34066795
423	0.25434933
424	0.28609774
425	0.26753642
426	0.30635282
427	0.32177266
428	0.35792632
429	0.27461708
430	0.23731429
431	0.30328863
432	0.32824698
433	0.26126991
434	0.30759695
435	0.28267613
436	0.34886486
437	0.30302642
438	0.25603680
439	0.28792969
440	0.33893085
441	0.31260128
442	0.36020253
443	0.33752560
444	0.28741820
445	0.28266065
446	0.33358072
447	0.31421680
448	0.23177879
449	0.30263480
450	0.30289048
451	0.32208246
452	0.24312491
453	0.25446065
454	0.31290740
455	0.29657988
456	0.36689533
457	0.26561912
458	0.34217607
459	0.37038709
460	0.27274063
461	0.34652520
462	0.23300301
463	0.25759010
464	0.29655225
465	0.30112487
466	0.20577759
467	0.26805588
468	0.33503965
469	0.23275366
470	0.38958725
471	0.22214664
472	0.32757142
473	0.28920365
474	0.26490571
475	0.32607384
476	0.28394544
477	0.31386510
478	0.30662113
479	0.28630074
480	0.29708294
481	0.24953113
482	0.32394825
483	0.28080906
484	0.25529565
485	0.34904213
486	0.24095626
487	0.25893606
488	0.30636464
489	0.25873798
490	0.33289052
491	0.24074324
492	0.22915338
493	0.37509509
494	0.26245660
495	0.29239487
496	0.29895061
497	0.26300958
498	0.27148663
499	0.23722910
500	0.27476576
501	0.23498413
502	0.24626799
503	0.24536540
504	0.22698525
505	0.25005889
506	0.38529749
507	0.21647284
508	0.28180333
509	0.25085713
510	0.33998008
511	0.28803488
512	0.31028499
513	0.37129633
514	0.31270034
515	0.31292427
516	0.31099743
517	0.23978773
518	0.27147913
519	0.26611285
520	0.32823015
521	0.23494849
522	0.28317795
523	0.37477611
524	0.25002654
525	0.35101936
526	0.32536997
527	0.33230679
528	0.28796492
529	0.30586049
530	0.29435939
531	0.37328687
532	0.26167821
533	0.23491682
534	0.31797843
535	0.30795338
536	0.26495590
537	0.28835482
538	0.29101716
539	0.26692752
540	0.24314680
541	0.26871926
542	0.33680910
543	0.19672948
544	0.34927412
545	0.29131922
546	0.27453939
547	0.33748178
548	0.23272095
549	0.25843448
550	0.32092055
551	0.32867609
552	0.28562137
553	0.24824446
554	0.29144466
555	0.36542794
556	0.31810062
557	0.24127200
558	0.18994047
559	0.22133794
560	0.29092323
561	0.23157482
562	0.24764811
563	0.30356985
564	0.26659335
565	0.29443652
566	0.26564342
567	0.30779932
568	0.30857603
569	0.24077005
570	0.28356500
571	0.27749806
572	0.30824494
573	0.28916067
574	0.30025925
575	0.31817988
576	0.26131585
577	0.25298268
578	0.26279190
579	0.21702429
580	0.35594724
581	0.32568507
582	0.37241042
583	0.28669705
584	0.30638204
585	0.20884009
586	0.33039070
587	0.27386699
588	0.25611417
589	0.26845761
590	0.31083752
591	0.35832063
592	0.25326695
593	0.30818100
594	0.23238016
595	0.29848635
596	0.27348138
597	0.24404454
598	0.18081732
599	0.25015526
600	0.31210459
601	0.26672532
602	0.27642538
603	0.27888222
604	0.31948094
605	0.26470888
606	0.28834917
607	0.34871982
608	0.33112760
609	0.31828892
610	0.30716957
611	0.32710214
612	0.26466446
613	0.25682329
614	0.25587164
615	0.26220565
616	0.22648635
617	0.26433590
618	0.25456380
619	0.19149068
620	0.25511285
621	0.26284009
622	0.22220012
623	0.26878629
624	0.23630956
625	0.24871357
626	0.31950074
627	0.27099852
628	0.24614344
629	0.20606354
630	0.28086029
631	0.32003315
632	0.28377378
633	0.23434127
634	0.30752047
635	0.31205769
636	0.29279812
637	0.24919808
638	0.21769866
639	0.32446959
640	0.29620673
641	0.21535053
642	0.29222938
643	0.24309232
644	0.24484899
645	0.22478785
646	0.28708687
647	0.22729733
648	0.26245139
649	0.28153935
650	0.29221315
651	0.25195005
652	0.29461066
653	0.27242253
654	0.25787348
655	0.22333963
656	0.21642044
657	0.32735759
658	0.28222032
659	0.21394728
660	0.26149878
661	0.26816520
662	0.26979703
663	0.32347128
664	0.34059603
665	0.25319727
666	0.21870896
667	0.26107460
668	0.23137687
669	0.30292395
670	0.27377683
671	0.27198408
672	0.30179936
673	0.24285672
674	0.21973686
675	0.29243083
676	0.28865725
677	0.28711361
678	0.29640469
679	0.28460196
680	0.32921195
681	0.23404666
682	0.33116969
683	0.23648098
684	0.27100417
685	0.20348102
686	0.20864734
687	0.26317021
688	0.20983227
689	0.33617162
690	0.22534412
691	0.26261371
692	0.18121439
693	0.28972235
694	0.29036035
695	0.29799226
696	0.24222141
697	0.23957274
698	0.22325083
699	0.27126286
700	0.26255743
701	0.21617675
702	0.23468102
703	0.29999351
704	0.22872556
705	0.28945127
706	0.29119182
707	0.25334079
708	0.22413253
709	0.27636212
710	0.30785624
711	0.22156769
712	0.25448302
713	0.18080269
714	0.28824117
715	0.22993201
716	0.30040605
717	0.23498236
718	0.28536689
719	0.24791060
720	0.25090856
721	0.23743299
722	0.22779234
723	0.28260982
724	0.25959912
725	0.28292175
726	0.32764097
727	0.22973502
728	0.20972271
729	0.24790692
730	0.21554833
731	0.35816548
732	0.20218304
733	0.23424827
734	0.30373373
735	0.28165228
736	0.27314969
737	0.22705829
738	0.29008944
739	0.23311189
740	0.21729926
741	0.28097254
742	0.26541696
743	0.23417398
744	0.23015787
745	0.27373053
746	0.25032993
747	0.23972439
748	0.31491024
749	0.27011714
750	0.21629565
751	0.30393850
752	0.24675951
753	0.27754291
754	0.24628499
755	0.24835254
756	0.28711485
757	0.25289244
758	0.25223712
759	0.26034380
760	0.29267392
761	0.23724979
762	0.29462918
763	0.23167168
764	0.20653911
765	0.26376476
766	0.21244887
767	0.18573410
768	0.24491281
769	0.29092684
770	0.23566803
771	0.21069421
772	0.32751726
773	0.19815779
774	0.28765604
775	0.22430543
776	0.24983335
777	0.24127982
778	0.23976613
779	0.26218465
780	0.27357230
781	0.30061347
782	0.24801159
783	0.18079587
784	0.27579126
785	0.24013017
786	0.31981331
787	0.30773842
788	0.27356152
789	0.23791666
790	0.30990511
791	0.20688415
792	0.25512387
793	0.25049088
794	0.28097803
795	0.28918380
796	0.31599403
797	0.24819691
798	0.29494877
799	0.17809822
800	0.23598088
801	0.30974392
802	0.33072295
803	0.27343075
804	0.29211501
805	0.24394768
806	0.30721559
807	0.28744566
808	0.26079319
809	0.23391622
810	0.22809148
811	0.25191622
812	0.23519002
813	0.24944770
814	0.21193145
815	0.27399603
816	0.27331906
817	0.19023091
818	0.26483620
819	0.27491646
820	0.15975951
821	0.24890363
822	0.22415021
823	0.23635334
824	0.22826879
825	0.20125043
826	0.29462862
827	0.25749862
828	0.27495614
829	0.29503147
830	0.23446582
831	0.23545689
832	0.22222253
833	0.22736156
834	0.21779804
835	0.23682942
836	0.26153117
837	0.26636893
838	0.25575578
839	0.24239711
840	0.19325099
841	0.27358837
842	0.28059820
843	0.29479587
844	0.21957711
845	0.28234881
846	0.20402926
847	0.27513694
848	0.16638878
849	0.28550034
850	0.22320882
851	0.22512888
852	0.21718930
853	0.30092908
854	0.19585977
855	0.23786791
856	0.26275927
857	0.23447396
858	0.23843436
859	0.26950760
860	0.28637182
861	0.25180393
862	0.23651209
863	0.28373734
864	0.27253414
865	0.28532267
866	0.22195863
867	0.21887168
868	0.24500261
869	0.26988190
870	0.26254853
871	0.21542093
872	0.19211810
873	0.17450371
874	0.20498870
875	0.19815650
876	0.22480016
877	0.20867769
878	0.22336504
879	0.17694492
880	0.20209501
881	0.22418240
882	0.30342289
883	0.22082249
884	0.20678898
885	0.22480573
886	0.23123335
887	0.27506823
888	0.25379142
889	0.28352091
890	0.20793995
891	0.28585159
892	0.24503047
893	0.31343335
894	0.24202413
895	0.26425885
896	0.29320986
897	0.28036500
898	0.26469753
899	0.21010595
900	0.25370748
901	0.22451806
902	0.22513594
903	0.26232720
904	0.29825769
905	0.19076083
906	0.24999651
907	0.28218549
908	0.23656063
909	0.28566478
910	0.25101411
911	0.25159262
912	0.23497234
913	0.28295855
914	0.22271670
915	0.29373013
916	0.22128022
917	0.23363640
918	0.24062526
919	0.27240477
920	0.20347970
921	0.15439034
922	0.22481884
923	0.20001399
924	0.22584338
925	0.22138437
926	0.23039948
927	0.24940064
928	0.25197711
929	0.24921155
930	0.26360798
931	0.23969052
932	0.23255775
933	0.24125717
934	0.25347561
935	0.24323444
936	0.25863075
937	0.22791056
938	0.26028431
939	0.24325059
940	0.27778677
941	0.17566639
942	0.25034404
943	0.23970351
944	0.24975819
945	0.28414372
946	0.26308916
947	0.22118785
948	0.26346366
949	0.26105592
950	0.20321407
951	0.25795374
952	0.18042826
953	0.28976785
954	0.22436284
955	0.23188723
956	0.23566430
957	0.24265981
958	0.24593666
959	0.23101600
960	0.27985689
961	0.24560285
962	0.23209537
963	0.23185500
964	0.26792183
965	0.28186081
966	0.18668346
967	0.20732055
968	0.24930415
969	0.26075943
970	0.29982425
971	0.19551610
972	0.25122044
973	0.21464330
974	0.19857354
975	0.27771630
976	0.20407204
977	0.29178008
978	0.25058565
979	0.20244742
980	0.24973345
981	0.22708595
982	0.18580970
983	0.20265592
984	0.24709954
985	0.27775963
986	0.19767729
987	0.31883724
988	0.24729701
989	0.19808278
990	0.27153758
991	0.22024033
992	0.21926795
993	0.20441784
994	0.22621652
995	0.18752540
996	0.17927677
997	0.27984041
998	0.23987833
999	0.26816837
1000	0.24728206
1001	0.22979182
1002	0.28009044
1003	0.20374127
1004	0.20895963
1005	0.18061211
1006	0.26720653
1007	0.22446073
1008	0.25576488
1009	0.22414841
1010	0.22809737
1011	0.23433405
1012	0.24330307
1013	0.20689826
1014	0.22094119
1015	0.23190403
1016	0.26522910
1017	0.23230190
1018	0.23366763
1019	0.22318120
1020	0.22916031
1021	0.22675113
1022	0.23557976
1023	0.29639719
1024	0.24669673
1025	0.18648290
1026	0.34772375
1027	0.23589974
1028	0.29867509
1029	0.21403247
1030	0.19695711
1031	0.24321086
1032	0.21728443
1033	0.20964334
1034	0.22447436
1035	0.26096452
1036	0.23081551
1037	0.28490110
1038	0.25109232
1039	0.27050643
1040	0.26617956
1041	0.22754243
1042	0.22934223
1043	0.20468278
1044	0.26371305
1045	0.30694360
1046	0.24320822
1047	0.19697507
1048	0.27166619
1049	0.28787745
1050	0.22870355
1051	0.20000176
1052	0.24446466
1053	0.19923179
1054	0.26999367
1055	0.22380253
1056	0.24421612
1057	0.26710443
1058	0.24896300
1059	0.23669790
1060	0.23941932
1061	0.20507264
1062	0.29205548
1063	0.20405905
1064	0.20440449
1065	0.28056753
1066	0.26866643
1067	0.27999110
1068	0.22253650
1069	0.25877631
1070	0.22674031
1071	0.24351465
1072	0.21612131
1073	0.23586647
1074	0.22083351
1075	0.25789597
1076	0.25147192
1077	0.20312600
1078	0.22048695
1079	0.24209705
1080	0.21698188
1081	0.28076725
1082	0.26219463
1083	0.23167256
1084	0.23905244
1085	0.16507725
1086	0.25301018
1087	0.27335687
1088	0.24651000
1089	0.25595510
1090	0.23313349
1091	0.25517486
1092	0.25465420
1093	0.19470082
1094	0.19903736
1095	0.27091834
1096	0.22451622
1097	0.24828130
1098	0.21896300
1099	0.18910126
1100	0.22459715
1101	0.27726210
1102	0.23385817
1103	0.18930663
1104	0.20915109
1105	0.24206470
1106	0.18319776
1107	0.22322309
1108	0.25794392
1109	0.23486739
1110	0.26960273
1111	0.22656617
1112	0.19014644
1113	0.22672451
1114	0.26628912
1115	0.16606683
1116	0.22447541
1117	0.27599615
1118	0.23406262
1119	0.28465256
1120	0.20845376
1121	0.23307039
1122	0.21971341
1123	0.20490090
1124	0.23485676
1125	0.20435775
1126	0.27726623
1127	0.23433470
1128	0.24171132
1129	0.20482874
1130	0.18072279
1131	0.23719759
1132	0.16109461
1133	0.19555197
1134	0.27069212
1135	0.24067368
1136	0.26903179
1137	0.19896135
1138	0.30349176
1139	0.22929228
1140	0.23771790
1141	0.20848170
1142	0.31912872
1143	0.24001864
1144	0.27535470
1145	0.26664133
1146	0.23851878
1147	0.19939623
1148	0.21303760
1149	0.26516015
1150	0.26084053
1151	0.26938545
1152	0.23663961
1153	0.19537855
1154	0.21997843
1155	0.24263223
1156	0.22691974
1157	0.21391044
1158	0.20944053
1159	0.19322914
1160	0.23361151
1161	0.28471032
1162	0.17812291
1163	0.21620625
1164	0.22863488
1165	0.25774219
1166	0.20605697
1167	0.22991389
1168	0.25356580
1169	0.25078509
1170	0.19646077
1171	0.17577703
1172	0.22986390
1173	0.26638637
1174	0.22775991
1175	0.22890122
1176	0.20542518
1177	0.23637719
1178	0.23822373
1179	0.17812303
1180	0.19317226
1181	0.20877062
1182	0.22857871
1183	0.24134484
1184	0.21931225
1185	0.23053538
1186	0.25181672
1187	0.28644410
1188	0.20640373
1189	0.23498641
1190	0.21763327
1191	0.23295105
1192	0.17300934
1193	0.22285889
1194	0.19478364
1195	0.22591076
1196	0.20222742
1197	0.21573349
1198	0.26612255
1199	0.17090816
1200	0.21199519
1201	0.26702746
1202	0.23245929
1203	0.27228146
1204	0.17764346
1205	0.20367380
1206	0.24462077
1207	0.23386679
1208	0.18793389
1209	0.25219006
1210	0.22737146
1211	0.17564450
1212	0.25330639
1213	0.18496937
1214	0.17402209
1215	0.27562922
1216	0.22163207
1217	0.19679804
1218	0.20707252
1219	0.22942814
1220	0.18807072
1221	0.25959832
1222	0.16255654
1223	0.22879050
1224	0.24328054
1225	0.20928435
1226	0.18395217
1227	0.23468226
1228	0.20808964
1229	0.21274067
1230	0.19803608
1231	0.26663363
1232	0.26000513
1233	0.26533798
1234	0.22413093
1235	0.16637394
1236	0.16521295
1237	0.22371209
1238	0.18570271
1239	0.18567304
1240	0.29315246
1241	0.26769333
1242	0.19257639
1243	0.19396071
1244	0.20363163
1245	0.17897799
1246	0.19691048
1247	0.23430002
1248	0.23978974
1249	0.21548455
1250	0.28741471
1251	0.20327088
1252	0.15898140
1253	0.24050287
1254	0.24554628
1255	0.23699691
1256	0.21410856
1257	0.19551966
1258	0.23130599
1259	0.18602081
1260	0.21354147
1261	0.22090776
1262	0.24058657
1263	0.18418196
1264	0.24672483
1265	0.22534143
1266	0.20688350
1267	0.19774071
1268	0.22299996
1269	0.23076905
1270	0.19299948
1271	0.21957426
1272	0.21604017
1273	0.24255594
1274	0.18964221
1275	0.17312363
1276	0.23765717
1277	0.26768090
1278	0.19301427
1279	0.20456837
1280	0.25920842
1281	0.28251389
1282	0.23599331
1283	0.16698493
1284	0.23074023
1285	0.19393013
1286	0.22255887
1287	0.26978312
1288	0.21632932
1289	0.15813185
1290	0.25142742
1291	0.24950924
1292	0.18999767
1293	0.24338721
1294	0.20055871
1295	0.25766715
1296	0.22718473
1297	0.24312495
1298	0.22094195
1299	0.20353883
1300	0.22130924
1301	0.23832720
1302	0.21238585
1303	0.21168042
1304	0.22320265
1305	0.22373325
1306	0.19695242
1307	0.16754740
1308	0.20633137
1309	0.19005737
1310	0.21722987
1311	0.16416629
1312	0.17454985
1313	0.22675149
1314	0.22073385
1315	0.20056200
1316	0.19508647
1317	0.28031301
1318	0.21722044
1319	0.25263716
1320	0.18356184
1321	0.26681920
1322	0.19441992
1323	0.19234933
1324	0.28362032
1325	0.20486017
1326	0.21063945
1327	0.21861050
1328	0.20622028
1329	0.23252367
1330	0.20611104
1331	0.19314833
1332	0.27827104
1333	0.20885945
1334	0.19586370
1335	0.21080012
1336	0.17324586
1337	0.25097683
1338	0.22807841
1339	0.21466727
1340	0.24907060
1341	0.17294055
1342	0.19315530
1343	0.20516985
1344	0.28157298
1345	0.23535001
1346	0.22047597
1347	0.20014303
1348	0.20524021
1349	0.22898529
1350	0.19616877
1351	0.16016825
1352	0.22733983
1353	0.24335715
1354	0.23646943
1355	0.20100946
1356	0.30817835
1357	0.27468114
1358	0.24768102
1359	0.26062742
1360	0.23584987
1361	0.18178364
1362	0.22367541
1363	0.19204915
1364	0.21279359
1365	0.22927272
1366	0.16535566
1367	0.26196508
1368	0.27797362
1369	0.17231874
1370	0.23503223
1371	0.24431682
1372	0.18091525
1373	0.22879659
1374	0.21887348
1375	0.20073862
1376	0.19795221
1377	0.22935642
1378	0.23015939
1379	0.19436761
1380	0.20391750
1381	0.19765600
1382	0.17853963
1383	0.20152816
1384	0.18167653
1385	0.22490335
1386	0.25786919
1387	0.16689445
1388	0.22400730
1389	0.25667468
1390	0.23623592
1391	0.21946073
1392	0.19358016
1393	0.21369164
1394	0.22659314
1395	0.16293001
1396	0.20796717
1397	0.18380818
1398	0.21342991
1399	0.21149521
1400	0.21118104
1401	0.21595554
1402	0.24099687
1403	0.21871525
1404	0.21887605
1405	0.27240289
1406	0.25450892
1407	0.19738753
1408	0.18058689
1409	0.30388186
1410	0.29504935
1411	0.19286514
1412	0.16575839
1413	0.25241816
1414	0.17024273
1415	0.23913009
1416	0.23402413
1417	0.20771004
1418	0.20533718
1419	0.25121347
1420	0.25257615
1421	0.23346663
1422	0.21137559
1423	0.19786582
1424	0.25052660
1425	0.22991265
1426	0.24744891
1427	0.20561740
1428	0.20055851
1429	0.23570904
1430	0.19049942
1431	0.21845793
1432	0.19306129
1433	0.18531165
1434	0.23713185
1435	0.21936613
1436	0.25842638
1437	0.21654516
1438	0.22065961
1439	0.25633297
1440	0.18330186
1441	0.25403468
1442	0.23808912
1443	0.19748767
1444	0.23494853
1445	0.21631345
1446	0.24976131
1447	0.20116901
1448	0.21625685
1449	0.23041912
1450	0.21612997
1451	0.17993093
1452	0.25446362
1453	0.18207845
1454	0.19770186
1455	0.22214031
1456	0.21013213
1457	0.17638248
1458	0.21693690
1459	0.22235037
1460	0.26298040
1461	0.22102285
1462	0.20401363
1463	0.28341391
1464	0.13714404
1465	0.22638228
1466	0.18744762
1467	0.19506863
1468	0.17955362
1469	0.18885023
1470	0.19319892
1471	0.22154031
1472	0.25262786
1473	0.21385087
1474	0.23787553
1475	0.22139547
1476	0.24984791
1477	0.19785516
1478	0.17065440
1479	0.24550130
1480	0.25330150
1481	0.25414700
1482	0.18002710
1483	0.23379146
1484	0.17660156
1485	0.16407136
1486	0.18942109
1487	0.28418669
1488	0.19278260
1489	0.28007929
1490	0.17203548
1491	0.23945400
1492	0.21757899
1493	0.19483055
1494	0.21874007
1495	0.16982373
1496	0.18221439
1497	0.24857382
1498	0.25334544
1499	0.22507340
1500	0.22601832
1501	0.22331036
1502	0.16969397
1503	0.16342710
1504	0.27651706
1505	0.13790323
1506	0.20630014
1507	0.21580513
1508	0.20540625
1509	0.21803095
1510	0.21734516
1511	0.19284305
1512	0.23578918
1513	0.26750744
1514	0.13967248
1515	0.25732896
1516	0.20696095
1517	0.17609974
1518	0.18292287
1519	0.19399579
1520	0.26952275
1521	0.25599491
1522	0.18101387
1523	0.20389477
1524	0.19022590
1525	0.18623820
1526	0.24113397
1527	0.19670455
1528	0.22035266
1529	0.22452159
1530	0.17841407
1531	0.18912836
1532	0.16420858
1533	0.21445508
1534	0.16898284
1535	0.20342205
1536	0.19761207
1537	0.21054985
1538	0.23454147
1539	0.25918805
1540	0.18585592
1541	0.16392620
1542	0.23927035
1543	0.25459455
1544	0.20062145
1545	0.21900064
1546	0.21916905
1547	0.19189597
1548	0.25161467
1549	0.19187200
1550	0.16751285
1551	0.22504839
1552	0.21325552
1553	0.20240585
1554	0.22635787
1555	0.17669822
1556	0.18892431
1557	0.19226498
1558	0.23063484
1559	0.24103043
1560	0.20833538
1561	0.19867456
1562	0.21512540
1563	0.18931549
1564	0.19034211
1565	0.19667709
1566	0.23446879
1567	0.18789004
1568	0.18385139
1569	0.19237190
1570	0.18035205
1571	0.23901499
1572	0.17612648
1573	0.20613814
1574	0.20770864
1575	0.19114624
1576	0.21572095
1577	0.20252636
1578	0.20767801
1579	0.23193646
1580	0.19605504
1581	0.20598549
1582	0.18018216
1583	0.21762526
1584	0.24091854
1585	0.22255967
1586	0.19059872
1587	0.19534311
1588	0.22252732
1589	0.18345608
1590	0.27906623
1591	0.20323391
1592	0.17441215
1593	0.26636512
1594	0.22649341
1595	0.18390996
1596	0.27785203
1597	0.21133177
1598	0.18726101
1599	0.23556360
1600	0.21924530
1601	0.20837021
1602	0.20097102
1603	0.17261479
1604	0.15385179
1605	0.18441231
1606	0.22837623
1607	0.20901355
1608	0.15634869
1609	0.19292127
1610	0.20482894
1611	0.13750351
1612	0.20574989
1613	0.22425937
1614	0.20801880
1615	0.19793289
1616	0.22225095
1617	0.21045660
1618	0.19853257
1619	0.22703873
1620	0.21193233
1621	0.19883111
1622	0.21095646
1623	0.19224289
1624	0.21564450
1625	0.21109689
1626	0.20034760
1627	0.15202193
1628	0.22676063
1629	0.14178328
1630	0.29859519
1631	0.21406238
1632	0.19918292
1633	0.17816099
1634	0.21861191
1635	0.21296933
1636	0.27771369
1637	0.28418060
1638	0.23671565
1639	0.22261159
1640	0.23504995
1641	0.18670194
1642	0.17492508
1643	0.25296973
1644	0.15871221
1645	0.18272391
1646	0.19614243
1647	0.17632524
1648	0.19429369
1649	0.21843680
1650	0.18540774
1651	0.21713041
1652	0.25254496
1653	0.22652760
1654	0.25605003
1655	0.22014303
1656	0.21335033
1657	0.21491806
1658	0.20722838
1659	0.18441359
1660	0.23254849
1661	0.15138974
1662	0.17758192
1663	0.20122261
1664	0.18423508
1665	0.15932576
1666	0.18398817
1667	0.18182265
1668	0.24151044
1669	0.22909292
1670	0.19283468
1671	0.21327669
1672	0.15670339
1673	0.14323448
1674	0.22463812
1675	0.24843127
1676	0.23562177
1677	0.20954917
1678	0.18312684
1679	0.22695193
1680	0.20172175
1681	0.20950575
1682	0.21708455
1683	0.19338613
1684	0.17007464
1685	0.20026081
1686	0.19323171
1687	0.20063019
1688	0.18938340
1689	0.27538773
1690	0.19040754
1691	0.16874632
1692	0.18331814
1693	0.22611409
1694	0.18771401
1695	0.24052355
1696	0.20468555
1697	0.22196107
1698	0.20464746
1699	0.18349453
1700	0.19432888
1701	0.26166562
1702	0.18594179
1703	0.18580990
1704	0.20981579
1705	0.16429834
1706	0.21895081
1707	0.23048595
1708	0.22858204
1709	0.21068839
1710	0.21588948
1711	0.17624891
1712	0.20068679
1713	0.22133658
1714	0.20509749
1715	0.24065047
1716	0.21257009
1717	0.18524494
1718	0.21488815
1719	0.20516172
1720	0.19519066
1721	0.20089292
1722	0.18717154
1723	0.21099491
1724	0.21443071
1725	0.18883023
1726	0.20373478
1727	0.21376805
1728	0.17965183
1729	0.20029774
1730	0.19382437
1731	0.23333253
1732	0.16630114
1733	0.22766518
1734	0.22596649
1735	0.20219631
1736	0.16436356
1737	0.20212804
1738	0.19188791
1739	0.18497563
1740	0.20273450
1741	0.19472900
1742	0.19814291
1743	0.25025408
1744	0.21741102
1745	0.20011409
1746	0.25650519
1747	0.21766599
1748	0.21376721
1749	0.18601812
1750	0.22026037
1751	0.20306514
1752	0.28347693
1753	0.18579623
1754	0.16331329
1755	0.21704690
1756	0.18931417
1757	0.25635622
1758	0.21163873
1759	0.19469200
1760	0.18421836
1761	0.19134187
1762	0.15977719
1763	0.21136865
1764	0.22261163
1765	0.24180645
1766	0.21223139
1767	0.23004358
1768	0.25555550
1769	0.22263395
1770	0.17237743
1771	0.19202790
1772	0.18525460
1773	0.16518757
1774	0.24689741
1775	0.18799587
1776	0.22122894
1777	0.25230239
1778	0.19806623
1779	0.18895045
1780	0.23083700
1781	0.18691654
1782	0.19220533
1783	0.19916372
1784	0.21210984
1785	0.18327424
1786	0.17329513
1787	0.24351337
1788	0.17757126
1789	0.20060389
1790	0.23700429
1791	0.24352042
1792	0.20042089
1793	0.15772147
1794	0.22216252
1795	0.22807120
1796	0.22901716
1797	0.17629605
1798	0.19094388
1799	0.17981403
1800	0.20346250
1801	0.14729737
1802	0.21241547
1803	0.21114917
1804	0.16871028
1805	0.19719186
1806	0.18567444
1807	0.21119194
1808	0.20424783
1809	0.20349224
1810	0.19193774
1811	0.17254632
1812	0.23401928
1813	0.20958505
1814	0.19136953
1815	0.18580930
1816	0.20955137
1817	0.24368635
1818	0.21783315
1819	0.23786101
1820	0.19287348
1821	0.16195246
1822	0.21989786
1823	0.17088868
1824	0.15632796
1825	0.20891886
1826	0.20358809
1827	0.18920665
1828	0.24031100
1829	0.20466073
1830	0.21354680
1831	0.19072556
1832	0.23029373
1833	0.16314797
1834	0.21714095
1835	0.17998437
1836	0.21388366
1837	0.20250158
1838	0.23362762
1839	0.22013029
1840	0.20579804
1841	0.20607328
1842	0.18180036
1843	0.16762329
1844	0.16168134
1845	0.21017899
1846	0.26104362
1847	0.21521884
1848	0.19181848
1849	0.13761964
1850	0.20825099
1851	0.23719852
1852	0.18289485
1853	0.17310491
1854	0.17954704
1855	0.21378469
1856	0.16130178
1857	0.17679627
1858	0.19430535
1859	0.18143095
1860	0.16802081
1861	0.24164097
1862	0.18226414
1863	0.20032339
1864	0.17741379
1865	0.15530014
1866	0.19784935
1867	0.21505805
1868	0.19887701
1869	0.22890667
1870	0.15999519
1871	0.22821147
1872	0.21917102
1873	0.25035662
1874	0.19094965
1875	0.19781579
1876	0.13350675
1877	0.20433333
1878	0.17041399
1879	0.19317021
1880	0.20654147
1881	0.19353858
1882	0.17417470
1883	0.22714672
1884	0.18519515
1885	0.24417126
1886	0.17556665
1887	0.19357976
1888	0.20093979
1889	0.25304791
1890	0.19650688
1891	0.19312540
1892	0.18517218
1893	0.28714079
1894	0.19109553
1895	0.22548182
1896	0.16267064
1897	0.19587998
1898	0.16742097
1899	0.17607396
1900	0.19509240
1901	0.17278777
1902	0.16755225
1903	0.17310355
1904	0.19597162
1905	0.18735975
1906	0.25046983
1907	0.19095442
1908	0.16368571
1909	0.21018132
1910	0.19856047
1911	0.22808106
1912	0.19849024
1913	0.17526703
1914	0.17869769
1915	0.21641287
1916	0.20431377
1917	0.19677787
1918	0.19616745
1919	0.19698721
1920	0.18787048
1921	0.16761106
1922	0.20044698
1923	0.21815490
1924	0.23010263
1925	0.18050696
1926	0.19583828
1927	0.18801684
1928	0.17769417
1929	0.15560946
1930	0.19488667
1931	0.20543492
1932	0.18744779
1933	0.16827785
1934	0.18362333
1935	0.15736212
1936	0.21418942
1937	0.21006999
1938	0.21344233
1939	0.18395646
1940	0.20798982
1941	0.16508222
1942	0.20900140
1943	0.21679006
1944	0.17098837
1945	0.18603107
1946	0.18568406
1947	0.15780762
1948	0.18242642
1949	0.22268034
1950	0.20866679
1951	0.19282361
1952	0.18120653
1953	0.14466077
1954	0.18597162
1955	0.23236236
1956	0.16785925
1957	0.16005713
1958	0.17967035
1959	0.22342754
1960	0.20073927
1961	0.17007064
1962	0.19996797
1963	0.22005492
1964	0.18708827
1965	0.17493654
1966	0.19678236
1967	0.18560365
1968	0.20960325
1969	0.20669573
1970	0.22652427
1971	0.18893029
1972	0.18470663
1973	0.21492387
1974	0.24389497
1975	0.19133301
1976	0.17358841
1977	0.15028262
1978	0.19873077
1979	0.22838545
1980	0.19212624
1981	0.15449665
1982	0.21466815
1983	0.23806855
1984	0.19456653
1985	0.26418537
1986	0.18612371
1987	0.23897382
1988	0.17494436
1989	0.20946723
1990	0.21135963
1991	0.16804001
1992	0.16225969
1993	0.22180886
1994	0.17423251
1995	0.16477422
1996	0.23598729
1997	0.22123704
1998	0.20228956
1999	0.17628663
2000	0.17140128
2001	0.21083051
2002	0.22713526
2003	0.17956228
2004	0.20733542
2005	0.15099294
2006	0.17790006
2007	0.18008499
2008	0.17372179
2009	0.18459495
2010	0.21926811
2011	0.17653983
2012	0.22385977
2013	0.20750804
2014	0.17746210
2015	0.18377294
2016	0.15481255
2017	0.18259711
2018	0.23865941
2019	0.14626687
2020	0.17472435
2021	0.19574969
2022	0.20819218
2023	0.16194652
2024	0.22084578
2025	0.27524326
2026	0.15246675
2027	0.18688499
2028	0.19661058
2029	0.15430206
2030	0.18817551
2031	0.17252451
2032	0.17445380
2033	0.23518657
2034	0.19006943
2035	0.21296208
2036	0.19182024
2037	0.22432676
2038	0.23108475
2039	0.18061872
2040	0.16334652
2041	0.16177290
2042	0.24240517
2043	0.24928884
2044	0.22598168
2045	0.17201856
2046	0.17406286
2047	0.25341836
2048	0.17646326
2049	0.19400966
2050	0.19855642
2051	0.20264125
2052	0.22943865
2053	0.16144843
2054	0.17027773
2055	0.17239286
2056	0.20893574
2057	0.20089922
2058	0.19121616
2059	0.21841968
2060	0.20914760
2061	0.15460148
2062	0.15951674
2063	0.20062285
2064	0.19413277
2065	0.18489477
2066	0.25201932
2067	0.17336135
2068	0.21187901
2069	0.17374332
2070	0.20083636
2071	0.18011982
2072	0.20068791
2073	0.23304791
2074	0.19555614
2075	0.19890872
2076	0.15280261
2077	0.20529433
2078	0.18510142
2079	0.19288775
2080	0.14911638
2081	0.22643448
2082	0.15608920
2083	0.17022065
2084	0.20216901
2085	0.17816156
2086	0.15010752
2087	0.13514893
2088	0.22483788
2089	0.16065183
2090	0.16251722
2091	0.22195907
2092	0.19549729
2093	0.20499066
2094	0.15618232
2095	0.18527601
2096	0.21270748
2097	0.22354488
2098	0.23441102
2099	0.14510030
2100	0.23484726
2101	0.18630066
2102	0.21822469
2103	0.20171377
2104	0.18285011
2105	0.18837174
2106	0.18405368
2107	0.22931205
2108	0.12399254
2109	0.18690684
2110	0.22503299
2111	0.17898974
2112	0.15389421
2113	0.15576428
2114	0.18471958
2115	0.22153574
2116	0.20827813
2117	0.19915975
2118	0.20261680
2119	0.17868835
2120	0.19365921
2121	0.16369224
2122	0.19220249
2123	0.19276308
2124	0.23559952
2125	0.16027468
2126	0.22486931
2127	0.16908238
2128	0.16297731
2129	0.15769974
2130	0.16859603
2131	0.20520285
2132	0.24786639
2133	0.18178280
2134	0.17616111
2135	0.17212508
2136	0.18733570
2137	0.18119507
2138	0.18487581
2139	0.19927709
2140	0.16047416
2141	0.19750760
2142	0.21444205
2143	0.18630038
2144	0.18023913
2145	0.17547897
2146	0.16341407
2147	0.21203335
2148	0.16320669
2149	0.17148543
2150	0.21775891
2151	0.14946194
2152	0.14870643
2153	0.18666154
2154	0.17792704
2155	0.17235538
2156	0.20778408
2157	0.17316745
2158	0.16616613
2159	0.15098713
2160	0.14953546
2161	0.17593514
2162	0.18874756
2163	0.21933430
2164	0.20125187
2165	0.18749782
2166	0.18278906
2167	0.17237278
2168	0.16957090
2169	0.19332467
2170	0.13550094
2171	0.18483524
2172	0.19588258
2173	0.19062502
2174	0.20262317
2175	0.24079523
2176	0.22601640
2177	0.18500349
2178	0.21761756
2179	0.17611004
2180	0.17307364
2181	0.20875847
2182	0.22586639
2183	0.18266863
2184	0.17958942
2185	0.25194676
2186	0.19784758
2187	0.17710243
2188	0.18757050
2189	0.20848134
2190	0.19405765
2191	0.19174801
2192	0.25162766
2193	0.17987577
2194	0.19488234
2195	0.18154416
2196	0.17693466
2197	0.17502261
2198	0.19891385
2199	0.18282894
2200	0.17434211
2201	0.18606206
2202	0.13916677
2203	0.17993854
2204	0.20339571
2205	0.20508006
2206	0.22608066
2207	0.22177855
2208	0.17901070
2209	0.22260361
2210	0.21575446
2211	0.19936741
2212	0.17008827
2213	0.14656055
2214	0.13286763
2215	0.18511465
2216	0.22000064
2217	0.19827272
2218	0.23081832
2219	0.18763848
2220	0.17775322
2221	0.17286418
2222	0.20046170
2223	0.16184454
2224	0.25158613
2225	0.16433618
2226	0.18427236
2227	0.18164807
2228	0.20040914
2229	0.21656905
2230	0.15751754
2231	0.16940794
2232	0.18269629
2233	0.22695650
2234	0.21386767
2235	0.20692632
2236	0.19927745
2237	0.19067084
2238	0.19904081
2239	0.17235270
2240	0.16676572
2241	0.17553995
2242	0.19089641
2243	0.18210804
2244	0.22248411
2245	0.20585789
2246	0.20352820
2247	0.18076164
2248	0.12563407
2249	0.15699587
2250	0.19801852
2251	0.15924217
2252	0.16348322
2253	0.16896148
2254	0.15299355
2255	0.16947212
2256	0.16941832
2257	0.18387797
2258	0.16232981
2259	0.24275109
2260	0.17376083
2261	0.22013582
2262	0.15188863
2263	0.18134877
2264	0.20123135
2265	0.16198942
2266	0.16757599
2267	0.17612483
2268	0.21117687
2269	0.18996127
2270	0.15627164
2271	0.15151561
2272	0.20124041
2273	0.17028928
2274	0.22203299
2275	0.20276099
2276	0.21897434
2277	0.20330435
2278	0.16479611
2279	0.16633862
2280	0.17147144
2281	0.18851413
2282	0.21171108
2283	0.21207817
2284	0.14817414
2285	0.21906302
2286	0.17839968
2287	0.19689898
2288	0.19879371
2289	0.20735041
2290	0.16807292
2291	0.17655069
2292	0.17431545
2293	0.15395731
2294	0.18269593
2295	0.17971161
2296	0.22837980
2297	0.18474480
2298	0.13540553
2299	0.15695414
2300	0.22109565
2301	0.19531674
2302	0.16821130
2303	0.20436693
2304	0.15443780
2305	0.15275630
2306	0.17323295
2307	0.20660196
2308	0.14481543
2309	0.13238461
2310	0.13642614
2311	0.18758364
2312	0.18523127
2313	0.19188431
2314	0.16727264
2315	0.17192600
2316	0.16862506
2317	0.19797362
2318	0.21772095
2319	0.16961439
2320	0.14147060
2321	0.16910744
2322	0.17479759
2323	0.20480870
2324	0.17377354
2325	0.14732143
2326	0.14568074
2327	0.14552548
2328	0.22048018
2329	0.16292848
2330	0.18186771
2331	0.19148876
2332	0.16790768
2333	0.18000297
2334	0.17611818
2335	0.16286983
2336	0.16613923
2337	0.15831854
2338	0.17461531
2339	0.16132299
2340	0.18196184
2341	0.18340477
2342	0.17146955
2343	0.14672143
2344	0.24418364
2345	0.14686835
2346	0.17470335
2347	0.20508234
2348	0.14938829
2349	0.14278641
2350	0.18341515
2351	0.13464137
2352	0.17402526
2353	0.18133943
2354	0.20248302
2355	0.19479844
2356	0.16018445
2357	0.16261579
2358	0.18038441
2359	0.23479206
2360	0.16854700
2361	0.18845432
2362	0.13575522
2363	0.20266125
2364	0.14246855
2365	0.14385147
2366	0.21807400
2367	0.20880734
2368	0.16910956
2369	0.16838312
2370	0.17913891
2371	0.16091245
2372	0.16504494
2373	0.17389200
2374	0.16653141
2375	0.13158477
2376	0.18653506
2377	0.19639146
2378	0.14534043
2379	0.15008823
2380	0.18771994
2381	0.18879920
2382	0.14218417
2383	0.17860858
2384	0.16907709
2385	0.19693305
2386	0.19882578
2387	0.12981551
2388	0.18463873
2389	0.13239743
2390	0.18430884
2391	0.20698829
2392	0.16687505
2393	0.22619868
2394	0.16683227
2395	0.16389300
2396	0.14965372
2397	0.16463484
2398	0.21742782
2399	0.18726935
2400	0.15762413
2401	0.19472985
2402	0.15083824
2403	0.13664754
2404	0.15400870
2405	0.18636288
2406	0.17895943
2407	0.17600377
2408	0.18849485
2409	0.19179703
2410	0.18691028
2411	0.17519511
2412	0.19830275
2413	0.22431850
2414	0.16099471
2415	0.20260774
2416	0.16628595
2417	0.18084354
2418	0.22727388
2419	0.18661283
2420	0.15624281
2421	0.13534885
2422	0.17478348
2423	0.20050158
2424	0.19098613
2425	0.19142000
2426	0.14997246
2427	0.20452038
2428	0.15447585
2429	0.16456027
2430	0.16393842
2431	0.18538288
2432	0.16098489
2433	0.16123528
2434	0.18324494
2435	0.17893213
2436	0.17914512
2437	0.18778024
2438	0.19527356
2439	0.12580108
2440	0.21986631
2441	0.17236989
2442	0.15869661
2443	0.18992391
2444	0.15368362
2445	0.17549786
2446	0.17285223
2447	0.18584482
2448	0.17816035
2449	0.16227312
2450	0.17355125
2451	0.16588066
2452	0.14499306
2453	0.17896003
2454	0.16830323
2455	0.20962570
2456	0.19822413
2457	0.16058417
2458	0.16623167
2459	0.13134167
2460	0.18448483
2461	0.21431197
2462	0.21682794
2463	0.17328346
2464	0.17510948
2465	0.16944470
2466	0.20008082
2467	0.15335514
2468	0.22566478
2469	0.16500353
2470	0.21873822
2471	0.17864366
2472	0.17798100
2473	0.13915879
2474	0.17565825
2475	0.19074055
2476	0.18040156
2477	0.18981503
2478	0.14928274
2479	0.11647316
2480	0.13268783
2481	0.15119611
2482	0.14900994
2483	0.15900553
2484	0.13426859
2485	0.18162413
2486	0.21354460
2487	0.15719876
2488	0.18658445
2489	0.17689080
2490	0.17753377
2491	0.15161343
2492	0.17274303
2493	0.21235242
2494	0.20484410
2495	0.18942413
2496	0.20218805
2497	0.15585440
2498	0.16348595
2499	0.17055141
2500	0.19271746
2501	0.19151646
2502	0.19108948
2503	0.14565524
2504	0.18191120
2505	0.20913634
2506	0.18833710
2507	0.18397194
2508	0.18034364
2509	0.22001347
2510	0.18433850
2511	0.16678136
2512	0.13113313
2513	0.18649016
2514	0.18423347
2515	0.18287553
2516	0.17678761
2517	0.14606578
2518	0.20313502
2519	0.20914544
2520	0.13172123
2521	0.17435101
2522	0.13920212
2523	0.18591088
2524	0.20098942
2525	0.19553037
2526	0.19416901
2527	0.19377863
2528	0.21596705
2529	0.17333983
2530	0.20073578
2531	0.15087460
2532	0.20773734
2533	0.20354235
2534	0.16072051
2535	0.17642181
2536	0.12876320
2537	0.19485705
2538	0.17474989
2539	0.17977883
2540	0.16441014
2541	0.20171706
2542	0.14538152
2543	0.15311870
2544	0.21503716
2545	0.16097799
2546	0.18323175
2547	0.20512367
2548	0.19469016
2549	0.17722361
2550	0.18517747
2551	0.16960361
2552	0.21196869
2553	0.16422020
2554	0.17889541
2555	0.14681267
2556	0.15433329
2557	0.11362421
2558	0.21452239
2559	0.15487048
2560	0.17274877
2561	0.15179832
2562	0.15834235
2563	0.17861592
2564	0.17033037
2565	0.19460016
2566	0.14803476
2567	0.19524718
2568	0.12863716
2569	0.20724618
2570	0.18373702
2571	0.17316312
2572	0.17105628
2573	0.15012451
2574	0.19869196
2575	0.16434644
2576	0.17420762
2577	0.22647913
2578	0.15798433
2579	0.17038561
2580	0.18032271
2581	0.18422345
2582	0.19820698
2583	0.15660060
2584	0.22315803
2585	0.13432495
2586	0.17885432
2587	0.18508896
2588	0.15871389
2589	0.17815422
2590	0.15155819
2591	0.17962012
2592	0.18982461
2593	0.13999431
2594	0.18071124
2595	0.15435582
2596	0.19803680
2597	0.19909701
2598	0.18047404
2599	0.18456172
2600	0.17160838
2601	0.17852924
2602	0.20732528
2603	0.14828234
2604	0.16423985
2605	0.20911393
2606	0.20724269
2607	0.20551553
2608	0.15083981
2609	0.17191774
2610	0.19123748
2611	0.15836156
2612	0.21144791
2613	0.15601768
2614	0.13696901
2615	0.18527986
2616	0.21400084
2617	0.24187064
2618	0.18196156
2619	0.17969866
2620	0.16976472
2621	0.18699619
2622	0.19703716
2623	0.16088262
2624	0.17825536
2625	0.15257050
2626	0.21147332
2627	0.19323243
2628	0.15460718
2629	0.15992756
2630	0.17541259
2631	0.19982790
2632	0.18522898
2633	0.19651265
2634	0.16061126
2635	0.20167324
2636	0.20547713
2637	0.18154460
2638	0.15250988
2639	0.16773357
2640	0.13304622
2641	0.13019511
2642	0.19223087
2643	0.14340922
2644	0.17014644
2645	0.13563520
2646	0.14807372
2647	0.11207384
2648	0.20011493
2649	0.17072051
2650	0.17814636
2651	0.19823043
2652	0.16538685
2653	0.18637290
2654	0.14335530
2655	0.20202049
2656	0.18096516
2657	0.17020898
2658	0.20640561
2659	0.19219359
2660	0.18302309
2661	0.18613778
2662	0.16384261
2663	0.18693582
2664	0.15200012
2665	0.19316833
2666	0.18972255
2667	0.15966330
2668	0.16693975
2669	0.16100313
2670	0.16737703
2671	0.16448611
2672	0.17168406
2673	0.18483937
2674	0.12231297
2675	0.15402105
2676	0.12970178
2677	0.19277001
2678	0.15209798
2679	0.15215398
2680	0.15592471
2681	0.19129200
2682	0.16551882
2683	0.17555931
2684	0.16903664
2685	0.21139222
2686	0.21945440
2687	0.14594728
2688	0.16323295
2689	0.16342798
2690	0.16893871
2691	0.19051072
2692	0.17678837
2693	0.17897575
2694	0.16038749
2695	0.15644085
2696	0.16842032
2697	0.14963989
2698	0.20550363
2699	0.17746109
2700	0.18394215
2701	0.19046158
2702	0.16957935
2703	0.17313093
2704	0.20544682
2705	0.23167505
2706	0.17042457
2707	0.19014127
2708	0.18890142
2709	0.17023724
2710	0.12219547
2711	0.19699106
2712	0.17341219
2713	0.17336613
2714	0.16143941
2715	0.18691838
2716	0.18364534
2717	0.17717587
2718	0.18867035
2719	0.15282870
2720	0.17329573
2721	0.19832071
2722	0.15974019
2723	0.12251850
2724	0.16224807
2725	0.18529513
2726	0.17077831
2727	0.14849216
2728	0.20609745
2729	0.16260561
2730	0.15802938
2731	0.18340505
2732	0.18049196
2733	0.20709192
2734	0.14908086
2735	0.13671525
2736	0.16666150
2737	0.15199539
2738	0.15721078
2739	0.12999391
2740	0.21323175
2741	0.19011237
2742	0.14200377
2743	0.20167052
2744	0.15587513
2745	0.17036805
2746	0.13180830
2747	0.12612552
2748	0.17220024
2749	0.18266675
2750	0.18451281
2751	0.13884963
2752	0.18866506
2753	0.17955995
2754	0.18974897
2755	0.19545003
2756	0.18428928
2757	0.20203139
2758	0.20115270
2759	0.16916689
2760	0.16005741
2761	0.17636797
2762	0.14481223
2763	0.17596568
2764	0.15161331
2765	0.15703307
2766	0.14688611
2767	0.15783784
2768	0.15252824
2769	0.17624682
2770	0.17639932
2771	0.17670383
2772	0.20336877
2773	0.16875105
2774	0.16157394
2775	0.19178857
2776	0.18770968
2777	0.12298793
2778	0.15355061
2779	0.17008571
2780	0.17947869
2781	0.20020457
2782	0.13597482
2783	0.19598537
2784	0.17105492
2785	0.13179306
2786	0.14388992
2787	0.15149926
2788	0.22208567
2789	0.16175482
2790	0.20630142
2791	0.15848006
2792	0.18255899
2793	0.18921395
2794	0.16567769
2795	0.16952087
2796	0.16043528
2797	0.18402514
2798	0.15881547
2799	0.17404073
2800	0.16782906
2801	0.16605360
2802	0.12716701
2803	0.15928908
2804	0.14518890
2805	0.13091890
2806	0.16407228
2807	0.16796989
2808	0.15306049
2809	0.14073410
2810	0.14964710
2811	0.20798168
2812	0.21807805
2813	0.18334865
2814	0.15867124
2815	0.16140369
2816	0.16343580
2817	0.20510792
2818	0.17502157
2819	0.18832824
2820	0.16089040
2821	0.13978513
2822	0.18628034
2823	0.15436292
2824	0.19928098
2825	0.15017246
2826	0.15356725
2827	0.14629341
2828	0.17605011
2829	0.18374095
2830	0.15159459
2831	0.17253502
2832	0.15938861
2833	0.15629024
2834	0.16702329
2835	0.17643612
2836	0.13644013
2837	0.13934107
2838	0.17955077
2839	0.16687833
2840	0.22454785
2841	0.12791702
2842	0.14704386
2843	0.16755310
2844	0.18629794
2845	0.15292780
2846	0.19458204
2847	0.14831197
2848	0.19113081
2849	0.15852896
2850	0.13508743
2851	0.15128386
2852	0.18884887
2853	0.13229152
2854	0.18149990
2855	0.19488382
2856	0.17938224
2857	0.17566182
2858	0.18519339
2859	0.13325095
2860	0.13955871
2861	0.19186314
2862	0.17425348
2863	0.13935578
2864	0.13232323
2865	0.16033622
2866	0.11940698
2867	0.16004895
2868	0.16768679
2869	0.15263251
2870	0.17303468
2871	0.17984674
2872	0.20784089
2873	0.18013305
2874	0.17720565
2875	0.15491116
2876	0.17606647
2877	0.20633349
2878	0.12858036
2879	0.14461836
2880	0.18979755
2881	0.18769613
2882	0.14457009
2883	0.18513686
2884	0.14594360
2885	0.16079519
2886	0.14200722
2887	0.18068242
2888	0.14121652
2889	0.13963215
2890	0.12541976
2891	0.16180104
2892	0.17069449
2893	0.17011974
2894	0.15638445
2895	0.17892812
2896	0.16389389
2897	0.17608719
2898	0.13240946
2899	0.14603095
2900	0.13498156
2901	0.18003732
2902	0.20027553
2903	0.16858264
2904	0.16904654
2905	0.16892728
2906	0.16481960
2907	0.18333101
2908	0.16500698
2909	0.17106647
2910	0.16506117
2911	0.12394199
2912	0.15882634
2913	0.18983139
2914	0.16816516
2915	0.21142000
2916	0.15854953
2917	0.18232900
2918	0.15780874
2919	0.18872083
2920	0.16911189
2921	0.14825183
2922	0.18457474
2923	0.14333955
2924	0.15938681
2925	0.16806065
2926	0.15779174
2927	0.13912155
2928	0.15973381
2929	0.17049834
2930	0.20959359
2931	0.16163532
2932	0.17146627
2933	0.19498336
2934	0.14841696
2935	0.16444562
2936	0.13922105
2937	0.15711746
2938	0.18325801
2939	0.19348326
2940	0.17811658
2941	0.14473333
2942	0.15695109
2943	0.17454873
2944	0.18243119
2945	0.15355314
2946	0.19572872
2947	0.20312744
2948	0.13145917
2949	0.16896504
2950	0.14295719
2951	0.12960441
2952	0.13662546
2953	0.14647537
2954	0.21896989
2955	0.18050018
2956	0.17347561
2957	0.17390395
2958	0.16601355
2959	0.18675298
2960	0.12959948
2961	0.13658978
2962	0.17426991
2963	0.21420357
2964	0.14745380
2965	0.13853806
2966	0.16565705
2967	0.12291610
2968	0.19342445
2969	0.14889998
2970	0.20751734
2971	0.21399070
2972	0.15549469
2973	0.16207260
2974	0.17831104
2975	0.17561676
2976	0.14329878
2977	0.19550267
2978	0.15134680
2979	0.12774789
2980	0.18452620
2981	0.18131585
2982	0.15233373
2983	0.14198160
2984	0.15275851
2985	0.14423115
2986	0.19273606
2987	0.17339679
2988	0.18513947
2989	0.18184322
2990	0.13527613
2991	0.18220914
2992	0.18521122
2993	0.15658449
2994	0.15955089
2995	0.14493919
2996	0.14063768
2997	0.13315486
2998	0.15439463
2999	0.18782898
3000	0.16866895
3001	0.19316059
3002	0.17847068
3003	0.17640000
3004	0.17556761
3005	0.15408859
3006	0.18103572
3007	0.14800710
3008	0.19946258
3009	0.15496464
3010	0.15904165
3011	0.17816805
3012	0.17305364
3013	0.15574584
3014	0.15018994
3015	0.20306358
3016	0.16731854
3017	0.14708475
3018	0.16090768
3019	0.13578376
3020	0.15841523
3021	0.15540429
3022	0.15083640
3023	0.14829966
3024	0.14627264
3025	0.16697519
3026	0.18341616
3027	0.13365211
3028	0.19389525
3029	0.14032508
3030	0.16380269
3031	0.18598789
3032	0.14304185
3033	0.15996492
3034	0.16725564
3035	0.18583287
3036	0.13125123
3037	0.14822349
3038	0.17049028
3039	0.15972748
3040	0.14046198
3041	0.14254929
3042	0.15295205
3043	0.15114905
3044	0.15783395
3045	0.14262109
3046	0.18791112
3047	0.13592243
3048	0.12811674
3049	0.14366647
3050	0.14808230
3051	0.15950194
3052	0.16935117
3053	0.15710984
3054	0.17048815
3055	0.14679531
3056	0.19613273
3057	0.17252560
3058	0.17007011
3059	0.20675646
3060	0.15971930
3061	0.20582489
3062	0.15954287
3063	0.16584217
3064	0.16402077
3065	0.16530736
3066	0.13444654
3067	0.17688639
3068	0.16981724
3069	0.19720866
3070	0.14309369
3071	0.17194544
3072	0.21041439
3073	0.18773590
3074	0.18432371
3075	0.18740509
3076	0.16122906
3077	0.19732564
3078	0.17295687
3079	0.19478404
3080	0.18815177
3081	0.11987468
3082	0.17086374
3083	0.21097891
3084	0.12685264
3085	0.18099719
3086	0.16630872
3087	0.15402193
3088	0.16146105
3089	0.14272067
3090	0.20767913
3091	0.19489481
3092	0.15136556
3093	0.12788022
3094	0.17833586
3095	0.18322546
3096	0.15841050
3097	0.16297086
3098	0.15227180
3099	0.16740233
3100	0.21695406
3101	0.15742409
3102	0.13357462
3103	0.13414412
3104	0.13761455
3105	0.18989902
3106	0.14291533
3107	0.18596348
3108	0.18159936
3109	0.17097013
3110	0.20366013
3111	0.13250198
3112	0.15694279
3113	0.15951289
3114	0.16563600
3115	0.15878485
3116	0.15876180
3117	0.14539820
3118	0.17470720
3119	0.16241026
3120	0.16431489
3121	0.16272227
3122	0.20220108
3123	0.14599198
3124	0.20902193
3125	0.19719327
3126	0.13952784
3127	0.16452211
3128	0.19721311
3129	0.13950347
3130	0.15492323
3131	0.13230447
3132	0.13430864
3133	0.17918360
3134	0.13945272
3135	0.14155266
3136	0.17524041
3137	0.19725520
3138	0.15340673
3139	0.18333057
3140	0.11359587
3141	0.16678581
3142	0.15308635
3143	0.15843768
3144	0.16918220
3145	0.16684438
3146	0.15180710
3147	0.19022209
3148	0.18541475
3149	0.15513610
3150	0.14784430
3151	0.14389052
3152	0.13136665
3153	0.15048787
3154	0.15944289
3155	0.14768415
3156	0.17121555
3157	0.20898140
3158	0.15240220
3159	0.13166222
3160	0.16900890
3161	0.16777110
3162	0.16001006
3163	0.13404803
3164	0.17104915
3165	0.13102618
3166	0.14730619
3167	0.18603636
3168	0.19452447
3169	0.13991818
3170	0.16287464
3171	0.17203584
3172	0.16715542
3173	0.17424494
3174	0.16502077
3175	0.15151662
3176	0.21111770
3177	0.17973562
3178	0.12904161
3179	0.12925993
3180	0.15278088
3181	0.13041772
3182	0.14229365
3183	0.12911730
3184	0.17278481
3185	0.16821996
3186	0.14990415
3187	0.14715161
3188	0.21766178
3189	0.16820008
3190	0.17367505
3191	0.14764057
3192	0.09691822
3193	0.14093434
3194	0.15013526
3195	0.15766747
3196	0.15337410
3197	0.19290820
3198	0.13040313
3199	0.14175165
3200	0.18763869
3201	0.12794628
3202	0.18594953
3203	0.16326298
3204	0.13868066
3205	0.11333638
3206	0.14760417
3207	0.13765083
3208	0.15795234
3209	0.18763893
3210	0.15701539
3211	0.15022818
3212	0.14692812
3213	0.14432908
3214	0.18354412
3215	0.17128190
3216	0.16162686
3217	0.19007244
3218	0.17390026
3219	0.14874893
3220	0.12149433
3221	0.15090523
3222	0.15514115
3223	0.16370716
3224	0.18868976
3225	0.15953345
3226	0.17431874
3227	0.14895618
3228	0.18072363
3229	0.14513137
3230	0.13494087
3231	0.17317819
3232	0.14831758
3233	0.14965440
3234	0.16758882
3235	0.15128471
3236	0.17110427
3237	0.14261944
3238	0.14435438
3239	0.16435630
3240	0.16422522
3241	0.15083576
3242	0.13635662
3243	0.15173871
3244	0.15951161
3245	0.14117599
3246	0.14033397
3247	0.14681756
3248	0.15602734
3249	0.14624474
3250	0.17513830
3251	0.18309846
3252	0.13076765
3253	0.14937466
3254	0.19117795
3255	0.11818028
3256	0.16520826
3257	0.16352792
3258	0.13691429
3259	0.15609004
3260	0.14319270
3261	0.13054079
3262	0.09731120
3263	0.15708074
3264	0.13793875
3265	0.19366105
3266	0.17108519
3267	0.16107621
3268	0.14770395
3269	0.12278425
3270	0.17984795
3271	0.17255687
3272	0.15167549
3273	0.14255827
3274	0.15229016
3275	0.15042369
3276	0.18922906
3277	0.16373125
3278	0.12325705
3279	0.16758705
3280	0.15215839
3281	0.14900445
3282	0.15232908
3283	0.11186987
3284	0.15469244
3285	0.13046522
3286	0.16225977
3287	0.14107476
3288	0.19825484
3289	0.14393522
3290	0.12858216
3291	0.16660890
3292	0.12112167
3293	0.17838545
3294	0.18318878
3295	0.13675490
3296	0.15996424
3297	0.13563816
3298	0.15283949
3299	0.14537515
3300	0.11884229
3301	0.16872135
3302	0.18149036
3303	0.17142065
3304	0.18549962
3305	0.11317739
3306	0.15481728
3307	0.13683660
3308	0.16665837
3309	0.14648767
3310	0.13253574
3311	0.12092231
3312	0.13015109
3313	0.17508382
3314	0.14131778
3315	0.16049950
3316	0.13938392
3317	0.15915474
3318	0.15877354
3319	0.14817539
3320	0.15432075
3321	0.15432407
3322	0.18212636
3323	0.20765135
3324	0.17071894
3325	0.14120389
3326	0.11593478
3327	0.16399086
3328	0.17281231
3329	0.12189701
3330	0.14234781
3331	0.12787152
3332	0.16379792
3333	0.17556665
3334	0.19150671
3335	0.17553225
3336	0.17475398
3337	0.17008892
3338	0.19684281
3339	0.15928679
3340	0.14535847
3341	0.12621054
3342	0.18118657
3343	0.16256853
3344	0.16988952
3345	0.15367681
3346	0.15901752
3347	0.14523375
3348	0.14540894
3349	0.15598541
3350	0.19062999
3351	0.19122485
3352	0.17446783
3353	0.15869850
3354	0.20350567
3355	0.15684382
3356	0.17020349
3357	0.19843836
3358	0.10325468
3359	0.18916292
3360	0.18922946
3361	0.12449405
3362	0.13721876
3363	0.14276324
3364	0.15149389
3365	0.15503428
3366	0.12885741
3367	0.15597988
3368	0.16648394
3369	0.16774472
3370	0.14906294
3371	0.19861856
3372	0.16238565
3373	0.17761708
3374	0.16914732
3375	0.17082830
3376	0.16567388
3377	0.18940076
3378	0.16068190
3379	0.21697178
3380	0.14848892
3381	0.15273442
3382	0.19471285
3383	0.18075943
3384	0.11828202
3385	0.13767164
3386	0.15810896
3387	0.16365336
3388	0.15804338
3389	0.18900249
3390	0.19414163
3391	0.15948487
3392	0.16828102
3393	0.16437695
3394	0.14759306
3395	0.12003897
3396	0.15985344
3397	0.13379555
3398	0.17674336
3399	0.14805372
3400	0.16343379
3401	0.15718088
3402	0.20292307
3403	0.16987232
3404	0.14363327
3405	0.16147521
3406	0.20113177
3407	0.14129617
3408	0.13764522
3409	0.15971878
3410	0.18094869
3411	0.20491778
3412	0.15538769
3413	0.16662946
3414	0.14978352
3415	0.14781171
3416	0.16396244
3417	0.16625215
3418	0.14596075
3419	0.12022297
3420	0.13787729
3421	0.13736063
3422	0.15205316
3423	0.12494055
3424	0.10154127
3425	0.13455374
3426	0.16735959
3427	0.15114275
3428	0.12700429
3429	0.19552904
3430	0.15275687
3431	0.18217527
3432	0.16157651
3433	0.17156360
3434	0.16165765
3435	0.18373734
3436	0.19561700
3437	0.14504037
3438	0.16669709
3439	0.13642181
3440	0.18151786
3441	0.19751730
3442	0.15565288
3443	0.14949846
3444	0.16245773
3445	0.15353602
3446	0.14138918
3447	0.14059631
3448	0.13766085
3449	0.17284346
3450	0.13259836
3451	0.14012335
3452	0.18612764
3453	0.13278368
3454	0.11637719
3455	0.18018673
3456	0.15033794
3457	0.15681559
3458	0.14860629
3459	0.17944197
3460	0.17049292
3461	0.16712985
3462	0.17862959
3463	0.17752688
3464	0.18030651
3465	0.15086358
3466	0.15364963
3467	0.16582566
3468	0.19731726
3469	0.19949048
3470	0.16926057
3471	0.17415959
3472	0.17864546
3473	0.14111417
3474	0.13584871
3475	0.16723403
3476	0.13545187
3477	0.17650451
3478	0.16813169
3479	0.14877639
3480	0.19825412
3481	0.13117174
3482	0.10572952
3483	0.12815153
3484	0.13498874
3485	0.15754215
3486	0.16992327
3487	0.13357058
3488	0.16406190
3489	0.16946482
3490	0.19957587
3491	0.16816292
3492	0.14526410
3493	0.15910804
3494	0.12431449
3495	0.14679932
3496	0.20513293
3497	0.17254063
3498	0.13702000
3499	0.14664145
3500	0.17199282
3501	0.20718541
3502	0.15262830
3503	0.17793871
3504	0.14408511
3505	0.15911497
3506	0.14631594
3507	0.16635298
3508	0.14264875
3509	0.15994885
3510	0.18511798
3511	0.16079900
3512	0.17855318
3513	0.12843592
3514	0.15188214
3515	0.20522357
3516	0.11079499
3517	0.13010611
3518	0.14336164
3519	0.15486711
3520	0.15745171
3521	0.13108467
3522	0.17064089
3523	0.17862934
3524	0.16391421
3525	0.13296148
3526	0.16455859
3527	0.17526358
3528	0.14093923
3529	0.12141275
3530	0.12832808
3531	0.15017843
3532	0.15756641
3533	0.17809958
3534	0.18359932
3535	0.11125556
3536	0.17931433
3537	0.14990439
3538	0.17895967
3539	0.16816544
3540	0.15549048
3541	0.17164334
3542	0.12808711
3543	0.14508082
3544	0.15750611
3545	0.13912680
3546	0.13095703
3547	0.13371305
3548	0.16976837
3549	0.12233261
3550	0.15148110
3551	0.16117976
3552	0.16151209
3553	0.16226406
3554	0.19093718
3555	0.16099094
3556	0.13570692
3557	0.19124466
3558	0.13031622
3559	0.12023504
3560	0.16686350
3561	0.19804558
3562	0.16932179
3563	0.14250395
3564	0.18979118
3565	0.11357062
3566	0.12613393
3567	0.10564297
3568	0.15730964
3569	0.15728142
3570	0.17483291
3571	0.14219647
3572	0.14073229
3573	0.12683925
3574	0.17463500
3575	0.15789124
3576	0.14814552
3577	0.17057960
3578	0.16431758
3579	0.17890904
3580	0.16412071
3581	0.18599776
3582	0.15478196
3583	0.17570511
3584	0.17251481
3585	0.15329441
3586	0.13909922
3587	0.13929597
3588	0.15623075
3589	0.17664089
3590	0.19040068
3591	0.14586538
3592	0.20152736
3593	0.17984891
3594	0.14338132
3595	0.12111886
3596	0.15988663
3597	0.17266033
3598	0.11680028
3599	0.19262125
3600	0.13320986
3601	0.20329838
3602	0.17255021
3603	0.15782069
3604	0.18056276
3605	0.18406695
3606	0.14211774
3607	0.15130507
3608	0.20422934
3609	0.13453157
3610	0.14276360
3611	0.15633590
3612	0.15970094
3613	0.12006009
3614	0.12694845
3615	0.13223115
3616	0.15729256
3617	0.17180613
3618	0.16300585
3619	0.14641912
3620	0.14311557
3621	0.16002449
3622	0.12074055
3623	0.17730535
3624	0.13459194
3625	0.18470964
3626	0.13989044
3627	0.17660216
3628	0.16226085
3629	0.15856949
3630	0.16435610
3631	0.15718180
3632	0.19735338
3633	0.18483881
3634	0.16205793
3635	0.17362489
3636	0.18458902
3637	0.20367027
3638	0.15873891
3639	0.11251525
3640	0.12121379
3641	0.15228936
3642	0.15965456
3643	0.16713734
3644	0.15279419
3645	0.14111245
3646	0.10973137
3647	0.15234199
3648	0.13609140
3649	0.16978156
3650	0.17923680
3651	0.18670335
3652	0.15872255
3653	0.18765115
3654	0.16946326
3655	0.17524418
3656	0.16545155
3657	0.16665360
3658	0.15001483
3659	0.14190832
3660	0.12512439
3661	0.16429513
3662	0.14051874
3663	0.13779186
3664	0.13873630
3665	0.17138433
3666	0.15561315
3667	0.13050411
3668	0.18584354
3669	0.12772584
3670	0.16987897
3671	0.17565745
3672	0.10622057
3673	0.19686322
3674	0.18473141
3675	0.18110756
3676	0.15297446
3677	0.16943239
3678	0.14365336
3679	0.10764045
3680	0.15654548
3681	0.16349701
3682	0.15822097
3683	0.11799731
3684	0.18684787
3685	0.15875498
3686	0.16297258
3687	0.17047264
3688	0.13883564
3689	0.15637891
3690	0.11888006
3691	0.21266101
3692	0.13738701
3693	0.14422906
3694	0.11781090
3695	0.15290836
3696	0.13036376
3697	0.15454063
3698	0.13334195
3699	0.14908306
3700	0.14688314
3701	0.16989204
3702	0.16470218
3703	0.11804570
3704	0.17571096
3705	0.16231249
3706	0.15769501
3707	0.18184570
3708	0.11505448
3709	0.14342036
3710	0.15705516
3711	0.20938930
3712	0.16901307
3713	0.18345348
3714	0.10794592
3715	0.16223071
3716	0.13563291
3717	0.16228968
3718	0.15546995
3719	0.15478376
3720	0.16723885
3721	0.18120433
3722	0.16694115
3723	0.12321094
3724	0.13140004
3725	0.11585115
3726	0.13247970
3727	0.18216661
3728	0.13820766
3729	0.12120056
3730	0.15234728
3731	0.17048262
3732	0.21092736
3733	0.15470587
3734	0.15848507
3735	0.17887452
3736	0.12229092
3737	0.17146995
3738	0.15216308
3739	0.12050499
3740	0.15187492
3741	0.18521411
3742	0.14763095
3743	0.12883640
3744	0.13496248
3745	0.17380974
3746	0.16934111
3747	0.12337086
3748	0.19898729
3749	0.15598621
3750	0.14748278
3751	0.14949112
3752	0.12038657
3753	0.16997490
3754	0.17531541
3755	0.16295707
3756	0.13924835
3757	0.16350495
3758	0.15123468
3759	0.16169998
3760	0.14761347
3761	0.16607240
3762	0.12906166
3763	0.21237086
3764	0.14498757
3765	0.15719066
3766	0.17467120
3767	0.15360926
3768	0.13684129
3769	0.15551878
3770	0.15753257
3771	0.17353919
3772	0.12062461
3773	0.18141636
3774	0.14191758
3775	0.16716292
3776	0.15966250
3777	0.12229858
3778	0.17539030
3779	0.17509653
3780	0.16361255
3781	0.15837603
3782	0.18740028
3783	0.09885320
3784	0.12248759
3785	0.19487962
3786	0.14126879
3787	0.15870327
3788	0.13641255
3789	0.17504815
3790	0.17864666
3791	0.14301928
3792	0.17355650
3793	0.14219014
3794	0.13663195
3795	0.16555165
3796	0.14449004
3797	0.13825564
3798	0.13382028
3799	0.14287224
3800	0.13237118
3801	0.13613602
3802	0.15971253
3803	0.17100593
3804	0.19158392
3805	0.16796949
3806	0.14375057
3807	0.17405316
3808	0.14956508
3809	0.12554315
3810	0.15155703
3811	0.14618801
3812	0.14663736
3813	0.15053177
3814	0.11136841
3815	0.18170864
3816	0.14245264
3817	0.18605969
3818	0.13546855
3819	0.14196356
3820	0.18362109
3821	0.11789032
3822	0.12460918
3823	0.14764330
3824	0.15314576
3825	0.20011970
3826	0.15103412
3827	0.16373345
3828	0.17297286
3829	0.14943620
3830	0.11618693
3831	0.12285211
3832	0.14460341
3833	0.13296356
3834	0.14706190
3835	0.15999106
3836	0.11507797
3837	0.10135482
3838	0.18873590
3839	0.12825111
3840	0.12673846
3841	0.12643460
3842	0.14743804
3843	0.14357005
3844	0.12916160
3845	0.15340509
3846	0.11233305
3847	0.13075414
3848	0.12582870
3849	0.17087132
3850	0.16565179
3851	0.17077555
3852	0.15164951
3853	0.12740786
3854	0.12744758
3855	0.16377166
3856	0.21440838
3857	0.13911533
3858	0.17895049
3859	0.18716917
3860	0.16649629
3861	0.20588374
3862	0.16575189
3863	0.15125668
3864	0.17901487
3865	0.10494352
3866	0.11297651
3867	0.16165973
3868	0.16255298
3869	0.11852804
3870	0.14939944
3871	0.15399579
3872	0.16914311
3873	0.17127565
3874	0.16223808
3875	0.16699186
3876	0.12212371
3877	0.14574648
3878	0.15900698
3879	0.15300577
3880	0.17483131
3881	0.12865532
3882	0.15032243
3883	0.16673526
3884	0.12905905
3885	0.15354825
3886	0.14860261
3887	0.19042983
3888	0.13664578
3889	0.19201664
3890	0.12568928
3891	0.15752840
3892	0.12210591
3893	0.15240577
3894	0.16317450
3895	0.14356552
3896	0.19847052
3897	0.12441784
3898	0.15364590
3899	0.17723728
3900	0.15525380
3901	0.15497346
3902	0.15285127
3903	0.16056099
3904	0.13651465
3905	0.15879495
3906	0.15455346
3907	0.15286202
3908	0.14803339
3909	0.18204574
3910	0.14796252
3911	0.10758104
3912	0.16372564
3913	0.14883893
3914	0.15666458
3915	0.15586013
3916	0.16528735
3917	0.15544815
3918	0.16634468
3919	0.13805765
3920	0.13832928
3921	0.15452279
3922	0.20891088
3923	0.15410864
3924	0.20203456
3925	0.12186675
3926	0.15981632
3927	0.14377318
3928	0.16418028
3929	0.17725416
3930	0.14945564
3931	0.11601788
3932	0.18709272
3933	0.13308587
3934	0.17820421
3935	0.13401159
3936	0.17847136
3937	0.17099086
3938	0.16344678
3939	0.15152604
3940	0.14640702
3941	0.17877639
3942	0.16335975
3943	0.16711866
3944	0.13118565
3945	0.13188250
3946	0.17251978
3947	0.12395165
3948	0.09697282
3949	0.18086194
3950	0.13055213
3951	0.17615478
3952	0.13210511
3953	0.10904959
3954	0.15212423
3955	0.16347833
3956	0.17152880
3957	0.12065211
3958	0.13194087
3959	0.14325809
3960	0.17750744
3961	0.15420738
3962	0.16917919
3963	0.13104783
3964	0.16448386
3965	0.12730070
3966	0.14830808
3967	0.11458449
3968	0.19043993
3969	0.16285709
3970	0.18390066
3971	0.14595891
3972	0.17111357
3973	0.18485749
3974	0.13822385
3975	0.14305276
3976	0.16766021
3977	0.14122165
3978	0.12816508
3979	0.09431614
3980	0.14610186
3981	0.15324394
3982	0.14886306
3983	0.15023528
3984	0.16471080
3985	0.15825408
3986	0.17372808
3987	0.15052091
3988	0.12260617
3989	0.13866450
3990	0.14151509
3991	0.15019122
3992	0.14582714
3993	0.16461026
3994	0.15726631
3995	0.19843580
3996	0.17294079
3997	0.14436184
3998	0.17280072
3999	0.16603255
4000	0.16091501
4001	0.12894680
4002	0.15723428
4003	0.13531553
4004	0.15635827
4005	0.16640826
4006	0.16320172
4007	0.12140890
4008	0.18130972
4009	0.12799511
4010	0.15099647
4011	0.16189108
4012	0.17457418
4013	0.11199607
4014	0.16896404
4015	0.13237903
4016	0.11702506
4017	0.13528960
4018	0.12469725
4019	0.13287805
4020	0.14777583
4021	0.12702249
4022	0.12231096
4023	0.15644991
4024	0.14818096
4025	0.16062898
4026	0.13601351
4027	0.13794087
4028	0.12564273
4029	0.11908751
4030	0.15849894
4031	0.13199759
4032	0.15649140
4033	0.14072944
4034	0.13056224
4035	0.13488346
4036	0.13621243
4037	0.13323572
4038	0.14619876
4039	0.17904362
4040	0.09519439
4041	0.12893891
4042	0.16450295
4043	0.14073618
4044	0.12536172
4045	0.13502542
4046	0.20892219
4047	0.16701199
4048	0.14027781
4049	0.16345187
4050	0.16704811
4051	0.16459319
4052	0.14935582
4053	0.15668439
4054	0.10979455
4055	0.14262950
4056	0.18311385
4057	0.15962249
4058	0.09613566
4059	0.17058256
4060	0.12818910
4061	0.11834885
4062	0.14634724
4063	0.16960461
4064	0.18044811
4065	0.14182012
4066	0.16132560
4067	0.17449677
4068	0.17547268
4069	0.17284867
4070	0.13681900
4071	0.15297013
4072	0.14952856
4073	0.13602694
4074	0.12945572
4075	0.13674460
4076	0.16008571
4077	0.16662614
4078	0.13351181
4079	0.11590170
4080	0.18290700
4081	0.15152047
4082	0.14519623
4083	0.17050222
4084	0.08588114
4085	0.14469024
4086	0.18113442
4087	0.14150218
4088	0.10687689
4089	0.16862726
4090	0.15465484
4091	0.14756801
4092	0.16107192
4093	0.12613983
4094	0.13428851
4095	0.17624666
4096	0.13869713
4097	0.13501134
4098	0.11953967
4099	0.12980690
4100	0.16059078
4101	0.14847737
4102	0.16189802
4103	0.14180890
4104	0.18150106
4105	0.13655787
4106	0.15998841
4107	0.15270684
4108	0.11285656
4109	0.17113393
4110	0.17548683
4111	0.13400690
4112	0.13547998
4113	0.12734404
4114	0.12852740
4115	0.11696027
4116	0.17267488
4117	0.14235069
4118	0.16114528
4119	0.14794921
4120	0.13777130
4121	0.14321668
4122	0.18708499
4123	0.15161840
4124	0.12494668
4125	0.10303840
4126	0.17268839
4127	0.14558244
4128	0.17818433
4129	0.15743215
4130	0.13487853
4131	0.13749802
4132	0.12681535
4133	0.15107256
4134	0.16174624
4135	0.13655221
4136	0.12095871
4137	0.14867873
4138	0.13583632
4139	0.11441335
4140	0.13748631
4141	0.14802726
4142	0.16452283
4143	0.13138557
4144	0.19112026
4145	0.13392776
4146	0.14819174
4147	0.17029044
4148	0.16507941
4149	0.13806230
4150	0.16046302
4151	0.15814460
4152	0.14073951
4153	0.13097082
4154	0.16183500
4155	0.13018425
4156	0.15345400
4157	0.15343592
4158	0.13979820
4159	0.17015125
4160	0.15121086
4161	0.14074135
4162	0.13696917
4163	0.14687376
4164	0.13308835
4165	0.19145801
4166	0.16192051
4167	0.13689196
4168	0.13964281
4169	0.16749373
4170	0.15147893
4171	0.16402526
4172	0.18321383
4173	0.14565809
4174	0.13823063
4175	0.14326330
4176	0.12837050
4177	0.18302530
4178	0.14556837
4179	0.14123428
4180	0.16420665
4181	0.15255077
4182	0.13087276
4183	0.16938813
4184	0.14297515
4185	0.15567228
4186	0.12990267
4187	0.15258769
4188	0.14321636
4189	0.15312564
4190	0.14989882
4191	0.12750635
4192	0.15428254
4193	0.16709004
4194	0.14658296
4195	0.18398224
4196	0.16474592
4197	0.14386699
4198	0.15506855
4199	0.11702245
4200	0.15836741
4201	0.17182710
4202	0.15673177
4203	0.17348859
4204	0.14448707
4205	0.13857310
4206	0.19648471
4207	0.14243893
4208	0.12456917
4209	0.14136031
4210	0.16952075
4211	0.14106077
4212	0.14108487
4213	0.16554656
4214	0.16759150
4215	0.15971886
4216	0.12689208
4217	0.11151806
4218	0.12844390
4219	0.14006121
4220	0.13717759
4221	0.13235029
4222	0.17643147
4223	0.14290984
4224	0.09315835
4225	0.10730679
4226	0.14017683
4227	0.15387877
4228	0.13560641
4229	0.13964851
4230	0.15717298
4231	0.11785436
4232	0.14712075
4233	0.11402329
4234	0.11269721
4235	0.12859523
4236	0.09030459
4237	0.14426671
4238	0.19049421
4239	0.16396492
4240	0.16235791
4241	0.14686895
4242	0.13553233
4243	0.17460862
4244	0.15918713
4245	0.13228030
4246	0.13059804
4247	0.14563107
4248	0.17013682
4249	0.16704097
4250	0.16346290
4251	0.13395418
4252	0.11642534
4253	0.18489545
4254	0.14124991
4255	0.16108515
4256	0.15171722
4257	0.14840024
4258	0.12027160
4259	0.14326065
4260	0.11275386
4261	0.17377118
4262	0.15413750
4263	0.18189737
4264	0.16688118
4265	0.16168170
4266	0.14243548
4267	0.14965223
4268	0.13862630
4269	0.15803267
4270	0.12321223
4271	0.16601231
4272	0.12735634
4273	0.11431738
4274	0.15029060
4275	0.13661231
4276	0.18182373
4277	0.08936913
4278	0.16869890
4279	0.18539451
4280	0.12681403
4281	0.12651497
4282	0.11723997
4283	0.20121147
4284	0.11604538
4285	0.10185600
4286	0.14316965
4287	0.12025632
4288	0.15761507
4289	0.16597707
4290	0.12691606
4291	0.13915558
4292	0.13074468
4293	0.12319447
4294	0.12796685
4295	0.16247416
4296	0.12300738
4297	0.11394011
4298	0.14561980
4299	0.12637234
4300	0.18427084
4301	0.14191902
4302	0.12611385
4303	0.14877831
4304	0.11904293
4305	0.11095851
4306	0.18125256
4307	0.13788322
4308	0.16808627
4309	0.18730403
4310	0.12850315
4311	0.11603319
4312	0.15377033
4313	0.13388182
4314	0.14930848
4315	0.16757094
4316	0.14115983
4317	0.12567340
4318	0.18409962
4319	0.10614123
4320	0.16124229
4321	0.10816224
4322	0.13336657
4323	0.14912961
4324	0.14339776
4325	0.16049649
4326	0.11980080
4327	0.13942830
4328	0.17834889
4329	0.14009208
4330	0.16097090
4331	0.14271802
4332	0.16852856
4333	0.13246759
4334	0.14248739
4335	0.15893478
4336	0.16414764
4337	0.12631361
4338	0.15009304
4339	0.16342457
4340	0.12311674
4341	0.13234324
4342	0.12032067
4343	0.16583291
4344	0.13972640
4345	0.13576404
4346	0.13105973
4347	0.13487549
4348	0.11887440
4349	0.16763059
4350	0.15776264
4351	0.15263307
4352	0.14586053
4353	0.16823444
4354	0.13612524
4355	0.13881555
4356	0.16298284
4357	0.15722012
4358	0.16144442
4359	0.13533810
4360	0.16701215
4361	0.15534039
4362	0.12438408
4363	0.14402662
4364	0.16701151
4365	0.16642950
4366	0.14491766
4367	0.14449637
4368	0.10862822
4369	0.15961856
4370	0.16793281
4371	0.14186967
4372	0.11648559
4373	0.11308398
4374	0.16007324
4375	0.12806647
4376	0.11799551
4377	0.18007031
4378	0.14762950
4379	0.13480457
4380	0.10450780
4381	0.16092612
4382	0.14151132
4383	0.14723969
4384	0.19015851
4385	0.16086378
4386	0.14101555
4387	0.15082870
4388	0.13539491
4389	0.14227172
4390	0.15945709
4391	0.14078433
4392	0.13211493
4393	0.18420028
4394	0.13585412
4395	0.16783560
4396	0.14633185
4397	0.17026603
4398	0.10445793
4399	0.18923953
4400	0.15700529
4401	0.14224718
4402	0.13424486
4403	0.16263163
4404	0.10161612
4405	0.13946895
4406	0.12435590
4407	0.15662810
4408	0.15470611
4409	0.18287833
4410	0.14620465
4411	0.12610038
4412	0.14579792
4413	0.10663997
4414	0.15429473
4415	0.15479150
4416	0.17943953
4417	0.13406470
4418	0.12663436
4419	0.13449557
4420	0.14587092
4421	0.13340056
4422	0.09953221
4423	0.12437851
4424	0.13968447
4425	0.17808547
4426	0.12590663
4427	0.15166711
4428	0.16991942
4429	0.15413534
4430	0.13054588
4431	0.14028839
4432	0.14569870
4433	0.18547589
4434	0.14362185
4435	0.12608587
4436	0.15616757
4437	0.17524366
4438	0.12809280
4439	0.16964787
4440	0.15101122
4441	0.16974849
4442	0.16190022
4443	0.16589104
4444	0.12705240
4445	0.12354833
4446	0.12872908
4447	0.17251361
4448	0.09869673
4449	0.17206178
4450	0.13566222
4451	0.15652624
4452	0.13403199
4453	0.11311273
4454	0.14654344
4455	0.14407376
4456	0.14085564
4457	0.15496649
4458	0.16429088
4459	0.12959763
4460	0.17168884
4461	0.12830014
4462	0.12211437
4463	0.11650720
4464	0.15733963
4465	0.18786787
4466	0.15799824
4467	0.12925845
4468	0.12363247
4469	0.14461066
4470	0.15585099
4471	0.16303291
4472	0.12072708
4473	0.11217110
4474	0.11529224
4475	0.14671353
4476	0.15749425
4477	0.14371898
4478	0.13006210
4479	0.11964650
4480	0.10927753
4481	0.13920990
4482	0.17559371
4483	0.14269818
4484	0.16769377
4485	0.11449337
4486	0.14172343
4487	0.12287448
4488	0.16859780
4489	0.10314091
4490	0.17423155
4491	0.15724550
4492	0.12607797
4493	0.13309681
4494	0.14553506
4495	0.14315258
4496	0.12551758
4497	0.09609509
4498	0.13595751
4499	0.13329938
4500	0.15093534
4501	0.12745845
4502	0.10693738
4503	0.11005348
4504	0.15316749
4505	0.17068194
4506	0.11833802
4507	0.13193041
4508	0.08564903
4509	0.09703420
4510	0.11969024
4511	0.14786406
4512	0.15211329
4513	0.16420910
4514	0.14858517
4515	0.13388539
4516	0.11478633
4517	0.13728807
4518	0.10202061
4519	0.15936709
4520	0.16365336
4521	0.13061768
4522	0.12973265
4523	0.13364514
4524	0.10949533
4525	0.14596388
4526	0.19030503
4527	0.16046715
4528	0.13149545
4529	0.13137679
4530	0.19451317
4531	0.10678930
4532	0.11505689
4533	0.17499383
4534	0.14019375
4535	0.13473927
4536	0.13936753
4537	0.16463211
4538	0.15262329
4539	0.14434388
4540	0.12385977
4541	0.15500313
4542	0.18863019
4543	0.13752736
4544	0.16846426
4545	0.13916011
4546	0.13200224
4547	0.13142963
4548	0.10690944
4549	0.16209365
4550	0.14760565
4551	0.13364534
4552	0.12856107
4553	0.16156641
4554	0.11370940
4555	0.14572143
4556	0.16566887
4557	0.13830138
4558	0.11204213
4559	0.11211509
4560	0.17178769
4561	0.14602221
4562	0.12437895
4563	0.10305123
4564	0.11348683
4565	0.13266065
4566	0.15458958
4567	0.15908539
4568	0.19733410
4569	0.12721664
4570	0.13996300
4571	0.13371453
4572	0.13407629
4573	0.13889224
4574	0.10652848
4575	0.11282073
4576	0.12849986
4577	0.15542197
4578	0.13112407
4579	0.11925075
4580	0.13033049
4581	0.15145464
4582	0.12210591
4583	0.11611682
4584	0.15724710
4585	0.14366615
4586	0.16838324
4587	0.10410363
4588	0.10317009
4589	0.13769858
4590	0.14367853
4591	0.13030367
4592	0.11301139
4593	0.18200164
4594	0.17515819
4595	0.15302910
4596	0.11662081
4597	0.13022157
4598	0.11937414
4599	0.14904137
4600	0.15648459
4601	0.15047701
4602	0.10074965
4603	0.16224590
4604	0.16724646
4605	0.11505925
4606	0.12457507
4607	0.11298581
4608	0.14016144
4609	0.14282341
4610	0.10460754
4611	0.15323540
4612	0.12765885
4613	0.13572071
4614	0.15526999
4615	0.14143139
4616	0.13011201
4617	0.13533389
4618	0.17852495
4619	0.14898689
4620	0.15690527
4621	0.12813414
4622	0.11392977
4623	0.15013854
4624	0.14424330
4625	0.14127492
4626	0.14590503
4627	0.12980806
4628	0.12755590
4629	0.12146378
4630	0.16753297
4631	0.13576492
4632	0.13099535
4633	0.16230443
4634	0.14184322
4635	0.09854328
4636	0.13440894
4637	0.15851710
4638	0.16155474
4639	0.15506270
4640	0.17809894
4641	0.13740990
4642	0.16327749
4643	0.20048415
4644	0.14340994
4645	0.18214215
4646	0.11107080
4647	0.12376115
4648	0.10916448
4649	0.13741712
4650	0.12194736
4651	0.15012171
4652	0.14277960
4653	0.14614303
4654	0.13591730
4655	0.13485520
4656	0.12083917
4657	0.14529978
4658	0.14578833
4659	0.12157070
4660	0.11739459
4661	0.12325264
4662	0.13250684
4663	0.12204117
4664	0.11534512
4665	0.16488868
4666	0.13382610
4667	0.14241812
4668	0.11256348
4669	0.16727505
4670	0.11802814
4671	0.13934620
4672	0.14439030
4673	0.12022101
4674	0.18945171
4675	0.19027448
4676	0.15863339
4677	0.17962101
4678	0.13633165
4679	0.13615057
4680	0.12294584
4681	0.11348799
4682	0.14461323
4683	0.11825865
4684	0.14357310
4685	0.14229565
4686	0.12115835
4687	0.12735049
4688	0.19856605
4689	0.11512135
4690	0.15040766
4691	0.13293013
4692	0.14016917
4693	0.12235650
4694	0.13015767
4695	0.14287801
4696	0.14896825
4697	0.14709056
4698	0.12207825
4699	0.14698934
4700	0.16167200
4701	0.14359980
4702	0.10856404
4703	0.17247853
4704	0.13369429
4705	0.13146374
4706	0.14006570
4707	0.17529826
4708	0.14484959
4709	0.16293530
4710	0.10624338
4711	0.15472195
4712	0.13441648
4713	0.11796043
4714	0.11752920
4715	0.12439162
4716	0.12739399
4717	0.12334853
4718	0.11687324
4719	0.15859591
4720	0.16478886
4721	0.16614865
4722	0.09644113
4723	0.10825416
4724	0.15225733
4725	0.12784065
4726	0.16239106
4727	0.09572880
4728	0.14862149
4729	0.13673393
4730	0.13399347
4731	0.15404277
4732	0.14916544
4733	0.09404398
4734	0.13305223
4735	0.16692459
4736	0.15126603
4737	0.10560690
4738	0.11404362
4739	0.14368411
4740	0.12934841
4741	0.19275181
4742	0.10356200
4743	0.13897098
4744	0.13374604
4745	0.16448170
4746	0.15223255
4747	0.14799062
4748	0.11005857
4749	0.14288795
4750	0.15239655
4751	0.12272632
4752	0.10025236
4753	0.19780092
4754	0.14251132
4755	0.14733999
4756	0.14140974
4757	0.16621467
4758	0.15940080
4759	0.10738380
4760	0.13240389
4761	0.11934652
4762	0.16140641
4763	0.14155999
4764	0.11022706
4765	0.13454247
4766	0.15652660
4767	0.09858693
4768	0.18624718
4769	0.14557907
4770	0.11375703
4771	0.15159383
4772	0.15214340
4773	0.14430186
4774	0.15073690
4775	0.13651666
4776	0.12451810
4777	0.12461535
4778	0.11618986
4779	0.13046398
4780	0.15035370
4781	0.14262329
4782	0.12974632
4783	0.16435017
4784	0.10954263
4785	0.17107112
4786	0.15123327
4787	0.14862518
4788	0.15954728
4789	0.13153690
4790	0.14438360
4791	0.13108743
4792	0.12253109
4793	0.09243480
4794	0.15321563
4795	0.10353414
4796	0.17893534
4797	0.14923820
4798	0.13696456
4799	0.13687593
4800	0.15577511
4801	0.15284201
4802	0.19007725
4803	0.12779876
4804	0.15725893
4805	0.12450968
4806	0.15066222
4807	0.13802257
4808	0.14415550
4809	0.13649769
4810	0.08785709
4811	0.14799639
4812	0.12512255
4813	0.16730455
4814	0.12045103
4815	0.14475438
4816	0.11860381
4817	0.15812295
4818	0.16233017
4819	0.13401860
4820	0.13621908
4821	0.17575610
4822	0.14505380
4823	0.15916220
4824	0.15014748
4825	0.14706382
4826	0.10172600
4827	0.11955939
4828	0.16767885
4829	0.11935875
4830	0.12850174
4831	0.11122085
4832	0.14061604
4833	0.11817486
4834	0.12707256
4835	0.10807809
4836	0.17660337
4837	0.15750403
4838	0.14432764
4839	0.12916256
4840	0.14338168
4841	0.14197531
4842	0.10856115
4843	0.13132127
4844	0.12113654
4845	0.14296127
4846	0.13758829
4847	0.16588246
4848	0.13303736
4849	0.13582181
4850	0.12236111
4851	0.14986731
4852	0.14168715
4853	0.15656937
4854	0.12356593
4855	0.14199856
4856	0.12118833
4857	0.16678208
4858	0.13852223
4859	0.13249782
4860	0.16665296
4861	0.15116576
4862	0.11477655
4863	0.11842558
4864	0.17038196
4865	0.16595185
4866	0.16277555
4867	0.13837262
4868	0.13518328
4869	0.10380950
4870	0.16269377
4871	0.12596508
4872	0.09814785
4873	0.09504510
4874	0.15882437
4875	0.11616681
4876	0.10307853
4877	0.12178120
4878	0.15468190
4879	0.14503600
4880	0.10945219
4881	0.12023452
4882	0.13046125
4883	0.15249918
4884	0.15485143
4885	0.12655695
4886	0.12377687
4887	0.09600794
4888	0.09795703
4889	0.18147368
4890	0.14662012
4891	0.12361608
4892	0.11497795
4893	0.11682032
4894	0.15195935
4895	0.12340549
4896	0.13659182
4897	0.12308439
4898	0.15247372
4899	0.16921074
4900	0.14228038
4901	0.14135779
4902	0.12802510
4903	0.14829068
4904	0.16160714
4905	0.14139491
4906	0.12766566
4907	0.14231778
4908	0.15333161
4909	0.12901503
4910	0.15269040
4911	0.12334091
4912	0.13963295
4913	0.14077410
4914	0.13158372
4915	0.14587003
4916	0.08613269
4917	0.13846955
4918	0.15678649
4919	0.16594311
4920	0.13341155
4921	0.20056003
4922	0.14183977
4923	0.10445183
4924	0.15464045
4925	0.13308182
4926	0.11971012
4927	0.12949866
4928	0.13990571
4929	0.14465404
4930	0.15522193
4931	0.10272664
4932	0.13276492
4933	0.13114520
4934	0.14710908
4935	0.13904879
4936	0.12158725
4937	0.14567885
4938	0.09482862
4939	0.09147986
4940	0.16544446
4941	0.13135530
4942	0.13352961
4943	0.16743824
4944	0.14153718
4945	0.14945853
4946	0.13644309
4947	0.14840798
4948	0.11048960
4949	0.12763696
4950	0.14460305
4951	0.10669248
4952	0.15608455
4953	0.16501740
4954	0.13932099
4955	0.14753217
4956	0.15208066
4957	0.10524738
4958	0.14517575
4959	0.11163933
4960	0.12068234
4961	0.15103901
4962	0.13838749
4963	0.16037158
4964	0.15382481
4965	0.14027048
4966	0.15663660
4967	0.14319663
4968	0.13930475
4969	0.14914279
4970	0.16674608
4971	0.15128900
4972	0.15713814
4973	0.16181708
4974	0.12394716
4975	0.15376705
4976	0.13640505
4977	0.12652167
4978	0.16212131
4979	0.13801443
4980	0.12217819
4981	0.09703436
4982	0.14976641
4983	0.15281283
4984	0.12893385
4985	0.18820152
4986	0.13545693
4987	0.13065272
4988	0.12321455
