0	0.46713629
1	0.46749585
2	0.46699534
3	0.46215469
4	0.46749508
5	0.46578213
6	0.46728482
7	0.46689516
8	0.46665427
9	0.46668182
10	0.46721297
11	0.46689386
12	0.46724944
13	0.46634711
14	0.46721455
15	0.46737394
16	0.46740158
17	0.46421848
18	0.46194967
19	0.46308142
20	0.46688146
21	0.45798865
22	0.46046922
23	0.46699728
24	0.45384685
25	0.46321212
26	0.46775992
27	0.46510156
28	0.38699692
29	0.46012405
30	0.46502857
31	0.45436235
32	0.46033593
33	0.46233321
34	0.45747023
35	0.46676547
36	0.46380292
37	0.46372097
38	0.44588434
39	0.46295538
40	0.44926371
41	0.45464843
42	0.44400823
43	0.46319728
44	0.46035473
45	0.45587858
46	0.44363700
47	0.46454683
48	0.39910342
49	0.46424434
50	0.46561658
51	0.44019939
52	0.46330934
53	0.45757220
54	0.42302201
55	0.36071027
56	0.45160365
57	0.45058452
58	0.46495720
59	0.45049021
60	0.45448239
61	0.35800186
62	0.36499497
63	0.45957820
64	0.45245966
65	0.45809593
66	0.44359708
67	0.46300397
68	0.46102817
69	0.44884478
70	0.44790521
71	0.37980956
72	0.43020413
73	0.40062845
74	0.30435019
75	0.43531335
76	0.43911899
77	0.41872434
78	0.46401714
79	0.33478432
80	0.45219291
81	0.39849013
82	0.42345200
83	0.44067295
84	0.41006971
85	0.42379680
86	0.42052701
87	0.45195680
88	0.45662136
89	0.45360681
90	0.43688713
91	0.42809086
92	0.43820316
93	0.46142655
94	0.37057799
95	0.37622748
96	0.35074626
97	0.40973427
98	0.45227842
99	0.43225974
100	0.43824105
101	0.29796535
102	0.42034541
103	0.44089301
104	0.43964624
105	0.42298727
106	0.36022355
107	0.43236231
108	0.45930561
109	0.44706201
110	0.42505897
111	0.41680138
112	0.38833613
113	0.42910298
114	0.40268438
115	0.45445313
116	0.44786582
117	0.37223980
118	0.43220717
119	0.43835749
120	0.43180166
121	0.46324020
122	0.42357921
123	0.45734043
124	0.41967599
125	0.43214922
126	0.28686379
127	0.41870334
128	0.42439035
129	0.45895587
130	0.45530484
131	0.30539315
132	0.42879275
133	0.40275339
134	0.40461009
135	0.39367972
136	0.45180924
137	0.42882318
138	0.42207011
139	0.27254610
140	0.46100940
141	0.42530152
142	0.40714310
143	0.43151737
144	0.33319992
145	0.39315558
146	0.39221313
147	0.43667445
148	0.43050156
149	0.42041366
150	0.45797362
151	0.42408859
152	0.41088357
153	0.44754156
154	0.35754136
155	0.39236652
156	0.32106687
157	0.37633025
158	0.36685779
159	0.30947607
160	0.43593459
161	0.43335388
162	0.35874164
163	0.36751818
164	0.40835660
165	0.42651198
166	0.36294748
167	0.35630282
168	0.37365812
169	0.44126274
170	0.39678902
171	0.45708859
172	0.39633005
173	0.40053504
174	0.37191765
175	0.40847177
176	0.33860304
177	0.35126610
178	0.43020511
179	0.32874233
180	0.28319335
181	0.32728211
182	0.33924126
183	0.44777147
184	0.45077159
185	0.43125037
186	0.40398144
187	0.41917536
188	0.42921528
189	0.34977548
190	0.45252158
191	0.30396417
192	0.42581179
193	0.34837467
194	0.30880839
195	0.33116766
196	0.31130310
197	0.39355129
198	0.37563631
199	0.36387477
200	0.37771720
201	0.37489925
202	0.39827603
203	0.41919206
204	0.44684835
205	0.43423899
206	0.42855668
207	0.32200823
208	0.39901864
209	0.40742699
210	0.39765159
211	0.41709682
212	0.43398906
213	0.34918954
214	0.28871408
215	0.39150865
216	0.37874379
217	0.27518967
218	0.36464235
219	0.39311003
220	0.41801224
221	0.42890322
222	0.33048802
223	0.33351972
224	0.45140948
225	0.41565706
226	0.35821289
227	0.33878436
228	0.37524981
229	0.44443364
230	0.37610646
231	0.31822294
232	0.35165459
233	0.40933864
234	0.38949390
235	0.35676178
236	0.25960892
237	0.31761820
238	0.39399031
239	0.42210387
240	0.43854245
241	0.40598225
242	0.30318209
243	0.35351250
244	0.34336559
245	0.35453641
246	0.40267631
247	0.38203023
248	0.32688952
249	0.42763818
250	0.30988531
251	0.38559076
252	0.41006634
253	0.40051777
254	0.40916243
255	0.37075927
256	0.34668960
257	0.38906732
258	0.27006209
259	0.38180616
260	0.43861516
261	0.36676567
262	0.32333114
263	0.30659526
264	0.36308924
265	0.45770505
266	0.26372681
267	0.32071457
268	0.28334711
269	0.38776888
270	0.29252434
271	0.31015408
272	0.44798849
273	0.34001544
274	0.34936507
275	0.37874444
276	0.36209451
277	0.32444697
278	0.38752130
279	0.40315153
280	0.42008729
281	0.42496981
282	0.38417933
283	0.43082987
284	0.36104020
285	0.35144527
286	0.37875639
287	0.36324770
288	0.35027955
289	0.40475846
290	0.40191639
291	0.33687137
292	0.37631684
293	0.27545791
294	0.40022172
295	0.34284790
296	0.27636503
297	0.35219737
298	0.29783623
299	0.38985990
300	0.37154780
301	0.29956166
302	0.38206804
303	0.33286314
304	0.36990967
305	0.36216673
306	0.26758229
307	0.28855202
308	0.35497625
309	0.31323810
310	0.37489512
311	0.34149726
312	0.42754983
313	0.42114857
314	0.34367485
315	0.37102322
316	0.34784490
317	0.36847441
318	0.28320596
319	0.30210748
320	0.37345078
321	0.25503514
322	0.31213702
323	0.35780195
324	0.38699173
325	0.41838809
326	0.29352032
327	0.35883870
328	0.36020016
329	0.37921649
330	0.43712563
331	0.34430338
332	0.38947275
333	0.40482351
334	0.29166914
335	0.40207660
336	0.35662087
337	0.29929264
338	0.34183769
339	0.37049329
340	0.38416746
341	0.40653228
342	0.30149046
343	0.30430018
344	0.33379737
345	0.33746456
346	0.28872567
347	0.34592823
348	0.36808239
349	0.36585994
350	0.38818290
351	0.32212657
352	0.34851481
353	0.36795749
354	0.30013763
355	0.30968474
356	0.31023542
357	0.39408369
358	0.30095923
359	0.40395161
360	0.27748661
361	0.29261102
362	0.34757816
363	0.32482322
364	0.36094918
365	0.36187064
366	0.35887745
367	0.37449029
368	0.37612207
369	0.26636616
370	0.42284454
371	0.33224632
372	0.25396486
373	0.32199121
374	0.25191149
375	0.39382918
376	0.29483461
377	0.35051793
378	0.26452377
379	0.37897005
380	0.35332705
381	0.23247801
382	0.31949459
383	0.27495635
384	0.35751692
385	0.26649702
386	0.28837082
387	0.28637054
388	0.42114849
389	0.40517491
390	0.26307947
391	0.35650691
392	0.31839469
393	0.39959352
394	0.40542748
395	0.26854043
396	0.35700195
397	0.34244693
398	0.37529694
399	0.37956020
400	0.28259465
401	0.39462788
402	0.31348847
403	0.39109564
404	0.35537187
405	0.34467769
406	0.33227882
407	0.36813005
408	0.28196673
409	0.33059542
410	0.38364340
411	0.29189074
412	0.35164960
413	0.26056340
414	0.27924539
415	0.38974598
416	0.25236746
417	0.33405779
418	0.35123716
419	0.29733670
420	0.35762987
421	0.21881175
422	0.27884819
423	0.33145949
424	0.32401402
425	0.29440312
426	0.39031530
427	0.38176539
428	0.37340089
429	0.30926164
430	0.29708563
431	0.34899035
432	0.33863392
433	0.28207692
434	0.35160835
435	0.33014796
436	0.23992231
437	0.26901390
438	0.29657281
439	0.26584393
440	0.31015226
441	0.29477795
442	0.31557504
443	0.40481617
444	0.29554707
445	0.33384543
446	0.25454715
447	0.36423315
448	0.30214140
449	0.32281297
450	0.34461670
451	0.32053621
452	0.28050756
453	0.34249978
454	0.35581313
455	0.39730886
456	0.35333698
457	0.25296442
458	0.34282865
459	0.22312920
460	0.40035433
461	0.32565945
462	0.30348539
463	0.34088571
464	0.30396085
465	0.27475416
466	0.33381321
467	0.36896973
468	0.31488061
469	0.32388498
470	0.30051684
471	0.29868835
472	0.29504766
473	0.27915862
474	0.35246209
475	0.33378817
476	0.29775882
477	0.28313897
478	0.39277309
479	0.30177435
480	0.23824965
481	0.37478318
482	0.36176936
483	0.28850006
484	0.34755497
485	0.34216263
486	0.30831161
487	0.26901929
488	0.28505220
489	0.29997820
490	0.32177179
491	0.23905532
492	0.29051943
493	0.27726586
494	0.32966030
495	0.34727741
496	0.35473966
497	0.35155165
498	0.25286699
499	0.33973362
500	0.33271072
501	0.23580932
502	0.34468997
503	0.43188673
504	0.33264940
505	0.34395420
506	0.28669629
507	0.34884146
508	0.23115955
509	0.29547222
510	0.24813718
511	0.24066881
512	0.32305256
513	0.27649520
514	0.32201884
515	0.29987550
516	0.36870553
517	0.35265208
518	0.25246351
519	0.29295343
520	0.30944697
521	0.33035279
522	0.40090225
523	0.25434278
524	0.31480839
525	0.24707570
526	0.26518156
527	0.28720280
528	0.30261127
529	0.39704928
530	0.35528904
531	0.33589905
532	0.31842817
533	0.36195903
534	0.33682197
535	0.27127198
536	0.25668888
537	0.30912328
538	0.28091761
539	0.32340519
540	0.36209082
541	0.29103003
542	0.36093098
543	0.34045305
544	0.27799258
545	0.32905856
546	0.28750419
547	0.25305957
548	0.28429248
549	0.28199882
550	0.36287789
551	0.35474671
552	0.38827907
553	0.27590432
554	0.29363619
555	0.21321244
556	0.32913398
557	0.22669893
558	0.31821139
559	0.23166387
560	0.35713666
561	0.32812028
562	0.30980924
563	0.26074841
564	0.35018257
565	0.36030711
566	0.34627003
567	0.28972969
568	0.33364255
569	0.26157046
570	0.31702306
571	0.38206922
572	0.31461994
573	0.29635416
574	0.33431903
575	0.30435611
576	0.33094821
577	0.28875765
578	0.22306999
579	0.28875603
580	0.25101171
581	0.35166310
582	0.30412308
583	0.37498606
584	0.36756571
585	0.31377581
586	0.37676725
587	0.28819737
588	0.26442063
589	0.36334565
590	0.28075416
591	0.30144170
592	0.29453552
593	0.28051254
594	0.31627145
595	0.25684199
596	0.32754958
597	0.31623887
598	0.36148632
599	0.24650460
600	0.31315048
601	0.28507477
602	0.34278302
603	0.32194407
604	0.28395733
605	0.26164069
606	0.32021329
607	0.34398278
608	0.32307700
609	0.34614857
610	0.36207757
611	0.30407242
612	0.30230456
613	0.27796928
614	0.29000843
615	0.32547084
616	0.33157410
617	0.27383769
618	0.22936357
619	0.24775445
620	0.34569576
621	0.28762983
622	0.25890371
623	0.34173812
624	0.29506419
625	0.31146829
626	0.31833601
627	0.31476819
628	0.38323838
629	0.33495368
630	0.23900823
631	0.31799238
632	0.28794079
633	0.29207493
634	0.31552766
635	0.26177321
636	0.28450468
637	0.27677864
638	0.25558359
639	0.27630156
640	0.25691433
641	0.27830776
642	0.33839741
643	0.28136162
644	0.37040259
645	0.24321297
646	0.25025662
647	0.27169094
648	0.24656057
649	0.23865783
650	0.26559319
651	0.31520340
652	0.33797374
653	0.27041718
654	0.23345605
655	0.33498221
656	0.31197957
657	0.29726683
658	0.28481321
659	0.32758176
660	0.27728519
661	0.35038399
662	0.31501929
663	0.28689706
664	0.28962496
665	0.26653273
666	0.27396381
667	0.29737775
668	0.28371214
669	0.25189722
670	0.26749224
671	0.29312255
672	0.27980993
673	0.28939315
674	0.26232940
675	0.28218468
676	0.31598229
677	0.31214732
678	0.24070804
679	0.27983392
680	0.26943972
681	0.29009143
682	0.29848790
683	0.31989463
684	0.31256689
685	0.25081094
686	0.28752016
687	0.31860361
688	0.29698229
689	0.29465422
690	0.25505552
691	0.26997544
692	0.29760547
693	0.29660053
694	0.27479376
695	0.27206103
696	0.36064511
697	0.26926043
698	0.26736644
699	0.32498067
700	0.28765374
701	0.27903955
702	0.23679129
703	0.28972494
704	0.30434561
705	0.32475388
706	0.21370663
707	0.29144823
708	0.28602691
709	0.32204778
710	0.23099510
711	0.25930217
712	0.31547315
713	0.27884365
714	0.24684973
715	0.25399084
716	0.31041487
717	0.29672819
718	0.23278800
719	0.27330164
720	0.30726034
721	0.30751733
722	0.28624280
723	0.28176892
724	0.27802987
725	0.24248113
726	0.24864863
727	0.25239550
728	0.32388369
729	0.33591360
730	0.24856186
731	0.28592215
732	0.32279189
733	0.23549110
734	0.32581872
735	0.34813244
736	0.31009524
737	0.27018618
738	0.23514825
739	0.25333390
740	0.27976932
741	0.27810018
742	0.26727481
743	0.24717159
744	0.23284146
745	0.24225074
746	0.24777467
747	0.31510375
748	0.23204511
749	0.23583437
750	0.28385840
751	0.24073277
752	0.37064049
753	0.24565779
754	0.21191720
755	0.25363096
756	0.26793913
757	0.24435728
758	0.26382075
759	0.25187684
760	0.21534906
761	0.32523947
762	0.23652551
763	0.25302059
764	0.27803437
765	0.26406764
766	0.30438326
767	0.26870330
768	0.27461427
769	0.29495121
770	0.32637941
771	0.22843433
772	0.33118910
773	0.23282282
774	0.27780600
775	0.32487599
776	0.20735469
777	0.23038675
778	0.24296507
779	0.34857131
780	0.27530918
781	0.27826732
782	0.33388503
783	0.30277974
784	0.26543502
785	0.27965678
786	0.20967826
787	0.22057828
788	0.23601893
789	0.23480867
790	0.22472835
791	0.25015761
792	0.21138002
793	0.30677645
794	0.30531441
795	0.35055708
796	0.32148280
797	0.27520409
798	0.26031603
799	0.30105986
800	0.29716421
801	0.37910727
802	0.35141354
803	0.33143850
804	0.27668571
805	0.23432223
806	0.27285414
807	0.29787866
808	0.33393682
809	0.29634472
810	0.34627404
811	0.28604883
812	0.31493329
813	0.27366298
814	0.22510513
815	0.29645427
816	0.30745001
817	0.26830018
818	0.28633179
819	0.27821187
820	0.20234841
821	0.28752677
822	0.31708798
823	0.27391169
824	0.27181301
825	0.30673564
826	0.29886877
827	0.25580604
828	0.30140896
829	0.33353508
830	0.35484843
831	0.22508559
832	0.35192235
833	0.27259761
834	0.25327591
835	0.27778821
836	0.33089917
837	0.23131996
838	0.25865337
839	0.29319781
840	0.27540669
841	0.26764705
842	0.27859769
843	0.30211530
844	0.23529901
845	0.27269961
846	0.25830594
847	0.30670675
848	0.30366014
849	0.33942265
850	0.25294326
851	0.27342164
852	0.21072344
853	0.29620563
854	0.30775425
855	0.25145743
856	0.27550659
857	0.21114934
858	0.32768867
859	0.25192211
860	0.30139198
861	0.20345739
862	0.31374310
863	0.29912004
864	0.23631222
865	0.21076770
866	0.19767295
867	0.26124381
868	0.22515955
869	0.30261191
870	0.30537293
871	0.23603984
872	0.27091461
873	0.24079271
874	0.31582768
875	0.28801852
876	0.24156332
877	0.27294509
878	0.24357759
879	0.25726938
880	0.31740511
881	0.34722168
882	0.20862541
883	0.27572888
884	0.24861917
885	0.26154841
886	0.23068146
887	0.33575927
888	0.25162286
889	0.30126833
890	0.26675258
891	0.22384336
892	0.25959084
893	0.22176705
894	0.25688839
895	0.26517670
896	0.27006488
897	0.22440734
898	0.25399348
899	0.20495214
900	0.30244782
901	0.27052296
902	0.24752843
903	0.27548713
904	0.24141504
905	0.26302124
906	0.33421183
907	0.22147992
908	0.31612661
909	0.27935400
910	0.27948255
911	0.26496178
912	0.24347441
913	0.34370983
914	0.26302363
915	0.16839348
916	0.34314723
917	0.28396105
918	0.27290938
919	0.26252908
920	0.30074501
921	0.22190586
922	0.31061986
923	0.24468746
924	0.24522099
925	0.25175672
926	0.24521556
927	0.21132936
928	0.24310675
929	0.33535664
930	0.28825143
931	0.25980746
932	0.25803660
933	0.26734776
934	0.27906987
935	0.26821281
936	0.24391818
937	0.31770886
938	0.21802618
939	0.25464195
940	0.27482468
941	0.23661252
942	0.25691275
943	0.28323566
944	0.24918813
945	0.29840498
946	0.26567801
947	0.26448750
948	0.24001674
949	0.29292912
950	0.29817281
951	0.26033901
952	0.23964640
953	0.21648616
954	0.29368190
955	0.31926553
956	0.29837520
957	0.25911915
958	0.25563226
959	0.28248057
960	0.24899554
961	0.27320393
962	0.25154796
963	0.28022424
964	0.37153953
965	0.29763141
966	0.30670233
967	0.23804134
968	0.25221167
969	0.23602099
970	0.24445504
971	0.30988908
972	0.19935789
973	0.29662079
974	0.22126991
975	0.24385970
976	0.28597240
977	0.22455720
978	0.21417674
979	0.23272190
980	0.26463550
981	0.24099031
982	0.30361447
983	0.32424332
984	0.29073337
985	0.25670164
986	0.28130525
987	0.25689273
988	0.28612470
989	0.20564932
990	0.23902176
991	0.31793414
992	0.25571035
993	0.23608628
994	0.28084397
995	0.26593487
996	0.26797345
997	0.20514614
998	0.26728049
999	0.27472263
1000	0.26674752
1001	0.25677362
1002	0.29310059
1003	0.21878176
1004	0.21862545
1005	0.32204357
1006	0.20557633
1007	0.27301487
1008	0.21185621
1009	0.31100118
1010	0.18434995
1011	0.21377633
1012	0.21487173
1013	0.35336604
1014	0.23985572
1015	0.22792195
1016	0.22844008
1017	0.32046719
1018	0.28737212
1019	0.23394529
1020	0.29719688
1021	0.26727765
1022	0.32768811
1023	0.19832956
1024	0.27788547
1025	0.31904924
1026	0.31456693
1027	0.22220077
1028	0.23992928
1029	0.33155810
1030	0.35227639
1031	0.30491854
1032	0.24661953
1033	0.19952490
1034	0.22336340
1035	0.31369556
1036	0.25625414
1037	0.21704369
1038	0.26643295
1039	0.22239818
1040	0.26566407
1041	0.23805556
1042	0.27147579
1043	0.25910233
1044	0.27566217
1045	0.24825090
1046	0.27777281
1047	0.27770768
1048	0.23467307
1049	0.24351380
1050	0.20468750
1051	0.26935858
1052	0.27856640
1053	0.27078991
1054	0.19863226
1055	0.27902792
1056	0.27067015
1057	0.23809556
1058	0.21676519
1059	0.22247226
1060	0.29012786
1061	0.21614703
1062	0.27811842
1063	0.26133994
1064	0.24172794
1065	0.26901499
1066	0.21122946
1067	0.27457094
1068	0.21506602
1069	0.25755335
1070	0.27423976
1071	0.24518857
1072	0.28369001
1073	0.23812426
1074	0.24711161
1075	0.24116567
1076	0.21782687
1077	0.22179352
1078	0.29046606
1079	0.25959647
1080	0.26599660
1081	0.19914756
1082	0.22567935
1083	0.26542168
1084	0.28495631
1085	0.25351789
1086	0.22813191
1087	0.25884527
1088	0.26182578
1089	0.24952413
1090	0.27957398
1091	0.28104223
1092	0.27169994
1093	0.24180685
1094	0.27898861
1095	0.22821560
1096	0.30378492
1097	0.31022825
1098	0.23727579
1099	0.20735838
1100	0.23037187
1101	0.25138683
1102	0.22142391
1103	0.27473609
1104	0.23707202
1105	0.22373653
1106	0.23750505
1107	0.28453666
1108	0.24864438
1109	0.25402938
1110	0.21184620
1111	0.22511323
1112	0.26336494
1113	0.29258326
1114	0.27348973
1115	0.27886618
1116	0.24630476
1117	0.27553042
1118	0.26223457
1119	0.22302586
1120	0.24383676
1121	0.21031793
1122	0.21661414
1123	0.26721698
1124	0.27572458
1125	0.27436908
1126	0.26740924
1127	0.22201329
1128	0.23330606
1129	0.25018792
1130	0.23886638
1131	0.25471015
1132	0.24045200
1133	0.29414626
1134	0.19739331
1135	0.24173244
1136	0.22549029
1137	0.30019643
1138	0.26015749
1139	0.28834152
1140	0.24194298
1141	0.31684620
1142	0.25125653
1143	0.24124640
1144	0.19475887
1145	0.22625301
1146	0.20491441
1147	0.22333828
1148	0.24192328
1149	0.26039518
1150	0.24410821
1151	0.24680956
1152	0.25898379
1153	0.21849305
1154	0.22037281
1155	0.30461273
1156	0.19864515
1157	0.25690760
1158	0.19117390
1159	0.22690578
1160	0.27455591
1161	0.19826513
1162	0.26162784
1163	0.27781909
1164	0.26971218
1165	0.30046367
1166	0.19135891
1167	0.25589240
1168	0.27387550
1169	0.23736336
1170	0.31952158
1171	0.24987643
1172	0.24806148
1173	0.21979850
1174	0.21610501
1175	0.23569884
1176	0.24622241
1177	0.28719133
1178	0.27933058
1179	0.27490188
1180	0.29851558
1181	0.21971360
1182	0.28037889
1183	0.21638249
1184	0.24586926
1185	0.27793751
1186	0.20679716
1187	0.26703854
1188	0.28580219
1189	0.24225917
1190	0.23508397
1191	0.22689674
1192	0.27074744
1193	0.26345747
1194	0.25451485
1195	0.25404004
1196	0.26127959
1197	0.31771801
1198	0.23360393
1199	0.25876474
1200	0.27460446
1201	0.29062991
1202	0.26981252
1203	0.26723757
1204	0.19127647
1205	0.20294014
1206	0.22199773
1207	0.27320640
1208	0.23461763
1209	0.20405893
1210	0.22532697
1211	0.32320588
1212	0.28396612
1213	0.25024738
1214	0.22411862
1215	0.23172948
1216	0.24975830
1217	0.19836794
1218	0.24657232
1219	0.23424190
1220	0.22564482
1221	0.26275919
1222	0.27295656
1223	0.20668312
1224	0.25133520
1225	0.20743392
1226	0.32754861
1227	0.27477386
1228	0.29072442
1229	0.23302565
1230	0.23817909
1231	0.32284073
1232	0.23384032
1233	0.27327733
1234	0.18506002
1235	0.28527530
1236	0.22032697
1237	0.22122954
1238	0.20217163
1239	0.28203651
1240	0.30653033
1241	0.24687631
1242	0.19488624
1243	0.30027230
1244	0.29625714
1245	0.26913495
1246	0.25425544
1247	0.22313179
1248	0.21215096
1249	0.19704681
1250	0.22796786
1251	0.31961135
1252	0.23025901
1253	0.24699489
1254	0.25370298
1255	0.20057341
1256	0.29759299
1257	0.20580511
1258	0.22686014
1259	0.19694987
1260	0.23380239
1261	0.22806796
1262	0.25994286
1263	0.22997961
1264	0.27169333
1265	0.27451218
1266	0.29384960
1267	0.21019712
1268	0.29012251
1269	0.25961090
1270	0.19372900
1271	0.25265876
1272	0.30796596
1273	0.24994184
1274	0.27092904
1275	0.32933273
1276	0.26173957
1277	0.26407429
1278	0.19992969
1279	0.21619854
1280	0.23013504
1281	0.27808944
1282	0.24808134
1283	0.27091615
1284	0.22580446
1285	0.19650582
1286	0.29321816
1287	0.24382857
1288	0.31916794
1289	0.20105455
1290	0.21356458
1291	0.23762051
1292	0.20415842
1293	0.19099502
1294	0.24734975
1295	0.22413905
1296	0.20567133
1297	0.17804960
1298	0.27965868
1299	0.23952527
1300	0.21579955
1301	0.23177398
1302	0.21827502
1303	0.18665337
1304	0.23788421
1305	0.27402505
1306	0.23934890
1307	0.22199915
1308	0.21920105
1309	0.29479007
1310	0.26864413
1311	0.22794330
1312	0.27703323
1313	0.22931708
1314	0.20730440
1315	0.21921560
1316	0.19426270
1317	0.24147238
1318	0.21557795
1319	0.27950991
1320	0.17836041
1321	0.28135465
1322	0.24227246
1323	0.24677540
1324	0.20364960
1325	0.26736762
1326	0.21279177
1327	0.19205876
1328	0.22529585
1329	0.17956778
1330	0.25967858
1331	0.24101228
1332	0.20922407
1333	0.21347469
1334	0.23476681
1335	0.20603570
1336	0.21505301
1337	0.29114306
1338	0.28601807
1339	0.31095923
1340	0.22772008
1341	0.26780746
1342	0.25346484
1343	0.27028713
1344	0.25352166
1345	0.20350699
1346	0.25612612
1347	0.24402253
1348	0.20135712
1349	0.16825009
1350	0.23779619
1351	0.30986837
1352	0.21494249
1353	0.25873645
1354	0.23986128
1355	0.30587502
1356	0.22726168
1357	0.24216251
1358	0.23490193
1359	0.25799019
1360	0.18971141
1361	0.30698265
1362	0.26554821
1363	0.22721949
1364	0.23070582
1365	0.25970241
1366	0.25856243
1367	0.21172061
1368	0.22321893
1369	0.22705868
1370	0.31324049
1371	0.22834103
1372	0.25030946
1373	0.19262095
1374	0.21841568
1375	0.23528162
1376	0.20841884
1377	0.23082590
1378	0.21856032
1379	0.24806760
1380	0.24936126
1381	0.24776567
1382	0.29071169
1383	0.34647603
1384	0.28435396
1385	0.22892280
1386	0.28738809
1387	0.19005593
1388	0.21204567
1389	0.19453366
1390	0.21404235
1391	0.21799579
1392	0.25507335
1393	0.28364466
1394	0.17478954
1395	0.22207903
1396	0.24873945
1397	0.30456632
1398	0.27299611
1399	0.27293747
1400	0.21720648
1401	0.24516049
1402	0.23139870
1403	0.25618987
1404	0.22038756
1405	0.29358164
1406	0.18966521
1407	0.25899189
1408	0.25784543
1409	0.22277933
1410	0.22175335
1411	0.17548154
1412	0.19398205
1413	0.25623506
1414	0.25420174
1415	0.16103497
1416	0.23273824
1417	0.31660563
1418	0.24245175
1419	0.22722983
1420	0.21799339
1421	0.26110201
1422	0.20878407
1423	0.24403461
1424	0.26081475
1425	0.23446480
1426	0.23316956
1427	0.24111651
1428	0.22194428
1429	0.19646906
1430	0.24349447
1431	0.23306971
1432	0.25591992
1433	0.21171489
1434	0.22278399
1435	0.23638914
1436	0.27189771
1437	0.29010217
1438	0.27132997
1439	0.24572000
1440	0.22975834
1441	0.20293572
1442	0.22066505
1443	0.21508944
1444	0.22156871
1445	0.23503984
1446	0.24121649
1447	0.24695623
1448	0.20271433
1449	0.23919874
1450	0.23922116
1451	0.25298505
1452	0.16746626
1453	0.30392742
1454	0.19436665
1455	0.27021354
1456	0.31365597
1457	0.24580571
1458	0.19345609
1459	0.22124195
1460	0.29132397
1461	0.27505589
1462	0.20024203
1463	0.17833427
1464	0.28204077
1465	0.21418557
1466	0.22986950
1467	0.20231631
1468	0.22980490
1469	0.21570237
1470	0.24180454
1471	0.20301662
1472	0.20294813
1473	0.23975194
1474	0.21907777
1475	0.22536332
1476	0.21292738
1477	0.27031469
1478	0.20319574
1479	0.16417151
1480	0.24933256
1481	0.24733953
1482	0.24174602
1483	0.24762699
1484	0.26695546
1485	0.23764470
1486	0.18931412
1487	0.21817151
1488	0.23140089
1489	0.22244178
1490	0.26292904
1491	0.24253358
1492	0.22710460
1493	0.21435477
1494	0.25207364
1495	0.22868596
1496	0.29906164
1497	0.26060948
1498	0.19301864
1499	0.19185621
1500	0.26536932
1501	0.24900438
1502	0.20602894
1503	0.24024778
1504	0.22837021
1505	0.24902594
1506	0.24774107
1507	0.17879850
1508	0.27097666
1509	0.20706837
1510	0.25555704
1511	0.22758237
1512	0.18642691
1513	0.24851348
1514	0.17810286
1515	0.22453913
1516	0.22673191
1517	0.25491870
1518	0.26213273
1519	0.20198829
1520	0.17584024
1521	0.28155364
1522	0.27356940
1523	0.23266132
1524	0.19616794
1525	0.24093366
1526	0.25842326
1527	0.18975692
1528	0.21587777
1529	0.25302286
1530	0.23044478
1531	0.30677957
1532	0.26587133
1533	0.22591907
1534	0.19346342
1535	0.20600883
1536	0.22999769
1537	0.24826732
1538	0.18282347
1539	0.25703108
1540	0.20762732
1541	0.22673317
1542	0.23613191
1543	0.24983035
1544	0.25098095
1545	0.26397037
1546	0.26571570
1547	0.24826347
1548	0.22164859
1549	0.21095291
1550	0.19595068
1551	0.21140758
1552	0.18142772
1553	0.20128969
1554	0.27508758
1555	0.30802253
1556	0.24728438
1557	0.21781929
1558	0.23637832
1559	0.29184434
1560	0.19381836
1561	0.20305009
1562	0.21989459
1563	0.19732519
1564	0.23393499
1565	0.20240827
1566	0.23689755
1567	0.20299104
1568	0.22264665
1569	0.20770922
1570	0.19656725
1571	0.23812648
1572	0.24172766
1573	0.26198241
1574	0.22582703
1575	0.22072105
1576	0.27791412
1577	0.21722505
1578	0.23807250
1579	0.23315206
1580	0.22228588
1581	0.18845025
1582	0.20929439
1583	0.21866792
1584	0.19434618
1585	0.24275566
1586	0.19575084
1587	0.26597787
1588	0.23792705
1589	0.27215546
1590	0.22527384
1591	0.33342363
1592	0.23998521
1593	0.21946898
1594	0.27702849
1595	0.21011323
1596	0.24192316
1597	0.24277236
1598	0.28174432
1599	0.24237953
1600	0.28887100
1601	0.21566322
1602	0.25070642
1603	0.16034229
1604	0.22996357
1605	0.19251173
1606	0.22521755
1607	0.24887015
1608	0.22466849
1609	0.28053504
1610	0.28233212
1611	0.21969001
1612	0.24785536
1613	0.24134545
1614	0.23208203
1615	0.26804113
1616	0.21355538
1617	0.27457718
1618	0.22779319
1619	0.23148815
1620	0.29137009
1621	0.21957167
1622	0.22416413
1623	0.20612993
1624	0.22942310
1625	0.20220324
1626	0.18568782
1627	0.26245427
1628	0.22508344
1629	0.27254509
1630	0.24594278
1631	0.21759850
1632	0.19875935
1633	0.22861435
1634	0.20193273
1635	0.20979275
1636	0.21673054
1637	0.27804628
1638	0.23498338
1639	0.24724494
1640	0.22304426
1641	0.23332211
1642	0.24564632
1643	0.20779408
1644	0.24819027
1645	0.24455595
1646	0.17684122
1647	0.18416413
1648	0.19368624
1649	0.23702565
1650	0.18521933
1651	0.16451745
1652	0.19932340
1653	0.23523348
1654	0.19718703
1655	0.19406107
1656	0.17312089
1657	0.17668267
1658	0.21796365
1659	0.22041824
1660	0.21499412
1661	0.17490934
1662	0.23047976
1663	0.22245232
1664	0.20387068
1665	0.20938432
1666	0.18262991
1667	0.20384032
1668	0.28847246
1669	0.21094918
1670	0.23963489
1671	0.24542428
1672	0.25839096
1673	0.27202128
1674	0.18523254
1675	0.21119023
1676	0.23697649
1677	0.16168908
1678	0.16738975
1679	0.25964669
1680	0.19810322
1681	0.24732272
1682	0.27112320
1683	0.28136839
1684	0.23501751
1685	0.21854188
1686	0.20779226
1687	0.21041897
1688	0.21149714
1689	0.21025029
1690	0.23330030
1691	0.33588385
1692	0.26156081
1693	0.20149921
1694	0.24200640
1695	0.20432462
1696	0.21054120
1697	0.17441499
1698	0.22422780
1699	0.21265893
1700	0.21009110
1701	0.24145637
1702	0.28423031
1703	0.18038087
1704	0.21839056
1705	0.15356405
1706	0.22466525
1707	0.18315534
1708	0.22673945
1709	0.19357090
1710	0.24506602
1711	0.22098379
1712	0.23675481
1713	0.23607497
1714	0.22539262
1715	0.21179984
1716	0.24154419
1717	0.21325694
1718	0.16644563
1719	0.23250707
1720	0.18184523
1721	0.24955574
1722	0.25125909
1723	0.23921994
1724	0.29187607
1725	0.25084750
1726	0.18601196
1727	0.23040150
1728	0.20568288
1729	0.24004892
1730	0.21483684
1731	0.25717422
1732	0.17621824
1733	0.22764859
1734	0.22915173
1735	0.19147145
1736	0.25174095
1737	0.22709605
1738	0.25948766
1739	0.19299376
1740	0.21753524
1741	0.19916770
1742	0.21431878
1743	0.21829982
1744	0.16842403
1745	0.13930723
1746	0.24977491
1747	0.23755696
1748	0.24991433
1749	0.22982407
1750	0.22359035
1751	0.20495745
1752	0.26844073
1753	0.25528985
1754	0.24251157
1755	0.18999915
1756	0.18528381
1757	0.18365127
1758	0.24432397
1759	0.21791327
1760	0.27625544
1761	0.28199599
1762	0.24368960
1763	0.23872940
1764	0.25011473
1765	0.23959027
1766	0.28391108
1767	0.19828742
1768	0.23503935
1769	0.28111165
1770	0.19171887
1771	0.26779416
1772	0.22774715
1773	0.17500993
1774	0.18453244
1775	0.20863599
1776	0.23194261
1777	0.25878752
1778	0.23746699
1779	0.20774039
1780	0.18431266
1781	0.23807137
1782	0.22456738
1783	0.20154950
1784	0.22542043
1785	0.20775959
1786	0.21643469
1787	0.23278128
1788	0.21895907
1789	0.18237285
1790	0.23179554
1791	0.21255972
1792	0.19579972
1793	0.23910168
1794	0.20264661
1795	0.23573828
1796	0.22595619
1797	0.19990217
1798	0.21538764
1799	0.20528738
1800	0.28242776
1801	0.18308089
1802	0.25007088
1803	0.21277171
1804	0.20730598
1805	0.25054099
1806	0.19192981
1807	0.17703258
1808	0.20411307
1809	0.22926290
1810	0.19086330
1811	0.22932567
1812	0.19952361
1813	0.19258853
1814	0.24959121
1815	0.18351870
1816	0.26833187
1817	0.22645098
1818	0.24333840
1819	0.20938330
1820	0.22859915
1821	0.15806825
1822	0.23617281
1823	0.19425508
1824	0.21926274
1825	0.18447554
1826	0.19773884
1827	0.22203064
1828	0.18717398
1829	0.21415668
1830	0.21869953
1831	0.18666043
1832	0.27722545
1833	0.23465305
1834	0.16267007
1835	0.24779615
1836	0.24088815
1837	0.21976916
1838	0.23370732
1839	0.22308020
1840	0.22847497
1841	0.23463927
1842	0.24139761
1843	0.17702059
1844	0.21736081
1845	0.23619388
1846	0.18277139
1847	0.24741872
1848	0.19163056
1849	0.23462342
1850	0.19603084
1851	0.20057094
1852	0.18122415
1853	0.20972097
1854	0.22707656
1855	0.23363870
1856	0.23209755
1857	0.19120288
1858	0.18945771
1859	0.28104750
1860	0.20420960
1861	0.28607092
1862	0.25443514
1863	0.19581244
1864	0.19356786
1865	0.22522857
1866	0.21615064
1867	0.24028036
1868	0.24398946
1869	0.21594249
1870	0.22292567
1871	0.26966865
1872	0.22099400
1873	0.19935801
1874	0.18875866
1875	0.16967947
1876	0.21704267
1877	0.21525147
1878	0.23823923
1879	0.18643810
1880	0.23775611
1881	0.21907364
1882	0.21438594
1883	0.17733893
1884	0.21467992
1885	0.16467757
1886	0.21233682
1887	0.21917949
1888	0.17727899
1889	0.25637617
1890	0.21650484
1891	0.21102902
1892	0.14771198
1893	0.25149662
1894	0.20716085
1895	0.18712612
1896	0.16865281
1897	0.21174967
1898	0.19883870
1899	0.21880377
1900	0.19302213
1901	0.19093394
1902	0.21013747
1903	0.22169366
1904	0.22490111
1905	0.20152713
1906	0.24185106
1907	0.17266229
1908	0.24887591
1909	0.20692235
1910	0.21048928
1911	0.24746330
1912	0.19670484
1913	0.17032288
1914	0.18592705
1915	0.22504109
1916	0.22278444
1917	0.22449431
1918	0.22095692
1919	0.21668316
1920	0.14245662
1921	0.25503830
1922	0.19729281
1923	0.23917362
1924	0.22014310
1925	0.20576000
1926	0.17663441
1927	0.22452207
1928	0.22629155
1929	0.19979542
1930	0.19675514
1931	0.18214440
1932	0.21104353
1933	0.18028985
1934	0.17446630
1935	0.18105860
1936	0.21899335
1937	0.21068588
1938	0.17250043
1939	0.26310569
1940	0.21681370
1941	0.19981358
1942	0.20216267
1943	0.21549824
1944	0.19602468
1945	0.19443566
1946	0.16937585
1947	0.17022877
1948	0.26985832
1949	0.22172438
1950	0.21265200
1951	0.18945268
1952	0.22923485
1953	0.20920900
1954	0.21571072
1955	0.22157897
1956	0.25878578
1957	0.19527056
1958	0.21520940
1959	0.20574642
1960	0.25144340
1961	0.19102634
1962	0.20368304
1963	0.18322776
1964	0.21279915
1965	0.15880057
1966	0.23869791
1967	0.18715072
1968	0.18176648
1969	0.21171562
1970	0.24668969
1971	0.22115299
1972	0.21981042
1973	0.27739882
1974	0.17992669
1975	0.22199408
1976	0.21419453
1977	0.19072977
1978	0.21663218
1979	0.19985795
1980	0.17018257
1981	0.18077953
1982	0.25334533
1983	0.24952580
1984	0.19417232
1985	0.21047814
1986	0.17724434
1987	0.19105102
1988	0.20391907
1989	0.20064644
1990	0.26058642
1991	0.22704920
1992	0.19712584
1993	0.19036284
1994	0.22914022
1995	0.18059137
1996	0.19037836
1997	0.22609909
1998	0.20934030
1999	0.19874188
2000	0.19859117
2001	0.20481309
2002	0.20523712
2003	0.27720401
2004	0.20281151
2005	0.20568997
2006	0.22153617
2007	0.18717961
2008	0.22097674
2009	0.23840239
2010	0.16350225
2011	0.22513495
2012	0.23341945
2013	0.17060511
2014	0.21062419
2015	0.21460324
2016	0.20899485
2017	0.18505114
2018	0.19371202
2019	0.22199441
2020	0.23327862
2021	0.20023583
2022	0.27446679
2023	0.14483704
2024	0.20659080
2025	0.21536746
2026	0.23788644
2027	0.23604158
2028	0.20455980
2029	0.25577459
2030	0.25922026
2031	0.19114322
2032	0.16309232
2033	0.19803084
2034	0.19943080
2035	0.22545155
2036	0.23628105
2037	0.20458342
2038	0.20043198
2039	0.26676888
2040	0.18842253
2041	0.18954330
2042	0.22151356
2043	0.22975497
2044	0.21417463
2045	0.20748344
2046	0.17114079
2047	0.25906910
2048	0.21930630
2049	0.24284389
2050	0.18598233
2051	0.16515234
2052	0.21924754
2053	0.23808434
2054	0.18076657
2055	0.21377017
2056	0.21753070
2057	0.20089540
2058	0.19386480
2059	0.17314391
2060	0.22967615
2061	0.25186318
2062	0.22262452
2063	0.19620823
2064	0.22553171
2065	0.19977313
2066	0.22160320
2067	0.20449807
2068	0.22179084
2069	0.20795931
2070	0.14426278
2071	0.21572012
2072	0.23265341
2073	0.24461532
2074	0.20614111
2075	0.21178274
2076	0.18900815
2077	0.18431181
2078	0.20183052
2079	0.19255015
2080	0.18422245
2081	0.25767899
2082	0.18991591
2083	0.23357617
2084	0.17491850
2085	0.21357220
2086	0.21620373
2087	0.20553597
2088	0.26885110
2089	0.19469791
2090	0.19589836
2091	0.20930958
2092	0.21887741
2093	0.20617698
2094	0.22079643
2095	0.24729933
2096	0.21012259
2097	0.18260150
2098	0.18963068
2099	0.21722938
2100	0.21157524
2101	0.26167283
2102	0.19265268
2103	0.25829264
2104	0.21618347
2105	0.21000543
2106	0.20830261
2107	0.21043189
2108	0.18161864
2109	0.18485605
2110	0.17196543
2111	0.17261682
2112	0.17746626
2113	0.21718468
2114	0.17936434
2115	0.20987700
2116	0.22658853
2117	0.17435911
2118	0.20199056
2119	0.21341844
2120	0.29361694
2121	0.18977945
2122	0.17848815
2123	0.21784486
2124	0.21754837
2125	0.20048912
2126	0.19325755
2127	0.26350180
2128	0.17408280
2129	0.20054744
2130	0.24685208
2131	0.21510598
2132	0.17587510
2133	0.23744259
2134	0.21023959
2135	0.19779574
2136	0.18963157
2137	0.15944883
2138	0.24471810
2139	0.19822055
2140	0.28927141
2141	0.22142241
2142	0.22798205
2143	0.18156936
2144	0.21215015
2145	0.17464916
2146	0.21550776
2147	0.24214549
2148	0.24235781
2149	0.17248673
2150	0.22882723
2151	0.22671615
2152	0.14087489
2153	0.16438298
2154	0.24144912
2155	0.23346999
2156	0.23053098
2157	0.19770902
2158	0.22684272
2159	0.17366314
2160	0.18477868
2161	0.17902748
2162	0.23939984
2163	0.18317552
2164	0.22095339
2165	0.19639923
2166	0.24164211
2167	0.22874351
2168	0.20043546
2169	0.20579741
2170	0.17014367
2171	0.22281771
2172	0.19863056
2173	0.22043343
2174	0.19488219
2175	0.14717949
2176	0.20840750
2177	0.19140758
2178	0.25210845
2179	0.21836648
2180	0.18760450
2181	0.17363887
2182	0.16382059
2183	0.24299441
2184	0.22328908
2185	0.20021585
2186	0.19309905
2187	0.23185961
2188	0.22049722
2189	0.21201901
2190	0.25795765
2191	0.20862886
2192	0.18028466
2193	0.16458983
2194	0.17880843
2195	0.22973123
2196	0.18565581
2197	0.18477966
2198	0.22348490
2199	0.22358975
2200	0.21884332
2201	0.21945706
2202	0.18017495
2203	0.18346602
2204	0.18292073
2205	0.21185649
2206	0.19561795
2207	0.22552535
2208	0.19723214
2209	0.22947753
2210	0.16453576
2211	0.21319299
2212	0.21777884
2213	0.23655060
2214	0.22288284
2215	0.16483202
2216	0.20954253
2217	0.22556839
2218	0.22557548
2219	0.19272178
2220	0.18846509
2221	0.17742501
2222	0.17978825
2223	0.18801159
2224	0.24195230
2225	0.21206188
2226	0.19743818
2227	0.20970338
2228	0.23955271
2229	0.22604174
2230	0.19300446
2231	0.15827246
2232	0.22587911
2233	0.16731579
2234	0.17899141
2235	0.23759887
2236	0.17616328
2237	0.20972426
2238	0.19030614
2239	0.17819149
2240	0.24217329
2241	0.15880243
2242	0.22261516
2243	0.20132203
2244	0.23790630
2245	0.18694569
2246	0.18224113
2247	0.20304758
2248	0.24764871
2249	0.23590748
2250	0.23459372
2251	0.16355384
2252	0.17149799
2253	0.15588308
2254	0.19323161
2255	0.20504847
2256	0.16458849
2257	0.19913260
2258	0.25278051
2259	0.15069528
2260	0.18042496
2261	0.26844977
2262	0.19299878
2263	0.16721852
2264	0.23337273
2265	0.22057143
2266	0.19298671
2267	0.16806578
2268	0.19539149
2269	0.16849686
2270	0.18153033
2271	0.18632190
2272	0.18189702
2273	0.17830833
2274	0.19869609
2275	0.22590496
2276	0.24720916
2277	0.22007396
2278	0.18349658
2279	0.19217143
2280	0.17969609
2281	0.26214723
2282	0.22592973
2283	0.13629726
2284	0.15688000
2285	0.24877422
2286	0.16841844
2287	0.16104956
2288	0.18772859
2289	0.20799980
2290	0.19794622
2291	0.17507226
2292	0.21026569
2293	0.20352855
2294	0.19354723
2295	0.19156636
2296	0.24942610
2297	0.29585187
2298	0.19666043
2299	0.20867416
2300	0.22169094
2301	0.18575153
2302	0.23494963
2303	0.24282107
2304	0.20977224
2305	0.18220142
2306	0.15506942
2307	0.20527935
2308	0.15620442
2309	0.20875461
2310	0.14220490
2311	0.22554233
2312	0.23142711
2313	0.19896324
2314	0.16842569
2315	0.22242772
2316	0.18737305
2317	0.23484081
2318	0.22165086
2319	0.23812969
2320	0.18783327
2321	0.17863327
2322	0.21038513
2323	0.16927441
2324	0.24809455
2325	0.18531955
2326	0.19031570
2327	0.17580247
2328	0.17605244
2329	0.21618877
2330	0.25586209
2331	0.18072413
2332	0.20210877
2333	0.19449443
2334	0.23308077
2335	0.19702039
2336	0.19111785
2337	0.21724288
2338	0.21809820
2339	0.24674492
2340	0.17762099
2341	0.22406513
2342	0.20859356
2343	0.20439631
2344	0.15315157
2345	0.18140608
2346	0.18518403
2347	0.16624539
2348	0.21685394
2349	0.18635745
2350	0.17894257
2351	0.17106476
2352	0.20871660
2353	0.20182034
2354	0.20221528
2355	0.16061897
2356	0.20367583
2357	0.23286371
2358	0.18999161
2359	0.20349714
2360	0.21213341
2361	0.18888888
2362	0.17602578
2363	0.19059485
2364	0.13854671
2365	0.20445581
2366	0.19508028
2367	0.20078322
2368	0.12721175
2369	0.18803052
2370	0.20300855
2371	0.16938509
2372	0.16237844
2373	0.21244344
2374	0.16286934
2375	0.17729236
2376	0.15055651
2377	0.21897844
2378	0.23519169
2379	0.18944665
2380	0.19789868
2381	0.29790744
2382	0.15916409
2383	0.19252154
2384	0.20290711
2385	0.18562205
2386	0.21179514
2387	0.16866111
2388	0.19296713
2389	0.20072053
2390	0.20679769
2391	0.19633050
2392	0.18090991
2393	0.19304928
2394	0.18821325
2395	0.18869313
2396	0.19793698
2397	0.19580843
2398	0.20120069
2399	0.25947627
2400	0.15136316
2401	0.17399615
2402	0.15163522
2403	0.21424547
2404	0.21085852
2405	0.22375891
2406	0.19036912
2407	0.22378727
2408	0.19632470
2409	0.14730302
2410	0.19658063
2411	0.19231846
2412	0.19361925
2413	0.21231943
2414	0.21104851
2415	0.20421228
2416	0.15973281
2417	0.20612166
2418	0.19090910
2419	0.21197082
2420	0.17198675
2421	0.18563708
2422	0.24296543
2423	0.19518630
2424	0.19185621
2425	0.22023968
2426	0.20302436
2427	0.20260393
2428	0.19960077
2429	0.20086047
2430	0.21527660
2431	0.15308620
2432	0.22769824
2433	0.13961471
2434	0.23097990
2435	0.18582225
2436	0.18185248
2437	0.21539052
2438	0.20876875
2439	0.19569074
2440	0.16848827
2441	0.20214411
2442	0.18308344
2443	0.15262727
2444	0.22351891
2445	0.18992616
2446	0.21332531
2447	0.18635631
2448	0.24245499
2449	0.14899271
2450	0.19784259
2451	0.18043108
2452	0.19354756
2453	0.20291866
2454	0.17290918
2455	0.22303262
2456	0.16393613
2457	0.22496199
2458	0.17248896
2459	0.15114399
2460	0.16773005
2461	0.18052008
2462	0.26949025
2463	0.21093957
2464	0.18672365
2465	0.21201273
2466	0.14295287
2467	0.22066034
2468	0.22785820
2469	0.14045532
2470	0.20474043
2471	0.20563943
2472	0.19728944
2473	0.19810213
2474	0.16722549
2475	0.23989467
2476	0.21177828
2477	0.23333957
2478	0.16685418
2479	0.20691169
2480	0.20158197
2481	0.20055959
2482	0.17897094
2483	0.23756336
2484	0.20373329
2485	0.18897649
2486	0.20755984
2487	0.20927550
2488	0.18064677
2489	0.18158342
2490	0.14088940
2491	0.21823473
2492	0.18455425
2493	0.14852786
2494	0.22829520
2495	0.18749220
2496	0.25305228
2497	0.18782334
2498	0.16695959
2499	0.17292430
2500	0.23097609
2501	0.22325532
2502	0.15296567
2503	0.17946711
2504	0.20794375
2505	0.15099473
2506	0.21641455
2507	0.21220142
2508	0.18066342
2509	0.20591923
2510	0.15714630
2511	0.22566261
2512	0.22041374
2513	0.16871720
2514	0.19546804
2515	0.21147169
2516	0.20101341
2517	0.23115546
2518	0.20184567
2519	0.20013783
2520	0.18915003
2521	0.20325763
2522	0.17276288
2523	0.18461617
2524	0.20941350
2525	0.16831035
2526	0.19767015
2527	0.17606371
2528	0.19291133
2529	0.20557285
2530	0.19827882
2531	0.23835096
2532	0.23494776
2533	0.22841876
2534	0.19696859
2535	0.17822695
2536	0.19123117
2537	0.18293305
2538	0.22373816
2539	0.16890525
2540	0.16565447
2541	0.20380697
2542	0.22470399
2543	0.20415680
2544	0.21742014
2545	0.18813552
2546	0.15711984
2547	0.18791311
2548	0.19244681
2549	0.20011360
2550	0.16654594
2551	0.16781354
2552	0.20703538
2553	0.20908215
2554	0.20367599
2555	0.20997889
2556	0.19186987
2557	0.19975506
2558	0.18137050
2559	0.22791420
2560	0.16530732
2561	0.20352559
2562	0.20983165
2563	0.21258529
2564	0.19814347
2565	0.26915040
2566	0.21768385
2567	0.20657289
2568	0.19765730
2569	0.15926160
2570	0.17584965
2571	0.18623850
2572	0.21014014
2573	0.22204563
2574	0.21829208
2575	0.22301119
2576	0.18471554
2577	0.21846245
2578	0.24105864
2579	0.16795854
2580	0.22203161
2581	0.19067583
2582	0.21564267
2583	0.16860186
2584	0.20007485
2585	0.22827380
2586	0.25746342
2587	0.20741743
2588	0.19946582
2589	0.23004628
2590	0.18156527
2591	0.17230010
2592	0.20573909
2593	0.20174322
2594	0.17144430
2595	0.17783518
2596	0.22817852
2597	0.17739360
2598	0.23002833
2599	0.21915165
2600	0.18445005
2601	0.16771141
2602	0.18436405
2603	0.23198180
2604	0.21548336
2605	0.14157662
2606	0.14950347
2607	0.18408267
2608	0.20156936
2609	0.15780126
2610	0.15538509
2611	0.20699425
2612	0.20115639
2613	0.13289431
2614	0.20184827
2615	0.22605961
2616	0.19792742
2617	0.20059311
2618	0.25148673
2619	0.19220434
2620	0.18847473
2621	0.19015943
2622	0.16480049
2623	0.14891048
2624	0.18840519
2625	0.20223226
2626	0.14162330
2627	0.16747226
2628	0.15432466
2629	0.20631992
2630	0.16524567
2631	0.15353994
2632	0.21849264
2633	0.22413078
2634	0.21766861
2635	0.16679919
2636	0.19341054
2637	0.18132592
2638	0.21750213
2639	0.20013803
2640	0.15814278
2641	0.18782999
2642	0.16903084
2643	0.15227104
2644	0.18963218
2645	0.15780049
2646	0.19195506
2647	0.21594950
2648	0.16403266
2649	0.17414099
2650	0.17027117
2651	0.22861487
2652	0.19343899
2653	0.17379526
2654	0.14029621
2655	0.20667266
2656	0.16990237
2657	0.18966537
2658	0.17761390
2659	0.19238184
2660	0.18106634
2661	0.21168794
2662	0.15054180
2663	0.21119185
2664	0.23057645
2665	0.19250091
2666	0.18460263
2667	0.24442740
2668	0.22673050
2669	0.18346626
2670	0.20704401
2671	0.19989025
2672	0.19218517
2673	0.20630334
2674	0.19531542
2675	0.20434375
2676	0.16474971
2677	0.19081609
2678	0.18172924
2679	0.19768847
2680	0.13125200
2681	0.17595939
2682	0.16367720
2683	0.17943558
2684	0.17348466
2685	0.19428543
2686	0.18062792
2687	0.15441491
2688	0.21367473
2689	0.21680608
2690	0.17198415
2691	0.18125252
2692	0.21068498
2693	0.14369751
2694	0.15068405
2695	0.17088077
2696	0.18032977
2697	0.20912049
2698	0.14940571
2699	0.23100316
2700	0.21142723
2701	0.16544349
2702	0.18703242
2703	0.22846586
2704	0.16781641
2705	0.20401791
2706	0.22814014
2707	0.15137884
2708	0.19257155
2709	0.19094707
2710	0.15552142
2711	0.18996401
2712	0.18323862
2713	0.19701017
2714	0.17248466
2715	0.25286525
2716	0.19226034
2717	0.14111040
2718	0.17059692
2719	0.18872219
2720	0.18865880
2721	0.20501042
2722	0.18854245
2723	0.24317402
2724	0.12617017
2725	0.17576551
2726	0.15877564
2727	0.18792296
2728	0.21917528
2729	0.14160584
2730	0.20030764
2731	0.18162841
2732	0.20429467
2733	0.21962598
2734	0.17820296
2735	0.17257970
2736	0.21389114
2737	0.17052438
2738	0.23086209
2739	0.20954626
2740	0.16594958
2741	0.17646663
2742	0.18724535
2743	0.18000527
2744	0.21752247
2745	0.18388231
2746	0.18517155
2747	0.16904677
2748	0.19113037
2749	0.17761585
2750	0.20440644
2751	0.20217090
2752	0.19984280
2753	0.19397698
2754	0.17855048
2755	0.14176596
2756	0.20106594
2757	0.22600892
2758	0.18255141
2759	0.16541187
2760	0.20931007
2761	0.18490873
2762	0.22500624
2763	0.14569982
2764	0.19333925
2765	0.20722111
2766	0.18062436
2767	0.20804855
2768	0.19557990
2769	0.19884782
2770	0.18161046
2771	0.18384531
2772	0.15524020
2773	0.17569273
2774	0.19975040
2775	0.18800328
2776	0.23050626
2777	0.18771810
2778	0.14854148
2779	0.16092211
2780	0.16359951
2781	0.17762095
2782	0.19853062
2783	0.18990480
2784	0.20683481
2785	0.19087931
2786	0.18241293
2787	0.17147392
2788	0.19370355
2789	0.17570918
2790	0.15860580
2791	0.20100397
2792	0.21827907
2793	0.22194091
2794	0.22036806
2795	0.19407104
2796	0.16100312
2797	0.16133520
2798	0.16620819
2799	0.17423526
2800	0.22962622
2801	0.17054476
2802	0.18801305
2803	0.17811899
2804	0.18143485
2805	0.19440584
2806	0.13081718
2807	0.20045880
2808	0.21175672
2809	0.22080308
2810	0.18673386
2811	0.18682638
2812	0.22251056
2813	0.19564567
2814	0.15012762
2815	0.17415757
2816	0.23750699
2817	0.19024049
2818	0.20134063
2819	0.22937763
2820	0.19705759
2821	0.13746448
2822	0.18105264
2823	0.15608871
2824	0.14827931
2825	0.23935895
2826	0.18068770
2827	0.21195194
2828	0.15227266
2829	0.15509070
2830	0.15592227
2831	0.14299733
2832	0.19738249
2833	0.22405244
2834	0.16921394
2835	0.15742237
2836	0.20304389
2837	0.14985228
2838	0.18660640
2839	0.20935445
2840	0.16237025
2841	0.16240113
2842	0.22326723
2843	0.18685775
2844	0.19778541
2845	0.20484490
2846	0.18350318
2847	0.18984357
2848	0.21305864
2849	0.15747684
2850	0.17678829
2851	0.19262290
2852	0.19859194
2853	0.20239846
2854	0.23907230
2855	0.12730719
2856	0.19417937
2857	0.18118594
2858	0.20102841
2859	0.19742363
2860	0.18646865
2861	0.16132328
2862	0.19042107
2863	0.22863724
2864	0.17183566
2865	0.20672981
2866	0.20318594
2867	0.19902586
2868	0.21844685
2869	0.18177759
2870	0.16333957
2871	0.18716944
2872	0.17499157
2873	0.18923493
2874	0.18851660
2875	0.13719862
2876	0.18357872
2877	0.16361159
2878	0.19868316
2879	0.19612349
2880	0.12725884
2881	0.20109277
2882	0.15777390
2883	0.18643676
2884	0.19738926
2885	0.19758719
2886	0.21711753
2887	0.16923583
2888	0.15400648
2889	0.18378184
2890	0.18194995
2891	0.16802707
2892	0.20496182
2893	0.20003660
2894	0.21860912
2895	0.21241487
2896	0.14997653
2897	0.17425191
2898	0.19343412
2899	0.18501366
2900	0.20192498
2901	0.17724235
2902	0.16255789
2903	0.19171554
2904	0.16707623
2905	0.18056831
2906	0.16213216
2907	0.15482991
2908	0.19086655
2909	0.16298853
2910	0.17048648
2911	0.22020960
2912	0.17553029
2913	0.14696888
2914	0.17021674
2915	0.21611262
2916	0.20372503
2917	0.20332770
2918	0.21040948
2919	0.19060138
2920	0.17710987
2921	0.14687647
2922	0.16985418
2923	0.15550205
2924	0.18250217
2925	0.23633066
2926	0.17222387
2927	0.17128138
2928	0.19043335
2929	0.19728332
2930	0.20633803
2931	0.13120657
2932	0.18221017
2933	0.17490492
2934	0.23316944
2935	0.18209982
2936	0.18374727
2937	0.20309957
2938	0.21964685
2939	0.18371834
2940	0.20502825
2941	0.17769163
2942	0.16819805
2943	0.18385576
2944	0.20796146
2945	0.19751088
2946	0.20850079
2947	0.16867728
2948	0.15494278
2949	0.16757982
2950	0.18724523
2951	0.14011206
2952	0.14264932
2953	0.21982318
2954	0.17300057
2955	0.13835887
2956	0.18161264
2957	0.18153155
2958	0.16887574
2959	0.17135311
2960	0.18850898
2961	0.16937832
2962	0.18232413
2963	0.20064855
2964	0.15799420
2965	0.19097337
2966	0.18325187
2967	0.17474270
2968	0.15955185
2969	0.20474403
2970	0.17863072
2971	0.17832519
2972	0.17218201
2973	0.15557163
2974	0.18941139
2975	0.20162610
2976	0.15492032
2977	0.19712028
2978	0.14346732
2979	0.21122306
2980	0.19363891
2981	0.21008685
2982	0.15205941
2983	0.15134918
2984	0.16234229
2985	0.20084900
2986	0.17287429
2987	0.14453524
2988	0.19251117
2989	0.15712879
2990	0.17144620
2991	0.19471364
2992	0.20806963
2993	0.14636758
2994	0.23606233
2995	0.15304328
2996	0.21083489
2997	0.18432592
2998	0.18161585
2999	0.18436871
3000	0.22209560
3001	0.21237171
3002	0.21195372
3003	0.20345524
3004	0.19220069
3005	0.17660061
3006	0.17359534
3007	0.19568373
3008	0.17542626
3009	0.22111412
3010	0.22357325
3011	0.18794407
3012	0.18166306
3013	0.14709398
3014	0.15413463
3015	0.19991964
3016	0.18242156
3017	0.17602553
3018	0.15081998
3019	0.22345880
3020	0.21132835
3021	0.17332965
3022	0.22013264
3023	0.16637795
3024	0.19443117
3025	0.16127307
3026	0.15235117
3027	0.20365293
3028	0.16681690
3029	0.15503915
3030	0.14400195
3031	0.22419720
3032	0.20025917
3033	0.19621046
3034	0.15911680
3035	0.20566752
3036	0.20233200
3037	0.19179566
3038	0.15866456
3039	0.17210760
3040	0.21316118
3041	0.15997637
3042	0.19431056
3043	0.18645483
3044	0.16777568
3045	0.15146809
3046	0.18539465
3047	0.22191741
3048	0.15583319
3049	0.20016154
3050	0.18346124
3051	0.17793009
3052	0.18844843
3053	0.19822991
3054	0.17918059
3055	0.16756738
3056	0.19210480
3057	0.16357917
3058	0.15989224
3059	0.20992960
3060	0.19460689
3061	0.18356523
3062	0.16344584
3063	0.19709317
3064	0.15118371
3065	0.16757333
3066	0.15585597
3067	0.15161824
3068	0.17154841
3069	0.16843194
3070	0.19656523
3071	0.22929641
3072	0.16562472
3073	0.20362788
3074	0.19363972
3075	0.16170140
3076	0.20229735
3077	0.18616636
3078	0.19011623
3079	0.17126148
3080	0.21166419
3081	0.19694371
3082	0.16396559
3083	0.16623137
3084	0.16623797
3085	0.16450671
3086	0.22107805
3087	0.19099846
3088	0.21014359
3089	0.20658638
3090	0.13290030
3091	0.21586091
3092	0.22367060
3093	0.19329017
3094	0.18463266
3095	0.20684888
3096	0.17321516
3097	0.19393836
3098	0.15133114
3099	0.15933341
3100	0.16868819
3101	0.21691161
3102	0.18010890
3103	0.16239429
3104	0.18002407
3105	0.17917358
3106	0.12213151
3107	0.18221062
3108	0.15433807
3109	0.16856883
3110	0.14484203
3111	0.19488535
3112	0.14846363
3113	0.22680616
3114	0.13911579
3115	0.17779838
3116	0.14641852
3117	0.17968324
3118	0.15074452
3119	0.18675692
3120	0.19870407
3121	0.19070594
3122	0.20008815
3123	0.20263060
3124	0.18377106
3125	0.17371242
3126	0.19674253
3127	0.13474573
3128	0.22176235
3129	0.22165260
3130	0.17289487
3131	0.18686160
3132	0.17572628
3133	0.17495753
3134	0.20480729
3135	0.19237427
3136	0.17741860
3137	0.18222679
3138	0.15979558
3139	0.16079307
3140	0.21512065
3141	0.18019177
3142	0.15262298
3143	0.17329897
3144	0.20952851
3145	0.14430650
3146	0.19499015
3147	0.20625370
3148	0.20341139
3149	0.18780798
3150	0.18059048
3151	0.22193264
3152	0.21056442
3153	0.20845970
3154	0.20300725
3155	0.18694792
3156	0.17284766
3157	0.14099534
3158	0.20356353
3159	0.20305524
3160	0.16888742
3161	0.12598983
3162	0.21408823
3163	0.15413994
3164	0.18642829
3165	0.19512657
3166	0.15116575
3167	0.20896738
3168	0.15566229
3169	0.14329078
3170	0.18786659
3171	0.16846971
3172	0.19113990
3173	0.18352332
3174	0.17720284
3175	0.13941475
3176	0.17133033
3177	0.16054424
3178	0.17819177
3179	0.18764393
3180	0.17084235
3181	0.15659100
3182	0.19216361
3183	0.19907878
3184	0.19566460
3185	0.23049459
3186	0.18646140
3187	0.19664049
3188	0.20579716
3189	0.14128028
3190	0.20482999
3191	0.15969074
3192	0.19682379
3193	0.15624543
3194	0.14542991
3195	0.19936693
3196	0.19349682
3197	0.22517576
3198	0.20032073
3199	0.14315445
3200	0.17577710
3201	0.17281082
3202	0.19853147
3203	0.16828936
3204	0.18414253
3205	0.18142934
3206	0.20894865
3207	0.21345350
3208	0.16883587
3209	0.17873159
3210	0.21251550
3211	0.17823412
3212	0.19671822
3213	0.15528126
3214	0.14993479
3215	0.18167805
3216	0.20510209
3217	0.16812750
3218	0.19972077
3219	0.19158525
3220	0.17773860
3221	0.17285110
3222	0.14218476
3223	0.19729321
3224	0.17428247
3225	0.13910156
3226	0.17055931
3227	0.15158829
3228	0.20056815
3229	0.19114286
3230	0.19415125
3231	0.18638367
3232	0.18603315
3233	0.20768430
3234	0.17893398
3235	0.18074168
3236	0.19710723
3237	0.20111327
3238	0.12666034
3239	0.14431275
3240	0.17794845
3241	0.17459919
3242	0.18090553
3243	0.18190877
3244	0.15761678
3245	0.19135660
3246	0.14630764
3247	0.16624539
3248	0.14658902
3249	0.19711076
3250	0.16378152
3251	0.11931773
3252	0.16499246
3253	0.14736831
3254	0.15560438
3255	0.16773747
3256	0.15884580
3257	0.13217074
3258	0.17411453
3259	0.14235574
3260	0.17671907
3261	0.17917880
3262	0.17119895
3263	0.19783019
3264	0.13746930
3265	0.17223100
3266	0.22043587
3267	0.14318265
3268	0.15252150
3269	0.19872965
3270	0.17458967
3271	0.22234740
3272	0.19118201
3273	0.17393832
3274	0.25178999
3275	0.15973212
3276	0.14816247
3277	0.19035060
3278	0.17138184
3279	0.19283088
3280	0.13754326
3281	0.13951866
3282	0.19848057
3283	0.20832247
3284	0.14253479
3285	0.19832105
3286	0.17575826
3287	0.14688863
3288	0.17867181
3289	0.16847396
3290	0.19038306
3291	0.18597402
3292	0.18140158
3293	0.17011189
3294	0.14337078
3295	0.18989285
3296	0.18930800
3297	0.16175311
3298	0.20372389
3299	0.17922910
3300	0.18777151
3301	0.17117791
3302	0.19342841
3303	0.16476916
3304	0.20089751
3305	0.17255733
3306	0.17030650
3307	0.18927538
3308	0.14933293
3309	0.17950719
3310	0.19460539
3311	0.18353147
3312	0.19394241
3313	0.21490971
3314	0.21929264
3315	0.21176190
3316	0.15508657
3317	0.16178229
3318	0.17398987
3319	0.14589876
3320	0.17371708
3321	0.16847437
3322	0.14398707
3323	0.19283364
3324	0.17242691
3325	0.15161982
3326	0.19606975
3327	0.16256207
3328	0.18990991
3329	0.19295530
3330	0.16657516
3331	0.23087696
3332	0.17801114
3333	0.20109775
3334	0.16861196
3335	0.16413670
3336	0.15885443
3337	0.16982436
3338	0.14809868
3339	0.18942971
3340	0.16529949
3341	0.20623307
3342	0.16898156
3343	0.16616640
3344	0.17597917
3345	0.13760381
3346	0.18197358
3347	0.18493848
3348	0.20783728
3349	0.17695380
3350	0.15123177
3351	0.19213212
3352	0.13829305
3353	0.12421597
3354	0.13916989
3355	0.21259976
3356	0.19473119
3357	0.14914578
3358	0.19935473
3359	0.14553305
3360	0.20917690
3361	0.16725495
3362	0.18200616
3363	0.16535323
3364	0.16721378
3365	0.18734371
3366	0.22377702
3367	0.17209159
3368	0.20329273
3369	0.20577463
3370	0.11268697
3371	0.20515031
3372	0.13954274
3373	0.17832713
3374	0.19033244
3375	0.21120065
3376	0.17836867
3377	0.12881281
3378	0.19341264
3379	0.20484746
3380	0.20098067
3381	0.23350302
3382	0.14039307
3383	0.16322476
3384	0.22095376
3385	0.15252859
3386	0.21844790
3387	0.21441187
3388	0.18548061
3389	0.20347198
3390	0.16442642
3391	0.17086529
3392	0.22678979
3393	0.15964438
3394	0.16975805
3395	0.14884592
3396	0.19469285
3397	0.13468498
3398	0.19224490
3399	0.18878699
3400	0.16502667
3401	0.15299826
3402	0.16582310
3403	0.18700636
3404	0.16505609
3405	0.13618144
3406	0.18918991
3407	0.20702740
3408	0.15152871
3409	0.13721208
3410	0.19518233
3411	0.18470472
3412	0.17566030
3413	0.15901852
3414	0.15043570
3415	0.17260547
3416	0.15479011
3417	0.15372859
3418	0.17327826
3419	0.16155502
3420	0.14978517
3421	0.15667246
3422	0.13655591
3423	0.16117078
3424	0.13838294
3425	0.16280912
3426	0.17584036
3427	0.18569917
3428	0.15766918
3429	0.21260693
3430	0.16272231
3431	0.19080523
3432	0.16434180
3433	0.19568693
3434	0.18943907
3435	0.16853589
3436	0.16290116
3437	0.13398813
3438	0.18189495
3439	0.17520247
3440	0.16556288
3441	0.17294642
3442	0.12044450
3443	0.15705876
3444	0.15798934
3445	0.14712697
3446	0.15967469
3447	0.12982456
3448	0.17649187
3449	0.17626180
3450	0.19424750
3451	0.15871044
3452	0.15432138
3453	0.16572888
3454	0.19057362
3455	0.19226841
3456	0.15989581
3457	0.15222484
3458	0.11928551
3459	0.17959157
3460	0.16407291
3461	0.16146841
3462	0.17407546
3463	0.16099846
3464	0.16803327
3465	0.17968182
3466	0.12989147
3467	0.14972701
3468	0.20546655
3469	0.21291647
3470	0.18127352
3471	0.16242553
3472	0.16645548
3473	0.17259639
3474	0.16360535
3475	0.19388154
3476	0.18537341
3477	0.18427299
3478	0.17566160
3479	0.16412697
3480	0.18485844
3481	0.16442039
3482	0.15645216
3483	0.16886967
3484	0.15026249
3485	0.18768109
3486	0.22800041
3487	0.20035765
3488	0.15705714
3489	0.15117228
3490	0.17412657
3491	0.16167765
3492	0.15453147
3493	0.17723489
3494	0.13994184
3495	0.16431485
3496	0.17394553
3497	0.16370630
3498	0.21093662
3499	0.17925795
3500	0.18612888
3501	0.15496916
3502	0.14735538
3503	0.16524466
3504	0.14881187
3505	0.15427222
3506	0.14787854
3507	0.17635595
3508	0.18008977
3509	0.18154707
3510	0.17239425
3511	0.19555692
3512	0.18524041
3513	0.16558711
3514	0.17947104
3515	0.19282813
3516	0.19647870
3517	0.17386829
3518	0.18979173
3519	0.17119469
3520	0.17849629
3521	0.15388073
3522	0.16515331
3523	0.19816742
3524	0.13946030
3525	0.16272430
3526	0.17322999
3527	0.18954334
3528	0.15634890
3529	0.16030103
3530	0.18244450
3531	0.16050877
3532	0.17225961
3533	0.15745585
3534	0.18326156
3535	0.16793913
3536	0.20801998
3537	0.19053025
3538	0.16180150
3539	0.19912855
3540	0.19762756
3541	0.13121200
3542	0.14667396
3543	0.16472511
3544	0.15531903
3545	0.16522675
3546	0.15035651
3547	0.16923765
3548	0.17306083
3549	0.19898245
3550	0.14248442
3551	0.20793260
3552	0.21392819
3553	0.18820004
3554	0.16338967
3555	0.15110890
3556	0.17731319
3557	0.16774059
3558	0.18423579
3559	0.17175348
3560	0.15244195
3561	0.12706444
3562	0.15382217
3563	0.17125268
3564	0.18892851
3565	0.20326727
3566	0.17474282
3567	0.15691514
3568	0.16122861
3569	0.16815789
3570	0.16589422
3571	0.15912786
3572	0.16283639
3573	0.16435481
3574	0.20119104
3575	0.19544113
3576	0.16872770
3577	0.20943668
3578	0.19628912
3579	0.13467108
3580	0.15740973
3581	0.16458642
3582	0.15518290
3583	0.20002395
3584	0.11488093
3585	0.18080049
3586	0.14968823
3587	0.17223720
3588	0.19744434
3589	0.15723951
3590	0.21207643
3591	0.16115104
3592	0.12667271
3593	0.17635728
3594	0.19904644
3595	0.16279133
3596	0.16023878
3597	0.15655279
3598	0.14668490
3599	0.19064041
3600	0.21253236
3601	0.20279765
3602	0.18447554
3603	0.18120819
3604	0.17876823
3605	0.22573341
3606	0.14952328
3607	0.18949358
3608	0.17444823
3609	0.16321001
3610	0.19312665
3611	0.18470881
3612	0.14687015
3613	0.19212162
3614	0.14718573
3615	0.20176519
3616	0.18224985
3617	0.17126501
3618	0.17604138
3619	0.15631117
3620	0.16306667
3621	0.16288466
3622	0.16541017
3623	0.12752053
3624	0.15774363
3625	0.15496888
3626	0.19390732
3627	0.13927189
3628	0.15953548
3629	0.15686975
3630	0.15536584
3631	0.23043724
3632	0.17554237
3633	0.19516004
3634	0.14748563
3635	0.21116065
3636	0.17003315
3637	0.18757783
3638	0.18348417
3639	0.18304948
3640	0.13725147
3641	0.19794671
3642	0.17087275
3643	0.18299177
3644	0.17718395
3645	0.23003352
3646	0.17752255
3647	0.19140750
3648	0.19432713
3649	0.15322817
3650	0.16819651
3651	0.15413212
3652	0.16617313
3653	0.16438359
3654	0.17069042
3655	0.15038120
3656	0.18881532
3657	0.16152993
3658	0.18506646
3659	0.18963035
3660	0.14289783
3661	0.17594853
3662	0.15501386
3663	0.16213674
3664	0.18124701
3665	0.13734886
3666	0.13724024
3667	0.16060053
3668	0.16118772
3669	0.16303696
3670	0.16466326
3671	0.17268624
3672	0.13953005
3673	0.18120081
3674	0.18018444
3675	0.18893208
3676	0.16663048
3677	0.18918991
3678	0.13864681
3679	0.15982359
3680	0.16898549
3681	0.15037309
3682	0.15322890
3683	0.20129909
3684	0.17241544
3685	0.16707935
3686	0.16917747
3687	0.19259895
3688	0.16757042
3689	0.14335984
3690	0.13878513
3691	0.14760908
3692	0.18543275
3693	0.17120600
3694	0.15977402
3695	0.17895080
3696	0.18051935
3697	0.15627262
3698	0.20170906
3699	0.18998403
3700	0.17868531
3701	0.16429893
3702	0.17559214
3703	0.16367789
3704	0.18709435
3705	0.16146736
3706	0.15556024
3707	0.15955315
3708	0.15554018
3709	0.15720239
3710	0.16514039
3711	0.13707935
3712	0.19791080
3713	0.15234752
3714	0.13220758
3715	0.14647797
3716	0.18661658
3717	0.18560105
3718	0.18320401
3719	0.13986565
3720	0.23218310
3721	0.13162509
3722	0.17137143
3723	0.17695068
3724	0.17088130
3725	0.18059011
3726	0.22258768
3727	0.15680867
3728	0.15438695
3729	0.16475404
3730	0.21872547
3731	0.16353277
3732	0.10733966
3733	0.19810541
3734	0.15043396
3735	0.16173042
3736	0.17139104
3737	0.14446464
3738	0.15223153
3739	0.14389248
3740	0.18021293
3741	0.15562140
3742	0.15943388
3743	0.17243291
3744	0.18761702
3745	0.17247181
3746	0.19478403
3747	0.18516320
3748	0.19008944
3749	0.16293366
3750	0.15620608
3751	0.17851092
3752	0.15672142
3753	0.15787177
3754	0.17365982
3755	0.15131254
3756	0.17673504
3757	0.15612831
3758	0.21366967
3759	0.20568628
3760	0.15889840
3761	0.19123194
3762	0.16480896
3763	0.17278873
3764	0.21064284
3765	0.18874630
3766	0.19054063
3767	0.19946460
3768	0.18524965
3769	0.15208320
3770	0.14229447
3771	0.16475680
3772	0.16642310
3773	0.16922164
3774	0.16913840
3775	0.20770683
3776	0.15849840
3777	0.15957467
3778	0.17362740
3779	0.17088859
3780	0.15662014
3781	0.13004648
3782	0.15627027
3783	0.17600381
3784	0.15825054
3785	0.20778359
3786	0.15910237
3787	0.12556065
3788	0.15389807
3789	0.19501370
3790	0.18694780
3791	0.14312045
3792	0.19654825
3793	0.11987935
3794	0.19622983
3795	0.17432523
3796	0.17298310
3797	0.17140912
3798	0.16967129
3799	0.18132693
3800	0.17510225
3801	0.16512969
3802	0.15557747
3803	0.13804292
3804	0.20161674
3805	0.13594744
3806	0.19948081
3807	0.20397929
3808	0.19425552
3809	0.18911773
3810	0.20482156
3811	0.16615027
3812	0.17404174
3813	0.17873289
3814	0.20417175
3815	0.14489735
3816	0.14635279
3817	0.15803534
3818	0.18808223
3819	0.13969435
3820	0.17569110
3821	0.14689483
3822	0.12976888
3823	0.17748146
3824	0.15408389
3825	0.14909852
3826	0.13639566
3827	0.15039951
3828	0.17879169
3829	0.21240965
3830	0.16687647
3831	0.21546419
3832	0.17397139
3833	0.21031627
3834	0.19924588
3835	0.15976498
3836	0.16993313
3837	0.16578298
3838	0.18540571
3839	0.15532442
3840	0.15323129
3841	0.17627194
3842	0.17636875
3843	0.16342626
3844	0.17818156
3845	0.14281629
3846	0.14228896
3847	0.14225127
3848	0.13236689
3849	0.16274095
3850	0.15614565
3851	0.15046399
3852	0.20052896
3853	0.21538063
3854	0.12798326
3855	0.21037240
3856	0.16057305
3857	0.19826111
3858	0.18267550
3859	0.17536831
3860	0.15486116
3861	0.14906663
3862	0.20682197
3863	0.16271878
3864	0.16158995
3865	0.20877325
3866	0.19583485
3867	0.19337090
3868	0.12173139
3869	0.13344219
3870	0.16462541
3871	0.17493593
3872	0.14146655
3873	0.15758197
3874	0.18466963
3875	0.17757662
3876	0.12311550
3877	0.14681714
3878	0.15526468
3879	0.17090671
3880	0.19504851
3881	0.15222395
3882	0.17189824
3883	0.13624494
3884	0.12520531
3885	0.14720259
3886	0.15695907
3887	0.14306513
3888	0.14737410
3889	0.16592547
3890	0.14834898
3891	0.19592515
3892	0.19598963
3893	0.19362209
3894	0.12696762
3895	0.18552328
3896	0.13947773
3897	0.20275502
3898	0.17031651
3899	0.16981795
3900	0.19679923
3901	0.14479429
3902	0.15068401
3903	0.14790282
3904	0.20616073
3905	0.14615765
3906	0.16132640
3907	0.16260507
3908	0.14069021
3909	0.18462055
3910	0.16904166
3911	0.17376652
3912	0.19859595
3913	0.17720989
3914	0.14488977
3915	0.15764219
3916	0.19876823
3917	0.16432316
3918	0.17137479
3919	0.16022873
3920	0.17549706
3921	0.16271846
3922	0.12385645
3923	0.16637070
3924	0.17915810
3925	0.16529807
3926	0.16501135
3927	0.15922286
3928	0.15137941
3929	0.13979133
3930	0.14013042
3931	0.12365171
3932	0.16501718
3933	0.17505568
3934	0.13032458
3935	0.13898667
3936	0.19924349
3937	0.12705921
3938	0.18002265
3939	0.17116515
3940	0.15977726
3941	0.18408965
3942	0.13350614
3943	0.13994590
3944	0.17478034
3945	0.18008965
3946	0.13717884
3947	0.16875891
3948	0.15492199
3949	0.17374116
3950	0.18511019
3951	0.14271911
3952	0.19436434
3953	0.13022310
3954	0.13864782
3955	0.16426934
3956	0.16544620
3957	0.15630950
3958	0.19094156
3959	0.17338501
3960	0.18441601
3961	0.13652831
3962	0.16460689
3963	0.12937102
3964	0.19635489
3965	0.20025787
3966	0.15082213
3967	0.13248219
3968	0.13787935
3969	0.18829548
3970	0.19695777
3971	0.13532859
3972	0.16541139
3973	0.13092438
3974	0.15830091
3975	0.17573394
3976	0.19309572
3977	0.17662804
3978	0.17702124
3979	0.15710809
3980	0.17332989
3981	0.13955185
3982	0.15809682
3983	0.17455830
3984	0.13496855
3985	0.18791202
3986	0.17977098
3987	0.14329208
3988	0.16604235
3989	0.14155672
3990	0.17713779
3991	0.19203433
3992	0.13714103
3993	0.13697098
3994	0.18791384
3995	0.14981941
3996	0.15474894
3997	0.16160324
3998	0.11075404
3999	0.16040904
4000	0.16295639
4001	0.17536527
4002	0.19192580
4003	0.14878030
4004	0.18129864
4005	0.21362695
4006	0.13435737
4007	0.19235185
4008	0.14667048
4009	0.17176584
4010	0.15223972
4011	0.17770525
4012	0.16676215
4013	0.19090375
4014	0.21850002
4015	0.16579870
4016	0.14998505
4017	0.18285990
4018	0.18721358
4019	0.16139874
4020	0.19060458
4021	0.14475874
4022	0.16545321
4023	0.16334424
4024	0.17902257
4025	0.14545406
4026	0.15757884
4027	0.18382837
4028	0.17774622
4029	0.17911096
4030	0.21814626
4031	0.18589273
4032	0.18448498
4033	0.16212985
4034	0.14133953
4035	0.14777889
4036	0.12677816
4037	0.19100150
4038	0.19489905
4039	0.13099364
4040	0.17094436
4041	0.18878310
4042	0.16861123
4043	0.16996308
4044	0.17615996
4045	0.20370505
4046	0.17199400
4047	0.17182371
4048	0.15876766
4049	0.18830383
4050	0.21644709
4051	0.14633394
4052	0.16851619
4053	0.15555092
4054	0.16619035
4055	0.14600555
4056	0.18125232
4057	0.17089710
4058	0.17396004
4059	0.20120989
4060	0.16033601
4061	0.15616920
4062	0.16059339
4063	0.14445455
4064	0.12421998
4065	0.16761260
4066	0.13949455
4067	0.13990087
4068	0.20344385
4069	0.15711019
4070	0.17477576
4071	0.18313747
4072	0.14626180
4073	0.15497893
4074	0.18307238
4075	0.20391453
4076	0.17184539
4077	0.15901058
4078	0.13590278
4079	0.11697706
4080	0.15466087
4081	0.19087878
4082	0.13529475
4083	0.17300944
4084	0.14188543
4085	0.17958091
4086	0.13043627
4087	0.14575376
4088	0.17521844
4089	0.15896231
4090	0.20245799
4091	0.14121459
4092	0.19331348
4093	0.19299631
4094	0.14528851
4095	0.16872454
4096	0.11401228
4097	0.17032482
4098	0.13107412
4099	0.18936336
4100	0.16474452
4101	0.12407117
4102	0.14311015
4103	0.14932340
4104	0.12469402
4105	0.17651526
4106	0.15701860
4107	0.19427878
4108	0.12704134
4109	0.18159692
4110	0.19603878
4111	0.18300693
4112	0.18113966
4113	0.17401382
4114	0.17113106
4115	0.17412219
4116	0.13226553
4117	0.16962557
4118	0.16095198
4119	0.18597540
4120	0.16955870
4121	0.11804503
4122	0.15229597
4123	0.14274205
4124	0.20172960
4125	0.17766780
4126	0.17066152
4127	0.15509783
4128	0.18586347
4129	0.15665662
4130	0.14687757
4131	0.13186715
4132	0.14973098
4133	0.17399903
4134	0.12721163
4135	0.11219311
4136	0.15155416
4137	0.16461767
4138	0.16080750
4139	0.15218695
4140	0.16262164
4141	0.15986979
4142	0.15819408
4143	0.16768527
4144	0.16882650
4145	0.18384936
4146	0.12276239
4147	0.15026006
4148	0.16329305
4149	0.16797382
4150	0.16238116
4151	0.15425605
4152	0.15138898
4153	0.17072004
4154	0.14247947
4155	0.17876790
4156	0.15198695
4157	0.16052276
4158	0.17599112
4159	0.15612652
4160	0.16325155
4161	0.17340989
4162	0.15411822
4163	0.15810476
4164	0.13922209
4165	0.13710869
4166	0.16637054
4167	0.17450237
4168	0.14560774
4169	0.12408989
4170	0.12693832
4171	0.10484381
4172	0.14354310
4173	0.14253297
4174	0.18658168
4175	0.18983388
4176	0.15421244
4177	0.15873289
4178	0.16232097
4179	0.16675315
4180	0.18388405
4181	0.17250695
4182	0.18753455
4183	0.18890452
4184	0.15850744
4185	0.16652320
4186	0.19713374
4187	0.13839396
4188	0.11688519
4189	0.16016705
4190	0.16841285
4191	0.16143858
4192	0.12219348
4193	0.17531469
4194	0.20256320
4195	0.15470128
4196	0.21979818
4197	0.15168259
4198	0.13062444
4199	0.14358873
4200	0.15753961
4201	0.16363566
4202	0.14688851
4203	0.16874671
4204	0.18442193
4205	0.15829204
4206	0.13935627
4207	0.14720661
4208	0.15921532
4209	0.14271275
4210	0.13647773
4211	0.18084000
4212	0.16093354
4213	0.16795044
4214	0.14861966
4215	0.18995056
4216	0.13782111
4217	0.14399023
4218	0.15043044
4219	0.19978671
4220	0.16922675
4221	0.19368126
4222	0.19995887
4223	0.14557459
4224	0.16310116
4225	0.15975202
4226	0.13061358
4227	0.16408178
4228	0.15264292
4229	0.15132288
4230	0.16010249
4231	0.17121755
4232	0.14489025
4233	0.15037617
4234	0.15146902
4235	0.15547724
4236	0.14200454
4237	0.13861163
4238	0.18886513
4239	0.17249187
4240	0.11775068
4241	0.16250355
4242	0.17414902
4243	0.13516154
4244	0.16215583
4245	0.13996624
4246	0.13487064
4247	0.17617739
4248	0.14011583
4249	0.19915311
4250	0.20094752
4251	0.15266039
4252	0.15556219
4253	0.15234440
4254	0.15701775
4255	0.13584474
4256	0.16526663
4257	0.19846257
4258	0.12585058
4259	0.15320369
4260	0.18505467
4261	0.17172381
4262	0.16957844
4263	0.11714748
4264	0.16259339
4265	0.16485585
4266	0.18862703
4267	0.18067348
4268	0.14792531
4269	0.15524138
4270	0.19477726
4271	0.18629362
4272	0.15534391
4273	0.11800681
4274	0.13983388
4275	0.19720709
4276	0.18560948
4277	0.16347356
4278	0.19303461
4279	0.13259684
4280	0.16946176
4281	0.15511202
4282	0.19299951
4283	0.16070103
4284	0.16293767
4285	0.20164697
4286	0.14463481
4287	0.14311899
4288	0.13247842
4289	0.18510314
4290	0.20161171
4291	0.20051040
4292	0.13637544
4293	0.13044661
4294	0.19440182
4295	0.16858294
4296	0.18824028
4297	0.17752831
4298	0.14614043
4299	0.13159497
4300	0.12458103
4301	0.10671587
4302	0.14731242
4303	0.18263976
4304	0.17017208
4305	0.14592215
4306	0.15434351
4307	0.14659206
4308	0.13411834
4309	0.15684920
4310	0.16441042
4311	0.17715595
4312	0.18956802
4313	0.18118083
4314	0.14302918
4315	0.19403899
4316	0.13092811
4317	0.17233682
4318	0.13664819
4319	0.14315307
4320	0.19682663
4321	0.14024203
4322	0.17212624
4323	0.13525483
4324	0.18278873
4325	0.14876490
4326	0.15210132
4327	0.17490748
4328	0.14787911
4329	0.17569123
4330	0.15276417
4331	0.16974399
4332	0.14233054
4333	0.17056267
4334	0.15960028
4335	0.17553268
4336	0.18696944
4337	0.17205479
4338	0.16411493
4339	0.18077366
4340	0.15612174
4341	0.15449544
4342	0.15157256
4343	0.14734950
4344	0.15650095
4345	0.17758910
4346	0.13651214
4347	0.11816365
4348	0.15562424
4349	0.13087052
4350	0.14343360
4351	0.14727542
4352	0.17617305
4353	0.16944559
4354	0.19407092
4355	0.16429560
4356	0.20938318
4357	0.15053074
4358	0.17259177
4359	0.15042156
4360	0.15317682
4361	0.16349114
4362	0.14257058
4363	0.18735907
4364	0.13694488
4365	0.15582265
4366	0.19068494
4367	0.16074261
4368	0.14600875
4369	0.15932381
4370	0.17248004
4371	0.15385406
4372	0.16229556
4373	0.16375092
4374	0.16477735
4375	0.16145163
4376	0.15951339
4377	0.16637345
4378	0.13794869
4379	0.12084413
4380	0.15609917
4381	0.17515194
4382	0.20025054
4383	0.20768401
4384	0.12615680
4385	0.16649714
4386	0.14909791
4387	0.15437844
4388	0.17413937
4389	0.14154659
4390	0.16657256
4391	0.19111019
4392	0.17333978
4393	0.17480648
4394	0.15554715
4395	0.16822282
4396	0.11378338
4397	0.16987015
4398	0.18043583
4399	0.17972405
4400	0.18401317
4401	0.21186452
4402	0.15789479
4403	0.13606894
4404	0.11942298
4405	0.11269119
4406	0.16577933
4407	0.17357645
4408	0.14366881
4409	0.12700312
4410	0.17815048
4411	0.12762602
4412	0.14222334
4413	0.14203801
4414	0.12021860
4415	0.14271631
4416	0.17282120
4417	0.14230318
4418	0.14105414
4419	0.13526140
4420	0.15201317
4421	0.15890890
4422	0.11130257
4423	0.21805070
4424	0.16660320
4425	0.14568944
4426	0.17579737
4427	0.15059765
4428	0.13517050
4429	0.19255060
4430	0.16131149
4431	0.15137187
4432	0.13702736
4433	0.16372498
4434	0.17073337
4435	0.22721872
4436	0.18754136
4437	0.13686707
4438	0.17683676
4439	0.17023510
4440	0.18121354
4441	0.16210630
4442	0.15290444
4443	0.20177613
4444	0.21262845
4445	0.15889552
4446	0.13413795
4447	0.13113175
4448	0.15101042
4449	0.16823976
4450	0.15953844
4451	0.16549803
4452	0.13326456
4453	0.17839903
4454	0.13629755
4455	0.15818282
4456	0.11823720
4457	0.14568357
4458	0.15364174
4459	0.15297135
4460	0.17636032
4461	0.14236093
4462	0.16250172
4463	0.16928462
4464	0.13389082
4465	0.15112146
4466	0.18037427
4467	0.14073431
4468	0.13048466
4469	0.16347570
4470	0.19090363
4471	0.18264855
4472	0.16030298
4473	0.14606188
4474	0.17042095
4475	0.17317345
4476	0.17904049
4477	0.15504251
4478	0.14749354
4479	0.18142521
4480	0.15666468
4481	0.15234881
4482	0.15926034
4483	0.16306480
4484	0.13992567
4485	0.13098841
4486	0.11006809
4487	0.14080948
4488	0.14948616
4489	0.15869832
4490	0.13998338
4491	0.17207664
4492	0.18466979
4493	0.19274671
4494	0.21395631
4495	0.11512170
4496	0.16868685
4497	0.14269613
4498	0.14693504
4499	0.16207287
4500	0.16684507
4501	0.12403939
4502	0.16414707
4503	0.13373759
4504	0.13802160
4505	0.17073816
4506	0.12370120
4507	0.13375959
4508	0.20192182
4509	0.15089398
4510	0.15761937
4511	0.12465957
4512	0.18207226
4513	0.12429487
4514	0.13107647
4515	0.13694598
4516	0.14339878
4517	0.12801856
4518	0.14422124
4519	0.15070452
4520	0.13142881
4521	0.14063708
4522	0.17067141
4523	0.14707506
4524	0.16968871
4525	0.13177378
4526	0.15484896
4527	0.10907279
4528	0.14221447
4529	0.13198938
4530	0.15871664
4531	0.16117317
4532	0.12496738
4533	0.19120507
4534	0.18149139
4535	0.16935133
4536	0.20273005
4537	0.19223631
4538	0.16751169
4539	0.16176146
4540	0.16074055
4541	0.17219720
4542	0.18292118
4543	0.14031566
4544	0.17219242
4545	0.16829337
4546	0.13578014
4547	0.16768997
4548	0.14956693
4549	0.16838164
4550	0.14228478
4551	0.17926529
4552	0.14241127
4553	0.14566549
4554	0.15659011
4555	0.14490201
4556	0.17459137
4557	0.20346833
4558	0.17123469
4559	0.11351060
4560	0.15561127
4561	0.17792580
4562	0.11586642
4563	0.16202618
4564	0.20365613
4565	0.15519574
4566	0.17052126
4567	0.20503595
4568	0.13353848
4569	0.14773759
4570	0.17503339
4571	0.15654180
4572	0.13813191
4573	0.18332361
4574	0.13522091
4575	0.14697094
4576	0.17316539
4577	0.18379931
4578	0.17365828
4579	0.13294087
4580	0.14482569
4581	0.18645504
4582	0.19235943
4583	0.15102083
4584	0.16557572
4585	0.13248340
4586	0.16926355
4587	0.14421641
4588	0.14829139
4589	0.15514780
4590	0.18377868
4591	0.22083177
4592	0.13538107
4593	0.16160077
4594	0.17926075
4595	0.16155258
4596	0.11622160
4597	0.19263250
4598	0.13140580
4599	0.18235198
4600	0.13068766
4601	0.16023035
4602	0.17312389
4603	0.14092369
4604	0.14683352
4605	0.16574270
4606	0.13873196
4607	0.15890484
4608	0.20213848
4609	0.17683834
4610	0.15370055
4611	0.10389625
4612	0.16660729
4613	0.12158930
4614	0.19882387
4615	0.13083080
4616	0.17076815
4617	0.16485256
4618	0.15853090
4619	0.18946172
4620	0.13199392
4621	0.16984774
4622	0.15867368
4623	0.18000802
4624	0.15511676
4625	0.11115023
4626	0.13693678
4627	0.13380989
4628	0.17649585
4629	0.16940036
4630	0.19350326
4631	0.13185686
4632	0.14599449
4633	0.16514659
4634	0.12522841
4635	0.15726634
4636	0.14356182
4637	0.17374010
4638	0.12928563
4639	0.15841605
4640	0.20026484
4641	0.13933042
4642	0.09918877
4643	0.10646067
4644	0.16397812
4645	0.19755935
4646	0.15618237
4647	0.13000450
4648	0.14301094
4649	0.16606201
4650	0.14150938
4651	0.18746804
4652	0.15389074
4653	0.17251595
4654	0.14496036
4655	0.19362359
4656	0.14749978
4657	0.16756421
4658	0.15830926
4659	0.13719660
4660	0.17172628
4661	0.13766383
4662	0.13661941
4663	0.12091814
4664	0.15079153
4665	0.13609674
4666	0.11404944
4667	0.16800855
4668	0.16964750
4669	0.11109645
4670	0.15743088
4671	0.15309820
4672	0.16673743
4673	0.14442687
4674	0.16408142
4675	0.16352203
4676	0.18908571
4677	0.18457568
4678	0.15796150
4679	0.14519542
4680	0.13722906
4681	0.13987453
4682	0.16153726
4683	0.17959493
4684	0.12789917
4685	0.13353978
4686	0.19144665
4687	0.16290606
4688	0.10994342
4689	0.19467518
4690	0.17009232
4691	0.13893889
4692	0.15370736
4693	0.15127275
4694	0.17264580
4695	0.16240580
4696	0.16222565
4697	0.11542553
4698	0.15329824
4699	0.12529921
4700	0.13332871
4701	0.15831700
4702	0.13348973
4703	0.13112754
4704	0.12567887
4705	0.12692640
4706	0.16600077
4707	0.17380251
4708	0.15694918
4709	0.21668701
4710	0.18712320
4711	0.19868426
4712	0.17306006
4713	0.18341431
4714	0.13492434
4715	0.15116717
4716	0.14147125
4717	0.17822545
4718	0.13431177
4719	0.15141431
4720	0.17180888
4721	0.20414557
4722	0.15120004
4723	0.18067931
4724	0.12493443
4725	0.19474387
4726	0.15209730
4727	0.17333779
4728	0.18021828
4729	0.17842371
4730	0.16316892
4731	0.15424940
4732	0.14851502
4733	0.16015238
4734	0.15502261
4735	0.14328122
4736	0.15288178
4737	0.16883003
4738	0.16661313
4739	0.15108685
4740	0.14269277
4741	0.15223429
4742	0.11543425
4743	0.14434217
4744	0.17867992
4745	0.18634330
4746	0.14536166
4747	0.15557795
4748	0.11593147
4749	0.15992677
4750	0.15306326
4751	0.18716057
4752	0.17887121
4753	0.16393593
4754	0.14340421
4755	0.11508863
4756	0.14266075
4757	0.16100632
4758	0.15056965
4759	0.17985872
4760	0.14072977
4761	0.16785597
4762	0.13506087
4763	0.15134999
4764	0.15278727
4765	0.12322237
4766	0.16183100
4767	0.18541277
4768	0.11427453
4769	0.20811299
4770	0.18923226
4771	0.16117354
4772	0.15106861
4773	0.13017953
4774	0.15839011
4775	0.18551506
4776	0.18271903
4777	0.13975104
4778	0.15462245
4779	0.14639181
4780	0.13521487
4781	0.17435056
4782	0.11755826
4783	0.16861119
4784	0.15887027
4785	0.16340592
4786	0.17514298
4787	0.15489062
4788	0.14591870
4789	0.17277106
4790	0.14655027
4791	0.21753082
4792	0.12347011
4793	0.15198784
4794	0.15539899
4795	0.16220896
4796	0.15805333
4797	0.15194290
4798	0.13884195
4799	0.13291007
4800	0.15167218
4801	0.17250184
4802	0.12782817
4803	0.14441240
4804	0.17590545
4805	0.18199931
4806	0.13938598
4807	0.16694809
4808	0.12014719
4809	0.13319737
4810	0.14127206
4811	0.20367031
4812	0.14662241
4813	0.18983121
4814	0.15333204
4815	0.15500081
4816	0.16652296
4817	0.16046359
4818	0.17390253
4819	0.14643181
4820	0.14855425
4821	0.16355453
4822	0.12989005
4823	0.17812705
4824	0.14571680
4825	0.18699121
4826	0.18022638
4827	0.16083076
4828	0.17577293
4829	0.13436936
4830	0.12282565
4831	0.13303064
4832	0.16459121
4833	0.15758359
4834	0.14724332
4835	0.14286537
4836	0.15416199
4837	0.16370703
4838	0.12197730
4839	0.19930306
4840	0.13314095
4841	0.15192000
4842	0.13546411
4843	0.11452462
4844	0.20564182
4845	0.19041390
4846	0.13907664
4847	0.13703862
4848	0.12681487
4849	0.12616377
4850	0.15708276
4851	0.13072028
4852	0.14557483
4853	0.17325864
4854	0.18380632
4855	0.13550971
4856	0.14723169
4857	0.17651566
4858	0.12184766
4859	0.12166699
4860	0.16089597
4861	0.10025840
4862	0.15290310
4863	0.15388515
4864	0.16819534
4865	0.14482055
4866	0.17426237
4867	0.13515019
4868	0.13986999
4869	0.12521629
4870	0.12142253
4871	0.14522849
4872	0.18572523
4873	0.15273795
4874	0.17115497
4875	0.14289512
4876	0.14561163
4877	0.18620948
4878	0.12294018
4879	0.12524235
4880	0.15970193
4881	0.14632158
4882	0.16896105
4883	0.12534780
4884	0.17143862
4885	0.16664454
4886	0.15552085
4887	0.15355368
4888	0.15312985
4889	0.18140320
4890	0.16925232
4891	0.16864057
4892	0.15575668
4893	0.16403420
4894	0.16543084
4895	0.12228790
4896	0.16142837
4897	0.11880195
4898	0.16944762
4899	0.11765159
4900	0.16548705
4901	0.14875988
4902	0.18510748
4903	0.16629860
4904	0.18202727
4905	0.16122460
4906	0.15901585
4907	0.10320000
4908	0.18942006
4909	0.17925645
4910	0.15188831
4911	0.17242602
4912	0.19000989
4913	0.20227903
4914	0.14877751
4915	0.15551623
4916	0.11940122
4917	0.16939895
4918	0.16473856
4919	0.11374205
4920	0.20306723
4921	0.14643854
4922	0.14614022
4923	0.18097852
4924	0.13510136
4925	0.14105127
4926	0.16943194
4927	0.15281799
4928	0.14714622
4929	0.14929649
4930	0.16917070
4931	0.16047587
4932	0.11929074
4933	0.11177147
4934	0.20101451
