0	0.68433602
1	0.67346869
2	0.68490620
3	0.67940384
4	0.68505127
5	0.66846670
6	0.68507649
7	0.68037326
8	0.66185733
9	0.68146473
10	0.68372328
11	0.68497843
12	0.68508937
13	0.65915129
14	0.68233113
15	0.64632867
16	0.53511738
17	0.67142127
18	0.64844716
19	0.68438951
20	0.67675333
21	0.68117150
22	0.68146014
23	0.66909092
24	0.67975021
25	0.55152122
26	0.63724246
27	0.68177119
28	0.61772977
29	0.67096506
30	0.63024557
31	0.67760810
32	0.63989794
33	0.59084806
34	0.60613262
35	0.57742187
36	0.67293515
37	0.67685520
38	0.61944897
39	0.67309810
40	0.67834888
41	0.67120801
42	0.67091482
43	0.63673541
44	0.65649190
45	0.64659607
46	0.57506504
47	0.67688934
48	0.60998354
49	0.62515852
50	0.49194869
51	0.64985337
52	0.64978436
53	0.67654115
54	0.55197525
55	0.63646716
56	0.61628991
57	0.55437707
58	0.65672098
59	0.64746984
60	0.53623002
61	0.44251749
62	0.64850817
63	0.64118846
64	0.54896899
65	0.65225309
66	0.43391721
67	0.59842494
68	0.64182059
69	0.53815935
70	0.58811052
71	0.51559450
72	0.58110283
73	0.50907131
74	0.64113058
75	0.50677970
76	0.65795466
77	0.43441363
78	0.65795696
79	0.61455860
80	0.49942806
81	0.51458803
82	0.54378548
83	0.55165054
84	0.47848339
85	0.51516745
86	0.52433038
87	0.61445305
88	0.64714538
89	0.47472592
90	0.42255827
91	0.47501335
92	0.56976756
93	0.56872037
94	0.58113159
95	0.61733555
96	0.52530644
97	0.50755759
98	0.61679319
99	0.58776164
100	0.63638983
101	0.52458297
102	0.54437810
103	0.46468164
104	0.43861180
105	0.50672239
106	0.51598229
107	0.61841691
108	0.51873557
109	0.60116028
110	0.50029677
111	0.61200393
112	0.41136726
113	0.52564365
114	0.48862038
115	0.47298740
116	0.49375311
117	0.60990428
118	0.65292595
119	0.55342499
120	0.52519529
121	0.45830972
122	0.47042473
123	0.55156169
124	0.44456543
125	0.46248969
126	0.64861127
127	0.67048204
128	0.51288538
129	0.54208487
130	0.42886117
131	0.54619424
132	0.56625623
133	0.49750867
134	0.48600480
135	0.52349075
136	0.53748297
137	0.53400187
138	0.55438597
139	0.63834321
140	0.39348382
141	0.57769360
142	0.47814976
143	0.59605684
144	0.50055330
145	0.55148291
146	0.47538983
147	0.56831768
148	0.60519284
149	0.52116888
150	0.43397546
151	0.57861080
152	0.60875485
153	0.51695695
154	0.62875979
155	0.47876527
156	0.39386614
157	0.52433311
158	0.58603003
159	0.55274251
160	0.46968264
161	0.53899155
162	0.60355970
163	0.43872574
164	0.53872656
165	0.56094604
166	0.48967874
167	0.45360487
168	0.53374335
169	0.53122387
170	0.55480583
171	0.48754963
172	0.53094490
173	0.41683454
174	0.55237553
175	0.41834562
176	0.48694871
177	0.48591030
178	0.37032314
179	0.53479005
180	0.41266728
181	0.55026428
182	0.46640702
183	0.52880234
184	0.39945780
185	0.57630813
186	0.45673981
187	0.50391984
188	0.43570380
189	0.44647543
190	0.55518494
191	0.55871606
192	0.54227316
193	0.54392073
194	0.46303211
195	0.40151824
196	0.48953771
197	0.48673010
198	0.56008520
199	0.46939901
200	0.39865836
201	0.49789564
202	0.53209421
203	0.42871524
204	0.39634597
205	0.39292642
206	0.55003726
207	0.41216293
208	0.49056991
209	0.55733284
210	0.53556855
211	0.53149365
212	0.47632138
213	0.50694073
214	0.47576579
215	0.45590921
216	0.43554133
217	0.51931192
218	0.49365623
219	0.42778035
220	0.45711565
221	0.42760750
222	0.40517161
223	0.45111503
224	0.47843208
225	0.52945548
226	0.47618831
227	0.40309002
228	0.46984092
229	0.44001058
230	0.41013473
231	0.53407462
232	0.54414061
233	0.44534639
234	0.40701407
235	0.42237921
236	0.40830101
237	0.44281103
238	0.45550475
239	0.41613663
240	0.48116150
241	0.51168904
242	0.47643611
243	0.52733312
244	0.44036086
245	0.54421080
246	0.44524473
247	0.52763344
248	0.42077756
249	0.44970548
250	0.42182632
251	0.46595340
252	0.58802208
253	0.50084082
254	0.45981222
255	0.37935455
256	0.49685894
257	0.42495567
258	0.47433726
259	0.48172733
260	0.43845871
261	0.50980169
262	0.47214716
263	0.51858639
264	0.40607017
265	0.42925422
266	0.36075145
267	0.45022012
268	0.54039560
269	0.36674700
270	0.46282204
271	0.56149827
272	0.38665534
273	0.39389918
274	0.49453595
275	0.44322471
276	0.50607188
277	0.39379124
278	0.48863422
279	0.54880290
280	0.54959581
281	0.42387503
282	0.40065557
283	0.47121904
284	0.45544707
285	0.43271356
286	0.41568360
287	0.43485403
288	0.56728435
289	0.39099768
290	0.51665686
291	0.41146691
292	0.36096225
293	0.37332778
294	0.46537848
295	0.45924949
296	0.40297616
297	0.43658716
298	0.43022461
299	0.52733914
300	0.47282487
301	0.48661124
302	0.45916119
303	0.43630979
304	0.47484019
305	0.37996290
306	0.46082005
307	0.42119002
308	0.53357387
309	0.43317176
310	0.45509838
311	0.41360518
312	0.56423476
313	0.38473391
314	0.54200407
315	0.40436190
316	0.45695901
317	0.47235857
318	0.47137986
319	0.40362532
320	0.48673529
321	0.43259075
322	0.47174717
323	0.51665237
324	0.39442647
325	0.54618778
326	0.49458745
327	0.45344646
328	0.42689253
329	0.42196703
330	0.41381037
331	0.44718222
332	0.41969709
333	0.45291333
334	0.44377070
335	0.46321169
336	0.48460588
337	0.36910977
338	0.43410405
339	0.42743857
340	0.41134215
341	0.48253389
342	0.42213175
343	0.37689110
344	0.42063482
345	0.43529607
346	0.42786297
347	0.50595564
348	0.44181316
349	0.37899398
350	0.36439969
351	0.50812276
352	0.45932330
353	0.43834452
354	0.42935962
355	0.34271696
356	0.40176487
357	0.38554976
358	0.45089054
359	0.44953318
360	0.33930037
361	0.39148215
362	0.47689290
363	0.40822541
364	0.39444817
365	0.44500515
366	0.50190827
367	0.41969017
368	0.34978866
369	0.41223421
370	0.43439051
371	0.34962501
372	0.46204246
373	0.47631799
374	0.44767201
375	0.45203792
376	0.45542117
377	0.40238969
378	0.37867887
379	0.45594604
380	0.38942787
381	0.43913510
382	0.43922724
383	0.40924581
384	0.49759754
385	0.44166003
386	0.44190834
387	0.57035792
388	0.41773634
389	0.48157295
390	0.37240518
391	0.44885105
392	0.41377668
393	0.48101518
394	0.41322496
395	0.42646171
396	0.34109258
397	0.40382914
398	0.36011956
399	0.43503590
400	0.42223152
401	0.35703747
402	0.38153642
403	0.42804370
404	0.46462832
405	0.43400051
406	0.39564360
407	0.41186901
408	0.33640576
409	0.44549204
410	0.37852839
411	0.38373372
412	0.39487087
413	0.41072265
414	0.38090773
415	0.42592106
416	0.40367632
417	0.44050387
418	0.39738136
419	0.38201906
420	0.37251267
421	0.40336635
422	0.37516640
423	0.39843857
424	0.46180253
425	0.49050873
426	0.42617916
427	0.40334771
428	0.39404234
429	0.36812182
430	0.38882560
431	0.41187574
432	0.37915846
433	0.41249398
434	0.41509290
435	0.31942768
436	0.42010262
437	0.37504960
438	0.42431185
439	0.47841483
440	0.48414422
441	0.39568028
442	0.39179164
443	0.44461161
444	0.42267517
445	0.38372276
446	0.38260665
447	0.35244143
448	0.44290147
449	0.37092134
450	0.36817969
451	0.38767136
452	0.45105866
453	0.38962569
454	0.41418635
455	0.43391353
456	0.39363229
457	0.36385323
458	0.38285124
459	0.40355173
460	0.32259911
461	0.35730284
462	0.30505328
463	0.41088881
464	0.38092747
465	0.30246911
466	0.35301003
467	0.40825665
468	0.39232834
469	0.42364794
470	0.37408902
471	0.40220119
472	0.41500005
473	0.38106548
474	0.36783688
475	0.39441433
476	0.46732286
477	0.35901318
478	0.39883841
479	0.39872251
480	0.43215709
481	0.38037743
482	0.35207145
483	0.38561145
484	0.42256531
485	0.37617126
486	0.38413300
487	0.34580803
488	0.39817134
489	0.30843525
490	0.36071321
491	0.34434473
492	0.37997473
493	0.41982154
494	0.43359033
495	0.37555846
496	0.33717098
497	0.31990508
498	0.36641241
499	0.40855396
500	0.39996517
501	0.33998258
502	0.35194613
503	0.39812190
504	0.38485475
505	0.39553853
506	0.39535618
507	0.41144693
508	0.35876223
509	0.37686775
510	0.32272585
511	0.40627124
512	0.35967813
513	0.37914836
514	0.41425728
515	0.44351105
516	0.39725974
517	0.35928761
518	0.34816366
519	0.33096579
520	0.40500150
521	0.43677065
522	0.36505065
523	0.30521021
524	0.36190843
525	0.45678548
526	0.41609613
527	0.35824962
528	0.43329728
529	0.38536600
530	0.37932716
531	0.38813991
532	0.33503780
533	0.44225414
534	0.39687728
535	0.42624560
536	0.37146489
537	0.32754935
538	0.37329360
539	0.42141639
540	0.32182281
541	0.41744380
542	0.34993360
543	0.31770469
544	0.36654824
545	0.37025003
546	0.39979452
547	0.38521049
548	0.37596949
549	0.36002831
550	0.33123112
551	0.39186813
552	0.38688731
553	0.47404956
554	0.39568976
555	0.38638173
556	0.44038286
557	0.38035700
558	0.35064532
559	0.40071668
560	0.37437569
561	0.40369284
562	0.35865180
563	0.35096513
564	0.43367557
565	0.38693782
566	0.35381696
567	0.37978073
568	0.35441972
569	0.39098091
570	0.38493946
571	0.36636742
572	0.36814606
