0	0.61151326
1	0.61061853
2	0.60976110
3	0.51103699
4	0.61123170
5	0.61137762
6	0.58016860
7	0.60448951
8	0.60670343
9	0.56406359
10	0.59399860
11	0.59702156
12	0.53382305
13	0.60740881
14	0.60626079
15	0.57953331
16	0.50731263
17	0.58215061
18	0.59181993
19	0.58494266
20	0.55580536
21	0.57164865
22	0.52261249
23	0.57201916
24	0.59624834
25	0.54719217
26	0.55844305
27	0.57739168
28	0.58018634
29	0.57811415
30	0.44489247
31	0.60008326
32	0.44658189
33	0.59110009
34	0.57652385
35	0.54803343
36	0.59403506
37	0.52285601
38	0.35713210
39	0.49782445
40	0.47097883
41	0.52919380
42	0.56947895
43	0.58142026
44	0.45186769
45	0.49427469
46	0.42609142
47	0.43079657
48	0.41681455
49	0.54703848
50	0.53295786
51	0.47676387
52	0.45727103
53	0.45988471
54	0.51430783
55	0.47850364
56	0.41697117
57	0.40310867
58	0.57201261
59	0.45093886
60	0.42860063
61	0.39520902
62	0.34320928
63	0.54017016
64	0.44388124
65	0.34083650
66	0.47932096
67	0.39972338
68	0.44854566
69	0.52274580
70	0.37983420
71	0.41370427
72	0.42734023
73	0.51669012
74	0.49867993
75	0.54505317
76	0.51394121
77	0.42628005
78	0.43232725
79	0.48630851
80	0.43585273
81	0.45071697
82	0.34182716
83	0.44597084
84	0.43637559
85	0.46237212
86	0.42185256
87	0.47964075
88	0.42955156
89	0.44705688
90	0.34277900
91	0.38230161
92	0.34857562
93	0.44178874
94	0.40858343
95	0.42813044
96	0.37908319
97	0.42735042
98	0.43399921
99	0.44011998
100	0.57123522
101	0.30639667
102	0.49753991
103	0.37657681
104	0.48521883
105	0.44097044
106	0.29671228
107	0.46194730
108	0.51205028
109	0.42399228
110	0.38724049
111	0.45716804
112	0.42014851
113	0.35407727
114	0.42360242
115	0.52166112
116	0.39389473
117	0.43327779
118	0.37658480
119	0.43819214
120	0.35203086
121	0.43118939
122	0.34368921
123	0.39053291
124	0.41609380
125	0.46203021
126	0.52001895
127	0.40800051
128	0.46603415
129	0.40170040
130	0.37395389
131	0.31355021
132	0.28217210
133	0.32808855
134	0.36624497
135	0.39123163
136	0.35966942
137	0.34832576
138	0.47233217
139	0.33603583
140	0.38831807
141	0.34128217
142	0.35787221
143	0.38571203
144	0.42624918
145	0.43255641
146	0.40907413
147	0.33398497
148	0.42306354
149	0.33178438
150	0.40469671
151	0.35343671
152	0.43690107
153	0.30450317
154	0.36244182
155	0.34367587
156	0.40362662
157	0.37084142
158	0.34543086
159	0.43460944
160	0.34985399
161	0.44261786
162	0.43282848
163	0.35500520
164	0.38905333
165	0.36787786
166	0.40318228
167	0.33686373
168	0.36401643
169	0.38573368
170	0.38802830
171	0.30580473
172	0.35093350
173	0.41559737
174	0.39606047
175	0.46295573
176	0.32005282
177	0.33134629
178	0.36081084
179	0.36658000
180	0.39925762
181	0.35213298
182	0.35476972
183	0.40289163
184	0.39804233
185	0.35614009
186	0.37004779
187	0.41515310
188	0.41787117
189	0.34643925
190	0.35987538
191	0.36795140
192	0.33252918
193	0.37798608
194	0.40794557
195	0.35924030
196	0.37671476
197	0.41598156
198	0.33526697
199	0.37925578
200	0.32366466
201	0.35958960
202	0.35988462
203	0.35411988
204	0.42774897
205	0.30640702
206	0.29528387
207	0.32941772
208	0.35925364
209	0.34134205
210	0.38329322
211	0.41249858
212	0.30512413
213	0.38970110
214	0.33861427
215	0.34825410
216	0.37925231
217	0.33421019
218	0.35040648
219	0.38392779
220	0.30467319
221	0.33920506
222	0.31036503
223	0.37679730
224	0.33073984
225	0.36308387
226	0.35120196
227	0.30670793
228	0.36816909
229	0.33093569
230	0.33379469
231	0.39493832
232	0.31205042
233	0.27199086
234	0.37896646
235	0.32608793
236	0.36243681
237	0.40260380
238	0.37686963
239	0.34305079
240	0.36135695
241	0.42739583
242	0.34511566
243	0.26213121
244	0.32270606
245	0.32279939
246	0.33107669
247	0.27484179
248	0.36044960
249	0.34357632
250	0.40730305
251	0.29720949
252	0.32707769
253	0.31247280
254	0.36527030
255	0.35576056
256	0.28320846
257	0.29881221
258	0.39217485
259	0.24746224
260	0.36459464
261	0.34601816
262	0.29754133
263	0.36911669
264	0.28311089
265	0.33885138
266	0.41147343
267	0.32128247
268	0.30035739
269	0.32521634
270	0.34157876
271	0.37242795
272	0.34468261
273	0.31970816
274	0.31245186
275	0.28988846
276	0.35026375
277	0.33803261
278	0.37502347
279	0.28428450
280	0.34742900
281	0.24948012
282	0.26608618
283	0.29284282
284	0.33340434
285	0.31075800
286	0.25128280
287	0.29138191
288	0.30045608
289	0.34852128
290	0.34786401
291	0.33289065
292	0.25541186
293	0.31586480
294	0.33363879
295	0.32045879
296	0.29369653
297	0.34991026
298	0.32643981
299	0.30764406
300	0.29832387
301	0.28199077
302	0.28757499
303	0.27791855
304	0.34830473
305	0.26620704
306	0.29406935
307	0.33721149
308	0.36192007
309	0.34970648
310	0.30762415
311	0.31639655
312	0.32338387
313	0.29923608
314	0.33360200
315	0.33803802
316	0.25661117
317	0.34880531
318	0.36011338
319	0.38076056
320	0.33709907
321	0.29864056
322	0.27199366
323	0.32871263
324	0.29021268
325	0.33414618
326	0.34075261
327	0.30134329
328	0.32298536
329	0.33617510
330	0.23227949
331	0.28375744
332	0.27329331
333	0.33464790
334	0.27668534
335	0.32160014
336	0.27203571
337	0.30141058
338	0.33773186
339	0.30788972
340	0.29377984
341	0.31028186
342	0.28586469
343	0.32776228
344	0.34580256
345	0.33478380
346	0.32083758
347	0.29975552
348	0.34195965
349	0.29807357
350	0.31325746
351	0.35384452
352	0.25560182
353	0.34745401
354	0.34657154
355	0.31819657
356	0.42684604
357	0.30911415
358	0.27013566
359	0.29524441
360	0.28414853
361	0.24021098
362	0.26810995
363	0.33811012
364	0.33829042
365	0.30940417
366	0.28484790
367	0.29139557
368	0.32150790
369	0.28473466
370	0.27229580
371	0.31587608
372	0.24317788
373	0.28045487
374	0.33612599
375	0.27019524
376	0.30724119
377	0.33651301
378	0.34030515
379	0.30784881
380	0.32801571
381	0.34032543
382	0.27605166
383	0.33611224
384	0.33216434
385	0.21591336
386	0.29763641
387	0.28188921
388	0.33118646
389	0.36201242
390	0.29099016
391	0.24848121
392	0.28241494
393	0.35926471
394	0.30262611
395	0.30914911
396	0.30139110
397	0.26040779
398	0.23332249
399	0.34999128
400	0.26565242
401	0.31122084
402	0.29130548
403	0.33261711
404	0.30720690
405	0.30919233
406	0.31323284
407	0.28585329
408	0.32064503
409	0.27609254
410	0.32055103
411	0.32953203
412	0.30532981
413	0.27518543
414	0.29981343
415	0.29057618
416	0.30293070
417	0.33162874
418	0.30296702
419	0.35805294
420	0.30386832
421	0.30593802
422	0.28713238
423	0.28443499
424	0.33153075
425	0.28894995
426	0.27836228
427	0.28051942
428	0.27872662
