0	0.56993316
1	0.57732665
2	0.56365241
3	0.54414368
4	0.57743868
5	0.55781642
6	0.57712217
7	0.43565901
8	0.56538844
9	0.54066689
10	0.57187927
11	0.57062757
12	0.56857033
13	0.55337217
14	0.53780479
15	0.42247590
16	0.56242910
17	0.50336505
18	0.43033441
19	0.56942698
20	0.56275851
21	0.36485384
22	0.53977514
23	0.44397075
24	0.55784993
25	0.43889771
26	0.35637922
27	0.50892545
28	0.48803509
29	0.53594828
30	0.54741743
31	0.53070068
32	0.54408425
33	0.35806259
34	0.56208686
35	0.51057108
36	0.43208774
37	0.48828700
38	0.33197380
39	0.48829741
40	0.46781969
41	0.55844392
42	0.34920594
43	0.41737559
44	0.49092726
45	0.36487837
46	0.47021717
47	0.48800656
48	0.39827672
49	0.49876469
50	0.45683677
51	0.50838837
52	0.48559929
53	0.46258639
54	0.52391894
55	0.46443123
56	0.49694637
57	0.42066167
58	0.38683373
59	0.47858366
60	0.36801736
61	0.40961377
62	0.34259606
63	0.46317241
64	0.43562328
65	0.40434281
66	0.41580290
67	0.39899627
68	0.38409691
69	0.44609019
70	0.33256920
71	0.33780771
72	0.34942333
73	0.34272790
74	0.36275068
75	0.45292486
76	0.35131684
77	0.33277731
78	0.48690590
79	0.28912967
80	0.38572078
81	0.32973439
82	0.32586241
83	0.32154443
84	0.42975425
85	0.47362722
86	0.41090696
87	0.35778066
88	0.40854837
89	0.41548613
90	0.35504667
91	0.37984993
92	0.40877311
93	0.27998087
94	0.34161170
95	0.39729502
96	0.37494403
97	0.38247042
98	0.35482368
99	0.48287257
100	0.38528505
101	0.33676264
102	0.34932276
103	0.39214085
104	0.39476901
105	0.34584764
106	0.39960646
107	0.33455759
108	0.41184917
109	0.43237849
110	0.37754960
111	0.37629752
112	0.39607719
113	0.48504972
114	0.33754061
115	0.44443238
116	0.35464448
117	0.39381748
118	0.33861429
119	0.37457667
120	0.33470434
121	0.30629915
122	0.39163675
123	0.24889715
124	0.36507847
125	0.41672861
126	0.35372479
127	0.38001392
128	0.39909849
129	0.43770278
130	0.31526297
131	0.29524134
132	0.37147677
133	0.33411785
134	0.26421535
135	0.42578160
136	0.34301618
137	0.31901868
138	0.37547349
139	0.37639028
140	0.32587271
141	0.38295323
142	0.32422993
143	0.35461818
144	0.38030705
145	0.31365182
146	0.36349656
147	0.36717276
148	0.32989844
149	0.34636877
150	0.31024179
151	0.37692800
152	0.30032375
153	0.27776705
154	0.33131545
155	0.35589502
156	0.38524910
157	0.29978561
158	0.33871113
159	0.39795814
160	0.29926583
161	0.34092693
162	0.37578175
163	0.38520476
164	0.43427396
165	0.34047616
166	0.32986288
167	0.24115446
168	0.38178736
169	0.36225276
170	0.26798887
171	0.36351587
172	0.27173547
173	0.35620302
174	0.32962667
175	0.34304703
176	0.33893535
177	0.27570050
178	0.27543571
179	0.35452646
180	0.25263236
181	0.27225743
182	0.34537601
183	0.29370182
184	0.41546139
185	0.31273144
186	0.32027408
187	0.32054347
188	0.37251479
189	0.32912580
190	0.34900991
191	0.29398627
192	0.36246578
193	0.29418965
194	0.30176627
195	0.33510066
196	0.29932762
197	0.34499542
198	0.25344250
199	0.27204665
200	0.29270557
201	0.31930479
202	0.24364653
203	0.29923078
204	0.30446014
205	0.28644403
206	0.34160752
207	0.28046519
208	0.32697649
209	0.30340672
210	0.32765566
211	0.31216267
212	0.31861323
213	0.28132500
214	0.31447913
215	0.33558908
216	0.32592884
217	0.32143927
218	0.30083788
219	0.31726528
220	0.25459726
221	0.26792653
222	0.29120222
223	0.31715087
224	0.33317915
225	0.30497601
226	0.25819097
227	0.31719724
228	0.36578366
229	0.29038858
230	0.29823715
231	0.29219101
232	0.27681833
233	0.23064837
234	0.32821552
235	0.31730205
236	0.36963325
237	0.31508851
238	0.26422384
239	0.28724337
240	0.30837729
241	0.36007047
242	0.25547606
243	0.34297618
244	0.28097212
245	0.22406401
246	0.29738146
247	0.35144248
248	0.33200149
249	0.24433634
250	0.31832267
251	0.33809288
252	0.27936342
253	0.28817842
254	0.30618243
255	0.32413814
256	0.33341965
257	0.21615458
258	0.29622373
259	0.24754028
260	0.27364585
261	0.23579479
262	0.31384493
263	0.24226542
264	0.25661783
265	0.32396271
266	0.31438597
267	0.28508127
268	0.29549182
269	0.30787955
270	0.28556267
271	0.29842309
272	0.28263851
273	0.31138785
274	0.23663170
275	0.26184557
276	0.25738719
277	0.33311540
278	0.26344420
279	0.31457903
280	0.30464941
281	0.31784455
282	0.31340925
283	0.27718521
284	0.28246118
285	0.36534875
286	0.35680309
287	0.30530250
288	0.34428656
289	0.31451561
290	0.31096564
291	0.37962116
292	0.26081910
293	0.26924368
294	0.27710349
295	0.30734281
296	0.30579170
297	0.31476370
298	0.23631844
299	0.28025771
300	0.19720769
301	0.28400781
302	0.30408611
303	0.30072844
304	0.22829863
305	0.25950781
306	0.30107297
307	0.30639252
308	0.29139877
309	0.30989101
310	0.28136936
311	0.28046873
312	0.25337863
313	0.28996483
314	0.29227134
315	0.32779823
316	0.33147613
317	0.29915811
318	0.20844167
319	0.28487986
320	0.37371611
321	0.22060807
322	0.21261689
323	0.23969274
324	0.29292568
325	0.31632281
326	0.29540998
327	0.26684092
328	0.30735297
329	0.25088663
330	0.24180710
331	0.28227474
332	0.29207816
333	0.20523281
334	0.29355719
335	0.23049085
336	0.24656660
337	0.28280679
338	0.32597163
339	0.33370441
340	0.25866512
341	0.32828729
342	0.32752993
343	0.18848670
344	0.29561866
345	0.25644679
346	0.31348795
347	0.23936175
348	0.28341936
349	0.23036901
350	0.22480488
351	0.27423896
352	0.21513866
353	0.24200231
354	0.25177790
355	0.30702106
356	0.31331976
357	0.28491755
358	0.23364906
359	0.27666441
360	0.32615483
361	0.27848729
362	0.26984738
363	0.22516012
364	0.20434177
365	0.27287542
366	0.20071986
367	0.29109781
368	0.27569175
369	0.26603083
370	0.23219177
371	0.29347545
372	0.27806031
373	0.28260677
374	0.29610689
375	0.32305797
376	0.27923625
377	0.28158517
378	0.28634021
379	0.22707757
380	0.31709804
381	0.23812483
382	0.22680922
383	0.25092467
384	0.23555193
385	0.28788460
386	0.24665436
387	0.28035807
388	0.26758899
389	0.24880318
390	0.25645002
391	0.28266830
392	0.23735205
393	0.25066590
394	0.26912193
395	0.26773630
396	0.29906054
397	0.27855663
398	0.22012441
399	0.24078594
400	0.24662368
401	0.27271896
402	0.30717528
403	0.20497842
404	0.27516993
405	0.25101191
406	0.25824726
407	0.24265252
408	0.25946505
409	0.32905292
410	0.20471406
411	0.25072233
412	0.23956210
413	0.26738767
414	0.19653604
415	0.29037380
416	0.22030889
417	0.29350066
418	0.23082012
419	0.32773974
420	0.29434264
421	0.30178627
422	0.25701002
423	0.25333165
