0	0.57636299
1	0.56836952
2	0.57609741
3	0.34202261
4	0.57664943
5	0.56064178
6	0.57633207
7	0.50910002
8	0.56635589
9	0.53974128
10	0.57587323
11	0.56434338
12	0.57573683
13	0.54718376
14	0.52765050
15	0.50148923
16	0.55869769
17	0.55522321
18	0.56736965
19	0.57110057
20	0.42086622
21	0.50225193
22	0.42688086
23	0.52838721
24	0.54191055
25	0.54406956
26	0.55254982
27	0.43523297
28	0.45470958
29	0.55985824
30	0.55765580
31	0.51203037
32	0.43493327
33	0.50089723
34	0.49994897
35	0.51206457
36	0.48821134
37	0.55946466
38	0.45262739
39	0.52262681
40	0.53478338
41	0.55367468
42	0.42155694
43	0.48280870
44	0.41677664
45	0.46562851
46	0.51235396
47	0.44453585
48	0.38990464
49	0.55007431
50	0.47774185
51	0.49053479
52	0.41903393
53	0.47905187
54	0.46844150
55	0.51955653
56	0.40107664
57	0.36957965
58	0.37504958
59	0.43272965
60	0.52706554
61	0.34768710
62	0.41178730
63	0.51952064
64	0.38396591
65	0.48725090
66	0.32748850
67	0.46161796
68	0.39824547
69	0.39427385
70	0.44076132
71	0.46373939
72	0.29994785
73	0.50342284
74	0.36565215
75	0.44774446
76	0.45133668
77	0.44132721
78	0.47891202
79	0.49870138
80	0.38854850
81	0.41976868
82	0.30689994
83	0.52577095
84	0.46313538
85	0.35512763
86	0.43779604
87	0.38454422
88	0.41923110
89	0.48411374
90	0.47411822
91	0.35184571
92	0.42253374
93	0.38421699
94	0.46503547
95	0.37896758
96	0.34013793
97	0.51388114
98	0.37144099
99	0.32077494
100	0.28794369
101	0.39265106
102	0.35148853
103	0.39098653
104	0.44099235
105	0.49307969
106	0.35758191
107	0.40155870
108	0.43368879
109	0.41767350
110	0.47486653
111	0.33193217
112	0.38311358
113	0.39148705
114	0.30849007
115	0.32159242
116	0.38506739
117	0.38359525
118	0.35386235
119	0.44475224
120	0.39987976
121	0.33546371
122	0.44693481
123	0.35939343
124	0.30347899
125	0.32676727
126	0.31299127
127	0.39098613
128	0.32924365
129	0.38002363
130	0.34868317
131	0.33393938
132	0.42693550
133	0.33070492
134	0.38464024
135	0.30574661
136	0.43710701
137	0.37163949
138	0.36073215
139	0.43278299
140	0.34111829
141	0.35004569
142	0.38204451
143	0.43205209
144	0.42465479
145	0.40632290
146	0.40296613
147	0.36727917
148	0.30064174
149	0.30393147
150	0.44785662
151	0.32759250
152	0.30314796
153	0.38453813
154	0.38068294
155	0.31203650
156	0.28621648
157	0.37860609
158	0.29088250
159	0.32129161
160	0.40290149
161	0.34537240
162	0.28885730
163	0.36017086
164	0.30847804
165	0.30099739
166	0.29626708
167	0.32314187
168	0.33244400
169	0.30938422
170	0.34815609
171	0.27217899
172	0.29145659
173	0.36147800
174	0.33919794
175	0.32670727
176	0.37310609
177	0.30880182
178	0.32272754
179	0.45948888
180	0.28747138
181	0.36000428
182	0.32416514
183	0.42671923
184	0.36753580
185	0.40260239
186	0.34315848
187	0.45072804
188	0.45414505
189	0.32385576
190	0.30632594
191	0.34279798
192	0.32302958
193	0.33856615
194	0.32857765
195	0.29145565
196	0.29263558
197	0.29887442
198	0.32988648
199	0.30780213
200	0.40379804
201	0.37247406
202	0.29711921
203	0.44832439
204	0.24753112
205	0.27145769
206	0.34247532
207	0.21966580
208	0.34815385
209	0.40629138
210	0.37184286
211	0.28974539
212	0.29864261
213	0.33825633
214	0.33505242
215	0.30007316
216	0.37056657
217	0.37023635
218	0.24645840
219	0.32298750
220	0.31242059
221	0.40200728
222	0.38293105
223	0.32068615
224	0.40924494
225	0.36228965
226	0.28130224
227	0.29831873
228	0.31560831
229	0.32723833
230	0.30056046
231	0.29080095
232	0.31806972
233	0.35443582
234	0.35733831
235	0.28008571
236	0.30864594
237	0.28069437
238	0.31343097
239	0.42319398
240	0.30960442
241	0.32285125
242	0.32090138
243	0.34781371
244	0.30360734
245	0.43488354
246	0.32997809
247	0.38304286
248	0.29396488
249	0.32023506
250	0.30647695
251	0.34455046
252	0.27234332
253	0.30290015
254	0.28950528
255	0.26878648
256	0.33708501
257	0.26185914
258	0.26093739
259	0.26907297
260	0.31735565
261	0.29744176
262	0.25320156
263	0.35039251
264	0.30063642
265	0.27477429
266	0.25733710
267	0.26696688
268	0.34277450
269	0.28792734
270	0.38886185
271	0.27250501
272	0.26503780
273	0.34649782
274	0.32463519
275	0.32550881
276	0.30714701
277	0.34023538
278	0.24508921
279	0.33430110
280	0.31466602
281	0.31687798
282	0.29815316
283	0.37512270
284	0.35443543
285	0.32449883
286	0.32871440
287	0.24410807
288	0.31810429
289	0.38498778
290	0.22138510
291	0.32480949
292	0.29959850
293	0.27337617
294	0.25752536
295	0.26120741
296	0.25025899
297	0.30408073
298	0.29044950
299	0.33905806
300	0.29839332
301	0.32802778
302	0.35421606
303	0.33933558
304	0.34113925
305	0.38437561
306	0.32950787
307	0.30574191
308	0.27034631
309	0.29509879
310	0.32499294
311	0.27382081
312	0.34678609
313	0.34399943
314	0.30514561
315	0.36112985
316	0.22123617
317	0.34652739
318	0.28327728
319	0.27225095
320	0.23965479
321	0.29000983
322	0.31484066
323	0.32913343
324	0.33749714
325	0.31375301
326	0.30018319
327	0.38993382
328	0.28209822
329	0.28191191
330	0.31213178
331	0.25665319
332	0.24423094
333	0.30914646
334	0.30311341
335	0.30577818
336	0.31702472
337	0.27973396
338	0.25694220
339	0.37108081
340	0.34718716
341	0.28230284
342	0.28594358
343	0.38095585
344	0.28754712
345	0.27210350
346	0.27091780
347	0.26615607
348	0.28198501
349	0.19686824
350	0.37131057
351	0.26819541
352	0.26666624
353	0.22454706
354	0.30223015
355	0.23061782
356	0.26427152
357	0.35721488
358	0.32984020
359	0.26708116
360	0.24500198
361	0.24636572
362	0.26698141
363	0.35679629
364	0.26509128
365	0.32733556
366	0.28435806
367	0.26978611
368	0.33261571
369	0.28311134
370	0.32556255
371	0.30832090
372	0.23973055
373	0.25219712
374	0.29236938
375	0.28127532
376	0.26182279
377	0.30328857
378	0.23733426
379	0.29020281
380	0.28239295
381	0.38973851
382	0.29768228
383	0.24847760
384	0.33955695
385	0.25178583
386	0.28127826
387	0.33057406
388	0.24744539
389	0.25655092
390	0.28690321
391	0.32263708
392	0.32025730
393	0.21027892
394	0.28320802
395	0.26810765
396	0.25668558
397	0.28361132
398	0.27931283
399	0.23753989
400	0.26043807
401	0.24560710
402	0.20431250
403	0.27692899
404	0.30406661
405	0.27059400
406	0.30591565
407	0.30183945
408	0.30962727
409	0.30652495
410	0.28567587
411	0.26423706
412	0.27305451
413	0.37136648
414	0.26337851
415	0.20090813
416	0.23829750
417	0.27093420
418	0.25263908
419	0.28786132
420	0.27822086
421	0.30191993
422	0.22053943
423	0.26580251
424	0.30248119
425	0.28708829
426	0.25360382
427	0.27374637
428	0.23715444
429	0.28888651
430	0.29991470
431	0.25730910
432	0.26754721
433	0.32582308
434	0.29535143
435	0.24862982
436	0.25662317
437	0.23376292
438	0.30630785
439	0.31507983
440	0.24089473
441	0.25689743
442	0.29182670
443	0.29949235
444	0.24587174
445	0.24516048
446	0.23301336
447	0.29938598
448	0.30413879
449	0.23044971
450	0.26074789
451	0.19975165
452	0.24388600
453	0.30383125
454	0.26175283
455	0.28353026
456	0.26499158
457	0.19121193
458	0.28972132
459	0.22551971
460	0.30020572
461	0.28647923
462	0.26017409
463	0.28352501
464	0.27299554
465	0.28942464
466	0.29223261
467	0.29030035
468	0.27967327
469	0.20795587
470	0.25469787
471	0.29637646
472	0.23837437
473	0.29157251
474	0.30519815
475	0.26793950
476	0.31748127
477	0.21560360
478	0.24712037
479	0.23588752
480	0.27584404
481	0.29122094
482	0.24610543
483	0.28296457
484	0.29529150
485	0.22860470
486	0.27644070
487	0.23908971
488	0.32107213
489	0.28717706
490	0.31339606
491	0.25418490
492	0.23312747
493	0.29190022
494	0.24776429
495	0.21226398
496	0.24685189
497	0.32562785
498	0.30103631
499	0.27379956
500	0.27839723
501	0.29571651
502	0.26399389
503	0.29698380
504	0.25600521
505	0.28126444
506	0.24565965
507	0.30085666
508	0.28392360
509	0.22449180
510	0.27009815
511	0.23924231
512	0.26913960
513	0.18924697
514	0.32604932
515	0.28597521
516	0.30994928
517	0.29496519
518	0.21710650
519	0.24098771
520	0.24209039
521	0.26047728
522	0.23804262
523	0.26493191
524	0.24301950
525	0.30048479
526	0.21905974
527	0.23265956
528	0.28393684
529	0.24066947
530	0.29376068
531	0.30124396
532	0.28836011
533	0.26542294
534	0.21027991
535	0.23605879
536	0.27152145
537	0.22942272
538	0.22401492
539	0.20248057
540	0.23493435
541	0.19228149
542	0.23776879
543	0.26657024
544	0.24804308
