0	0.53114528
1	0.53089437
2	0.53022374
3	0.52521972
4	0.53112692
5	0.52869909
6	0.47382677
7	0.51459442
8	0.53129156
9	0.46132636
10	0.52494287
11	0.42172444
12	0.51731596
13	0.43517247
14	0.52324341
15	0.52191605
16	0.42490549
17	0.50251766
18	0.45531710
19	0.37866659
20	0.48548157
21	0.38856096
22	0.51968948
23	0.43112510
24	0.47758054
25	0.47017603
26	0.37446400
27	0.40202161
28	0.52690928
29	0.49005944
30	0.37799121
31	0.47229316
32	0.40683745
33	0.40471287
34	0.37786820
35	0.48264467
36	0.45396432
37	0.38105108
38	0.44772091
39	0.45651379
40	0.41287136
41	0.37501061
42	0.51540470
43	0.37209865
44	0.42151476
45	0.39168451
46	0.37797065
47	0.44528444
48	0.32700799
49	0.51316930
50	0.40138285
51	0.28606149
52	0.42009780
53	0.35097654
54	0.39976350
55	0.40415147
56	0.36549771
57	0.40364691
58	0.28911386
59	0.43426012
60	0.48564699
61	0.34906271
62	0.35554035
63	0.36073180
64	0.34174904
65	0.26919743
66	0.49178344
67	0.29678448
68	0.28566117
69	0.37011556
70	0.42333827
71	0.34665661
72	0.38122948
73	0.25382846
74	0.35441944
75	0.45550643
76	0.27382771
77	0.38038005
78	0.34445229
79	0.27944858
80	0.31418871
81	0.35224654
82	0.36752163
83	0.30826720
84	0.39780260
85	0.43421530
86	0.43350537
87	0.38188500
88	0.35229488
89	0.33915096
90	0.34074636
91	0.30532939
92	0.39851446
93	0.36265713
94	0.37363680
95	0.27574467
96	0.28733082
97	0.34603699
98	0.44479483
99	0.39388524
100	0.40661607
101	0.37494479
102	0.34728402
103	0.31793012
104	0.32278052
105	0.29288904
106	0.44729213
107	0.43184897
108	0.37501100
109	0.30547794
110	0.30994465
111	0.30055965
112	0.42552512
113	0.41901262
114	0.34418418
115	0.44111400
116	0.37922023
117	0.26201636
118	0.33316325
119	0.26559096
120	0.37282572
121	0.27935191
122	0.27003767
123	0.37738344
124	0.34531808
125	0.26313061
126	0.32628105
127	0.28557252
128	0.27211362
129	0.30273930
130	0.34323187
131	0.27960773
132	0.29007100
133	0.36224740
134	0.32581640
135	0.29019502
136	0.31362420
137	0.36533288
138	0.31327033
139	0.38584446
140	0.35372531
141	0.33714309
142	0.27433753
143	0.30484170
144	0.33435365
145	0.28059603
146	0.30457280
147	0.26553016
148	0.25026273
149	0.27853365
150	0.33323019
151	0.34447857
152	0.22471082
153	0.28552605
154	0.29687853
155	0.28603720
156	0.36739804
157	0.35942827
158	0.30577799
159	0.27313907
160	0.24986575
161	0.29081752
162	0.38784965
163	0.38706189
164	0.35449559
165	0.32419559
166	0.31793691
167	0.39067893
168	0.34880271
169	0.29164846
170	0.25587288
171	0.29271481
172	0.27345760
173	0.31812059
174	0.28857455
175	0.27745577
176	0.27559857
177	0.23928014
178	0.29212963
179	0.28978984
180	0.31510278
181	0.25358199
182	0.22653949
183	0.29109841
184	0.34524446
185	0.26504813
186	0.24560019
187	0.32476580
188	0.25231446
189	0.28445007
190	0.29351017
191	0.28933956
192	0.32432234
193	0.31667318
194	0.24234596
195	0.31537234
196	0.29744040
197	0.28518409
198	0.33820664
199	0.29961075
200	0.30484220
201	0.30728827
202	0.24813921
203	0.29823517
204	0.22572159
205	0.26001273
206	0.32594128
207	0.29531477
208	0.34383016
209	0.29381413
210	0.27228757
211	0.25212446
212	0.25258656
213	0.32590087
214	0.29367192
215	0.38397233
216	0.31208897
217	0.26015309
218	0.22596872
219	0.20591430
220	0.26927182
221	0.33842584
222	0.22620850
223	0.38709624
224	0.28295040
225	0.39719547
226	0.26871715
227	0.27990295
228	0.30602776
229	0.28885649
230	0.33439853
231	0.29542783
232	0.29594799
233	0.34464096
234	0.34843890
235	0.28519526
236	0.27642372
237	0.29740149
238	0.27125199
239	0.27903163
240	0.27188266
241	0.30227364
242	0.28407552
243	0.28887650
244	0.26132072
245	0.30272981
246	0.26592187
247	0.26000710
248	0.24702507
249	0.30291762
250	0.26595684
251	0.22452647
252	0.28147586
253	0.25201767
254	0.24070260
255	0.22377178
256	0.22739129
257	0.33281318
258	0.32988806
259	0.31443224
260	0.29206934
261	0.33196476
262	0.25572988
263	0.23063434
264	0.24338839
265	0.19114098
266	0.30076710
267	0.24796316
268	0.19529154
269	0.24001811
270	0.24166811
271	0.27526650
272	0.22192503
273	0.28771012
274	0.27295610
275	0.22729960
276	0.29490787
277	0.21919365
278	0.22830645
279	0.21642358
280	0.25032629
281	0.28148645
282	0.25177962
283	0.25023406
284	0.27347596
285	0.29452441
286	0.25909061
287	0.29122708
288	0.29902792
289	0.24281462
290	0.30598021
291	0.22034598
292	0.24267212
293	0.27866294
294	0.25348192
295	0.28769355
296	0.22055769
297	0.24843663
298	0.20924584
299	0.25375512
300	0.23826941
301	0.28046323
302	0.28014295
303	0.27001229
304	0.25914150
305	0.21908414
306	0.28170636
307	0.27781612
308	0.26432308
309	0.25672671
310	0.26672580
311	0.26145879
312	0.22681629
313	0.26627119
314	0.22136332
315	0.25989236
316	0.19361712
317	0.28013911
318	0.20997227
319	0.28581879
320	0.28874904
321	0.28458841
322	0.27670400
323	0.30091140
324	0.21137194
325	0.23551463
326	0.20347787
327	0.22397189
328	0.24948566
329	0.25692612
330	0.21937760
331	0.27282250
332	0.28949103
333	0.24252635
334	0.27958530
335	0.23927740
336	0.26444969
337	0.23252140
338	0.26056783
339	0.25434928
340	0.24681942
341	0.22362691
342	0.28139533
343	0.29662927
344	0.27555962
345	0.21642612
346	0.28661885
347	0.25681404
348	0.18543771
349	0.27406173
350	0.25223680
351	0.24325951
352	0.23264222
353	0.16996033
354	0.22228350
355	0.28910664
356	0.28661540
357	0.16300388
358	0.28246245
359	0.19718544
360	0.27145430
361	0.27902084
362	0.23298260
363	0.28597921
364	0.16626907
365	0.24107400
366	0.28809348
367	0.24124928
368	0.25034337
369	0.24798215
370	0.29893545
371	0.25614858
372	0.19201367
373	0.21776351
374	0.20538196
375	0.19330063
376	0.21883070
377	0.17225033
378	0.25052517
379	0.24322009
380	0.24503981
381	0.21783953
382	0.23428860
383	0.25507238
384	0.25281505
385	0.25041150
386	0.22382981
387	0.29485801
388	0.24509040
389	0.26378028
390	0.20867344
391	0.22477538
392	0.21719241
393	0.27063726
394	0.25192470
395	0.27851297
396	0.27700955
397	0.17680778
398	0.27906301
399	0.25334566
400	0.24579276
401	0.18291764
402	0.19937390
403	0.24770544
404	0.24162449
405	0.23839962
406	0.30670260
407	0.17524563
408	0.21986656
409	0.21162631
410	0.17585267
411	0.27907343
412	0.22247988
413	0.24004070
414	0.22178848
415	0.22031836
416	0.18607124
417	0.26433659
418	0.20798552
419	0.23194166
420	0.22610563
421	0.25404266
422	0.21608019
423	0.27167689
424	0.26022210
425	0.17581357
426	0.21346963
427	0.28953956
428	0.17534582
429	0.20434222
430	0.26548294
431	0.21774072
432	0.27067453
433	0.16064816
434	0.20728806
435	0.29141577
436	0.22517958
437	0.22769131
438	0.26272979
439	0.26757416
440	0.23357332
441	0.23535191
442	0.24886867
443	0.18725259
444	0.20679500
445	0.24568407
446	0.27346185
447	0.18776766
448	0.25322453
449	0.23368650
450	0.25679598
451	0.24595762
452	0.21077322
453	0.21128759
454	0.20647175
455	0.27418788
456	0.26730719
457	0.21815794
458	0.19914182
459	0.27523350
460	0.24708072
461	0.19106636
462	0.15486257
463	0.29167182
464	0.19679645
465	0.27229652
466	0.22635199
467	0.24288678
468	0.21905591
469	0.21357965
470	0.24860406
471	0.24565804
472	0.22018086
473	0.27842972
474	0.21206900
475	0.21981283
476	0.19448108
477	0.21155199
478	0.23540364
479	0.24367733
480	0.19033107
481	0.16932014
482	0.21741829
483	0.25022156
484	0.24646629
485	0.24818047
486	0.24693549
487	0.17625077
488	0.23607402
489	0.16257420
490	0.22321659
491	0.16880325
492	0.21325430
493	0.20377794
494	0.25271070
495	0.16555203
496	0.21917250
497	0.16341813
498	0.18907159
499	0.26794362
500	0.20328311
501	0.20913481
502	0.24738656
503	0.29032003
504	0.19961591
505	0.24482091
506	0.17957916
507	0.24798101
508	0.19098696
509	0.24642488
510	0.24976913
511	0.22561456
512	0.26633418
513	0.24651166
514	0.21900323
515	0.24294288
516	0.24717222
517	0.22926902
518	0.22255070
519	0.22210026
520	0.18130993
521	0.26602318
522	0.23437411
523	0.21055161
524	0.28469456
525	0.21858979
526	0.29685883
527	0.24952240
528	0.22462269
529	0.23519615
530	0.23429260
531	0.20914374
532	0.20917972
533	0.18495839
534	0.20419586
535	0.20655962
536	0.15990213
537	0.17086180
538	0.22187619
539	0.21969406
540	0.24143633
541	0.19363327
542	0.21436722
543	0.22824371
544	0.24080365
545	0.20386566
546	0.17210874
547	0.24714652
548	0.17335535
549	0.22850850
550	0.14244201
551	0.20719907
552	0.22991456
553	0.18574727
554	0.19758524
555	0.16738535
556	0.18783636
557	0.23916358
558	0.21902093
559	0.15965262
560	0.25759299
561	0.16872136
562	0.22474108
563	0.22433063
564	0.19473867
565	0.20111727
566	0.24338266
567	0.24344514
568	0.16043077
569	0.23899808
570	0.19805839
571	0.22090995
