0	0.64956793
1	0.64735351
2	0.64823696
3	0.64962774
4	0.64614522
5	0.64837402
6	0.64943315
7	0.64166884
8	0.64947797
9	0.64951541
10	0.62213748
11	0.62582313
12	0.62379801
13	0.63510397
14	0.56990391
15	0.64143078
16	0.61853285
17	0.58122708
18	0.63000040
19	0.62416706
20	0.63281313
21	0.63108841
22	0.63898471
23	0.59929759
24	0.57987795
25	0.59610966
26	0.58246725
27	0.61933784
28	0.59879763
29	0.62245645
30	0.64730717
31	0.54200397
32	0.46822055
33	0.57357290
34	0.59259543
35	0.58954989
36	0.50358338
37	0.45754013
38	0.62583674
39	0.59146104
40	0.61176510
41	0.58669321
42	0.52055784
43	0.58327537
44	0.58903560
45	0.61381622
46	0.54323841
47	0.51759507
48	0.56239008
49	0.52218342
50	0.46377323
51	0.54041778
52	0.57731258
53	0.44894490
54	0.42826486
55	0.44262182
56	0.47245744
57	0.61288355
58	0.62230985
59	0.50863801
60	0.60829638
61	0.42783719
62	0.53994655
63	0.44361397
64	0.38409112
65	0.38895288
66	0.57564778
67	0.55457755
68	0.46790609
69	0.60551757
70	0.51888666
71	0.47560937
72	0.53514586
73	0.41221717
74	0.61473736
75	0.49828751
76	0.48351789
77	0.53390677
78	0.61434025
79	0.50245074
80	0.55806545
81	0.45071662
82	0.49058000
83	0.43708190
84	0.45314351
85	0.53365290
86	0.47206831
87	0.50443027
88	0.55888945
89	0.37250345
90	0.54136918
91	0.38230490
92	0.56442051
93	0.49746425
94	0.58728340
95	0.36648254
96	0.44823044
97	0.57707507
98	0.48791732
99	0.53886592
100	0.59900414
101	0.44898222
102	0.53297211
103	0.49773537
104	0.53431370
105	0.47869983
106	0.42214772
107	0.42542402
108	0.47587960
109	0.57783846
110	0.39196774
111	0.54022376
112	0.52293317
113	0.52213044
114	0.48697410
115	0.51341370
116	0.48394296
117	0.43493406
118	0.52695693
119	0.39832385
120	0.47734099
121	0.55888433
122	0.39119973
123	0.55061740
124	0.44928869
125	0.51488455
126	0.42468023
127	0.44247002
128	0.53653400
129	0.57176239
130	0.41193647
131	0.49024983
132	0.49692241
133	0.48960302
134	0.42407932
135	0.44821681
136	0.38950740
137	0.38544901
138	0.37635408
139	0.44226662
140	0.50920471
141	0.42960402
142	0.44286681
143	0.46976858
144	0.41248057
145	0.42668687
146	0.44960617
147	0.43073412
148	0.42353907
149	0.48945729
150	0.40308364
151	0.42240795
152	0.45530442
153	0.47871586
154	0.46566558
155	0.49905710
156	0.35979195
157	0.45326478
158	0.46671567
159	0.47620049
160	0.37145482
161	0.37862199
162	0.58313987
163	0.42539658
164	0.37421932
165	0.45926510
166	0.35729476
167	0.41357562
168	0.39061252
169	0.40518408
170	0.36660717
171	0.46929636
172	0.42140803
173	0.46932408
174	0.37625008
175	0.48905209
176	0.44820021
177	0.44062478
178	0.36610125
179	0.46700666
180	0.43962326
181	0.47715755
182	0.40278288
183	0.46342030
184	0.38419850
185	0.40523596
186	0.50070896
187	0.28551928
188	0.38546137
189	0.44993173
190	0.51220617
191	0.37787053
192	0.40661452
193	0.43614636
194	0.52490693
195	0.43624761
196	0.39508389
197	0.45255860
198	0.36880374
199	0.38498507
200	0.37834983
201	0.46211239
202	0.36123805
203	0.39451858
204	0.41473956
205	0.31917970
206	0.45906097
207	0.36467564
208	0.37940342
209	0.43377431
210	0.36939317
211	0.45150226
212	0.39259089
213	0.43517740
214	0.42591586
215	0.37031351
216	0.40195634
217	0.36490201
218	0.44909765
219	0.38543744
220	0.42292860
221	0.39678560
222	0.39884869
223	0.38319150
224	0.50115260
225	0.40656934
226	0.40113076
227	0.36882216
228	0.39793920
229	0.45767634
230	0.37396152
231	0.42640230
232	0.42746655
233	0.36217080
234	0.39117226
235	0.37400461
236	0.38033596
237	0.38709427
238	0.44409393
239	0.39208590
240	0.43290886
241	0.45685598
242	0.39729042
243	0.49568808
244	0.35838825
245	0.36000131
246	0.42080433
247	0.40098154
248	0.41283395
249	0.35706510
250	0.42540283
251	0.37498461
252	0.35243175
253	0.34645628
254	0.41214702
255	0.39526285
256	0.35722774
257	0.46407732
258	0.34068660
259	0.33744342
260	0.42964034
261	0.42963856
262	0.48487892
263	0.42218879
264	0.36173655
265	0.29394093
266	0.41264529
267	0.41252882
268	0.46561977
269	0.37181869
270	0.31693173
271	0.38264888
272	0.42692966
273	0.40775370
274	0.31016894
275	0.40437706
276	0.45079070
277	0.35334034
278	0.38367960
279	0.42799330
280	0.41292214
281	0.43397442
282	0.38215197
283	0.36659507
284	0.40922049
285	0.49850099
286	0.41446799
287	0.36725389
288	0.34230837
289	0.38307844
290	0.42131019
291	0.35251981
292	0.40644575
293	0.36303609
294	0.35116068
295	0.31638529
296	0.35752497
297	0.39475915
298	0.38141850
299	0.41666400
300	0.38914002
301	0.44680268
302	0.32807581
303	0.34003761
304	0.38101729
305	0.31748448
306	0.35836725
307	0.34001383
308	0.37022863
309	0.31161989
310	0.34731968
311	0.38981482
312	0.34447998
313	0.38639383
314	0.40403357
315	0.39761693
316	0.41088089
317	0.32605953
318	0.39117962
319	0.40810488
320	0.34928734
321	0.31949370
322	0.34293281
323	0.30195378
324	0.35933452
325	0.29560444
326	0.32970529
327	0.39188793
328	0.36216150
329	0.36731937
330	0.41319355
331	0.35037643
332	0.35371552
333	0.29237609
334	0.36666848
335	0.37759505
336	0.34843529
337	0.41107419
338	0.36256918
339	0.42154175
340	0.38270452
341	0.34823846
342	0.29367516
343	0.30698545
344	0.32247108
345	0.37557966
346	0.37871222
347	0.30851137
348	0.35865241
349	0.33237355
350	0.47417328
351	0.33540114
352	0.37761596
353	0.33620355
354	0.40400634
355	0.34971609
356	0.28004789
357	0.40710746
358	0.35422125
359	0.36822497
360	0.37954844
361	0.35327023
362	0.35701825
363	0.40243613
364	0.33859279
365	0.35813628
366	0.41214455
367	0.33000560
368	0.34774818
369	0.32743774
370	0.36852996
371	0.41195008
372	0.41318163
373	0.33243505
374	0.37375311
375	0.38565203
376	0.35056930
377	0.44097645
378	0.37390313
379	0.31355545
380	0.38849634
381	0.38240381
382	0.38555110
383	0.40001057
384	0.31846941
385	0.34400641
386	0.31311841
387	0.34363677
388	0.35579996
389	0.36636011
390	0.31454655
391	0.30173774
392	0.36364545
393	0.38294362
394	0.34664613
395	0.40328698
396	0.31322387
397	0.38542778
398	0.34452281
399	0.33018869
400	0.32647677
401	0.31559951
402	0.34775254
403	0.37104951
404	0.29892332
405	0.38087355
406	0.30380055
407	0.41597920
408	0.32936753
409	0.31430330
410	0.37453068
411	0.35911503
412	0.39445281
413	0.30490852
414	0.32505611
415	0.36308192
416	0.39733918
417	0.37865391
418	0.32212330
419	0.30138364
420	0.33742729
421	0.35147723
422	0.33161507
423	0.27603323
424	0.34834254
425	0.36747036
426	0.29021173
427	0.35809905
428	0.36578850
429	0.33833412
430	0.30796670
431	0.34776945
432	0.39265256
433	0.32765626
434	0.32748455
435	0.33142501
436	0.35903038
437	0.36353998
438	0.35026137
439	0.36306548
440	0.32142795
441	0.32556873
442	0.37094275
443	0.35202693
444	0.30544505
445	0.32649173
446	0.32697249
447	0.33821850
448	0.35264252
449	0.34728000
450	0.32569032
451	0.31282554
452	0.32411634
453	0.31445615
454	0.35972271
455	0.35937793
456	0.34755869
457	0.38885412
458	0.36538154
459	0.32854761
460	0.31980894
461	0.32587564
462	0.39618383
463	0.35718641
464	0.32515799
465	0.31378368
466	0.31939129
467	0.35034368
468	0.31655630
469	0.34099981
470	0.27983615
471	0.29361059
472	0.34027233
