0	0.44802488
1	0.44557844
2	0.44700519
3	0.44763378
4	0.44763497
5	0.44676677
6	0.44789169
7	0.43763739
8	0.42079322
9	0.43129080
10	0.44769209
11	0.43439090
12	0.44547903
13	0.44451993
14	0.44569753
15	0.37546147
16	0.44427230
17	0.44482433
18	0.42390292
19	0.44643536
20	0.44055841
21	0.41122977
22	0.41170193
23	0.44476686
24	0.42787468
25	0.41637720
26	0.42519382
27	0.39650514
28	0.36741459
29	0.42636083
30	0.43673096
31	0.44493304
32	0.40237463
33	0.41282077
34	0.43971444
35	0.32924233
36	0.44038769
37	0.41156494
38	0.31768650
39	0.34941236
40	0.42035445
41	0.34712186
42	0.41459362
43	0.43937483
44	0.34358704
45	0.39726499
46	0.39515445
47	0.41780069
48	0.42287413
49	0.34671227
50	0.37288403
51	0.36669402
52	0.35868175
53	0.30359951
54	0.29394199
55	0.39746741
56	0.28869115
57	0.41136800
58	0.34575673
59	0.41722369
60	0.44085979
61	0.25550989
62	0.32428872
63	0.33119263
64	0.37047631
65	0.36466592
66	0.43075262
67	0.30122082
68	0.26154575
69	0.38780747
70	0.33536790
71	0.29450969
72	0.38725292
73	0.40946513
74	0.35947502
75	0.36465727
76	0.41644901
77	0.39614431
78	0.36148877
79	0.24988853
80	0.38548017
81	0.28706548
82	0.32721380
83	0.39268719
84	0.30375529
85	0.38564090
86	0.30427962
87	0.29450381
88	0.30123892
89	0.32304738
90	0.30226390
91	0.35019135
92	0.38481291
93	0.26002146
94	0.35898482
95	0.28229921
96	0.34561637
97	0.42306276
98	0.33547057
99	0.26640500
100	0.36971716
101	0.33544219
102	0.40726978
103	0.33599204
104	0.35383887
105	0.30331182
106	0.36463699
107	0.22221785
108	0.27099639
109	0.28070589
110	0.26062310
111	0.43253373
112	0.25413689
113	0.30397389
114	0.32214377
115	0.35330915
116	0.30510227
117	0.33660969
118	0.27987399
119	0.29663729
120	0.29525406
121	0.31189743
122	0.30838917
123	0.25630153
124	0.36645781
125	0.32905331
126	0.37950549
127	0.32646503
128	0.36071405
129	0.29890772
130	0.34590935
131	0.27292512
132	0.36763902
133	0.27912611
134	0.32500173
135	0.34627938
136	0.35801830
137	0.34249050
138	0.25910069
139	0.25584184
140	0.37910297
141	0.28773610
142	0.38408467
143	0.35163699
144	0.32274812
145	0.33155203
146	0.38035252
147	0.33199520
148	0.34582013
149	0.31140084
150	0.23722913
151	0.29130119
152	0.23500440
153	0.18910000
154	0.22973343
155	0.32755742
156	0.28857285
157	0.29289698
158	0.33076103
159	0.24795757
160	0.31122868
161	0.33089006
162	0.28952498
163	0.25147216
164	0.34962685
165	0.24564797
166	0.32251157
167	0.25517488
168	0.36709110
169	0.33738314
170	0.22549951
171	0.26275643
172	0.32879763
173	0.32635099
174	0.27152161
175	0.38456395
176	0.32611538
177	0.36880074
178	0.30430470
179	0.28818368
180	0.28137517
181	0.30567967
182	0.30204426
183	0.29428778
184	0.26209199
185	0.34158225
186	0.20501454
187	0.23191795
188	0.29922008
189	0.27176800
190	0.26878684
191	0.32880059
192	0.31242028
193	0.29484456
194	0.30011306
195	0.37308487
196	0.19179144
197	0.21579659
198	0.28330158
199	0.34683863
200	0.26098867
201	0.28750025
202	0.21681642
203	0.27903076
204	0.28831311
205	0.28646330
206	0.25023101
207	0.30117824
208	0.36707428
209	0.26547033
210	0.23510539
211	0.28770381
212	0.28059070
213	0.36223046
214	0.34718783
215	0.28833947
216	0.27342962
217	0.24268818
218	0.24980252
219	0.31208492
220	0.24703190
221	0.23556058
222	0.22322196
223	0.20939318
224	0.36406360
225	0.17547072
226	0.32306182
227	0.23255945
228	0.36430035
229	0.26525188
230	0.22212700
231	0.29050697
232	0.22157216
233	0.26894634
234	0.32710232
235	0.26922077
236	0.25701291
237	0.29667666
238	0.30434318
239	0.30239372
240	0.25813210
241	0.24447730
242	0.22353749
243	0.18368210
244	0.29368383
245	0.34720198
246	0.22359847
247	0.22516271
248	0.33029792
249	0.30623610
250	0.27486103
251	0.24853417
252	0.27223160
253	0.34411261
254	0.29215218
255	0.30261939
256	0.29962221
257	0.25947344
258	0.25020584
259	0.31801128
260	0.37014248
261	0.23195025
262	0.31752666
263	0.23021449
264	0.26112240
265	0.31103531
266	0.36432265
267	0.27469540
268	0.23775134
269	0.30183704
270	0.24238314
271	0.20412992
272	0.22655603
273	0.26960232
274	0.29590341
275	0.21317300
276	0.34686147
277	0.22413225
278	0.29988670
279	0.26656296
280	0.25410321
281	0.20529941
282	0.27798922
283	0.31621479
284	0.24784614
285	0.36431499
286	0.28791256
287	0.29060104
288	0.29007611
289	0.22593843
290	0.21754837
291	0.25690663
292	0.23016879
293	0.25505168
294	0.26536963
295	0.30026830
296	0.20706380
297	0.25741746
298	0.26365569
299	0.20332695
300	0.21296152
301	0.19935415
302	0.27941746
303	0.34742433
304	0.23820564
305	0.26438749
306	0.29730608
307	0.30139387
308	0.22548427
309	0.34738482
310	0.24042953
311	0.22044857
312	0.17327562
313	0.34387596
314	0.24872671
315	0.30964683
316	0.21671058
317	0.27863655
318	0.28926899
319	0.26309659
320	0.25630856
321	0.29598600
322	0.24112146
323	0.31171924
324	0.19089273
325	0.23518684
326	0.28246212
327	0.21477616
328	0.33398561
329	0.22023566
330	0.20929505
331	0.15821993
332	0.21219570
333	0.31762962
334	0.25693501
335	0.19541855
336	0.29529006
337	0.30630317
338	0.20724253
339	0.22536449
340	0.20628892
341	0.28252072
342	0.30820425
343	0.29366701
344	0.21832404
345	0.32667883
346	0.22591088
347	0.23954159
348	0.18516855
349	0.27282992
350	0.29653828
351	0.29339174
352	0.30970361
353	0.26459644
354	0.27101419
355	0.28611024
356	0.21961573
357	0.26505623
358	0.21166612
359	0.29782176
360	0.30058907
361	0.31961810
362	0.21193571
363	0.27458734
364	0.24086281
365	0.30888066
366	0.24643506
367	0.21713259
368	0.20620752
369	0.25786246
370	0.17125049
371	0.24185317
372	0.19648516
373	0.31717982
374	0.24966751
375	0.29280964
376	0.23197082
377	0.27407146
378	0.24617676
379	0.19501612
380	0.23428506
381	0.21260242
382	0.19661365
383	0.26506345
384	0.26540776
385	0.25029555
386	0.22330237
387	0.25766879
388	0.31308066
389	0.24512671
390	0.24982156
391	0.23179525
392	0.28320168
393	0.23722977
394	0.30310653
395	0.21682394
396	0.21739812
397	0.17909456
398	0.20269535
399	0.20111622
400	0.29283595
401	0.24307948
402	0.38029862
403	0.20763773
404	0.16442522
405	0.20226513
406	0.15919357
407	0.30152473
408	0.20076400
409	0.22979288
410	0.21642606
411	0.22941583
412	0.17323318
413	0.19576182
414	0.21841306
415	0.21370386
416	0.28019426
417	0.31278180
418	0.21414896
419	0.23894787
420	0.24009298
421	0.22857181
422	0.29720089
423	0.17677636
424	0.23603140
425	0.24392097
426	0.26332854
427	0.23743848
428	0.29890856
429	0.21345945
430	0.18725826
431	0.22139891
432	0.17865816
433	0.25507606
434	0.26326281
435	0.28388279
436	0.32022438
437	0.19286137
438	0.20472092
439	0.16146142
440	0.20140138
441	0.24750925
442	0.20147854
443	0.25294990
444	0.15041162
445	0.25794243
446	0.20932938
447	0.19733610
448	0.16329827
449	0.21252834
450	0.21171093
451	0.29226281
452	0.32402221
453	0.22089624
454	0.25473190
455	0.22768670
456	0.22293279
457	0.17371513
458	0.22572671
459	0.21482616
460	0.20535410
461	0.29632399
462	0.21232102
463	0.16169980
464	0.21206588
465	0.28226048
466	0.26714263
467	0.27142829
468	0.25286909
469	0.24660129
470	0.19188205
471	0.22334055
472	0.17983403
473	0.18254065
474	0.20255638
475	0.19006780
476	0.20279599
477	0.18642730
478	0.24970964
479	0.28503541
480	0.27508818
481	0.25111261
482	0.24450509
483	0.21172404
484	0.24715025
485	0.26020653
486	0.31116578
487	0.26009278
488	0.21977666
489	0.25366533
490	0.19141227
491	0.26552878
492	0.29412938
493	0.18567933
494	0.29582315
495	0.22301167
496	0.26082517
497	0.22662690
498	0.26916682
499	0.30047295
500	0.19256360
501	0.18378482
502	0.26928546
503	0.20751583
504	0.23265321
505	0.20528012
506	0.19035495
507	0.19930752
508	0.29425945
509	0.25915282
510	0.18731548
511	0.30897211
512	0.20845865
513	0.22819871
514	0.19349258
515	0.25977156
516	0.20779634
517	0.23374807
518	0.25338902
519	0.20790762
520	0.16972052
521	0.19474946
522	0.21717364
523	0.19172077
524	0.23111380
525	0.22102285
526	0.19612953
527	0.18000124
528	0.19681701
529	0.26845020
530	0.21401355
531	0.29276949
532	0.23464491
533	0.19510134
534	0.19424896
535	0.23613867
536	0.20152562
537	0.18814041
538	0.25661053
539	0.21922067
540	0.20946513
541	0.26737809
542	0.26283581
543	0.30763764
544	0.19696177
545	0.23353694
546	0.20940811
547	0.21045539
548	0.21869758
549	0.16459016
550	0.14205776
551	0.21477631
552	0.26169357
553	0.23418932
554	0.26247671
555	0.19766068
556	0.20467859
557	0.23566395
558	0.24868244
559	0.26874753
560	0.16931355
561	0.20580386
562	0.26171756
563	0.18044664
564	0.23223447
565	0.20990529
566	0.23677868
567	0.15523314
568	0.17934911
569	0.17474159
570	0.19407305
571	0.20039298
572	0.22476039
573	0.25003042
574	0.21292057
575	0.21013081
576	0.19712789
577	0.21140885
578	0.23615613
579	0.18777329
580	0.18093111
581	0.20177201
582	0.16502537
583	0.15690885
584	0.22522933
585	0.15147359
586	0.17497587
587	0.20994075
588	0.23910163
589	0.18586746
590	0.23353976
591	0.20339407
592	0.20423101
593	0.23180282
594	0.24180707
595	0.21919060
596	0.19833051
597	0.20864995
598	0.24989965
599	0.17257122
600	0.19018788
601	0.18981385
602	0.25130480
603	0.20716647
604	0.20435989
605	0.29876217
606	0.21310460
607	0.22067765
608	0.17623680
609	0.22371409
610	0.23488729
611	0.22834649
612	0.25091592
613	0.24311677
614	0.19171044
615	0.20648516
616	0.23289125
617	0.13652122
618	0.16690811
619	0.22612433
620	0.14159931
621	0.19999263
622	0.18191860
623	0.26174041
624	0.22151677
625	0.19768917
626	0.22013867
627	0.18974679
628	0.16899703
629	0.17200138
630	0.19957067
631	0.19458620
632	0.23313586
633	0.20367651
634	0.22459703
635	0.21243081
636	0.22901845
637	0.22789322
638	0.25723160
639	0.16570870
640	0.18624407
641	0.20203358
642	0.26607334
643	0.20223442
644	0.17561845
645	0.22128759
646	0.19419139
647	0.19670519
648	0.21734387
649	0.20255460
650	0.23948595
651	0.23407859
652	0.25707191
653	0.20765564
654	0.19485346
655	0.19567804
656	0.26218566
657	0.18619322
658	0.16899327
659	0.18842809
660	0.16606588
661	0.17958497
662	0.26661098
663	0.19973408
664	0.25283304
665	0.18462369
666	0.15770722
667	0.18365935
668	0.26002814
669	0.22160732
670	0.26780722
671	0.16815297
672	0.19536949
673	0.17207750
674	0.21635059
675	0.22559263
676	0.14472374
677	0.17407028
678	0.21600218
679	0.19010455
680	0.15850366
681	0.22564431
682	0.23509550
683	0.17833066
684	0.22081370
685	0.21761256
686	0.18763299
687	0.18688111
688	0.17554233
689	0.20712062
690	0.20625519
691	0.22475915
692	0.19885608
693	0.18432913
694	0.23768907
695	0.27269555
696	0.17582087
697	0.23814357
698	0.21855025
699	0.18347532
700	0.17271934
701	0.19336934
702	0.21696632
703	0.13725218
704	0.21554411
705	0.21329387
706	0.24239906
707	0.24659372
708	0.26833121
709	0.27710955
710	0.20552522
711	0.21614149
712	0.20884604
713	0.20673215
714	0.23154550
715	0.22989614
716	0.19687141
717	0.21798091
718	0.20528665
719	0.15609456
720	0.26584090
721	0.17782522
722	0.21082413
723	0.16999387
724	0.14858566
725	0.23644031
726	0.19642636
727	0.18219436
728	0.18029342
729	0.16798769
730	0.17846256
731	0.20279496
732	0.18519703
733	0.21660376
734	0.16640593
735	0.19070861
736	0.18605796
737	0.16332112
738	0.18087641
739	0.16447191
740	0.22786682
741	0.22005781
742	0.22888699
743	0.20662760
744	0.18805129
745	0.16798215
746	0.18909777
747	0.17284876
748	0.18006246
749	0.22509486
750	0.24242908
751	0.22401390
752	0.21828170
753	0.16657849
754	0.21284045
755	0.22216701
756	0.18589194
757	0.20274268
758	0.23428497
759	0.19136335
760	0.16722601
761	0.24803121
762	0.17450747
763	0.23617201
764	0.19685742
765	0.21117849
766	0.19798971
767	0.19800945
768	0.22513447
769	0.17998576
770	0.21177082
771	0.22949075
772	0.23920287
773	0.24132705
774	0.16890406
775	0.18520272
776	0.19458645
777	0.20815856
778	0.22570772
779	0.20658294
780	0.20162117
781	0.18784214
782	0.17746553
783	0.18962344
784	0.20004644
785	0.18203383
786	0.17139639
787	0.24418610
788	0.22161414
789	0.16111271
790	0.29724916
791	0.22472463
792	0.16458986
793	0.18141800
794	0.17029738
795	0.17562720
796	0.17005534
797	0.19275406
798	0.17516370
799	0.15636123
800	0.25824911
801	0.14396528
802	0.13366068
803	0.25421281
804	0.16535049
805	0.23016578
806	0.17495955
807	0.20867097
808	0.18591217
809	0.20292676
810	0.17778927
811	0.23882646
812	0.20788333
813	0.21977329
814	0.20305054
815	0.15341573
816	0.20709713
817	0.20842878
818	0.19451123
819	0.22748160
820	0.21296583
821	0.21604852
822	0.20521558
823	0.14895376
824	0.24893457
825	0.20426553
826	0.16937809
827	0.20380732
828	0.23133813
829	0.14602334
830	0.18742760
831	0.18473111
832	0.15826325
833	0.16682310
834	0.20181128
835	0.18452681
836	0.19473037
837	0.14187740
838	0.19871983
839	0.14956187
840	0.16132606
841	0.16721592
842	0.15299352
843	0.19257201
844	0.19970153
845	0.24847072
846	0.23901380
847	0.19047591
848	0.17661395
849	0.17246746
850	0.17680059
851	0.20205752
852	0.16509372
853	0.14780900
854	0.21313408
855	0.17974792
856	0.21463798
857	0.19457399
858	0.11929782
859	0.18364679
860	0.22078976
861	0.19614278
862	0.20801241
863	0.20394135
864	0.20633783
865	0.23528754
866	0.21212171
867	0.19475950
868	0.15423140
869	0.22072374
870	0.14787705
871	0.17693660
872	0.19654599
873	0.18883670
874	0.19589179
875	0.17861602
876	0.19160702
877	0.15276207
878	0.13513561
879	0.20010796
880	0.20179387
881	0.21059590
882	0.18138793
883	0.14498764
884	0.16489080
885	0.16097141
886	0.16876983
887	0.20084728
888	0.19742181
889	0.26756063
890	0.16152344
891	0.12147102
892	0.13793383
893	0.24929189
894	0.22579535
895	0.16641231
896	0.18829471
897	0.22225148
898	0.20006301
899	0.22606627
900	0.21211825
901	0.17256691
902	0.20206172
903	0.20426459
904	0.16728892
905	0.15972463
906	0.21090524
907	0.16521899
908	0.18118234
909	0.22716266
910	0.16265579
911	0.17462211
912	0.19529357
913	0.21211810
914	0.17059555
915	0.21553843
916	0.14908422
917	0.20209095
918	0.20480796
919	0.16743665
920	0.16095242
921	0.17726558
922	0.09323175
923	0.19611538
924	0.20535000
925	0.20252962
926	0.18081380
927	0.19157750
928	0.19307478
929	0.18031528
930	0.13446320
931	0.16490143
932	0.17388259
933	0.21354011
934	0.19685826
935	0.19844674
936	0.15658759
937	0.19400045
938	0.19269807
939	0.24519337
940	0.15077038
941	0.21363660
942	0.20013511
943	0.18477587
944	0.22535272
945	0.15058942
946	0.12696034
947	0.18678704
948	0.16673274
949	0.25525386
950	0.15693877
951	0.23027834
952	0.15795252
953	0.19483872
954	0.13590480
955	0.15659832
956	0.11527849
957	0.18808858
958	0.15496904
959	0.21666988
960	0.19778872
961	0.18480346
962	0.21025831
963	0.15465059
964	0.20788373
965	0.21751726
966	0.17532517
967	0.23129753
968	0.17607839
969	0.24544886
970	0.16556662
971	0.24441365
972	0.21634080
973	0.21511771
974	0.16978858
975	0.17537888
976	0.13593195
977	0.21972864
978	0.20844238
979	0.17600138
980	0.18045356
981	0.17679055
982	0.20226884
983	0.25313076
984	0.23812136
985	0.19194763
986	0.22316696
987	0.16900168
988	0.17540351
989	0.21829392
990	0.13757868
991	0.20591236
992	0.16418769
993	0.15351335
994	0.21875302
995	0.23300183
996	0.16018863
997	0.15768803
998	0.12820831
999	0.20011815
1000	0.16251400
1001	0.22515406
1002	0.15877389
1003	0.17507260
1004	0.20773457
1005	0.16815475
1006	0.20660242
1007	0.15145277
1008	0.20896998
1009	0.16088976
1010	0.16434139
1011	0.16440356
1012	0.17530757
1013	0.15308937
1014	0.12840445
1015	0.21598220
1016	0.13927933
1017	0.12335000
1018	0.17024580
1019	0.19989688
1020	0.20006335
1021	0.21095435
1022	0.12191405
1023	0.19293328
1024	0.15854515
1025	0.17555020
1026	0.14753848
1027	0.14556548
1028	0.20252750
1029	0.16945796
1030	0.16729580
1031	0.21683764
1032	0.22624347
1033	0.16978853
1034	0.19116612
1035	0.19244461
1036	0.17120331
1037	0.18723037
1038	0.16094446
1039	0.14508863
1040	0.17451434
1041	0.21766563
1042	0.19488022
1043	0.20195579
1044	0.18759960
1045	0.17443778
1046	0.16005752
1047	0.21101261
1048	0.20094441
1049	0.17542216
1050	0.18447873
1051	0.17686429
1052	0.18486597
1053	0.17123595
1054	0.20815193
1055	0.13993600
1056	0.18351330
1057	0.18967913
1058	0.16634931
1059	0.21015406
1060	0.16294604
1061	0.13615326
1062	0.19302715
1063	0.21238160
1064	0.14407957
1065	0.19627621
1066	0.12900134
1067	0.19824283
1068	0.18713749
1069	0.14724026
1070	0.13329313
1071	0.12470040
1072	0.17407854
1073	0.21598882
1074	0.15034862
1075	0.12730806
1076	0.18364723
1077	0.16928279
1078	0.16392977
1079	0.16047572
1080	0.21385104
1081	0.17952082
1082	0.17773744
1083	0.14814916
1084	0.12927196
1085	0.18537656
1086	0.19718343
1087	0.18040955
1088	0.16682423
1089	0.14094194
1090	0.18415945
1091	0.22786459
1092	0.15624031
1093	0.17690732
1094	0.13991879
1095	0.23422611
1096	0.16306301
1097	0.17452661
1098	0.21475079
1099	0.19365297
1100	0.13577582
1101	0.18794975
1102	0.20146231
1103	0.18203694
1104	0.23454486
1105	0.18656617
1106	0.16391449
1107	0.19887428
1108	0.14939782
1109	0.19389723
1110	0.18264545
1111	0.18538744
1112	0.23338531
1113	0.20022043
1114	0.14148754
1115	0.17131553
1116	0.20327557
1117	0.15011360
1118	0.18228942
1119	0.15784416
1120	0.20601424
1121	0.13178086
1122	0.18147888
1123	0.17460994
1124	0.13258996
1125	0.18271207
1126	0.19951296
1127	0.13804807
1128	0.18225500
1129	0.18914713
1130	0.15384822
1131	0.18482087
1132	0.23782344
1133	0.17090035
1134	0.17680598
1135	0.21285425
1136	0.13196973
1137	0.17161078
1138	0.21655618
1139	0.14249337
1140	0.16583536
1141	0.10138274
1142	0.16753996
1143	0.12819787
1144	0.15084797
1145	0.13900673
1146	0.20719500
1147	0.18491677
1148	0.15305707
1149	0.20228917
1150	0.17898877
1151	0.18704466
1152	0.19470114
1153	0.19889723
1154	0.20294649
1155	0.17109733
1156	0.16276078
1157	0.20163600
1158	0.16159505
1159	0.16454723
1160	0.20450040
1161	0.19872700
1162	0.19413269
1163	0.17047112
1164	0.18341152
1165	0.19823353
1166	0.18027873
1167	0.14554115
1168	0.20554476
1169	0.15784535
1170	0.17713249
1171	0.18406691
1172	0.14631068
1173	0.11919110
1174	0.21335252
1175	0.18036325
1176	0.13623136
1177	0.15929862
1178	0.13658185
1179	0.20159669
1180	0.19787240
1181	0.16233586
1182	0.16733304
1183	0.17049565
1184	0.14450302
1185	0.18836133
1186	0.17284822
1187	0.22662557
1188	0.16212572
1189	0.15797295
1190	0.19329639
1191	0.18647987
1192	0.16863408
1193	0.18399525
1194	0.12056820
1195	0.16173071
1196	0.17221202
1197	0.14395747
1198	0.16178600
1199	0.14846775
1200	0.18743591
1201	0.15161677
1202	0.19464634
1203	0.19013294
1204	0.15753675
1205	0.17936311
1206	0.12202522
1207	0.15192334
1208	0.18040460
1209	0.13852740
1210	0.16022774
1211	0.16390302
1212	0.16692839
1213	0.17762572
1214	0.11415722
1215	0.17062789
1216	0.15396088
1217	0.17304817
1218	0.20478729
1219	0.20707888
1220	0.17698046
1221	0.15703823
1222	0.14590722
1223	0.10573937
1224	0.22155776
1225	0.12493304
1226	0.19830707
1227	0.16095762
1228	0.16086904
1229	0.16670138
1230	0.17022047
1231	0.14448042
1232	0.18021261
1233	0.16650529
1234	0.11932868
1235	0.19478185
1236	0.19531864
1237	0.17981454
1238	0.19822690
1239	0.15552903
1240	0.16418432
1241	0.21088556
1242	0.16604807
1243	0.16719426
1244	0.16718739
1245	0.14980317
1246	0.19289431
1247	0.17503096
1248	0.17563412
1249	0.16623635
1250	0.18451034
1251	0.16699758
1252	0.17701385
1253	0.13529377
1254	0.19963086
1255	0.15630935
1256	0.15114016
1257	0.20897369
1258	0.13278917
1259	0.17584179
1260	0.12725875
1261	0.21015653
1262	0.20077453
1263	0.13345964
1264	0.18247448
1265	0.22463635
1266	0.14542423
1267	0.11414585
1268	0.17714021
1269	0.12794871
1270	0.13091790
1271	0.21643294
1272	0.13595341
1273	0.15810554
1274	0.15095183
1275	0.18515109
1276	0.17937636
1277	0.20727557
1278	0.15324461
1279	0.12995673
1280	0.17687270
1281	0.13819703
1282	0.11906459
1283	0.15401330
1284	0.17515762
1285	0.16759679
1286	0.15251771
1287	0.14968121
1288	0.19973061
1289	0.15864322
1290	0.21615287
1291	0.13402903
1292	0.17447512
1293	0.16239471
1294	0.20629797
1295	0.12726810
1296	0.13834773
1297	0.16191484
1298	0.20384149
1299	0.14113299
1300	0.10967562
1301	0.13020356
1302	0.16807122
1303	0.14056489
1304	0.11274703
1305	0.14914224
1306	0.17555247
1307	0.23453403
1308	0.17229377
1309	0.17241528
1310	0.11589149
1311	0.10655480
1312	0.22969045
1313	0.16362102
1314	0.17816103
1315	0.11795821
1316	0.18599906
1317	0.21893566
1318	0.13765504
1319	0.12494896
1320	0.18160292
1321	0.12754550
1322	0.16880861
1323	0.18883586
1324	0.19174090
1325	0.14811454
1326	0.20172918
1327	0.18229871
1328	0.17135277
1329	0.12262087
1330	0.16583808
1331	0.17765885
1332	0.16282413
1333	0.17015272
1334	0.13205188
1335	0.12850663
1336	0.22990040
1337	0.15008333
1338	0.16768323
1339	0.14478709
1340	0.14850455
1341	0.18332028
1342	0.14422166
1343	0.18263912
1344	0.16638561
1345	0.16861123
1346	0.12022300
1347	0.11362631
1348	0.15581424
1349	0.21276009
1350	0.17077903
1351	0.15146355
1352	0.13658828
1353	0.13601889
1354	0.19349886
1355	0.16008368
1356	0.18010589
1357	0.16073210
1358	0.14651286
1359	0.20049426
1360	0.16509654
1361	0.16699926
1362	0.17586736
1363	0.18602507
1364	0.19057488
1365	0.18604916
1366	0.13150633
1367	0.09482404
1368	0.13178393
1369	0.16094515
1370	0.15195094
1371	0.19177043
1372	0.16933056
1373	0.16694590
1374	0.12855045
1375	0.10917903
1376	0.18026360
1377	0.16419787
1378	0.15982151
1379	0.16671123
1380	0.19402329
1381	0.16992428
1382	0.17823170
1383	0.16652438
1384	0.21349491
1385	0.15156538
1386	0.13693818
1387	0.16862507
1388	0.20025930
1389	0.11566296
1390	0.17916152
1391	0.15646172
1392	0.17340707
1393	0.21988393
1394	0.17419263
1395	0.14693101
1396	0.14843764
1397	0.17788363
1398	0.17300950
1399	0.15998699
1400	0.20059871
1401	0.14397196
1402	0.17232226
1403	0.14310821
1404	0.19656048
1405	0.23088877
1406	0.16959169
1407	0.18711503
1408	0.14914911
1409	0.13126855
1410	0.16570940
1411	0.18751414
1412	0.18889303
1413	0.13601686
1414	0.14843986
1415	0.10380935
1416	0.19848675
1417	0.11821939
1418	0.13839906
1419	0.18074219
1420	0.14825445
1421	0.14329125
1422	0.11902364
1423	0.20613739
1424	0.19665391
1425	0.16246177
1426	0.12673625
1427	0.16415579
1428	0.20574995
1429	0.17421063
1430	0.17079980
1431	0.13675480
1432	0.24079560
1433	0.13658477
1434	0.14849807
1435	0.13730811
1436	0.17471133
1437	0.15080846
1438	0.17910104
1439	0.16389342
1440	0.20986533
1441	0.17351306
1442	0.14230153
1443	0.12278368
1444	0.12915509
1445	0.17115559
1446	0.17499881
1447	0.18596523
1448	0.17719797
1449	0.18451558
1450	0.14531039
1451	0.13778694
1452	0.11502344
1453	0.21579416
1454	0.14780450
1455	0.16726266
1456	0.15799540
1457	0.19152018
1458	0.17015371
1459	0.14610490
1460	0.16679921
1461	0.15217176
1462	0.17612473
1463	0.20316474
1464	0.11793274
1465	0.13137468
1466	0.18526869
1467	0.20338877
1468	0.17507656
1469	0.21259214
1470	0.22203511
1471	0.23483571
1472	0.13353942
1473	0.09688625
1474	0.16107656
1475	0.21973269
1476	0.11425925
1477	0.16216449
1478	0.13286766
1479	0.18587957
1480	0.18422720
1481	0.16709031
1482	0.18792359
1483	0.15789812
1484	0.21363561
1485	0.17307310
1486	0.12806726
1487	0.15654041
1488	0.18065950
1489	0.19586133
1490	0.16468966
1491	0.11463022
1492	0.15399965
1493	0.16043126
1494	0.12816409
1495	0.19121167
1496	0.13940049
1497	0.14369288
1498	0.12903863
1499	0.14747982
1500	0.15403833
1501	0.18827186
1502	0.13481395
1503	0.15199204
1504	0.14915856
1505	0.15581311
1506	0.16345035
1507	0.13512582
1508	0.18919797
1509	0.14663126
1510	0.20979921
1511	0.17628823
1512	0.20543165
1513	0.15788501
1514	0.18767616
1515	0.13540025
1516	0.12169693
1517	0.20124604
1518	0.14197443
1519	0.11536894
1520	0.18908210
1521	0.14451454
1522	0.17581320
1523	0.16468393
1524	0.10167379
1525	0.10373427
1526	0.17631647
1527	0.15096696
1528	0.12415821
1529	0.18799342
1530	0.15014669
1531	0.15079243
1532	0.16363561
1533	0.19004332
1534	0.17027151
1535	0.15670134
1536	0.14796162
1537	0.21059120
1538	0.15781983
1539	0.09657517
1540	0.18314491
1541	0.11554654
1542	0.10825134
1543	0.16969233
1544	0.12312324
1545	0.17046375
1546	0.15573126
1547	0.14023744
1548	0.17500094
1549	0.14689154
1550	0.11881543
1551	0.12210232
1552	0.16050569
1553	0.18234802
1554	0.17465138
1555	0.12079139
1556	0.12554866
1557	0.11717488
1558	0.13158759
1559	0.17384837
1560	0.16770386
1561	0.14112745
1562	0.15453205
1563	0.11662498
1564	0.13644921
1565	0.12939624
1566	0.18510099
1567	0.12450648
1568	0.15316558
1569	0.15110861
1570	0.15461019
1571	0.14268818
1572	0.11000430
1573	0.13551142
1574	0.14114233
1575	0.17418467
1576	0.14288501
1577	0.13409743
1578	0.16067072
1579	0.09716528
1580	0.15962176
1581	0.11628773
1582	0.16156380
1583	0.13595480
1584	0.16603823
1585	0.13721746
1586	0.18349708
1587	0.13294466
1588	0.12366202
1589	0.12473309
1590	0.11785470
1591	0.16690356
1592	0.14004500
1593	0.15513412
1594	0.16009456
1595	0.13617245
1596	0.12682493
1597	0.10986271
1598	0.11651464
1599	0.11261771
1600	0.10719965
1601	0.19844426
1602	0.13990445
1603	0.17812577
1604	0.16234629
1605	0.18388264
1606	0.12025475
1607	0.18061583
1608	0.15493541
1609	0.18715846
1610	0.13033284
1611	0.17045747
1612	0.12919268
1613	0.21630381
1614	0.16334936
1615	0.14428225
1616	0.12899797
1617	0.13331088
1618	0.09523145
1619	0.17963007
1620	0.12346078
1621	0.14866098
1622	0.12781968
1623	0.15891459
1624	0.12978353
1625	0.14425668
1626	0.13298081
1627	0.15874149
1628	0.16898843
1629	0.18243734
1630	0.14910396
1631	0.15187557
1632	0.14708724
1633	0.16629041
1634	0.19467705
1635	0.16476914
1636	0.18424243
1637	0.22023709
1638	0.15098111
1639	0.14654268
1640	0.18454377
1641	0.13577789
1642	0.16719550
1643	0.15445564
1644	0.16451479
1645	0.14459550
1646	0.13896686
1647	0.14294659
1648	0.14788200
1649	0.16628625
1650	0.15973403
1651	0.16674411
1652	0.16712265
1653	0.13295495
1654	0.19930653
1655	0.18652982
1656	0.15408665
1657	0.17366741
1658	0.17769357
1659	0.17288462
1660	0.13707700
1661	0.17921790
1662	0.13124896
1663	0.14823017
1664	0.12192191
1665	0.17969090
1666	0.11871088
1667	0.12240089
1668	0.19602245
1669	0.14303739
1670	0.18542028
1671	0.15782136
1672	0.15921296
1673	0.14743734
1674	0.10018106
1675	0.20599594
1676	0.16062943
1677	0.16121815
1678	0.13375109
1679	0.12355796
1680	0.20535435
1681	0.15664125
1682	0.16282196
1683	0.13744481
1684	0.19620999
1685	0.17681558
1686	0.15326414
1687	0.15389594
1688	0.12476578
1689	0.10588961
1690	0.20005880
1691	0.14326133
1692	0.16680059
1693	0.14792339
1694	0.15749273
1695	0.12135836
1696	0.12990915
1697	0.10915880
1698	0.18426484
1699	0.18090623
1700	0.11857107
1701	0.18174154
1702	0.10138986
1703	0.16108007
1704	0.12250539
1705	0.18950242
1706	0.17593116
1707	0.11480821
1708	0.15371414
1709	0.18531775
1710	0.14647532
1711	0.18411924
1712	0.12141657
1713	0.15279664
1714	0.13001053
1715	0.11704110
1716	0.17053591
1717	0.09465134
1718	0.12624594
1719	0.16208299
1720	0.15108393
1721	0.12264515
1722	0.08980475
1723	0.19945425
1724	0.15712379
1725	0.15004560
1726	0.19852092
1727	0.13333210
1728	0.14033205
1729	0.10362819
1730	0.15479743
1731	0.12623615
1732	0.11936316
1733	0.15621439
1734	0.10604219
1735	0.20300682
1736	0.14860569
1737	0.12065732
1738	0.15973694
1739	0.17621464
1740	0.17323521
1741	0.12661316
1742	0.14385737
1743	0.18570074
1744	0.14982082
1745	0.09841563
1746	0.11530366
1747	0.12481454
1748	0.17433096
1749	0.13228195
1750	0.08961583
1751	0.15647221
1752	0.16786632
1753	0.11798032
1754	0.17437329
1755	0.16251573
1756	0.12608848
1757	0.13685381
1758	0.11806301
1759	0.16562127
1760	0.13615628
1761	0.16298363
1762	0.12164327
1763	0.14074219
1764	0.16884026
1765	0.15908106
1766	0.18482127
1767	0.17033353
1768	0.15099045
1769	0.14494273
1770	0.12623136
1771	0.18509525
1772	0.18960277
1773	0.20387280
1774	0.13637057
1775	0.14312601
1776	0.10728086
1777	0.13263412
1778	0.18510460
1779	0.19682181
1780	0.19009233
1781	0.15469105
1782	0.10483892
1783	0.18699367
1784	0.14747280
1785	0.17246479
1786	0.11349397
1787	0.18764787
1788	0.17726731
1789	0.12716691
1790	0.10449392
1791	0.16255851
1792	0.17517819
1793	0.17973309
1794	0.15749298
1795	0.10904461
1796	0.15991241
1797	0.21630668
1798	0.17196276
1799	0.15086558
1800	0.13540351
1801	0.15120410
1802	0.16563887
1803	0.12175267
1804	0.11679194
1805	0.14336667
1806	0.16563403
1807	0.13195663
1808	0.13655737
1809	0.20060410
1810	0.12987240
1811	0.13084362
1812	0.15862542
1813	0.13584500
1814	0.18258239
1815	0.15163032
1816	0.15747290
1817	0.19409733
1818	0.13864080
1819	0.11372245
1820	0.18838091
1821	0.14969713
1822	0.14318749
1823	0.18819238
1824	0.17092132
1825	0.10791785
1826	0.15656464
1827	0.09495717
1828	0.14517982
1829	0.16438586
1830	0.15976276
1831	0.11617359
1832	0.15728867
1833	0.16873952
1834	0.10798922
1835	0.12676513
1836	0.15255564
1837	0.14695351
1838	0.10837418
1839	0.11899065
1840	0.10816627
1841	0.14080054
1842	0.17240603
1843	0.14568902
1844	0.13604407
1845	0.15219951
1846	0.19334011
1847	0.12807285
1848	0.16192315
1849	0.12883309
1850	0.14869411
1851	0.15093160
1852	0.21076207
1853	0.11390648
1854	0.16487379
1855	0.13036058
1856	0.15515762
1857	0.18578274
1858	0.11920796
1859	0.15953155
1860	0.15769688
1861	0.19332132
1862	0.16750554
1863	0.15177567
1864	0.10422859
1865	0.11052829
1866	0.15083981
1867	0.18400613
1868	0.13892498
1869	0.14012062
1870	0.13799703
1871	0.10005920
1872	0.16361850
1873	0.11388388
1874	0.17918620
1875	0.10517695
1876	0.11796370
1877	0.14608447
1878	0.17171503
1879	0.14390000
1880	0.17518536
1881	0.16821716
1882	0.20844416
1883	0.11969233
1884	0.12107201
1885	0.12945682
1886	0.20269718
1887	0.15094125
1888	0.16070420
1889	0.10503106
1890	0.16177730
1891	0.19893427
1892	0.15520514
1893	0.13761691
1894	0.10810890
1895	0.13549580
1896	0.15477839
1897	0.19309763
1898	0.21843061
1899	0.13448091
1900	0.14097507
1901	0.18597052
1902	0.14169115
1903	0.14976929
1904	0.10619169
1905	0.10986019
1906	0.17435430
1907	0.14103650
1908	0.19268511
1909	0.16636370
1910	0.17730727
1911	0.14084926
1912	0.16753764
1913	0.10565781
1914	0.14413378
1915	0.11028655
1916	0.18298635
1917	0.15234402
1918	0.15325030
1919	0.16725227
1920	0.15569070
1921	0.20531172
1922	0.13296607
1923	0.15341696
1924	0.12029283
1925	0.12140648
1926	0.14005371
1927	0.13677349
1928	0.12555569
1929	0.10520574
1930	0.15408106
1931	0.10799550
1932	0.17883412
1933	0.11700910
1934	0.10901162
1935	0.10065129
1936	0.15336731
1937	0.14808848
1938	0.17425168
1939	0.19008625
1940	0.08947804
1941	0.18739233
1942	0.17009481
1943	0.10907156
1944	0.17514120
1945	0.18859174
1946	0.07804164
1947	0.10788665
1948	0.12013506
1949	0.16594031
1950	0.17939748
1951	0.08929263
1952	0.13544970
1953	0.17821311
1954	0.13435198
1955	0.16735292
1956	0.14516340
1957	0.11902290
1958	0.14984970
1959	0.14403398
1960	0.16214318
1961	0.17233640
1962	0.12583304
1963	0.15128462
1964	0.15805549
1965	0.08509416
1966	0.14360648
1967	0.10207972
1968	0.11603526
1969	0.17817953
1970	0.17749674
1971	0.16034288
1972	0.18269654
1973	0.19806790
1974	0.13017141
1975	0.12612468
1976	0.14544169
1977	0.10298541
1978	0.13691528
1979	0.11260767
1980	0.16880811
1981	0.12801251
1982	0.14832779
1983	0.13381375
1984	0.15481800
1985	0.15175712
1986	0.09433017
1987	0.15723694
1988	0.18822562
1989	0.16967181
1990	0.19311365
1991	0.13910321
1992	0.12464718
1993	0.15826474
1994	0.14308299
1995	0.17970801
1996	0.16877606
1997	0.20231385
1998	0.13401944
1999	0.13768714
2000	0.16457186
2001	0.17068289
2002	0.19153269
2003	0.13894693
2004	0.10995643
2005	0.16844990
2006	0.09632161
2007	0.09429392
2008	0.18968581
2009	0.14953116
2010	0.15557156
2011	0.14850519
2012	0.18664377
2013	0.12937003
2014	0.09999619
2015	0.19276118
2016	0.11306706
2017	0.14685223
2018	0.16835880
2019	0.14361558
2020	0.11719723
2021	0.14282473
