0	0.45303306
1	0.45297271
2	0.45307559
3	0.44321558
4	0.45237158
5	0.45192988
6	0.44798784
7	0.45334575
8	0.45246133
9	0.42767271
10	0.45298276
11	0.45204941
12	0.45195933
13	0.41602192
14	0.43453901
15	0.41281440
16	0.45255181
17	0.44504941
18	0.39875361
19	0.45251147
20	0.43883159
21	0.44082104
22	0.37073076
23	0.44690020
24	0.42365938
25	0.43843936
26	0.36011230
27	0.40410078
28	0.42867119
29	0.40646284
30	0.38090190
31	0.33045776
32	0.44604570
33	0.44467300
34	0.43089731
35	0.39587510
36	0.44560107
37	0.44257944
38	0.42045767
39	0.39290820
40	0.41117256
41	0.33223667
42	0.38463223
43	0.42939263
44	0.40789243
45	0.43349883
46	0.33701162
47	0.40512690
48	0.39767739
49	0.36995605
50	0.42763564
51	0.41004976
52	0.22973237
53	0.40361284
54	0.41374146
55	0.42894810
56	0.41457041
57	0.37807808
58	0.40680396
59	0.32770483
60	0.29571709
61	0.39849883
62	0.43530112
63	0.31232939
64	0.38954570
65	0.41931519
66	0.40173003
67	0.37728354
68	0.33262485
69	0.40547832
70	0.42892271
71	0.35580083
72	0.33077886
73	0.32783076
74	0.25701284
75	0.33414580
76	0.29605776
77	0.40235859
78	0.38752183
79	0.36298721
80	0.31002466
81	0.31621582
82	0.36149097
83	0.39352607
84	0.39401313
85	0.38296323
86	0.36790488
87	0.42108804
88	0.31466729
89	0.26176226
90	0.43688486
91	0.32271396
92	0.33264561
93	0.38515352
94	0.38240640
95	0.29306719
96	0.28634043
97	0.36913862
98	0.24235024
99	0.27189565
100	0.40449731
101	0.28641626
102	0.41815439
103	0.35527222
104	0.37757866
105	0.33641523
106	0.37362651
107	0.33716782
108	0.33765703
109	0.38329150
110	0.31881509
111	0.30889893
112	0.42368975
113	0.28135986
114	0.43779976
115	0.38202031
116	0.33827422
117	0.30250352
118	0.32543159
119	0.26219951
120	0.28863770
121	0.28878081
122	0.37749370
123	0.32274619
124	0.29148066
125	0.37693501
126	0.19413838
127	0.33885752
128	0.32392095
129	0.43742349
130	0.34695210
131	0.25933105
132	0.31300166
133	0.22705127
134	0.37819868
135	0.27455527
136	0.31398101
137	0.26946978
138	0.38172988
139	0.21995820
140	0.21235229
141	0.30868101
142	0.33687417
143	0.29145898
144	0.28976582
145	0.28661274
146	0.29278403
147	0.36332612
148	0.27019214
149	0.39266753
150	0.26826709
151	0.33475938
152	0.27937568
153	0.34941138
154	0.32539502
155	0.23491318
156	0.30746440
157	0.27166045
158	0.38111772
159	0.31058999
160	0.26340747
161	0.38488354
162	0.20552837
163	0.26313047
164	0.34785244
165	0.34077705
166	0.31275640
167	0.24071562
168	0.36764814
169	0.30409922
170	0.29700137
171	0.21854160
172	0.36072764
173	0.31427627
174	0.31735288
175	0.25517114
176	0.28277959
177	0.33160991
178	0.41317300
179	0.30480186
180	0.25024541
181	0.21362427
182	0.25962358
183	0.35062529
184	0.31140137
185	0.23046606
186	0.24506514
187	0.29331133
188	0.39066655
189	0.38351748
190	0.30833599
191	0.27042114
192	0.30927324
193	0.38663799
194	0.23728853
195	0.32873184
196	0.33857124
197	0.23777397
198	0.34679160
199	0.21346758
200	0.38895342
201	0.28124722
202	0.35221738
203	0.33396201
204	0.21984170
205	0.34846143
206	0.31847432
207	0.23437012
208	0.27399448
209	0.30000161
210	0.20600718
211	0.34603193
212	0.24827402
213	0.19079253
214	0.19037070
215	0.22571812
216	0.37917812
217	0.25954653
218	0.26375366
219	0.30259272
220	0.31840166
221	0.26173823
222	0.35889751
223	0.27311104
224	0.24838545
225	0.35227769
226	0.25292759
227	0.33759263
228	0.21179536
229	0.27887378
230	0.30274702
231	0.23768823
232	0.33414551
233	0.23908936
234	0.31738364
235	0.24643848
236	0.28323770
237	0.23885229
238	0.38658281
239	0.27585327
240	0.28760703
241	0.33078013
242	0.25885034
243	0.35977212
244	0.23542173
245	0.24891592
246	0.29661309
247	0.28987554
248	0.20986235
249	0.28820835
250	0.27039502
251	0.28729561
252	0.25371812
253	0.26278154
254	0.21018447
255	0.35483325
256	0.23461763
257	0.26836255
258	0.28631978
259	0.27701519
260	0.19727798
261	0.23811245
262	0.30686348
263	0.25097329
264	0.29814370
265	0.23501650
266	0.30005010
267	0.21487339
268	0.25487886
269	0.31010605
270	0.29124922
271	0.17242812
272	0.33392905
273	0.31296846
274	0.22438774
275	0.25743379
276	0.24530762
277	0.32589673
278	0.29954814
279	0.34138125
280	0.31946846
281	0.29280605
282	0.29930552
283	0.22277114
284	0.27096133
285	0.28564326
286	0.26233149
287	0.35994551
288	0.29068320
289	0.28571113
290	0.28971431
291	0.27262915
292	0.25075405
293	0.17431270
294	0.28297837
295	0.23938516
296	0.35251343
297	0.26583169
298	0.27448931
299	0.30407437
300	0.32825781
301	0.26010537
302	0.29041016
303	0.24247314
304	0.24128486
305	0.34001260
306	0.22276641
307	0.22381870
308	0.31052930
309	0.30469209
310	0.27676465
311	0.25316807
312	0.24891274
313	0.16284565
314	0.24348516
315	0.33538828
316	0.22703594
317	0.33894019
318	0.21872168
319	0.28259966
320	0.23328306
321	0.31218540
322	0.27005356
323	0.20770278
324	0.23688232
325	0.26356753
326	0.24039287
327	0.29194487
328	0.31846118
329	0.18722192
330	0.28001313
331	0.19730117
332	0.22746177
333	0.25335483
334	0.28618232
335	0.21353296
336	0.29029658
337	0.25274229
338	0.38550088
339	0.21383257
340	0.23170625
341	0.26606206
342	0.25912144
343	0.24246299
344	0.27566655
345	0.17573325
346	0.16161768
347	0.27178022
348	0.24828223
349	0.22252002
350	0.24586958
351	0.25132065
352	0.21134297
353	0.16922710
354	0.25852280
355	0.23894644
356	0.26057666
357	0.21760283
358	0.26399741
359	0.31501729
360	0.22573540
361	0.22755391
362	0.32190415
363	0.29052773
364	0.21412764
365	0.22602925
366	0.23414297
367	0.31205801
368	0.22385132
369	0.25957290
370	0.25845239
371	0.20070225
372	0.29235674
373	0.27219521
374	0.24435000
375	0.19041279
376	0.19694775
377	0.17208682
378	0.20878291
379	0.23642847
380	0.28941689
381	0.29878657
382	0.22698730
383	0.26194624
384	0.28754663
385	0.21646650
386	0.28273174
387	0.22505327
388	0.20617510
389	0.28671870
390	0.23517002
391	0.19724482
392	0.22785327
393	0.25520693
394	0.21575288
395	0.22846572
396	0.25423628
397	0.25125093
398	0.26379121
399	0.23745391
400	0.20615801
401	0.22065430
402	0.25048354
403	0.35372026
404	0.25203364
405	0.22645391
406	0.26932925
407	0.24957397
408	0.25099526
409	0.19577065
410	0.20677319
411	0.30423848
412	0.17016460
413	0.19671699
414	0.20305923
415	0.21165811
416	0.28735327
417	0.21195264
418	0.22166045
419	0.20599614
420	0.22756338
421	0.23410464
422	0.20966543
423	0.24159272
424	0.28520254
425	0.18294189
426	0.28807876
427	0.19270762
428	0.35071724
429	0.33066196
430	0.24539658
431	0.27049390
432	0.17722114
433	0.24551963
434	0.34052588
435	0.26294614
436	0.21263770
437	0.20083486
438	0.33783887
439	0.21240181
440	0.24608291
441	0.29083730
442	0.30662803
443	0.16860239
444	0.22768174
445	0.25556865
446	0.26338442
447	0.24404897
448	0.21956260
449	0.27833037
450	0.23895103
451	0.25430586
452	0.20614458
453	0.23733638
454	0.18721333
455	0.20891572
456	0.24785962
457	0.26749707
458	0.16565449
459	0.27088843
460	0.16579873
461	0.24531528
462	0.26008979
463	0.31564395
464	0.21013110
465	0.27786631
466	0.24728755
467	0.31951548
468	0.20508213
469	0.23788413
470	0.17949614
471	0.20555698
472	0.26447979
473	0.23550044
474	0.20275635
475	0.22289526
476	0.25628608
477	0.21176211
478	0.24817305
479	0.14681714
480	0.29948862
481	0.28401450
482	0.19418159
483	0.23424741
484	0.25311826
485	0.19142529
486	0.23150068
487	0.24877095
488	0.29146055
489	0.19413096
490	0.23400469
491	0.22920005
492	0.19415049
493	0.22426484
494	0.24179727
495	0.23822896
496	0.25458950
497	0.26229590
498	0.23799312
499	0.22892725
500	0.25054365
501	0.21518140
502	0.27954180
503	0.21929150
504	0.27157622
505	0.20688486
506	0.19027461
507	0.23201279
508	0.22349175
509	0.16952930
510	0.23420176
511	0.20460669
512	0.27880840
513	0.22242461
514	0.20177144
515	0.23450073
516	0.30361724
517	0.24665635
518	0.24265488
519	0.22922271
520	0.19159624
521	0.20609478
522	0.23991094
523	0.26575557
524	0.19261216
525	0.21404233
526	0.21091680
527	0.25876445
528	0.20591558
529	0.21466138
530	0.20797344
531	0.20240361
532	0.20701143
533	0.22239292
534	0.20266167
535	0.25659683
536	0.26963042
537	0.23784634
538	0.26206821
539	0.19368105
540	0.20915244
541	0.29302041
542	0.22366621
543	0.19013711
544	0.23287246
545	0.21941831
546	0.20915171
547	0.20898350
548	0.21026855
549	0.26440679
550	0.20332485
551	0.23197139
552	0.21846699
553	0.21976875
554	0.22779111
555	0.20705923
556	0.21274712
557	0.21157109
558	0.29632578
559	0.20207471
560	0.15959800
561	0.23571040
562	0.24735991
563	0.25392866
564	0.23153325
565	0.24956689
566	0.17387227
567	0.21663057
568	0.31112261
569	0.19746099
570	0.23876938
571	0.21910166
572	0.26211816
573	0.20418354
574	0.23280430
575	0.20399487
576	0.20026133
577	0.22188086
578	0.23496582
579	0.21940132
580	0.19923770
581	0.20837402
582	0.21209370
583	0.18271875
584	0.23690342
585	0.21003735
586	0.24456978
587	0.25495669
588	0.22495479
589	0.23826724
590	0.20071016
591	0.26344272
592	0.20907207
593	0.21818604
594	0.23662373
595	0.22214370
596	0.27242651
597	0.24857246
598	0.29808013
599	0.25338975
600	0.19521631
601	0.24059561
602	0.19999805
603	0.24276792
604	0.20091689
605	0.20065464
606	0.29873276
607	0.25397700
608	0.17420078
609	0.17608550
610	0.14857896
611	0.26625034
612	0.23113394
613	0.19888301
614	0.22275928
615	0.16263501
616	0.26339868
617	0.16187847
618	0.24332324
619	0.20127163
620	0.21932642
621	0.26501699
622	0.21008975
623	0.28064648
624	0.23123052
625	0.20686631
626	0.19885127
627	0.14617363
628	0.22000288
629	0.19693975
630	0.21712822
631	0.18785957
632	0.28159653
633	0.19484009
634	0.25676333
635	0.23934277
636	0.29848623
637	0.16805742
638	0.20083477
639	0.23090171
640	0.23704048
641	0.27166660
642	0.23838550
643	0.24913442
644	0.28793047
645	0.21729155
646	0.29319243
647	0.23841992
648	0.23669980
649	0.25578237
650	0.21343701
651	0.19463999
652	0.25986182
653	0.19655347
654	0.23889258
655	0.25808262
656	0.19614678
657	0.22388989
658	0.19906362
659	0.22109180
660	0.19328677
661	0.18007505
662	0.19501333
663	0.18772271
664	0.20580464
665	0.23402163
666	0.18046987
667	0.31070547
668	0.18810088
669	0.18397422
670	0.17570615
671	0.22413687
672	0.16154370
673	0.13217217
674	0.19140845
675	0.26157456
676	0.23563013
677	0.20647720
678	0.18314395
679	0.16528677
680	0.18777744
681	0.22080947
682	0.17683286
683	0.21139468
684	0.21192158
685	0.26703101
686	0.18176133
687	0.23098691
688	0.29172266
689	0.21588862
690	0.18959351
691	0.17278882
692	0.21921235
693	0.21028086
694	0.19594937
695	0.15688398
696	0.24475220
697	0.24197720
698	0.22727705
699	0.26736577
700	0.15632822
701	0.21215488
702	0.18304282
703	0.17099160
704	0.16413921
705	0.15209893
706	0.20533647
707	0.18516196
708	0.18869731
709	0.20433740
710	0.18440469
711	0.21813252
712	0.25491992
713	0.17634043
714	0.21231157
715	0.17115117
716	0.25311724
717	0.20990537
718	0.21912310
719	0.24436201
720	0.22917563
721	0.19124785
722	0.22863950
723	0.21456743
724	0.21220850
725	0.23947402
726	0.19647930
727	0.15653696
728	0.20134619
729	0.17420439
730	0.14281279
731	0.19979102
732	0.20882949
733	0.16973687
734	0.17306328
735	0.23248579
736	0.20394409
737	0.20002100
738	0.21277495
739	0.18856006
740	0.20858237
741	0.20669941
742	0.18033555
743	0.21312305
744	0.18166245
745	0.22137324
746	0.30354600
747	0.16884932
748	0.19141846
749	0.15885742
750	0.24860010
751	0.18640801
752	0.13636914
753	0.22928203
754	0.16092266
755	0.21436514
756	0.18770063
757	0.28257988
758	0.20101533
759	0.16018940
760	0.20382886
761	0.18770659
762	0.23980068
763	0.21204976
764	0.19064199
765	0.16889712
766	0.19475142
767	0.23390596
768	0.17476279
769	0.19061997
770	0.18519424
771	0.21769829
772	0.21177134
773	0.21063018
774	0.25446943
775	0.18916323
776	0.24740762
777	0.20472974
778	0.18472085
779	0.24085908
780	0.19781362
781	0.21629502
782	0.21048335
783	0.20391123
784	0.19849556
785	0.16721724
786	0.20596167
787	0.19535615
788	0.23938384
789	0.19581221
790	0.21567974
791	0.27360967
792	0.19781353
793	0.20676895
794	0.20754282
795	0.22155405
796	0.15469214
797	0.16890171
798	0.17694927
799	0.22729741
800	0.19920469
801	0.20610337
802	0.15260039
803	0.20809941
804	0.25537676
805	0.20837490
806	0.19633555
807	0.19136748
808	0.20309980
809	0.15878760
810	0.29253574
811	0.28017007
812	0.22907109
813	0.18023633
814	0.16860757
815	0.27728608
816	0.16305654
817	0.14597866
818	0.22271729
819	0.18668955
820	0.16190537
821	0.20041904
822	0.18673062
823	0.22003276
824	0.23086050
825	0.21468213
826	0.20955947
827	0.22808569
828	0.18305483
829	0.17995669
830	0.20169893
831	0.15174556
832	0.17936025
833	0.21149609
834	0.19964346
835	0.27704561
836	0.22605557
837	0.27447793
838	0.21761333
839	0.15546489
840	0.17407134
841	0.18936392
842	0.18310181
843	0.22504746
844	0.15271855
845	0.15832129
846	0.14268511
847	0.19270918
848	0.18488359
849	0.18844409
850	0.20667271
851	0.23488667
852	0.17970752
853	0.19503193
854	0.20370210
855	0.17544995
856	0.17992026
857	0.20771997
858	0.14737148
859	0.19862598
860	0.21787344
861	0.21003335
862	0.17754644
863	0.14735103
864	0.23188159
865	0.23013442
866	0.18221792
867	0.22614639
868	0.22388403
869	0.15720601
870	0.23111860
871	0.20188730
872	0.19418667
873	0.15722700
874	0.21324727
875	0.16835752
876	0.19570298
877	0.16672759
878	0.19027998
879	0.18144224
880	0.25556387
881	0.22437417
882	0.18911509
883	0.13348989
884	0.22985103
885	0.17826367
886	0.18618140
887	0.23951064
888	0.16320493
889	0.21215991
890	0.12966025
891	0.18166587
892	0.16354517
893	0.22481094
894	0.20285186
895	0.18572241
896	0.16526333
897	0.20668428
898	0.21933242
899	0.18138921
900	0.17345024
901	0.19017085
902	0.12375586
903	0.20936167
904	0.18938501
905	0.20405098
906	0.22701172
907	0.17934492
908	0.18056240
909	0.18496836
910	0.17727700
911	0.18347261
912	0.15167661
913	0.19432515
914	0.17191860
915	0.18686387
916	0.18781963
917	0.12141382
918	0.13645771
919	0.17455654
920	0.23000679
921	0.20326694
922	0.25134995
923	0.17200234
924	0.22010049
925	0.19920249
926	0.16705757
927	0.21190220
928	0.16965830
929	0.13987168
930	0.19788198
931	0.19719761
932	0.19708203
933	0.15353701
934	0.14537339
935	0.13337217
936	0.18479932
937	0.17342261
938	0.19779824
939	0.14073687
940	0.16390083
941	0.22767505
942	0.22187905
943	0.17985093
944	0.19137036
945	0.22692407
946	0.20579849
947	0.17705103
948	0.23409258
949	0.15812041
950	0.18487310
951	0.19040791
952	0.18574727
953	0.17633770
954	0.21676685
955	0.17907910
956	0.21010044
957	0.24101318
958	0.20281704
959	0.17566255
960	0.22948062
961	0.19819497
962	0.20712681
963	0.21751738
964	0.21614248
965	0.14288418
966	0.15489443
967	0.20204478
968	0.14916641
969	0.14891001
970	0.21809810
971	0.12262998
972	0.19532964
973	0.13834883
974	0.22183862
975	0.20961055
976	0.21245718
977	0.18179014
978	0.19309932
979	0.20722051
980	0.17273862
981	0.13428145
982	0.13915767
983	0.18159795
984	0.17255767
985	0.19746123
986	0.16910288
987	0.16392612
988	0.15389194
989	0.24017607
990	0.14052285
991	0.14388750
992	0.19151978
993	0.12025249
994	0.20168696
995	0.24621255
996	0.19268447
997	0.14997578
998	0.18159873
999	0.21048711
1000	0.21263105
1001	0.16930825
1002	0.20598828
1003	0.20631753
1004	0.17744443
1005	0.18251689
1006	0.20590425
1007	0.15661904
1008	0.18530889
1009	0.10850132
1010	0.21744346
1011	0.20769761
1012	0.20870146
1013	0.20170229
1014	0.15732227
1015	0.21105420
1016	0.18274907
1017	0.22865352
1018	0.19098784
1019	0.21855005
1020	0.17260503
1021	0.15534106
1022	0.19976563
1023	0.18465605
1024	0.17635454
1025	0.18630571
1026	0.21054844
1027	0.15158545
1028	0.17741182
1029	0.17311084
1030	0.21342437
1031	0.15072124
1032	0.22049717
1033	0.16211406
1034	0.16236313
1035	0.23380718
1036	0.19079775
1037	0.20084053
1038	0.21882153
1039	0.23315708
1040	0.17671079
1041	0.19029434
1042	0.14428306
1043	0.20519565
1044	0.17064663
1045	0.20843022
1046	0.16644038
1047	0.22389185
1048	0.15773228
1049	0.18245244
1050	0.18892891
1051	0.21874839
1052	0.18126631
1053	0.18736182
1054	0.13690107
1055	0.10136821
1056	0.18239146
1057	0.12459155
1058	0.20150757
1059	0.17043589
1060	0.16636147
1061	0.21239116
1062	0.14739131
1063	0.17785249
1064	0.19244673
1065	0.19401348
1066	0.19337612
1067	0.16022871
1068	0.15260293
1069	0.17084570
1070	0.19308896
1071	0.14063145
1072	0.15175430
1073	0.20266089
1074	0.19883140
1075	0.18485879
1076	0.17921699
1077	0.18224502
1078	0.17831313
1079	0.22347715
1080	0.14861440
1081	0.16327681
1082	0.16296343
1083	0.12175859
1084	0.16358740
1085	0.11893203
1086	0.18876260
1087	0.17420581
1088	0.16478320
1089	0.14102974
1090	0.19584609
1091	0.15474766
1092	0.23538613
1093	0.20426270
1094	0.13554062
1095	0.20789653
1096	0.18257158
1097	0.23219609
1098	0.19893271
1099	0.12486304
1100	0.17704272
1101	0.19326792
1102	0.12514687
1103	0.13897183
1104	0.20817671
1105	0.14563442
1106	0.14344717
1107	0.14736685
1108	0.17356094
1109	0.17864243
1110	0.16417485
1111	0.21239087
1112	0.19009951
1113	0.17355454
1114	0.15588647
1115	0.19264917
1116	0.19930356
1117	0.12622554
1118	0.18398945
1119	0.13715654
1120	0.19291953
1121	0.17534678
1122	0.17421606
1123	0.12738379
1124	0.23039053
1125	0.17805269
1126	0.16275786
1127	0.14887578
1128	0.18225312
1129	0.18777578
1130	0.29514829
1131	0.23362207
1132	0.21865752
1133	0.21267090
1134	0.18312324
1135	0.15946108
1136	0.23125435
1137	0.15846050
1138	0.22086196
1139	0.17358745
1140	0.15494971
1141	0.24280142
1142	0.14505405
1143	0.14607954
1144	0.13954097
1145	0.18839565
1146	0.18632700
1147	0.21116216
1148	0.10794663
1149	0.14256953
1150	0.16526069
1151	0.15955605
1152	0.17721885
1153	0.17970220
1154	0.22028623
1155	0.14286587
1156	0.16881064
1157	0.20073027
1158	0.22621455
1159	0.14349692
1160	0.24651909
1161	0.26506006
1162	0.11647705
1163	0.20038662
1164	0.21683286
1165	0.11530537
1166	0.18276436
1167	0.22272515
1168	0.21984717
1169	0.19980352
1170	0.15843130
1171	0.15630044
1172	0.19578115
1173	0.19231665
1174	0.18992461
1175	0.16381333
1176	0.16613853
1177	0.12860977
1178	0.20080288
1179	0.18823135
1180	0.16762881
1181	0.21488975
1182	0.12833662
1183	0.21073057
1184	0.20602720
1185	0.24859551
1186	0.18974463
1187	0.15387700
1188	0.13438691
1189	0.14717832
1190	0.23976563
1191	0.11240317
1192	0.14922939
1193	0.14889683
1194	0.15524136
1195	0.17683325
1196	0.17482144
1197	0.14905381
1198	0.18203970
1199	0.09880063
1200	0.13895576
1201	0.15933105
1202	0.21104673
1203	0.15192656
1204	0.13289468
1205	0.14527114
1206	0.15880405
1207	0.17249912
1208	0.19272598
1209	0.15978447
1210	0.18024062
1211	0.18408545
1212	0.17652974
1213	0.19015132
1214	0.17336152
1215	0.18247759
1216	0.15804048
1217	0.16356108
1218	0.16621108
1219	0.16399180
1220	0.11715054
1221	0.19647480
1222	0.18434697
1223	0.22166450
1224	0.22665498
1225	0.17556133
1226	0.15613813
1227	0.15362778
1228	0.19500713
1229	0.20604238
1230	0.20876206
1231	0.19518867
1232	0.12160820
1233	0.22033311
1234	0.13792959
1235	0.22527046
1236	0.18369878
1237	0.14210625
1238	0.16845977
1239	0.14715884
1240	0.13999116
1241	0.17695322
1242	0.17292461
1243	0.14549185
1244	0.18273091
1245	0.16004688
1246	0.12416670
1247	0.22250879
1248	0.17517505
1249	0.18199150
1250	0.20782813
1251	0.16514355
1252	0.18371533
1253	0.15296650
1254	0.14257666
1255	0.13080342
1256	0.16797227
1257	0.17678491
1258	0.19315151
1259	0.16511626
1260	0.17885220
1261	0.20388916
1262	0.14663770
1263	0.16586123
1264	0.16199126
1265	0.15572261
1266	0.10787114
1267	0.13239434
1268	0.14892861
1269	0.19329155
1270	0.16432075
1271	0.17122358
1272	0.16572666
1273	0.22434639
1274	0.16752046
1275	0.16288037
1276	0.19839648
1277	0.19276567
1278	0.13166543
1279	0.14684453
1280	0.14914321
1281	0.15934160
1282	0.14982773
1283	0.20997817
1284	0.18072993
1285	0.21762012
1286	0.17266973
1287	0.22785220
1288	0.19691333
1289	0.20856572
1290	0.15603745
1291	0.13454995
1292	0.20759482
1293	0.18794897
1294	0.19352271
1295	0.19624004
1296	0.15804468
1297	0.17605000
1298	0.17296465
1299	0.19646553
1300	0.19332925
1301	0.11240015
1302	0.13228130
1303	0.18597051
1304	0.19225098
1305	0.19863862
1306	0.13780215
1307	0.16917051
1308	0.19286699
1309	0.15114370
1310	0.10804883
1311	0.18275889
1312	0.19238579
1313	0.17044448
1314	0.17104619
1315	0.18752905
1316	0.20691245
1317	0.19294463
1318	0.19011782
1319	0.18392485
1320	0.17860327
1321	0.15127764
1322	0.14206938
1323	0.15742090
1324	0.21746396
1325	0.17176460
1326	0.12595723
1327	0.19582090
1328	0.14846250
1329	0.13115874
1330	0.11941558
1331	0.16650757
1332	0.13989355
1333	0.18086353
1334	0.17661289
1335	0.13678433
1336	0.18083276
1337	0.18654663
1338	0.19105049
1339	0.15906943
1340	0.16366050
1341	0.16950518
1342	0.14530366
1343	0.14779390
1344	0.18102300
1345	0.19105962
1346	0.19825356
1347	0.10797832
1348	0.18544746
1349	0.18045190
1350	0.13148423
1351	0.14627070
1352	0.19446309
1353	0.11805503
1354	0.20366904
1355	0.15107109
1356	0.18654434
1357	0.16076377
1358	0.16414341
1359	0.12024204
1360	0.18620991
1361	0.20952578
1362	0.20682378
1363	0.21523154
1364	0.15139399
1365	0.17509116
1366	0.22037583
1367	0.19076182
1368	0.21159395
1369	0.15310205
1370	0.12338711
1371	0.20852671
1372	0.20304224
1373	0.15931909
1374	0.17237026
1375	0.15688501
1376	0.15457085
1377	0.10726177
1378	0.21928491
1379	0.17720581
1380	0.16265596
1381	0.22916514
1382	0.20320659
1383	0.19750381
1384	0.20405791
1385	0.19789238
1386	0.17497349
1387	0.21656670
1388	0.18412075
1389	0.14024800
1390	0.09467979
1391	0.16068579
1392	0.09661924
1393	0.17335762
1394	0.15190469
1395	0.16305400
1396	0.15363882
1397	0.15822212
1398	0.16003589
1399	0.15491782
1400	0.18747124
1401	0.15988735
1402	0.20734473
1403	0.18219028
1404	0.14529326
1405	0.20822983
1406	0.17642905
1407	0.11229658
1408	0.18260293
1409	0.14711118
1410	0.17251841
1411	0.18602461
1412	0.11449399
1413	0.18986001
1414	0.20247148
1415	0.18979458
1416	0.18518354
1417	0.16905845
1418	0.16393618
1419	0.14706431
1420	0.13732627
1421	0.13127856
1422	0.16546968
1423	0.21706953
1424	0.16401011
1425	0.22136533
1426	0.15659331
1427	0.14684160
1428	0.13689478
1429	0.20584380
1430	0.13961006
1431	0.22657686
1432	0.20148369
1433	0.20844448
1434	0.13075962
1435	0.15260684
1436	0.13430190
1437	0.18906245
1438	0.21547280
1439	0.13460063
1440	0.17375664
1441	0.17323647
1442	0.21922817
1443	0.18881948
1444	0.12201055
1445	0.22863101
1446	0.18019746
1447	0.21783389
1448	0.14922915
1449	0.19115439
1450	0.12514800
1451	0.18515439
1452	0.14938770
1453	0.14315483
1454	0.13107896
1455	0.14207583
1456	0.24046182
1457	0.17125400
1458	0.19189678
1459	0.18301704
1460	0.14888335
1461	0.16053530
1462	0.17373262
1463	0.15912891
1464	0.11873960
1465	0.15020381
1466	0.14802598
1467	0.17794463
1468	0.18076563
1469	0.19160176
1470	0.17080542
1471	0.18959263
1472	0.16447959
1473	0.15564858
1474	0.17802109
1475	0.18912280
1476	0.15830439
1477	0.17933164
1478	0.17068203
1479	0.20913564
1480	0.17776479
1481	0.19569434
1482	0.17237261
1483	0.18344438
1484	0.17206616
1485	0.16053320
1486	0.17315645
1487	0.17062212
1488	0.15232012
1489	0.21626963
1490	0.13590435
1491	0.17164546
1492	0.18181602
1493	0.18408936
1494	0.18698350
1495	0.16204756
1496	0.12935728
1497	0.13819072
1498	0.15745547
1499	0.15362222
1500	0.12191343
1501	0.20193892
1502	0.19323740
1503	0.17939741
1504	0.18825874
1505	0.13535259
1506	0.18913755
1507	0.18043325
1508	0.17988599
1509	0.15099224
1510	0.19986953
1511	0.12540347
1512	0.22062134
1513	0.13045898
1514	0.16208389
1515	0.21055454
1516	0.16059272
1517	0.18252783
1518	0.18903638
1519	0.18027563
1520	0.15666416
1521	0.12471919
1522	0.19116753
1523	0.15274595
1524	0.20627197
1525	0.14417207
1526	0.16610610
1527	0.15485669
1528	0.17111201
1529	0.15061689
1530	0.14991289
1531	0.15352593
1532	0.14949814
1533	0.19814434
1534	0.16849585
1535	0.15538687
1536	0.19179893
1537	0.12320078
1538	0.18629956
1539	0.21257822
1540	0.13204878
1541	0.16169487
1542	0.18251606
1543	0.18809106
1544	0.20431187
1545	0.18762803
1546	0.16231479
1547	0.19416992
1548	0.16000811
1549	0.15083813
1550	0.16022515
1551	0.15100293
1552	0.17808965
1553	0.13195723
1554	0.14033052
1555	0.16699219
1556	0.13949502
1557	0.15129077
1558	0.12313447
1559	0.11680503
1560	0.13710376
1561	0.14792686
1562	0.16596411
1563	0.14509121
1564	0.11228447
1565	0.13241045
1566	0.17816694
1567	0.17985835
1568	0.13698232
1569	0.20276948
1570	0.18496411
1571	0.13817949
1572	0.19735342
1573	0.13715962
1574	0.11497207
1575	0.13753945
1576	0.09633711
1577	0.14620825
1578	0.19644131
1579	0.16972163
1580	0.19595718
1581	0.14290659
1582	0.15531392
1583	0.13247134
1584	0.20128618
1585	0.14278525
1586	0.11775850
1587	0.14769014
1588	0.17767549
1589	0.14714541
1590	0.13881123
1591	0.21563706
1592	0.17875483
1593	0.14091919
1594	0.19767749
1595	0.13430396
1596	0.14568696
1597	0.14136362
1598	0.14925801
1599	0.18916069
1600	0.15998613
1601	0.14584399
1602	0.15101274
1603	0.12274482
1604	0.10611323
1605	0.17467393
1606	0.16210391
1607	0.12304482
1608	0.20334399
1609	0.15701245
1610	0.11424478
1611	0.13338271
1612	0.13794185
1613	0.16650493
1614	0.17095156
1615	0.17266885
1616	0.15387104
1617	0.16275312
1618	0.12184229
1619	0.17816909
1620	0.12717134
1621	0.15422295
1622	0.19773672
1623	0.13785649
1624	0.16675776
1625	0.12202637
1626	0.11792339
1627	0.16126660
1628	0.17363774
1629	0.14835361
1630	0.17376489
1631	0.10840586
1632	0.16525840
1633	0.17925977
1634	0.13443960
1635	0.12107212
1636	0.15511797
1637	0.18705615
1638	0.13767529
1639	0.15175312
1640	0.15305454
1641	0.16946650
1642	0.18358960
1643	0.17719844
1644	0.14315015
1645	0.16077061
1646	0.23296890
1647	0.11012266
1648	0.12009233
1649	0.10705186
1650	0.13845811
1651	0.19468535
1652	0.18032085
1653	0.13562500
1654	0.17537915
1655	0.13539365
1656	0.12636426
1657	0.19272876
1658	0.11183071
1659	0.19944126
1660	0.19498779
1661	0.22433364
1662	0.14792100
1663	0.21146851
1664	0.17745298
1665	0.18475308
1666	0.20136240
1667	0.11591025
1668	0.16109546
1669	0.16028926
1670	0.12136860
1671	0.19065269
1672	0.19806182
1673	0.18055967
1674	0.16800137
1675	0.17716973
1676	0.16528872
1677	0.18511523
1678	0.14712100
1679	0.15232192
1680	0.11617856
1681	0.10958828
1682	0.17155210
1683	0.21043574
1684	0.11754199
1685	0.14707700
1686	0.14978286
1687	0.10472910
1688	0.12782476
1689	0.13133428
1690	0.18643779
1691	0.15252544
1692	0.18176113
1693	0.14140493
1694	0.16304497
1695	0.15554038
1696	0.16928989
1697	0.15082778
1698	0.19375205
1699	0.17265137
1700	0.19987012
1701	0.17064756
1702	0.15278711
1703	0.10604990
1704	0.21193857
1705	0.20554546
1706	0.17364497
1707	0.10252515
1708	0.11770210
1709	0.20962510
1710	0.16770479
1711	0.09516655
1712	0.19649800
1713	0.22130957
1714	0.12782695
1715	0.15549854
1716	0.15449263
1717	0.14595747
1718	0.14069971
1719	0.14567290
1720	0.18548096
1721	0.17564521
1722	0.16764287
1723	0.12186362
1724	0.10987549
1725	0.18865063
1726	0.15847637
1727	0.18545312
1728	0.16626338
1729	0.10690244
1730	0.19711050
1731	0.13067905
1732	0.14569897
1733	0.12971328
1734	0.13732900
1735	0.17332676
1736	0.14557725
1737	0.13615313
1738	0.11905161
1739	0.21040161
1740	0.14656069
1741	0.17825435
1742	0.20748369
1743	0.16089517
1744	0.19636694
1745	0.18082764
1746	0.21643394
1747	0.11119976
1748	0.14949321
1749	0.15971572
1750	0.14580625
1751	0.18387920
1752	0.20076353
1753	0.16075352
1754	0.13117085
1755	0.14255571
1756	0.09721304
1757	0.21046768
1758	0.11298149
1759	0.15338271
1760	0.16020488
1761	0.11320874
1762	0.12528052
1763	0.16809658
1764	0.15216157
1765	0.21732676
1766	0.17540312
1767	0.19339468
1768	0.15808179
1769	0.11976909
1770	0.12091392
1771	0.19527969
1772	0.13761602
1773	0.17156807
1774	0.18623901
1775	0.17105400
1776	0.11470342
1777	0.17594966
1778	0.11905688
1779	0.15644360
1780	0.19199453
1781	0.16115044
1782	0.20430933
1783	0.08780586
1784	0.15118354
1785	0.20092495
1786	0.15931201
1787	0.11309204
1788	0.12854106
1789	0.14176821
1790	0.11308672
1791	0.15350923
1792	0.18386802
1793	0.15644849
1794	0.11437930
1795	0.12426982
1796	0.14994692
1797	0.14654443
1798	0.15151621
1799	0.18778501
1800	0.13939331
1801	0.10154800
1802	0.19737046
1803	0.18929771
1804	0.14618794
1805	0.11878950
1806	0.15957197
1807	0.11879429
1808	0.12415068
1809	0.18669849
1810	0.21882437
1811	0.15362827
1812	0.16186318
1813	0.14063755
1814	0.15273765
1815	0.16598125
1816	0.16583223
1817	0.16394556
1818	0.15750688
1819	0.10430605
1820	0.09997451
1821	0.14849844
1822	0.17053071
1823	0.12103813
1824	0.12507266
1825	0.14281963
1826	0.16110850
1827	0.10724741
1828	0.13468086
1829	0.16398193
1830	0.14615093
1831	0.10504346
1832	0.19500791
1833	0.16984702
1834	0.18959248
1835	0.14294814
1836	0.16563477
1837	0.14621216
1838	0.16442007
1839	0.18369141
1840	0.17826245
1841	0.15872549
1842	0.19087998
1843	0.15236855
1844	0.13110400
1845	0.16354375
1846	0.14256167
1847	0.14678257
1848	0.10006182
1849	0.12908979
1850	0.14321460
1851	0.16918110
1852	0.19002427
1853	0.17774170
1854	0.14745796
1855	0.18760181
1856	0.10125664
1857	0.14634199
1858	0.21285459
1859	0.17174897
1860	0.14932671
1861	0.21200684
1862	0.15215225
1863	0.14568135
1864	0.17874219
1865	0.14363330
1866	0.11826748
1867	0.11634248
1868	0.16781240
1869	0.10189268
1870	0.16196748
1871	0.15842153
1872	0.12230312
1873	0.18834863
1874	0.15961143
1875	0.12855098
1876	0.15390767
1877	0.17893125
1878	0.15426353
1879	0.15935571
1880	0.15180894
1881	0.18986104
1882	0.13899712
1883	0.14660630
1884	0.12937471
1885	0.12427944
1886	0.11364360
1887	0.17771011
1888	0.12661255
1889	0.11720972
1890	0.22302710
1891	0.18493677
1892	0.15394985
1893	0.15037832
1894	0.12980645
1895	0.12343828
1896	0.11132837
1897	0.19474985
1898	0.13661108
1899	0.15289448
1900	0.13352690
1901	0.14993472
1902	0.10170288
1903	0.15600723
1904	0.13462192
1905	0.17123745
1906	0.11907900
1907	0.13830698
1908	0.10724438
1909	0.16011235
1910	0.17575186
1911	0.19165239
1912	0.13839365
1913	0.11008369
1914	0.19047690
1915	0.12793369
1916	0.13925361
1917	0.19196348
1918	0.14764165
1919	0.17363555
1920	0.17328169
1921	0.15764146
1922	0.14967046
1923	0.14370547
1924	0.11475679
1925	0.14592534
1926	0.17363398
1927	0.14885063
1928	0.12173384
1929	0.14683604
1930	0.12536450
1931	0.17812026
1932	0.14816621
1933	0.16827031
1934	0.10424790
1935	0.20501909
1936	0.10748555
1937	0.12568091
1938	0.16675547
1939	0.20426982
1940	0.18579673
1941	0.16454316
1942	0.14149014
1943	0.17595181
1944	0.11730239
1945	0.22645171
1946	0.16638247
1947	0.11447271
1948	0.14438584
1949	0.16196670
1950	0.15380742
1951	0.15700786
1952	0.13046250
1953	0.15302954
1954	0.13712993
1955	0.14550127
1956	0.12983921
1957	0.15466841
1958	0.14481968
1959	0.14397051
1960	0.15418706
1961	0.19474370
1962	0.17560581
1963	0.19816479
1964	0.17049995
1965	0.21235669
1966	0.20662808
1967	0.13369751
1968	0.15042666
1969	0.19045205
1970	0.12659126
1971	0.18572905
1972	0.13089717
1973	0.14879585
1974	0.12383140
1975	0.14431406
1976	0.12889565
1977	0.16612144
1978	0.14071924
1979	0.14566582
1980	0.19377866
1981	0.17877344
1982	0.11077539
1983	0.12934414
1984	0.15966606
1985	0.14970107
1986	0.09953340
1987	0.09480088
1988	0.14092896
1989	0.13678701
1990	0.13517329
1991	0.15424067
1992	0.16824390
1993	0.14069927
1994	0.18941968
1995	0.14618506
1996	0.17754761
1997	0.10470400
1998	0.11784160
1999	0.18495439
2000	0.15799688
2001	0.13471445
2002	0.12948413
2003	0.16118696
2004	0.12680972
2005	0.17925361
2006	0.16349438
2007	0.13850039
2008	0.10951519
2009	0.10597144
2010	0.12003105
2011	0.12946133
2012	0.16279561
2013	0.20114595
2014	0.15797173
2015	0.12175801
2016	0.15835015
2017	0.12390430
2018	0.13835283
2019	0.13364751
2020	0.20098906
2021	0.18899404
2022	0.18483247
2023	0.15719702
2024	0.13199839
2025	0.09955854
2026	0.13009746
2027	0.16384761
2028	0.15115850
2029	0.09675908
2030	0.12691880
2031	0.12959111
2032	0.10848379
2033	0.12983726
2034	0.09935200
2035	0.14847852
2036	0.14352041
2037	0.14357314
2038	0.12893062
2039	0.13064561
2040	0.16669058
2041	0.14848579
2042	0.13238599
2043	0.09491245
2044	0.17115620
2045	0.09915815
2046	0.13986924
2047	0.11719185
