0	0.64319184
1	0.64340867
2	0.60213802
3	0.64325594
4	0.64494740
5	0.62048092
6	0.64489872
7	0.64524855
8	0.64383096
9	0.63368112
10	0.64539306
11	0.64382845
12	0.64493687
13	0.63837502
14	0.64489820
15	0.62126917
16	0.60732473
17	0.62584072
18	0.62952447
19	0.64167534
20	0.61023166
21	0.61029698
22	0.61368690
23	0.62635639
24	0.60020796
25	0.61566044
26	0.55776069
27	0.61618587
28	0.58572967
29	0.63242036
30	0.60889602
31	0.54183674
32	0.59719152
33	0.64433295
34	0.62219133
35	0.61476898
36	0.58711843
37	0.63981381
38	0.62429191
39	0.54578722
40	0.61426339
41	0.54212049
42	0.52674412
43	0.56666294
44	0.59063558
45	0.57152794
46	0.61914175
47	0.52100238
48	0.58486609
49	0.63286288
50	0.58711349
51	0.43515601
52	0.58726249
53	0.52320321
54	0.51881130
55	0.48569897
56	0.51815170
57	0.57400617
58	0.55915299
59	0.55339653
60	0.50552742
61	0.53969640
62	0.62136487
63	0.51099576
64	0.52103089
65	0.60453410
66	0.56079383
67	0.50160739
68	0.53435267
69	0.44634650
70	0.59620334
71	0.50160925
72	0.53522518
73	0.50225363
74	0.45869499
75	0.45560642
76	0.46070167
77	0.51798812
78	0.53657457
79	0.48178966
80	0.48593487
81	0.52411407
82	0.52929647
83	0.47661785
84	0.43927206
85	0.52926146
86	0.52249987
87	0.45213359
88	0.55516474
89	0.52516590
90	0.51917906
91	0.49036577
92	0.54761182
93	0.53343860
94	0.50688478
95	0.53918934
96	0.52851554
97	0.54084123
98	0.45571869
99	0.40114714
100	0.60111818
101	0.57553571
102	0.56073770
103	0.40650546
104	0.49104541
105	0.44712993
106	0.41753995
107	0.46162492
108	0.38622235
109	0.50747283
110	0.48260655
111	0.48451882
112	0.42895556
113	0.48719473
114	0.46187091
115	0.48423995
116	0.43028812
117	0.53670777
118	0.46113256
119	0.42351291
120	0.46531715
121	0.44309685
122	0.51263243
123	0.46443943
124	0.47762749
125	0.51434945
126	0.46840180
127	0.45284258
128	0.49920719
129	0.39674143
130	0.56565035
131	0.53723263
132	0.54024470
133	0.40291522
134	0.49193295
135	0.41833616
136	0.41884791
137	0.47901259
138	0.49326936
139	0.45940263
140	0.45610405
141	0.54960578
142	0.57669666
143	0.44629538
144	0.48828651
145	0.52449255
146	0.45915035
147	0.43273121
148	0.44279705
149	0.43275183
150	0.39930976
151	0.43008619
152	0.43024958
153	0.45403886
154	0.50527803
155	0.36842254
156	0.44799037
157	0.52169602
158	0.41614817
159	0.41032447
160	0.45131118
161	0.42112762
162	0.42450636
163	0.54436352
164	0.34810482
165	0.49717116
166	0.45905774
167	0.43771875
168	0.45304965
169	0.37700751
170	0.43249917
171	0.37180655
172	0.45872299
173	0.34984464
174	0.50315793
175	0.40504823
176	0.45854252
177	0.47803610
178	0.36830161
179	0.52674059
180	0.50461111
181	0.42412319
182	0.43103012
183	0.46499127
184	0.44085369
185	0.36669910
186	0.43747688
187	0.43706172
188	0.39691246
189	0.44792839
190	0.37031175
191	0.39521471
192	0.39949094
193	0.30715273
194	0.35765356
195	0.39009069
196	0.35424001
197	0.34639807
198	0.41274624
199	0.40537784
200	0.41085633
201	0.46906005
202	0.38344509
203	0.35757508
204	0.40766089
205	0.45538401
206	0.39682742
207	0.36701837
208	0.42540058
209	0.39034342
210	0.32128439
211	0.51472691
212	0.45033674
213	0.37936513
214	0.47647534
215	0.42097174
216	0.42410572
217	0.35263687
218	0.44384297
219	0.35671040
220	0.42900308
221	0.44024091
222	0.35177624
223	0.43596455
224	0.39718452
225	0.38401535
226	0.37120417
227	0.44568966
228	0.39001741
229	0.43742036
230	0.42651162
231	0.41005697
232	0.39880873
233	0.37540533
234	0.41507733
235	0.39032942
236	0.44839396
237	0.36805973
238	0.41603815
239	0.43531188
240	0.35651651
241	0.34584361
242	0.38257425
243	0.38952177
244	0.36204811
245	0.38455793
246	0.38576403
247	0.38645768
248	0.35468497
249	0.34203256
250	0.35809872
251	0.36103905
252	0.37895177
253	0.38613776
254	0.41631503
255	0.40296044
256	0.38944843
257	0.41979839
258	0.37998073
259	0.44030270
260	0.38775414
261	0.37651625
262	0.40600899
263	0.33686667
264	0.39006879
265	0.39654329
266	0.35907996
267	0.38055055
268	0.46328176
269	0.39496911
270	0.45698446
271	0.32902312
272	0.32434554
273	0.43000662
274	0.36773205
275	0.40297553
276	0.41200989
277	0.39315857
278	0.38345768
279	0.37463539
280	0.36364483
281	0.46529833
282	0.44582967
283	0.35022331
284	0.43174387
285	0.40965189
286	0.42529505
287	0.41299069
288	0.39299685
289	0.36646577
290	0.42256911
291	0.39047046
292	0.41286480
293	0.34706326
294	0.39149017
295	0.39368439
296	0.38309987
297	0.36642486
298	0.37166956
299	0.34749120
300	0.37009910
301	0.40998009
302	0.41058375
303	0.39846853
304	0.36521175
305	0.34892229
306	0.34717540
307	0.37303899
308	0.33723622
309	0.38104945
310	0.37433166
311	0.37986564
312	0.38440109
313	0.35079242
314	0.39119961
315	0.39453147
316	0.37245491
317	0.32427129
318	0.40675768
319	0.37529204
320	0.34410604
321	0.40250963
322	0.36313757
323	0.35157071
324	0.36693031
325	0.31075478
326	0.32812075
327	0.36714631
328	0.33840610
329	0.32400739
330	0.34558561
331	0.36105800
332	0.42555010
333	0.37480206
334	0.42016179
335	0.36174541
336	0.36746365
337	0.36439030
338	0.30311381
339	0.36900302
340	0.31075318
341	0.41103276
342	0.38076924
343	0.38284554
344	0.33121291
345	0.33819955
346	0.38399030
347	0.39029082
348	0.37278568
349	0.37479923
350	0.39944823
351	0.33948491
352	0.36619249
353	0.38565703
354	0.34158940
355	0.32625324
356	0.31850777
357	0.31148838
358	0.33258812
359	0.35434785
360	0.39175639
361	0.33876782
362	0.33466840
363	0.35779505
364	0.39786365
365	0.30521355
366	0.35966346
367	0.37753449
368	0.43510032
369	0.34476551
370	0.40984528
371	0.35339724
372	0.36974168
373	0.37263520
374	0.28713956
375	0.38198356
376	0.37096108
377	0.33222948
378	0.33042094
379	0.41222004
380	0.39861002
381	0.37095087
382	0.32934907
383	0.37440495
384	0.40527675
385	0.34076455
386	0.33884740
387	0.31543879
388	0.34205652
389	0.33508414
390	0.35787874
391	0.33407341
392	0.35268356
393	0.30841599
394	0.28798394
395	0.31799820
396	0.34379223
397	0.37824920
398	0.31630629
399	0.39034316
400	0.29713956
401	0.35945344
402	0.34484265
403	0.33657309
404	0.34838921
405	0.37519409
406	0.31988279
407	0.32960867
408	0.40885132
409	0.40658683
410	0.31591651
411	0.30829775
412	0.36215716
413	0.32626628
414	0.33364875
415	0.36687315
416	0.28829621
417	0.36499319
418	0.34896506
419	0.37092922
420	0.34090218
421	0.35850989
422	0.33440520
423	0.37607945
424	0.30454496
425	0.34698805
426	0.33266802
427	0.36411118
428	0.32829178
429	0.34609178
430	0.32926346
431	0.34271092
432	0.32791169
433	0.36410751
434	0.31624438
435	0.34491805
436	0.35929865
437	0.35205125
438	0.35561644
439	0.32771246
440	0.30264766
441	0.39573635
442	0.32619608
443	0.34041040
444	0.35176615
445	0.33711773
446	0.32543224
447	0.29682107
448	0.35666846
449	0.32911676
450	0.32807829
451	0.33315999
452	0.33827752
453	0.30031169
454	0.31369557
455	0.33044522
456	0.31650148
457	0.33790514
458	0.35398382
459	0.35339338
460	0.27087129
461	0.30892229
462	0.36841285
463	0.30347913
464	0.34053250
465	0.31187868
466	0.37001419
467	0.32655267
468	0.35470918
469	0.32060732
470	0.35506680
471	0.32491657
472	0.33614894
473	0.33490469
474	0.33416146
475	0.31216654
476	0.33065222
477	0.38550514
478	0.33109666
479	0.32915196
480	0.35634477
481	0.28746352
482	0.33569647
483	0.36086769
484	0.33670829
485	0.33262987
486	0.30765337
487	0.31401079
488	0.31121830
489	0.36288709
490	0.33069550
491	0.33611882
492	0.34571535
493	0.35329146
494	0.32257848
495	0.31600527
496	0.30595466
497	0.35301156
498	0.29580083
499	0.32774778
500	0.32524303
501	0.32061317
502	0.32841098
503	0.29771464
504	0.36047290
505	0.30166583
506	0.32089621
507	0.35233198
508	0.35217771
509	0.33872171
510	0.30319615
511	0.30670283
512	0.34338041
513	0.34582948
514	0.29955491
515	0.33374232
516	0.32169647
517	0.34246513
518	0.32731837
