0	0.66779108
1	0.65831302
2	0.64445386
3	0.61383836
4	0.64497473
5	0.66745626
6	0.66805881
7	0.66794459
8	0.66746709
9	0.66565916
10	0.65431253
11	0.66776837
12	0.63646100
13	0.66247912
14	0.65583376
15	0.65920998
16	0.65469731
17	0.66360120
18	0.65401868
19	0.65081642
20	0.65530410
21	0.65329441
22	0.57095499
23	0.63397955
24	0.65210715
25	0.64506341
26	0.60347757
27	0.65166093
28	0.61490637
29	0.65031479
30	0.59902838
31	0.65334084
32	0.60263907
33	0.61093786
34	0.65828719
35	0.61281373
36	0.61037410
37	0.64642300
38	0.55708231
39	0.58930106
40	0.62072689
41	0.62999115
42	0.64231607
43	0.56941210
44	0.53484593
45	0.63486638
46	0.58553383
47	0.65520913
48	0.65626143
49	0.65378705
50	0.63428917
51	0.54328358
52	0.53368160
53	0.59366306
54	0.61906497
55	0.64906369
56	0.62762512
57	0.63542187
58	0.57838563
59	0.55637714
60	0.51738832
61	0.58892541
62	0.60241649
63	0.52821394
64	0.59894197
65	0.58365471
66	0.57168167
67	0.59017254
68	0.51514487
69	0.60561408
70	0.55943694
71	0.55519540
72	0.45388606
73	0.55006737
74	0.58662123
75	0.49039455
76	0.53104062
77	0.53722668
78	0.46179016
79	0.54937749
80	0.48844728
81	0.56097721
82	0.49037530
83	0.53554784
84	0.60822399
85	0.54340736
86	0.56022357
87	0.59620948
88	0.60670361
89	0.40566469
90	0.44297693
91	0.52517318
92	0.58171748
93	0.48454140
94	0.42381670
95	0.54532611
96	0.46223914
97	0.46951401
98	0.57590736
99	0.50749229
100	0.51607021
101	0.54303935
102	0.49295782
103	0.46268337
104	0.60172873
105	0.47781649
106	0.44862286
107	0.45127650
108	0.46370686
109	0.47111097
110	0.40170970
111	0.57331812
112	0.43157700
113	0.41543050
114	0.43212173
115	0.48355902
116	0.52204890
117	0.55589575
118	0.45041967
119	0.45202590
120	0.54025244
121	0.50801387
122	0.49641203
123	0.50583376
124	0.58994544
125	0.42815442
126	0.45340283
127	0.47373758
128	0.47285421
129	0.54275336
130	0.53197764
131	0.45940885
132	0.43154466
133	0.48823680
134	0.48815492
135	0.48283227
136	0.48405860
137	0.51191677
138	0.50674055
139	0.43521677
140	0.50931557
141	0.49352251
142	0.44188839
143	0.45524020
144	0.54299745
145	0.48029306
146	0.47699759
147	0.46119745
148	0.44375173
149	0.45192477
150	0.49574777
151	0.49817063
152	0.53170771
153	0.52912902
154	0.45428139
155	0.44952767
156	0.46411826
157	0.48240418
158	0.49073546
159	0.54240057
160	0.51295591
161	0.54206964
162	0.36426023
163	0.41449866
164	0.41675725
165	0.41690977
166	0.44055683
167	0.44802859
168	0.48784452
169	0.39869618
170	0.54143928
171	0.41640630
172	0.43473638
173	0.42873086
174	0.37453149
175	0.48005414
176	0.41234444
177	0.47278379
178	0.48015025
179	0.39006150
180	0.53065216
181	0.37453439
182	0.40974522
183	0.42340517
184	0.43152187
185	0.37367799
186	0.43226391
187	0.46985584
188	0.39749278
189	0.46016589
190	0.45447318
191	0.55703241
192	0.42244600
193	0.46754650
194	0.50922753
195	0.42934890
196	0.36938783
197	0.45408160
198	0.42599101
199	0.43045400
200	0.36332208
201	0.48462668
202	0.56786369
203	0.42813694
204	0.33273383
205	0.45284317
206	0.49361967
207	0.46748089
208	0.40377282
209	0.44523864
210	0.47085053
211	0.43865655
212	0.45170644
213	0.38214402
214	0.47050318
215	0.44398995
216	0.48667035
217	0.40559993
218	0.41924303
219	0.42344416
220	0.48093163
221	0.39143836
222	0.46377268
223	0.37850290
224	0.45236872
225	0.49334763
226	0.44654381
227	0.36188521
228	0.40010467
229	0.46606072
230	0.41456469
231	0.43247792
232	0.54520962
233	0.37439002
234	0.45096716
235	0.44320856
236	0.37663036
237	0.40246589
238	0.47503043
239	0.36138521
240	0.39849851
241	0.37243921
242	0.46156214
243	0.46258889
244	0.41257105
245	0.34912335
246	0.40697926
247	0.39645081
248	0.41206858
249	0.45918075
250	0.39372456
251	0.38628103
252	0.37491996
253	0.37006150
254	0.39502838
255	0.40043723
256	0.40144544
257	0.40850290
258	0.39537551
259	0.45573921
260	0.40105060
261	0.38393128
262	0.40555280
263	0.39233793
264	0.40835272
265	0.39822328
266	0.42532392
267	0.39865421
268	0.42489406
269	0.39160134
270	0.42321267
271	0.41942364
272	0.38395499
273	0.45407551
274	0.43916730
275	0.37502590
276	0.37238917
277	0.40646398
278	0.38045952
279	0.37493397
280	0.41751614
281	0.44850078
282	0.41340262
283	0.40957863
284	0.43064636
285	0.44839873
286	0.44261083
287	0.39183602
288	0.42260396
289	0.32874176
290	0.40937452
291	0.35998712
292	0.35761670
293	0.36890651
294	0.38293878
295	0.43086483
296	0.40904027
297	0.37009965
298	0.46790495
299	0.37197841
300	0.38288549
301	0.39167665
302	0.36713100
303	0.42124600
304	0.37276051
305	0.39311005
306	0.42153248
307	0.43957212
308	0.40836016
309	0.41624211
310	0.36297537
311	0.38415669
312	0.36786709
313	0.38003822
314	0.37287297
315	0.38938854
316	0.40010198
317	0.38094126
318	0.38357021
319	0.48240793
320	0.40632045
321	0.46394678
322	0.36338075
323	0.40955584
324	0.35884933
325	0.42800269
326	0.38800743
327	0.34053008
328	0.39156299
329	0.43046249
330	0.40278294
331	0.31646667
332	0.35887700
333	0.37251274
334	0.41977212
335	0.37548684
336	0.37978047
337	0.36729406
338	0.40012633
339	0.35082831
340	0.39478500
341	0.36554444
342	0.37169285
343	0.32512576
344	0.43264154
345	0.34441401
346	0.37382689
347	0.41425704
348	0.32646405
349	0.39866334
350	0.42014735
351	0.40457247
352	0.35383977
353	0.41155648
354	0.37294671
355	0.42884183
356	0.41076108
357	0.40657891
358	0.33717417
359	0.41376596
360	0.36569328
361	0.42067516
362	0.39087396
363	0.37454735
364	0.34750835
365	0.40578790
366	0.33775053
367	0.35575046
368	0.34909965
369	0.42622923
370	0.49704076
371	0.41820920
372	0.39971246
373	0.34374515
374	0.32679639
375	0.33230389
376	0.34735244
377	0.34119115
378	0.36448726
379	0.35307941
380	0.37158358
381	0.36578018
382	0.34612300
383	0.38823786
384	0.36635117
385	0.33379363
386	0.35568337
387	0.32583878
388	0.34831260
389	0.34898309
390	0.32589009
391	0.36146907
392	0.37351288
393	0.35838493
394	0.36469335
395	0.37037941
396	0.33523284
397	0.34363298
398	0.38587226
399	0.31528040
400	0.34127948
401	0.38712201
402	0.42856369
403	0.32064777
404	0.35075704
405	0.35547282
406	0.37124720
407	0.35424459
408	0.40814013
409	0.37506037
410	0.36075379
411	0.34117268
412	0.39023546
413	0.41133454
414	0.35255662
415	0.42941543
416	0.36207084
417	0.28241338
418	0.34493949
419	0.32831104
420	0.34750623
421	0.31490163
422	0.33506306
423	0.37140679
424	0.34966957
425	0.32315768
426	0.34662739
427	0.40899264
428	0.35210616
429	0.38044119
430	0.33151875
431	0.36981918
432	0.36217806
433	0.36331677
434	0.34551883
435	0.37053496
436	0.38215301
437	0.34170764
438	0.33525754
439	0.34639597
440	0.32072895
441	0.35148309
442	0.36441890
443	0.36493043
444	0.40504282
445	0.36417509
446	0.35495096
447	0.38228938
448	0.39888209
449	0.36250885
450	0.35279703
451	0.35548033
452	0.34975138
453	0.37525810
454	0.35588981
455	0.35388790
456	0.35925081
457	0.36825916
458	0.38393786
459	0.31511791
460	0.33902810
461	0.33991543
462	0.32779285
463	0.35886440
464	0.36724190
465	0.35169752
466	0.34381946
467	0.40235704
468	0.34027035
469	0.35723043
470	0.36096660
