0	0.61413365
1	0.61127990
2	0.61565400
3	0.52847782
4	0.61473384
5	0.52462268
6	0.61680517
7	0.61462363
8	0.61656736
9	0.61695205
10	0.61684064
11	0.61590139
12	0.61237038
13	0.60543863
14	0.60945079
15	0.59516377
16	0.58297215
17	0.59917763
18	0.59295306
19	0.61124965
20	0.61132325
21	0.57102539
22	0.58760945
23	0.56742470
24	0.60619181
25	0.48233926
26	0.58858412
27	0.59683106
28	0.52769887
29	0.60814726
30	0.54657114
31	0.52186270
32	0.58313970
33	0.47389042
34	0.52743006
35	0.56909742
36	0.60591563
37	0.56579376
38	0.54447946
39	0.57525438
40	0.57808847
41	0.56881708
42	0.41313163
43	0.53102432
44	0.50724291
45	0.58383088
46	0.52253560
47	0.57314033
48	0.44632804
49	0.57370788
50	0.41125003
51	0.45991229
52	0.51968639
53	0.44549616
54	0.51589779
55	0.49535186
56	0.59004802
57	0.56516156
58	0.45598362
59	0.46898715
60	0.49925658
61	0.54190120
62	0.45813995
63	0.54369748
64	0.55327769
65	0.43013995
66	0.45053573
67	0.53507051
68	0.47939546
69	0.55355885
70	0.45897839
71	0.42573352
72	0.51504417
73	0.42330668
74	0.51850813
75	0.50774386
76	0.40511594
77	0.46337750
78	0.54419376
79	0.43048292
80	0.43574783
81	0.51394354
82	0.50045236
83	0.44452268
84	0.46482357
85	0.49541065
86	0.42120139
87	0.46133132
88	0.47290397
89	0.49471380
90	0.37324984
91	0.54750958
92	0.54856975
93	0.45511689
94	0.45026314
95	0.46120636
96	0.39308910
97	0.48244612
98	0.50125173
99	0.43490737
100	0.46657990
101	0.34609798
102	0.50833642
103	0.43805671
104	0.52493611
105	0.51075331
106	0.45543226
107	0.47101544
108	0.41841979
109	0.43188009
110	0.43234594
111	0.38932993
112	0.40502502
113	0.44271531
114	0.37913863
115	0.45869338
116	0.31723384
117	0.39688986
118	0.41232067
119	0.38567473
120	0.52176396
121	0.51669905
122	0.43286686
123	0.38894764
124	0.34656686
125	0.46661411
126	0.49180706
127	0.43153926
128	0.42546490
129	0.40008834
130	0.52368015
131	0.35376263
132	0.42957171
133	0.38246660
134	0.49136919
135	0.40743932
136	0.44930655
137	0.44055451
138	0.42853900
139	0.47643529
140	0.44654619
141	0.42477543
142	0.40348399
143	0.37184902
144	0.40634493
145	0.41814039
146	0.36874581
147	0.39048116
148	0.45249817
149	0.43143749
150	0.45484820
151	0.43280328
152	0.46240340
153	0.38370347
154	0.34208822
155	0.43429118
156	0.36768809
157	0.42506352
158	0.46631292
159	0.37068141
160	0.36902004
161	0.44259553
162	0.34999937
163	0.43638084
164	0.32121953
165	0.40335904
166	0.43777240
167	0.46610699
168	0.36262508
169	0.33647694
170	0.44366755
171	0.41649319
172	0.34400069
173	0.43646616
174	0.39541178
175	0.44496767
176	0.32683510
177	0.37384033
178	0.37798192
179	0.33646503
180	0.45486352
181	0.40172867
182	0.38344197
183	0.38961134
184	0.34286100
185	0.45239540
186	0.38935079
187	0.43336868
188	0.36396181
189	0.38329168
190	0.39278192
191	0.41344675
192	0.35014745
193	0.42531462
194	0.39841071
195	0.36010870
196	0.33531556
197	0.33486333
198	0.39746572
199	0.37402325
200	0.37285526
201	0.46078053
202	0.39893428
203	0.47290132
204	0.35507952
205	0.32286988
206	0.38069716
207	0.39015381
208	0.36618708
209	0.46053409
210	0.41113535
211	0.34354846
212	0.36066692
213	0.36686522
214	0.34527996
215	0.29514739
216	0.39354707
217	0.42312508
218	0.42094291
219	0.40245362
220	0.36363623
221	0.32192369
222	0.39876503
223	0.40149099
224	0.35067921
225	0.37656345
226	0.42917139
227	0.39056389
228	0.37865400
229	0.36469439
230	0.36817940
231	0.36352161
232	0.38007700
233	0.35777486
234	0.31655640
235	0.28910605
236	0.42719376
237	0.37229332
238	0.36159830
239	0.40964606
240	0.39052766
241	0.41743138
242	0.32545677
243	0.35059439
244	0.33476043
245	0.36032968
246	0.30730970
247	0.37304890
248	0.37478047
249	0.35255696
250	0.32915955
251	0.36017146
252	0.36968122
253	0.36089200
254	0.40497580
255	0.36495690
256	0.30642810
257	0.34189502
258	0.30072747
259	0.35899521
260	0.33155211
261	0.40052609
262	0.37509143
263	0.37647171
264	0.37037839
265	0.38553006
266	0.34605589
267	0.30524846
268	0.43883440
269	0.34111941
270	0.31216736
271	0.33311897
272	0.38799364
273	0.32916037
274	0.37613863
275	0.33409748
276	0.37960920
277	0.34599301
278	0.35901664
279	0.36892029
280	0.37300863
281	0.39083995
282	0.33825236
283	0.35729975
284	0.31585684
285	0.34100195
286	0.38388261
287	0.36139401
288	0.27344140
289	0.34489628
290	0.26905835
291	0.29579987
292	0.36774077
293	0.37660435
294	0.28539225
295	0.34487221
296	0.37848740
297	0.33624921
298	0.42083176
299	0.38949584
300	0.38086226
301	0.36332054
302	0.37391771
303	0.31195211
304	0.33376465
305	0.34596371
306	0.34349370
307	0.31104121
308	0.31353050
309	0.38596100
310	0.33439849
311	0.32338154
312	0.33112464
313	0.29748822
314	0.30638255
315	0.31916509
316	0.32787681
317	0.40934026
318	0.33752275
319	0.33413176
320	0.34661096
321	0.34225690
322	0.29822791
323	0.30862980
324	0.34861771
325	0.31460139
326	0.35692376
327	0.38685224
328	0.38113976
329	0.29070813
330	0.36061418
331	0.31939124
332	0.33686982
333	0.33141764
334	0.32111550
335	0.37351966
336	0.33675154
337	0.36387940
338	0.33524171
339	0.38089735
340	0.34850107
341	0.41020120
342	0.34244026
343	0.30216686
344	0.31056263
345	0.35194134
346	0.32450573
347	0.36388292
348	0.31006118
349	0.30090718
350	0.31759452
351	0.30683655
352	0.30998305
353	0.39372571
354	0.37367486
355	0.32813541
356	0.32164001
357	0.32240964
358	0.37920328
359	0.31998891
360	0.31140284
361	0.36045885
362	0.33188878
363	0.34376503
364	0.33978595
365	0.33304978
366	0.33075923
367	0.34212483
368	0.29399540
369	0.33365255
370	0.30561682
371	0.29279326
372	0.35774316
373	0.30501405
374	0.30591664
375	0.29336345
376	0.32375854
377	0.37110857
378	0.37873926
379	0.28239786
380	0.32240435
381	0.32784392
382	0.30936459
383	0.33528740
384	0.33199256
385	0.30672464
386	0.32504701
387	0.37948040
388	0.36371916
389	0.28928072
390	0.29197259
391	0.32030542
392	0.33399609
393	0.31078053
394	0.31420479
395	0.33948910
396	0.31289849
397	0.32652268
398	0.28177832
399	0.32149206
400	0.31647927
401	0.31736005
402	0.31914549
403	0.26157372
404	0.30448507
405	0.33480176
406	0.33908040
407	0.33360328
408	0.26096037
409	0.29396068
410	0.32594486
411	0.31069080
412	0.33520473
413	0.31856604
414	0.33333113
415	0.28661657
416	0.30261367
417	0.31768450
418	0.31032810
419	0.27902250
420	0.33771745
421	0.37884549
422	0.28540271
423	0.30095463
424	0.29241241
425	0.31102880
426	0.33261733
427	0.34424883
428	0.34712350
429	0.30776975
430	0.31921651
431	0.30987927
432	0.31020132
433	0.28965476
434	0.33335388
435	0.35112300
436	0.29919338
437	0.29938954
438	0.25405753
439	0.34816686
440	0.29645369
441	0.29571178
442	0.27366219
443	0.25977196
444	0.30755261
445	0.32420788
446	0.31922029
447	0.32027051
448	0.29765325
449	0.27467832
450	0.26059389
451	0.32818847
452	0.29731676
453	0.28192905
454	0.33154411
455	0.23948595
456	0.25252779
457	0.32681304
458	0.30946742
459	0.31468557
460	0.27210586
461	0.33505904
462	0.29517876
463	0.36554839
464	0.28836295
465	0.35327007
466	0.30525419
467	0.30767744
468	0.32888519
469	0.30417883
470	0.30562231
471	0.32648292
472	0.29371632
473	0.30509206
474	0.26537732
475	0.31406345
476	0.29076295
477	0.32834833
478	0.27909868
479	0.27358494
480	0.31532735
481	0.26921481
482	0.26608727
483	0.27758916
484	0.29084411
485	0.35189307
486	0.29382042
487	0.25102382
488	0.26802766
489	0.34728809
490	0.29324159
491	0.25730271
492	0.28776415
493	0.34534745
494	0.25327561
495	0.27394783
496	0.27552842
497	0.32319187
498	0.31461084
499	0.32330920
500	0.30123711
501	0.31132565
502	0.25729597
503	0.25209319
504	0.28891348
505	0.28309805
506	0.28308494
507	0.28228261
508	0.31371670
509	0.27334001
510	0.33447876
511	0.27488752
512	0.29786887
513	0.26980882
514	0.25173106
515	0.32217895
516	0.27216055
517	0.30351008
518	0.25567246
519	0.30812394
520	0.22733661
521	0.31024883
522	0.27124102
523	0.32546030
524	0.34057448
525	0.26636024
526	0.28788481
527	0.26819112
528	0.31916402
