0	0.64758859
1	0.62609706
2	0.64645273
3	0.64542316
4	0.60981933
5	0.64460130
6	0.64819201
7	0.64748866
8	0.64793784
9	0.64768675
10	0.64721571
11	0.63879761
12	0.64151516
13	0.63861113
14	0.64462582
15	0.62735519
16	0.60897568
17	0.63249925
18	0.63430567
19	0.61908340
20	0.56329235
21	0.60763053
22	0.63150827
23	0.62072507
24	0.57453955
25	0.59213641
26	0.50636516
27	0.63016236
28	0.60121291
29	0.48673914
30	0.60061537
31	0.62733388
32	0.54428142
33	0.63847138
34	0.62383525
35	0.53404720
36	0.59609713
37	0.59192896
38	0.62694003
39	0.59207398
40	0.60870191
41	0.51073183
42	0.58877254
43	0.54595403
44	0.58324720
45	0.59910553
46	0.59660014
47	0.49391913
48	0.49173969
49	0.55511557
50	0.50540601
51	0.61061038
52	0.54561154
53	0.59868456
54	0.59459665
55	0.55390492
56	0.51552350
57	0.46090492
58	0.51562316
59	0.47950075
60	0.60564850
61	0.57024508
62	0.44350417
63	0.44767862
64	0.50214153
65	0.42548811
66	0.37456721
67	0.54897015
68	0.49248163
69	0.60507719
70	0.48134447
71	0.49480881
72	0.49583852
73	0.45933333
74	0.59064296
75	0.52427459
76	0.61629044
77	0.53272138
78	0.51455499
79	0.56457015
80	0.53893067
81	0.60309399
82	0.50639720
83	0.52685307
84	0.57176919
85	0.55862889
86	0.57170055
87	0.47230833
88	0.55741120
89	0.52052575
90	0.52660348
91	0.52666878
92	0.45917855
93	0.41044884
94	0.59196626
95	0.53233777
96	0.48894481
97	0.39707589
98	0.40709016
99	0.46206462
100	0.47507015
101	0.40861790
102	0.50821236
103	0.49614208
104	0.52579365
105	0.39162158
106	0.44822124
107	0.45987828
108	0.49559092
109	0.46056837
110	0.48142384
111	0.43152643
112	0.52030601
113	0.49420683
114	0.51099980
115	0.48161598
116	0.55719030
117	0.45625485
118	0.46019173
119	0.48705014
120	0.52718272
121	0.47578702
122	0.45175089
123	0.47561564
124	0.56247350
125	0.52969986
126	0.52583859
127	0.42552281
128	0.43539816
129	0.50254160
130	0.40678907
131	0.54528839
132	0.44568572
133	0.51435034
134	0.47374495
135	0.43897152
136	0.48308572
137	0.44138941
138	0.47211298
139	0.48831755
140	0.44806530
141	0.45267370
142	0.40505867
143	0.46655813
144	0.54186195
145	0.54807015
146	0.43737582
147	0.46062678
148	0.55270717
149	0.46431079
150	0.47788217
151	0.47287575
152	0.36972015
153	0.52529187
154	0.45533996
155	0.37843859
156	0.46861031
157	0.38595410
158	0.45292889
159	0.42585383
160	0.45254809
161	0.32555266
162	0.49765786
163	0.35252705
164	0.41474788
165	0.51907753
166	0.53182650
167	0.39478046
168	0.35466018
169	0.42315574
170	0.49715895
171	0.43100758
172	0.42795403
173	0.48744290
174	0.43304242
175	0.44175342
176	0.41485854
177	0.39917117
178	0.40485519
179	0.35709112
180	0.45716298
181	0.36337302
182	0.47419945
183	0.43907213
184	0.49695034
185	0.48349399
186	0.40580505
187	0.37868238
188	0.43614604
189	0.44300553
190	0.41510280
191	0.40207117
192	0.47300984
193	0.38104836
194	0.39479044
195	0.42072548
196	0.38732794
197	0.43771202
198	0.45569064
199	0.42226469
200	0.38787234
201	0.41498361
202	0.48432179
203	0.39958470
204	0.39728668
205	0.39924139
206	0.44979221
207	0.42901796
208	0.44453087
209	0.45040792
210	0.38650936
211	0.45997418
212	0.41236878
213	0.35970731
214	0.40340485
215	0.41684925
216	0.43896735
217	0.37130164
218	0.42989078
219	0.37867261
220	0.38557131
221	0.40837384
222	0.40665355
223	0.43575505
224	0.45964993
225	0.38404269
226	0.46037637
227	0.46536858
228	0.37593955
229	0.39922029
230	0.36416557
231	0.38591790
232	0.43689228
233	0.42081393
234	0.43047712
235	0.36209098
236	0.36974536
237	0.39568033
238	0.36229296
239	0.45628313
240	0.42289010
241	0.39366988
242	0.38986735
243	0.43372452
244	0.39727329
245	0.38536940
246	0.38862439
247	0.37139665
248	0.36092036
249	0.36252152
250	0.38157978
251	0.38832910
252	0.39360519
253	0.38227780
254	0.37307814
255	0.40303811
256	0.38660936
257	0.47020423
258	0.35563183
259	0.41890895
260	0.37386393
261	0.35730560
262	0.39930895
263	0.41798115
264	0.33859768
265	0.47411516
266	0.38003060
267	0.37638463
268	0.30795984
269	0.36773887
270	0.33694173
271	0.34886687
272	0.38357766
273	0.43157930
274	0.37431387
275	0.32908333
276	0.34934775
277	0.42724536
278	0.34916072
279	0.38499180
280	0.34921974
281	0.38396209
282	0.37631011
283	0.43367883
284	0.37404187
285	0.33054426
286	0.40668682
287	0.40126339
288	0.44751195
289	0.35293538
290	0.35389194
291	0.40026134
292	0.43766004
293	0.41187070
294	0.37674365
295	0.38483204
296	0.41317459
297	0.40056339
298	0.35076557
299	0.35111571
300	0.31897787
301	0.37422439
302	0.35919310
303	0.40471503
304	0.35166175
305	0.37003805
306	0.32743415
307	0.41898292
308	0.37637172
309	0.33707910
310	0.39967083
311	0.31523866
312	0.39606072
313	0.34396428
314	0.40330765
315	0.33050840
316	0.37367780
317	0.41208545
318	0.37779085
319	0.35432473
320	0.44167384
321	0.36194098
322	0.36188245
323	0.38444631
324	0.42038251
325	0.42592575
326	0.36089624
327	0.43632391
328	0.35156742
329	0.34842671
330	0.36148777
331	0.40404556
332	0.38351421
333	0.37381175
334	0.38840895
335	0.35068327
336	0.34453600
337	0.31446810
338	0.30792077
339	0.39007992
340	0.41264105
341	0.38455690
342	0.38910786
343	0.34592391
344	0.41766769
345	0.36442937
346	0.32718798
347	0.35923757
348	0.32437855
349	0.39440765
350	0.31719809
351	0.34153941
352	0.37023320
353	0.35424877
354	0.31041127
355	0.35928613
356	0.37614836
357	0.35160943
358	0.32338695
359	0.34461277
360	0.33043654
361	0.30757657
362	0.40163231
363	0.34847439
364	0.37012179
365	0.36359249
366	0.38784003
367	0.36247514
368	0.32548907
369	0.37708613
370	0.37245888
371	0.40172240
372	0.36244378
373	0.31582090
374	0.36587541
375	0.39529221
376	0.30822568
377	0.37049638
378	0.36960000
379	0.35496619
380	0.37323941
381	0.34082240
382	0.35981216
383	0.30366428
384	0.31979747
385	0.34690806
386	0.33158716
387	0.34398279
388	0.39417240
389	0.36215143
390	0.37049085
391	0.33491824
392	0.32046489
393	0.28932719
394	0.31694734
395	0.34326510
396	0.28241066
397	0.35497753
398	0.37063531
399	0.30864932
400	0.33498675
401	0.39360731
402	0.32808005
403	0.30477193
404	0.35013757
405	0.31612623
406	0.28469699
407	0.31515560
408	0.32021455
409	0.30618764
410	0.34566571
411	0.42804447
412	0.30139078
413	0.29018887
414	0.35191817
415	0.35642561
416	0.30399611
417	0.35543272
418	0.33669522
419	0.35873217
420	0.35822964
421	0.32266701
422	0.30847404
423	0.32278736
424	0.32475266
425	0.38092643
426	0.35427534
427	0.35554891
428	0.33538313
429	0.35282117
430	0.33722923
431	0.34464781
432	0.34156667
433	0.32680225
434	0.34800806
435	0.32516626
436	0.33600219
437	0.31206113
438	0.31184016
439	0.32128600
440	0.33653361
441	0.32961851
442	0.32132486
443	0.36240949
444	0.33274187
445	0.37127391
446	0.32587643
447	0.32979023
448	0.29976202
449	0.33153791
450	0.33523538
451	0.37137124
452	0.36189986
453	0.33162117
454	0.36158087
455	0.33283046
456	0.32954898
457	0.29292391
458	0.34963408
459	0.31503941
460	0.31815294
461	0.33762992
462	0.31571223
463	0.33157158
464	0.31096072
465	0.29472008
466	0.33384139
467	0.31107992
468	0.34186004
469	0.32769119
470	0.31143689
471	0.34429331
472	0.30610833
473	0.31592145
474	0.27125239
475	0.33961305
476	0.33327575
477	0.30456933
478	0.35204857
479	0.35615410
480	0.30605048
481	0.27012596
482	0.29413955
483	0.33653128
484	0.28322179
485	0.27739481
486	0.35792186
487	0.32825471
