0 3
0 4
0 7
0 12
0 14
0 21
0 22
0 26
0 55
0 66
0 92
0 104
0 116
0 123
0 126
0 143
0 171
0 185
0 221
0 241
0 271
0 304
0 339
0 379
0 382
0 436
0 444
0 479
0 487
0 489
0 506
1 3
1 5
1 6
1 8
1 9
1 10
1 19
1 20
1 24
1 26
1 28
1 40
1 46
1 48
1 52
1 56
1 61
1 77
1 78
1 95
1 97
1 98
1 100
1 111
1 131
1 153
1 181
1 184
1 194
1 206
1 209
1 212
1 226
1 227
1 237
1 254
1 258
1 262
1 267
1 268
1 274
1 290
1 295
1 300
1 320
1 347
1 380
1 382
1 385
1 389
1 417
1 454
1 463
1 484
2 3
2 4
2 5
2 8
2 10
2 11
2 16
2 18
2 23
2 28
2 31
2 32
2 33
2 35
2 36
2 38
2 39
2 41
2 44
2 57
2 59
2 78
2 83
2 85
2 96
2 120
2 122
2 130
2 137
2 147
2 151
2 155
2 156
2 181
2 198
2 199
2 203
2 220
2 224
2 247
2 264
2 265
2 269
2 286
2 305
2 307
2 352
2 369
2 371
2 384
2 386
2 395
2 397
2 421
2 431
2 435
2 453
2 466
2 473
2 480
2 521
2 525
2 526
3 4
3 5
3 6
3 7
3 12
3 13
3 14
3 30
3 40
3 45
3 49
3 60
3 61
3 71
3 88
3 101
3 106
3 111
3 121
3 125
3 139
3 161
3 165
3 218
3 222
3 245
3 251
3 264
3 277
3 293
3 297
3 397
3 476
3 500
3 508
4 7
4 8
4 9
4 14
4 15
4 21
4 22
4 23
4 27
4 30
4 35
4 42
4 49
4 58
4 69
4 71
4 80
4 83
4 86
4 113
4 120
4 122
4 128
4 174
4 182
4 186
4 201
4 212
4 221
4 271
4 277
4 302
4 327
4 360
4 419
4 458
4 491
5 6
5 12
5 13
5 16
5 29
5 38
5 77
5 89
5 97
5 136
5 149
5 273
5 350
5 400
5 417
5 466
5 474
5 494
5 508
6 30
6 38
6 111
6 165
6 206
6 251
7 16
7 238
7 271
8 9
8 10
8 11
8 13
8 15
8 24
8 27
8 28
8 31
8 32
8 34
8 35
8 39
8 40
8 43
8 46
8 49
8 51
8 54
8 71
8 72
8 75
8 79
8 80
8 82
8 86
8 90
8 94
8 100
8 101
8 105
8 110
8 112
8 114
8 115
8 116
8 125
8 126
8 129
8 138
8 142
8 151
8 166
8 184
8 189
8 193
8 194
8 201
8 202
8 206
8 207
8 213
8 215
8 216
8 219
8 247
8 263
8 266
8 268
8 270
8 296
8 297
8 301
8 317
8 324
8 333
8 335
8 340
8 346
8 355
8 357
8 370
8 403
8 404
8 407
8 412
8 424
8 429
8 437
8 441
8 449
8 463
8 464
8 465
8 480
8 488
8 505
8 507
8 512
8 520
8 525
9 56
9 94
9 151
9 181
9 193
9 205
9 305
9 353
9 410
10 11
10 17
10 18
10 19
10 20
10 23
10 25
10 29
10 32
10 34
10 36
10 37
10 43
10 46
10 48
10 50
10 56
10 60
10 61
10 62
10 88
10 93
10 94
10 107
10 130
10 136
10 145
10 157
10 160
10 164
10 166
10 178
10 190
10 196
10 205
10 207
10 211
10 219
10 226
10 228
10 229
10 232
10 242
10 246
10 248
10 252
10 253
10 256
10 259
10 267
10 268
10 282
10 289
10 298
10 300
10 306
10 310
10 315
10 331
10 337
10 345
10 349
10 376
10 396
10 420
10 425
10 431
10 443
10 445
10 448
10 458
10 459
10 461
10 475
10 510
10 514
11 15
11 17
11 18
11 19
11 25
11 27
11 33
11 37
11 53
11 63
11 64
11 65
11 67
11 68
11 74
11 76
11 82
11 83
11 87
11 96
11 101
11 108
11 113
11 123
11 141
11 156
11 170
11 179
11 180
11 187
11 195
11 207
11 233
11 243
11 319
11 322
11 329
11 343
11 358
11 367
11 404
11 451
12 121
12 136
12 183
12 241
13 29
13 45
13 54
13 60
13 89
13 159
13 222
13 278
13 333
14 21
14 22
14 42
14 58
14 72
14 84
14 92
14 109
14 182
14 199
14 231
14 251
14 291
14 308
14 336
14 444
15 17
15 53
15 79
15 167
15 345
17 134
17 253
17 345
18 67
18 224
18 248
18 498
19 20
19 24
19 25
19 48
19 62
19 87
19 108
19 127
19 133
19 134
19 148
19 180
19 205
19 209
19 223
19 225
19 232
19 237
19 347
19 372
19 454
19 519
20 95
20 104
20 107
20 168
20 244
20 459
20 461
21 33
21 42
21 55
21 59
21 212
21 327
22 26
22 66
22 143
22 185
22 246
22 436
23 164
24 114
24 115
24 262
24 288
24 295
24 313
24 330
24 390
24 433
24 488
25 31
25 37
25 64
25 65
25 72
25 73
25 102
25 108
25 133
25 140
25 146
25 148
25 150
25 162
25 163
25 169
25 175
25 187
25 210
25 238
25 252
25 275
25 279
25 303
25 325
25 353
25 387
25 408
25 410
25 452
25 495
25 516
26 66
26 92
26 95
26 116
26 171
26 214
26 254
26 262
26 439
26 484
27 74
27 100
27 118
27 188
27 270
27 287
27 311
28 78
28 142
29 159
29 396
29 417
31 73
31 163
31 175
31 370
31 401
31 505
32 34
32 36
32 44
32 51
32 52
32 57
32 75
32 85
32 110
32 119
32 129
32 132
32 144
32 183
32 197
32 220
32 221
32 230
32 285
32 286
32 299
32 318
32 339
32 341
32 363
32 364
32 376
32 377
32 394
32 400
32 403
32 427
32 438
32 455
32 471
32 497
33 39
33 41
33 47
33 59
33 63
33 91
33 141
33 177
33 248
33 259
33 269
33 315
33 442
33 502
33 522
34 44
34 50
34 52
34 88
34 103
34 106
34 129
34 144
34 145
34 157
34 160
34 176
34 197
34 232
34 365
34 399
35 86
35 120
35 289
35 352
35 384
35 426
35 435
35 481
36 51
36 299
36 318
36 400
36 455
36 526
37 53
37 148
37 150
37 516
39 41
39 47
39 63
39 91
39 114
39 141
39 288
39 313
39 338
39 493
40 105
40 125
40 195
40 299
40 398
40 464
41 47
41 144
41 203
41 261
41 294
42 182
42 274
42 308
43 45
43 65
43 93
43 115
43 124
43 131
43 162
43 211
43 272
43 346
43 405
43 420
43 425
43 448
44 198
44 301
44 363
44 438
44 466
45 89
45 93
45 99
45 149
45 165
45 222
45 234
45 423
47 55
47 238
47 261
47 483
48 50
48 62
48 70
48 81
48 127
48 158
48 200
48 209
48 225
48 258
48 351
48 355
48 374
48 375
48 408
48 453
48 468
48 477
48 492
48 523
49 80
49 90
49 113
49 117
49 161
49 174
49 217
49 219
49 269
49 277
49 281
49 354
49 388
49 402
49 442
49 467
49 497
50 70
50 81
50 200
50 257
50 276
51 54
51 75
51 76
51 105
51 110
51 132
51 173
51 189
51 263
51 285
51 381
51 424
52 57
53 68
53 167
53 275
54 254
55 468
56 58
56 74
56 118
56 178
56 227
56 233
56 331
56 432
57 85
57 156
57 286
57 322
58 64
58 69
58 84
58 103
58 128
58 186
58 188
58 196
58 208
58 230
58 283
58 336
58 413
58 447
58 485
59 91
59 107
59 119
59 155
59 176
59 239
59 260
59 282
59 344
59 369
59 412
59 428
59 503
60 121
60 476
61 293
61 454
62 70
62 87
62 190
64 69
64 73
64 77
64 82
64 102
64 128
64 135
64 146
64 152
64 188
64 192
64 249
64 250
64 252
64 256
64 272
64 283
64 361
64 378
64 409
64 468
65 67
65 68
65 84
65 140
65 275
65 303
65 325
65 334
65 338
65 366
65 367
65 420
65 434
65 517
66 123
66 124
66 154
66 171
66 214
66 302
66 356
66 387
66 439
66 487
66 501
66 506
66 508
67 76
67 173
67 243
67 292
67 393
67 517
68 334
68 367
69 103
70 81
70 127
70 158
70 225
70 276
71 189
72 79
72 109
72 140
72 213
72 228
72 255
72 342
72 481
72 513
73 163
73 175
73 272
73 359
73 378
73 401
73 422
73 457
74 118
74 178
74 179
74 233
74 239
74 287
74 311
74 354
74 524
75 112
75 216
75 381
75 424
75 427
75 504
76 173
76 292
77 102
77 300
77 350
78 194
79 109
80 90
80 142
80 217
80 397
81 158
81 200
81 244
81 257
81 374
81 391
81 477
81 492
82 135
82 139
82 231
82 319
82 324
83 96
83 117
83 170
83 198
83 204
83 240
83 309
83 310
83 490
84 434
85 119
85 167
86 186
86 289
86 491
87 404
88 106
88 130
88 160
88 176
88 211
88 242
88 365
89 97
89 98
89 99
89 143
89 149
89 172
89 234
89 278
89 280
89 321
89 393
89 406
89 430
89 460
89 472
89 494
89 496
89 499
89 512
90 138
90 368
90 398
92 104
92 168
92 191
92 231
92 235
93 331
94 199
94 287
94 305
96 117
96 137
96 170
96 284
96 352
96 371
97 98
97 153
97 234
97 273
97 321
97 416
97 440
97 474
97 478
97 482
98 99
98 153
98 172
98 192
98 280
98 298
98 385
98 418
98 430
98 496
99 172
99 423
99 430
100 478
101 112
101 139
101 236
101 317
101 335
101 455
102 135
103 399
103 447
104 126
104 168
104 191
104 235
104 244
104 304
104 507
105 195
106 138
106 157
106 365
107 461
108 150
108 159
108 223
108 325
108 372
108 446
108 452
108 524
109 228
109 255
109 291
109 342
109 522
110 197
110 263
110 314
110 326
111 337
111 382
112 236
112 317
112 504
113 174
113 180
113 217
113 302
113 388
113 392
113 467
114 288
114 330
114 338
114 390
115 131
115 162
115 295
115 425
116 201
116 214
116 296
116 489
117 137
117 240
117 265
117 281
117 284
118 179
118 311
119 132
119 220
119 230
120 122
120 360
120 366
120 384
120 411
120 527
121 161
122 360
122 411
122 527
123 124
123 147
123 236
123 267
123 290
123 358
123 373
123 376
123 439
123 443
123 467
123 487
124 147
124 154
124 193
124 457
125 216
125 245
126 444
127 134
128 152
128 208
129 184
129 202
129 320
129 357
129 377
129 458
129 471
130 164
130 224
131 385
132 183
133 146
133 237
134 260
135 409
136 155
136 359
136 470
137 264
137 265
137 284
137 307
137 450
137 509
138 166
138 239
138 291
138 351
138 368
138 445
139 218
139 319
139 324
140 154
140 334
140 421
140 432
142 465
143 280
143 339
143 406
144 145
144 261
144 294
144 341
144 364
144 377
144 418
146 152
146 185
146 210
146 279
146 415
147 177
147 435
148 169
148 323
148 348
148 372
149 278
149 353
149 462
149 472
150 187
150 223
150 446
151 270
152 208
152 249
152 250
152 361
153 273
153 416
154 383
155 203
155 260
155 344
155 369
156 322
157 226
157 242
157 511
159 177
160 501
162 169
162 323
163 359
163 422
164 190
164 293
166 403
166 463
168 191
169 279
169 323
169 348
169 389
169 408
170 371
171 479
172 192
172 215
172 437
173 292
173 393
174 392
177 366
177 442
178 423
179 354
180 243
180 451
180 473
181 525
182 274
182 308
184 202
184 320
184 328
184 346
184 357
184 456
185 241
185 246
185 379
185 479
186 196
186 229
186 419
186 428
186 486
186 491
187 329
188 249
188 361
188 427
189 213
189 276
189 316
189 416
189 482
192 215
193 370
194 204
195 464
196 204
196 229
196 486
197 314
197 332
198 240
198 247
198 350
198 469
199 386
199 515
200 257
200 326
200 391
200 492
201 296
201 429
201 441
202 328
202 407
202 520
203 344
203 473
205 285
206 210
206 227
206 380
206 412
207 266
207 337
207 407
208 250
208 449
209 258
209 347
209 375
209 523
212 327
213 218
213 255
213 301
213 316
213 340
213 513
213 522
214 387
215 333
216 266
216 507
217 388
217 392
219 281
219 402
219 497
221 282
221 475
223 446
225 477
225 519
226 253
226 256
226 298
226 315
226 349
226 383
226 514
228 342
229 419
230 447
231 235
234 440
235 304
236 434
238 495
240 245
240 310
240 312
240 440
240 469
241 379
242 511
243 329
243 451
245 312
245 469
247 429
248 259
248 306
248 498
248 518
249 373
250 449
250 502
251 502
251 510
255 316
256 349
256 383
256 445
256 510
258 351
258 374
258 375
259 283
259 306
259 414
259 498
259 518
261 294
261 364
261 483
263 326
264 297
264 309
264 362
264 421
264 450
264 484
264 500
264 509
264 513
265 307
267 290
272 378
272 401
272 405
273 321
273 474
273 478
275 303
275 495
275 511
276 314
276 332
277 402
278 396
279 348
280 406
280 472
282 475
283 336
283 413
283 414
285 318
288 313
288 330
288 356
288 433
288 485
288 493
289 426
290 373
291 368
294 341
294 418
294 483
296 441
297 309
297 362
297 500
298 431
298 514
299 394
299 398
299 526
301 437
302 356
302 438
302 501
304 489
309 362
309 450
309 460
310 312
310 399
310 459
310 490
312 490
313 433
313 493
314 332
314 381
317 335
317 504
318 363
318 415
320 328
320 380
320 456
321 476
322 358
324 465
325 452
325 517
328 520
329 343
330 390
331 432
333 355
335 340
336 413
344 428
347 389
352 426
352 521
353 410
353 462
358 443
359 470
360 411
360 527
362 460
363 415
369 386
369 395
369 453
369 503
370 505
371 516
372 519
372 524
374 391
376 394
376 471
378 405
378 409
378 422
380 456
382 436
386 395
386 515
403 503
408 523
410 462
413 414
416 482
421 509
422 457
424 488
425 448
428 486
430 470
435 481
447 485
449 480
451 515
460 494
460 496
460 499
489 506
496 499
498 518
505 512
516 521
