0 10
0 17
0 29
0 46
0 49
0 53
0 59
0 75
0 92
0 101
0 113
0 114
0 125
0 126
0 129
0 136
0 145
0 153
0 514
0 557
0 772
0 792
1 2
1 26
1 37
1 42
1 44
1 46
1 56
1 61
1 116
1 121
1 153
1 272
1 390
1 462
1 532
1 660
1 891
2 11
2 16
2 26
2 30
2 42
2 68
2 75
2 77
2 81
2 82
2 84
2 91
2 102
2 122
2 129
2 130
2 141
2 146
2 265
2 529
2 637
3 7
3 25
3 37
3 54
3 61
3 63
3 64
3 81
3 90
3 97
3 106
3 120
3 132
3 137
3 138
3 145
3 918
4 11
4 14
4 39
4 49
4 51
4 52
4 54
4 55
4 56
4 57
4 63
4 73
4 76
4 90
4 102
4 125
4 138
4 141
4 144
4 520
4 811
5 13
5 14
5 52
5 58
5 78
5 84
5 86
5 109
5 110
5 113
5 121
5 129
5 133
5 434
5 519
5 594
6 18
6 20
6 25
6 32
6 38
6 39
6 74
6 78
6 95
6 103
6 112
6 115
6 133
6 143
6 147
6 563
6 620
6 692
6 831
6 838
7 8
7 10
7 12
7 16
7 26
7 34
7 64
7 76
7 81
7 89
7 110
7 114
7 120
7 125
7 127
7 128
7 133
7 136
7 143
7 146
7 163
8 10
8 18
8 19
8 37
8 43
8 48
8 52
8 53
8 56
8 62
8 76
8 77
8 101
8 102
8 106
8 109
8 113
8 115
8 126
8 133
8 136
8 584
8 659
8 672
9 16
9 17
9 25
9 33
9 51
9 53
9 61
9 87
9 91
9 92
9 102
9 119
9 401
10 18
10 21
10 24
10 26
10 44
10 55
10 77
10 83
10 88
10 94
10 101
10 103
10 104
10 120
10 125
10 132
10 135
10 270
10 516
10 689
10 763
10 836
11 53
11 58
11 80
11 85
11 106
11 109
11 110
11 115
11 124
11 151
11 152
11 221
11 486
11 825
12 20
12 33
12 37
12 45
12 48
12 58
12 73
12 79
12 83
12 84
12 101
12 108
12 112
12 121
12 143
12 152
12 441
13 14
13 15
13 20
13 23
13 39
13 49
13 59
13 62
13 70
13 101
13 104
13 109
13 117
13 128
13 140
13 145
13 151
13 451
13 707
13 833
14 15
14 17
14 28
14 32
14 37
14 42
14 68
14 108
14 110
14 134
14 203
15 34
15 35
15 40
15 55
15 63
15 80
15 85
15 90
15 96
15 114
15 127
15 128
15 136
15 140
15 141
15 275
15 398
15 400
16 17
16 33
16 35
16 40
16 45
16 48
16 51
16 56
16 81
16 108
16 130
16 135
16 137
16 138
16 153
16 302
16 604
16 706
17 19
17 20
17 37
17 48
17 51
17 58
17 62
17 64
17 74
17 79
17 82
17 85
17 90
17 95
17 97
17 118
17 120
17 123
17 133
17 136
17 185
17 277
17 294
17 455
18 22
18 30
18 32
18 33
18 56
18 62
18 78
18 85
18 96
18 114
18 126
18 129
18 138
18 150
18 162
18 275
18 308
18 379
18 406
18 466
18 539
19 54
19 59
19 65
19 74
19 103
19 104
19 119
19 125
19 126
19 133
19 137
19 150
19 152
19 832
20 23
20 26
20 33
20 35
20 36
20 38
20 47
20 51
20 55
20 67
20 87
20 100
21 29
21 43
21 50
21 52
21 71
21 84
21 101
21 103
21 124
21 126
21 134
21 136
21 138
21 145
21 151
21 875
21 908
22 26
22 29
22 31
22 63
22 69
22 81
22 85
22 95
22 122
22 130
22 135
22 138
22 144
22 147
22 161
22 322
22 917
23 31
23 32
23 40
23 41
23 44
23 48
23 49
23 57
23 78
23 96
23 101
23 107
23 120
23 125
23 128
23 131
23 134
23 143
23 632
23 735
24 25
24 48
24 49
24 116
24 130
24 133
24 524
25 31
25 65
25 78
25 99
25 112
25 130
25 132
25 136
25 148
25 151
25 603
26 35
26 36
26 46
26 47
26 57
26 72
26 85
26 89
26 101
26 106
26 108
26 123
26 153
26 298
26 924
27 28
27 30
27 43
27 49
27 58
27 60
27 69
27 83
27 125
27 126
27 128
27 134
27 151
27 916
28 43
28 45
28 46
28 52
28 60
28 67
28 76
28 104
28 109
28 112
28 121
28 130
28 138
28 147
28 148
28 289
28 459
28 664
28 792
29 33
29 41
29 54
29 55
29 73
29 100
29 116
29 117
29 121
29 124
29 131
29 136
29 140
29 169
29 239
29 330
29 822
30 46
30 48
30 65
30 66
30 89
30 93
30 95
30 124
30 277
30 296
31 32
31 50
31 66
31 73
31 87
31 118
31 152
31 832
31 889
32 38
32 46
32 49
32 54
32 69
32 74
32 88
32 99
32 106
32 110
32 133
32 140
32 143
32 196
33 51
33 55
33 66
33 71
33 74
33 94
33 102
33 113
33 118
33 129
33 135
33 143
33 185
33 681
34 42
34 52
34 62
34 71
34 88
34 93
34 98
34 103
34 105
34 109
34 111
34 122
34 132
34 137
34 141
34 146
34 224
34 404
34 686
34 726
34 837
35 50
35 67
35 77
35 86
35 87
35 101
35 103
35 109
35 113
35 139
35 142
35 143
35 144
35 150
35 439
35 852
36 47
36 53
36 64
36 72
36 92
36 93
36 94
36 107
36 113
36 145
36 151
36 626
36 791
36 829
37 41
37 63
37 72
37 73
37 82
37 83
37 86
37 93
37 97
37 100
37 136
37 137
37 141
37 143
38 53
38 55
38 58
38 72
38 113
38 114
38 120
38 129
38 131
38 139
38 140
38 145
38 153
38 433
38 442
38 666
39 58
39 59
39 69
39 70
39 73
39 81
39 102
39 103
39 108
39 112
39 126
39 133
39 136
39 138
39 145
39 153
39 247
39 491
39 536
39 597
40 53
40 74
40 95
40 108
40 116
40 118
40 119
40 122
40 126
40 139
40 146
40 148
40 149
40 222
40 563
40 909
41 60
41 68
41 83
41 89
41 92
41 104
41 107
41 118
41 123
41 130
41 135
41 137
41 138
41 149
41 176
41 334
41 383
41 538
42 51
42 57
42 63
42 67
42 81
42 86
42 99
42 119
42 125
42 131
42 140
42 141
42 420
42 534
42 772
42 853
43 46
43 68
43 74
43 84
43 89
43 92
43 98
43 99
43 107
43 124
43 132
43 139
43 149
43 724
44 47
44 63
44 65
44 90
44 101
44 108
44 110
44 112
44 114
44 132
44 137
44 219
44 249
44 836
45 58
45 93
45 100
45 105
45 108
45 115
45 126
45 136
45 137
45 141
45 217
45 240
45 260
45 364
45 471
46 49
46 54
46 60
46 68
46 73
46 90
46 93
46 95
46 96
46 104
46 108
46 113
46 115
46 164
46 545
46 583
46 710
47 78
47 80
47 85
47 86
47 108
47 111
47 117
47 120
47 121
47 123
47 125
47 150
47 153
47 460
47 777
48 63
48 77
48 79
48 85
48 87
48 88
48 107
48 136
48 138
48 141
48 146
48 147
48 386
48 526
48 856
49 50
49 59
49 61
49 73
49 75
49 81
49 90
49 98
49 105
49 116
49 122
49 128
49 196
49 204
49 506
49 572
49 620
50 62
50 64
50 76
50 86
50 121
50 123
50 140
50 153
50 351
50 411
50 673
51 67
51 75
51 87
51 90
51 106
51 137
51 140
51 141
51 149
51 233
51 268
51 649
52 60
52 75
52 84
52 95
52 96
52 98
52 102
52 103
52 112
52 115
52 151
53 67
53 97
53 101
53 105
53 111
53 121
53 135
53 145
53 215
54 72
54 99
54 114
54 118
54 136
54 144
54 169
54 207
54 285
54 518
54 520
54 690
54 726
54 827
55 59
55 73
55 97
55 104
55 115
55 127
55 128
55 146
55 149
55 184
55 294
55 312
55 461
55 462
56 67
56 75
56 85
56 86
56 90
56 95
56 99
56 121
56 128
56 136
56 140
56 160
56 471
56 506
56 554
56 556
57 63
57 66
57 69
57 84
57 103
57 114
57 116
57 124
57 131
57 134
57 147
57 177
57 375
57 487
57 591
58 63
58 75
58 80
58 82
58 83
58 105
58 111
58 119
58 122
58 130
58 133
58 135
58 586
58 667
59 60
59 65
59 69
59 70
59 71
59 72
59 83
59 86
59 93
59 94
59 96
59 104
59 106
59 124
59 131
59 139
59 148
59 149
59 204
59 251
59 269
59 836
60 62
60 82
60 124
60 130
60 351
60 389
60 444
60 538
60 668
60 751
60 758
61 68
61 69
61 77
61 84
61 92
61 93
61 104
61 108
61 114
61 122
61 127
61 129
61 139
61 146
61 238
61 257
61 327
61 623
61 699
61 856
62 67
62 87
62 91
62 111
62 112
62 120
62 123
62 129
62 135
62 150
62 397
62 432
62 437
62 470
62 493
62 814
62 865
62 925
63 87
63 115
63 121
63 123
63 145
63 148
63 313
63 706
64 70
64 73
64 89
64 98
64 103
64 112
64 122
64 124
64 130
64 139
64 140
64 147
64 149
64 386
64 484
64 706
65 66
65 68
65 72
65 81
65 97
65 108
65 114
65 142
65 149
65 154
65 812
65 854
65 880
66 78
66 80
66 87
66 95
66 109
66 110
66 133
66 140
66 142
66 526
66 861
67 70
67 73
67 80
67 83
67 127
67 137
67 139
67 145
67 147
67 424
67 541
67 556
67 586
67 823
68 79
68 96
68 105
68 108
68 117
68 137
68 145
68 153
68 157
68 292
69 76
69 88
69 91
69 94
69 112
69 113
69 123
69 720
69 821
70 72
70 73
70 118
70 127
70 136
70 139
70 143
70 445
70 553
71 74
71 78
71 113
71 116
71 125
71 134
71 276
71 413
72 83
72 88
72 91
72 99
72 100
72 105
72 109
72 112
72 121
72 126
72 132
72 144
72 148
72 149
72 888
73 82
73 87
73 95
73 98
73 106
73 115
73 119
73 123
73 126
73 140
73 141
73 147
73 610
73 616
73 636
73 700
74 80
74 125
74 139
74 140
74 216
74 565
74 626
75 103
75 111
75 121
75 133
75 138
75 145
75 150
75 258
75 542
75 558
76 79
76 85
76 98
76 106
76 117
76 128
76 143
76 148
76 150
76 482
76 611
76 787
77 99
77 119
77 132
77 176
78 91
78 103
78 124
78 128
78 139
78 479
78 623
78 784
79 88
79 145
79 149
79 493
79 502
79 756
80 87
80 113
80 115
80 132
80 235
80 387
81 86
81 94
81 129
81 133
81 139
81 151
81 184
81 436
81 564
81 900
82 95
82 103
82 104
82 111
82 114
82 119
82 136
82 142
82 143
82 265
82 463
82 480
82 632
82 639
83 109
83 142
84 87
84 89
84 95
84 106
84 111
84 116
84 118
84 120
84 123
84 129
84 141
84 142
84 150
84 175
84 517
84 906
85 109
85 116
85 121
85 129
85 137
85 140
85 141
85 143
85 152
86 88
86 98
86 116
86 118
86 136
86 143
86 148
86 741
87 98
87 125
87 131
87 142
87 148
87 320
87 373
87 552
87 816
88 102
88 116
88 125
88 137
88 838
88 858
88 882
89 91
89 102
89 104
89 106
89 127
89 149
89 220
89 274
89 815
90 94
90 105
90 111
90 118
90 122
90 127
90 139
90 143
90 146
90 153
90 324
90 445
90 495
90 558
91 109
91 119
91 123
91 124
91 140
91 211
91 453
92 94
92 100
92 113
92 122
92 132
92 149
92 171
92 256
92 684
93 101
93 104
93 107
93 124
93 125
93 126
93 133
93 135
93 137
93 904
94 95
94 97
94 102
94 107
94 108
94 110
94 114
94 144
94 151
94 152
94 184
94 286
94 494
94 702
94 733
95 96
95 101
95 102
95 109
95 125
95 126
95 127
95 134
95 152
95 758
96 104
96 121
96 123
96 126
96 152
96 231
97 106
97 116
97 120
97 129
97 143
97 150
97 224
97 300
97 418
97 722
97 897
98 103
98 106
98 111
98 117
98 135
98 136
98 140
98 199
98 247
98 463
98 890
99 100
99 107
99 110
99 112
99 113
99 123
99 125
99 126
99 152
99 317
99 404
99 498
100 122
100 123
100 135
100 136
100 137
100 163
100 192
100 632
101 107
101 111
101 112
101 114
101 140
101 148
101 166
101 720
102 108
102 119
102 123
102 125
102 132
102 147
102 665
102 904
103 126
103 127
103 137
103 150
103 230
103 278
103 551
103 742
103 909
104 123
104 125
104 131
104 151
104 225
104 416
104 595
104 687
105 113
105 129
105 130
105 136
105 146
106 107
106 118
106 214
106 363
106 394
106 888
107 116
107 118
107 120
107 135
107 136
107 137
107 140
107 145
107 204
107 556
107 781
107 821
108 117
108 121
108 132
108 136
108 142
108 143
108 536
108 560
108 587
108 671
108 858
108 877
109 110
109 113
109 116
109 121
109 124
109 141
109 323
110 446
110 527
110 612
110 676
110 725
111 114
111 128
111 148
111 290
111 503
112 114
112 128
112 131
112 151
112 701
112 725
113 117
113 132
113 247
113 347
113 460
114 117
114 118
114 134
114 139
114 149
114 200
114 368
114 883
115 121
115 123
115 128
115 136
115 144
115 152
115 555
115 559
115 561
115 861
116 118
116 120
116 127
116 141
116 312
116 748
117 132
117 138
117 151
117 303
117 406
117 422
117 600
117 765
117 813
117 924
118 127
118 137
118 138
118 139
118 143
118 149
118 810
118 870
119 122
119 138
119 141
119 144
119 303
119 389
119 473
120 124
120 125
120 130
120 131
120 134
120 141
120 366
121 136
121 145
122 130
122 134
122 137
122 140
122 142
122 144
122 151
122 300
122 763
123 125
123 131
123 132
123 139
123 144
123 484
123 826
124 138
124 144
124 147
124 569
125 132
125 141
125 168
125 447
125 562
125 603
125 651
125 913
126 131
126 135
126 141
126 169
126 196
126 435
126 806
127 128
127 135
127 148
127 150
127 278
127 678
127 843
128 132
128 135
128 142
128 145
128 149
128 369
128 372
128 463
128 519
128 832
129 132
129 142
129 634
129 767
130 139
130 140
130 832
131 142
131 145
131 169
131 303
131 373
132 140
132 141
132 148
132 149
132 480
132 754
133 142
133 399
133 703
133 758
133 842
134 140
134 148
134 287
134 395
135 144
135 145
135 146
136 144
136 680
137 150
137 471
137 526
137 565
137 767
137 844
138 140
138 152
139 146
139 147
139 150
139 215
139 357
139 500
139 605
139 690
140 259
140 429
140 444
140 680
140 759
141 151
141 152
141 184
141 487
141 613
142 152
142 316
142 825
143 519
143 609
143 627
144 146
144 422
144 582
144 910
145 151
145 353
145 441
145 519
145 609
146 147
146 287
146 483
147 151
147 299
147 655
147 834
148 602
148 900
149 240
149 734
150 153
150 216
150 355
150 837
150 900
151 152
151 153
152 389
152 488
152 513
152 631
152 698
152 737
153 664
153 829
153 842
154 187
154 200
154 216
154 217
154 218
154 221
154 229
154 236
154 241
154 247
154 250
154 252
154 257
154 281
154 283
154 298
154 388
154 417
154 557
154 764
155 160
155 164
155 172
155 180
155 184
155 206
155 208
155 209
155 215
155 245
155 246
155 248
155 253
155 254
155 264
155 266
155 275
155 279
155 290
155 299
155 302
155 305
155 306
155 630
155 784
155 872
156 158
156 164
156 181
156 206
156 215
156 219
156 223
156 227
156 244
156 248
156 277
156 287
156 297
157 193
157 218
157 222
157 225
157 230
157 238
157 246
157 249
157 258
157 265
157 273
157 274
157 281
157 293
157 295
157 301
157 306
157 418
157 699
157 907
158 159
158 177
158 179
158 188
158 196
158 210
158 211
158 230
158 234
158 247
158 254
158 260
158 288
158 293
158 298
158 304
158 305
158 381
158 478
158 620
158 701
159 161
159 184
159 199
159 204
159 213
159 220
159 232
159 260
159 268
159 274
159 281
159 287
159 293
159 500
159 588
159 775
160 173
160 177
160 182
160 183
160 200
160 216
160 223
160 233
160 239
160 250
160 266
160 279
160 382
160 405
160 486
160 493
160 711
160 783
160 886
161 165
161 188
161 203
161 204
161 206
161 208
161 216
161 223
161 224
161 228
161 233
161 240
161 244
161 272
161 284
161 578
161 689
161 795
162 176
162 180
162 185
162 188
162 211
162 212
162 217
162 219
162 221
162 251
162 255
162 262
162 264
162 267
162 277
162 285
162 291
162 293
162 301
162 302
162 307
162 531
162 591
162 619
162 853
163 166
163 173
163 181
163 185
163 187
163 188
163 192
163 206
163 211
163 217
163 222
163 231
163 233
163 238
163 258
163 266
163 270
163 271
163 613
164 173
164 208
164 219
164 222
164 237
164 244
164 257
164 260
164 270
164 272
164 273
164 280
164 281
164 284
164 289
164 293
164 304
164 475
164 780
164 798
164 860
165 171
165 179
165 182
165 183
165 184
165 189
165 210
165 212
165 230
165 234
165 255
165 267
165 270
165 285
165 297
165 448
166 167
166 171
166 174
166 178
166 181
166 183
166 200
166 212
166 236
166 237
166 271
166 279
166 292
166 304
166 317
166 393
166 437
166 534
166 684
166 858
167 169
167 182
167 188
167 209
167 210
167 211
167 220
167 249
167 251
167 265
167 266
167 273
167 288
167 293
167 296
167 306
167 334
167 397
167 739
167 750
168 173
168 190
168 194
168 196
168 200
168 218
168 225
168 226
168 228
168 236
168 241
168 249
168 252
168 254
168 258
168 265
168 268
168 273
168 288
168 289
168 294
168 301
168 445
168 886
169 172
169 173
169 174
169 185
169 194
169 210
169 211
169 218
169 223
169 225
169 226
169 257
169 271
169 281
169 282
169 293
169 295
169 299
169 305
169 497
169 517
169 731
169 762
170 178
170 185
170 195
170 196
170 200
170 215
170 253
170 258
170 270
170 273
170 283
170 299
170 307
170 596
170 638
170 659
170 839
171 174
171 184
171 190
171 217
171 219
171 223
171 235
171 255
171 271
171 274
171 281
171 299
171 420
171 575
171 707
172 186
172 193
172 196
172 198
172 209
172 224
172 233
172 243
172 244
172 246
172 252
172 255
172 256
172 272
172 274
172 438
172 489
172 524
173 188
173 199
173 219
173 224
173 239
173 251
173 257
173 272
173 278
173 292
173 301
173 302
173 595
173 712
174 178
174 182
174 184
174 188
174 195
174 197
174 217
174 220
174 228
174 232
174 238
174 250
174 253
174 256
174 257
174 262
174 271
174 274
174 283
174 288
174 302
174 303
174 512
174 870
175 183
175 190
175 202
175 237
175 242
175 243
175 245
175 264
175 282
175 290
175 293
175 296
175 298
175 302
175 351
175 632
176 178
176 184
176 188
176 201
176 216
176 239
176 263
176 267
176 277
176 292
176 295
176 403
176 624
177 178
177 179
177 183
177 185
177 195
177 204
177 207
177 214
177 216
177 218
177 238
177 249
177 260
177 263
177 283
177 286
177 548
177 632
177 735
178 184
178 188
178 189
178 190
178 191
178 222
178 247
178 260
178 267
178 289
178 296
178 297
178 298
178 494
178 591
179 183
179 188
179 189
179 193
179 199
179 237
179 238
179 243
179 250
179 262
179 289
179 297
179 452
179 879
180 206
180 221
180 231
180 232
180 239
180 274
180 286
180 305
180 395
180 549
180 572
180 662
181 198
181 199
181 205
181 220
181 247
181 256
181 266
181 273
181 279
181 291
181 294
181 307
181 310
181 314
181 319
181 802
182 193
182 194
182 199
182 200
182 213
182 220
182 232
182 258
182 260
182 263
182 264
182 284
182 292
182 304
182 519
182 880
183 189
183 198
183 200
183 213
183 220
183 263
183 298
183 300
183 304
183 330
183 393
183 517
183 702
183 824
183 838
184 193
184 200
184 212
184 222
184 241
184 247
184 249
184 251
184 252
184 263
184 266
184 272
184 298
184 299
184 303
184 308
184 455
184 554
185 199
185 202
185 211
185 227
185 230
185 235
185 245
185 253
185 254
185 271
185 291
185 400
185 475
185 698
186 198
186 205
186 208
186 212
186 216
186 224
186 228
186 232
186 233
186 234
186 252
186 254
186 265
186 268
186 275
186 278
186 279
186 282
186 286
186 287
186 298
186 299
186 734
187 199
187 206
187 218
187 242
187 258
187 282
187 286
187 290
187 295
187 466
187 811
187 910
188 189
188 193
188 194
188 195
188 201
188 202
188 215
188 227
188 230
188 232
188 236
188 242
188 243
188 250
188 252
188 266
188 283
188 285
188 297
188 298
188 299
188 300
188 427
188 635
188 719
188 899
189 209
189 215
189 216
189 235
189 250
189 283
189 286
189 287
189 301
189 316
189 330
189 394
189 434
189 568
189 586
190 206
190 207
190 208
190 213
190 218
190 234
190 240
190 290
190 292
190 295
190 802
190 919
191 192
191 193
191 196
191 234
191 251
191 259
191 261
191 275
191 284
191 295
191 299
191 302
191 387
191 505
191 547
191 586
192 199
192 216
192 219
192 220
192 233
192 243
192 254
192 255
192 262
192 265
192 272
192 276
192 279
192 283
192 301
192 609
193 205
193 223
193 241
193 244
193 257
193 258
193 266
193 276
193 283
193 285
193 293
193 450
193 492
193 733
193 855
194 201
194 203
194 224
194 226
194 227
194 239
194 245
194 252
194 261
194 263
194 282
194 289
194 290
194 362
194 478
194 597
194 869
195 211
195 225
195 238
195 239
195 246
195 253
195 265
195 281
195 288
195 290
195 292
195 299
195 305
195 386
195 444
196 199
196 214
196 221
196 228
196 237
196 238
196 244
196 245
196 255
196 267
196 271
196 273
196 278
196 296
196 813
197 205
197 218
197 221
197 246
197 252
197 253
197 255
197 266
197 271
197 281
197 305
197 307
197 393
197 668
197 745
198 211
198 215
198 223
198 230
198 239
198 244
198 257
198 273
198 282
198 294
198 302
198 303
198 658
199 202
199 204
199 212
199 215
199 217
199 221
199 236
199 256
199 268
199 273
199 277
199 282
199 286
199 288
199 298
199 304
199 567
199 603
199 761
200 202
200 211
200 216
200 226
200 234
200 243
200 263
200 266
200 269
200 288
200 369
200 371
200 381
201 202
201 203
201 226
201 247
201 251
201 252
201 254
201 274
201 286
201 290
201 292
201 770
201 843
201 873
201 908
202 211
202 234
202 238
202 246
202 264
202 265
202 279
202 291
202 292
202 296
202 576
202 706
202 766
203 205
203 229
203 243
203 267
203 273
203 290
203 292
203 293
203 295
203 458
203 543
203 545
203 770
204 206
204 207
204 225
204 235
204 239
204 246
204 251
204 254
204 278
204 297
204 300
204 492
204 729
204 735
204 743
204 787
205 207
205 211
205 220
205 233
205 236
205 242
205 248
205 274
205 278
205 295
205 300
206 208
206 209
206 223
206 244
206 254
206 268
206 270
206 279
206 283
206 304
207 210
207 212
207 222
207 235
207 250
207 256
207 273
207 279
207 286
207 294
207 302
207 789
208 211
208 218
208 246
208 259
208 262
208 265
208 289
208 297
208 357
208 519
208 869
209 210
209 233
209 291
209 535
209 605
210 212
210 213
210 215
210 223
210 231
210 247
210 279
210 298
210 515
210 573
210 911
211 214
211 217
211 221
211 223
211 241
211 245
211 251
211 256
211 268
211 278
211 281
211 284
211 417
212 234
212 241
212 247
212 248
212 254
212 257
212 269
212 272
212 281
212 282
212 292
212 293
212 402
212 533
213 225
213 226
213 228
213 229
213 243
213 245
213 252
213 271
213 279
213 280
213 288
213 297
213 307
214 244
214 278
214 281
214 287
214 296
214 306
214 508
214 548
214 650
214 797
214 861
214 914
215 217
215 218
215 222
215 244
215 287
215 291
215 304
215 305
215 691
215 740
215 840
216 217
216 218
216 219
216 222
216 223
216 225
216 230
216 247
216 261
216 263
216 276
216 287
216 289
216 567
217 231
217 232
217 240
217 254
217 272
217 276
217 277
217 279
217 280
217 284
217 285
217 286
217 290
217 512
217 855
217 880
218 220
218 232
218 238
218 255
218 256
218 260
218 263
218 279
218 283
218 287
218 288
218 290
218 332
218 423
218 445
218 587
218 618
219 221
219 234
219 242
219 255
219 260
219 287
219 457
219 675
220 221
220 225
220 246
220 249
220 268
220 271
220 279
220 290
220 295
220 299
220 912
221 231
221 241
221 255
221 275
221 282
221 292
222 234
222 246
222 261
222 265
222 266
222 301
222 304
222 825
223 240
223 245
223 276
223 279
223 301
223 303
223 451
224 250
224 286
224 306
224 562
224 858
225 235
225 239
225 245
225 253
225 256
225 267
225 268
225 273
225 789
226 232
226 251
226 266
226 267
226 270
226 304
227 228
227 231
227 235
227 236
227 244
227 261
227 275
227 286
227 294
227 296
227 297
227 305
227 601
228 232
228 241
228 248
228 250
228 251
228 266
228 278
228 284
228 291
228 294
228 302
228 304
228 312
229 253
229 289
229 302
229 442
229 519
230 265
230 278
230 288
230 490
230 494
230 649
230 732
230 830
231 235
231 237
231 243
231 248
231 250
231 251
231 289
231 292
231 294
231 300
231 555
232 245
232 251
232 258
232 260
232 263
232 268
232 282
232 289
232 902
233 238
233 242
233 256
233 258
233 264
233 267
233 276
233 278
233 298
233 523
233 656
233 684
233 766
234 236
234 242
234 250
234 251
234 254
234 259
234 262
234 274
234 281
234 291
234 307
234 344
234 424
234 729
235 247
235 253
235 254
235 257
235 284
235 287
235 295
235 306
235 622
235 712
235 897
236 244
236 245
236 255
236 257
236 261
236 264
236 267
236 277
236 278
236 282
236 291
236 296
236 303
236 484
236 518
236 621
237 242
237 249
237 262
237 276
237 278
237 303
237 500
237 573
237 698
237 777
238 240
238 245
238 263
238 266
238 276
238 323
238 328
238 766
239 242
239 244
239 247
239 261
239 264
239 272
239 277
239 283
239 296
239 611
239 691
239 867
240 265
240 302
240 306
240 443
240 533
240 921
241 270
241 291
241 348
241 409
241 432
241 446
242 244
242 253
242 270
242 272
242 273
242 274
242 287
242 296
242 642
242 656
243 244
243 249
243 253
243 267
243 274
243 291
243 299
243 302
243 914
244 246
244 248
244 255
244 260
244 261
244 262
244 269
244 289
244 304
244 307
244 605
244 691
244 784
245 251
245 253
245 260
245 274
245 275
245 277
245 290
245 307
245 341
245 370
245 808
246 249
246 252
246 256
246 262
246 263
246 266
246 289
246 299
246 913
247 266
248 262
248 266
248 273
248 284
248 288
248 289
248 293
248 298
248 300
248 305
248 350
249 275
249 284
249 291
249 293
249 294
249 592
249 603
249 652
250 251
250 253
250 258
250 265
250 276
250 279
250 294
250 300
250 304
250 555
250 630
250 751
251 265
251 275
251 284
251 290
251 296
251 301
251 304
251 306
251 876
252 258
252 273
252 275
252 276
252 278
252 291
252 292
252 459
253 254
253 260
253 267
253 268
253 294
253 596
253 834
254 269
254 276
254 299
254 554
254 617
254 660
254 758
255 257
255 267
255 274
255 278
255 279
255 287
255 306
256 264
256 271
256 287
256 293
256 301
256 363
256 700
256 897
257 260
257 261
257 264
257 269
257 270
257 274
257 282
257 288
257 296
257 299
257 362
257 386
258 259
258 264
258 268
258 273
258 283
258 290
258 298
258 302
258 356
259 276
259 278
259 289
259 750
259 916
260 262
260 264
260 283
260 306
260 674
261 264
261 282
261 287
261 290
261 769
261 782
261 884
262 267
262 268
262 278
262 286
262 296
262 300
262 304
262 305
262 802
263 282
263 294
263 474
263 508
263 879
264 276
264 884
265 272
265 280
265 283
265 297
265 407
265 433
265 917
266 282
266 414
266 681
266 777
266 837
266 885
267 282
267 287
267 295
267 299
267 304
267 307
267 500
267 604
267 835
268 280
268 287
268 289
268 335
268 521
268 610
269 270
269 272
269 280
269 301
269 511
269 782
269 827
269 831
270 274
270 288
270 295
270 304
270 508
270 595
270 830
270 905
271 280
271 282
271 284
271 289
271 290
271 294
271 297
271 303
271 645
271 833
272 280
272 345
272 365
272 453
272 493
272 543
272 621
273 281
273 285
273 303
273 450
273 594
273 694
273 896
274 281
274 286
274 306
274 720
274 755
274 772
274 901
275 277
275 285
275 299
275 304
275 741
275 818
276 304
276 805
277 281
277 283
277 304
277 502
277 860
278 284
278 299
278 339
278 586
278 625
279 281
279 294
279 327
279 794
279 914
280 287
280 288
280 296
280 465
280 790
280 901
280 921
281 283
281 284
281 293
281 294
281 299
281 433
281 499
281 792
282 292
282 294
282 295
282 298
282 299
282 306
282 307
282 450
282 583
283 296
283 301
283 335
283 405
284 289
284 306
284 524
284 730
284 854
284 909
285 305
285 307
285 354
285 405
285 561
286 451
286 459
286 626
286 677
286 800
286 805
287 304
287 380
287 465
287 576
287 673
287 753
288 298
288 347
288 735
289 296
289 298
289 302
289 307
289 539
289 618
289 830
290 297
290 390
291 306
292 300
292 303
292 645
292 745
292 771
292 915
292 916
293 297
293 408
293 630
293 651
293 739
294 298
294 307
294 420
294 769
294 830
294 854
294 899
295 299
295 715
296 299
296 300
297 305
297 306
297 309
297 544
297 604
297 715
297 780
297 856
298 473
299 300
299 559
300 591
300 676
301 462
301 468
301 486
302 305
302 307
302 381
302 469
303 769
304 306
304 381
304 587
304 794
305 306
305 401
306 324
306 802
306 824
306 847
306 902
307 367
307 487
307 711
307 759
307 760
307 915
308 316
308 320
308 324
308 325
308 327
308 330
308 357
308 358
308 386
308 387
308 392
308 409
308 410
308 411
308 420
308 430
308 446
308 461
309 328
309 346
309 366
309 369
309 371
309 389
309 394
309 410
309 414
309 415
309 425
309 426
309 428
309 444
309 450
309 498
309 574
309 791
309 842
310 312
310 316
310 325
310 328
310 336
310 346
310 352
310 370
310 376
310 405
310 407
310 413
310 421
310 447
310 537
310 782
311 312
311 320
311 322
311 328
311 340
311 345
311 384
311 397
311 404
311 413
311 415
311 418
311 431
311 436
311 440
311 451
311 452
311 460
312 323
312 358
312 359
312 371
312 375
312 382
312 387
312 398
312 423
312 424
312 432
312 442
312 443
312 452
312 456
312 464
312 608
312 691
313 316
313 321
313 324
313 328
313 334
313 362
313 371
313 385
313 391
313 402
313 409
313 410
313 417
313 433
313 434
313 448
313 452
314 317
314 329
314 344
314 352
314 365
314 366
314 375
314 382
314 390
314 404
314 409
314 452
314 457
314 460
314 719
314 821
315 320
315 323
315 327
315 341
315 351
315 357
315 361
315 364
315 365
315 366
315 384
315 394
315 401
315 402
315 414
315 415
315 426
315 437
315 451
315 458
315 774
315 899
316 320
316 323
316 324
316 366
316 374
316 385
316 387
316 399
316 417
316 436
316 437
316 448
316 455
316 458
316 460
316 753
316 853
317 329
317 331
317 333
317 361
317 409
317 413
317 440
317 447
317 448
317 456
317 460
317 487
317 513
317 522
318 324
318 328
318 329
318 330
318 345
318 368
318 388
318 398
318 407
318 412
318 415
318 418
318 431
318 457
318 756
318 887
319 322
319 326
319 338
319 346
319 350
319 356
319 362
319 364
319 373
319 391
319 411
319 420
319 427
319 429
319 432
319 439
319 442
319 444
319 456
319 600
319 804
319 912
320 335
320 337
320 342
320 360
320 361
320 363
320 366
320 375
320 405
320 408
320 413
320 421
320 443
320 445
320 446
320 688
320 731
320 783
321 323
321 330
321 334
321 345
321 354
321 386
321 411
321 423
321 432
321 436
321 472
322 327
322 333
322 338
322 339
322 357
322 363
322 367
322 371
322 372
322 377
322 387
322 393
322 394
322 420
322 424
322 428
322 429
322 432
322 436
322 443
322 444
322 446
322 449
322 450
322 457
322 488
322 503
322 553
323 337
323 342
323 346
323 348
323 353
323 355
323 360
323 365
323 369
323 375
323 397
323 404
323 424
323 425
323 436
323 439
323 453
324 326
324 342
324 353
324 364
324 365
324 377
324 384
324 386
324 389
324 392
324 403
324 425
324 426
324 442
324 449
324 461
324 702
324 777
324 782
325 327
325 358
325 364
325 368
325 374
325 379
325 387
325 389
325 402
325 410
325 414
325 432
325 447
325 739
326 346
326 357
326 362
326 363
326 375
326 376
326 378
326 381
326 414
326 417
326 420
326 422
326 431
326 538
326 908
327 329
327 341
327 350
327 359
327 361
327 362
327 372
327 386
327 410
327 418
327 427
327 448
327 454
327 856
328 329
328 336
328 341
328 345
328 347
328 348
328 350
328 354
328 355
328 358
328 371
328 421
328 425
328 426
328 449
328 542
328 745
329 332
329 335
329 336
329 352
329 376
329 379
329 387
329 403
329 404
329 419
329 455
329 468
329 483
329 603
329 732
330 332
330 334
330 346
330 349
330 352
330 396
330 404
330 428
330 432
330 436
330 449
330 454
330 460
330 653
330 847
330 897
331 337
331 350
331 354
331 355
331 366
331 371
331 375
331 376
331 383
331 407
331 414
331 425
331 440
331 441
331 442
331 448
331 456
331 457
331 505
331 508
331 801
332 336
332 369
332 373
332 381
332 383
332 388
332 397
332 398
332 399
332 419
332 423
332 741
332 805
332 850
333 341
333 345
333 358
333 361
333 363
333 368
333 380
333 382
333 424
333 425
333 428
333 431
333 441
333 442
333 443
333 456
333 552
333 905
334 346
334 348
334 354
334 361
334 376
334 385
334 400
334 403
334 408
334 412
334 435
334 440
334 443
334 457
334 524
334 629
334 657
335 338
335 343
335 354
335 364
335 367
335 379
335 389
335 434
335 438
335 450
335 454
335 457
335 800
336 346
336 348
336 355
336 358
336 366
336 367
336 370
336 379
336 381
336 391
336 394
336 406
336 407
336 415
336 417
336 429
336 432
336 443
336 447
336 448
336 453
336 636
336 745
337 338
337 364
337 369
337 376
337 399
337 415
337 425
337 442
337 446
337 471
337 578
337 622
337 670
337 737
337 800
338 347
338 359
338 364
338 381
338 384
338 390
338 400
338 408
338 430
338 436
338 448
338 457
338 470
338 587
338 881
339 373
339 376
339 400
339 403
339 422
339 439
340 346
340 354
340 374
340 379
340 383
340 412
340 419
340 423
340 425
340 437
340 460
340 887
341 346
341 356
341 369
341 371
341 373
341 376
341 385
341 405
341 406
341 409
341 414
341 437
341 438
341 443
341 450
341 457
341 459
341 460
341 754
341 870
342 343
342 356
342 357
342 359
342 371
342 376
342 382
342 392
342 401
342 417
342 418
342 421
342 427
342 428
342 433
342 436
342 444
342 687
343 344
343 345
343 366
343 396
343 415
343 416
343 420
343 426
343 494
343 646
343 810
344 346
344 349
344 359
344 369
344 402
344 403
344 404
344 407
344 417
344 424
344 433
344 441
344 442
344 453
344 469
344 722
344 785
344 806
345 346
345 353
345 365
345 372
345 386
345 392
345 396
345 418
345 439
345 635
345 706
346 361
346 368
346 399
346 411
346 416
346 420
346 421
346 428
346 435
346 444
346 452
346 455
346 457
346 725
347 348
347 350
347 356
347 359
347 362
347 363
347 372
347 373
347 378
347 380
347 411
347 425
347 431
347 432
347 445
347 451
347 453
347 454
347 636
348 351
348 375
348 401
348 402
348 404
348 409
348 414
348 534
348 537
348 828
349 363
349 383
349 389
349 408
349 420
349 421
349 425
349 428
349 431
349 451
349 457
349 567
349 648
349 655
349 730
349 848
349 908
350 351
350 355
350 361
350 364
350 367
350 370
350 375
350 384
350 408
350 419
350 428
350 440
350 449
350 794
351 356
351 376
351 384
351 391
351 392
351 398
351 399
351 400
351 407
351 413
351 421
351 425
351 429
351 434
351 436
351 440
351 443
351 448
351 450
351 452
351 458
352 357
352 359
352 363
352 364
352 379
352 380
352 386
352 394
352 399
352 427
352 432
352 439
352 444
352 477
352 760
353 355
353 358
353 361
353 363
353 366
353 372
353 373
353 376
353 379
353 380
353 398
353 412
353 436
353 453
353 456
353 458
353 681
354 371
354 375
354 383
354 389
354 391
354 395
354 402
354 410
354 418
354 433
354 435
354 448
354 751
354 860
354 924
355 375
355 380
355 393
355 405
355 406
355 412
355 416
355 436
355 437
355 456
355 461
355 881
356 380
356 406
356 423
356 424
356 460
356 462
356 465
356 474
356 679
356 770
357 371
357 373
357 378
357 400
357 424
357 438
357 455
357 458
357 524
357 728
357 907
358 364
358 387
358 389
358 390
358 398
358 405
358 407
358 411
358 412
358 414
358 419
358 435
358 446
358 459
358 708
358 816
358 820
359 375
359 377
359 378
359 380
359 385
359 404
359 417
359 418
359 419
359 455
359 457
359 618
359 665
360 364
360 368
360 379
360 405
360 418
360 421
360 424
360 453
360 454
360 460
360 562
360 714
361 369
361 399
361 402
361 422
361 427
361 435
361 495
362 376
362 379
362 380
362 390
362 394
362 398
362 408
362 419
362 426
362 431
362 432
362 446
362 456
363 379
363 392
363 416
363 418
363 419
363 431
363 436
363 455
363 649
363 824
364 397
364 411
364 416
364 419
364 422
364 423
364 427
364 442
364 445
364 456
364 500
365 370
365 380
365 381
365 400
365 411
365 416
365 425
365 428
365 430
365 432
365 448
365 457
365 540
365 799
365 880
365 881
366 367
366 376
366 398
366 416
366 423
366 428
366 430
366 440
366 447
366 456
366 459
366 583
366 659
366 689
366 719
367 377
367 379
367 389
367 390
367 391
367 433
367 447
368 370
368 371
368 373
368 378
368 383
368 391
368 403
368 404
368 408
368 418
368 423
368 428
368 439
368 447
368 460
368 527
368 627
368 884
369 383
369 387
369 389
369 393
369 401
369 410
369 413
369 416
369 421
369 429
369 438
369 448
369 453
369 611
370 384
370 385
370 388
370 398
370 423
370 435
370 447
370 448
370 449
370 456
371 397
371 399
371 405
371 417
371 436
371 448
371 449
371 550
372 373
372 381
372 386
372 390
372 401
372 405
372 419
372 423
372 427
372 433
372 446
372 448
372 455
372 509
372 706
373 396
373 422
373 424
373 435
373 439
373 611
374 402
374 422
374 423
374 425
374 437
374 451
374 453
374 459
374 657
374 680
374 712
375 378
375 394
375 415
375 423
375 428
375 430
375 432
375 434
375 524
375 556
375 678
375 778
375 797
375 864
376 408
376 415
376 424
376 434
376 444
376 450
376 455
376 458
376 461
376 850
377 388
377 395
377 404
377 411
377 412
377 416
377 437
377 438
377 447
377 449
377 453
377 752
377 790
378 380
378 386
378 392
378 393
378 399
378 404
378 406
378 413
378 415
378 416
378 417
378 418
378 425
378 455
378 459
378 460
378 493
378 534
378 724
379 384
379 395
379 399
379 431
379 433
379 440
379 441
379 446
379 447
379 451
379 588
379 806
379 910
380 381
380 388
380 394
380 441
380 454
380 828
381 394
381 396
381 403
381 413
381 422
381 430
381 431
381 443
381 451
381 458
381 504
381 712
381 918
382 404
382 508
382 548
382 605
382 789
383 399
383 426
383 427
383 436
383 443
383 449
383 450
383 454
383 765
384 415
384 426
384 432
384 445
384 496
384 679
384 756
385 408
385 430
385 432
385 447
385 453
385 488
386 392
386 409
386 431
386 461
386 590
386 734
387 401
387 411
387 413
387 418
387 435
387 439
387 446
387 455
387 484
387 550
387 833
388 390
388 397
388 409
388 419
388 439
388 447
388 456
388 460
388 904
389 394
389 443
389 446
389 448
389 587
389 592
389 789
389 799
390 392
390 429
390 432
390 436
390 445
390 452
390 591
390 815
390 891
391 405
391 414
391 418
391 439
391 458
391 703
391 902
392 412
392 428
392 452
392 461
392 716
393 413
393 459
394 397
394 424
394 444
394 448
394 460
394 539
395 399
395 406
395 413
395 414
395 417
395 442
395 460
395 489
395 522
395 682
395 711
396 400
396 405
396 409
396 430
396 444
396 499
396 649
397 404
397 407
397 415
397 420
397 618
397 718
398 401
398 404
398 410
398 420
398 424
398 432
398 439
398 443
398 444
398 448
398 454
398 455
398 459
398 775
399 445
399 455
399 598
399 652
399 676
399 919
400 402
400 407
400 418
400 425
400 429
400 431
400 435
400 438
400 447
400 449
400 453
400 563
400 693
400 862
400 880
400 915
401 411
401 436
401 438
401 442
401 460
401 879
402 428
402 437
402 444
402 458
402 459
402 461
402 634
403 406
403 421
403 426
403 429
403 448
403 449
403 454
403 802
403 894
404 416
404 421
404 426
404 433
404 452
404 454
404 461
404 674
404 796
404 920
405 408
405 423
405 426
405 447
405 456
406 408
406 412
406 416
406 418
406 424
406 438
406 450
406 459
406 482
406 824
406 860
407 409
407 416
407 420
407 421
407 422
407 429
407 430
407 431
407 450
407 452
407 467
407 728
408 419
408 425
408 434
408 447
408 451
408 842
409 411
409 414
409 422
409 461
409 463
410 417
410 422
410 427
410 430
410 431
410 447
410 448
411 433
411 448
411 644
412 419
412 424
412 427
412 430
412 433
412 436
412 439
412 456
412 457
412 846
413 416
413 675
413 694
414 426
414 436
414 438
414 440
414 442
414 443
414 454
414 823
415 424
415 430
415 436
415 559
415 657
416 667
416 750
417 435
417 452
417 453
417 457
417 469
417 488
417 799
417 808
418 432
418 433
418 439
418 445
418 719
419 435
419 446
419 450
419 454
419 603
420 428
420 434
420 459
420 845
421 422
421 428
421 433
421 787
422 459
422 460
423 433
423 436
423 442
423 443
423 453
423 460
423 625
423 678
424 442
424 444
424 448
424 652
424 779
424 813
425 456
425 457
425 458
425 624
425 729
426 427
426 429
426 435
426 443
426 447
426 453
426 458
426 685
426 830
427 429
427 435
427 439
427 441
427 446
427 643
427 646
428 453
428 454
428 459
428 485
428 547
429 434
429 439
429 440
429 453
429 454
429 590
430 526
430 580
430 789
430 800
431 452
431 455
431 553
431 824
431 887
432 438
432 441
432 443
432 451
432 504
432 621
432 682
432 770
432 778
433 439
433 836
434 437
434 445
434 448
434 460
435 442
436 444
436 456
436 549
436 751
437 441
437 643
437 770
438 446
438 447
438 452
438 454
438 701
439 445
439 452
439 802
439 807
440 454
440 456
440 460
440 548
440 574
441 447
441 450
441 460
441 505
441 521
441 681
441 720
442 453
442 459
442 864
443 445
443 456
443 472
443 549
443 571
443 572
443 600
444 446
444 846
444 918
446 452
446 827
447 450
447 456
447 525
447 835
449 452
449 455
450 459
451 518
451 654
451 814
452 456
452 503
452 815
453 455
453 461
453 624
453 683
453 722
454 457
454 499
454 817
455 456
455 512
455 682
455 811
456 457
456 814
457 459
457 611
457 653
458 870
460 500
460 701
460 867
460 922
461 533
461 546
461 738
461 906
462 464
462 466
462 467
462 478
462 496
462 526
462 531
462 535
462 536
462 540
462 542
462 546
462 547
462 566
462 568
462 574
462 580
462 588
462 590
462 594
462 596
462 597
462 604
462 609
462 613
463 468
463 484
463 490
463 500
463 515
463 528
463 562
463 564
463 574
463 577
463 585
463 598
463 612
463 615
463 642
464 467
464 481
464 482
464 495
464 499
464 501
464 502
464 503
464 508
464 547
464 575
464 576
464 578
464 580
464 584
464 591
464 608
464 611
464 612
464 614
465 469
465 472
465 473
465 477
465 489
465 492
465 512
465 514
465 519
465 522
465 523
465 527
465 541
465 544
465 546
465 560
465 565
465 583
465 610
465 614
466 476
466 486
466 489
466 492
466 501
466 513
466 524
466 541
466 548
466 556
466 578
466 579
466 586
466 589
466 593
466 598
467 474
467 487
467 488
467 489
467 490
467 503
467 504
467 510
467 521
467 525
467 537
467 563
467 574
467 579
467 597
467 599
467 607
468 481
468 487
468 502
468 504
468 509
468 524
468 529
468 541
468 547
468 553
468 557
468 561
468 565
468 569
468 596
468 612
468 613
469 479
469 482
469 489
469 539
469 573
469 579
469 591
469 610
469 614
470 471
470 476
470 485
470 526
470 535
470 549
470 554
470 555
470 567
470 580
470 604
471 478
471 495
471 496
471 497
471 501
471 508
471 516
471 523
471 532
471 546
471 576
471 579
471 585
471 590
471 595
471 605
471 880
471 890
472 473
472 479
472 484
472 487
472 490
472 492
472 493
472 498
472 499
472 503
472 508
472 530
472 537
472 549
472 552
472 574
472 575
472 604
472 609
472 615
473 481
473 486
473 498
473 501
473 504
473 509
473 511
473 513
473 516
473 518
473 521
473 530
473 540
473 546
473 563
473 569
473 584
473 606
473 607
473 609
473 611
473 614
473 689
474 476
474 482
474 489
474 533
474 544
474 557
474 558
474 562
474 564
474 568
474 569
474 587
474 606
474 879
475 479
475 481
475 521
475 529
475 535
475 541
475 555
475 561
475 566
475 573
475 581
475 590
475 591
475 602
475 605
475 606
475 697
475 880
476 477
476 489
476 490
476 495
476 507
476 519
476 535
476 544
476 549
476 553
476 556
476 557
476 580
476 581
476 582
476 590
476 600
476 602
476 647
476 699
476 755
476 847
477 483
477 484
477 521
477 532
477 533
477 536
477 538
477 555
477 559
477 581
477 595
477 597
477 599
477 716
477 730
477 752
477 776
477 786
477 897
478 501
478 541
478 547
478 563
478 578
478 583
478 601
478 708
478 755
479 487
479 512
479 516
479 518
479 532
479 541
479 546
479 547
479 552
479 560
479 561
479 572
479 582
479 583
479 604
480 485
480 505
480 518
480 521
480 523
480 553
480 577
480 615
480 919
481 485
481 488
481 493
481 510
481 514
481 523
481 584
481 589
481 603
481 604
481 651
482 500
482 505
482 508
482 511
482 517
482 527
482 529
482 534
482 539
482 544
482 545
482 561
482 562
482 580
482 583
482 586
482 596
482 607
482 612
483 488
483 501
483 519
483 534
483 545
483 561
483 567
483 570
483 581
483 582
483 610
483 839
483 858
484 505
484 513
484 520
484 523
484 533
484 539
484 540
484 550
484 577
484 582
484 587
484 592
485 495
485 496
485 508
485 514
485 520
485 521
485 528
485 530
485 559
485 562
485 563
485 569
485 587
485 593
485 595
485 600
485 610
486 498
486 516
486 521
486 531
486 539
486 543
486 545
486 548
486 565
486 568
486 570
486 585
486 590
486 591
486 608
486 609
487 488
487 492
487 503
487 510
487 517
487 536
487 542
487 552
487 562
487 566
487 568
487 598
487 599
487 602
487 604
487 605
488 490
488 501
488 505
488 511
488 513
488 522
488 527
488 536
488 540
488 579
488 586
488 587
488 596
488 601
488 602
488 607
488 614
489 493
489 494
489 495
489 505
489 510
489 514
489 519
489 526
489 532
489 533
489 546
489 551
489 592
489 600
489 607
490 491
490 493
490 495
490 497
490 527
490 530
490 548
490 568
490 589
490 595
490 609
490 769
491 513
491 541
491 542
491 545
491 551
491 559
491 563
491 566
491 595
491 598
491 605
491 792
491 827
491 916
492 499
492 506
492 508
492 509
492 512
492 518
492 538
492 555
492 564
492 565
492 568
492 572
492 576
492 577
492 579
492 584
492 599
492 600
492 605
492 612
492 700
493 497
493 502
493 513
493 519
493 529
493 539
493 545
493 551
493 553
493 581
493 586
493 599
493 604
493 741
494 502
494 508
494 514
494 515
494 519
494 529
494 539
494 554
494 556
494 568
494 578
494 607
494 719
495 498
495 501
495 505
495 507
495 513
495 516
495 522
495 530
495 532
495 536
495 537
495 545
495 546
495 550
495 551
495 576
495 591
495 596
495 597
495 599
495 602
495 603
495 662
496 504
496 526
496 527
496 533
496 544
496 547
496 552
496 556
496 570
496 580
496 587
496 599
496 605
496 611
497 498
497 506
497 509
497 510
497 537
497 567
497 570
497 582
497 597
497 609
497 614
498 501
498 520
498 529
498 531
498 532
498 547
498 550
498 557
498 569
498 580
498 584
498 587
498 596
498 869
499 500
499 512
499 513
499 516
499 521
499 532
499 545
499 560
499 565
499 574
499 581
499 593
499 604
499 611
499 894
499 915
500 508
500 511
500 515
500 520
500 523
500 530
500 533
500 541
500 558
500 580
500 589
500 590
500 592
500 599
500 606
501 515
501 527
501 538
501 539
501 542
501 543
501 544
501 557
501 559
501 562
501 563
501 572
501 579
501 586
501 587
501 593
501 607
501 663
502 508
502 512
502 513
502 518
502 525
502 528
502 542
502 557
502 559
502 566
502 578
503 512
503 521
503 533
503 540
503 542
503 546
503 567
503 574
503 577
503 584
503 589
503 601
503 612
503 690
503 733
503 891
504 507
504 509
504 512
504 515
504 521
504 528
504 532
504 535
504 537
504 542
504 577
504 581
504 589
504 594
504 597
504 599
504 795
504 867
504 870
505 516
505 526
505 539
505 557
505 559
505 560
505 573
505 575
505 578
505 584
505 586
505 594
506 518
506 524
506 532
506 539
506 553
506 560
506 577
506 580
506 585
506 592
506 610
506 611
507 527
507 538
507 545
507 547
507 549
507 559
507 574
507 579
507 589
507 590
507 785
508 518
508 521
508 523
508 526
508 535
508 537
508 548
508 554
508 555
508 566
508 573
508 574
508 577
508 588
508 609
508 800
508 804
509 511
509 513
509 518
509 525
509 538
509 539
509 541
509 565
509 567
509 576
509 577
509 592
509 609
509 629
509 859
510 516
510 518
510 521
510 536
510 548
510 558
510 561
510 603
510 610
510 614
510 688
510 866
511 512
511 513
511 514
511 517
511 519
511 529
511 530
511 547
511 550
511 551
511 560
511 562
511 583
511 595
511 602
511 603
511 610
511 612
511 614
511 836
511 874
512 520
512 549
512 564
512 566
512 570
512 572
512 576
512 584
512 604
512 607
513 535
513 577
513 593
513 748
513 898
513 902
514 520
514 522
514 523
514 524
514 525
514 536
514 544
514 583
514 584
514 586
514 589
514 596
514 614
515 520
515 531
515 538
515 547
515 555
515 558
515 560
515 562
515 572
515 586
515 607
515 609
515 614
515 755
516 551
516 554
516 564
516 569
516 576
516 578
516 585
516 600
516 614
517 522
517 526
517 532
517 534
517 549
517 550
517 551
517 555
517 567
517 568
517 581
517 601
517 602
517 607
517 610
517 615
517 851
518 519
518 529
518 541
518 542
518 544
518 552
518 567
518 593
518 596
518 598
518 615
518 898
519 530
519 532
519 535
519 544
519 552
519 566
519 569
519 576
519 579
519 585
519 610
519 611
519 656
520 524
520 537
520 547
520 549
520 556
520 559
520 570
520 573
520 574
520 575
520 579
520 582
520 588
520 594
520 596
520 607
520 609
520 615
521 545
521 550
521 556
521 571
521 575
521 576
521 582
521 584
521 590
521 604
521 608
522 523
522 535
522 538
522 551
522 558
522 560
522 563
522 566
522 571
522 595
522 599
523 525
523 535
523 543
523 548
523 553
523 560
523 564
523 585
523 597
523 598
523 603
523 641
523 785
524 526
524 527
524 533
524 535
524 547
524 557
524 563
524 573
524 577
524 580
524 583
524 584
524 589
524 611
524 691
524 704
525 541
525 552
525 557
525 558
525 565
525 566
525 575
525 579
525 610
525 700
526 538
526 541
526 562
526 568
526 574
526 576
526 578
526 588
526 599
526 605
526 615
526 654
526 787
526 889
527 535
527 539
527 548
527 553
527 557
527 572
527 574
527 582
527 583
527 595
527 599
527 600
527 602
527 610
527 611
527 612
527 614
527 860
528 541
528 543
528 544
528 559
528 568
528 587
528 609
528 614
528 615
528 867
529 546
529 553
529 558
529 585
529 590
529 592
529 593
529 599
529 607
529 609
529 907
530 552
530 561
530 566
530 589
530 608
530 909
531 536
531 548
531 562
531 573
531 583
531 608
531 911
532 550
532 553
532 561
532 565
532 569
532 574
532 576
532 585
532 586
532 587
532 600
532 790
532 814
532 872
533 552
533 571
533 599
533 601
533 605
533 607
533 838
534 535
534 547
534 556
534 567
534 576
534 602
534 605
534 607
534 612
535 543
535 545
535 547
535 555
535 559
535 567
535 571
535 575
535 586
535 592
535 593
535 594
535 595
535 608
535 670
535 824
536 539
536 543
536 544
536 548
536 556
536 560
536 566
536 578
536 580
536 598
536 677
537 545
537 551
537 553
537 559
537 561
537 575
537 584
537 586
537 592
537 593
537 594
537 607
538 542
538 546
538 554
538 565
538 575
539 545
539 559
539 563
539 601
539 605
540 542
540 555
540 561
540 572
540 580
540 589
540 599
540 603
540 609
540 614
540 648
540 837
540 925
541 553
541 558
541 569
541 583
541 587
541 589
541 590
541 592
541 605
541 611
541 811
542 598
542 759
542 828
543 549
543 552
543 554
543 586
543 591
543 609
543 611
543 613
543 615
543 698
544 550
544 553
544 567
544 579
544 588
544 597
544 607
544 609
544 611
545 547
545 559
545 590
545 597
545 606
545 701
545 747
546 555
546 561
546 563
546 567
546 591
546 595
547 548
547 571
547 572
547 576
547 587
547 594
547 820
547 835
547 862
548 554
548 555
548 576
548 579
548 597
548 598
548 599
548 602
548 606
548 614
548 662
549 570
549 589
549 611
549 657
549 879
549 889
550 558
550 573
550 574
550 576
550 580
550 600
550 605
550 615
551 563
551 564
551 567
551 596
551 607
551 614
551 640
552 554
552 561
552 563
552 588
552 608
553 555
553 584
553 596
553 766
553 805
554 561
554 572
554 598
554 609
554 610
554 651
555 565
555 587
555 615
555 682
555 754
556 562
556 567
556 570
556 571
556 573
556 582
557 561
557 566
557 595
557 598
557 599
557 607
558 560
558 561
558 573
558 583
558 584
558 587
558 589
558 592
558 611
559 560
559 564
559 587
559 589
559 597
559 811
559 918
560 579
560 587
560 588
560 603
560 611
560 645
560 740
561 563
561 572
561 578
561 585
561 589
561 595
562 573
562 586
562 592
562 593
562 613
563 564
563 565
563 567
563 568
563 569
563 570
563 571
563 572
563 575
563 583
563 612
563 746
563 822
563 840
564 565
564 580
564 585
564 599
564 600
564 606
564 609
564 804
564 870
565 572
565 573
565 574
565 575
565 582
565 605
565 610
566 570
566 578
566 589
566 590
566 591
566 600
566 602
566 609
567 570
567 574
567 575
567 577
567 587
567 597
567 601
567 788
568 569
568 583
568 593
568 605
568 612
568 682
568 691
569 579
569 580
569 583
569 584
569 710
570 571
570 574
570 583
570 757
570 835
571 575
571 583
571 592
571 600
571 724
571 732
572 605
572 613
572 615
572 782
573 595
573 598
573 601
573 605
573 612
573 797
573 804
574 575
574 576
574 578
574 580
574 581
574 585
574 591
574 592
574 602
574 667
575 582
575 584
575 591
575 592
575 603
575 615
575 897
576 582
576 595
576 598
576 601
576 605
576 805
576 884
577 578
577 591
577 593
577 777
578 580
578 586
578 592
578 605
578 615
579 580
579 586
579 588
579 591
579 744
579 846
579 902
580 586
580 596
580 604
580 610
581 586
581 587
581 606
581 612
581 613
582 584
582 589
582 608
582 610
582 614
582 731
583 589
583 597
583 601
583 614
584 917
585 593
585 596
585 600
585 637
585 802
585 818
586 714
586 805
587 600
587 601
588 589
588 594
588 604
588 609
588 610
588 615
588 726
589 603
589 607
589 715
589 749
590 603
590 615
590 715
590 756
590 905
591 595
591 600
591 604
591 611
591 733
591 903
592 607
592 611
593 597
593 605
594 757
595 601
595 607
595 610
595 639
595 751
596 602
596 857
597 608
597 713
598 608
598 811
599 601
599 602
599 806
599 925
600 602
600 604
600 610
600 798
600 881
600 916
601 611
601 613
601 615
601 689
602 628
602 693
602 709
603 609
603 713
603 855
603 913
604 613
605 613
605 629
605 903
607 609
607 612
607 613
607 614
607 811
608 612
608 613
608 614
608 695
609 672
609 820
609 873
610 612
610 676
610 852
611 616
611 717
611 778
612 615
613 833
614 920
615 646
615 752
615 823
616 622
616 635
616 641
616 656
616 695
616 700
616 702
616 723
616 741
616 749
616 757
617 623
617 639
617 662
617 665
617 667
617 668
617 670
617 693
617 698
617 703
617 715
617 716
617 729
617 751
617 761
618 622
618 648
618 650
618 660
618 662
618 674
618 685
618 698
618 714
618 718
618 740
618 741
618 743
618 758
618 767
618 793
619 634
619 635
619 640
619 650
619 653
619 654
619 678
619 680
619 702
619 706
619 708
619 722
619 729
619 741
619 754
619 758
620 622
620 628
620 632
620 658
620 670
620 671
620 690
620 697
620 705
620 708
620 749
620 750
620 757
620 887
621 631
621 634
621 639
621 642
621 654
621 657
621 662
621 669
621 677
621 689
621 715
621 724
621 727
621 728
621 742
621 747
621 755
622 625
622 631
622 649
622 651
622 657
622 680
622 693
622 694
622 695
622 700
622 705
622 713
622 721
622 730
622 731
622 743
622 744
622 753
622 759
622 765
622 769
622 908
623 643
623 646
623 651
623 652
623 655
623 668
623 670
623 671
623 674
623 705
623 706
623 710
623 714
623 716
623 726
623 731
623 733
623 755
623 757
623 762
624 633
624 638
624 644
624 647
624 672
624 694
624 697
624 700
624 706
624 713
624 728
624 735
624 736
624 738
624 741
624 756
624 763
624 768
624 769
625 639
625 645
625 680
625 692
625 698
625 702
625 705
625 711
625 731
625 735
625 742
625 745
625 748
625 753
625 765
625 790
625 839
626 635
626 645
626 647
626 653
626 662
626 664
626 671
626 693
626 697
626 701
626 705
626 714
626 720
626 750
626 753
626 768
627 630
627 636
627 638
627 644
627 684
627 685
627 692
627 733
627 738
627 739
627 740
627 757
627 758
628 643
628 666
628 669
628 682
628 683
628 693
628 706
628 708
628 711
628 714
628 723
628 731
628 747
628 749
628 750
628 863
629 644
629 651
629 656
629 669
629 670
629 681
629 689
629 692
629 693
629 699
629 702
629 727
629 729
629 739
629 748
629 764
630 636
630 648
630 658
630 664
630 671
630 676
630 694
630 701
630 711
630 717
630 721
630 731
630 732
630 734
630 741
630 763
630 767
631 643
631 658
631 667
631 687
631 691
631 723
631 735
631 738
631 746
631 764
632 649
632 687
632 700
632 705
632 708
632 726
632 752
632 755
632 764
632 774
633 658
633 674
633 677
633 678
633 685
633 690
633 691
633 745
633 768
633 834
633 899
634 647
634 650
634 652
634 664
634 673
634 678
634 680
634 688
634 695
634 696
634 697
634 701
634 703
634 716
634 754
634 757
635 662
635 664
635 665
635 667
635 668
635 670
635 684
635 691
635 700
635 704
635 710
635 722
635 725
635 727
635 736
635 758
635 767
636 641
636 643
636 653
636 658
636 659
636 673
636 674
636 676
636 687
636 695
636 699
636 700
636 743
636 761
636 764
636 765
637 644
637 648
637 664
637 668
637 680
637 684
637 687
637 697
637 706
637 730
637 742
637 747
637 753
637 754
637 762
637 767
638 685
638 698
638 703
638 708
638 710
638 712
638 725
638 731
638 751
638 752
638 762
639 661
639 662
639 664
639 665
639 692
639 699
639 709
639 717
639 722
639 759
639 762
639 767
639 768
639 883
640 649
640 660
640 671
640 689
640 692
640 696
640 697
640 702
640 704
640 714
640 736
640 738
640 742
640 750
640 755
641 664
641 672
641 674
641 680
641 683
641 714
641 717
641 730
641 736
641 764
641 768
642 646
642 672
642 675
642 685
642 709
642 710
642 715
642 719
642 722
642 730
642 736
642 751
642 754
642 756
643 726
643 730
643 749
643 750
643 761
643 765
644 662
644 667
644 681
644 688
644 728
644 729
644 740
644 766
644 769
645 647
645 649
645 660
645 668
645 688
645 691
645 696
645 703
645 704
645 726
645 729
645 730
645 732
645 755
645 761
646 652
646 663
646 670
646 696
646 711
646 714
646 719
646 744
646 762
646 769
647 653
647 655
647 675
647 685
647 709
647 712
647 735
647 736
647 747
647 749
648 652
648 661
648 676
648 685
648 687
648 689
648 693
648 726
648 743
648 746
648 753
648 763
648 825
649 660
649 672
649 675
649 679
649 683
649 689
649 693
649 697
649 699
649 703
649 709
649 713
649 725
649 760
649 768
649 884
650 659
650 673
650 675
650 676
650 686
650 694
650 713
650 721
650 731
650 732
650 736
650 743
650 757
650 769
650 778
650 798
651 653
651 684
651 686
651 693
651 700
651 706
651 709
651 733
651 734
651 736
651 745
651 890
652 660
652 664
652 674
652 696
652 703
652 715
652 725
652 749
652 753
652 756
652 757
652 765
652 766
652 841
653 655
653 664
653 668
653 715
653 720
653 721
653 740
653 752
653 759
654 657
654 668
654 682
654 683
654 701
654 715
654 739
654 749
655 659
655 671
655 673
655 674
655 680
655 681
655 689
655 702
655 713
655 727
655 736
655 761
655 846
656 661
656 685
656 688
656 704
656 708
656 710
656 711
656 720
656 723
656 749
656 769
656 826
656 891
657 664
657 671
657 677
657 686
657 702
657 712
657 767
658 674
658 697
658 705
658 708
658 714
658 733
658 758
658 761
658 765
659 661
659 662
659 671
659 673
659 698
659 699
659 709
659 719
659 726
659 733
659 740
659 753
659 756
660 668
660 675
660 683
660 686
660 691
660 698
660 699
660 704
660 716
660 723
660 736
660 739
660 740
660 741
660 742
660 747
660 769
661 664
661 667
661 668
661 671
661 685
661 716
662 668
662 675
662 684
662 689
662 690
662 705
662 720
662 722
662 725
662 726
662 731
662 734
662 736
662 743
662 744
662 754
662 757
662 834
663 665
663 672
663 677
663 678
663 687
663 698
663 703
663 721
663 725
663 727
663 740
663 741
663 742
663 747
663 749
664 678
664 689
664 696
664 699
664 702
664 720
664 721
664 729
664 739
664 748
665 666
665 671
665 684
665 685
665 694
665 698
665 703
665 714
665 725
665 744
665 763
665 766
665 831
666 673
666 676
666 683
666 696
666 699
666 705
666 720
666 723
666 731
666 734
666 739
666 752
666 801
667 671
667 675
667 676
667 685
667 697
667 700
667 727
667 730
667 732
667 748
667 759
667 761
667 764
668 672
668 678
668 679
668 688
668 737
668 740
668 750
668 751
668 753
668 756
668 759
668 897
669 671
669 683
669 687
669 688
669 694
669 703
669 740
669 752
669 762
669 763
670 690
670 709
670 712
670 716
670 724
670 732
670 733
670 738
670 740
670 751
670 767
670 888
671 677
671 688
671 696
671 701
671 703
671 705
671 713
671 725
671 730
671 768
671 901
672 674
672 679
672 683
672 722
672 727
672 737
672 738
672 740
672 741
672 760
672 763
672 875
673 674
673 678
673 708
673 712
673 716
673 717
673 731
673 735
673 739
673 741
673 744
673 745
673 749
673 751
673 755
673 758
673 812
674 675
674 677
674 686
674 689
674 692
674 700
674 703
674 715
674 738
674 743
674 747
674 761
674 762
675 714
675 735
675 742
675 744
675 755
675 760
676 685
676 688
676 694
676 698
676 709
676 716
676 721
676 737
676 741
676 752
676 759
676 761
676 769
677 686
677 707
677 715
677 730
677 731
677 743
677 745
677 752
677 757
677 758
677 759
677 762
677 833
678 681
678 683
678 697
678 712
678 719
678 739
678 749
678 761
679 699
679 702
679 707
679 709
679 722
679 728
679 729
679 742
679 760
679 767
680 690
680 714
680 718
680 719
680 727
680 737
680 740
680 745
680 749
680 758
681 690
681 699
681 706
681 707
681 725
681 731
681 740
681 759
682 688
682 702
682 706
682 714
682 716
682 729
682 730
682 736
682 741
682 750
682 751
682 764
682 909
682 919
683 685
683 691
683 694
683 711
683 712
683 719
683 722
683 733
683 764
684 694
684 699
684 728
684 735
684 743
684 749
684 785
684 887
685 686
685 689
685 691
685 693
685 713
685 719
685 724
685 726
685 736
685 738
685 748
685 756
685 763
685 764
685 801
686 709
686 710
686 720
686 725
686 740
686 743
686 752
686 769
687 697
687 710
687 723
687 742
687 754
687 915
688 704
688 706
688 726
688 736
688 780
689 692
689 695
689 721
689 739
689 743
689 747
689 748
689 751
690 708
690 711
690 731
690 741
690 751
690 761
691 696
691 704
691 708
691 719
691 722
691 723
691 749
691 759
691 769
692 703
692 712
692 718
692 721
692 726
692 731
692 749
692 752
692 822
693 698
693 699
693 712
693 735
693 758
693 762
693 922
693 923
694 696
694 708
694 723
694 733
694 743
694 759
694 763
694 766
694 767
694 893
695 697
695 706
695 712
695 721
695 733
695 766
695 769
695 801
696 705
696 711
696 764
696 851
697 701
697 709
697 714
697 761
697 763
697 866
698 705
698 713
698 716
698 724
698 738
698 745
699 708
699 710
699 715
699 727
699 747
699 748
699 767
700 702
700 713
700 738
700 743
700 745
701 711
701 734
701 735
701 736
701 746
701 747
701 753
701 759
701 762
701 767
701 769
701 794
702 703
702 718
702 732
702 734
702 737
702 745
702 752
703 704
703 710
703 739
703 748
703 752
703 760
703 764
703 768
704 734
704 756
705 708
705 711
705 724
705 726
705 736
705 743
705 748
705 754
705 759
705 790
705 808
705 853
706 712
706 718
706 730
706 788
706 851
707 709
707 710
707 719
707 722
707 727
707 732
707 744
707 791
708 723
708 730
708 734
708 738
708 745
708 757
708 758
708 762
708 766
708 767
708 777
709 730
709 746
709 757
709 760
709 761
709 766
710 718
710 735
710 737
710 740
710 741
710 748
710 815
711 718
711 731
711 734
711 756
711 803
712 727
712 729
712 739
712 742
712 744
712 755
712 757
712 766
713 714
713 727
713 730
713 731
713 743
713 748
713 750
713 760
713 762
713 911
713 918
714 725
714 726
714 734
714 739
714 755
714 767
715 719
715 721
715 726
715 753
715 755
715 762
715 769
716 731
716 734
716 736
716 750
716 767
717 720
717 732
717 737
717 741
717 748
717 753
717 767
717 769
717 773
717 903
718 745
718 759
718 761
718 767
718 769
718 833
718 850
719 731
719 737
719 747
719 748
719 750
719 761
720 723
720 732
720 736
720 741
720 756
720 904
720 916
721 722
721 740
721 751
721 756
721 763
721 796
721 858
722 725
722 743
722 745
722 749
722 750
722 752
722 760
722 761
722 764
722 769
723 725
723 731
723 732
723 745
723 761
723 764
723 769
724 726
724 729
724 735
724 736
724 752
724 757
724 898
725 728
725 731
725 734
725 739
725 750
725 752
725 755
725 757
725 758
725 760
725 762
725 768
726 737
726 738
726 748
726 764
726 768
727 730
727 739
727 752
727 758
728 739
728 743
728 761
728 764
729 732
729 750
729 756
729 763
730 734
731 753
731 755
731 757
732 734
732 735
732 740
732 743
732 746
732 748
732 768
733 736
733 769
733 868
733 881
734 741
734 745
735 736
735 750
735 763
736 745
736 746
736 756
736 760
736 768
737 744
737 747
737 755
737 762
737 765
738 743
738 746
738 749
738 759
738 760
738 761
738 766
740 761
740 765
740 911
741 749
741 763
741 764
741 769
741 837
742 745
742 746
742 760
743 762
743 775
743 881
744 747
745 768
746 749
746 754
746 755
746 757
747 748
747 759
747 863
749 761
750 758
751 768
751 898
752 753
752 768
754 758
755 759
755 762
756 763
756 764
756 863
756 868
757 766
757 767
759 764
759 915
760 762
760 763
760 878
761 762
763 804
763 814
764 769
765 769
765 802
766 769
767 898
768 890
768 899
770 779
770 780
770 783
770 804
770 836
770 837
770 867
770 870
770 891
770 899
770 905
770 906
770 907
770 915
771 772
771 775
771 788
771 797
771 800
771 802
771 831
771 870
771 875
771 884
771 887
771 894
771 903
771 906
771 907
771 924
772 779
772 781
772 784
772 802
772 812
772 813
772 835
772 836
772 843
772 845
772 846
772 869
772 880
772 893
772 903
772 908
772 910
772 916
772 920
773 774
773 776
773 777
773 832
773 856
773 859
773 881
773 888
773 890
773 894
773 904
773 912
773 921
774 775
774 806
774 812
774 816
774 821
774 827
774 834
774 850
774 854
774 864
774 865
774 871
774 886
774 887
774 891
774 894
774 910
774 914
774 923
775 779
775 791
775 798
775 803
775 814
775 825
775 841
775 854
775 897
775 903
775 907
775 916
775 925
776 790
776 810
776 812
776 822
776 833
776 844
776 849
776 851
776 867
776 875
776 877
776 880
776 881
776 900
777 780
777 816
777 820
777 826
777 828
777 830
777 833
777 843
777 848
777 849
777 863
777 873
777 879
777 887
777 897
777 903
778 785
778 792
778 795
778 811
778 813
778 817
778 828
778 832
778 842
778 844
778 872
778 873
778 874
778 876
778 877
778 895
778 901
778 916
778 919
778 920
779 780
779 794
779 797
779 807
779 815
779 844
779 847
779 854
779 859
779 863
779 882
779 890
779 894
779 897
779 905
779 908
779 911
779 919
780 794
780 799
780 801
780 803
780 826
780 828
780 856
780 858
780 871
780 875
780 881
780 910
780 912
780 913
780 920
781 802
781 817
781 852
781 853
781 872
781 874
781 892
781 915
781 919
782 785
782 797
782 810
782 811
782 834
782 848
782 852
782 866
782 886
782 896
782 899
782 905
782 909
782 914
782 920
783 785
783 786
783 792
783 795
783 803
783 811
783 825
783 827
783 850
783 852
783 860
783 868
783 875
783 883
783 910
784 793
784 796
784 831
784 839
784 845
784 846
784 852
784 855
784 856
784 862
784 869
784 874
784 877
784 879
784 895
784 897
784 898
784 901
784 911
784 914
784 922
784 924
785 796
785 799
785 801
785 810
785 815
785 838
785 854
785 861
785 864
785 868
785 873
785 874
785 877
785 898
785 914
785 917
786 789
786 790
786 812
786 816
786 818
786 829
786 833
786 843
786 871
786 876
786 882
786 898
786 909
786 918
786 919
787 797
787 812
787 832
787 835
787 925
788 793
788 795
788 802
788 804
788 817
788 840
788 883
788 884
788 923
788 924
789 792
789 799
789 808
789 809
789 813
789 826
789 828
789 844
789 851
789 859
789 862
789 863
789 867
789 869
789 886
789 903
789 908
789 909
789 914
789 918
790 803
790 815
790 826
790 830
790 836
790 846
790 866
790 876
790 890
790 907
790 914
791 799
791 801
791 807
791 811
791 814
791 816
791 825
791 831
791 832
791 846
791 849
791 855
791 866
791 880
791 895
791 898
791 899
791 902
791 910
792 804
792 805
792 815
792 816
792 818
792 828
792 851
792 859
792 862
792 879
792 885
792 888
792 923
793 815
793 832
793 833
793 836
793 843
793 847
793 858
793 864
793 884
793 897
793 909
793 919
793 921
794 797
794 802
794 817
794 829
794 835
794 840
794 843
794 847
794 868
794 887
794 888
794 916
794 919
795 822
795 823
795 827
795 835
795 843
795 848
795 856
795 860
795 880
795 886
795 888
795 890
795 898
795 903
795 908
795 909
795 915
796 804
796 808
796 824
796 829
796 845
796 851
796 852
796 869
796 888
796 904
796 911
796 912
796 915
796 916
797 798
797 818
797 827
797 831
797 840
797 843
797 850
797 862
797 865
797 881
797 901
797 904
798 813
798 818
798 827
798 830
798 841
798 861
798 888
798 895
798 898
798 899
798 905
798 912
798 914
798 915
798 916
799 800
799 809
799 828
799 839
799 850
799 852
799 868
799 882
799 904
799 918
799 924
800 801
800 805
800 807
800 816
800 825
800 847
800 860
800 861
800 864
800 870
800 876
800 896
800 914
800 924
801 804
801 819
801 837
801 848
801 864
801 878
801 883
801 887
801 890
801 896
801 898
801 902
801 905
801 916
802 840
802 843
802 846
802 855
802 861
802 876
802 878
802 880
802 891
802 892
802 904
802 914
803 812
803 814
803 825
803 837
803 841
803 843
803 849
803 888
803 897
803 899
803 909
803 922
804 805
804 808
804 831
804 834
804 837
804 840
804 846
804 860
804 861
804 902
804 904
804 921
805 826
805 838
805 852
805 861
805 878
805 887
805 907
806 812
806 813
806 817
806 851
806 865
806 871
806 878
806 883
806 893
806 906
806 920
807 815
807 825
807 861
807 871
807 878
807 896
807 898
807 899
807 905
807 908
808 815
808 819
808 822
808 823
808 824
808 831
808 834
808 853
808 856
808 860
808 862
808 874
808 882
808 888
808 892
808 901
809 813
809 817
809 822
809 838
809 859
809 873
809 874
809 880
809 881
809 885
809 892
809 914
809 919
810 838
810 840
810 846
810 847
810 855
810 856
810 868
810 869
810 875
810 885
810 919
811 819
811 837
811 838
811 850
811 856
811 866
811 868
811 898
811 901
811 910
811 918
811 919
811 925
812 816
812 831
812 836
812 837
812 849
812 850
812 853
812 858
812 875
812 878
812 885
812 886
812 892
812 895
812 913
812 916
812 924
813 815
813 838
813 839
813 847
813 850
813 874
813 878
813 901
813 909
813 916
813 921
814 820
814 825
814 828
814 832
814 835
814 839
814 840
814 853
814 855
814 857
814 876
814 877
814 895
814 901
814 909
814 913
814 924
815 817
815 818
815 824
815 826
815 835
815 839
815 840
815 851
815 855
815 857
815 871
815 892
815 899
815 914
815 920
815 921
816 818
816 827
816 831
816 836
816 843
816 869
816 893
816 904
816 917
817 822
817 824
817 826
817 831
817 836
817 863
817 864
817 870
817 872
817 873
817 921
818 820
818 822
818 831
818 845
818 853
818 867
818 884
818 897
818 902
819 832
819 834
819 853
819 859
819 870
819 879
819 913
819 915
820 822
820 824
820 850
820 856
820 857
820 869
820 882
820 884
820 904
820 925
821 822
821 826
821 834
821 842
821 859
821 866
821 875
821 887
821 888
821 889
821 897
821 907
821 909
821 916
821 918
822 829
822 830
822 837
822 838
822 844
822 849
822 853
822 867
822 886
822 890
822 893
822 899
822 912
822 913
823 830
823 848
823 862
823 865
823 867
823 872
823 877
823 883
823 889
823 904
823 907
823 910
823 924
824 830
824 835
824 842
824 854
824 868
824 873
824 877
824 883
824 892
824 894
824 896
824 900
824 915
824 922
825 859
825 881
825 882
825 883
825 886
825 894
825 909
825 917
825 924
826 830
826 840
826 851
826 871
826 891
826 895
826 913
827 856
827 860
827 862
827 866
827 867
827 878
827 881
827 882
827 886
827 887
827 888
827 908
828 849
828 866
828 873
828 878
828 890
828 898
828 913
828 916
829 878
829 902
829 904
829 911
830 836
830 864
830 865
830 869
830 874
830 876
830 909
830 912
831 853
831 873
831 875
831 883
831 886
831 892
831 909
832 842
832 853
832 860
832 867
833 841
833 849
833 861
833 862
833 896
833 899
833 906
833 919
833 922
834 842
834 843
834 851
834 856
834 860
834 877
834 887
834 894
834 919
834 923
835 841
835 862
835 864
835 870
835 876
835 885
835 888
835 892
835 893
835 923
836 839
836 845
836 856
836 882
836 883
836 892
836 896
836 911
836 921
836 922
836 924
837 838
837 840
837 841
837 859
837 860
837 863
837 882
837 895
837 924
838 851
838 857
838 859
838 874
838 883
838 891
838 899
838 917
838 920
838 922
838 925
839 840
839 854
839 864
839 867
839 884
839 912
839 913
839 921
840 844
840 848
840 849
840 855
840 857
840 863
840 867
840 887
840 905
840 914
840 915
841 855
841 862
841 863
841 864
841 866
841 877
841 886
841 898
841 900
841 905
841 910
842 847
842 853
842 858
842 874
842 891
842 894
842 925
843 847
843 856
843 861
843 875
843 894
843 906
843 907
843 909
843 918
843 920
843 923
844 858
844 866
844 884
844 888
844 896
844 902
844 905
844 909
844 918
845 850
845 869
845 887
845 890
845 913
845 914
845 920
846 852
846 862
846 896
846 923
846 924
847 882
847 896
847 898
847 904
847 914
848 852
848 871
848 879
848 892
848 899
848 902
848 906
848 917
848 923
849 852
849 857
849 872
849 879
849 889
849 891
849 899
849 909
849 910
849 913
849 922
850 866
850 889
850 890
850 891
850 899
850 919
851 873
851 875
851 891
851 894
851 907
851 912
851 914
852 856
852 859
852 888
852 890
852 925
853 862
853 869
853 879
853 887
853 889
853 894
853 898
853 907
853 913
853 923
854 855
854 859
854 867
854 875
854 895
854 901
854 907
854 914
854 915
854 919
855 862
855 874
855 879
855 881
855 885
855 887
855 893
856 868
856 871
856 892
856 911
856 915
856 918
857 858
857 868
857 875
857 885
857 894
857 901
857 904
857 906
857 907
857 922
858 871
858 877
858 878
858 885
858 900
858 921
859 869
859 870
859 872
859 874
859 880
859 883
859 884
859 898
859 900
859 920
859 921
860 875
860 884
860 885
860 890
860 899
860 901
860 905
860 921
860 924
861 862
861 866
861 868
861 889
861 912
861 923
862 874
862 878
862 889
862 893
862 906
862 910
862 914
862 917
863 896
863 916
863 923
864 877
864 883
864 886
864 890
864 894
864 912
864 913
864 914
864 916
864 918
865 869
865 876
865 912
866 871
866 881
866 884
866 894
866 897
866 904
866 906
866 919
867 868
867 869
867 870
867 888
867 911
867 913
867 915
867 917
868 878
868 886
868 887
868 890
868 895
868 905
868 907
868 908
868 910
868 911
868 914
868 921
869 887
869 893
869 902
869 915
869 921
870 877
870 878
870 905
870 914
870 918
870 923
871 879
871 881
871 895
871 900
871 921
871 923
872 885
872 895
872 905
872 912
872 920
872 921
872 923
873 874
873 879
873 886
873 888
873 892
873 900
873 915
873 922
874 876
874 878
874 881
875 888
875 904
876 877
876 883
876 889
876 890
876 900
876 902
876 908
876 914
877 880
877 884
877 918
877 920
877 923
877 925
878 883
878 889
878 904
878 920
878 921
879 883
879 915
880 900
880 902
880 915
880 919
881 886
881 890
883 886
883 915
883 920
884 889
884 896
884 901
884 909
885 889
885 894
885 903
885 904
885 905
885 919
885 922
886 890
886 899
886 904
886 905
886 912
887 895
887 900
887 910
887 924
888 890
888 907
890 904
890 915
891 896
891 904
891 910
891 912
892 897
892 903
892 904
892 908
892 916
893 923
894 906
895 901
895 913
897 898
897 902
897 912
897 917
897 919
897 920
897 924
897 925
898 922
899 900
899 913
899 919
900 902
900 905
900 909
900 917
901 910
901 911
901 912
901 920
902 905
902 925
903 914
903 920
904 915
904 920
904 925
905 909
905 919
906 916
906 924
907 917
907 918
908 924
909 919
910 925
911 913
911 916
912 925
914 918
916 922
919 924
920 921
920 923
922 924
924 925
