0	0.62420552
1	0.62359939
2	0.61493273
3	0.62159792
4	0.60593652
5	0.61410512
6	0.55716981
7	0.61829934
8	0.62272518
9	0.62099975
10	0.61179787
11	0.62333799
12	0.61674407
13	0.62005339
14	0.61216130
15	0.61211221
16	0.62422685
17	0.62434701
18	0.62423288
19	0.62459453
20	0.62448587
21	0.62412345
22	0.62433070
23	0.62439574
24	0.62409240
25	0.62445583
26	0.62427685
27	0.62408146
28	0.62440451
29	0.62344195
30	0.62178561
31	0.62269656
32	0.62400370
33	0.62321140
34	0.61901530
35	0.61709559
36	0.62379200
37	0.62074037
38	0.62044007
39	0.62202457
40	0.61964818
41	0.62333136
42	0.60520420
43	0.62280274
44	0.61600365
45	0.61251646
46	0.62150547
47	0.59484696
48	0.62340628
49	0.61754620
50	0.61642168
51	0.62251601
52	0.61870167
53	0.60714747
54	0.62103642
55	0.58981049
56	0.61442943
57	0.61563090
58	0.60173278
59	0.60286130
60	0.60548257
61	0.62061814
62	0.61839848
63	0.60974068
64	0.60140132
65	0.59669757
66	0.61586059
67	0.60047898
68	0.62110441
69	0.62015785
70	0.61768232
71	0.60776702
72	0.57375780
73	0.59671449
74	0.60314215
75	0.59623804
76	0.60740572
77	0.60329539
78	0.60255157
79	0.61754640
80	0.61333186
81	0.59913946
82	0.60720370
83	0.60269326
84	0.61373779
85	0.59441018
86	0.61103293
87	0.57548840
88	0.52373318
89	0.58551272
90	0.60604286
91	0.54248926
92	0.61303445
93	0.59929721
94	0.59893151
95	0.59274296
96	0.59114519
97	0.50478283
98	0.58316976
99	0.59592964
100	0.54197806
101	0.60254539
102	0.61048946
103	0.60093435
104	0.54536429
105	0.59026570
106	0.58988941
107	0.54916424
108	0.55762087
109	0.56269696
110	0.59224387
111	0.56190968
112	0.53703105
113	0.56799686
114	0.55728820
115	0.57964250
116	0.52707715
117	0.61368217
118	0.59089656
119	0.55576499
120	0.58983242
121	0.54924377
122	0.55371849
123	0.60020446
124	0.60840279
125	0.59424347
126	0.59196910
127	0.56745299
128	0.55360623
129	0.55518034
130	0.59328222
131	0.61143678
132	0.54155496
133	0.58541165
134	0.57172447
135	0.54899564
136	0.53766013
137	0.58355122
138	0.59183156
139	0.55126651
140	0.52335182
141	0.55802908
142	0.56530922
143	0.58330446
144	0.60443207
145	0.54846378
146	0.59030729
147	0.53318095
148	0.54774878
149	0.57439210
150	0.49118845
151	0.58747725
152	0.54949539
153	0.54957072
154	0.57464387
155	0.51325400
156	0.58861165
157	0.45348571
158	0.53862178
159	0.50484281
160	0.58117239
161	0.57170041
162	0.53761646
163	0.57027852
164	0.54894529
165	0.56158992
166	0.56544260
167	0.53839878
168	0.49132928
169	0.55061378
170	0.53947437
171	0.57427933
172	0.46670745
173	0.53188582
174	0.57441089
175	0.54428151
176	0.52877700
177	0.55851023
178	0.51691231
179	0.52159590
180	0.55503455
181	0.54895724
182	0.54299271
183	0.55812487
184	0.50776971
185	0.55796464
186	0.53582188
187	0.52299367
188	0.50000056
189	0.53169407
190	0.57700441
191	0.56235127
192	0.58348374
193	0.46719894
194	0.55759716
195	0.51322933
196	0.56167655
197	0.55250496
198	0.56299949
199	0.52735086
200	0.57034205
201	0.49502204
202	0.52921646
203	0.53156109
204	0.50641196
205	0.55018100
206	0.55743181
207	0.50203531
208	0.54708663
209	0.57669210
210	0.52095957
211	0.54302538
212	0.54780973
213	0.53544473
214	0.44411099
215	0.53609144
216	0.56955952
217	0.57687183
218	0.57145861
219	0.50312406
220	0.50872432
221	0.53517639
222	0.55563810
223	0.46884610
224	0.57472756
225	0.52034422
226	0.53496636
227	0.50971216
228	0.54418977
229	0.52969605
230	0.50124889
231	0.49651596
232	0.52944037
233	0.50369595
234	0.45781981
235	0.53398951
236	0.55193951
237	0.53564377
238	0.48923764
239	0.50643034
240	0.47969883
241	0.52843318
242	0.49061434
243	0.54483642
244	0.47799894
245	0.52893131
246	0.48466738
247	0.55440664
248	0.51734909
249	0.48432401
250	0.53160304
251	0.48605436
252	0.51993029
253	0.48198374
254	0.54716920
255	0.54905375
256	0.49469357
257	0.49219610
258	0.49403658
259	0.52139245
260	0.52812923
261	0.49567477
262	0.57168055
263	0.51601418
264	0.53526935
265	0.49024301
266	0.51009802
267	0.45121530
268	0.50427675
269	0.50732563
270	0.54146586
271	0.49976677
272	0.52492042
273	0.46861378
274	0.42838911
275	0.55897275
276	0.49862042
277	0.46079164
278	0.49583835
279	0.49980390
280	0.49633541
281	0.49414889
282	0.54783298
283	0.51914169
284	0.51818835
285	0.43599625
286	0.53908739
287	0.48253414
288	0.48329037
289	0.54484762
290	0.52111525
291	0.52468379
292	0.48696733
293	0.50587477
294	0.52220137
295	0.42913526
296	0.47030729
297	0.46292173
298	0.51297092
299	0.49453419
300	0.47330527
301	0.51842229
302	0.51333100
303	0.53937391
304	0.49621307
305	0.43157264
306	0.47440294
307	0.54655588
308	0.39230679
309	0.47248095
310	0.46465507
311	0.49694590
312	0.42685400
313	0.44818166
314	0.43464980
315	0.46840015
316	0.51656829
317	0.48618880
318	0.47947057
319	0.47740000
320	0.51522715
321	0.45690365
322	0.51645846
323	0.47543627
324	0.51571474
325	0.48564625
326	0.47125233
327	0.45316454
328	0.47991525
329	0.45144448
330	0.51424574
331	0.52157305
332	0.45372725
333	0.50466125
334	0.50071165
335	0.48212568
336	0.43816905
337	0.47716246
338	0.48452487
339	0.52013627
340	0.51068820
341	0.47995061
342	0.52307477
343	0.52901722
344	0.46367275
345	0.48995405
346	0.49393460
347	0.47041424
348	0.49120664
349	0.46435370
350	0.47432178
351	0.46512898
352	0.49308040
353	0.53434387
354	0.46417913
355	0.49407067
356	0.51561717
357	0.54438212
358	0.55707842
359	0.49245932
360	0.48159184
361	0.49595223
362	0.44263865
363	0.51345350
364	0.46973926
365	0.47003617
366	0.52692300
367	0.48960410
368	0.48916140
369	0.47222421
370	0.47162573
371	0.50622376
372	0.44828019
373	0.48593328
374	0.46353956
375	0.52338521
376	0.53118075
377	0.50428860
378	0.46608333
379	0.47305507
380	0.41358698
381	0.48573896
382	0.50806950
383	0.46957001
384	0.46800177
385	0.38939387
386	0.46508911
387	0.52133997
388	0.46616484
389	0.44646631
390	0.51846216
391	0.47982974
392	0.46124990
393	0.41636763
394	0.46674691
395	0.41600051
396	0.50270451
397	0.49875486
398	0.51499924
399	0.50002320
400	0.48684002
401	0.49394726
402	0.50937969
403	0.47167584
404	0.45052969
405	0.44359357
406	0.46985268
407	0.43723683
408	0.41142016
409	0.43931535
410	0.44232857
411	0.47892776
412	0.47594291
413	0.46349463
414	0.45367259
415	0.47878637
416	0.43349706
417	0.47442371
418	0.44843799
419	0.47186358
420	0.44598435
421	0.50962705
422	0.45102685
423	0.48615583
424	0.48248668
425	0.44673090
426	0.43990329
427	0.45034807
428	0.50557001
429	0.43680608
430	0.45588308
431	0.44134959
432	0.45718313
433	0.43922584
434	0.48278399
435	0.42469676
436	0.50266459
437	0.49755385
438	0.42752817
439	0.49984458
440	0.41782381
441	0.42964397
442	0.46780274
443	0.43996348
444	0.50522107
445	0.41808571
446	0.46471383
447	0.41348470
448	0.42292736
449	0.44838977
450	0.50626292
451	0.45948095
452	0.39728764
453	0.50837948
454	0.50249357
455	0.46627741
456	0.47845061
457	0.50515775
458	0.47720638
459	0.43355846
460	0.50037194
461	0.39975218
462	0.49511140
463	0.42453303
464	0.41201150
465	0.43800552
466	0.50087888
467	0.44052194
468	0.40076494
469	0.40852442
470	0.48764468
471	0.48843506
472	0.39164524
473	0.38734929
474	0.41725274
475	0.46415831
476	0.45429666
477	0.42711809
478	0.48527001
479	0.44209823
480	0.43704336
481	0.41792548
482	0.46155922
483	0.45577254
484	0.43035228
485	0.46847766
486	0.41913946
487	0.38829443
488	0.43903972
489	0.46659605
490	0.48145583
491	0.46298470
492	0.42501251
493	0.43459585
494	0.44576059
495	0.50802249
496	0.37989225
497	0.42119706
498	0.44734711
499	0.42146059
500	0.45216550
501	0.41508931
502	0.49632558
503	0.42756803
504	0.45942224
505	0.37603602
506	0.45681378
507	0.47751560
508	0.49048820
509	0.46199012
510	0.43672761
511	0.39937680
512	0.40667817
513	0.42919767
514	0.47199666
515	0.42946915
516	0.44271368
517	0.42948906
518	0.47563485
519	0.40283521
520	0.36437194
521	0.40808967
522	0.41341971
523	0.46325770
524	0.43179124
525	0.40928982
526	0.42484944
527	0.40878171
528	0.40423369
529	0.41970451
530	0.44246621
531	0.42079073
532	0.43030117
533	0.41574321
534	0.47466150
535	0.45472710
536	0.41081945
537	0.44578602
538	0.43305780
539	0.48628794
540	0.39084954
541	0.43835993
542	0.45349493
543	0.45154433
544	0.48413870
545	0.43739463
546	0.42514407
547	0.47945122
548	0.44081560
549	0.45192467
550	0.47681869
551	0.42236651
552	0.42286854
553	0.40963161
554	0.35662376
555	0.42076874
556	0.40798587
557	0.46698536
558	0.41409944
559	0.42418541
560	0.39478789
561	0.44650051
562	0.39907477
563	0.47943450
564	0.37747356
565	0.41296905
566	0.38330735
567	0.45385157
568	0.46174630
569	0.42662077
570	0.42977634
571	0.44522508
572	0.39390988
573	0.38547361
574	0.39796895
575	0.44580659
576	0.44219007
577	0.46640593
578	0.41993708
579	0.43120998
580	0.45692214
581	0.51271266
582	0.42336697
583	0.45684797
584	0.40308658
585	0.39973085
586	0.42330968
587	0.45547543
588	0.45924169
589	0.41222123
590	0.39487705
591	0.41177619
592	0.37696337
593	0.44295593
594	0.40658769
595	0.41931814
596	0.44142791
597	0.42358592
598	0.40199671
599	0.36946895
600	0.39972391
601	0.43694848
602	0.42248693
603	0.43430562
604	0.44861499
605	0.40735633
606	0.38632310
607	0.42072781
608	0.39970360
609	0.41165917
610	0.42575350
611	0.39274975
612	0.38653004
613	0.41219792
614	0.45810881
615	0.41846130
616	0.39735415
617	0.41330162
618	0.44941312
619	0.43137705
620	0.39036201
621	0.44707796
622	0.42941915
623	0.45921337
624	0.40978886
625	0.37665213
626	0.42718480
627	0.43658713
628	0.43676459
629	0.40812107
630	0.41179134
631	0.41203359
632	0.39719762
633	0.43879726
634	0.41870142
635	0.37628095
636	0.45212882
637	0.42806854
638	0.45423815
639	0.42914443
640	0.37055294
641	0.46233465
642	0.43701353
643	0.40720821
644	0.41377619
645	0.35344220
646	0.38972553
647	0.41685942
648	0.42168156
649	0.33790507
650	0.36731241
651	0.44302538
652	0.37970253
653	0.34920770
654	0.40025578
655	0.39347624
656	0.44231418
657	0.39017563
658	0.39872062
659	0.42351575
660	0.43471550
661	0.41740274
662	0.39198982
663	0.42198176
664	0.38986768
665	0.37493161
666	0.37732751
667	0.38134468
668	0.37206307
669	0.37576722
670	0.40559483
671	0.40763896
672	0.43375841
673	0.40751591
674	0.42116864
675	0.39402300
676	0.43568369
677	0.41770633
678	0.44305957
679	0.40950030
680	0.42301960
681	0.47092609
682	0.39748982
683	0.40310436
684	0.41584650
685	0.43334640
686	0.42248399
687	0.40234458
688	0.38339296
689	0.41464843
690	0.36621185
691	0.38515912
692	0.33090289
693	0.41582371
694	0.39331165
695	0.40848283
696	0.41413090
697	0.38962801
698	0.42146251
699	0.37959656
700	0.38941317
701	0.44207958
702	0.40095101
703	0.41955638
704	0.41780517
705	0.37429504
706	0.42045805
707	0.39134306
708	0.37863607
709	0.42563212
710	0.35835993
711	0.33085010
712	0.40441307
713	0.38090132
714	0.42256054
715	0.41718713
716	0.40638399
717	0.35888708
718	0.39421256
719	0.35077229
720	0.40175111
721	0.40991307
722	0.36204291
723	0.37355588
724	0.40497953
725	0.39403546
726	0.42026013
727	0.38448116
728	0.40019488
729	0.42260375
730	0.41518359
731	0.42647442
732	0.37022457
733	0.37694078
734	0.41106530
735	0.42668075
736	0.38817335
737	0.39442629
738	0.36713698
739	0.38612361
740	0.35709630
741	0.39036023
742	0.40279990
743	0.35066636
744	0.36536429
745	0.36718181
746	0.40516890
747	0.36424878
748	0.35411687
749	0.37316505
750	0.39395091
751	0.39966089
752	0.40493546
753	0.38096626
754	0.39369286
755	0.39295360
756	0.41380289
757	0.42531727
758	0.36862315
759	0.42475750
760	0.48832523
761	0.40908085
762	0.36023941
763	0.35869691
764	0.38340765
765	0.35421479
766	0.37364605
767	0.38567497
768	0.39582351
769	0.41041454
770	0.37006702
771	0.43134559
772	0.40433435
773	0.36048926
774	0.41480902
775	0.39573440
776	0.37988460
777	0.40431545
778	0.40531611
779	0.37402751
780	0.39795547
781	0.42107786
782	0.42594048
783	0.38032558
784	0.40627609
785	0.40296712
786	0.37305041
787	0.37939792
788	0.32394549
789	0.40009331
790	0.44758105
791	0.38639574
792	0.40363571
793	0.40615740
794	0.37656955
795	0.40328865
796	0.38355319
797	0.36224681
798	0.38974757
799	0.38941920
800	0.37932371
801	0.36725005
802	0.42352371
803	0.40967801
804	0.40675446
805	0.37357655
806	0.34014296
807	0.39711662
808	0.34576991
809	0.37155598
810	0.40661753
811	0.37552888
812	0.38645415
813	0.35593232
814	0.40106429
815	0.36215816
816	0.38496895
817	0.37403718
818	0.38355319
819	0.35654164
820	0.40401216
821	0.34601636
822	0.34463024
823	0.40516454
824	0.38286201
825	0.37252832
826	0.35351353
827	0.38667614
828	0.41060790
829	0.35400218
830	0.38130613
831	0.32995426
832	0.39630020
833	0.35462356
834	0.41641814
835	0.40703855
836	0.37472295
837	0.38732482
838	0.38766302
839	0.36395157
840	0.41321859
841	0.38860334
842	0.33104580
843	0.40276895
844	0.38649843
845	0.32557918
846	0.34144559
847	0.39656120
848	0.37201945
849	0.44087163
850	0.37088612
851	0.37657335
852	0.43317812
853	0.39170350
854	0.36653526
855	0.39728754
856	0.42445517
857	0.36749767
858	0.35124053
859	0.31229635
860	0.36001494
861	0.35567979
862	0.37148425
863	0.31758181
864	0.39954291
865	0.37305643
866	0.36627553
867	0.37223906
868	0.32801332
869	0.34203257
870	0.36473384
871	0.35567097
872	0.38666915
873	0.36708972
874	0.35932371
875	0.35431890
876	0.39190719
877	0.35475086
878	0.35697411
879	0.36982655
880	0.33884063
881	0.40591383
882	0.39824265
883	0.36680426
884	0.38673389
885	0.38146109
886	0.39738379
887	0.35370015
888	0.36461834
889	0.39703916
890	0.40502361
891	0.37173845
892	0.36713404
893	0.37670841
894	0.33895968
895	0.38606064
896	0.38013607
897	0.37492472
898	0.38641429
899	0.38169640
900	0.39417077
901	0.38563642
902	0.42220542
903	0.36952021
904	0.38740942
905	0.36606616
906	0.40103941
907	0.37035142
908	0.36444493
909	0.39057107
910	0.36229002
911	0.39321505
912	0.41961925
913	0.34120066
914	0.33690203
915	0.33072487
916	0.33296596
917	0.37578409
918	0.37285532
919	0.34123961
920	0.33187558
921	0.34075344
922	0.37440623
923	0.36115415
924	0.33372913
925	0.41118931
926	0.34138435
927	0.37365618
928	0.40829189
929	0.38045653
930	0.33632021
931	0.36527305
932	0.36085167
933	0.36176494
934	0.39476484
935	0.33889843
936	0.37927685
937	0.36862847
938	0.34848075
939	0.36965198
940	0.33891393
941	0.42422477
942	0.38510978
943	0.32426494
944	0.35487558
945	0.38036013
946	0.40389255
947	0.40115385
948	0.36082553
949	0.36442123
950	0.36270365
951	0.38932847
952	0.34412031
953	0.36758460
954	0.35214336
955	0.36599093
956	0.40583359
957	0.38081459
958	0.38151960
959	0.35398825
960	0.31746408
961	0.35348034
962	0.39859635
963	0.35913202
964	0.37227249
965	0.35202305
966	0.36353516
967	0.31338166
968	0.33991378
969	0.33185046
970	0.33729863
971	0.36503161
972	0.34987340
973	0.37335187
974	0.32360213
975	0.34629493
976	0.36260633
977	0.36587695
978	0.35541185
979	0.37994189
980	0.36952589
981	0.34739078
982	0.35417543
983	0.37916251
984	0.31433521
985	0.41202781
986	0.33646768
987	0.33799433
988	0.41576175
989	0.36190729
990	0.35819422
991	0.36990598
992	0.37646879
993	0.35060187
994	0.36060988
995	0.34529200
996	0.35450998
997	0.37080816
998	0.33392006
999	0.33634666
1000	0.35810066
1001	0.32787584
1002	0.36523090
1003	0.35292173
1004	0.34596246
1005	0.36965618
1006	0.33033419
1007	0.35807994
1008	0.38280142
1009	0.32521611
1010	0.35874671
1011	0.36043845
1012	0.38263815
1013	0.38530274
1014	0.34410755
1015	0.34515826
1016	0.40019772
1017	0.39539159
1018	0.35989108
1019	0.37105491
1020	0.35301337
1021	0.35098090
1022	0.37103399
1023	0.36000289
1024	0.34065613
1025	0.36170735
1026	0.32957741
1027	0.34353926
1028	0.36015724
1029	0.38561712
1030	0.37616064
1031	0.39225638
1032	0.36774519
1033	0.35223749
1034	0.35355881
1035	0.34226474
1036	0.36209139
1037	0.37188703
1038	0.37230066
1039	0.34784777
1040	0.35055294
1041	0.33714164
1042	0.35068531
1043	0.36558374
1044	0.34955279
1045	0.33800775
1046	0.34034200
1047	0.36784706
1048	0.34596778
1049	0.32762295
1050	0.37412092
1051	0.33200258
1052	0.36368075
1053	0.34034742
1054	0.32148506
1055	0.37268855
1056	0.38855729
1057	0.36232720
1058	0.35732052
1059	0.36975811
1060	0.33940152
1061	0.33695583
1062	0.39004433
1063	0.35690608
1064	0.33739944
1065	0.38381631
1066	0.36441099
1067	0.38264397
1068	0.33413769
1069	0.33594590
1070	0.35501277
1071	0.36414336
1072	0.42041824
1073	0.36712072
1074	0.36528713
1075	0.36219828
1076	0.34438536
1077	0.33551824
1078	0.36042822
1079	0.39178176
1080	0.31410552
1081	0.31638946
1082	0.33153465
1083	0.38877908
1084	0.36151540
1085	0.34665811
1086	0.36934103
1087	0.33275132
1088	0.33611758
1089	0.34672558
1090	0.31899544
1091	0.31998095
1092	0.33957462
1093	0.36110613
1094	0.34095198
1095	0.34977259
1096	0.40740927
1097	0.31781844
1098	0.32040289
1099	0.33801322
1100	0.31581241
1101	0.34970745
1102	0.31560567
1103	0.35643688
1104	0.32485304
1105	0.35864473
1106	0.36454838
1107	0.36828865
1108	0.33873668
1109	0.35463779
1110	0.36314590
1111	0.33615765
1112	0.36033222
1113	0.37082715
1114	0.33961216
1115	0.34109848
1116	0.36331180
1117	0.32170968
1118	0.36263126
1119	0.35801140
1120	0.38264149
1121	0.33498070
1122	0.32049807
1123	0.37452786
1124	0.35012067
1125	0.36572340
1126	0.34797746
1127	0.34939250
1128	0.35484387
1129	0.33396489
1130	0.34027340
1131	0.33029012
1132	0.36590046
1133	0.38024666
1134	0.34627011
1135	0.32450593
1136	0.32600086
1137	0.34878445
1138	0.34149706
1139	0.33161150
1140	0.32444058
1141	0.33929260
1142	0.34082447
1143	0.31506616
1144	0.38166636
1145	0.33749934
1146	0.32467381
1147	0.34593769
1148	0.34475998
1149	0.33394174
1150	0.34909661
1151	0.33356479
1152	0.32021064
1153	0.35163992
1154	0.34772457
1155	0.35331930
1156	0.33712837
1157	0.39257391
1158	0.33103951
1159	0.30323804
1160	0.31732700
1161	0.31870522
1162	0.31939965
1163	0.33018769
1164	0.34910659
1165	0.35386287
1166	0.34818475
1167	0.31897280
1168	0.30758191
1169	0.33642614
1170	0.34456185
1171	0.34808389
1172	0.32798207
1173	0.33837335
1174	0.34695770
1175	0.32073541
1176	0.34288222
1177	0.35418409
1178	0.35498607
1179	0.35032670
1180	0.37255446
1181	0.34420785
1182	0.36846429
1183	0.35984048
1184	0.33818642
1185	0.37163541
1186	0.35691591
1187	0.35336702
1188	0.33871272
1189	0.34408845
1190	0.28885035
1191	0.33302827
1192	0.34398576
1193	0.34457660
1194	0.32499544
1195	0.34334286
1196	0.37004488
1197	0.34163425
1198	0.37406287
1199	0.34617923
1200	0.33647427
1201	0.34156869
1202	0.33366272
1203	0.35155648
1204	0.39844666
1205	0.33098379
1206	0.35960410
1207	0.31674402
1208	0.33401677
1209	0.34849676
1210	0.30017644
1211	0.35796849
1212	0.33889407
1213	0.33754762
1214	0.35072021
1215	0.32657158
1216	0.32623217
1217	0.32239965
1218	0.33704767
1219	0.33279965
1220	0.33401114
1221	0.37139924
1222	0.31470674
1223	0.33024443
1224	0.31535370
1225	0.34885446
1226	0.34978171
1227	0.34502812
1228	0.32981408
1229	0.32773678
1230	0.33792209
1231	0.34554022
1232	0.34853313
1233	0.34484742
1234	0.32541155
1235	0.30473105
1236	0.33931241
1237	0.35594772
1238	0.37636170
1239	0.34890117
1240	0.36458521
1241	0.31826535
1242	0.32546834
1243	0.34309797
1244	0.32193414
1245	0.33795583
1246	0.34751424
1247	0.36417361
1248	0.31496099
1249	0.36906348
1250	0.35630922
1251	0.32276054
1252	0.34744529
1253	0.31561454
1254	0.33918521
1255	0.31851545
1256	0.34679362
1257	0.35636064
1258	0.33555076
1259	0.33562964
1260	0.36488338
1261	0.31394453
1262	0.32579387
1263	0.34280111
1264	0.31825851
1265	0.31331834
1266	0.35938921
1267	0.33229924
1268	0.28075684
1269	0.33450157
1270	0.33162219
1271	0.35256241
1272	0.32093607
1273	0.34832082
1274	0.33620653
1275	0.32432847
1276	0.31901165
1277	0.31352958
1278	0.32141960
1279	0.37343815
1280	0.31326429
1281	0.33777989
1282	0.33474838
1283	0.37025968
1284	0.33677928
1285	0.33362107
1286	0.33252492
1287	0.30515694
1288	0.32141768
1289	0.35361190
1290	0.33470309
1291	0.32517335
1292	0.34642695
1293	0.30801241
1294	0.32668343
1295	0.30042923
1296	0.31362133
1297	0.33821393
1298	0.30439868
1299	0.33728506
1300	0.33565380
1301	0.31811910
1302	0.32776727
1303	0.32301925
1304	0.33294347
1305	0.29842097
1306	0.33244595
1307	0.31662173
1308	0.30580294
1309	0.32407508
1310	0.33384939
1311	0.34544767
1312	0.34326925
1313	0.35546454
1314	0.31872553
1315	0.33395000
1316	0.31066449
1317	0.31296322
1318	0.35380000
1319	0.33283197
1320	0.34280228
1321	0.33824524
1322	0.31876803
1323	0.34667908
1324	0.36235415
1325	0.32517609
1326	0.34110471
1327	0.29538359
1328	0.33349215
1329	0.33248516
1330	0.33502715
1331	0.30485775
1332	0.32018389
1333	0.35153379
1334	0.35261945
1335	0.32541596
1336	0.32368647
1337	0.32732254
1338	0.33712508
1339	0.35445785
1340	0.30742143
1341	0.33966773
1342	0.29477518
1343	0.30684012
1344	0.35867903
1345	0.36536236
1346	0.32698521
1347	0.33495223
1348	0.33586180
1349	0.35223465
1350	0.32580137
1351	0.33606565
1352	0.32120775
1353	0.31739944
1354	0.29488293
1355	0.35390826
1356	0.32696474
1357	0.36303156
1358	0.35473176
1359	0.31081763
1360	0.35563004
1361	0.31316059
1362	0.33749625
1363	0.31832660
1364	0.31269605
1365	0.35150289
1366	0.32877877
1367	0.34615897
1368	0.29911829
1369	0.34126869
1370	0.31763749
1371	0.33601768
1372	0.33737118
1373	0.31154448
1374	0.34573749
1375	0.32147933
1376	0.32749189
1377	0.31064878
1378	0.31679529
1379	0.31545729
1380	0.33953901
1381	0.34989569
1382	0.32598794
1383	0.32702513
1384	0.30977340
1385	0.30410329
1386	0.31730836
1387	0.36073085
1388	0.32018156
1389	0.36225871
1390	0.30823050
1391	0.33114271
1392	0.30421616
1393	0.33090375
1394	0.32259412
1395	0.36306185
1396	0.34011444
1397	0.34042087
1398	0.33739265
1399	0.32692330
1400	0.34061216
1401	0.30505279
1402	0.28248769
1403	0.36647796
1404	0.31278526
1405	0.33692918
1406	0.31744706
1407	0.32467047
1408	0.29669625
1409	0.33606839
1410	0.34478116
1411	0.30063789
1412	0.31777888
1413	0.31020740
1414	0.32574012
1415	0.35216778
1416	0.33369519
1417	0.32667806
1418	0.32050309
1419	0.34962882
1420	0.35752067
1421	0.30672786
1422	0.33721003
1423	0.35061712
1424	0.29668617
1425	0.33997168
1426	0.32196814
1427	0.29197751
1428	0.31065887
1429	0.33331950
1430	0.30000537
1431	0.31994554
1432	0.30964367
1433	0.29882001
1434	0.31138495
1435	0.32984524
1436	0.28361145
1437	0.32240223
1438	0.32991692
1439	0.31317401
1440	0.33044260
1441	0.34361206
1442	0.29148582
1443	0.33407356
1444	0.34497609
1445	0.31948283
1446	0.32247918
1447	0.33782128
1448	0.31410203
1449	0.32485618
1450	0.32925572
1451	0.31074321
1452	0.32316854
1453	0.33695304
1454	0.32427452
1455	0.35218571
1456	0.30844782
1457	0.32320162
1458	0.31538465
1459	0.30228637
1460	0.34594296
1461	0.31592665
1462	0.29337219
1463	0.30073151
1464	0.31381398
1465	0.33322964
1466	0.31055456
1467	0.31712401
1468	0.34271074
1469	0.31770897
1470	0.33394108
1471	0.31580937
1472	0.32732183
1473	0.34613060
1474	0.34808131
1475	0.31011074
1476	0.31504220
1477	0.35184007
1478	0.30642857
1479	0.33069265
1480	0.34403359
1481	0.30301464
1482	0.28880360
1483	0.31204625
1484	0.32456474
1485	0.31589498
1486	0.30269473
1487	0.34757123
1488	0.32607614
1489	0.29272138
1490	0.32149868
1491	0.33957102
1492	0.35633617
1493	0.30994225
1494	0.29573546
1495	0.32326960
1496	0.29569184
1497	0.33752528
1498	0.30043495
1499	0.27135375
1500	0.31078430
1501	0.31736388
1502	0.33317102
1503	0.30690071
1504	0.29795978
1505	0.33001920
1506	0.30559585
1507	0.32966454
1508	0.31705299
1509	0.33065000
1510	0.31719195
1511	0.30906003
1512	0.29106981
1513	0.30825902
1514	0.30375304
1515	0.32325598
1516	0.30363176
1517	0.31928034
1518	0.30829650
1519	0.32212563
1520	0.33072705
1521	0.30395892
1522	0.30536099
1523	0.30579818
1524	0.33451150
1525	0.31013850
1526	0.30824220
1527	0.30840279
1528	0.34980000
1529	0.34950289
1530	0.28238825
1531	0.31580218
1532	0.32865557
1533	0.34446525
1534	0.32393095
1535	0.31028673
1536	0.33334372
1537	0.32994382
1538	0.31755198
1539	0.29213237
1540	0.34091814
1541	0.29121530
1542	0.32879737
1543	0.31752513
1544	0.34302067
1545	0.33244574
1546	0.31421900
1547	0.32397194
1548	0.29825137
1549	0.31275208
1550	0.32384666
1551	0.32887644
1552	0.31133460
1553	0.34597989
1554	0.29592376
1555	0.30978364
1556	0.30789757
1557	0.29799022
1558	0.31868744
1559	0.30926469
1560	0.34013855
1561	0.32729149
1562	0.30167725
1563	0.31752183
1564	0.29665729
1565	0.28228323
1566	0.30556277
1567	0.31135648
1568	0.30685588
1569	0.28569169
1570	0.31771342
1571	0.32517340
1572	0.28311231
1573	0.29273627
1574	0.33107487
1575	0.31663556
1576	0.30470132
1577	0.30983860
1578	0.31812168
1579	0.32179514
1580	0.30857882
1581	0.31668374
1582	0.30693435
1583	0.30308840
1584	0.29895572
1585	0.30785765
1586	0.30809068
1587	0.30102178
1588	0.31618384
1589	0.28819549
1590	0.29007082
1591	0.32237528
1592	0.32550745
1593	0.28058197
1594	0.32143470
1595	0.31975876
1596	0.31346074
1597	0.30608318
1598	0.30834585
1599	0.30628774
1600	0.29786125
1601	0.29520750
1602	0.32539792
1603	0.28423602
1604	0.32919838
1605	0.29328399
1606	0.29514387
1607	0.30237599
1608	0.30396292
1609	0.30132893
1610	0.31747655
1611	0.32490228
1612	0.30500816
1613	0.32584600
1614	0.32694043
1615	0.30336905
1616	0.32664944
1617	0.28361206
1618	0.30465061
1619	0.29673571
1620	0.31755755
1621	0.32952123
1622	0.33727492
1623	0.29467442
1624	0.30634412
1625	0.34230653
1626	0.26282730
1627	0.34615268
1628	0.32494463
1629	0.32205015
1630	0.32326621
1631	0.29231945
1632	0.32305147
1633	0.31406601
1634	0.32173506
1635	0.28361910
1636	0.31551966
1637	0.30849985
1638	0.30058703
1639	0.33679650
1640	0.29519352
1641	0.33718065
1642	0.33997229
1643	0.29697791
1644	0.30463916
1645	0.31973374
1646	0.31115689
1647	0.32310643
1648	0.29184113
1649	0.30209331
1650	0.28954493
1651	0.29383911
1652	0.28539483
1653	0.30433789
1654	0.29389367
1655	0.30349656
1656	0.31609144
1657	0.31243227
1658	0.30652953
1659	0.29982923
1660	0.31752107
1661	0.29924458
1662	0.29607822
1663	0.30533779
1664	0.30467933
1665	0.30857219
1666	0.29844311
1667	0.29674377
1668	0.31499347
1669	0.32027503
1670	0.29473977
1671	0.30773688
1672	0.30596094
1673	0.28811570
1674	0.26697624
1675	0.29408389
1676	0.30369889
1677	0.30129807
1678	0.30176722
1679	0.29770674
1680	0.29497989
1681	0.30612381
1682	0.28712320
1683	0.28910502
1684	0.28504549
1685	0.31796064
1686	0.31642644
1687	0.28779245
1688	0.28311099
1689	0.30678916
1690	0.31276413
1691	0.30440132
1692	0.30313723
1693	0.30619367
1694	0.31296935
1695	0.29938414
1696	0.30250643
1697	0.28685613
1698	0.33085512
1699	0.31910451
1700	0.29160628
1701	0.29001261
1702	0.30069063
1703	0.29623734
1704	0.30930785
1705	0.30934944
1706	0.30537685
1707	0.30063116
1708	0.28860557
1709	0.28180800
1710	0.28475957
1711	0.29672376
1712	0.29757001
1713	0.29443668
1714	0.28753789
1715	0.29270927
1716	0.31336196
1717	0.29418156
1718	0.29014544
1719	0.30246373
1720	0.30366960
1721	0.30285365
1722	0.27759210
1723	0.31578744
1724	0.33612204
1725	0.29744681
1726	0.26848460
1727	0.30617047
1728	0.32502183
1729	0.27819975
1730	0.30013065
1731	0.29622361
1732	0.32995942
1733	0.29599428
1734	0.31451905
1735	0.28912832
1736	0.30953982
1737	0.28544711
1738	0.29215674
1739	0.30935177
1740	0.30255015
1741	0.31525081
1742	0.29851008
1743	0.30154544
1744	0.29705968
1745	0.31195238
1746	0.30978116
1747	0.27573450
1748	0.29586510
1749	0.30613308
1750	0.30221342
1751	0.28903460
1752	0.27570111
1753	0.30261125
1754	0.29139747
1755	0.29257832
1756	0.31778880
1757	0.29366510
1758	0.28434316
1759	0.30689574
1760	0.29318338
1761	0.29887290
1762	0.30280051
1763	0.30243906
1764	0.29024554
1765	0.32231849
1766	0.31299529
1767	0.32128607
1768	0.30875096
1769	0.31461064
1770	0.30501824
1771	0.31653759
1772	0.29333050
1773	0.32623414
1774	0.31840127
1775	0.28574929
1776	0.28378977
1777	0.28499848
1778	0.33196530
1779	0.28622001
1780	0.28591692
1781	0.32087999
1782	0.31691277
1783	0.30356327
1784	0.29878637
1785	0.31334681
1786	0.29057042
1787	0.31320410
1788	0.30450694
1789	0.29980735
1790	0.30188095
1791	0.29138734
1792	0.30726717
1793	0.29970963
1794	0.32522351
1795	0.31053652
1796	0.27384124
1797	0.28558181
1798	0.31715811
1799	0.30964088
1800	0.28458794
1801	0.29281687
1802	0.27419959
1803	0.27970653
1804	0.27231966
1805	0.32176738
1806	0.32660800
1807	0.27689767
1808	0.29381925
1809	0.32054878
1810	0.27726241
1811	0.28669377
1812	0.29916413
1813	0.30102345
1814	0.29419939
1815	0.27577629
1816	0.31875664
1817	0.30415106
1818	0.28970415
1819	0.26668141
1820	0.30235162
1821	0.29482548
1822	0.29624656
1823	0.29726981
1824	0.30340177
1825	0.27548870
1826	0.31466510
1827	0.31309088
1828	0.26215319
1829	0.29005816
1830	0.30258359
1831	0.26665547
1832	0.28030172
1833	0.28901646
1834	0.29215729
1835	0.30399752
1836	0.32339772
1837	0.28518323
1838	0.28902974
1839	0.32095122
1840	0.30179007
1841	0.31189281
1842	0.31007031
1843	0.28413663
1844	0.30090228
1845	0.26796479
1846	0.29582376
1847	0.29956135
1848	0.30122016
1849	0.28635182
1850	0.29837720
1851	0.30255370
1852	0.29515633
1853	0.29040208
1854	0.28683328
1855	0.29066981
1856	0.29313065
1857	0.26931277
1858	0.30698931
1859	0.31458526
1860	0.29354088
1861	0.27075390
1862	0.30123430
1863	0.28335228
1864	0.31143445
1865	0.31394387
1866	0.28686348
1867	0.30664048
1868	0.29269909
1869	0.28076140
1870	0.30397305
1871	0.30780147
1872	0.31999367
1873	0.32820243
1874	0.29345299
1875	0.29711798
1876	0.31518622
1877	0.32558450
1878	0.29725076
1879	0.29497442
1880	0.30632497
1881	0.30171940
1882	0.34319174
1883	0.28060329
1884	0.28655679
1885	0.28738506
1886	0.29127138
1887	0.29391900
1888	0.28377751
1889	0.26684027
1890	0.30976890
1891	0.26755203
1892	0.29805496
1893	0.30042624
1894	0.30505927
1895	0.30986915
1896	0.28971236
1897	0.29053673
1898	0.26795208
1899	0.28764210
1900	0.26403546
1901	0.30729813
1902	0.29914696
1903	0.28759281
1904	0.30924134
1905	0.31612999
1906	0.30540456
1907	0.29851342
1908	0.28193217
1909	0.29017295
1910	0.30160522
1911	0.28288110
1912	0.31192183
1913	0.29702001
1914	0.27202604
1915	0.28648642
1916	0.29547685
1917	0.31155821
1918	0.29836484
1919	0.30087791
1920	0.27403065
1921	0.26839914
1922	0.30955917
1923	0.31072376
1924	0.29417888
1925	0.28727761
1926	0.28728252
1927	0.24744863
1928	0.28936444
1929	0.29783526
1930	0.25748896
1931	0.27634184
1932	0.24852685
1933	0.27726388
1934	0.31516130
1935	0.28204088
1936	0.30514139
1937	0.29436044
1938	0.29451494
1939	0.29647031
1940	0.28203951
1941	0.27278632
1942	0.31013262
1943	0.29668987
1944	0.29736596
1945	0.29433186
1946	0.29840066
1947	0.29989321
1948	0.30545486
1949	0.28418967
1950	0.28328521
1951	0.27811175
1952	0.29659367
1953	0.27337842
1954	0.28681935
1955	0.30111545
1956	0.31047204
1957	0.31311373
1958	0.29010527
1959	0.31519007
1960	0.29355268
1961	0.29481368
1962	0.29099154
1963	0.30079747
1964	0.28176626
1965	0.30975583
1966	0.32464721
1967	0.28917639
1968	0.29165010
1969	0.29775086
1970	0.28937639
1971	0.31259129
1972	0.27378880
1973	0.31753222
