0	0.64055273
1	0.63163696
2	0.63555166
3	0.62247790
4	0.63571353
5	0.62243369
6	0.57475702
7	0.63071189
8	0.63948903
9	0.63877575
10	0.64007652
11	0.63859980
12	0.62062093
13	0.50571031
14	0.63954788
15	0.63756810
16	0.64015901
17	0.64050010
18	0.64082711
19	0.64055641
20	0.63996212
21	0.64044079
22	0.63935493
23	0.63875452
24	0.64028933
25	0.64008418
26	0.64065707
27	0.63870822
28	0.63865768
29	0.63946437
30	0.63864609
31	0.64020955
32	0.64034900
33	0.63816866
34	0.64021899
35	0.64048591
36	0.63729597
37	0.64000995
38	0.63709296
39	0.63796942
40	0.62994911
41	0.63154727
42	0.63558070
43	0.62941572
44	0.63851782
45	0.63892369
46	0.63494089
47	0.63544416
48	0.63849663
49	0.61726049
50	0.63819821
51	0.63250077
52	0.62981924
53	0.63053563
54	0.61995870
55	0.62499668
56	0.63220005
57	0.63212736
58	0.62842021
59	0.63361613
60	0.63134007
61	0.60486963
62	0.60077882
63	0.60224099
64	0.63352394
65	0.62456462
66	0.62797131
67	0.62538361
68	0.63707887
69	0.62534119
70	0.63346243
71	0.61474446
72	0.61715926
73	0.63188892
74	0.59928744
75	0.62878183
76	0.62834104
77	0.63424650
78	0.61173170
79	0.63199826
80	0.62132517
81	0.63350368
82	0.61637335
83	0.60253670
84	0.59274329
85	0.61740362
86	0.63219964
87	0.62093002
88	0.61087718
89	0.62628290
90	0.63013538
91	0.61646447
92	0.57553277
93	0.62549102
94	0.63530495
95	0.59926503
96	0.59854727
97	0.60842496
98	0.59462318
99	0.59108249
100	0.60738499
101	0.55496524
102	0.58571103
103	0.59609760
104	0.61413410
105	0.61427825
106	0.57381572
107	0.57584752
108	0.62020413
109	0.60164293
110	0.54853691
111	0.61797887
112	0.60549239
113	0.62902542
114	0.63353946
115	0.62514099
116	0.59911889
117	0.59404569
118	0.62081434
119	0.57218499
120	0.58829673
121	0.61923369
122	0.61014839
123	0.61114114
124	0.61275687
125	0.61165523
126	0.58965595
127	0.58722716
128	0.60589336
129	0.60298019
130	0.56720077
131	0.57014012
132	0.61202450
133	0.60638775
134	0.60737279
135	0.57443395
136	0.57671720
137	0.57109571
138	0.54781281
139	0.56691246
140	0.55250658
141	0.58897407
142	0.61345768
143	0.60081940
144	0.59915926
145	0.57254926
146	0.59093859
147	0.59088382
148	0.57739091
149	0.57651154
150	0.58376177
151	0.50246345
152	0.59265069
153	0.59781358
154	0.58646238
155	0.57827580
156	0.60477468
157	0.58281016
158	0.60492486
159	0.58602981
160	0.58845998
161	0.60656810
162	0.59232435
163	0.58386141
164	0.58670250
165	0.58585978
166	0.54742420
167	0.59520271
168	0.60759025
169	0.56734206
170	0.52969219
171	0.59134752
172	0.47878448
173	0.60179852
174	0.58100562
175	0.56885692
176	0.53881266
177	0.58250526
178	0.52558275
179	0.58219627
180	0.57420995
181	0.48286503
182	0.55060393
183	0.56075089
184	0.55085273
185	0.56290919
186	0.47484395
187	0.60320955
188	0.54053241
189	0.58914329
190	0.55834400
191	0.50616115
192	0.54762251
193	0.61516784
194	0.56705845
195	0.56737055
196	0.55599428
197	0.53288402
198	0.61374982
199	0.55035967
200	0.59193114
201	0.55901542
202	0.59670827
203	0.58092021
204	0.50527004
205	0.57770225
206	0.59618520
207	0.55864732
208	0.54768765
209	0.59308509
210	0.59191531
211	0.59260036
212	0.51459541
213	0.55176779
214	0.56687402
215	0.57395845
216	0.47723430
217	0.53587943
218	0.52774538
219	0.57973512
220	0.46849954
221	0.52760720
222	0.61788152
223	0.52669673
224	0.57976998
225	0.53331261
226	0.52367402
227	0.57589888
228	0.56932006
229	0.50370051
230	0.56138065
231	0.56604778
232	0.51134855
233	0.59473869
234	0.51858515
235	0.56011685
236	0.53224620
237	0.55609500
238	0.55843277
239	0.44176488
240	0.56191889
241	0.58872828
242	0.47529393
243	0.56482542
244	0.52233931
245	0.53128765
246	0.55648285
247	0.47632072
248	0.53042833
249	0.55994865
250	0.43655590
251	0.60383839
252	0.46239510
253	0.50074022
254	0.48011690
255	0.53721633
256	0.53579622
257	0.50253104
258	0.57304906
259	0.56667106
260	0.51877820
261	0.51420352
262	0.53682067
263	0.57039796
264	0.51999745
265	0.55916646
266	0.53355467
267	0.47401133
268	0.52088678
269	0.47824666
270	0.48586064
271	0.52353287
272	0.51144461
273	0.50738790
274	0.54370653
275	0.52725421
276	0.46648596
277	0.53777060
278	0.55366274
279	0.56930444
280	0.49744421
281	0.48294890
282	0.56257044
283	0.48796212
284	0.55232118
285	0.51978341
286	0.48908060
287	0.44718576
288	0.55185819
289	0.50167657
290	0.54578984
291	0.53364242
292	0.54301046
293	0.56253721
294	0.54435850
295	0.50085544
296	0.49430868
297	0.52744324
298	0.51870500
299	0.50552098
300	0.52930296
301	0.50490143
302	0.56365054
303	0.56378096
304	0.52360582
305	0.53342603
306	0.51070985
307	0.49771006
308	0.52166753
309	0.55676646
310	0.47828729
311	0.48824747
312	0.52717688
313	0.46101210
314	0.47502129
315	0.56034722
316	0.49000475
317	0.53675513
318	0.48853088
319	0.50672838
320	0.53470536
321	0.52989428
322	0.48236473
323	0.50542343
324	0.58683599
325	0.49589765
326	0.50787004
327	0.49620316
328	0.51751975
329	0.55732292
330	0.56992261
331	0.53433430
332	0.51508050
333	0.47730097
334	0.48001205
335	0.46674538
336	0.55506978
337	0.60294885
338	0.46196309
339	0.50659280
340	0.53679234
341	0.49107284
342	0.49827141
343	0.50773027
344	0.47890679
345	0.52182629
346	0.50074681
347	0.51774518
348	0.49586498
349	0.48638254
350	0.54526565
351	0.49194410
352	0.49386901
353	0.51942614
354	0.49263507
355	0.50548637
356	0.47665569
357	0.50620898
358	0.52574558
359	0.51177938
360	0.42098356
361	0.49809168
362	0.43798121
363	0.56426457
364	0.45572736
365	0.52757004
366	0.51509903
367	0.46385314
368	0.44170148
369	0.45474079
370	0.45579796
371	0.50788535
372	0.48036611
373	0.51898576
374	0.53868275
375	0.46353818
376	0.52212828
377	0.51233859
378	0.56110219
379	0.51121761
380	0.47526524
381	0.52401521
382	0.48018586
383	0.49893629
384	0.48087223
385	0.46400204
386	0.47961685
387	0.42740158
388	0.49085151
389	0.48184855
390	0.47055778
391	0.49080026
392	0.49610332
393	0.47183099
394	0.48617586
395	0.46002716
396	0.42484150
397	0.48586667
398	0.43773282
399	0.49455013
400	0.50546299
401	0.45421521
402	0.48849464
403	0.44567412
404	0.50668841
405	0.43605978
406	0.47178739
407	0.49372757
408	0.46514824
409	0.44762159
410	0.49168040
411	0.46295431
412	0.44262619
413	0.46037973
414	0.52693823
415	0.49005375
416	0.45076330
417	0.50405482
418	0.44929980
419	0.49945937
420	0.40720403
421	0.48997713
422	0.53470602
423	0.45385957
424	0.45722797
425	0.46350413
426	0.48943532
427	0.46585794
428	0.53290056
429	0.48642052
430	0.52270904
431	0.48914155
432	0.53604227
433	0.50657090
434	0.47789546
435	0.48743395
436	0.39394288
437	0.46181332
438	0.50275314
439	0.50164308
440	0.50453328
441	0.46250801
442	0.45127029
443	0.48811506
444	0.50547723
445	0.46689035
446	0.44102394
447	0.43165033
448	0.45996197
449	0.48866238
450	0.43547534
451	0.50046330
452	0.48559051
453	0.51055962
454	0.50234416
455	0.46637810
456	0.45405360
457	0.42622491
458	0.48068121
459	0.46940051
460	0.48846508
461	0.49809842
462	0.45997192
463	0.50893047
464	0.48703099
465	0.48263532
466	0.46578795
467	0.43428249
468	0.47467315
469	0.48899015
470	0.47354007
471	0.44121036
472	0.44875998
473	0.48010123
474	0.50146269
475	0.53146702
476	0.46303844
477	0.45262721
478	0.47872700
479	0.45267805
480	0.42412573
481	0.45023961
482	0.41921960
483	0.41761914
484	0.49118372
485	0.46172445
486	0.40656927
487	0.47861001
488	0.45327458
489	0.51508173
490	0.46239112
491	0.51153088
492	0.50319735
493	0.45897769
494	0.44151904
495	0.46218744
496	0.49880613
497	0.40968576
498	0.45788014
499	0.42318948
500	0.41022853
501	0.47415156
502	0.46527749
503	0.45868336
504	0.49231894
505	0.45299617
506	0.49295283
507	0.45460470
508	0.51129872
509	0.44311889
510	0.48969607
511	0.48136728
512	0.44918065
513	0.45851899
514	0.46911179
515	0.46758464
516	0.45954538
517	0.46357065
518	0.45036947
519	0.46764155
520	0.50222593
521	0.44903563
522	0.45960817
523	0.48968693
524	0.48413507
525	0.44339974
526	0.47812118
527	0.42928418
528	0.46658218
529	0.45218688
530	0.43803946
531	0.45356963
532	0.45121485
533	0.44796932
534	0.42611695
535	0.44314538
536	0.44462956
537	0.41466764
538	0.46496044
539	0.44851281
540	0.47288897
541	0.43349888
542	0.50509857
543	0.48271026
544	0.49409408
545	0.44037882
546	0.42092741
547	0.43946600
548	0.44481924
549	0.38196468
550	0.45697713
551	0.47406968
552	0.48463492
553	0.43053696
554	0.41723573
555	0.42908137
556	0.40461787
557	0.45990465
558	0.44859316
559	0.40117973
560	0.42813747
561	0.37814952
562	0.44795059
563	0.45835054
564	0.40249280
565	0.43108657
566	0.48050786
567	0.43559592
568	0.45099096
569	0.40865084
570	0.43080924
571	0.42697458
572	0.45606621
573	0.41465789
574	0.45558239
575	0.37801041
576	0.46596166
577	0.47254227
578	0.46663114
579	0.44741991
580	0.39339035
581	0.48363134
582	0.41789801
583	0.50888438
584	0.42832757
585	0.39207463
586	0.43721179
587	0.49859449
588	0.45668790
589	0.46112726
590	0.47188530
591	0.45388867
592	0.47333114
593	0.46927611
594	0.44285932
595	0.41762813
596	0.41770556
597	0.46336064
598	0.44019260
599	0.45008070
600	0.41531894
601	0.45115462
602	0.41449326
603	0.39887892
604	0.48959561
605	0.44058831
606	0.43679142
607	0.43930429
608	0.40047208
609	0.41632384
610	0.48997938
611	0.44064089
612	0.50410301
613	0.47047004
614	0.40110873
615	0.43458270
616	0.39843073
617	0.41280245
618	0.45547504
619	0.41700383
620	0.45275855
621	0.45937223
622	0.44206651
623	0.37671771
624	0.43356136
625	0.38299561
626	0.44432838
627	0.44837147
628	0.38633997
629	0.45187300
630	0.43166161
631	0.45083323
632	0.37471766
633	0.39649791
634	0.39881649
635	0.45127284
636	0.40225886
637	0.48891057
638	0.42967698
639	0.48128877
640	0.42515278
641	0.49165043
642	0.45345753
643	0.47646886
644	0.43213977
645	0.42476876
646	0.45412129
647	0.49269826
648	0.45615666
649	0.44081220
650	0.39611705
651	0.40665794
652	0.43815089
653	0.37211904
654	0.43854594
655	0.44083895
656	0.42073344
657	0.42993629
658	0.45176891
659	0.40140516
660	0.42912460
661	0.40765487
662	0.38648785
663	0.45788162
664	0.38433323
665	0.43703078
666	0.36434283
667	0.41471557
668	0.42785881
669	0.38180281
670	0.44980852
671	0.43930587
672	0.41373088
673	0.35978300
674	0.44286595
675	0.45019209
676	0.44174712
677	0.46206284
678	0.46637958
679	0.38601184
680	0.47938040
681	0.43177626
682	0.44529265
683	0.46409306
684	0.45380209
685	0.43153767
686	0.40828571
687	0.38071817
688	0.44777514
689	0.39886008
690	0.44705125
691	0.43272190
692	0.40220342
693	0.42233078
694	0.41286549
695	0.43356988
696	0.36809306
697	0.43365222
698	0.45772328
699	0.42615641
700	0.38954262
701	0.36061577
702	0.41073446
703	0.40609995
704	0.42238310
705	0.36425692
706	0.39433420
707	0.40277841
708	0.40354972
709	0.42814028
710	0.41341128
711	0.44326008
712	0.41804946
713	0.45095003
714	0.45575554
715	0.36152838
716	0.43271909
717	0.39946764
718	0.45925896
719	0.40106514
720	0.42711256
721	0.46383012
722	0.38295212
723	0.36127907
724	0.45997968
725	0.40355360
726	0.38371771
727	0.41069566
728	0.38594451
729	0.43949474
730	0.42305503
731	0.43659959
732	0.44996708
733	0.44890745
734	0.36487958
735	0.37271940
736	0.39545380
737	0.43337402
738	0.41322644
739	0.39734278
740	0.39225237
741	0.44277917
742	0.43705248
743	0.45943890
744	0.50575013
745	0.40613257
746	0.39231118
747	0.42027340
748	0.43397831
749	0.42715304
750	0.39297580
751	0.41915692
752	0.42288601
753	0.42850909
754	0.40250214
755	0.38948259
756	0.41473119
757	0.36978341
758	0.42646687
759	0.41167713
760	0.44499607
761	0.34351256
762	0.43238775
763	0.44212741
764	0.39752021
765	0.40408448
766	0.44745288
767	0.37201485
768	0.41097167
769	0.34781470
770	0.48817948
771	0.41081424
772	0.42307626
773	0.36980638
774	0.37357550
775	0.42165518
776	0.36399617
777	0.38422685
778	0.39843844
779	0.40026274
780	0.40840184
781	0.37359500
782	0.38911373
783	0.39959245
784	0.36671205
785	0.38667453
786	0.40439929
787	0.39735901
788	0.41311526
789	0.46387075
790	0.39649980
791	0.40309275
792	0.43691679
793	0.47025809
794	0.37867601
795	0.44585636
796	0.38667070
797	0.42560148
798	0.44614089
799	0.41858193
800	0.39638872
801	0.44679597
802	0.43725778
803	0.40145084
804	0.41174278
805	0.44698213
806	0.41210296
807	0.39268055
808	0.35765875
809	0.40183022
810	0.35441143
811	0.40296141
812	0.41851501
813	0.37708178
814	0.38382797
815	0.38565232
816	0.40992384
817	0.45328428
818	0.34517897
819	0.41046565
820	0.35879173
821	0.41495151
822	0.42529923
823	0.42419587
824	0.43692711
825	0.37607238
826	0.41197065
827	0.37591725
828	0.39378193
829	0.41020791
830	0.39548280
831	0.37116626
832	0.42531542
833	0.36740194
834	0.42598249
835	0.35180485
836	0.38754717
837	0.41773502
838	0.39044053
839	0.35849005
840	0.41082808
841	0.35517948
842	0.35209556
843	0.44029347
844	0.39325870
845	0.39038448
846	0.40649653
847	0.36406304
848	0.40941577
849	0.39900980
850	0.36272323
851	0.37772226
852	0.36778479
853	0.42887504
854	0.42957856
855	0.40659765
856	0.39488423
857	0.36640725
858	0.38150276
859	0.44486988
860	0.37843920
861	0.35608601
862	0.41416008
863	0.38807902
864	0.43186866
865	0.43516626
866	0.42805171
867	0.41492379
868	0.37508688
869	0.36741909
870	0.39570577
871	0.44965084
872	0.39699612
873	0.41512920
874	0.41890408
875	0.41955431
876	0.39876881
877	0.38534074
878	0.44515748
879	0.40235528
880	0.35956126
881	0.39916325
882	0.39618754
883	0.34727443
884	0.38292695
885	0.41301797
886	0.42071674
887	0.39481858
888	0.41806095
889	0.38896554
890	0.38453292
891	0.37714574
892	0.39668372
893	0.36396753
894	0.35594609
895	0.37376126
896	0.42841450
897	0.40890163
898	0.36598703
899	0.38386998
900	0.39373660
901	0.35990781
902	0.42014916
903	0.34282328
904	0.38672532
905	0.40933686
906	0.36418070
907	0.43450704
908	0.36774063
909	0.35890720
910	0.40866759
911	0.38523813
912	0.41760128
913	0.41486641
914	0.36326294
915	0.41081460
916	0.35507320
917	0.40992491
918	0.39800291
919	0.39582578
920	0.40349801
921	0.41105860
922	0.40127473
923	0.36941434
924	0.37788218
925	0.33314599
926	0.35739985
927	0.42519592
928	0.42853359
929	0.39263461
930	0.42267192
931	0.40426519
932	0.42938356
933	0.37753701
934	0.43250715
935	0.40351741
936	0.39172716
937	0.39228892
938	0.36331143
939	0.37728938
940	0.38978836
941	0.40739045
942	0.35539071
943	0.41624712
944	0.38530516
945	0.37932277
946	0.37448438
947	0.43462159
948	0.38733573
949	0.37974661
950	0.38086488
951	0.37036993
952	0.36325630
953	0.39848259
954	0.37236279
955	0.39692011
956	0.37922195
957	0.40377779
958	0.42044334
959	0.37320383
960	0.37205472
961	0.35239387
962	0.42073344
963	0.36964385
964	0.39650419
965	0.37232884
966	0.40068193
967	0.36843160
968	0.42446978
969	0.36190143
970	0.42573313
971	0.36655814
972	0.35672333
973	0.42813859
974	0.35339015
975	0.42387534
976	0.41134349
977	0.39243874
978	0.40375875
979	0.41061598
980	0.40472593
981	0.37931046
982	0.41228086
983	0.39047039
984	0.35726391
985	0.41402762
986	0.37699806
987	0.41706702
988	0.37772466
989	0.39338994
990	0.38514574
991	0.38574242
992	0.36797157
993	0.35622231
994	0.35159484
995	0.43404599
996	0.35725436
997	0.33898714
998	0.36869096
999	0.36355508
1000	0.43074104
1001	0.33955712
1002	0.37629959
1003	0.39361991
1004	0.41811246
1005	0.43305217
1006	0.38584967
1007	0.41881491
1008	0.42773093
1009	0.35144308
1010	0.37097994
1011	0.39838688
1012	0.41785569
1013	0.37216386
1014	0.40729918
1015	0.38094671
1016	0.35969500
1017	0.40651011
1018	0.32984737
1019	0.36214860
1020	0.37119658
1021	0.34839045
1022	0.39814487
1023	0.36258428
1024	0.35398469
1025	0.37884400
1026	0.38913691
1027	0.34771649
1028	0.39727723
1029	0.36456044
1030	0.36532450
1031	0.35788989
1032	0.38155207
1033	0.37772318
1034	0.36269382
1035	0.36349020
1036	0.35929520
1037	0.34579132
1038	0.40235886
1039	0.36562665
1040	0.37238382
1041	0.35937228
1042	0.38374497
1043	0.35315406
1044	0.35906376
1045	0.35358887
1046	0.35513910
1047	0.41656177
1048	0.39542588
1049	0.37516100
1050	0.38111026
1051	0.38533793
1052	0.39656115
1053	0.34983206
1054	0.34018540
1055	0.37243783
1056	0.38059735
1057	0.36672190
1058	0.35861189
1059	0.38866998
1060	0.36842751
1061	0.35185018
1062	0.36920658
1063	0.36130281
1064	0.37022853
1065	0.39767785
1066	0.40392915
1067	0.35877820
1068	0.38251480
1069	0.32358111
1070	0.33645482
1071	0.36685661
1072	0.38111358
1073	0.35154426
1074	0.34213905
1075	0.35324844
1076	0.37904431
1077	0.38711332
1078	0.38330847
1079	0.35978994
1080	0.35935921
1081	0.37208372
1082	0.39410801
1083	0.36363134
1084	0.38434400
1085	0.40096503
1086	0.38991307
1087	0.42362894
1088	0.35099393
1089	0.35151491
1090	0.33610301
1091	0.32915993
1092	0.38423114
1093	0.34157968
1094	0.37105375
1095	0.38111542
1096	0.34672435
1097	0.36977095
1098	0.39919250
1099	0.36105967
1100	0.37740026
1101	0.32459755
1102	0.34164089
1103	0.35669495
1104	0.41865100
1105	0.37404558
1106	0.37633007
1107	0.36864206
1108	0.35050551
1109	0.38303165
1110	0.39135784
1111	0.37048203
1112	0.37844135
1113	0.39188290
1114	0.39444599
1115	0.35884206
1116	0.36789117
1117	0.36860465
1118	0.32518300
1119	0.37441547
1120	0.38797606
1121	0.33677080
1122	0.35600031
1123	0.36773481
1124	0.39678800
1125	0.38098612
1126	0.37062685
1127	0.33635676
1128	0.36218714
1129	0.34328249
1130	0.34136784
1131	0.43258387
1132	0.37719413
1133	0.35722547
1134	0.37701710
1135	0.35308050
1136	0.34627407
1137	0.37078560
1138	0.35694615
1139	0.36401807
1140	0.36168387
1141	0.33804885
1142	0.33177004
1143	0.39190500
1144	0.35139091
1145	0.37375513
1146	0.35293441
1147	0.35675835
1148	0.36176248
1149	0.36526891
1150	0.33950618
1151	0.37159576
1152	0.37566023
1153	0.35458857
1154	0.39516743
1155	0.37377979
1156	0.38847187
1157	0.38398019
1158	0.33734599
1159	0.37604987
1160	0.41766284
1161	0.37779612
1162	0.35449755
1163	0.38164758
1164	0.36016861
1165	0.35902154
1166	0.38339770
1167	0.38411695
1168	0.38443992
1169	0.37265498
1170	0.34392404
1171	0.32638867
1172	0.35975600
1173	0.36234645
1174	0.34721853
1175	0.34921169
1176	0.37395972
1177	0.35108392
1178	0.34654604
1179	0.37511838
1180	0.40036667
1181	0.35497463
1182	0.33503568
1183	0.33440949
1184	0.36724885
1185	0.35621909
1186	0.37516488
1187	0.38160893
1188	0.36786932
1189	0.34027739
1190	0.35392016
1191	0.41455544
1192	0.38551154
1193	0.39120245
1194	0.36730602
1195	0.37375753
1196	0.35397524
1197	0.35936233
1198	0.33413691
1199	0.34566279
1200	0.36554084
1201	0.43034834
1202	0.36885457
1203	0.35281792
1204	0.37219127
1205	0.38473042
1206	0.37087254
1207	0.37459045
1208	0.39726993
1209	0.35142716
1210	0.34372690
1211	0.38367300
1212	0.35811639
1213	0.40233047
1214	0.36006029
1215	0.35954288
1216	0.33537478
1217	0.38784201
1218	0.34444441
1219	0.39174196
1220	0.33725952
1221	0.35491506
1222	0.37008647
1223	0.32225217
1224	0.36002282
1225	0.39042236
1226	0.35393400
1227	0.36554686
1228	0.36458331
1229	0.36828550
1230	0.38151991
1231	0.34998765
1232	0.34463517
1233	0.38674165
1234	0.33241669
1235	0.33293798
1236	0.33535268
1237	0.38141838
1238	0.32182557
1239	0.31729245
1240	0.35464247
1241	0.37736718
1242	0.37308857
1243	0.35502185
1244	0.36142695
1245	0.37066350
1246	0.33630194
1247	0.40282634
1248	0.37475676
1249	0.38117203
1250	0.32612869
1251	0.36552435
1252	0.35055952
1253	0.35005763
1254	0.38667739
1255	0.35982282
1256	0.33209183
1257	0.38976177
1258	0.34985881
1259	0.37984865
1260	0.36721348
1261	0.32977417
1262	0.33122986
1263	0.36390572
1264	0.33921659
1265	0.35547065
1266	0.36843058
1267	0.34758035
1268	0.33272006
1269	0.34691077
1270	0.35738479
1271	0.34090143
1272	0.37171649
1273	0.34798994
1274	0.34538673
1275	0.37991113
1276	0.34438213
1277	0.37795921
1278	0.35314267
1279	0.36351041
1280	0.37819382
1281	0.35787090
1282	0.37446304
1283	0.34983859
1284	0.36768132
1285	0.33922660
1286	0.35361838
1287	0.37809888
1288	0.34238734
1289	0.33873150
1290	0.37222976
1291	0.39188035
1292	0.37607019
1293	0.36583068
1294	0.32388846
1295	0.33843160
1296	0.35210934
1297	0.33385671
1298	0.35559091
1299	0.35679944
1300	0.37187994
1301	0.34781679
1302	0.33566769
1303	0.37396075
1304	0.36874701
1305	0.38155048
1306	0.31412506
1307	0.36825911
1308	0.36437805
1309	0.33169367
1310	0.34517361
1311	0.34695978
1312	0.36069520
1313	0.32457203
1314	0.33962016
1315	0.34962420
1316	0.37042430
1317	0.35596228
1318	0.32551919
1319	0.33718458
1320	0.33516345
1321	0.33528402
1322	0.31964119
1323	0.33908142
1324	0.31698315
1325	0.34635130
1326	0.35424140
1327	0.37224880
1328	0.34942093
1329	0.37204661
1330	0.34205738
1331	0.30352037
1332	0.35360832
1333	0.33342282
1334	0.35165309
1335	0.32837667
1336	0.33343405
1337	0.34437754
1338	0.35355222
1339	0.32856187
1340	0.33125942
1341	0.32623987
1342	0.36469944
1343	0.36757514
1344	0.36834599
1345	0.34028438
1346	0.34572139
1347	0.35084722
1348	0.36614426
1349	0.34106100
1350	0.32977529
1351	0.33285115
1352	0.33849673
1353	0.33044931
1354	0.33199632
1355	0.34141516
1356	0.34722083
1357	0.38028504
1358	0.37893680
1359	0.34081440
1360	0.33445345
1361	0.34298612
1362	0.38208663
1363	0.31124165
1364	0.34750567
1365	0.33140429
1366	0.32064094
1367	0.32148418
1368	0.34279219
1369	0.32600204
1370	0.33474446
1371	0.32734834
1372	0.37273395
1373	0.34056207
1374	0.35716432
1375	0.37501593
1376	0.34995401
1377	0.34071848
1378	0.34567529
1379	0.35509137
1380	0.34023323
1381	0.34861419
1382	0.37992654
1383	0.29061067
1384	0.34944339
1385	0.30498081
1386	0.34625212
1387	0.37989622
1388	0.34254814
1389	0.31638014
1390	0.32393777
1391	0.33747034
1392	0.38017917
1393	0.33186733
1394	0.35753987
1395	0.35197095
1396	0.35806314
1397	0.37189638
1398	0.31976539
1399	0.34380648
1400	0.33151628
1401	0.35042731
1402	0.33100858
1403	0.33584916
1404	0.33485074
1405	0.36378397
1406	0.34027162
1407	0.36837677
1408	0.34190893
1409	0.37516299
1410	0.35098387
1411	0.34289398
1412	0.35531955
1413	0.36581077
1414	0.32999061
1415	0.33743527
1416	0.35167769
1417	0.35988622
1418	0.33199214
1419	0.31448576
1420	0.34543777
1421	0.33070204
1422	0.35636136
1423	0.31187371
1424	0.31785794
1425	0.33784819
1426	0.32121674
1427	0.34658734
1428	0.37699515
1429	0.34852751
1430	0.33731536
1431	0.34302563
1432	0.35782542
1433	0.34941822
1434	0.35242665
1435	0.35524803
1436	0.34256115
1437	0.35919530
1438	0.34480791
1439	0.35804242
1440	0.31128494
1441	0.35817534
1442	0.30539617
1443	0.35036279
1444	0.31440669
1445	0.34903160
1446	0.35097432
1447	0.33910873
1448	0.36501240
1449	0.35448596
1450	0.33183298
1451	0.33018693
1452	0.31723303
1453	0.33457203
1454	0.35249025
1455	0.37342450
1456	0.33031751
1457	0.35143517
1458	0.34959918
1459	0.32837085
1460	0.33371363
1461	0.36135472
1462	0.36066488
1463	0.32109576
1464	0.33832506
1465	0.31421889
1466	0.32370347
1467	0.34042455
1468	0.33288800
1469	0.35967672
1470	0.29579127
1471	0.33382614
1472	0.30453476
1473	0.32068397
1474	0.33530286
1475	0.34002277
1476	0.32935600
1477	0.35045304
1478	0.33270567
1479	0.30840092
1480	0.31426912
1481	0.32270827
1482	0.34349387
1483	0.31870143
1484	0.36528540
1485	0.35093257
1486	0.32330623
1487	0.31342154
1488	0.32011562
1489	0.34531358
1490	0.32855707
1491	0.36684502
1492	0.30394696
1493	0.36312466
1494	0.30701879
1495	0.30865942
1496	0.30964033
1497	0.33713686
1498	0.32072374
1499	0.35163211
1500	0.38282037
1501	0.35068974
1502	0.31951812
1503	0.32343946
1504	0.36169326
1505	0.32846804
1506	0.30554313
1507	0.33309658
1508	0.35667432
1509	0.35086753
1510	0.31788086
1511	0.33554880
1512	0.31713088
1513	0.31747218
1514	0.32498652
1515	0.36995135
1516	0.33284763
1517	0.30788591
1518	0.32473977
1519	0.31940424
1520	0.33040919
1521	0.35511470
1522	0.29256320
1523	0.34748938
1524	0.32607335
1525	0.34007437
1526	0.33473691
1527	0.33558055
1528	0.32178152
1529	0.32701940
1530	0.35191445
1531	0.32726549
1532	0.32142226
1533	0.33102435
1534	0.32221562
1535	0.31961067
1536	0.36038101
1537	0.38667494
1538	0.33973144
1539	0.29787310
1540	0.33358555
1541	0.30695855
1542	0.32646748
1543	0.31232746
1544	0.30937223
1545	0.32862328
1546	0.31416422
1547	0.32080587
1548	0.31876672
1549	0.34224395
1550	0.31685120
1551	0.34601965
1552	0.32733047
1553	0.34212838
1554	0.35014849
1555	0.32330613
1556	0.34251154
1557	0.32604084
1558	0.35019316
1559	0.35542302
1560	0.33000822
1561	0.30147984
1562	0.33923629
1563	0.34510373
1564	0.32710623
1565	0.33863553
1566	0.32706565
1567	0.32379811
1568	0.33753119
1569	0.29922731
1570	0.33399678
1571	0.32075722
1572	0.31731491
1573	0.33990822
1574	0.33036141
1575	0.31609107
1576	0.30004860
1577	0.30238484
1578	0.33041424
1579	0.28693211
1580	0.31578683
1581	0.34807473
1582	0.32493104
1583	0.33137152
1584	0.32199576
1585	0.33135533
1586	0.31561884
1587	0.34016881
1588	0.32258234
1589	0.32445345
1590	0.31111827
1591	0.34127657
1592	0.34448009
1593	0.33592884
1594	0.31305773
1595	0.32616662
1596	0.33696585
1597	0.32477529
1598	0.34370148
1599	0.35529347
1600	0.31739454
1601	0.30668979
1602	0.30811950
1603	0.34805814
1604	0.36011434
1605	0.35293415
1606	0.35647856
1607	0.31675048
1608	0.34127912
1609	0.35861501
1610	0.31612006
1611	0.30322619
1612	0.31151062
1613	0.34246559
1614	0.31476350
1615	0.31619995
1616	0.32731904
1617	0.30863915
1618	0.33998264
1619	0.33489908
1620	0.31488887
1621	0.31375048
1622	0.34056825
1623	0.32192818
1624	0.33362726
1625	0.33176565
1626	0.34478683
1627	0.31441164
1628	0.33532088
1629	0.34399576
1630	0.32060373
1631	0.34427657
1632	0.34726018
1633	0.33563196
1634	0.33833517
1635	0.32403262
1636	0.30629158
1637	0.33652221
1638	0.32358377
1639	0.31871317
1640	0.34681036
1641	0.32191664
1642	0.33861516
1643	0.34934242
1644	0.29407177
1645	0.33068331
1646	0.31330827
1647	0.34350613
1648	0.35639260
1649	0.34524798
1650	0.29911108
1651	0.32106784
1652	0.33803956
1653	0.33599193
1654	0.34569607
1655	0.32252501
1656	0.29901807
1657	0.31270306
1658	0.30679020
1659	0.34561046
1660	0.31575651
1661	0.32778882
1662	0.34096799
1663	0.31620669
1664	0.29994860
1665	0.31913874
1666	0.33795171
1667	0.31801026
1668	0.31599234
1669	0.32336723
1670	0.32364686
1671	0.32593466
1672	0.30422736
1673	0.33436794
1674	0.30254273
1675	0.33577611
1676	0.33603247
1677	0.34200056
1678	0.34434293
1679	0.33409653
1680	0.32865830
1681	0.31685896
1682	0.32108009
1683	0.32086279
1684	0.33869969
1685	0.33981557
1686	0.31901225
1687	0.32492302
1688	0.28171246
1689	0.32151547
1690	0.36452935
1691	0.31319393
1692	0.32582797
1693	0.32463476
1694	0.34426748
1695	0.33925120
1696	0.32962629
1697	0.29804416
1698	0.30976682
1699	0.31919464
1700	0.34172920
1701	0.31219684
1702	0.33008693
1703	0.32535365
1704	0.28701776
1705	0.32078203
1706	0.32268499
1707	0.32359168
1708	0.33807070
1709	0.32402016
1710	0.34871935
1711	0.31444155
1712	0.27277509
1713	0.32141169
1714	0.32249826
1715	0.32986396
1716	0.32059796
1717	0.34476238
1718	0.33378601
1719	0.32530143
1720	0.32543262
1721	0.34026600
1722	0.31949342
1723	0.34514487
1724	0.31980209
1725	0.31553987
1726	0.30187152
1727	0.33146958
1728	0.31090286
1729	0.31933931
1730	0.29056437
1731	0.32895462
1732	0.32605881
1733	0.31583461
1734	0.33575845
1735	0.31437463
1736	0.31332578
1737	0.33353767
1738	0.32514165
1739	0.31932767
1740	0.33082782
1741	0.33530470
1742	0.31338254
1743	0.35048719
1744	0.33227693
1745	0.31463471
1746	0.30451118
1747	0.29697933
1748	0.29840163
1749	0.33506667
1750	0.33160822
1751	0.30467785
1752	0.33469081
1753	0.31059760
1754	0.32809030
1755	0.31802971
1756	0.31694237
1757	0.29406294
1758	0.31387550
1759	0.30037708
1760	0.32776692
1761	0.28196401
1762	0.31078300
1763	0.33687463
1764	0.28556371
1765	0.32760934
1766	0.31877677
1767	0.31689296
1768	0.31017437
1769	0.34621414
1770	0.31340265
1771	0.32553344
1772	0.32967499
1773	0.31861827
1774	0.31467060
1775	0.30425651
1776	0.31334599
1777	0.35738867
1778	0.32332292
1779	0.32883165
1780	0.33118724
1781	0.30946233
1782	0.32044002
1783	0.31327586
1784	0.29849719
1785	0.30472476
1786	0.29992292
1787	0.32618515
1788	0.33825615
1789	0.30219377
1790	0.32411751
1791	0.30449285
1792	0.31469714
1793	0.30966723
1794	0.31863619
1795	0.29656937
1796	0.33001041
1797	0.29646728
1798	0.32306825
1799	0.32868137
1800	0.30239709
1801	0.31842016
1802	0.29951343
1803	0.32090674
1804	0.29926702
1805	0.32254865
1806	0.32205763
1807	0.32853185
1808	0.32791164
1809	0.30586973
1810	0.28955339
1811	0.32583456
1812	0.32171618
1813	0.31516733
1814	0.31694130
1815	0.31600786
1816	0.29731710
1817	0.28057269
1818	0.29782736
1819	0.31117126
1820	0.29915661
1821	0.31749929
1822	0.29741521
1823	0.32519382
1824	0.30879045
1825	0.31003573
1826	0.30696197
1827	0.30908744
1828	0.30186667
1829	0.32324747
1830	0.32331077
1831	0.32245978
1832	0.28677269
1833	0.33271261
1834	0.30908336
1835	0.29429607
1836	0.32118361
1837	0.30661633
1838	0.33496753
1839	0.33148509
1840	0.30737565
1841	0.31370112
1842	0.32334957
1843	0.31252062
1844	0.30443844
1845	0.30276284
1846	0.34799229
1847	0.32823660
1848	0.33503379
1849	0.30565232
1850	0.30747417
1851	0.31063966
1852	0.30788877
1853	0.31374620
1854	0.31657177
1855	0.31357397
1856	0.33742782
1857	0.30581950
1858	0.30651291
1859	0.30597223
1860	0.30914421
1861	0.32351036
1862	0.29858612
1863	0.31248458
1864	0.33683211
1865	0.32051868
1866	0.28751955
1867	0.30951506
1868	0.31688877
1869	0.31950883
1870	0.30547846
1871	0.33525401
1872	0.31662700
1873	0.31343548
1874	0.32208566
1875	0.29593374
1876	0.32068019
1877	0.29033236
1878	0.32952578
1879	0.28183170
1880	0.30925084
1881	0.30122603
1882	0.32500914
1883	0.31819724
1884	0.28571057
1885	0.29855003
1886	0.28757233
1887	0.28224053
1888	0.31766003
1889	0.30462915
1890	0.31322956
1891	0.32046325
1892	0.33290541
1893	0.32390715
1894	0.31610168
1895	0.29738193
1896	0.31876697
1897	0.33449035
1898	0.30964814
1899	0.32337162
1900	0.30010214
1901	0.32914477
1902	0.30961848
1903	0.29723675
1904	0.31414615
1905	0.29546728
1906	0.29464640
1907	0.30760286
1908	0.30350674
1909	0.34357111
1910	0.28656529
1911	0.29981251
1912	0.32210755
1913	0.30053410
1914	0.31738632
1915	0.30645605
1916	0.32365717
1917	0.29947999
1918	0.29013849
1919	0.32314691
1920	0.31852144
1921	0.30315584
1922	0.31035967
1923	0.29993150
1924	0.31041736
1925	0.32203308
1926	0.32862445
1927	0.30524079
1928	0.30146662
1929	0.29632563
1930	0.28694497
1931	0.31822848
1932	0.32691940
1933	0.32818918
1934	0.28839638
1935	0.30361001
1936	0.31163956
1937	0.30530766
1938	0.28029449
1939	0.31613298
1940	0.30127499
1941	0.30605094
1942	0.30403640
1943	0.31179127
1944	0.29064140
1945	0.28740827
1946	0.33322139
1947	0.29159535
1948	0.29739939
1949	0.30402905
1950	0.29425396
1951	0.29989193
1952	0.30648127
1953	0.29156386
1954	0.31006998
1955	0.29407769
1956	0.30168137
1957	0.30355115
1958	0.31237473
