0	0.48177476
1	0.48197073
2	0.47823898
3	0.48196066
4	0.42849885
5	0.47537251
6	0.48016505
7	0.46831746
8	0.48169514
9	0.48197804
10	0.48218669
11	0.48157117
12	0.48190490
13	0.48189692
14	0.48184660
15	0.48208807
16	0.47992374
17	0.48176513
18	0.48154641
19	0.48134467
20	0.48162425
21	0.48204870
22	0.48194017
23	0.48144163
24	0.48189009
25	0.48158096
26	0.48151209
27	0.48211536
28	0.48164830
29	0.48159103
30	0.48193420
31	0.46434901
32	0.46667291
33	0.46671272
34	0.47231434
35	0.47201347
36	0.47760367
37	0.47667761
38	0.47052358
39	0.47845039
40	0.47855209
41	0.48147461
42	0.47363096
43	0.45218724
44	0.43515249
45	0.47914743
46	0.47392990
47	0.48034048
48	0.47831955
49	0.47767686
50	0.45621694
51	0.47064491
52	0.47534301
53	0.46392848
54	0.48137520
55	0.48004704
56	0.46738404
57	0.46913705
58	0.45393918
59	0.47882129
60	0.45961868
61	0.47937567
62	0.46471682
63	0.47674036
64	0.45748519
65	0.38303235
66	0.45046836
67	0.44603464
68	0.47743961
69	0.47514830
70	0.47946868
71	0.43751536
72	0.44019305
73	0.47346398
74	0.36075209
75	0.44124317
76	0.47476347
77	0.46666173
78	0.47819048
79	0.43815916
80	0.47569735
81	0.40886430
82	0.47505861
83	0.47942638
84	0.44616829
85	0.43727654
86	0.42129388
87	0.47303227
88	0.44917081
89	0.38709167
90	0.42003558
91	0.46508239
92	0.46541690
93	0.47175336
94	0.47274364
95	0.46535438
96	0.46443669
97	0.46512891
98	0.46645158
99	0.41696047
100	0.44844530
101	0.43159340
102	0.47577962
103	0.45664111
104	0.46601197
105	0.43962156
106	0.44351528
107	0.41045201
108	0.39429889
109	0.42050316
110	0.46413922
111	0.37433752
112	0.40940000
113	0.43100111
114	0.45997927
115	0.35924250
116	0.38208744
117	0.44873934
118	0.41409431
119	0.39934305
120	0.40858448
121	0.46076864
122	0.31118622
123	0.45398464
124	0.46988239
125	0.45287919
126	0.40011035
127	0.45748709
128	0.40343677
129	0.45343736
130	0.45817934
131	0.44426524
132	0.36956145
133	0.36820008
134	0.42603116
135	0.45404321
136	0.40444242
137	0.47277737
138	0.39790964
139	0.40551852
140	0.44419680
141	0.45631544
142	0.43107871
143	0.44431836
144	0.42734040
145	0.47715897
146	0.47204313
147	0.46243918
148	0.46516157
149	0.45779652
150	0.45956797
151	0.44525150
152	0.41250798
153	0.35349250
154	0.40982397
155	0.41212220
156	0.39555280
157	0.47186418
158	0.45356552
159	0.42968997
160	0.41973693
161	0.43474028
162	0.44806043
163	0.38857800
164	0.41412216
165	0.38536457
166	0.44936714
167	0.44731931
168	0.43839522
169	0.41904246
170	0.46322891
171	0.34619506
172	0.39926161
173	0.44417895
174	0.41027895
175	0.40563037
176	0.38695012
177	0.38259052
178	0.41391544
179	0.46419230
180	0.41371524
181	0.36194277
182	0.39744743
183	0.40060588
184	0.39051505
185	0.45915494
186	0.42661785
187	0.35866165
188	0.45833531
189	0.39260592
190	0.43828973
191	0.40322828
192	0.44053851
193	0.46022354
194	0.36506746
195	0.37184581
196	0.40245403
197	0.45612476
198	0.44557828
199	0.39140229
200	0.45478219
201	0.39799155
202	0.37286896
203	0.40263377
204	0.40914795
205	0.38661082
206	0.44046051
207	0.36510028
208	0.34917701
209	0.36797010
210	0.38196177
211	0.45600837
212	0.41875533
213	0.35673333
214	0.38501758
215	0.45365391
216	0.43509202
217	0.37656212
218	0.43886659
219	0.36338483
220	0.37116959
221	0.37507875
222	0.33305778
223	0.44197745
224	0.38786299
225	0.41799988
226	0.33754842
227	0.40945897
228	0.40653021
229	0.45746552
230	0.32707073
231	0.37786102
232	0.32186359
233	0.35406679
234	0.38616481
235	0.34642235
236	0.40885829
237	0.35142832
238	0.43878784
239	0.32345648
240	0.35045897
241	0.35268085
242	0.43443282
243	0.41778318
244	0.42149905
245	0.36532291
246	0.42259637
247	0.37849692
248	0.35077516
249	0.33886884
250	0.40138551
251	0.41049692
252	0.41003144
253	0.35151157
254	0.39034803
255	0.39337986
256	0.34378349
257	0.38901746
258	0.41847141
259	0.38638973
260	0.42420261
261	0.36857836
262	0.43035237
263	0.40658377
264	0.39533444
265	0.34626047
266	0.44526580
267	0.41847476
268	0.33579226
269	0.38639475
270	0.39616343
271	0.39048863
272	0.42200889
273	0.42054925
274	0.41450829
275	0.36655363
276	0.34736544
277	0.44047164
278	0.33534566
279	0.30438069
280	0.36904577
281	0.40976639
282	0.39646469
283	0.40275241
284	0.45801011
285	0.36797733
286	0.38792022
287	0.41775640
288	0.40079747
289	0.38655233
290	0.38395968
291	0.41849980
292	0.38641623
293	0.39542062
294	0.42713985
295	0.38927287
296	0.38119522
297	0.37942204
298	0.30332393
299	0.40015588
300	0.40779103
301	0.37104601
302	0.41269297
303	0.38801102
304	0.37320782
305	0.41631955
306	0.38136414
307	0.34717828
308	0.41691876
309	0.37341679
310	0.37550261
311	0.34474530
312	0.35629313
313	0.34327417
314	0.42699305
315	0.31520636
316	0.40276363
317	0.38019483
318	0.35347239
319	0.37851185
320	0.40377848
321	0.29260118
322	0.39687559
323	0.41072271
324	0.37537828
325	0.45515715
326	0.36457334
327	0.31985703
328	0.39334664
329	0.40057563
330	0.31495802
331	0.39825588
332	0.34959080
333	0.35879100
334	0.30792954
335	0.37818764
336	0.38682709
337	0.28189921
338	0.34750723
339	0.39524427
340	0.36569593
341	0.39763460
342	0.31885288
343	0.35872188
344	0.37026904
345	0.29351623
346	0.40604791
347	0.33363720
348	0.40205612
349	0.39423649
350	0.33858164
351	0.35264522
352	0.30109945
353	0.33097508
354	0.42416209
355	0.38672247
356	0.42381979
357	0.30558507
358	0.33258294
359	0.36670024
360	0.37612484
361	0.32330585
362	0.28812891
363	0.34389672
364	0.38138728
365	0.39130237
366	0.37318112
367	0.29975201
368	0.35447551
369	0.40445363
370	0.39265126
371	0.26884996
372	0.30620051
373	0.34614570
374	0.36517382
375	0.34498890
376	0.31225146
377	0.31192496
378	0.32657532
379	0.39044652
380	0.36702646
381	0.34061094
382	0.39728799
383	0.34314032
384	0.28801809
385	0.37540889
386	0.32501114
387	0.40184803
388	0.38435671
389	0.38429573
390	0.29099945
391	0.37917749
392	0.38256003
393	0.39389372
394	0.27742393
395	0.37719996
396	0.39187291
397	0.36703993
398	0.34502567
399	0.35272109
400	0.40112492
401	0.39162646
402	0.32582464
403	0.39739953
404	0.29029822
405	0.34077066
406	0.42594609
407	0.38608132
408	0.34423250
409	0.32679056
410	0.36505814
411	0.39307587
412	0.26494258
413	0.28912982
414	0.43854202
415	0.31281209
416	0.37385695
417	0.33685908
418	0.37510691
419	0.38886434
420	0.38234589
421	0.34933341
422	0.35292646
423	0.36242271
424	0.40039431
425	0.40254953
426	0.38469775
427	0.40367441
428	0.34095028
429	0.35057911
430	0.29965573
431	0.36668160
432	0.36870608
433	0.35662595
434	0.34979506
435	0.28710130
436	0.32779044
437	0.34744202
438	0.31100944
439	0.37899775
440	0.34697070
441	0.35140885
442	0.36669570
443	0.37672729
444	0.37985415
445	0.32582397
446	0.34846489
447	0.34248227
448	0.38375087
449	0.35373160
450	0.38093740
451	0.39893085
452	0.28323254
453	0.36083373
454	0.38440103
455	0.40340328
456	0.33759317
457	0.31815932
458	0.42496710
459	0.29984171
460	0.38964791
461	0.30450118
462	0.39441927
463	0.37751994
464	0.35240877
465	0.28406805
466	0.37022512
467	0.31213977
468	0.36764629
469	0.40092295
470	0.26125675
471	0.35682745
472	0.38417366
473	0.41223448
474	0.37656876
475	0.33539404
476	0.39303286
477	0.31715162
478	0.33003499
479	0.38123906
480	0.38308223
481	0.34373748
482	0.36415557
483	0.33030265
484	0.31140391
485	0.37407990
486	0.26568673
487	0.35021145
488	0.30973724
489	0.35189281
490	0.36829566
491	0.29556848
492	0.33704459
493	0.32211252
494	0.37268942
495	0.26359783
496	0.30990450
497	0.30734945
498	0.34175083
499	0.29035640
500	0.33889700
501	0.33405423
502	0.30952231
503	0.35422595
504	0.27653369
505	0.42683440
506	0.35084052
507	0.34955573
508	0.26193337
509	0.37076351
510	0.33823815
511	0.32532314
512	0.35179222
513	0.41054242
514	0.36514483
515	0.35373468
516	0.31654269
517	0.32356975
518	0.32198148
519	0.39015241
520	0.33155509
521	0.36109254
522	0.35804625
523	0.36414605
524	0.29543768
525	0.36904230
526	0.37070312
527	0.35158677
528	0.35476106
529	0.34639937
530	0.35666007
531	0.30254913
532	0.30017081
533	0.32407326
534	0.32474731
535	0.26936682
536	0.31294182
537	0.38036880
538	0.35425553
539	0.27794356
540	0.27322808
541	0.33003456
542	0.28708128
543	0.33184250
544	0.31584550
545	0.30326315
546	0.38254068
547	0.33336576
548	0.31373582
549	0.25334096
550	0.24289791
551	0.35099317
552	0.33390742
553	0.32858795
554	0.29001216
555	0.30859001
556	0.34567733
557	0.38978393
558	0.36620628
559	0.31929167
560	0.37174826
561	0.32798250
562	0.31853827
563	0.31270450
564	0.25298408
565	0.27372156
566	0.28648325
567	0.35264487
568	0.30665308
569	0.33624739
570	0.28068724
571	0.32418436
572	0.38849810
573	0.33728227
574	0.30943120
575	0.32418586
576	0.27474510
577	0.30577927
578	0.33234167
579	0.31390557
580	0.31234076
581	0.34111998
582	0.32634198
583	0.33199107
584	0.30043436
585	0.32280881
586	0.25962773
587	0.28301130
588	0.31063345
589	0.28955442
590	0.39139645
591	0.36227840
592	0.31930979
593	0.32278882
594	0.36538969
595	0.30571307
596	0.35283006
597	0.29250691
598	0.33620995
599	0.29029238
600	0.30587658
601	0.28082559
602	0.30608033
603	0.34245292
604	0.32165944
605	0.33369605
606	0.30107125
607	0.37404889
608	0.27864348
609	0.30996548
610	0.30995403
611	0.24870877
612	0.33186983
613	0.35316631
614	0.29898835
615	0.28926781
616	0.36177192
617	0.27493487
618	0.33755039
619	0.32809044
620	0.28900632
621	0.36134333
622	0.32382903
623	0.33304159
624	0.30175162
625	0.28526773
626	0.36055008
627	0.33158582
628	0.29544593
629	0.32766351
630	0.36364273
631	0.34048017
632	0.33067322
633	0.35015537
634	0.38400229
635	0.34795715
636	0.32016015
637	0.31985474
638	0.28889198
639	0.23499396
640	0.25694700
641	0.32807433
642	0.35266295
643	0.34327492
644	0.32758476
645	0.31698002
646	0.33810099
647	0.31453246
648	0.36106086
649	0.33040565
650	0.26363045
651	0.34017338
652	0.35273440
653	0.27850399
654	0.28829415
655	0.34992575
656	0.28482852
657	0.31805387
658	0.25870186
659	0.32787650
660	0.29181335
661	0.30302950
662	0.38186165
663	0.40265261
664	0.30658752
665	0.28982891
666	0.29369376
667	0.42307101
668	0.35146252
669	0.32608503
670	0.32147769
671	0.27002642
672	0.34047638
673	0.33406047
674	0.29819803
675	0.31197117
676	0.34067583
677	0.29103167
678	0.30926114
679	0.32839791
680	0.27873286
681	0.31458385
682	0.35022042
683	0.38065190
684	0.30830067
685	0.34431998
686	0.34406813
687	0.29313689
688	0.26072852
689	0.32892030
690	0.36395944
691	0.29596153
692	0.32498570
693	0.25961679
694	0.29557512
695	0.31748574
696	0.29080916
697	0.33491465
698	0.33762342
699	0.32502168
700	0.31509992
701	0.32095770
702	0.31912765
703	0.31839763
704	0.32229980
705	0.33329605
706	0.29791078
707	0.24118033
708	0.29188009
709	0.26751062
710	0.30218590
711	0.30082512
712	0.34701418
713	0.36886149
714	0.23214159
715	0.33353902
716	0.32525036
717	0.22666975
718	0.32416473
719	0.32971288
720	0.26049945
721	0.28530284
722	0.26755521
723	0.26673112
724	0.35422516
725	0.28782263
726	0.40361299
727	0.24683298
728	0.34934720
729	0.28050458
730	0.27718827
731	0.23464467
732	0.31067192
733	0.26926987
734	0.32443274
735	0.27017500
736	0.36967516
737	0.35249467
738	0.36434040
739	0.33450166
740	0.25907172
741	0.31523930
742	0.27095367
743	0.31971548
744	0.28841272
745	0.31771019
746	0.33146027
747	0.27230553
748	0.24829830
749	0.29871205
750	0.24004542
751	0.30828630
752	0.29607283
753	0.34054862
754	0.32762678
755	0.26976797
756	0.34380529
757	0.33145723
758	0.30153195
759	0.29927208
760	0.25710261
761	0.32993258
762	0.28057808
763	0.28646031
764	0.27625849
765	0.29159609
766	0.28297539
767	0.32182247
768	0.28672259
769	0.29850158
770	0.29647374
771	0.24048211
772	0.30102978
773	0.26794913
774	0.35189364
775	0.28118195
776	0.26219929
777	0.30570087
778	0.35855186
779	0.26237946
780	0.34477255
781	0.24573867
782	0.30079171
783	0.33584743
784	0.31160284
785	0.31241386
786	0.30744882
787	0.33527129
788	0.27721410
789	0.30306714
790	0.28660928
791	0.33977314
792	0.27160253
793	0.30447816
794	0.29890502
795	0.28978562
796	0.31518606
797	0.35997310
798	0.28680095
799	0.25213938
800	0.31421517
801	0.23794415
802	0.27722579
803	0.29789684
804	0.31185904
805	0.27196402
806	0.27043013
807	0.29675770
808	0.34744783
809	0.29894032
810	0.24153120
811	0.28289336
812	0.28848776
813	0.28911801
814	0.25730043
815	0.26308164
816	0.29304581
817	0.29336272
818	0.32617634
819	0.32540063
820	0.21470916
821	0.30618867
822	0.23547776
823	0.32410506
824	0.29485881
825	0.28731284
826	0.31891829
827	0.31767480
828	0.33255391
829	0.27459522
830	0.28079269
831	0.28865695
832	0.32838981
833	0.27346758
834	0.26572354
835	0.21933009
836	0.27765355
837	0.27824258
838	0.29561860
839	0.31160664
840	0.24369526
841	0.34100312
842	0.25591339
843	0.26453701
844	0.33780359
845	0.33086742
846	0.26517129
847	0.27494514
848	0.30987978
849	0.26983483
850	0.30679313
851	0.29293669
852	0.32346864
853	0.35227125
854	0.33414862
855	0.34334637
856	0.30795600
857	0.28348009
858	0.23494747
859	0.30636102
860	0.31296765
861	0.28809925
862	0.33061619
863	0.26140363
864	0.29035269
865	0.27847587
866	0.31694186
867	0.33181149
868	0.29310818
869	0.33550154
870	0.24031836
871	0.27282413
872	0.34663748
873	0.24040063
874	0.26677670
875	0.36402488
876	0.32907848
877	0.25519775
878	0.27659929
879	0.33875592
880	0.28823515
881	0.31394897
882	0.36258799
883	0.24894625
884	0.28066501
885	0.26897342
886	0.29088175
887	0.30232393
888	0.26327915
889	0.32343519
890	0.24969905
891	0.30813314
892	0.28146603
893	0.33448732
894	0.28748069
895	0.26170363
896	0.39826560
897	0.35661367
898	0.26295103
899	0.26930103
900	0.30264005
901	0.30138716
902	0.28703282
903	0.29474755
904	0.29226536
905	0.26863006
906	0.27922129
907	0.31664933
908	0.30297346
909	0.26813250
910	0.29765557
911	0.24464818
912	0.26467938
913	0.29680893
914	0.31658081
915	0.35289720
916	0.28952109
917	0.19656145
918	0.23458630
919	0.32919226
920	0.33185371
921	0.24608527
922	0.32845529
923	0.28909637
924	0.26260118
925	0.32309036
926	0.33656426
927	0.31022547
928	0.24297611
929	0.25919676
930	0.22752855
931	0.26385498
932	0.30342180
933	0.29744340
934	0.33170466
935	0.27006552
936	0.27671066
937	0.27893369
938	0.27696003
939	0.29106189
940	0.30905541
941	0.24492109
942	0.25026149
943	0.29130873
944	0.30099368
945	0.26865182
946	0.28844494
947	0.22717235
948	0.20686130
949	0.23589494
950	0.38257117
951	0.28267421
952	0.25890182
953	0.25417480
954	0.30304724
955	0.27868246
956	0.32680920
957	0.29327998
958	0.20047646
959	0.34402374
960	0.26782050
961	0.28531679
962	0.30665269
963	0.27237887
964	0.26271572
965	0.32074289
966	0.33468081
967	0.31262776
968	0.31138614
969	0.32409589
970	0.28977788
971	0.30651114
972	0.34817433
973	0.27775012
974	0.26250893
975	0.30000375
976	0.25383385
977	0.30668788
978	0.23656402
979	0.30725233
980	0.28197508
981	0.29210324
982	0.24581738
983	0.28138507
984	0.25796453
985	0.30979858
986	0.27250924
987	0.26894546
988	0.28892453
989	0.28586315
990	0.26896868
991	0.28909905
992	0.29503799
993	0.29040032
994	0.28137709
995	0.23524716
996	0.29838211
997	0.27999522
998	0.30749076
999	0.26669455
1000	0.29019171
1001	0.27320900
1002	0.26845466
1003	0.30057306
1004	0.26190735
1005	0.29363795
1006	0.26632421
1007	0.30358835
1008	0.23617863
1009	0.33828294
1010	0.29862974
1011	0.31389905
1012	0.22509901
1013	0.27641445
1014	0.29398140
1015	0.30032413
1016	0.27540016
1017	0.29773495
1018	0.34442630
1019	0.23300194
1020	0.32607204
1021	0.26309396
1022	0.27429530
1023	0.29966343
1024	0.32730944
1025	0.24698527
1026	0.29296627
1027	0.32818507
1028	0.25238547
1029	0.24966284
1030	0.28936201
1031	0.26528152
1032	0.27835043
1033	0.27160592
1034	0.22659036
1035	0.27463404
1036	0.24182749
1037	0.30623274
1038	0.32230829
1039	0.28280498
1040	0.24750592
1041	0.26603128
1042	0.23651663
1043	0.24584692
1044	0.23185490
1045	0.28279344
1046	0.25941607
1047	0.32857413
1048	0.30674321
1049	0.23414258
1050	0.27774317
1051	0.27465608
1052	0.27151232
1053	0.31133693
1054	0.24396098
1055	0.29504459
1056	0.27068061
1057	0.26461473
1058	0.19679107
1059	0.27805592
1060	0.32345837
1061	0.28155920
1062	0.23247741
1063	0.27443270
1064	0.31878712
1065	0.24826406
1066	0.27958219
1067	0.23844941
1068	0.27579498
1069	0.29757062
1070	0.27510794
1071	0.25606078
1072	0.34620154
1073	0.33895423
1074	0.24985229
1075	0.29322690
1076	0.28357026
1077	0.26867453
1078	0.29019313
1079	0.26927773
1080	0.27140924
1081	0.29158633
1082	0.32949230
1083	0.28607204
1084	0.28149885
1085	0.31128799
1086	0.28000513
1087	0.24291110
1088	0.29381070
1089	0.33705506
1090	0.25844013
1091	0.25858578
1092	0.33571141
1093	0.31658677
1094	0.28317958
1095	0.26048961
1096	0.29218835
1097	0.25232934
1098	0.30183424
1099	0.30984036
1100	0.31678444
1101	0.25261983
1102	0.30260008
1103	0.31701149
1104	0.28319988
1105	0.31282682
1106	0.31757227
1107	0.25502749
1108	0.23523859
1109	0.24000936
1110	0.25920494
1111	0.28507583
1112	0.30005885
1113	0.29705324
1114	0.24631141
1115	0.25480944
1116	0.26281062
1117	0.30102243
1118	0.25896465
1119	0.28122883
1120	0.26007152
1121	0.31245936
1122	0.30395778
1123	0.25877674
1124	0.24864068
1125	0.31897875
1126	0.25663045
1127	0.25189273
1128	0.33649716
1129	0.27646370
1130	0.29641485
1131	0.26050604
1132	0.33431773
1133	0.24436987
1134	0.28467512
1135	0.26400612
1136	0.28778203
1137	0.29877654
1138	0.27406540
1139	0.25571773
1140	0.24188653
1141	0.25575411
1142	0.27180328
1143	0.29617761
1144	0.26087097
1145	0.23966074
1146	0.28051607
1147	0.27209961
1148	0.31310126
1149	0.27295940
1150	0.23267006
1151	0.30464878
1152	0.28581655
1153	0.25964822
1154	0.27728353
1155	0.23895379
1156	0.23779980
1157	0.24807401
1158	0.26073049
1159	0.28172859
1160	0.25358855
1161	0.22456588
1162	0.32244570
1163	0.26689285
1164	0.22096655
1165	0.29980671
1166	0.29177216
1167	0.27574052
1168	0.27636153
1169	0.27846793
1170	0.25803385
1171	0.27756035
1172	0.29685521
1173	0.23966070
1174	0.26740940
1175	0.27393092
1176	0.25568345
1177	0.23281647
1178	0.32343653
1179	0.28077188
1180	0.29018191
1181	0.25578582
1182	0.23677449
1183	0.26851643
1184	0.25747263
1185	0.27054198
1186	0.24733499
1187	0.25741742
1188	0.27818369
1189	0.23825549
1190	0.31493302
1191	0.27474202
1192	0.23590450
1193	0.28524143
1194	0.29326900
1195	0.30144139
1196	0.27359747
1197	0.23645814
1198	0.27226955
1199	0.28656094
1200	0.25450545
1201	0.28450604
1202	0.25929439
1203	0.33726813
1204	0.24407934
1205	0.25355553
1206	0.23605758
1207	0.26380806
1208	0.32499933
1209	0.25644589
1210	0.23752998
1211	0.27012496
1212	0.28566698
1213	0.20172678
1214	0.28185107
1215	0.28633033
1216	0.27346398
1217	0.24884771
1218	0.22313464
1219	0.24201189
1220	0.23023606
1221	0.26596603
1222	0.24869179
1223	0.28366698
1224	0.29274996
1225	0.28389392
1226	0.26552654
1227	0.23228487
1228	0.24375442
1229	0.32157536
1230	0.29809250
1231	0.23183855
1232	0.26006043
1233	0.26817066
1234	0.24614368
1235	0.26535565
1236	0.28698081
1237	0.21097532
1238	0.23110190
1239	0.25838614
1240	0.25735699
1241	0.19153136
1242	0.30021781
1243	0.24750324
1244	0.24884921
1245	0.27945873
1246	0.23255352
1247	0.31192006
1248	0.25473598
1249	0.30051777
1250	0.22790438
1251	0.25119340
1252	0.28980679
1253	0.23621288
1254	0.27788890
1255	0.25900403
1256	0.22721734
1257	0.27595142
1258	0.30807397
1259	0.29641761
1260	0.30486655
1261	0.29289258
1262	0.21891876
1263	0.21696066
1264	0.25059996
1265	0.31912559
1266	0.29110723
1267	0.24548657
1268	0.24796477
1269	0.25271979
1270	0.24021935
1271	0.28856216
1272	0.26931979
1273	0.28475644
1274	0.26714791
1275	0.30030731
1276	0.24172701
1277	0.25241864
1278	0.24110509
1279	0.30066991
1280	0.26203294
1281	0.25304633
1282	0.26834585
1283	0.24741983
1284	0.24879052
1285	0.27688088
1286	0.31390249
1287	0.27932559
1288	0.35551821
1289	0.23022453
1290	0.30747441
1291	0.26989929
1292	0.23560296
1293	0.25579258
1294	0.24157634
1295	0.28235904
1296	0.22097457
1297	0.29122117
1298	0.28108732
1299	0.24843630
1300	0.24165324
1301	0.21300841
1302	0.26811521
1303	0.23237903
1304	0.21484277
1305	0.29574463
1306	0.27085549
1307	0.31743965
1308	0.24127871
1309	0.29190956
1310	0.22609107
1311	0.24500197
1312	0.25365596
1313	0.26327670
1314	0.27193452
1315	0.21668092
1316	0.29634439
1317	0.28377101
1318	0.29472500
1319	0.23423333
1320	0.25612488
1321	0.27916769
1322	0.25714344
1323	0.29735561
1324	0.23196177
1325	0.23050355
1326	0.30134735
1327	0.21309234
1328	0.31329668
1329	0.25423499
1330	0.24903223
1331	0.24433440
1332	0.32640735
1333	0.23599068
1334	0.27088246
1335	0.28300348
1336	0.22073077
1337	0.21186082
1338	0.28191619
1339	0.28322887
1340	0.25606323
1341	0.23670292
1342	0.29699092
1343	0.27568602
1344	0.21233519
1345	0.27445205
1346	0.30394937
1347	0.19807445
1348	0.25328693
1349	0.33199645
1350	0.28611675
1351	0.23770999
1352	0.25195261
1353	0.22163791
1354	0.23512907
1355	0.21779419
1356	0.19693116
1357	0.29157745
1358	0.29744364
1359	0.22766560
1360	0.25170679
1361	0.28511473
1362	0.25608657
1363	0.28665600
1364	0.22475166
1365	0.22550770
1366	0.25076343
1367	0.22904945
1368	0.25902449
1369	0.20341126
1370	0.21676007
1371	0.24487137
1372	0.30227848
1373	0.23509510
1374	0.25161118
1375	0.21232247
1376	0.25723720
1377	0.28441513
1378	0.33227808
1379	0.23611829
1380	0.22919380
1381	0.27570849
1382	0.22844609
1383	0.23771157
1384	0.24207520
1385	0.28734731
1386	0.30464566
1387	0.24883894
1388	0.30890300
1389	0.23370932
1390	0.29020486
1391	0.23770553
1392	0.29405115
1393	0.23220438
1394	0.23902500
1395	0.23645383
1396	0.25276564
1397	0.23151635
1398	0.27260782
1399	0.26492208
1400	0.24750960
1401	0.21772480
1402	0.22516908
1403	0.25713487
1404	0.23876856
1405	0.25150596
1406	0.25426003
1407	0.27091690
1408	0.23911256
1409	0.26432844
1410	0.25445454
1411	0.25843179
1412	0.26326532
1413	0.26949329
1414	0.21220924
1415	0.34873373
1416	0.26329028
1417	0.24939289
1418	0.28564336
1419	0.26862776
1420	0.29500071
1421	0.21109190
1422	0.26837840
1423	0.23071639
1424	0.21186426
1425	0.24531066
1426	0.20337334
1427	0.23044092
1428	0.23545770
1429	0.28138922
1430	0.24064680
1431	0.20243124
1432	0.25734656
1433	0.26546860
1434	0.22839542
1435	0.24860964
1436	0.26423404
1437	0.22432690
1438	0.29864139
1439	0.21882279
1440	0.23548953
1441	0.26313053
1442	0.21547038
1443	0.27680691
1444	0.25775423
1445	0.26400280
1446	0.24826592
1447	0.29989344
1448	0.25745383
1449	0.24296615
1450	0.25768914
1451	0.32026382
1452	0.26680968
1453	0.23246082
1454	0.27215000
1455	0.28587551
1456	0.25983203
1457	0.23529838
1458	0.29275178
1459	0.32438333
1460	0.23825494
1461	0.21583969
1462	0.25688819
1463	0.28814036
1464	0.28465407
1465	0.25220742
1466	0.24306062
1467	0.22577247
1468	0.25883582
1469	0.23850154
1470	0.27900545
1471	0.22383017
1472	0.22732267
1473	0.22101738
1474	0.23770225
1475	0.24119660
1476	0.31063069
1477	0.20194751
1478	0.27023479
1479	0.28126540
1480	0.22605273
1481	0.25684735
1482	0.22310675
1483	0.23183969
1484	0.30165095
1485	0.22997267
1486	0.29482622
1487	0.25383641
1488	0.22668653
1489	0.23436422
1490	0.20148369
1491	0.22431106
1492	0.25199933
1493	0.24096694
1494	0.23336919
1495	0.24839076
1496	0.24182385
1497	0.21862449
1498	0.27184451
1499	0.21395363
1500	0.24366110
1501	0.23691102
1502	0.27141145
1503	0.24267934
1504	0.26669775
1505	0.21963460
1506	0.25929909
1507	0.22806055
1508	0.26583219
1509	0.27996236
1510	0.24358614
1511	0.27916635
1512	0.21891912
1513	0.22734494
1514	0.21664933
1515	0.23062579
1516	0.23295466
1517	0.24265660
1518	0.24155762
1519	0.29731031
1520	0.19725833
1521	0.21360509
1522	0.27584080
1523	0.27724735
1524	0.29744329
1525	0.22317512
1526	0.19972907
1527	0.24554352
1528	0.22288562
1529	0.22441027
1530	0.22521746
1531	0.20250103
1532	0.25430442
1533	0.28272492
1534	0.21210470
1535	0.23289242
1536	0.25963270
1537	0.25901051
1538	0.25459103
1539	0.25812338
1540	0.30297899
1541	0.31623543
1542	0.25429893
1543	0.25729530
1544	0.24333270
1545	0.22828961
1546	0.24073570
1547	0.28562950
1548	0.26457982
1549	0.28624652
1550	0.22982848
1551	0.21903874
1552	0.25974799
1553	0.22024258
1554	0.22161331
1555	0.24571572
1556	0.21256240
1557	0.25091264
1558	0.24470908
1559	0.30500336
1560	0.23246110
1561	0.28201481
1562	0.26409210
1563	0.28857780
1564	0.24526714
1565	0.24933278
1566	0.23573085
1567	0.25530557
1568	0.20127476
1569	0.20211363
1570	0.26438215
1571	0.23407176
1572	0.26110197
1573	0.23158195
1574	0.19677539
1575	0.28080498
1576	0.24326868
1577	0.24747911
1578	0.20955841
1579	0.22437093
1580	0.25010774
1581	0.24691248
1582	0.21769850
1583	0.24181086
1584	0.22117543
1585	0.22833606
1586	0.21973175
1587	0.23376868
1588	0.22239052
1589	0.23807563
1590	0.27292966
1591	0.22410648
1592	0.24775419
1593	0.20951430
1594	0.23855620
1595	0.26035438
1596	0.22305762
1597	0.24651888
1598	0.24980067
1599	0.21602733
1600	0.21085000
1601	0.29051062
1602	0.20903088
1603	0.22437769
1604	0.18937275
1605	0.23876785
1606	0.20655458
1607	0.21138235
1608	0.27165719
1609	0.25276754
1610	0.22634024
1611	0.26417757
1612	0.23285036
1613	0.25555889
1614	0.27445517
1615	0.22175932
1616	0.27033780
1617	0.25051058
1618	0.23850837
1619	0.24346915
1620	0.23572670
1621	0.24629190
1622	0.22654589
1623	0.27553776
1624	0.21285229
1625	0.25069771
1626	0.21243815
1627	0.25570087
1628	0.22648049
1629	0.20290758
1630	0.23148006
1631	0.25376584
1632	0.27382180
1633	0.27836212
1634	0.27975348
1635	0.22778551
1636	0.24773298
1637	0.21435273
1638	0.22323586
1639	0.22522990
1640	0.25126821
1641	0.26834941
1642	0.19330197
1643	0.23165928
1644	0.26613096
1645	0.24062077
1646	0.22312421
1647	0.24867670
1648	0.25378029
1649	0.23144941
1650	0.25982765
1651	0.25939210
1652	0.23417496
1653	0.26621615
1654	0.27161994
1655	0.25440873
1656	0.25716580
1657	0.22422401
1658	0.26509538
1659	0.25992196
1660	0.23100423
1661	0.24925012
1662	0.23826592
1663	0.22909897
1664	0.19429672
1665	0.22555024
1666	0.29902607
1667	0.28495245
1668	0.22399001
1669	0.20947950
1670	0.30321560
1671	0.26142654
1672	0.26619901
1673	0.24236698
1674	0.21250474
1675	0.27873953
1676	0.27309479
1677	0.20960979
1678	0.20541983
1679	0.22924941
1680	0.22456114
1681	0.21456919
1682	0.22516201
1683	0.26357753
1684	0.21270024
1685	0.25444115
1686	0.22257192
1687	0.24722986
1688	0.26089968
1689	0.22600968
1690	0.24416331
1691	0.23490960
1692	0.21405016
1693	0.27853361
1694	0.25039668
1695	0.24312346
1696	0.21234542
1697	0.22639609
1698	0.21795774
1699	0.25754321
1700	0.21384854
1701	0.24679348
1702	0.23649806
1703	0.25141355
1704	0.22875581
1705	0.26261611
1706	0.18065257
1707	0.19889100
1708	0.25433242
1709	0.24016785
1710	0.21900142
1711	0.18261422
1712	0.22893942
1713	0.21619941
1714	0.26345087
1715	0.23446663
1716	0.29151611
1717	0.23787690
1718	0.22285391
1719	0.24958677
1720	0.23097176
1721	0.21622429
1722	0.25074281
1723	0.27886291
1724	0.18424656
1725	0.26232919
1726	0.24703061
1727	0.24517148
1728	0.24168791
1729	0.21599013
1730	0.23653772
1731	0.22369396
1732	0.22049408
1733	0.23470284
1734	0.23032571
1735	0.25690352
1736	0.22869005
1737	0.25654735
1738	0.20995454
1739	0.23941611
1740	0.21536544
1741	0.27388610
1742	0.22967745
1743	0.22939933
1744	0.24802354
1745	0.27200450
1746	0.25393878
1747	0.19372263
1748	0.21849514
1749	0.25382235
1750	0.25086844
1751	0.23995087
1752	0.23039139
1753	0.24138981
1754	0.27299866
1755	0.24379494
1756	0.21888839
1757	0.22950798
1758	0.21010577
1759	0.22977745
1760	0.23753851
1761	0.25721639
1762	0.23775873
1763	0.23014830
1764	0.22628598
1765	0.21293464
1766	0.19370454
1767	0.24751643
1768	0.23887532
1769	0.25974072
1770	0.25594171
1771	0.25481126
1772	0.19241434
1773	0.22344779
1774	0.25482626
1775	0.22873160
1776	0.23887271
1777	0.25304044
1778	0.21151888
1779	0.22700411
1780	0.21261627
1781	0.26553033
1782	0.22620111
1783	0.25911386
1784	0.19987520
1785	0.24383515
1786	0.24374384
1787	0.22739309
1788	0.23438819
1789	0.26895723
1790	0.20832567
1791	0.21592346
1792	0.26748385
1793	0.24670059
1794	0.23678701
1795	0.25665652
1796	0.25876185
1797	0.20021742
1798	0.26496809
1799	0.25800336
1800	0.23994751
1801	0.27213400
1802	0.27393191
1803	0.23213246
1804	0.24594585
1805	0.23331161
1806	0.24463535
1807	0.25602694
1808	0.23763389
1809	0.20775126
1810	0.22120411
1811	0.26386671
1812	0.22445190
1813	0.23090608
1814	0.24703562
1815	0.26411212
1816	0.22821410
1817	0.26810632
1818	0.23562658
1819	0.21857070
1820	0.25389818
1821	0.30524660
1822	0.27690359
1823	0.23368867
1824	0.23503906
1825	0.27446880
1826	0.23771426
1827	0.22599759
1828	0.23807152
1829	0.22977567
1830	0.22801252
1831	0.23590284
1832	0.19468562
1833	0.29024080
1834	0.25233511
1835	0.23431694
1836	0.23102749
1837	0.20919897
1838	0.27248669
1839	0.19756438
1840	0.21648906
1841	0.23164273
1842	0.27847990
1843	0.24535446
1844	0.26634459
1845	0.19277927
1846	0.20563839
1847	0.29522342
1848	0.21174767
1849	0.22631615
1850	0.26669799
1851	0.20177721
1852	0.26174419
1853	0.21678321
1854	0.20253440
1855	0.24090197
1856	0.23994186
1857	0.22343148
1858	0.23352630
1859	0.22794107
1860	0.23121544
1861	0.23327539
1862	0.22615150
1863	0.21448740
1864	0.28135537
1865	0.20892235
1866	0.25639996
1867	0.26373077
1868	0.21829530
1869	0.21130245
1870	0.26732484
1871	0.25830549
1872	0.21338254
1873	0.26491070
1874	0.26825920
1875	0.20259013
1876	0.25319692
1877	0.23475269
1878	0.21179645
1879	0.21134949
1880	0.22447666
1881	0.18793693
1882	0.24184968
1883	0.22636315
1884	0.23970656
1885	0.25398709
1886	0.27072836
1887	0.21488949
1888	0.19754874
1889	0.24496955
1890	0.25653795
1891	0.21864491
1892	0.23226777
1893	0.24609155
1894	0.20673061
1895	0.18802788
1896	0.23439297
1897	0.21575423
1898	0.21816047
1899	0.25686852
1900	0.20002547
1901	0.20764984
1902	0.22150134
1903	0.20821576
1904	0.18072299
1905	0.20298653
1906	0.21434273
1907	0.22148081
1908	0.21944364
1909	0.22497903
1910	0.18555731
1911	0.27459360
1912	0.25806327
1913	0.24223922
1914	0.23899005
1915	0.23344566
1916	0.23094925
1917	0.22777745
1918	0.19906331
1919	0.21389348
1920	0.22271165
1921	0.19701094
1922	0.18885667
1923	0.21410964
1924	0.24701260
1925	0.22767077
1926	0.22495182
1927	0.25451876
1928	0.23121126
1929	0.21144814
1930	0.22867208
1931	0.23803689
1932	0.24682930
1933	0.19590506
1934	0.26618318
1935	0.22237239
1936	0.24181339
1937	0.22808902
1938	0.22497867
1939	0.21320723
1940	0.22606149
1941	0.23106323
1942	0.24763957
1943	0.24973981
1944	0.26615067
1945	0.20276848
1946	0.21721351
1947	0.23373357
1948	0.22435008
1949	0.23170798
1950	0.22677836
1951	0.18327938
1952	0.18363551
1953	0.20039803
1954	0.22148254
1955	0.20220383
1956	0.21173981
1957	0.23443428
1958	0.24308578
1959	0.27025466
1960	0.22873799
1961	0.22621434
1962	0.22266655
1963	0.24850798
1964	0.20165664
1965	0.24311070
1966	0.24578720
1967	0.21916564
1968	0.26958472
1969	0.25569036
1970	0.24478199
1971	0.23114261
1972	0.22352539
1973	0.23634842
1974	0.23552220
1975	0.23709652
1976	0.20819941
1977	0.19985182
1978	0.24032034
1979	0.20315257
1980	0.20560766
1981	0.20098341
1982	0.19647840
1983	0.24745130
1984	0.23121153
1985	0.23734803
1986	0.19458132
1987	0.25640269
1988	0.22520877
1989	0.21511987
1990	0.18305324
1991	0.25555723
1992	0.24182599
1993	0.20753282
1994	0.21452966
1995	0.24477224
1996	0.19668736
1997	0.22391635
1998	0.21629664
1999	0.28173460
2000	0.25839945
2001	0.19778870
2002	0.22091201
2003	0.24179676
2004	0.20669534
2005	0.17460008
2006	0.21056746
2007	0.23585415
2008	0.21714277
2009	0.21710936
2010	0.19997472
2011	0.21541216
2012	0.21041675
2013	0.24431232
2014	0.24309601
2015	0.23032318
2016	0.25048570
2017	0.23135885
2018	0.21212160
2019	0.25509388
2020	0.21635288
2021	0.25117196
2022	0.21358013
2023	0.22349013
2024	0.22804652
2025	0.22551161
2026	0.23304096
2027	0.24753827
2028	0.24360336
2029	0.21777986
2030	0.22532899
2031	0.20752366
2032	0.23450288
2033	0.22798827
2034	0.23765430
2035	0.22563183
2036	0.23852500
2037	0.25630794
2038	0.26701276
2039	0.23266659
2040	0.29051998
2041	0.22510845
2042	0.22238183
2043	0.19527200
2044	0.24582093
2045	0.17506240
2046	0.21821434
2047	0.19613744
2048	0.20583428
2049	0.23178760
2050	0.23444767
2051	0.25445644
2052	0.26503314
2053	0.24448827
2054	0.21761280
2055	0.24048298
2056	0.20587429
2057	0.19873416
2058	0.22789321
2059	0.20900091
2060	0.21556513
2061	0.19811947
2062	0.20517145
2063	0.20235549
2064	0.17512188
2065	0.21647765
2066	0.19896410
2067	0.22105111
2068	0.23800403
2069	0.20122125
2070	0.21812362
2071	0.22457066
2072	0.20387148
2073	0.19165438
2074	0.19245063
2075	0.21727840
2076	0.26319198
2077	0.23630063
2078	0.22809439
2079	0.19769277
2080	0.24249281
2081	0.25804917
2082	0.22121445
2083	0.20375940
2084	0.22215194
2085	0.23141343
2086	0.24983306
2087	0.23086789
2088	0.25929767
2089	0.19921521
2090	0.21332378
2091	0.20093507
2092	0.21898049
2093	0.18299281
2094	0.24196216
2095	0.22521461
2096	0.22263863
2097	0.22584550
2098	0.25583246
2099	0.24357030
2100	0.22314933
2101	0.20217306
2102	0.22680806
2103	0.22610719
2104	0.20708065
2105	0.18010502
2106	0.19566007
2107	0.18881114
2108	0.24685332
2109	0.17120979
2110	0.19723381
2111	0.23689573
2112	0.22596939
2113	0.21340115
2114	0.21993788
2115	0.22820932
2116	0.24291983
2117	0.21484321
2118	0.24468657
2119	0.27341110
2120	0.24271635
2121	0.24481493
2122	0.25328416
2123	0.22253124
2124	0.19768483
2125	0.19589708
2126	0.25391295
2127	0.18260561
2128	0.23183547
2129	0.23068922
2130	0.21032820
2131	0.23269688
2132	0.22793033
2133	0.21333673
2134	0.27029459
2135	0.18177950
2136	0.23269226
2137	0.26355379
2138	0.15998290
2139	0.23105470
2140	0.22029972
2141	0.21246003
2142	0.23610032
2143	0.22132547
2144	0.24523610
2145	0.23558558
2146	0.22564542
2147	0.20843744
2148	0.25242694
2149	0.22915703
2150	0.20874964
2151	0.22226003
2152	0.23371205
2153	0.22864340
2154	0.23008669
2155	0.19227152
2156	0.18342978
2157	0.21521513
2158	0.26712761
2159	0.21700016
2160	0.27046955
2161	0.22613132
2162	0.19888851
2163	0.20937322
2164	0.19783898
2165	0.20796639
2166	0.24755446
2167	0.19826667
2168	0.19248633
2169	0.19004542
2170	0.23058416
2171	0.25494317
2172	0.23926327
2173	0.19450853
2174	0.20511260
2175	0.20157571
2176	0.24097137
2177	0.20581556
2178	0.24184976
2179	0.23603009
2180	0.22866189
2181	0.25180028
2182	0.22943543
2183	0.20341078
2184	0.24379238
2185	0.23108333
2186	0.25637457
2187	0.25048400
2188	0.18971931
2189	0.21157717
2190	0.21390039
2191	0.19038665
2192	0.26069103
2193	0.23638558
2194	0.22894660
2195	0.20481224
2196	0.23130280
2197	0.24611844
2198	0.22969084
2199	0.22690190
2200	0.21277129
2201	0.21104076
2202	0.21592050
2203	0.18430987
2204	0.22876141
2205	0.20859100
2206	0.20448112
2207	0.23073069
2208	0.20869937
2209	0.18730940
2210	0.22704415
2211	0.20261722
2212	0.21942472
2213	0.19335960
2214	0.17910600
2215	0.18211868
2216	0.23438128
2217	0.21953764
2218	0.22613898
2219	0.21437204
2220	0.24624246
2221	0.21395897
2222	0.17360028
2223	0.24779700
2224	0.23295233
2225	0.23758934
2226	0.23780746
2227	0.23447295
2228	0.23051939
2229	0.20836797
2230	0.24153803
2231	0.23627974
2232	0.21541082
2233	0.23482836
2234	0.22463235
2235	0.23166975
2236	0.25542974
2237	0.18702990
2238	0.18180798
2239	0.22653286
2240	0.21740825
2241	0.20792725
2242	0.20484202
2243	0.20989664
2244	0.23803053
2245	0.23120553
2246	0.21199656
2247	0.17849625
2248	0.22443294
2249	0.20687626
2250	0.18918132
2251	0.16359739
2252	0.20721963
2253	0.23966750
2254	0.25349293
2255	0.19811055
2256	0.22940059
2257	0.21987784
2258	0.20924135
2259	0.20270024
2260	0.23583361
2261	0.18805703
2262	0.21155197
2263	0.20813400
2264	0.26979846
2265	0.22690430
2266	0.27188357
2267	0.23031434
2268	0.17692788
2269	0.21126900
2270	0.19061039
2271	0.22694909
2272	0.20553448
2273	0.19542765
2274	0.20081137
2275	0.20471872
2276	0.21535948
2277	0.19804119
2278	0.20005683
2279	0.20064668
2280	0.22693049
2281	0.21407816
2282	0.21171844
2283	0.21676122
2284	0.20676584
2285	0.17238412
2286	0.17824455
2287	0.23554735
2288	0.19778977
2289	0.26007599
2290	0.22780039
2291	0.18541927
2292	0.18219400
2293	0.21290829
2294	0.22223969
2295	0.22334009
2296	0.22746572
2297	0.19233385
2298	0.19047093
2299	0.24548144
2300	0.22043851
2301	0.14808507
2302	0.21910810
2303	0.23340130
2304	0.18064447
2305	0.20801295
2306	0.24177125
2307	0.19079479
2308	0.20825968
2309	0.21685904
2310	0.24553452
2311	0.24848460
2312	0.20058780
2313	0.21090403
2314	0.25844380
2315	0.22188823
2316	0.20515249
2317	0.21986035
2318	0.21017705
2319	0.19899159
2320	0.21111189
2321	0.20366216
2322	0.20576114
2323	0.19945375
2324	0.25341789
2325	0.18930916
2326	0.19192030
2327	0.25088732
2328	0.21124092
2329	0.20565660
2330	0.20685904
2331	0.23083242
2332	0.18697954
2333	0.18062251
2334	0.23294846
2335	0.19023191
2336	0.16555209
2337	0.22065016
2338	0.20562164
2339	0.18739597
2340	0.19998740
2341	0.23857109
2342	0.22229645
2343	0.19668633
2344	0.18578712
2345	0.19351031
2346	0.21511572
2347	0.21353831
2348	0.23710146
2349	0.23156750
2350	0.23309309
2351	0.20489585
2352	0.18396576
2353	0.20823270
2354	0.19288949
2355	0.23739775
2356	0.18233476
2357	0.22736738
2358	0.21759186
2359	0.20255312
2360	0.19653712
2361	0.26137990
2362	0.24872753
2363	0.24850636
2364	0.20359972
2365	0.21039364
2366	0.22685944
2367	0.19727919
2368	0.22553977
2369	0.22191284
2370	0.24517666
2371	0.23380979
2372	0.23994633
2373	0.19512808
2374	0.22628179
2375	0.20950158
2376	0.20260490
2377	0.23096141
2378	0.22830569
2379	0.16770213
2380	0.20092109
2381	0.22655806
2382	0.19882338
2383	0.20693685
2384	0.22883981
2385	0.16990344
2386	0.21599826
2387	0.20500995
2388	0.22976023
2389	0.21944593
2390	0.17706694
2391	0.20283878
2392	0.21403160
2393	0.21702366
2394	0.17376189
2395	0.19576189
2396	0.24977769
2397	0.17562295
2398	0.20500182
2399	0.20640904
2400	0.22272836
2401	0.25070506
2402	0.23547097
2403	0.18914609
2404	0.17514542
2405	0.19299885
2406	0.20394388
2407	0.24840723
2408	0.24791169
2409	0.20339258
2410	0.22738669
2411	0.21330403
2412	0.21344522
2413	0.25878160
2414	0.21177251
2415	0.15348290
2416	0.21681750
2417	0.20463057
2418	0.20460067
2419	0.21919056
2420	0.22213183
2421	0.22674747
2422	0.19183795
2423	0.22023104
2424	0.19839526
2425	0.23010565
2426	0.16436777
2427	0.21537070
2428	0.22431066
2429	0.22654202
2430	0.20327986
2431	0.19878140
2432	0.21224688
2433	0.19124336
2434	0.25642737
2435	0.22280379
2436	0.21738009
2437	0.25333081
2438	0.19071607
2439	0.22996355
2440	0.18398637
2441	0.17676465
2442	0.20399961
2443	0.19739767
2444	0.22393851
2445	0.21044293
2446	0.20922160
2447	0.23216157
2448	0.23021335
2449	0.22274534
2450	0.22471363
2451	0.20390608
2452	0.23483203
2453	0.22424581
2454	0.19223953
2455	0.19827658
2456	0.19395533
2457	0.21651536
2458	0.19008728
2459	0.17153780
2460	0.19966943
2461	0.24949542
2462	0.19711291
2463	0.20664329
2464	0.19314313
2465	0.20494175
2466	0.22525991
2467	0.20976588
2468	0.18563029
2469	0.20977168
2470	0.20283037
2471	0.22213527
2472	0.19894538
2473	0.20026442
2474	0.19617255
2475	0.20014427
2476	0.22180506
2477	0.24809021
2478	0.18183408
2479	0.20419289
2480	0.21417895
2481	0.19566690
2482	0.19790829
2483	0.17378124
2484	0.18750486
2485	0.19092733
2486	0.20554554
2487	0.20777583
2488	0.21446710
2489	0.21510972
2490	0.26381896
2491	0.22319246
2492	0.21529273
2493	0.24383645
2494	0.22078677
2495	0.18332559
2496	0.21013057
2497	0.23652618
2498	0.24865269
2499	0.20431892
2500	0.19177050
2501	0.20592464
2502	0.19559660
2503	0.18093637
2504	0.18821702
2505	0.21472725
2506	0.20677350
2507	0.23432137
2508	0.17233373
2509	0.19529562
2510	0.18860186
2511	0.20842551
2512	0.23755936
2513	0.16539901
2514	0.24642950
2515	0.20184787
2516	0.20612275
2517	0.18920146
2518	0.19472504
2519	0.23521434
2520	0.17928519
2521	0.22309352
2522	0.19952721
2523	0.18325588
2524	0.20105442
2525	0.19320723
2526	0.18513942
2527	0.19040363
2528	0.21226209
2529	0.21980723
2530	0.17797362
2531	0.20908250
2532	0.19513626
2533	0.24274510
2534	0.24743859
2535	0.18352536
2536	0.19424182
2537	0.16743321
2538	0.15410968
2539	0.25094384
2540	0.21633649
2541	0.23592591
2542	0.20226137
2543	0.19988112
2544	0.18768337
2545	0.21967070
2546	0.25590051
2547	0.21682776
2548	0.18226023
2549	0.21758870
2550	0.19107532
2551	0.23137180
2552	0.23387133
2553	0.19664479
2554	0.18806738
2555	0.20134013
2556	0.18011272
2557	0.21956631
2558	0.20204676
2559	0.22081931
2560	0.24350126
2561	0.22543614
2562	0.21093472
2563	0.19942318
2564	0.20811094
2565	0.19565774
2566	0.20549309
2567	0.22586169
2568	0.17626963
2569	0.21652362
2570	0.19748835
2571	0.17887607
2572	0.22449139
2573	0.20952603
2574	0.21890991
2575	0.17760158
2576	0.22106157
2577	0.20950197
2578	0.24284206
2579	0.20240715
2580	0.23568744
2581	0.20687520
2582	0.19577176
2583	0.20357547
2584	0.18585138
2585	0.16576931
2586	0.20220509
2587	0.21083705
2588	0.21158630
2589	0.20166904
2590	0.21468183
2591	0.23087682
2592	0.22273250
2593	0.20794929
2594	0.23490478
2595	0.23504676
2596	0.21506355
2597	0.20757006
2598	0.20542405
2599	0.20436726
2600	0.21948768
2601	0.21049763
2602	0.21652555
2603	0.19934534
2604	0.20059842
2605	0.21638740
2606	0.20987014
2607	0.17481232
2608	0.18605893
2609	0.20576295
2610	0.20038104
2611	0.16959621
2612	0.20963381
2613	0.19166560
2614	0.18112480
2615	0.19779281
2616	0.19529799
2617	0.24127583
2618	0.17597579
2619	0.19394680
2620	0.19371110
2621	0.15393894
2622	0.19444984
2623	0.20423641
2624	0.22913874
2625	0.20219976
2626	0.22489692
2627	0.19213558
2628	0.19985079
2629	0.25387457
2630	0.18606801
2631	0.23264419
2632	0.20029905
2633	0.19782010
2634	0.17997990
2635	0.17700111
2636	0.17129080
2637	0.18583716
2638	0.20410553
2639	0.19859949
2640	0.22006477
2641	0.20584368
2642	0.20469202
2643	0.21013543
2644	0.22645261
2645	0.25904870
2646	0.22694218
2647	0.23533416
2648	0.20585249
2649	0.21804135
2650	0.20865336
2651	0.24199198
2652	0.18457776
2653	0.20189017
2654	0.20371690
2655	0.19908037
2656	0.21487310
2657	0.18425806
2658	0.20025972
2659	0.19351414
2660	0.16370806
2661	0.21879032
2662	0.20448590
2663	0.21212413
2664	0.16966979
2665	0.22381675
2666	0.21005367
2667	0.21351149
2668	0.21579648
2669	0.22139988
2670	0.20124202
2671	0.21939585
2672	0.22695403
2673	0.18223128
2674	0.16398886
2675	0.23042867
2676	0.18437848
2677	0.18368523
2678	0.19548902
2679	0.22159186
2680	0.16148602
2681	0.21240545
2682	0.21980387
2683	0.22109348
2684	0.17147603
2685	0.18479554
2686	0.23577113
2687	0.22001718
2688	0.18850004
2689	0.17981418
2690	0.18547697
2691	0.22559538
2692	0.21303349
2693	0.20370359
2694	0.25358511
2695	0.24192903
2696	0.20747243
2697	0.21138183
2698	0.20314684
2699	0.19598025
2700	0.20380561
2701	0.17526560
2702	0.21354609
2703	0.20304731
2704	0.20868041
2705	0.20830509
2706	0.20598859
2707	0.21382275
2708	0.20476307
2709	0.24098116
2710	0.19639423
2711	0.22980024
2712	0.19355197
2713	0.20918705
2714	0.21564601
2715	0.21897773
2716	0.20680739
2717	0.19682006
2718	0.20244356
2719	0.19826817
2720	0.17868681
2721	0.22765644
2722	0.24943851
2723	0.25052145
2724	0.23436220
2725	0.17025976
2726	0.20335628
2727	0.21322528
2728	0.18202824
2729	0.19226406
2730	0.18548748
2731	0.22668385
2732	0.18611671
2733	0.19301418
2734	0.22918622
2735	0.17040979
2736	0.20141730
2737	0.21156991
2738	0.20831588
2739	0.18192397
2740	0.24791477
2741	0.16391442
2742	0.21619502
2743	0.21794542
2744	0.20107658
2745	0.19653235
2746	0.19969226
2747	0.20192773
2748	0.18508420
2749	0.24175553
2750	0.18988397
2751	0.19445711
2752	0.19545430
2753	0.18303543
2754	0.16248235
2755	0.18172658
2756	0.19806805
2757	0.22347204
2758	0.19468942
2759	0.18430873
2760	0.19283179
2761	0.22336979
2762	0.18675328
2763	0.20032303
2764	0.17995122
2765	0.22133515
2766	0.20763811
2767	0.20872701
2768	0.18278412
2769	0.20271912
2770	0.20294459
2771	0.20745983
2772	0.20205549
2773	0.21843219
2774	0.20293665
2775	0.22317484
2776	0.19049803
2777	0.18032575
2778	0.24246694
2779	0.21988614
2780	0.23239566
2781	0.19140016
2782	0.20935024
2783	0.17299313
2784	0.20940363
2785	0.20605498
2786	0.17687097
2787	0.17459585
2788	0.20460004
2789	0.22513535
2790	0.19978120
2791	0.20620359
2792	0.22624487
2793	0.23926299
2794	0.19409783
2795	0.16784348
2796	0.22551402
2797	0.19191394
2798	0.21454096
2799	0.16677002
2800	0.23197508
2801	0.19568120
2802	0.24317267
2803	0.23987773
2804	0.17955944
2805	0.24854996
2806	0.20902306
2807	0.18661236
2808	0.23667172
2809	0.21099230
2810	0.26637464
2811	0.18574645
2812	0.20114775
2813	0.18868653
2814	0.20345908
2815	0.20102571
2816	0.23373333
2817	0.18957903
2818	0.17276434
2819	0.19577737
2820	0.23116623
2821	0.17537318
2822	0.17256635
2823	0.18086781
2824	0.20533977
2825	0.17541868
2826	0.17628878
2827	0.18871078
2828	0.18830454
2829	0.19323902
2830	0.20380660
2831	0.19010667
2832	0.19558736
2833	0.19449313
2834	0.21632942
2835	0.16293732
2836	0.22102346
2837	0.16916430
2838	0.19656122
2839	0.20387524
2840	0.19916303
2841	0.19471410
2842	0.19440130
2843	0.21660020
2844	0.17368531
2845	0.17812678
2846	0.23800115
2847	0.19565983
2848	0.22984858
2849	0.19711378
2850	0.21370474
2851	0.19976821
2852	0.20228250
2853	0.19448752
2854	0.19531457
2855	0.20708487
2856	0.22132318
2857	0.19098069
2858	0.18797903
2859	0.18831805
2860	0.22561939
2861	0.18851588
2862	0.19310731
2863	0.19695620
2864	0.17103365
2865	0.17970107
2866	0.20883053
2867	0.23153657
2868	0.20295640
2869	0.19689921
2870	0.21133732
2871	0.19527200
2872	0.16152224
2873	0.18473298
2874	0.19259933
2875	0.17378689
2876	0.19824755
2877	0.16064747
2878	0.22476509
2879	0.22320280
2880	0.23563033
2881	0.21271414
2882	0.19044605
2883	0.19418491
2884	0.24920628
2885	0.18406998
2886	0.18404633
2887	0.19934159
2888	0.18586252
2889	0.20076114
2890	0.21150091
2891	0.21300608
2892	0.16778404
2893	0.21259834
2894	0.19402848
2895	0.19575328
2896	0.21536457
2897	0.18359854
2898	0.22167239
2899	0.24098693
2900	0.17530178
2901	0.20766789
2902	0.20570371
2903	0.20385869
2904	0.21967409
2905	0.22322500
2906	0.20686122
2907	0.17857895
2908	0.19944593
2909	0.15204254
2910	0.16647326
2911	0.20739822
2912	0.18816299
2913	0.21609522
2914	0.18768183
2915	0.18878460
2916	0.17039716
2917	0.21936110
2918	0.20434538
2919	0.22761825
2920	0.18168393
2921	0.21013057
2922	0.17560703
2923	0.25667749
2924	0.22101659
2925	0.18609372
2926	0.17855407
2927	0.19332393
2928	0.20295308
2929	0.20564996
2930	0.16892753
2931	0.18673965
2932	0.20032780
2933	0.19404273
2934	0.20438381
2935	0.17608246
2936	0.20743681
2937	0.20196607
2938	0.19005134
2939	0.20635782
2940	0.19880600
2941	0.15103187
2942	0.20490746
2943	0.19978337
2944	0.16642741
2945	0.17238274
2946	0.22294810
2947	0.24197334
2948	0.19228199
2949	0.20353649
2950	0.18623535
2951	0.19729336
2952	0.18551149
2953	0.20131809
2954	0.22346840
2955	0.23506430
2956	0.15519755
2957	0.22339313
2958	0.17596738
2959	0.18848934
2960	0.20171153
2961	0.20440612
2962	0.20993495
2963	0.21423649
2964	0.18282322
2965	0.19323633
2966	0.19716682
2967	0.20389534
2968	0.23021355
2969	0.17019072
2970	0.17311532
2971	0.21251280
2972	0.21249404
2973	0.22212713
2974	0.17284522
2975	0.16078420
2976	0.16773424
2977	0.17017757
2978	0.19360170
2979	0.21945498
2980	0.17665008
2981	0.18506224
2982	0.19657239
2983	0.20708148
2984	0.19293535
2985	0.17738661
2986	0.17926264
2987	0.19244431
2988	0.14547089
2989	0.20305367
2990	0.19719238
2991	0.19178160
2992	0.20744506
2993	0.18630774
2994	0.18920186
2995	0.22757863
2996	0.20159656
2997	0.19142243
2998	0.18734984
2999	0.18092670
3000	0.21400016
3001	0.22065509
3002	0.17703776
3003	0.20422184
3004	0.18457626
3005	0.19598108
3006	0.15448235
3007	0.18176793
3008	0.21399668
3009	0.16488626
3010	0.17515873
3011	0.18767089
3012	0.19940083
3013	0.19430249
3014	0.19731809
3015	0.25810075
3016	0.18121434
3017	0.19333910
3018	0.20652437
3019	0.18625750
3020	0.19022145
3021	0.20931821
3022	0.21044858
3023	0.16860671
3024	0.21181998
3025	0.18714712
3026	0.19343863
3027	0.18752697
3028	0.21105857
3029	0.16905075
3030	0.22113077
3031	0.19480711
3032	0.21744297
3033	0.18220616
3034	0.17826137
3035	0.20913274
3036	0.17842101
3037	0.19954009
3038	0.17760419
3039	0.20468424
3040	0.19134013
3041	0.22140762
3042	0.19337089
3043	0.21688712
3044	0.20059806
3045	0.21952852
3046	0.18304494
3047	0.24292776
3048	0.16154775
3049	0.16242745
3050	0.19893645
3051	0.17788239
3052	0.18328669
3053	0.19112263
3054	0.20669198
3055	0.18370324
3056	0.16992239
3057	0.22083780
3058	0.17869036
3059	0.20189269
3060	0.19582942
3061	0.18236935
3062	0.19462820
3063	0.20971303
3064	0.21610000
3065	0.17449056
3066	0.18868902
3067	0.17982966
3068	0.20215525
3069	0.21890296
3070	0.19677784
3071	0.20765162
3072	0.20794783
3073	0.20139862
3074	0.20530553
3075	0.20242034
3076	0.18016682
3077	0.21304040
3078	0.21243906
3079	0.18535956
3080	0.21628491
3081	0.21367105
3082	0.20501821
3083	0.17597532
3084	0.20597208
3085	0.21176994
3086	0.18002413
3087	0.21789032
3088	0.24321742
3089	0.21669510
3090	0.20315391
3091	0.18133365
3092	0.16532141
3093	0.16999376
3094	0.17532792
3095	0.19262962
3096	0.20633116
3097	0.18513776
3098	0.19001572
3099	0.19095371
3100	0.19365924
3101	0.16470723
3102	0.21155585
3103	0.17744629
3104	0.14822816
3105	0.19764759
3106	0.20871959
3107	0.23280742
3108	0.19867690
3109	0.17006769
3110	0.20049613
3111	0.21183081
3112	0.18198610
3113	0.19688503
3114	0.19355845
3115	0.19386773
3116	0.18573061
3117	0.19335533
3118	0.21624735
3119	0.19383377
3120	0.14939451
3121	0.22659348
3122	0.18500032
3123	0.18913701
3124	0.21415794
3125	0.21988870
3126	0.16294214
3127	0.19745233
3128	0.19493803
3129	0.17991319
3130	0.20163705
3131	0.17337433
3132	0.17122974
3133	0.20031331
3134	0.19884735
3135	0.19332464
3136	0.21010296
3137	0.21047773
3138	0.20204558
3139	0.19034953
3140	0.17304708
3141	0.18361493
3142	0.18605900
3143	0.20709175
3144	0.16715138
3145	0.20135624
3146	0.17679005
3147	0.17841453
3148	0.20584479
3149	0.23003325
3150	0.19671690
3151	0.20220174
3152	0.21499783
3153	0.19841872
3154	0.20605430
3155	0.20583930
3156	0.19663867
3157	0.19246363
3158	0.20164001
3159	0.23341915
3160	0.18494443
3161	0.22425328
3162	0.23883187
3163	0.18768448
3164	0.20657697
3165	0.16888266
3166	0.20233144
3167	0.16630450
3168	0.19706860
3169	0.21593515
3170	0.18618262
3171	0.20097927
3172	0.18876422
3173	0.18745956
3174	0.19753523
3175	0.21643918
3176	0.20265525
3177	0.14775604
3178	0.17639554
3179	0.21600209
3180	0.20961426
3181	0.18554648
3182	0.18747073
3183	0.19576513
3184	0.18290150
3185	0.20011750
3186	0.15143219
3187	0.17526090
3188	0.20205166
3189	0.20454380
3190	0.20598807
3191	0.17332547
3192	0.20417863
3193	0.18725482
3194	0.18947701
3195	0.19811489
3196	0.19380719
3197	0.19457034
3198	0.18781651
3199	0.18371568
3200	0.16960979
3201	0.16490821
3202	0.17124372
3203	0.20330008
3204	0.17515103
3205	0.18387176
3206	0.19278685
3207	0.22602441
3208	0.18781860
3209	0.22282713
3210	0.20695265
3211	0.19907512
3212	0.21094423
3213	0.18144092
3214	0.17401690
3215	0.21970474
3216	0.16826679
3217	0.18714103
3218	0.18001690
3219	0.17869724
3220	0.20966295
3221	0.15353013
3222	0.15887828
3223	0.20532603
3224	0.19976205
3225	0.19110486
3226	0.22296994
3227	0.20988515
3228	0.16624080
3229	0.20409194
3230	0.20702405
3231	0.15875276
3232	0.19781963
3233	0.15350466
3234	0.20960067
3235	0.16755991
3236	0.18425118
3237	0.20272453
3238	0.22959415
3239	0.16699435
3240	0.18555288
3241	0.17801781
3242	0.18372998
3243	0.16581659
3244	0.17147662
3245	0.17142800
3246	0.21168701
3247	0.17237216
3248	0.20754115
3249	0.19595979
3250	0.19023839
3251	0.16722129
3252	0.22365877
3253	0.19421659
3254	0.17770265
3255	0.19338195
3256	0.21337583
3257	0.17553566
3258	0.23250423
3259	0.22486690
3260	0.18890628
3261	0.19772543
3262	0.17709668
3263	0.18785944
3264	0.21685841
3265	0.20204755
3266	0.20083740
3267	0.18216461
3268	0.22938318
3269	0.19360276
3270	0.19620146
3271	0.18781975
3272	0.14625940
3273	0.17438152
3274	0.20261540
3275	0.17864313
3276	0.18670660
3277	0.16317378
3278	0.19751852
3279	0.18889692
3280	0.21138701
3281	0.20249577
3282	0.18530585
3283	0.16692239
3284	0.20117567
3285	0.17105280
3286	0.25232820
3287	0.18619791
3288	0.16102725
3289	0.17719340
3290	0.20967934
3291	0.18153404
3292	0.19640869
3293	0.20040284
3294	0.20229005
3295	0.18442694
3296	0.16819396
3297	0.19248906
3298	0.21110976
3299	0.18057903
3300	0.18266923
3301	0.17316927
3302	0.18761596
3303	0.20178523
3304	0.16229392
3305	0.20246821
3306	0.20492725
3307	0.17337073
3308	0.18835979
3309	0.18173886
3310	0.17699716
3311	0.19030079
3312	0.18906884
3313	0.16770679
3314	0.19229534
3315	0.19796829
3316	0.19995790
3317	0.15727891
3318	0.20936236
3319	0.14515233
3320	0.17718009
3321	0.16866272
3322	0.20634060
3323	0.19354893
3324	0.16888100
3325	0.20629656
3326	0.18281659
3327	0.18723424
3328	0.18985201
3329	0.19500043
3330	0.17657579
3331	0.15553002
3332	0.21359739
3333	0.17887891
3334	0.18022330
3335	0.18214214
3336	0.20224321
3337	0.17968681
3338	0.20129317
3339	0.17757184
3340	0.22385731
3341	0.16851118
3342	0.18002749
3343	0.19133444
3344	0.21502717
3345	0.16595269
3346	0.22108329
3347	0.22175857
3348	0.17788424
3349	0.18508930
3350	0.16397626
3351	0.17766852
3352	0.21123495
3353	0.17598171
3354	0.18630916
3355	0.17563041
3356	0.20076331
3357	0.17993262
3358	0.18369862
3359	0.18108661
3360	0.19589388
3361	0.19305616
3362	0.18495628
3363	0.17002251
3364	0.16427374
3365	0.19639364
3366	0.22456714
3367	0.16172532
3368	0.20495616
3369	0.20572156
3370	0.19604609
3371	0.18059601
3372	0.18967346
3373	0.19488523
3374	0.19602666
3375	0.20982263
3376	0.17020782
3377	0.18507204
3378	0.18661145
3379	0.17113341
3380	0.19969372
3381	0.21667397
3382	0.17091746
3383	0.20167145
3384	0.22147476
3385	0.18447468
3386	0.19166611
3387	0.18006801
3388	0.18229017
3389	0.18262998
3390	0.21263780
3391	0.17827152
3392	0.20011765
3393	0.17661722
3394	0.16524913
3395	0.19818321
3396	0.18007512
3397	0.17152196
3398	0.15047346
3399	0.17914996
3400	0.17357753
3401	0.18206453
3402	0.20916552
3403	0.20279755
3404	0.19729336
3405	0.19264368
3406	0.17713456
3407	0.20560758
3408	0.19776062
3409	0.19964791
3410	0.18153242
3411	0.23662496
3412	0.15687571
3413	0.18229874
3414	0.18303641
3415	0.16983057
3416	0.19203424
3417	0.16911118
3418	0.20372859
3419	0.17322966
3420	0.15760853
3421	0.19332243
3422	0.17152919
3423	0.16322046
3424	0.16602741
3425	0.15026987
3426	0.18963993
3427	0.18819360
3428	0.18784305
3429	0.15701114
3430	0.16369119
3431	0.18656998
3432	0.18456398
3433	0.20747212
3434	0.19164265
3435	0.18991240
3436	0.19402496
3437	0.16088065
3438	0.19251177
3439	0.17445912
3440	0.17130363
3441	0.15996007
3442	0.16586098
3443	0.16163788
3444	0.19963626
3445	0.17131374
3446	0.20547915
3447	0.19416880
3448	0.18078898
3449	0.18550707
3450	0.20404850
3451	0.15846047
3452	0.19146090
3453	0.22912255
3454	0.19112618
3455	0.16269360
3456	0.20566465
3457	0.20989874
3458	0.15145940
3459	0.18944036
3460	0.15908381
3461	0.17743645
3462	0.20446955
3463	0.18169277
3464	0.20549415
3465	0.19186710
3466	0.18682547
3467	0.19076998
3468	0.18767429
3469	0.17641414
3470	0.17237701
3471	0.18970916
3472	0.21259510
3473	0.17311872
3474	0.19209925
3475	0.15407942
3476	0.18185873
3477	0.15541698
3478	0.18785675
3479	0.17904265
3480	0.21194265
3481	0.17222765
3482	0.19176189
3483	0.19741374
3484	0.18305762
3485	0.19819791
3486	0.17522382
3487	0.21656971
3488	0.20781205
3489	0.20142579
3490	0.17418065
3491	0.15887773
3492	0.21047520
3493	0.16536856
3494	0.17334285
3495	0.21432374
3496	0.20424084
3497	0.20922998
3498	0.20973160
3499	0.18675391
3500	0.19651090
3501	0.16865363
3502	0.20897690
3503	0.18127121
3504	0.18649214
3505	0.18944190
3506	0.18468898
3507	0.19317310
3508	0.19631485
3509	0.20700904
3510	0.19251726
3511	0.18777547
3512	0.20933187
3513	0.16931702
3514	0.17144479
3515	0.17709968
3516	0.18021319
3517	0.17611189
3518	0.16379427
3519	0.15002769
3520	0.18088547
3521	0.14938286
3522	0.19415999
3523	0.18211888
3524	0.20645043
3525	0.16293361
3526	0.19157808
3527	0.18334727
3528	0.20107409
3529	0.19746189
3530	0.18431394
3531	0.17816690
3532	0.19142085
3533	0.18544664
3534	0.20465944
3535	0.18396615
3536	0.16127472
3537	0.17682212
3538	0.18866193
3539	0.18272658
3540	0.16972117
3541	0.19222018
3542	0.18907800
3543	0.16293705
3544	0.15854060
3545	0.19953918
3546	0.20255008
3547	0.16451137
3548	0.15660118
3549	0.22443361
3550	0.16084475
3551	0.17655999
3552	0.17934254
3553	0.16533547
3554	0.13597891
3555	0.19433227
3556	0.18474222
3557	0.18766615
3558	0.19527919
3559	0.19367615
3560	0.20630636
3561	0.21256607
3562	0.19317275
3563	0.17569360
3564	0.21700292
3565	0.15848389
3566	0.18057650
3567	0.19688914
3568	0.19038712
3569	0.15935513
3570	0.18970047
3571	0.17540786
3572	0.15987504
3573	0.20553179
3574	0.21216718
3575	0.19015249
3576	0.14288768
3577	0.19741070
3578	0.18409044
3579	0.18205999
3580	0.16640596
3581	0.20051611
3582	0.17937251
3583	0.18820032
3584	0.19678551
3585	0.19800837
3586	0.21841813
3587	0.17121710
3588	0.17291141
3589	0.17356983
3590	0.18253231
3591	0.19539664
3592	0.19942654
3593	0.18201611
3594	0.19646141
3595	0.21120008
3596	0.17832133
3597	0.17532006
3598	0.17280383
3599	0.18220877
3600	0.15405304
3601	0.19820987
3602	0.19605814
3603	0.18022089
3604	0.18588049
3605	0.15861094
3606	0.17602188
3607	0.17467224
3608	0.14522551
3609	0.19134376
3610	0.19402907
3611	0.19832401
3612	0.15237575
3613	0.20565912
3614	0.18497338
3615	0.20042654
3616	0.21191509
3617	0.18483831
3618	0.17360430
3619	0.18309889
3620	0.19946730
3621	0.19191623
3622	0.19667453
3623	0.21542405
3624	0.18048302
3625	0.18902160
3626	0.18617974
3627	0.19649530
3628	0.22097780
3629	0.18656813
3630	0.20909775
3631	0.17897571
3632	0.19230987
3633	0.13448641
3634	0.17216457
3635	0.19003290
3636	0.19041548
3637	0.15759076
3638	0.16999242
3639	0.19228590
3640	0.18026288
3641	0.16229882
3642	0.16016765
3643	0.16050312
3644	0.15955454
3645	0.16698756
3646	0.16195162
3647	0.20562433
3648	0.16309676
3649	0.16194502
3650	0.17998112
3651	0.18962164
3652	0.17581090
3653	0.20726031
3654	0.18818685
3655	0.16408420
3656	0.20578728
3657	0.18354246
3658	0.16387334
3659	0.22002516
3660	0.21181315
3661	0.18503278
3662	0.22610529
3663	0.19180308
3664	0.14572911
3665	0.16429601
3666	0.16970956
3667	0.17426228
3668	0.17164652
3669	0.21552318
3670	0.17351746
3671	0.20626015
3672	0.20140107
3673	0.16590833
3674	0.19599301
3675	0.21656031
3676	0.21744400
3677	0.19593566
3678	0.15082646
3679	0.16562895
3680	0.20742508
3681	0.18944771
3682	0.18487137
3683	0.19393211
3684	0.18474147
3685	0.21052243
3686	0.15070371
3687	0.17657990
3688	0.16349648
3689	0.18789605
3690	0.17568294
3691	0.23425742
3692	0.17001998
3693	0.14227907
3694	0.21065533
3695	0.19431694
3696	0.18047927
3697	0.15423152
3698	0.17330683
3699	0.17873144
3700	0.20722125
3701	0.17417251
3702	0.16416742
3703	0.19660976
3704	0.17645130
3705	0.20350616
3706	0.17416773
3707	0.18863491
3708	0.19201489
3709	0.18382034
3710	0.18851651
3711	0.21775810
3712	0.18834921
3713	0.17213499
3714	0.19567571
3715	0.14972480
3716	0.18061410
3717	0.19122682
3718	0.17933207
3719	0.19963341
3720	0.18696288
3721	0.17773740
3722	0.15393519
3723	0.21595897
3724	0.18351489
3725	0.17215865
3726	0.18234404
3727	0.16344866
3728	0.15714878
3729	0.17051181
3730	0.16352192
3731	0.15227741
3732	0.19070115
3733	0.16070359
3734	0.16623803
3735	0.21589092
3736	0.17719336
3737	0.19684325
3738	0.21720987
3739	0.16772611
3740	0.18093124
3741	0.16641288
3742	0.19825427
3743	0.15994984
3744	0.16642397
3745	0.19792520
3746	0.19713487
3747	0.16240999
3748	0.17736607
3749	0.16786062
3750	0.18759502
3751	0.16846220
3752	0.16812212
3753	0.15153337
3754	0.18901588
3755	0.18893823
3756	0.17867788
3757	0.20746576
3758	0.17900020
3759	0.18055201
3760	0.19191663
3761	0.17859822
3762	0.19326323
3763	0.18395735
3764	0.19309538
3765	0.21739743
3766	0.20769309
3767	0.19974301
3768	0.17499356
3769	0.20692125
3770	0.17544814
3771	0.16763827
3772	0.19200735
3773	0.18180707
3774	0.17849064
3775	0.17549333
3776	0.19643870
3777	0.15341631
3778	0.17485849
3779	0.21833697
3780	0.15881698
3781	0.15137938
3782	0.18304412
3783	0.20637058
3784	0.14940423
3785	0.18982990
3786	0.17431793
3787	0.17596813
3788	0.17292804
3789	0.19016923
3790	0.17854605
3791	0.14999032
3792	0.16797326
3793	0.17165130
3794	0.18431177
3795	0.21604088
3796	0.17464767
3797	0.22207713
3798	0.17831130
3799	0.17864573
3800	0.18292077
3801	0.18786821
3802	0.18284423
3803	0.19349854
3804	0.14469700
3805	0.17567160
3806	0.20637208
3807	0.13647358
3808	0.18369036
3809	0.16696726
3810	0.19594190
3811	0.21146726
3812	0.18545375
3813	0.17511509
3814	0.16949222
3815	0.21826169
3816	0.15183148
3817	0.16626453
3818	0.19700257
3819	0.15556856
3820	0.18575249
3821	0.17502010
3822	0.19780249
3823	0.21041212
3824	0.19071809
3825	0.18335537
3826	0.22242883
3827	0.19651967
3828	0.21003795
3829	0.18402038
3830	0.19180051
3831	0.16417156
3832	0.16508258
3833	0.16795470
3834	0.15768021
3835	0.13806232
3836	0.17895656
3837	0.19023345
3838	0.18647788
3839	0.17091813
3840	0.18492863
3841	0.16576386
3842	0.18303776
3843	0.13930612
3844	0.19321923
3845	0.18214352
3846	0.17891406
3847	0.16803973
3848	0.17834135
3849	0.19391244
3850	0.17725028
3851	0.15800205
3852	0.16884712
3853	0.20735652
3854	0.16302322
3855	0.18108618
3856	0.16943973
3857	0.17380794
3858	0.20737532
3859	0.15039850
3860	0.17444775
3861	0.16031540
3862	0.18151971
3863	0.16854238
3864	0.15906311
3865	0.16370972
3866	0.17011765
3867	0.15506607
3868	0.17376141
3869	0.19219961
3870	0.19488507
3871	0.19223321
3872	0.16968164
3873	0.19643365
3874	0.16646244
3875	0.16246232
3876	0.16669704
3877	0.17343077
3878	0.16967077
3879	0.18758341
3880	0.17467251
3881	0.16191047
3882	0.17596027
3883	0.17971248
3884	0.21326821
3885	0.15354510
3886	0.15181193
3887	0.18015660
3888	0.17063914
3889	0.18295770
3890	0.16265324
3891	0.17830269
3892	0.20848104
3893	0.18521126
3894	0.17369901
3895	0.17103823
3896	0.17567579
3897	0.16562346
3898	0.17484988
3899	0.17407022
3900	0.20192907
3901	0.16180561
3902	0.18095099
3903	0.18437267
3904	0.16491896
3905	0.19054032
3906	0.16911453
3907	0.16309803
3908	0.16726801
3909	0.17601426
3910	0.17569913
3911	0.18283709
3912	0.14235679
3913	0.19584052
3914	0.17390960
3915	0.16845032
3916	0.19829123
3917	0.16719139
3918	0.19892014
3919	0.13486122
3920	0.18101090
3921	0.17701173
3922	0.20811856
3923	0.16187970
3924	0.16756315
3925	0.18105652
3926	0.13117224
3927	0.17225427
3928	0.15979573
3929	0.16818839
3930	0.13163140
3931	0.14769238
3932	0.17221761
3933	0.16610565
3934	0.16344826
3935	0.17049889
3936	0.15667085
3937	0.17224443
3938	0.17797208
3939	0.17308740
3940	0.15316813
3941	0.19309040
3942	0.16103784
3943	0.15691307
3944	0.17901248
3945	0.14318432
3946	0.20382618
3947	0.18970482
3948	0.15076347
3949	0.19783693
3950	0.16700237
3951	0.17378752
3952	0.17270869
3953	0.16939751
3954	0.18191876
3955	0.17064119
3956	0.18593128
3957	0.19083780
3958	0.17800968
3959	0.13940632
3960	0.16889483
3961	0.15979305
3962	0.19184996
3963	0.18160134
3964	0.18878519
3965	0.19488839
3966	0.18336141
3967	0.18099009
3968	0.17222911
3969	0.15664408
3970	0.16298116
3971	0.16133791
3972	0.13532125
3973	0.15170434
3974	0.17144491
3975	0.19765130
3976	0.17546169
3977	0.17417318
3978	0.17106971
3979	0.16210964
3980	0.15442168
3981	0.20352848
3982	0.18466544
3983	0.17049933
3984	0.17779593
3985	0.18205814
3986	0.19099767
3987	0.19296339
3988	0.17373973
3989	0.15850972
3990	0.17204475
3991	0.16213472
3992	0.19935897
3993	0.15216631
3994	0.16796027
3995	0.19554427
3996	0.15484408
3997	0.17379329
3998	0.18959953
3999	0.16619400
4000	0.13203791
4001	0.17573195
4002	0.17095865
4003	0.16057615
4004	0.19413025
4005	0.14963831
4006	0.17813314
4007	0.18999720
4008	0.17508705
4009	0.18691351
4010	0.16074925
4011	0.18704064
4012	0.18884984
4013	0.16035134
4014	0.17376844
4015	0.17805059
4016	0.15276521
4017	0.20824419
4018	0.17433772
4019	0.17124190
4020	0.18005063
4021	0.15551130
4022	0.17762686
4023	0.16913365
4024	0.21386236
4025	0.20918949
4026	0.17577220
4027	0.17215403
4028	0.16971884
4029	0.18264084
4030	0.20771536
4031	0.19051722
4032	0.18541493
4033	0.19267899
4034	0.21789617
4035	0.18081884
4036	0.17928618
4037	0.15271402
4038	0.21162413
4039	0.14798389
4040	0.16899222
4041	0.18842152
4042	0.14410691
4043	0.18328381
4044	0.16474147
4045	0.18351445
4046	0.20138760
4047	0.17974044
4048	0.17341430
4049	0.16828239
4050	0.19097954
4051	0.16939629
4052	0.19416592
4053	0.15544688
4054	0.17379510
4055	0.16879190
4056	0.14939696
4057	0.15437295
4058	0.17776169
4059	0.15601698
4060	0.18864676
4061	0.16314171
4062	0.16577658
4063	0.16937425
4064	0.15628013
4065	0.16593179
4066	0.17799238
4067	0.19481805
4068	0.19319261
4069	0.16643570
4070	0.19751679
4071	0.14701671
4072	0.19566442
4073	0.15098231
4074	0.16397575
4075	0.18819968
4076	0.17826276
4077	0.21000565
4078	0.15812235
4079	0.19068784
4080	0.19024854
4081	0.13702306
4082	0.17688515
4083	0.17612547
4084	0.16256848
4085	0.14428369
4086	0.19299984
4087	0.19484289
4088	0.21508171
4089	0.19360861
4090	0.14334573
4091	0.20260122
4092	0.16162259
4093	0.18192607
4094	0.17537476
4095	0.17770533
4096	0.18488764
4097	0.16897358
4098	0.18299024
4099	0.18127105
4100	0.15971363
4101	0.16519609
4102	0.15625237
4103	0.20678191
4104	0.16155466
4105	0.15547038
4106	0.19952212
4107	0.20249317
4108	0.23092694
4109	0.14549850
4110	0.17257575
4111	0.17289739
4112	0.18131149
4113	0.14244893
4114	0.19767441
4115	0.17693665
4116	0.18914348
4117	0.18494518
4118	0.18158562
4119	0.17698894
4120	0.16766690
4121	0.20912480
4122	0.15828033
4123	0.19744826
4124	0.12817299
4125	0.17853558
4126	0.17176367
4127	0.15109597
4128	0.19576426
4129	0.17073235
4130	0.19261181
4131	0.17370869
4132	0.17216299
4133	0.16578152
4134	0.15561126
4135	0.15505450
4136	0.14388325
4137	0.17942662
4138	0.16051339
4139	0.20406714
4140	0.14780344
4141	0.17848503
4142	0.18094850
4143	0.14123160
4144	0.17996856
4145	0.13675573
4146	0.16999242
4147	0.17705273
4148	0.15889751
4149	0.17067970
4150	0.18497378
4151	0.15378807
4152	0.13812713
4153	0.16346457
4154	0.19548499
4155	0.17033278
4156	0.14005427
4157	0.16804957
4158	0.17110553
4159	0.16747275
4160	0.17255794
4161	0.21182923
4162	0.19878341
4163	0.15780087
4164	0.16446904
4165	0.13704056
4166	0.20678156
4167	0.16872299
4168	0.19259301
4169	0.12488436
4170	0.18585948
4171	0.18657421
4172	0.17117081
4173	0.16407247
4174	0.15459491
4175	0.16284230
4176	0.17853325
4177	0.19823918
4178	0.18831517
4179	0.19062405
4180	0.14782216
4181	0.16015059
4182	0.16184139
4183	0.22563108
4184	0.17198697
4185	0.17099502
4186	0.19990999
4187	0.17506596
4188	0.20814933
4189	0.14832848
4190	0.15980999
4191	0.18844645
4192	0.18448969
4193	0.19277472
4194	0.18648957
4195	0.13672472
4196	0.19287362
4197	0.19182765
4198	0.15091438
4199	0.21018160
4200	0.14911900
4201	0.16880521
4202	0.15660324
4203	0.16589009
4204	0.16551023
4205	0.19079175
4206	0.15278673
4207	0.18445059
4208	0.20211339
4209	0.19444712
4210	0.15019293
4211	0.16865991
4212	0.17042318
4213	0.15426145
4214	0.13444534
4215	0.17866062
4216	0.19351481
4217	0.15652678
4218	0.17441627
4219	0.16699076
4220	0.20087709
4221	0.14554103
4222	0.15592824
4223	0.19355170
4224	0.13967322
4225	0.16940486
4226	0.14333855
4227	0.18799743
4228	0.20407958
4229	0.19366363
4230	0.17284218
4231	0.17148318
4232	0.15950067
4233	0.14666031
4234	0.19881813
4235	0.14198839
4236	0.18029554
4237	0.17442559
4238	0.18002196
4239	0.15833661
4240	0.14920359
4241	0.17804246
4242	0.20281979
4243	0.18105845
4244	0.15846789
4245	0.16986967
4246	0.15882464
4247	0.20841394
4248	0.17785853
4249	0.16860442
4250	0.15459743
4251	0.19272141
4252	0.13450995
4253	0.19467160
4254	0.17737923
4255	0.18921679
4256	0.15324530
4257	0.15361062
4258	0.19469885
4259	0.18156856
4260	0.18272934
4261	0.16905533
4262	0.17191205
4263	0.19053930
4264	0.16191102
4265	0.16049494
4266	0.18299246
4267	0.14506793
4268	0.18745960
4269	0.18669542
4270	0.18928598
4271	0.16461651
4272	0.14651327
4273	0.19830841
4274	0.16202840
4275	0.19569384
4276	0.17972930
4277	0.18461074
4278	0.14339530
4279	0.18635798
4280	0.15840979
4281	0.17679009
4282	0.14819787
4283	0.13641833
4284	0.17587492
4285	0.18778017
4286	0.19341517
4287	0.18408302
4288	0.18075517
4289	0.15652930
4290	0.16608341
4291	0.13077421
4292	0.12567555
4293	0.16184013
4294	0.18116765
4295	0.17973140
4296	0.18299186
4297	0.17443594
4298	0.17459329
4299	0.20206185
4300	0.16556880
4301	0.15152887
4302	0.17340261
4303	0.17093693
4304	0.14516896
4305	0.15600671
4306	0.17478945
4307	0.17903160
4308	0.13712042
4309	0.15694171
4310	0.17171066
4311	0.16757283
4312	0.18045881
4313	0.16356501
4314	0.17560142
4315	0.18330908
4316	0.18296805
4317	0.16050916
4318	0.18212484
4319	0.17609988
4320	0.17906216
4321	0.19833416
4322	0.18011386
4323	0.15918041
4324	0.17569992
4325	0.16088653
4326	0.16102326
4327	0.13661738
4328	0.15156971
4329	0.16895774
4330	0.16236955
4331	0.16729972
4332	0.18282030
4333	0.17296311
4334	0.15248910
4335	0.16571315
4336	0.18971548
4337	0.17004739
4338	0.17191426
4339	0.12824206
4340	0.16947591
4341	0.21005652
4342	0.17378318
4343	0.17592792
4344	0.16609648
4345	0.17517129
4346	0.17971288
4347	0.17226572
4348	0.15912725
4349	0.13919179
4350	0.17949546
4351	0.17807512
4352	0.19949905
4353	0.17892184
4354	0.18547184
4355	0.16570229
4356	0.19437425
4357	0.16650845
4358	0.16380857
4359	0.18601789
4360	0.19469155
4361	0.16400150
4362	0.18942046
4363	0.19397026
4364	0.15440111
4365	0.18900257
4366	0.16564013
4367	0.17278235
4368	0.18583077
4369	0.15827788
4370	0.19610561
4371	0.17259222
4372	0.16212109
4373	0.18569510
4374	0.16184167
4375	0.16675948
4376	0.18670604
4377	0.19212121
4378	0.17111884
4379	0.15200355
4380	0.18924518
4381	0.19187500
4382	0.21011149
4383	0.15721149
4384	0.16743527
4385	0.17998791
4386	0.16352010
4387	0.18204447
4388	0.17182022
4389	0.17009111
4390	0.17501149
4391	0.16270241
4392	0.14721710
4393	0.18259171
4394	0.18136051
4395	0.16200427
4396	0.17918009
4397	0.17186378
4398	0.14831659
4399	0.15855612
4400	0.17498878
4401	0.14808531
4402	0.15334384
4403	0.16293547
4404	0.13589001
4405	0.16251382
4406	0.17824202
4407	0.16350703
4408	0.18683207
4409	0.16350517
4410	0.18323479
4411	0.15439408
4412	0.18863641
4413	0.15787433
4414	0.18008815
4415	0.15542520
4416	0.17053586
4417	0.17621011
4418	0.16926643
4419	0.18149518
4420	0.16374317
4421	0.17169921
4422	0.17429155
4423	0.17928219
4424	0.16988851
4425	0.15362682
4426	0.15047986
4427	0.20501548
4428	0.17658539
4429	0.16892342
4430	0.15353254
4431	0.18769159
4432	0.15463310
4433	0.17183385
4434	0.19566276
4435	0.18477863
4436	0.15323515
4437	0.17295174
4438	0.15948689
4439	0.18086130
4440	0.18725340
4441	0.15697658
4442	0.18820825
4443	0.16382654
4444	0.17314668
4445	0.19260810
4446	0.15870569
4447	0.16545344
4448	0.21223934
4449	0.15537709
4450	0.14478314
4451	0.17221205
4452	0.20820170
4453	0.18008416
4454	0.16246224
4455	0.17429131
4456	0.15056284
4457	0.16210446
4458	0.14664336
4459	0.19015889
4460	0.18163460
4461	0.17546319
4462	0.12718400
4463	0.18789735
4464	0.17514573
4465	0.18199704
4466	0.14201840
4467	0.18538235
4468	0.16009668
4469	0.16114941
4470	0.19898693
4471	0.16844206
4472	0.17751655
4473	0.15016145
4474	0.20021351
4475	0.14941844
4476	0.16182650
4477	0.14199119
4478	0.13663586
4479	0.19867682
4480	0.13364265
4481	0.18043867
4482	0.15905209
4483	0.15829096
4484	0.17257927
4485	0.18443270
4486	0.14448989
4487	0.19706489
4488	0.19052239
4489	0.13858207
4490	0.15359159
4491	0.17667958
4492	0.14449230
4493	0.16646043
4494	0.19724198
4495	0.13799127
4496	0.16756675
4497	0.17265916
4498	0.13549439
4499	0.14597030
4500	0.13648965
4501	0.15541619
4502	0.15982863
4503	0.18844637
4504	0.14631793
4505	0.17861307
4506	0.17603570
4507	0.18627563
4508	0.14981513
4509	0.13764558
4510	0.18710664
4511	0.17225474
4512	0.18445628
4513	0.15852911
4514	0.14646592
4515	0.17441145
4516	0.18069435
4517	0.15245324
4518	0.15544123
4519	0.18060525
4520	0.16362441
4521	0.18585513
4522	0.16106280
4523	0.19131039
4524	0.19522366
4525	0.20411844
4526	0.16347737
4527	0.17223803
4528	0.16914242
4529	0.17381047
4530	0.18415016
4531	0.18152401
4532	0.19283622
4533	0.16800016
4534	0.16687291
4535	0.18877405
4536	0.13317547
4537	0.16760786
4538	0.17304044
4539	0.17035032
4540	0.17460486
4541	0.17673515
4542	0.16762879
4543	0.18562235
4544	0.16485178
4545	0.15834882
4546	0.18049984
4547	0.16359806
4548	0.17321051
4549	0.16736185
4550	0.17935312
4551	0.17138081
4552	0.19416584
4553	0.19946039
4554	0.17568531
4555	0.14782129
4556	0.19417299
4557	0.19387066
4558	0.17139143
4559	0.18238270
4560	0.15127709
4561	0.18247109
4562	0.15785770
4563	0.18142824
4564	0.14855411
4565	0.16151019
4566	0.18643345
4567	0.15100521
4568	0.20224672
4569	0.15612279
4570	0.15342524
4571	0.18153973
4572	0.17091323
4573	0.15013487
4574	0.15460423
4575	0.20875948
4576	0.15518503
4577	0.17297844
4578	0.17579021
4579	0.14107034
4580	0.14145869
4581	0.15820687
4582	0.17093329
4583	0.17947267
4584	0.15210991
4585	0.17424194
4586	0.18001524
4587	0.17173630
4588	0.14656216
4589	0.16921536
4590	0.17557378
4591	0.14069921
4592	0.17372887
4593	0.15935604
4594	0.17299803
4595	0.20427137
4596	0.20452532
4597	0.17909348
4598	0.17913472
4599	0.14319897
4600	0.19293333
4601	0.17131307
4602	0.15866295
4603	0.17377974
4604	0.16545320
4605	0.16872105
4606	0.17417769
4607	0.17636513
4608	0.14944913
4609	0.16686367
4610	0.19195699
4611	0.17057306
4612	0.16766868
4613	0.17652930
4614	0.18053211
4615	0.14912630
4616	0.19524862
4617	0.16926611
4618	0.15510600
4619	0.17301576
4620	0.16705067
4621	0.15939629
4622	0.16737982
4623	0.20335276
4624	0.17246896
4625	0.14356402
4626	0.16554321
4627	0.16384518
4628	0.16131619
4629	0.15702152
4630	0.19076201
4631	0.16826991
4632	0.18444641
4633	0.15515494
4634	0.16356872
4635	0.12707125
4636	0.17333945
4637	0.17362042
4638	0.13311347
4639	0.17882808
4640	0.17302776
4641	0.16884044
4642	0.17424645
4643	0.18945972
4644	0.16228270
4645	0.17283191
4646	0.18516876
4647	0.15534984
4648	0.17344664
4649	0.19065960
4650	0.18837164
4651	0.18416647
4652	0.16521900
4653	0.14473823
4654	0.15167101
4655	0.16840359
4656	0.20930308
4657	0.18722042
4658	0.13759672
4659	0.15318562
4660	0.18345683
4661	0.17037346
4662	0.17023677
4663	0.15538164
4664	0.15782006
4665	0.16234301
4666	0.18168851
4667	0.20253476
4668	0.13597911
4669	0.16906714
4670	0.15984696
4671	0.19456137
4672	0.17822334
4673	0.17259352
4674	0.17940545
4675	0.19250976
4676	0.19790640
4677	0.16566058
4678	0.17132077
4679	0.17310877
4680	0.13677954
4681	0.15266588
4682	0.18339439
4683	0.13690731
4684	0.17522784
4685	0.13803215
4686	0.15103242
4687	0.15562792
4688	0.18796627
4689	0.12812054
4690	0.20867662
4691	0.20168957
4692	0.19418606
4693	0.16669301
4694	0.16000087
4695	0.13945675
4696	0.15356074
4697	0.15092946
4698	0.18874546
4699	0.15690229
4700	0.16423179
4701	0.13053760
4702	0.15978598
4703	0.16297160
4704	0.14970731
4705	0.17166438
4706	0.18324755
4707	0.18231580
4708	0.14813369
4709	0.15042816
4710	0.14016011
4711	0.17746528
4712	0.18678831
4713	0.17623724
4714	0.17007990
4715	0.14498073
4716	0.16376825
4717	0.17975012
4718	0.18298914
4719	0.15960778
4720	0.17386998
4721	0.14834735
4722	0.14399293
4723	0.18586813
4724	0.15849333
4725	0.17949787
4726	0.14334139
4727	0.15899119
4728	0.17144336
4729	0.17011367
4730	0.18630146
4731	0.16057891
4732	0.20043061
4733	0.19267291
4734	0.16859119
4735	0.15949451
4736	0.17264281
4737	0.19203053
4738	0.18206655
4739	0.16135964
4740	0.13510253
4741	0.18199645
4742	0.12460506
4743	0.14259850
4744	0.17975399
4745	0.14756844
4746	0.16686679
4747	0.15684534
4748	0.14459202
4749	0.14602773
4750	0.18396931
4751	0.13471493
4752	0.16254376
4753	0.18119787
4754	0.18887275
4755	0.17781963
4756	0.18234889
4757	0.19845466
4758	0.17908057
4759	0.15594957
4760	0.18577836
4761	0.14705735
4762	0.16630664
4763	0.17493349
4764	0.16488622
4765	0.17495798
4766	0.19923551
4767	0.12206110
4768	0.13515908
4769	0.15880754
4770	0.15855320
4771	0.13955506
4772	0.18981149
4773	0.17359996
4774	0.17871963
4775	0.18104447
4776	0.17025466
4777	0.16172322
4778	0.20999909
4779	0.18842911
4780	0.16278645
4781	0.15529017
4782	0.18992034
4783	0.19186110
4784	0.17594660
4785	0.18509494
4786	0.17956943
4787	0.15583562
4788	0.14796655
4789	0.14856181
4790	0.16298795
4791	0.16088239
4792	0.15451473
4793	0.16069554
4794	0.15490750
4795	0.18668306
4796	0.14472599
4797	0.17695719
4798	0.12909688
4799	0.18334479
4800	0.16753242
4801	0.16596201
4802	0.15960810
4803	0.17257563
4804	0.17090857
4805	0.17506003
4806	0.16565940
4807	0.17842828
4808	0.12543203
4809	0.18185723
4810	0.14639222
4811	0.19049953
4812	0.16506844
4813	0.14726844
4814	0.16645699
4815	0.16508183
4816	0.17906031
4817	0.17627950
4818	0.14188029
4819	0.17908349
4820	0.12444696
4821	0.17305604
4822	0.17630130
4823	0.13825355
4824	0.18769791
4825	0.16985513
4826	0.13177148
4827	0.17755608
4828	0.13627919
4829	0.17510300
4830	0.18812496
4831	0.21872062
4832	0.14906923
4833	0.16625430
4834	0.18996430
4835	0.15512524
4836	0.15664779
4837	0.16114680
4838	0.16506580
4839	0.11965656
4840	0.19580818
4841	0.16644194
4842	0.15791765
4843	0.15878199
4844	0.15388239
4845	0.15318705
4846	0.16310806
4847	0.20047690
4848	0.16808791
4849	0.17127227
4850	0.13868523
4851	0.13311769
4852	0.15429171
4853	0.16331288
4854	0.13239980
4855	0.13654913
4856	0.15397255
4857	0.15259218
4858	0.14393254
4859	0.13219293
4860	0.16556422
4861	0.14941220
4862	0.17177524
4863	0.19635790
4864	0.16081185
4865	0.17830099
4866	0.18674096
4867	0.16891694
4868	0.14897662
4869	0.16266983
4870	0.16910707
4871	0.16689412
4872	0.16145746
4873	0.17101659
4874	0.14520873
4875	0.15973353
4876	0.14775454
4877	0.14773523
4878	0.15784645
4879	0.15149684
4880	0.13783436
4881	0.15957705
4882	0.15554787
4883	0.13744743
4884	0.15091884
4885	0.16217650
4886	0.18603156
4887	0.14083949
4888	0.19332168
4889	0.15812615
4890	0.17710818
4891	0.19419570
4892	0.15503258
4893	0.15801983
4894	0.15759167
4895	0.13884763
4896	0.16230940
4897	0.15073839
4898	0.16326809
4899	0.16352697
4900	0.15155304
4901	0.16616414
4902	0.15996738
4903	0.19806331
4904	0.15713006
4905	0.19123827
4906	0.16231754
4907	0.18396718
4908	0.16807500
4909	0.16640024
4910	0.19295569
4911	0.18526856
4912	0.17663870
4913	0.15190774
4914	0.16367046
4915	0.13507958
4916	0.16564637
4917	0.14578882
4918	0.17059321
4919	0.16577769
4920	0.19955664
4921	0.16062504
4922	0.17355608
4923	0.17052370
4924	0.17416272
4925	0.16645316
4926	0.20250664
4927	0.15175545
4928	0.14152445
4929	0.15965478
4930	0.15941197
4931	0.17397224
4932	0.17028961
4933	0.18806228
4934	0.14580620
4935	0.13873681
4936	0.17395051
4937	0.19375675
4938	0.12956655
4939	0.15364901
4940	0.15949277
4941	0.18919518
4942	0.19812824
4943	0.14255498
4944	0.16617855
4945	0.18749763
4946	0.18543867
4947	0.17737101
4948	0.16117938
4949	0.16842903
4950	0.16146410
4951	0.17002670
4952	0.17408144
4953	0.16372212
4954	0.14696635
4955	0.17945233
4956	0.16375075
4957	0.17229186
4958	0.13521449
4959	0.18172749
4960	0.17240932
4961	0.14641532
4962	0.18218148
4963	0.15462054
4964	0.17350667
4965	0.16764530
4966	0.15184159
4967	0.14240549
4968	0.17659119
4969	0.17406209
4970	0.17093199
4971	0.15285138
4972	0.16149127
4973	0.13893898
4974	0.15943811
4975	0.12967504
4976	0.19839246
4977	0.17924771
4978	0.12569882
4979	0.12144609
4980	0.16600032
4981	0.13706521
4982	0.17217081
4983	0.18127583
4984	0.17438661
4985	0.17604629
4986	0.17092417
4987	0.14973148
4988	0.20110853
4989	0.16082468
4990	0.16891773
4991	0.17807765
4992	0.16001449
4993	0.13100312
4994	0.18314585
4995	0.16045332
4996	0.15510664
4997	0.18912539
4998	0.14500209
4999	0.16098049
5000	0.18448389
5001	0.17218582
5002	0.19165118
5003	0.17301730
5004	0.16666327
5005	0.16510648
5006	0.16789562
5007	0.14564684
5008	0.18156564
5009	0.19085174
5010	0.15208144
5011	0.13545865
5012	0.14852492
5013	0.17011299
5014	0.17067322
5015	0.15326584
5016	0.15023562
5017	0.13085636
5018	0.16398006
5019	0.15632978
5020	0.13880679
5021	0.16671675
5022	0.14094810
5023	0.16470269
5024	0.14022441
5025	0.17569143
5026	0.18216560
5027	0.16118641
5028	0.18686426
5029	0.12728957
5030	0.16359720
5031	0.14657930
5032	0.16900415
5033	0.18677733
5034	0.15048685
5035	0.14701552
5036	0.17907855
5037	0.15887982
5038	0.17376923
5039	0.14399427
5040	0.16890273
5041	0.17360513
5042	0.16734917
5043	0.16860940
5044	0.15335442
5045	0.18288377
5046	0.17756197
5047	0.15029767
5048	0.14466390
5049	0.19248523
5050	0.16557295
5051	0.17087595
5052	0.15938495
5053	0.17008235
5054	0.20171153
5055	0.14182994
5056	0.15779743
5057	0.18217058
5058	0.13046947
5059	0.17904980
5060	0.18704364
5061	0.14613724
5062	0.19193847
5063	0.16877532
