0	0.50526166
1	0.50498145
2	0.48325172
3	0.50364483
4	0.49335393
5	0.50511567
6	0.50476406
7	0.50479475
8	0.50475016
9	0.50515966
10	0.50521390
11	0.50534804
12	0.50516595
13	0.50530325
14	0.50518077
15	0.50505385
16	0.50542444
17	0.50497131
18	0.50465284
19	0.50486442
20	0.50503846
21	0.50007740
22	0.50027095
23	0.50547272
24	0.50462011
25	0.50497961
26	0.50520264
27	0.50436959
28	0.50253962
29	0.50471879
30	0.50491406
31	0.48032885
32	0.50498662
33	0.50269159
34	0.50477885
35	0.50425497
36	0.50158590
37	0.49910192
38	0.50518942
39	0.50156959
40	0.48888221
41	0.50417127
42	0.49015569
43	0.50258662
44	0.50172380
45	0.50433614
46	0.49643261
47	0.49013982
48	0.50472476
49	0.49817756
50	0.50286522
51	0.49596927
52	0.50040925
53	0.49932151
54	0.50192432
55	0.49575609
56	0.50136811
57	0.50322135
58	0.49311975
59	0.50128970
60	0.49734018
61	0.49163790
62	0.50172849
63	0.50042556
64	0.50306270
65	0.48258694
66	0.48472055
67	0.45079423
68	0.48090609
69	0.50107059
70	0.49986667
71	0.49933237
72	0.50091366
73	0.49526478
74	0.45784014
75	0.49709535
76	0.48928798
77	0.49780657
78	0.46097985
79	0.47925937
80	0.48504391
81	0.50261470
82	0.50030769
83	0.47065433
84	0.49777833
85	0.47598005
86	0.48308506
87	0.47659547
88	0.43780942
89	0.45795745
90	0.50319708
91	0.47706955
92	0.42306042
93	0.45270276
94	0.43375032
95	0.45700849
96	0.49270653
97	0.47016402
98	0.49040341
99	0.48661314
100	0.44967508
101	0.49472873
102	0.47398970
103	0.48517857
104	0.47440621
105	0.45650200
106	0.48697464
107	0.47550645
108	0.48497099
109	0.48877003
110	0.48408097
111	0.49651450
112	0.45515361
113	0.49736306
114	0.48068502
115	0.47118862
116	0.45633393
117	0.48844984
118	0.43608578
119	0.48415557
120	0.38381314
121	0.48107228
122	0.42494179
123	0.39578273
124	0.46337348
125	0.48482103
126	0.48414451
127	0.49011350
128	0.49628702
129	0.48354367
130	0.43679391
131	0.46053397
132	0.47961070
133	0.42939615
134	0.48317432
135	0.39954327
136	0.48192228
137	0.46564756
138	0.47935837
139	0.49798321
140	0.48466951
141	0.44657268
142	0.46268433
143	0.43443381
144	0.43644395
145	0.48702708
146	0.45617420
147	0.44256454
148	0.44448914
149	0.48145168
150	0.49670681
151	0.45895613
152	0.36388349
153	0.44613782
154	0.47374900
155	0.48124683
156	0.47256026
157	0.45642200
158	0.45301502
159	0.48260264
160	0.46463037
161	0.44026851
162	0.44900545
163	0.40346502
164	0.48737760
165	0.37533630
166	0.47903970
167	0.47153894
168	0.44781947
169	0.47161755
170	0.46416979
171	0.38958389
172	0.34680986
173	0.40032027
174	0.46392147
175	0.49445777
176	0.41984928
177	0.35665405
178	0.44290220
179	0.42643890
180	0.46382652
181	0.43250937
182	0.44068566
183	0.48467945
184	0.37898838
185	0.44622780
186	0.42692147
187	0.47906891
188	0.41569659
189	0.44477107
190	0.45155893
191	0.36305377
192	0.40129483
193	0.40642444
194	0.44894940
195	0.43545236
196	0.40293622
197	0.43993750
198	0.48640112
199	0.42841627
200	0.42077744
201	0.43423706
202	0.46122328
203	0.42271082
204	0.42342977
205	0.46620785
206	0.44414387
207	0.38003762
208	0.45273085
209	0.45173069
210	0.38577159
211	0.43059046
212	0.42823041
213	0.39326983
214	0.41084848
215	0.42077869
216	0.41667248
217	0.42264683
218	0.38888990
219	0.43654083
220	0.48220761
221	0.40364439
222	0.43076078
223	0.46298021
224	0.46080901
225	0.39094315
226	0.45437989
227	0.39107576
228	0.43832905
229	0.46741999
230	0.45272111
231	0.47262696
232	0.43135841
233	0.43538429
234	0.44055970
235	0.46190909
236	0.42905946
237	0.43904635
238	0.36338149
239	0.37833614
240	0.45125958
241	0.47091703
242	0.41370000
243	0.34123574
244	0.43474099
245	0.44503538
246	0.40590433
247	0.46520529
248	0.43752660
249	0.38386931
250	0.44818802
251	0.40943786
252	0.38370825
253	0.42098998
254	0.40705817
255	0.42033269
256	0.44643377
257	0.43369876
258	0.42825677
259	0.40950865
260	0.39638165
261	0.39682492
262	0.39028450
263	0.40800168
264	0.35639155
265	0.43426078
266	0.33875413
267	0.35045092
268	0.35423285
269	0.40682564
270	0.35861214
271	0.44322588
272	0.40542248
273	0.44628994
274	0.37118934
275	0.40997849
276	0.41443586
277	0.39496767
278	0.33587544
279	0.40937256
280	0.39640661
281	0.34142075
282	0.37312973
283	0.42859912
284	0.32948538
285	0.41933722
286	0.44282456
287	0.41617817
288	0.34753313
289	0.38495212
290	0.39580990
291	0.42447432
292	0.40690272
293	0.42143005
294	0.38882059
295	0.36799968
296	0.41764764
297	0.44968482
298	0.44548450
299	0.38604439
300	0.36547552
301	0.44461775
302	0.36363878
303	0.36839211
304	0.38126763
305	0.35089038
306	0.42928950
307	0.39023409
308	0.38651619
309	0.35357708
310	0.41387508
311	0.41402079
312	0.43200861
313	0.37576442
314	0.36868317
315	0.32978618
316	0.44781354
317	0.41020437
318	0.44285280
319	0.46183726
320	0.46526106
321	0.46503257
322	0.43614908
323	0.43730873
324	0.43967724
325	0.40878750
326	0.40585096
327	0.33317248
328	0.37260745
329	0.43146683
330	0.30823458
331	0.42439403
332	0.41666939
333	0.45007091
334	0.37134075
335	0.42818602
336	0.43536350
337	0.29000605
338	0.38705581
339	0.35183153
340	0.43400156
341	0.42819143
342	0.41698093
343	0.42837472
344	0.43304631
345	0.38658490
346	0.36011382
347	0.39153073
348	0.40623241
349	0.43119523
350	0.29812127
351	0.33508193
352	0.41889243
353	0.36218838
354	0.39347704
355	0.42262424
356	0.36586278
357	0.43134191
358	0.42229663
359	0.44653353
360	0.42617380
361	0.39308970
362	0.40523085
363	0.36248702
364	0.38785341
365	0.38044599
366	0.36641246
367	0.43254411
368	0.34697668
369	0.37510645
370	0.36263566
371	0.35202744
372	0.34963790
373	0.39767821
374	0.37652825
375	0.43694099
376	0.44555605
377	0.33974828
378	0.36512432
379	0.41498121
380	0.35095617
381	0.34314547
382	0.38830954
383	0.40488446
384	0.47606386
385	0.33857845
386	0.41006611
387	0.37530417
388	0.43173674
389	0.38917232
390	0.37225777
391	0.41624115
392	0.45423782
393	0.38391246
394	0.39603502
395	0.36765673
396	0.34068694
397	0.40637760
398	0.38838221
399	0.39335821
400	0.37008674
401	0.40204127
402	0.38002804
403	0.38165276
404	0.44804139
405	0.40086198
406	0.41001591
407	0.36146827
408	0.36884471
409	0.39844407
410	0.35567540
411	0.47968630
412	0.37963033
413	0.39650429
414	0.36822716
415	0.39940012
416	0.35447993
417	0.31186663
418	0.34460909
419	0.34089868
420	0.40373161
421	0.33579860
422	0.40132857
423	0.34438269
424	0.32212825
425	0.34716619
426	0.30468938
427	0.36875769
428	0.39202873
429	0.42207352
430	0.38461935
431	0.38760729
432	0.41225905
433	0.39050577
434	0.39962007
435	0.36922772
436	0.40118826
437	0.35604908
438	0.36266579
439	0.38808558
440	0.40635986
441	0.40884904
442	0.42202905
443	0.35043774
444	0.41821382
445	0.36570176
446	0.38231186
447	0.41393265
448	0.38606683
449	0.42078790
450	0.40366426
451	0.35401502
452	0.39041534
453	0.39796054
454	0.33067576
455	0.34966651
456	0.39749211
457	0.43345645
458	0.29449459
459	0.38419459
460	0.33320088
461	0.34271903
462	0.41757035
463	0.41272127
464	0.39461775
465	0.38264663
466	0.28910232
467	0.36639151
468	0.34554327
469	0.31305737
470	0.34845469
471	0.36860341
472	0.33856246
473	0.35901883
474	0.35623029
475	0.40550661
476	0.41957813
477	0.34532644
478	0.46504267
479	0.32602091
480	0.37407580
481	0.40933177
482	0.31871246
483	0.42471743
484	0.32622825
485	0.40538405
486	0.34335537
487	0.43484411
488	0.32407011
489	0.39870445
490	0.39410645
491	0.35188734
492	0.40248129
493	0.41566082
494	0.41881735
495	0.34291090
496	0.40133886
497	0.33629495
498	0.36826278
499	0.30584780
500	0.33042220
501	0.37603970
502	0.41211362
503	0.39958169
504	0.41315012
505	0.35738574
506	0.35537368
507	0.30077224
508	0.37019339
509	0.33749042
510	0.30288257
511	0.35350569
512	0.42141154
513	0.39491839
514	0.36532196
515	0.38744038
516	0.37882115
517	0.39803878
518	0.30982796
519	0.38494038
520	0.41398486
521	0.39330921
522	0.41007804
523	0.36908998
524	0.35494479
525	0.42871302
526	0.36751639
527	0.33401258
528	0.35384860
529	0.38231302
530	0.35073962
531	0.38517051
532	0.31581022
533	0.41733598
534	0.36156735
535	0.33433373
536	0.30139095
537	0.38921154
538	0.35320429
539	0.34808818
540	0.29719483
541	0.31401358
542	0.30577528
543	0.35062392
544	0.39454399
545	0.33864663
546	0.32511823
547	0.35280741
548	0.34995533
549	0.36335597
550	0.30946506
551	0.39838854
552	0.44038385
553	0.30048049
554	0.39978317
555	0.42170461
556	0.27801510
557	0.41677023
558	0.33972772
559	0.30840280
560	0.37174471
561	0.36068454
562	0.36626763
563	0.38346691
564	0.32424932
565	0.36093642
566	0.28680573
567	0.33953758
568	0.34733794
569	0.42609395
570	0.38892676
571	0.32424671
572	0.40006010
573	0.32894455
574	0.32029279
575	0.31743225
576	0.32562933
577	0.39918654
578	0.28341807
579	0.36756202
580	0.44392328
581	0.25566370
582	0.35520933
583	0.37907560
584	0.34189467
585	0.37507167
586	0.38318253
587	0.35751683
588	0.30193886
589	0.37530224
590	0.32686078
591	0.41776490
592	0.34951354
593	0.34962528
594	0.36522240
595	0.36123341
596	0.38273185
597	0.35232861
598	0.33928966
599	0.35307652
600	0.31843602
601	0.35243225
602	0.35234615
603	0.31994203
604	0.29289808
605	0.36336538
606	0.41292664
607	0.39735409
608	0.37505493
609	0.34524776
610	0.39162143
611	0.28513618
612	0.36714679
613	0.37308293
614	0.35005060
615	0.34759724
616	0.37651298
617	0.37061627
618	0.30835353
619	0.36441943
620	0.30263842
621	0.28833041
622	0.32418538
623	0.36978666
624	0.38887151
625	0.40566222
626	0.37840709
627	0.30552849
628	0.37891190
629	0.35534748
630	0.41291494
631	0.38206839
632	0.32858806
633	0.29222268
634	0.38791266
635	0.41138478
636	0.28571731
637	0.38303169
638	0.32480000
639	0.34102857
640	0.37329010
641	0.31112688
642	0.30820008
643	0.37585573
644	0.37728309
645	0.35840805
646	0.36116126
647	0.35396386
648	0.33669716
649	0.31501775
650	0.37112692
651	0.34792204
652	0.31890990
653	0.33751591
654	0.26343482
655	0.29639623
656	0.39852035
657	0.39924079
658	0.35961102
659	0.29780553
660	0.37549792
661	0.25559976
662	0.32804471
663	0.31131755
664	0.32928846
665	0.33588890
666	0.35174359
667	0.36406823
668	0.34840545
669	0.29218890
670	0.34947580
671	0.33306631
672	0.31395877
673	0.35225605
674	0.30495076
675	0.27601518
676	0.34953870
677	0.31447544
678	0.28442949
679	0.31668125
680	0.32201707
681	0.35736915
682	0.36833850
683	0.26020044
684	0.34691214
685	0.29019503
686	0.39669403
687	0.34926106
688	0.32696526
689	0.35551094
690	0.32397123
691	0.36825693
692	0.30579231
693	0.29830837
694	0.37805641
695	0.37628429
696	0.35578642
697	0.30255469
698	0.29226430
699	0.29703209
700	0.41728297
701	0.31526775
702	0.33307256
703	0.30339006
704	0.34585797
705	0.33083534
706	0.29568778
707	0.38770304
708	0.37271418
709	0.40033409
710	0.36611046
711	0.31601126
712	0.31440893
713	0.30467055
714	0.34885793
715	0.32470958
716	0.30701691
717	0.35410088
718	0.25508173
719	0.31828438
720	0.31903133
721	0.30060757
722	0.30705817
723	0.35090533
724	0.35363061
725	0.32429988
726	0.34401186
727	0.26602083
728	0.38309896
729	0.32933990
730	0.28383253
731	0.31759327
732	0.27967019
733	0.36006723
734	0.37880441
735	0.31728910
736	0.35550845
737	0.35682893
738	0.35073341
739	0.37659563
740	0.36503049
741	0.38813678
742	0.35393934
743	0.34501883
744	0.36738638
745	0.26598313
746	0.38557039
747	0.32957336
748	0.28227175
749	0.36727131
750	0.39076114
751	0.33587861
752	0.30987059
753	0.37910962
754	0.38919740
755	0.31914679
756	0.28186931
757	0.29015697
758	0.34416210
759	0.33542244
760	0.32059603
761	0.34768846
762	0.33893518
763	0.36428017
764	0.31113674
765	0.31782752
766	0.38018165
767	0.35566823
768	0.28371350
769	0.32219030
770	0.39441190
771	0.35369720
772	0.33367380
773	0.36860697
774	0.37926583
775	0.28190597
776	0.28918181
777	0.32389167
778	0.29504595
779	0.35936110
780	0.33455317
781	0.31793670
782	0.31914050
783	0.32597664
784	0.27164439
785	0.28435028
786	0.32309159
787	0.33401951
788	0.33859087
789	0.34798510
790	0.33252344
791	0.35188610
792	0.35877784
793	0.30829591
794	0.29042708
795	0.31409275
796	0.32796466
797	0.34316266
798	0.30807472
799	0.39056326
800	0.26417508
801	0.32419391
802	0.38622352
803	0.26100833
804	0.30712448
805	0.29769716
806	0.38853998
807	0.35903946
808	0.39270232
809	0.31102304
810	0.30718494
811	0.29112676
812	0.28340845
813	0.26044984
814	0.26711679
815	0.32330252
816	0.26029303
817	0.34030232
818	0.35338546
819	0.37716318
820	0.26436050
821	0.26182127
822	0.28915733
823	0.29690200
824	0.33176198
825	0.31890525
826	0.34805821
827	0.35213510
828	0.29910982
829	0.28247676
830	0.29428994
831	0.35143614
832	0.31422905
833	0.36529776
834	0.35802151
835	0.36706751
836	0.33729720
837	0.33957857
838	0.32954103
839	0.30934139
840	0.34720869
841	0.30282208
842	0.30628309
843	0.36832043
844	0.36454760
845	0.32404575
846	0.24926915
847	0.32434635
848	0.31398542
849	0.32094948
850	0.37579343
851	0.36811110
852	0.30160385
853	0.27561787
854	0.29783706
855	0.35731639
856	0.30506022
857	0.37735313
858	0.37684299
859	0.31161699
860	0.29453646
861	0.34158385
862	0.36092921
863	0.29814251
864	0.39133522
865	0.35520929
866	0.33673670
867	0.30144075
868	0.34629030
869	0.30995925
870	0.29674828
871	0.34210200
872	0.34636498
873	0.25298053
874	0.33481250
875	0.26900673
876	0.27577192
877	0.36107071
878	0.33426987
879	0.32543281
880	0.34129147
881	0.26020048
882	0.34854988
883	0.31087368
884	0.32099675
885	0.30025349
886	0.33412608
887	0.37040645
888	0.33044876
889	0.30452051
890	0.34355813
891	0.32598113
892	0.28566346
893	0.28600809
894	0.36248089
895	0.36790377
896	0.33910112
897	0.29922796
898	0.35605497
899	0.28272352
900	0.30828982
901	0.28200321
902	0.23339551
903	0.31026907
904	0.32246066
905	0.36980036
906	0.32091891
907	0.36547400
908	0.27108966
909	0.32055008
910	0.26268994
911	0.28477352
912	0.34954371
913	0.34445240
914	0.27104575
915	0.35485998
916	0.28630841
917	0.31538321
918	0.26328858
919	0.30990485
920	0.37904319
921	0.36665300
922	0.33582708
923	0.32994495
924	0.34686743
925	0.28479752
926	0.31249611
927	0.39105641
928	0.29862716
929	0.30512031
930	0.29910276
931	0.31205633
932	0.32683522
933	0.35131647
934	0.34667143
935	0.31486278
936	0.32533694
937	0.31449195
938	0.35786971
939	0.35493874
940	0.26368582
941	0.39110312
942	0.28396723
943	0.27591518
944	0.30092248
945	0.29173097
946	0.29379431
947	0.35408301
948	0.38757804
949	0.30316470
950	0.30424351
951	0.29808990
952	0.30728806
953	0.35738986
954	0.28461210
955	0.29600609
956	0.31146887
957	0.28096811
958	0.29288357
959	0.27960513
960	0.27480308
961	0.31558534
962	0.29596458
963	0.34911358
964	0.22920865
965	0.30526779
966	0.33611462
967	0.31877640
968	0.31008726
969	0.25013105
970	0.27863946
971	0.24284395
972	0.28782260
973	0.37879395
974	0.35404131
975	0.34035369
976	0.27291735
977	0.28846979
978	0.26807143
979	0.33407512
980	0.33213858
981	0.31926723
982	0.23621102
983	0.33149683
984	0.27529892
985	0.31232424
986	0.29332244
987	0.26960513
988	0.32553986
989	0.33694327
990	0.28609551
991	0.31226831
992	0.29433606
993	0.31357200
994	0.29466751
995	0.28679639
996	0.29548538
997	0.34703858
998	0.31152404
999	0.23829964
1000	0.33641086
1001	0.27799563
1002	0.33440809
1003	0.31743357
1004	0.27969527
1005	0.25978602
1006	0.29097724
1007	0.30524836
1008	0.26504563
1009	0.33568682
1010	0.23764976
1011	0.30716659
1012	0.33537352
1013	0.31380745
1014	0.29489992
1015	0.31945100
1016	0.33296679
1017	0.33713233
1018	0.37758474
1019	0.30969964
1020	0.30429587
1021	0.32213349
1022	0.33558169
1023	0.35967372
1024	0.33618285
1025	0.30138161
1026	0.25539083
1027	0.29842977
1028	0.34377516
1029	0.25951142
1030	0.33497392
1031	0.30932532
1032	0.25940449
1033	0.32687584
1034	0.30060477
1035	0.26131006
1036	0.29310144
1037	0.29935697
1038	0.36208105
1039	0.30460092
1040	0.28212941
1041	0.31103646
1042	0.30869431
1043	0.28829671
1044	0.29992977
1045	0.32433229
1046	0.33563157
1047	0.27868429
1048	0.31467861
1049	0.31643165
1050	0.24813994
1051	0.37141054
1052	0.28985721
1053	0.27274844
1054	0.40732600
1055	0.31089744
1056	0.36930621
1057	0.30860905
1058	0.34040449
1059	0.26246591
1060	0.25899091
1061	0.26080248
1062	0.35500132
1063	0.32960260
1064	0.33742917
1065	0.24976579
1066	0.32465541
1067	0.29390777
1068	0.26075901
1069	0.29136542
1070	0.29690537
1071	0.29880152
1072	0.31355304
1073	0.28718209
1074	0.34330837
1075	0.27757909
1076	0.26015533
1077	0.30119543
1078	0.31685821
1079	0.33475657
1080	0.34685445
1081	0.32298442
1082	0.31622208
1083	0.35182432
1084	0.31749371
1085	0.30944692
1086	0.26186711
1087	0.23633425
1088	0.36293618
1089	0.29831895
1090	0.26461563
1091	0.29607576
1092	0.29550497
1093	0.26448926
1094	0.29195140
1095	0.30398878
1096	0.24300553
1097	0.33683622
1098	0.25939696
1099	0.34512404
1100	0.27927648
1101	0.27589736
1102	0.30362240
1103	0.30210349
1104	0.32139351
1105	0.26450974
1106	0.28413033
1107	0.27168930
1108	0.31827276
1109	0.30778618
1110	0.26633858
1111	0.22674964
1112	0.25597945
1113	0.28522696
1114	0.28306687
1115	0.26980621
1116	0.25482752
1117	0.21534716
1118	0.26729539
1119	0.27855962
1120	0.25340897
1121	0.31216607
1122	0.33163221
1123	0.29966567
1124	0.27938998
1125	0.28170621
1126	0.31395373
1127	0.29431390
1128	0.29203918
1129	0.28965861
1130	0.25398385
1131	0.26387047
1132	0.34383914
1133	0.29161242
1134	0.30007748
1135	0.33863369
1136	0.33939151
1137	0.25735825
1138	0.29723177
1139	0.31231691
1140	0.30319419
1141	0.34651915
1142	0.35527099
1143	0.28772107
1144	0.30317796
1145	0.28861046
1146	0.32048854
1147	0.27723882
1148	0.28240613
1149	0.30769740
1150	0.32148802
1151	0.30462143
1152	0.29623141
1153	0.30342067
1154	0.28294808
1155	0.35512240
1156	0.24858217
1157	0.32691879
1158	0.28308630
1159	0.31377564
1160	0.34567324
1161	0.26384143
1162	0.32215541
1163	0.28149796
1164	0.30477039
1165	0.31431943
1166	0.28278405
1167	0.31379796
1168	0.28970501
1169	0.32228093
1170	0.27475829
1171	0.33081927
1172	0.29618001
1173	0.32858546
1174	0.29598033
1175	0.30272388
1176	0.27425821
1177	0.27349014
1178	0.27266699
1179	0.26654375
1180	0.29493914
1181	0.29313361
1182	0.33034788
1183	0.27394924
1184	0.30939559
1185	0.34544704
1186	0.30372668
1187	0.29414768
1188	0.33096166
1189	0.25359431
1190	0.28253337
1191	0.29831546
1192	0.32591154
1193	0.33368217
1194	0.32947993
1195	0.28341042
1196	0.28130341
1197	0.29307977
1198	0.27574607
1199	0.28585509
1200	0.29512744
1201	0.30124159
1202	0.24265445
1203	0.26784231
1204	0.28142356
1205	0.25499371
1206	0.26685308
1207	0.30077656
1208	0.24492596
1209	0.31421214
1210	0.27082312
1211	0.34297047
1212	0.27342604
1213	0.22854131
1214	0.32884010
1215	0.30734487
1216	0.27965737
1217	0.31418574
1218	0.30915829
1219	0.31822348
1220	0.31335152
1221	0.28888289
1222	0.32852965
1223	0.28056743
1224	0.29669183
1225	0.30074603
1226	0.30231931
1227	0.27726699
1228	0.23927760
1229	0.29596206
1230	0.27165000
1231	0.25680689
1232	0.27818642
1233	0.21622480
1234	0.24672740
1235	0.30535885
1236	0.28834451
1237	0.28349459
1238	0.33240264
1239	0.34451182
1240	0.24216799
1241	0.25270397
1242	0.33431126
1243	0.24200429
1244	0.25668570
1245	0.29376394
1246	0.25124527
1247	0.32275128
1248	0.29523109
1249	0.27390958
1250	0.25204932
1251	0.28423802
1252	0.26545625
1253	0.27358966
1254	0.25787432
1255	0.28080280
1256	0.26143365
1257	0.25230421
1258	0.35226318
1259	0.29570681
1260	0.27909046
1261	0.32440885
1262	0.29505841
1263	0.32970020
1264	0.27872260
1265	0.30150433
1266	0.23117829
1267	0.28714447
1268	0.29752760
1269	0.31535669
1270	0.25136234
1271	0.25599359
1272	0.28237993
1273	0.25929651
1274	0.24551899
1275	0.30205429
1276	0.31398157
1277	0.26210521
1278	0.28647179
1279	0.23873474
1280	0.30958914
1281	0.28330329
1282	0.24789143
1283	0.25951034
1284	0.28059119
1285	0.24803097
1286	0.27182296
1287	0.29314383
1288	0.28764467
1289	0.31222728
1290	0.25710685
1291	0.30861827
1292	0.29101438
1293	0.28566182
1294	0.27144888
1295	0.27796350
1296	0.24989683
1297	0.35200585
1298	0.27811122
1299	0.22725421
1300	0.28876542
1301	0.29320613
1302	0.26420244
1303	0.29424515
1304	0.30718706
1305	0.25654880
1306	0.30805901
1307	0.32653009
1308	0.29969607
1309	0.30901807
1310	0.25310905
1311	0.29127989
1312	0.22630188
1313	0.24809203
1314	0.29584631
1315	0.29483782
1316	0.27859231
1317	0.24878922
1318	0.30783201
1319	0.28781583
1320	0.27823357
1321	0.28453630
1322	0.28578682
1323	0.28032320
1324	0.29925601
1325	0.31394848
1326	0.28444551
1327	0.30680188
1328	0.27170004
1329	0.29729696
1330	0.34287660
1331	0.31076647
1332	0.31006639
1333	0.30162772
1334	0.27073806
1335	0.29858121
1336	0.25000593
1337	0.27262003
1338	0.26264071
1339	0.31424263
1340	0.28836074
1341	0.29138686
1342	0.26367780
1343	0.28245913
1344	0.32196711
1345	0.23644071
1346	0.29377704
1347	0.30548634
1348	0.25855477
1349	0.32137764
1350	0.30159539
1351	0.24954623
1352	0.27312167
1353	0.30443842
1354	0.22510701
1355	0.23663538
1356	0.32977977
1357	0.30225737
1358	0.25022476
1359	0.24975429
1360	0.30415821
1361	0.26319463
1362	0.24094283
1363	0.28069267
1364	0.24305080
1365	0.35207969
1366	0.22711446
1367	0.29015541
1368	0.22989199
1369	0.26218385
1370	0.28325986
1371	0.26980701
1372	0.33279335
1373	0.29245777
1374	0.31980325
1375	0.32116102
1376	0.28130481
1377	0.30751034
1378	0.27147873
1379	0.28668910
1380	0.28671579
1381	0.23232516
1382	0.28846074
1383	0.29026386
1384	0.28653646
1385	0.28576438
1386	0.26028694
1387	0.25143061
1388	0.21684367
1389	0.33483610
1390	0.31305937
1391	0.27036354
1392	0.26959683
1393	0.33297556
1394	0.25110244
1395	0.33568814
1396	0.30508105
1397	0.24471983
1398	0.28006655
1399	0.26565625
1400	0.26127981
1401	0.26662268
1402	0.27398033
1403	0.30329976
1404	0.24687444
1405	0.33144535
1406	0.21555349
1407	0.28025889
1408	0.24404079
1409	0.25830950
1410	0.29900048
1411	0.23752656
1412	0.30711478
1413	0.31891166
1414	0.27260308
1415	0.27403429
1416	0.28181130
1417	0.30696827
1418	0.27567083
1419	0.29733750
1420	0.28768902
1421	0.28457336
1422	0.29257644
1423	0.30776446
1424	0.31645613
1425	0.25339591
1426	0.27150521
1427	0.33273197
1428	0.26000429
1429	0.28345717
1430	0.28394692
1431	0.25819696
1432	0.29367320
1433	0.25054046
1434	0.28201879
1435	0.29354535
1436	0.22310893
1437	0.28130168
1438	0.29316851
1439	0.25936675
1440	0.29299235
1441	0.25004243
1442	0.26631931
1443	0.22322748
1444	0.32479403
1445	0.26349167
1446	0.32496991
1447	0.26278594
1448	0.22697151
1449	0.26889599
1450	0.28199812
1451	0.29986130
1452	0.22650381
1453	0.27525092
1454	0.31723650
1455	0.23272660
1456	0.29068870
1457	0.31734696
1458	0.24611338
1459	0.30577572
1460	0.28153462
1461	0.23805685
1462	0.25857392
1463	0.27565477
1464	0.28864704
1465	0.28501286
1466	0.28868417
1467	0.27970272
1468	0.27504075
1469	0.33914683
1470	0.29914555
1471	0.27154143
1472	0.29151446
1473	0.23260096
1474	0.27204848
1475	0.25335292
1476	0.33087159
1477	0.36007111
1478	0.26335541
1479	0.21067965
1480	0.25256767
1481	0.33351426
1482	0.24999740
1483	0.24592428
1484	0.27403654
1485	0.32261595
1486	0.25836947
1487	0.26772175
1488	0.29487732
1489	0.30962400
1490	0.32335220
1491	0.25122260
1492	0.28111382
1493	0.29427676
1494	0.31980865
1495	0.28606214
1496	0.25677352
1497	0.30358197
1498	0.23979900
1499	0.27963065
1500	0.25970693
1501	0.27538309
1502	0.20729736
1503	0.27137512
1504	0.27055853
1505	0.29191074
1506	0.31316458
1507	0.24869175
1508	0.18820477
1509	0.28541619
1510	0.31056150
1511	0.26842284
1512	0.32451506
1513	0.24712031
1514	0.26237095
1515	0.25930393
1516	0.26212296
1517	0.20751955
1518	0.21745417
1519	0.26897841
1520	0.28003586
1521	0.29719163
1522	0.28000737
1523	0.26290753
1524	0.28464195
1525	0.24134167
1526	0.27435329
1527	0.28403742
1528	0.29748101
1529	0.28077023
1530	0.23948746
1531	0.27652019
1532	0.24957568
1533	0.24061414
1534	0.25023121
1535	0.25211106
1536	0.24135264
1537	0.31078397
1538	0.23200032
1539	0.23549607
1540	0.28684075
1541	0.24104828
1542	0.27716474
1543	0.25755637
1544	0.25652364
1545	0.24600773
1546	0.27347833
1547	0.28166382
1548	0.27271599
1549	0.31862139
1550	0.27943365
1551	0.29482628
1552	0.31496534
1553	0.25538598
1554	0.37485809
1555	0.25323602
1556	0.24895994
1557	0.22337913
1558	0.23288466
1559	0.22669026
1560	0.26237352
1561	0.24488454
1562	0.23060513
1563	0.27501438
1564	0.30469631
1565	0.27693782
1566	0.22961591
1567	0.25376619
1568	0.27047636
1569	0.24313470
1570	0.31028478
1571	0.26530517
1572	0.32590313
1573	0.24440325
1574	0.24250966
1575	0.27680485
1576	0.26909459
1577	0.24280745
1578	0.27904992
1579	0.25718337
1580	0.25154828
1581	0.26700553
1582	0.23033361
1583	0.27629712
1584	0.27619399
1585	0.28604744
1586	0.31587252
1587	0.23419523
1588	0.24328970
1589	0.24064307
1590	0.31266394
1591	0.27700721
1592	0.26631919
1593	0.20890184
1594	0.30743990
1595	0.24671338
1596	0.26284151
1597	0.24600064
1598	0.22450296
1599	0.24779479
1600	0.28594199
1601	0.24659712
1602	0.23362272
1603	0.27497949
1604	0.30589091
1605	0.25205116
1606	0.27901470
1607	0.28102047
1608	0.24379111
1609	0.23276226
1610	0.27500697
1611	0.25511322
1612	0.26484087
1613	0.23096695
1614	0.28957288
1615	0.25887252
1616	0.27336058
1617	0.32741783
1618	0.26152043
1619	0.25831266
1620	0.28049924
1621	0.23561342
1622	0.26488626
1623	0.28225745
1624	0.24082644
1625	0.23900144
1626	0.28729663
1627	0.24372648
1628	0.26860978
1629	0.25314888
1630	0.25723061
1631	0.24538890
1632	0.25630537
1633	0.20069864
1634	0.24336715
1635	0.28859772
1636	0.24969643
1637	0.24737432
1638	0.30466398
1639	0.24218413
1640	0.35466759
1641	0.28705773
1642	0.26545084
1643	0.28337748
1644	0.28730881
1645	0.27340096
1646	0.27582672
1647	0.24306955
1648	0.30477059
1649	0.28814527
1650	0.25058261
1651	0.25369287
1652	0.25825088
1653	0.23354291
1654	0.27042652
1655	0.23385621
1656	0.27198193
1657	0.27396995
1658	0.27165032
1659	0.28506759
1660	0.28163674
1661	0.29759075
1662	0.24624203
1663	0.25274251
1664	0.23784716
1665	0.25871542
1666	0.23201823
1667	0.26756643
1668	0.24260861
1669	0.21324303
1670	0.24692812
1671	0.25929864
1672	0.29905721
1673	0.31146042
1674	0.26494643
1675	0.30417560
1676	0.30124976
1677	0.25471326
1678	0.25324868
1679	0.25135204
1680	0.22120605
1681	0.27014347
1682	0.23279251
1683	0.21700477
1684	0.26225481
1685	0.26104932
1686	0.27398173
1687	0.27661190
1688	0.24438494
1689	0.25400204
1690	0.25701518
1691	0.25778758
1692	0.24856671
1693	0.26028942
1694	0.23950112
1695	0.27047672
1696	0.28527312
1697	0.23758658
1698	0.25645529
1699	0.28126534
1700	0.22987376
1701	0.27807921
1702	0.24058285
1703	0.27251110
1704	0.25796330
1705	0.24294852
1706	0.27939627
1707	0.25164820
1708	0.26835513
1709	0.26669111
1710	0.29693810
1711	0.26419643
1712	0.30702821
1713	0.26587696
1714	0.24748425
1715	0.28227817
1716	0.20542865
1717	0.26975048
1718	0.28621755
1719	0.27576478
1720	0.27642388
1721	0.26477276
1722	0.23785994
1723	0.25783117
1724	0.24548870
1725	0.22633738
1726	0.28840068
1727	0.20795252
1728	0.27002196
1729	0.25611554
1730	0.25878866
1731	0.23737652
1732	0.26962981
1733	0.29888165
1734	0.26824659
1735	0.29754255
1736	0.26399972
1737	0.25333494
1738	0.29321466
1739	0.27675469
1740	0.24407007
1741	0.25547869
1742	0.27492945
1743	0.22252492
1744	0.27524323
1745	0.28375409
1746	0.28198233
1747	0.27731871
1748	0.22865196
1749	0.26986062
1750	0.23518550
1751	0.29585473
1752	0.23442660
1753	0.24768013
1754	0.25332648
1755	0.22302328
1756	0.25286671
1757	0.25223213
1758	0.29090689
1759	0.24761342
1760	0.28647572
1761	0.24484299
1762	0.21970601
1763	0.26948269
1764	0.24802352
1765	0.19709331
1766	0.25238093
1767	0.28255176
1768	0.26948638
1769	0.25514748
1770	0.22576270
1771	0.28798630
1772	0.28582135
1773	0.24244475
1774	0.25566971
1775	0.22460805
1776	0.26511979
1777	0.23320449
1778	0.25280605
1779	0.21964091
1780	0.24579002
1781	0.24743037
1782	0.24923922
1783	0.28382821
1784	0.32569820
1785	0.24231422
1786	0.27147965
1787	0.31534131
1788	0.21450288
1789	0.26737700
1790	0.28837889
1791	0.26052572
1792	0.24767488
1793	0.24921282
1794	0.23353726
1795	0.23705080
1796	0.23103009
1797	0.26202989
1798	0.26683241
1799	0.23976567
1800	0.23245132
1801	0.27402500
1802	0.25831963
1803	0.26750044
1804	0.24140128
1805	0.20803714
1806	0.20185268
1807	0.26015561
1808	0.23821847
1809	0.23878586
1810	0.32145032
1811	0.27737800
1812	0.25102917
1813	0.30669531
1814	0.19532163
1815	0.28756927
1816	0.25736418
1817	0.23114852
1818	0.22963942
1819	0.25685998
1820	0.27057380
1821	0.19102192
1822	0.25850789
1823	0.28583105
1824	0.28517280
1825	0.27078706
1826	0.24776911
1827	0.27816871
1828	0.25744760
1829	0.23559623
1830	0.23816514
1831	0.22479062
1832	0.21377183
1833	0.25193133
1834	0.25819331
1835	0.27420669
1836	0.23799479
1837	0.23598373
1838	0.29467881
1839	0.24736114
1840	0.28309067
1841	0.28204219
1842	0.23202404
1843	0.23000549
1844	0.23369996
1845	0.28765565
1846	0.26992664
1847	0.28652179
1848	0.24782676
1849	0.23377236
1850	0.28960176
1851	0.23648442
1852	0.27361711
1853	0.24285982
1854	0.27142031
1855	0.22634519
1856	0.23860589
1857	0.24524792
1858	0.23544283
1859	0.28013746
1860	0.26143802
1861	0.25803381
1862	0.22250709
1863	0.28869635
1864	0.27740645
1865	0.23276919
1866	0.25770449
1867	0.30311827
1868	0.21237993
1869	0.25472841
1870	0.23923241
1871	0.27075276
1872	0.28479467
1873	0.26288630
1874	0.20034768
1875	0.22085929
1876	0.24778417
1877	0.24757889
1878	0.29371939
1879	0.26349062
1880	0.28366575
1881	0.23169980
1882	0.24331006
1883	0.25452556
1884	0.24871791
1885	0.23161222
1886	0.25415244
1887	0.24365204
1888	0.28673113
1889	0.20803241
1890	0.27870016
1891	0.25469307
1892	0.26400349
1893	0.24376286
1894	0.25700449
1895	0.22149255
1896	0.24766354
1897	0.20525889
1898	0.24536450
1899	0.25812248
1900	0.27394712
1901	0.19238305
1902	0.26400024
1903	0.26078185
1904	0.28227616
1905	0.28620028
1906	0.22155024
1907	0.25740308
1908	0.21811763
1909	0.27308425
1910	0.25292644
1911	0.27865505
1912	0.25175260
1913	0.27699720
1914	0.24865068
1915	0.25943806
1916	0.25669976
1917	0.19989038
1918	0.23534651
1919	0.26522504
1920	0.26117015
1921	0.21770056
1922	0.23927288
1923	0.28992981
1924	0.23992123
1925	0.23546827
1926	0.30109491
1927	0.24858021
1928	0.20597280
1929	0.23702288
1930	0.25990517
1931	0.20402368
1932	0.26613662
1933	0.25490717
1934	0.22747155
1935	0.30871579
1936	0.23904079
1937	0.25409351
1938	0.21477392
1939	0.24179319
1940	0.27239475
1941	0.23822833
1942	0.22509912
1943	0.31485357
1944	0.24976771
1945	0.22752436
1946	0.25886482
1947	0.23582889
1948	0.21116911
1949	0.25073862
1950	0.23853710
1951	0.26332608
1952	0.30299840
1953	0.26546663
1954	0.26571402
1955	0.24481647
1956	0.24983722
1957	0.25020012
1958	0.24100825
1959	0.27707360
1960	0.24448574
1961	0.21358630
1962	0.24183297
1963	0.26868133
1964	0.23286362
1965	0.27243514
1966	0.25145741
1967	0.30402640
1968	0.25998742
1969	0.27012484
1970	0.26659804
1971	0.22410072
1972	0.22432680
1973	0.26734351
1974	0.28510801
1975	0.28062496
1976	0.24955417
1977	0.23007135
1978	0.21763522
1979	0.22175453
1980	0.27866326
1981	0.20101815
1982	0.29479631
1983	0.21832083
1984	0.26768630
1985	0.25110349
1986	0.22698317
1987	0.27517588
1988	0.23767023
1989	0.25759026
1990	0.25720252
1991	0.23804054
1992	0.28012280
1993	0.23918329
1994	0.27012692
1995	0.26884635
1996	0.29252841
1997	0.28025889
1998	0.24933305
1999	0.26444083
2000	0.24001190
2001	0.26046006
2002	0.19656839
2003	0.24886302
2004	0.25951302
2005	0.25403502
2006	0.25391530
2007	0.24679800
2008	0.26930785
2009	0.22737632
2010	0.26209471
2011	0.29117047
2012	0.26107244
2013	0.28225621
2014	0.28190749
2015	0.22752841
2016	0.25060461
2017	0.23650881
2018	0.26833862
2019	0.21110369
2020	0.26777897
2021	0.31603117
2022	0.22594295
2023	0.23857989
2024	0.20582440
2025	0.28435657
2026	0.22482131
2027	0.22845541
2028	0.26227143
2029	0.24866623
2030	0.28959599
2031	0.20931807
2032	0.25683598
2033	0.26746643
2034	0.27463450
2035	0.22802007
2036	0.25868806
2037	0.27409483
2038	0.25653065
2039	0.24210252
2040	0.24114030
2041	0.27815264
2042	0.26319247
2043	0.21514479
2044	0.24267660
2045	0.27155292
2046	0.26904083
2047	0.21708101
2048	0.22524635
2049	0.27423241
2050	0.26901350
2051	0.28988413
2052	0.29414159
2053	0.22203153
2054	0.27098934
2055	0.20118053
2056	0.23831450
2057	0.25553578
2058	0.26500673
2059	0.25349391
2060	0.22746550
2061	0.28511935
2062	0.25463361
2063	0.21562933
2064	0.24611038
2065	0.22313425
2066	0.21701623
2067	0.29174467
2068	0.25272612
2069	0.24680236
2070	0.25923666
2071	0.26631619
2072	0.21764231
2073	0.28909503
2074	0.26911062
2075	0.22384279
2076	0.26615060
2077	0.19997163
2078	0.23132708
2079	0.25606086
2080	0.21698746
2081	0.22339748
2082	0.23051022
2083	0.25438814
2084	0.30949271
2085	0.26850950
2086	0.25695220
2087	0.23108341
2088	0.25160417
2089	0.26334800
2090	0.22564848
2091	0.22872468
2092	0.24973269
2093	0.28830645
2094	0.23284255
2095	0.21995000
2096	0.24301114
2097	0.28450272
2098	0.24408345
2099	0.21902396
2100	0.24135529
2101	0.27951098
2102	0.28817200
2103	0.21413702
2104	0.22422965
2105	0.24808506
2106	0.21421959
2107	0.22516855
2108	0.21482508
2109	0.23639655
2110	0.25572316
2111	0.23802280
2112	0.21261831
2113	0.26723570
2114	0.25627688
2115	0.24450465
2116	0.21416899
2117	0.25472708
2118	0.21168381
2119	0.21379571
2120	0.22489655
2121	0.24365857
2122	0.19461571
2123	0.28298470
2124	0.24483710
2125	0.23740357
2126	0.29642592
2127	0.25822240
2128	0.20493878
2129	0.26953538
2130	0.24329423
2131	0.27429407
2132	0.25742019
2133	0.22843726
2134	0.23207432
2135	0.26127857
2136	0.24108113
2137	0.30301711
2138	0.22090216
2139	0.20609904
2140	0.21889471
2141	0.27345829
2142	0.27092103
2143	0.23015453
2144	0.23888425
2145	0.26850849
2146	0.27182392
2147	0.21135829
2148	0.21929115
2149	0.31322728
2150	0.26621122
2151	0.23578730
2152	0.22771715
2153	0.26168105
2154	0.26412548
2155	0.25397977
2156	0.21093381
2157	0.25991571
2158	0.22786787
2159	0.26852039
2160	0.26639495
2161	0.23288586
2162	0.20645741
2163	0.23016903
2164	0.28278602
2165	0.21749587
2166	0.24054135
2167	0.25494736
2168	0.25806831
2169	0.25223281
2170	0.20527015
2171	0.23218550
2172	0.23433522
2173	0.28479063
2174	0.21379507
2175	0.23053630
2176	0.22493237
2177	0.24953750
2178	0.29115252
2179	0.25313037
2180	0.26823021
2181	0.21698834
2182	0.26287792
2183	0.24305885
2184	0.21904812
2185	0.22731538
2186	0.21209251
2187	0.27423438
2188	0.23027977
2189	0.23581006
2190	0.23355493
2191	0.21062825
2192	0.23116266
2193	0.20124351
2194	0.25177660
2195	0.22982408
2196	0.22799732
2197	0.25631755
2198	0.28201282
2199	0.24242732
2200	0.26756550
2201	0.26559587
2202	0.21965717
2203	0.20236631
2204	0.23329511
2205	0.24026763
2206	0.24403670
2207	0.25743037
2208	0.21456959
2209	0.25139531
2210	0.23910469
2211	0.20150321
2212	0.23844551
2213	0.25519467
2214	0.28679010
2215	0.28046302
2216	0.25247536
2217	0.22880052
2218	0.21370321
2219	0.25463474
2220	0.23690645
2221	0.28670349
2222	0.26846542
2223	0.25711486
2224	0.24622328
2225	0.25159355
2226	0.24337071
2227	0.24446190
2228	0.26450164
2229	0.22591438
2230	0.22922204
2231	0.26126398
2232	0.24445689
2233	0.22800072
2234	0.21385296
2235	0.21341306
2236	0.29304275
2237	0.26704455
2238	0.24281727
2239	0.25999058
2240	0.26435645
2241	0.20471118
2242	0.22782420
2243	0.24515337
2244	0.22288530
2245	0.21771879
2246	0.26676226
2247	0.27622901
2248	0.19135709
2249	0.27218970
2250	0.22968870
2251	0.25651450
2252	0.21465236
2253	0.23217600
2254	0.21385469
2255	0.24877504
2256	0.25453173
2257	0.19411847
2258	0.27856158
2259	0.21518870
2260	0.22664623
2261	0.24776142
2262	0.22031026
2263	0.26328970
2264	0.22014623
2265	0.28319996
2266	0.24436378
2267	0.24722179
2268	0.24589379
2269	0.23766558
2270	0.26319848
2271	0.25580381
2272	0.27039692
2273	0.19692716
2274	0.24244627
2275	0.25297752
2276	0.21718225
2277	0.24222179
2278	0.25840104
2279	0.22472083
2280	0.26606943
2281	0.24214195
2282	0.24001795
2283	0.23575128
2284	0.22572825
2285	0.26389131
2286	0.23674976
2287	0.18400128
2288	0.24867688
2289	0.21499523
2290	0.22983630
2291	0.21136899
2292	0.20819062
2293	0.21972496
2294	0.23987829
2295	0.20805813
2296	0.24607436
2297	0.24837917
2298	0.26407408
2299	0.20463590
2300	0.18750020
2301	0.24079095
2302	0.22512003
2303	0.26647997
2304	0.23002312
2305	0.22879259
2306	0.23247039
2307	0.21503506
2308	0.24294251
2309	0.26064615
2310	0.26060028
2311	0.24861879
2312	0.23912784
2313	0.24896106
2314	0.25306074
2315	0.23779030
2316	0.18354579
2317	0.21951554
2318	0.20083389
2319	0.23692063
2320	0.23193514
2321	0.26147292
2322	0.32170240
2323	0.25333506
2324	0.20623538
2325	0.23807187
2326	0.25256190
2327	0.20174123
2328	0.25277336
2329	0.25623766
2330	0.23851302
2331	0.20518177
2332	0.22859960
2333	0.26987516
2334	0.24921162
2335	0.29021743
2336	0.25406178
2337	0.23113870
2338	0.20483514
2339	0.24078173
2340	0.23936150
2341	0.18795869
2342	0.26402917
2343	0.23931530
2344	0.23894046
2345	0.26014451
2346	0.29423069
2347	0.23412460
2348	0.24650637
2349	0.22244327
2350	0.22318910
2351	0.21571074
2352	0.24489303
2353	0.23367688
2354	0.24223790
2355	0.24977504
2356	0.27223538
2357	0.24273458
2358	0.19093133
2359	0.25237320
2360	0.23816795
2361	0.22071731
2362	0.26208437
2363	0.20403670
2364	0.22832504
2365	0.23787825
2366	0.23595857
2367	0.23044467
2368	0.24907624
2369	0.22460978
2370	0.23283345
2371	0.26164639
2372	0.20593021
2373	0.24828462
2374	0.20066619
2375	0.23646839
2376	0.21864631
2377	0.29620785
2378	0.18234307
2379	0.24345397
2380	0.20854267
2381	0.22565501
2382	0.21680757
2383	0.20597616
2384	0.22296070
2385	0.22019014
2386	0.25571458
2387	0.24116522
2388	0.25859712
2389	0.22105601
2390	0.20854591
2391	0.24227083
2392	0.21408950
2393	0.24850589
2394	0.25974319
2395	0.23533686
2396	0.24384856
2397	0.24192612
2398	0.26898033
2399	0.27361542
2400	0.24022276
2401	0.20583121
2402	0.26074812
2403	0.24523858
2404	0.22610337
2405	0.21562171
2406	0.25060721
2407	0.23221731
2408	0.21925369
2409	0.20687175
2410	0.26219447
2411	0.25439748
2412	0.24620625
2413	0.25352264
2414	0.25379367
2415	0.23162584
2416	0.26282396
2417	0.30182941
2418	0.24751234
2419	0.25664219
2420	0.28774379
2421	0.25283846
2422	0.25948834
2423	0.24771394
2424	0.26792067
2425	0.21368494
2426	0.24559227
2427	0.22698766
2428	0.26056755
2429	0.23914319
2430	0.21951086
2431	0.24321939
2432	0.21569611
2433	0.20924687
2434	0.21432760
2435	0.33076963
2436	0.26439167
2437	0.27166106
2438	0.27029355
2439	0.22088237
2440	0.24911627
2441	0.29121522
2442	0.24103562
2443	0.23440565
2444	0.23939960
2445	0.21193498
2446	0.19159303
2447	0.20686290
2448	0.22715613
2449	0.23233033
2450	0.23379135
2451	0.22578674
2452	0.20588065
2453	0.22687524
2454	0.26602913
2455	0.22449391
2456	0.19633237
2457	0.25274936
2458	0.24058870
2459	0.22203405
2460	0.19840653
2461	0.23905337
2462	0.21845901
2463	0.23134155
2464	0.22681639
2465	0.21303065
2466	0.18254091
2467	0.21993754
2468	0.22654283
2469	0.24292035
2470	0.20427664
2471	0.21545485
2472	0.20474944
2473	0.20701943
2474	0.21766358
2475	0.22923141
2476	0.21183590
2477	0.20755268
2478	0.22712612
2479	0.23466623
2480	0.21914996
2481	0.22550060
2482	0.20324042
2483	0.22361663
2484	0.21270493
2485	0.21707748
2486	0.22129183
2487	0.23914844
2488	0.19316418
2489	0.24528514
2490	0.16640521
2491	0.23289507
2492	0.25715192
2493	0.21162348
2494	0.22320325
2495	0.24273369
2496	0.23149463
2497	0.20455413
2498	0.23764002
2499	0.24299395
2500	0.20517969
2501	0.20263986
2502	0.21576418
2503	0.20830204
2504	0.21348245
2505	0.23141070
2506	0.21755148
2507	0.25402865
2508	0.22249892
2509	0.22272893
2510	0.22613810
2511	0.23099359
2512	0.21881298
2513	0.28607688
2514	0.23191518
2515	0.20131883
2516	0.21057171
2517	0.24215012
2518	0.22004255
2519	0.22594046
2520	0.24751310
2521	0.23345974
2522	0.26242127
2523	0.29264115
2524	0.21628806
2525	0.18709259
2526	0.22982849
2527	0.24942236
2528	0.19723213
2529	0.20378233
2530	0.26070252
2531	0.21254940
2532	0.23210657
2533	0.23908297
2534	0.18822388
2535	0.22959623
2536	0.19101370
2537	0.22362023
2538	0.22094559
2539	0.24029888
2540	0.21564171
2541	0.22989535
2542	0.22150300
2543	0.18103165
2544	0.23384383
2545	0.24468305
2546	0.23526899
2547	0.22430072
2548	0.24923450
2549	0.21069611
2550	0.26020617
2551	0.23416607
2552	0.20534583
2553	0.24993934
2554	0.23003726
2555	0.21580669
2556	0.19337612
2557	0.21932456
2558	0.25798021
2559	0.22467035
2560	0.23165733
2561	0.23760765
2562	0.22825345
2563	0.21638297
2564	0.22041563
2565	0.21275785
2566	0.25195212
2567	0.22993546
2568	0.24178586
2569	0.19424635
2570	0.22946490
2571	0.24042720
2572	0.20338826
2573	0.21010192
2574	0.27348822
2575	0.22962240
2576	0.22231278
2577	0.22115517
2578	0.29301214
2579	0.24611691
2580	0.17877147
2581	0.20218538
2582	0.21253854
2583	0.26468273
2584	0.22822712
2585	0.25545136
2586	0.23287248
2587	0.22076514
2588	0.22793622
2589	0.24019780
2590	0.23088125
2591	0.26082636
2592	0.20778353
2593	0.17906911
2594	0.22383345
2595	0.18028490
2596	0.23660609
2597	0.23971635
2598	0.19791530
2599	0.18893309
2600	0.21503542
2601	0.20757424
2602	0.19991502
2603	0.22097796
2604	0.21977039
2605	0.23564832
2606	0.22830397
2607	0.21227961
2608	0.20754724
2609	0.22058249
2610	0.23866995
2611	0.18036230
2612	0.23343774
2613	0.22317424
2614	0.26201430
2615	0.20209571
2616	0.21902640
2617	0.22375016
2618	0.20727364
2619	0.18912720
2620	0.19400625
2621	0.24489647
2622	0.19449900
2623	0.24710521
2624	0.25189772
2625	0.20113834
2626	0.18826370
2627	0.20827813
2628	0.21371006
2629	0.21655817
2630	0.26245268
2631	0.20179239
2632	0.22085909
2633	0.22534463
2634	0.22250357
2635	0.22282492
2636	0.20356719
2637	0.20539227
2638	0.19097516
2639	0.21732857
2640	0.19530629
2641	0.25554944
2642	0.23876126
2643	0.23193085
2644	0.19985938
2645	0.23796162
2646	0.21680789
2647	0.22420801
2648	0.20856186
2649	0.21791238
2650	0.21185276
2651	0.22243017
2652	0.24295321
2653	0.20488658
2654	0.23476534
2655	0.22917107
2656	0.24463201
2657	0.23185905
2658	0.22204876
2659	0.20989627
2660	0.28348125
2661	0.19836490
2662	0.20302472
2663	0.21137208
2664	0.22015288
2665	0.22915256
2666	0.24324387
2667	0.25487051
2668	0.25201334
2669	0.20461731
2670	0.20043209
2671	0.22738317
2672	0.23022204
2673	0.24018782
2674	0.22225701
2675	0.17916647
2676	0.19005433
2677	0.25692901
2678	0.26994667
2679	0.22466346
2680	0.24915288
2681	0.23108994
2682	0.23733109
2683	0.24779331
2684	0.21625409
2685	0.21160813
2686	0.22589163
2687	0.22987472
2688	0.24259667
2689	0.24140857
2690	0.20802316
2691	0.20169419
2692	0.20134115
2693	0.21207917
2694	0.23560220
2695	0.22517488
2696	0.24681947
2697	0.18374283
2698	0.23258734
2699	0.20967957
2700	0.25190196
2701	0.23759014
2702	0.23563586
2703	0.20455357
2704	0.22425172
2705	0.16973594
2706	0.21822099
2707	0.20449319
2708	0.24614006
2709	0.21793522
2710	0.20480393
2711	0.23098193
2712	0.24748073
2713	0.20331422
2714	0.23488714
2715	0.26540865
2716	0.22262877
2717	0.23737079
2718	0.25625601
2719	0.22016378
2720	0.22844696
2721	0.18065633
2722	0.21938285
2723	0.23059736
2724	0.23100172
2725	0.18924583
2726	0.24139135
2727	0.23795950
2728	0.20868714
2729	0.20464748
2730	0.21138025
2731	0.22992760
2732	0.24078610
2733	0.19890921
2734	0.22533870
2735	0.27859255
2736	0.16972957
2737	0.21847776
2738	0.19209924
2739	0.21787432
2740	0.23697704
2741	0.22709748
2742	0.25246074
2743	0.21878970
2744	0.22247776
2745	0.16735705
2746	0.21682428
2747	0.22235905
2748	0.21554547
2749	0.21581510
2750	0.23224555
2751	0.20507043
2752	0.24914591
2753	0.21981342
2754	0.22369026
2755	0.22960589
2756	0.19652472
2757	0.23137808
2758	0.22981591
2759	0.24267224
2760	0.17669539
2761	0.20178598
2762	0.21617516
2763	0.23232336
2764	0.22565104
2765	0.21587841
2766	0.21742131
2767	0.24836250
2768	0.22586739
2769	0.22541486
2770	0.19762396
2771	0.22746831
2772	0.25265040
2773	0.19889828
2774	0.19012624
2775	0.19967200
2776	0.22345541
2777	0.23259575
2778	0.20290108
2779	0.23265801
2780	0.24126723
2781	0.24410974
2782	0.20678349
2783	0.19433726
2784	0.20178285
2785	0.23679239
2786	0.23921314
2787	0.19257929
2788	0.24385288
2789	0.19309295
2790	0.22511991
2791	0.19828610
2792	0.23675749
2793	0.21648325
2794	0.21355537
2795	0.22071607
2796	0.21338433
2797	0.21041675
2798	0.21647552
2799	0.23735308
2800	0.24311418
2801	0.23420653
2802	0.24289667
2803	0.20957051
2804	0.20553906
2805	0.24610144
2806	0.20041595
2807	0.22042248
2808	0.22354912
2809	0.20732704
2810	0.23838746
2811	0.24981723
2812	0.23969050
2813	0.19002023
2814	0.21603417
2815	0.21030032
2816	0.22899768
2817	0.23244732
2818	0.20603097
2819	0.23439880
2820	0.23833341
2821	0.19127833
2822	0.21811422
2823	0.21413634
2824	0.20091695
2825	0.25375481
2826	0.19593257
2827	0.21952700
2828	0.25104115
2829	0.21286875
2830	0.20908954
2831	0.20771478
2832	0.21699379
2833	0.19589499
2834	0.19341386
2835	0.20890938
2836	0.23707957
2837	0.21778361
2838	0.21344503
2839	0.23262684
2840	0.16892829
2841	0.23387885
2842	0.20902837
2843	0.24607344
2844	0.22577568
2845	0.24478474
2846	0.22397865
2847	0.22586595
2848	0.21054447
2849	0.23919908
2850	0.20258506
2851	0.22007440
2852	0.20703221
2853	0.21792957
2854	0.19354551
2855	0.25955325
2856	0.22295517
2857	0.21244639
2858	0.26820288
2859	0.21295228
2860	0.21112925
2861	0.22569948
2862	0.24183842
2863	0.21516827
2864	0.19988189
2865	0.16896655
2866	0.21853746
2867	0.22810369
2868	0.21490793
2869	0.24392183
2870	0.20534395
2871	0.18772183
2872	0.23088706
2873	0.24477059
2874	0.20732564
2875	0.24547692
2876	0.21883293
2877	0.21485645
2878	0.20568341
2879	0.20895072
2880	0.21238165
2881	0.23422224
2882	0.24205717
2883	0.21737043
2884	0.23615244
2885	0.22887596
2886	0.28184728
2887	0.20911090
2888	0.21357196
2889	0.22781402
2890	0.23163862
2891	0.22122332
2892	0.27411695
2893	0.22120401
2894	0.23266735
2895	0.20720713
2896	0.24855873
2897	0.20494511
2898	0.21556611
2899	0.20518490
2900	0.24205877
2901	0.19307857
2902	0.23456454
2903	0.22237817
2904	0.24727372
2905	0.19161530
2906	0.20263642
2907	0.23615653
2908	0.18920413
2909	0.17496971
2910	0.22990573
2911	0.23148137
2912	0.23025749
2913	0.20161575
2914	0.21879295
2915	0.23781727
2916	0.16959615
2917	0.22020705
2918	0.23349347
2919	0.21478858
2920	0.22012264
2921	0.18827468
2922	0.22841042
2923	0.21920192
2924	0.18497768
2925	0.20484227
2926	0.20201182
2927	0.19214840
2928	0.20608237
2929	0.24166538
2930	0.21850565
2931	0.21452532
2932	0.23831863
2933	0.20457320
2934	0.22391895
2935	0.20516398
2936	0.24672768
2937	0.22537220
2938	0.22706118
2939	0.25394744
2940	0.19731470
2941	0.21147071
2942	0.24090966
2943	0.23128694
2944	0.20114635
2945	0.16674435
2946	0.21139764
2947	0.23239543
2948	0.21249115
2949	0.21373590
2950	0.24260449
2951	0.21285617
2952	0.28877849
2953	0.26346294
2954	0.23199471
2955	0.18785517
2956	0.20918970
2957	0.18861603
2958	0.20330970
2959	0.22682171
2960	0.21059083
2961	0.20908550
2962	0.24250160
2963	0.24104431
2964	0.20784732
2965	0.22425192
2966	0.18157672
2967	0.23672508
2968	0.22653125
2969	0.25445292
2970	0.19826595
2971	0.19751034
2972	0.23275673
2973	0.20733514
2974	0.17384920
2975	0.26825353
2976	0.20769255
2977	0.20405224
2978	0.22084667
2979	0.25028614
2980	0.21273726
2981	0.19781719
2982	0.21162993
2983	0.24005377
2984	0.19667324
2985	0.23785641
2986	0.23591242
2987	0.21652147
2988	0.21040825
2989	0.18859563
2990	0.20726615
2991	0.22967897
2992	0.23897332
2993	0.21545982
2994	0.20661771
2995	0.22767616
2996	0.23131122
2997	0.20814058
2998	0.22504163
2999	0.21179639
3000	0.21791719
3001	0.22792360
3002	0.22328181
3003	0.19495581
3004	0.23994639
3005	0.19763157
3006	0.23597256
3007	0.21194547
3008	0.22796843
3009	0.20594531
3010	0.20441727
3011	0.20932584
3012	0.19369063
3013	0.18824623
3014	0.24722540
3015	0.18575228
3016	0.18612893
3017	0.20229383
3018	0.20678654
3019	0.21475885
3020	0.23563738
3021	0.20944058
3022	0.23177304
3023	0.19382921
3024	0.21332817
3025	0.26471474
3026	0.20831919
3027	0.26669439
3028	0.21616522
3029	0.18377179
3030	0.21432031
3031	0.23487015
3032	0.22216999
3033	0.21935429
3034	0.21111502
3035	0.21770505
3036	0.24207632
3037	0.20582608
3038	0.20934511
3039	0.22692700
3040	0.19509844
3041	0.21679447
3042	0.24683197
3043	0.19145697
3044	0.23233397
3045	0.24122412
3046	0.24313650
3047	0.21334147
3048	0.26200729
3049	0.20052344
3050	0.22816414
3051	0.22648105
3052	0.23291394
3053	0.25190180
3054	0.26588582
3055	0.21494111
3056	0.23096190
3057	0.20939856
3058	0.24077953
3059	0.22498674
3060	0.21551615
3061	0.21561162
3062	0.22416731
3063	0.22539251
3064	0.20639331
3065	0.19435148
3066	0.22832660
3067	0.21511615
3068	0.20662348
3069	0.22156130
3070	0.21914748
3071	0.18774792
3072	0.20679315
3073	0.19065837
3074	0.17613113
3075	0.23366182
3076	0.21033393
3077	0.20780998
3078	0.19548598
3079	0.21229988
3080	0.22426538
3081	0.25224591
3082	0.18523325
3083	0.18616526
3084	0.22568273
3085	0.19798297
3086	0.20831915
3087	0.20203742
3088	0.20269575
3089	0.20935825
3090	0.20819038
3091	0.23219235
3092	0.17799503
3093	0.21640276
3094	0.24898333
3095	0.17680345
3096	0.22972740
3097	0.21818806
3098	0.21341206
3099	0.20286711
3100	0.23922143
3101	0.16873594
3102	0.23589599
3103	0.23192977
3104	0.20746979
3105	0.19506631
3106	0.20574960
3107	0.20690345
3108	0.19493446
3109	0.18721226
3110	0.20167436
3111	0.21849087
3112	0.22592716
3113	0.20951030
3114	0.21600901
3115	0.22279367
3116	0.20472788
3117	0.19382564
3118	0.21606062
3119	0.18205304
3120	0.20390288
3121	0.22794419
3122	0.21770160
3123	0.22310136
3124	0.24752460
3125	0.21115465
3126	0.21872312
3127	0.22516502
3128	0.22337909
3129	0.21376695
3130	0.24180064
3131	0.19967993
3132	0.22801318
3133	0.22380373
3134	0.22120917
3135	0.22096126
3136	0.23174595
3137	0.20781835
3138	0.20311162
3139	0.21163241
3140	0.18637111
3141	0.21160108
3142	0.18453514
3143	0.22423514
3144	0.18505192
3145	0.21227308
3146	0.23243413
3147	0.23063197
3148	0.24929619
3149	0.19202921
3150	0.21782604
3151	0.18251126
3152	0.19714231
3153	0.24253273
3154	0.19139952
3155	0.21446534
3156	0.18003870
3157	0.20935669
3158	0.20911843
3159	0.22790276
3160	0.20143289
3161	0.21929383
3162	0.22268285
3163	0.22065913
3164	0.21020296
3165	0.23217520
3166	0.24145180
3167	0.19512644
3168	0.17053870
3169	0.18457700
3170	0.22800569
3171	0.19100909
3172	0.21367953
3173	0.18194091
3174	0.24282676
3175	0.21088265
3176	0.21865016
3177	0.22423045
3178	0.22711546
3179	0.19255769
3180	0.19749331
3181	0.24205060
3182	0.22231530
3183	0.20614451
3184	0.22870276
3185	0.24884888
3186	0.18799760
3187	0.19404884
3188	0.20197376
3189	0.19916418
3190	0.24052047
3191	0.23879159
3192	0.23327628
3193	0.22365781
3194	0.22396883
3195	0.24723946
3196	0.23551498
3197	0.22944784
3198	0.22407448
3199	0.20425028
3200	0.22099002
3201	0.16527949
3202	0.21871803
3203	0.20656759
3204	0.18871863
3205	0.21173986
3206	0.18682015
3207	0.19595028
3208	0.17468105
3209	0.21300653
3210	0.19804904
3211	0.23174531
3212	0.20908518
3213	0.20520893
3214	0.20311314
3215	0.15703762
3216	0.21028353
3217	0.20602788
3218	0.21465829
3219	0.20339187
3220	0.17742448
3221	0.21247632
3222	0.18558734
3223	0.20931719
3224	0.21482480
3225	0.20643778
3226	0.20538802
3227	0.19172989
3228	0.22412192
3229	0.21203950
3230	0.21150521
3231	0.18355625
3232	0.21472664
3233	0.17708025
3234	0.19729327
3235	0.24377079
3236	0.22020244
3237	0.17766923
3238	0.20996707
3239	0.25269391
3240	0.22195761
3241	0.20207244
3242	0.17478373
3243	0.18210264
3244	0.19506727
3245	0.16200457
3246	0.21114824
3247	0.22432885
3248	0.20820749
3249	0.21442484
3250	0.21226266
3251	0.20467079
3252	0.20885168
3253	0.23767015
3254	0.21689058
3255	0.19150817
3256	0.22891563
3257	0.19966767
3258	0.22939251
3259	0.17860569
3260	0.23832296
3261	0.19489307
3262	0.22810933
3263	0.18489327
3264	0.20984259
3265	0.22636486
3266	0.20205669
3267	0.19324111
3268	0.22012344
3269	0.19242933
3270	0.26985869
3271	0.22590160
3272	0.21582704
3273	0.20765845
3274	0.22921042
3275	0.24994447
3276	0.18849307
3277	0.21092424
3278	0.27849683
3279	0.21260184
3280	0.19309343
3281	0.19151907
3282	0.22054279
3283	0.22528297
3284	0.22088574
3285	0.16544307
3286	0.21838538
3287	0.21421494
3288	0.20735825
3289	0.22762792
3290	0.20745024
3291	0.25368193
3292	0.20549431
3293	0.23940288
3294	0.20982696
3295	0.18781723
3296	0.20559275
3297	0.19328982
3298	0.22293586
3299	0.22699932
3300	0.24445016
3301	0.22041731
3302	0.20950505
3303	0.24498502
3304	0.20697091
3305	0.18394119
3306	0.22086579
3307	0.19270893
3308	0.20676518
3309	0.21998217
3310	0.22355052
3311	0.25031883
3312	0.20462925
3313	0.22347336
3314	0.20286182
3315	0.22702652
3316	0.19081643
3317	0.21351010
3318	0.21979812
3319	0.19838061
3320	0.23489363
3321	0.23045056
3322	0.19108998
3323	0.22651787
3324	0.21810136
3325	0.21871078
3326	0.22692580
3327	0.22227468
3328	0.19198141
3329	0.23426639
3330	0.19025220
3331	0.20587821
3332	0.19525517
3333	0.20466502
3334	0.19978742
3335	0.19197488
3336	0.22185505
3337	0.18134030
3338	0.20431947
3339	0.18219535
3340	0.20145505
3341	0.17535601
3342	0.20586963
3343	0.21153902
3344	0.21302388
3345	0.21725553
3346	0.19545112
3347	0.20984014
3348	0.20476158
3349	0.22506815
3350	0.22357584
3351	0.18691158
3352	0.17768329
3353	0.19226619
3354	0.21988313
3355	0.21083101
3356	0.20471947
3357	0.21231755
3358	0.21164379
3359	0.19571542
3360	0.24751050
3361	0.23930148
3362	0.19765617
3363	0.17593285
3364	0.20442520
3365	0.22675220
3366	0.20996979
3367	0.22750549
3368	0.20199235
3369	0.20374431
3370	0.19794287
3371	0.19964591
3372	0.18528213
3373	0.20580128
3374	0.17760657
3375	0.20801494
3376	0.23118990
3377	0.16954091
3378	0.19307668
3379	0.21650966
3380	0.18956198
3381	0.23399816
3382	0.20333041
3383	0.21010317
3384	0.22456278
3385	0.22508990
3386	0.18801803
3387	0.22295144
3388	0.21545573
3389	0.23253546
3390	0.19038602
3391	0.20709295
3392	0.18832384
3393	0.22591258
3394	0.18141727
3395	0.21565353
3396	0.19608229
3397	0.20914395
3398	0.18607744
3399	0.22245657
3400	0.18872556
3401	0.26205921
3402	0.24516226
3403	0.21328566
3404	0.22147997
3405	0.22635100
3406	0.19650481
3407	0.21144696
3408	0.18758341
3409	0.17693021
3410	0.19577139
3411	0.19432660
3412	0.22477115
3413	0.22241739
3414	0.22003409
3415	0.23162175
3416	0.20689876
3417	0.20924107
3418	0.20591959
3419	0.22307744
3420	0.20471667
3421	0.24505962
3422	0.19576975
3423	0.19610321
3424	0.22898990
3425	0.16204671
3426	0.18192841
3427	0.21643049
3428	0.22264772
3429	0.19228249
3430	0.22791102
3431	0.22694760
3432	0.19042272
3433	0.21878357
3434	0.20082780
3435	0.19923906
3436	0.21129303
3437	0.20783053
3438	0.20019042
3439	0.16239167
3440	0.21134687
3441	0.21077260
3442	0.24219607
3443	0.22099383
3444	0.22646402
3445	0.19591703
3446	0.18947732
3447	0.19875313
3448	0.18094431
3449	0.20444627
3450	0.21371014
3451	0.23628622
3452	0.20634006
3453	0.19983758
3454	0.20011142
3455	0.19988878
3456	0.18412644
3457	0.21557312
3458	0.22620296
3459	0.20539403
3460	0.20561619
3461	0.19709932
3462	0.20624375
3463	0.23512821
3464	0.21239439
3465	0.20289026
3466	0.20858602
3467	0.21974187
3468	0.19777139
3469	0.19495757
3470	0.18630685
3471	0.19666222
3472	0.20730553
3473	0.17283622
3474	0.19975757
3475	0.19979107
3476	0.20028237
3477	0.22347756
3478	0.22396318
3479	0.19291286
3480	0.21670449
3481	0.16410950
3482	0.17571298
3483	0.20581703
3484	0.21220032
3485	0.18438682
3486	0.21990653
3487	0.17668498
3488	0.19687764
3489	0.18656354
3490	0.17704619
3491	0.23985357
3492	0.21934675
3493	0.22520493
3494	0.18115369
3495	0.22120204
3496	0.18595220
3497	0.22475597
3498	0.19489038
3499	0.17422853
3500	0.18148029
3501	0.21998558
3502	0.22923197
3503	0.20986627
3504	0.19555288
3505	0.17508878
3506	0.21463534
3507	0.22387464
3508	0.20042905
3509	0.20437340
3510	0.23202540
3511	0.21839804
3512	0.19367905
3513	0.20899343
3514	0.19468938
3515	0.22095986
3516	0.19440052
3517	0.18975433
3518	0.21218778
3519	0.19097572
3520	0.20280713
3521	0.21876795
3522	0.17341659
3523	0.19031086
3524	0.16741506
3525	0.20333133
3526	0.18477800
3527	0.21681603
3528	0.20674956
3529	0.17985385
3530	0.25830317
3531	0.21008369
3532	0.21186583
3533	0.21729079
3534	0.23831082
3535	0.18390092
3536	0.21133526
3537	0.17629828
3538	0.18398313
3539	0.19648221
3540	0.20542997
3541	0.21037208
3542	0.15463277
3543	0.22580505
3544	0.21155837
3545	0.17727344
3546	0.20629447
3547	0.25090809
3548	0.20106550
3549	0.21089247
3550	0.18080200
3551	0.20217877
3552	0.19751887
3553	0.22376286
3554	0.18719732
3555	0.20842432
3556	0.20593750
3557	0.18277059
3558	0.18397953
3559	0.21902917
3560	0.21012660
3561	0.23197336
3562	0.19701987
3563	0.18647272
3564	0.19482528
3565	0.17352572
3566	0.22421514
3567	0.18912055
3568	0.18477556
3569	0.22103546
3570	0.21808458
3571	0.22179720
3572	0.19086258
3573	0.22465028
3574	0.21329063
3575	0.18755341
3576	0.22985785
3577	0.19516166
3578	0.21979912
3579	0.21598690
3580	0.21092612
3581	0.20769992
3582	0.18658846
3583	0.18492977
3584	0.20835040
3585	0.22027272
3586	0.18729383
3587	0.22291410
3588	0.20352925
3589	0.21394375
3590	0.25389659
3591	0.19495016
3592	0.21156246
3593	0.21742492
3594	0.21406106
3595	0.22888433
3596	0.19198754
3597	0.21494447
3598	0.19581851
3599	0.22651931
3600	0.19739932
3601	0.18303261
3602	0.21380829
3603	0.19026406
3604	0.19755745
3605	0.20315525
3606	0.17619271
3607	0.17298746
3608	0.20816054
3609	0.21115168
3610	0.22180837
3611	0.19888574
3612	0.18109591
3613	0.19087268
3614	0.19937580
3615	0.20842464
3616	0.22563257
3617	0.20661607
3618	0.21095889
3619	0.21983181
3620	0.21345425
3621	0.17573309
3622	0.18132985
3623	0.16516386
3624	0.18106975
3625	0.19226791
3626	0.23684315
3627	0.21156054
3628	0.21380673
3629	0.18738209
3630	0.20066094
3631	0.15767492
3632	0.18045533
3633	0.22295825
3634	0.21130489
3635	0.21968061
3636	0.19308542
3637	0.19882023
3638	0.22506514
3639	0.22260817
3640	0.20427985
3641	0.22638590
3642	0.17697532
3643	0.20871843
3644	0.20060998
3645	0.20212188
3646	0.19685088
3647	0.18265577
3648	0.23132905
3649	0.19344383
3650	0.18954467
3651	0.23858446
3652	0.21314495
3653	0.19982288
3654	0.18307620
3655	0.18697684
3656	0.19521903
3657	0.18936887
3658	0.14371895
3659	0.22498325
3660	0.19518129
3661	0.22381679
3662	0.17891230
3663	0.23765425
3664	0.20196282
3665	0.17702147
3666	0.22143522
3667	0.18677220
3668	0.19292348
3669	0.22257893
3670	0.18635845
3671	0.19254022
3672	0.20462624
3673	0.19407829
3674	0.19448085
3675	0.21114944
3676	0.19286542
3677	0.20453746
3678	0.18395124
3679	0.18595140
3680	0.19461050
3681	0.19800966
3682	0.20992652
3683	0.20486090
3684	0.19364784
3685	0.20980641
3686	0.18535525
3687	0.23874371
3688	0.16332973
3689	0.19486891
3690	0.21685693
3691	0.20750461
3692	0.17228578
3693	0.25402696
3694	0.18877656
3695	0.18612115
3696	0.20435236
3697	0.15967532
3698	0.20343197
3699	0.18034780
3700	0.15539780
3701	0.19094455
3702	0.22410112
3703	0.21371727
3704	0.20463630
3705	0.23562700
3706	0.20245433
3707	0.20819010
3708	0.17297981
3709	0.19184215
3710	0.19679804
3711	0.17173137
3712	0.22068590
3713	0.18422023
3714	0.20861002
3715	0.20613277
3716	0.19785437
3717	0.20231659
3718	0.18398029
3719	0.18051142
3720	0.18459936
3721	0.22561078
3722	0.20324103
3723	0.18705136
3724	0.19404119
3725	0.19164451
3726	0.20541050
3727	0.19013502
3728	0.18234395
3729	0.17203582
3730	0.21227256
3731	0.19194812
3732	0.19135709
3733	0.19594351
3734	0.19912829
3735	0.20284026
3736	0.21995505
3737	0.19522608
3738	0.20764403
3739	0.15043458
3740	0.21420208
3741	0.21477600
3742	0.21141190
3743	0.19588249
3744	0.18665477
3745	0.19199852
3746	0.22313193
3747	0.23312400
3748	0.20538209
3749	0.19825813
3750	0.21254591
3751	0.24101510
3752	0.18378305
3753	0.22506891
3754	0.18264868
3755	0.20918602
3756	0.16992059
3757	0.22385889
3758	0.22185901
3759	0.18467380
3760	0.19180549
3761	0.20995465
3762	0.25476895
3763	0.18086454
3764	0.16756102
3765	0.22704347
3766	0.21035012
3767	0.25533281
3768	0.18751775
3769	0.18368994
3770	0.25125401
3771	0.16943341
3772	0.19553337
3773	0.20655589
3774	0.19130541
3775	0.17910184
3776	0.19069279
3777	0.18495681
3778	0.21158822
3779	0.20839980
3780	0.23457147
3781	0.22766290
3782	0.20516947
3783	0.17545216
3784	0.18683978
3785	0.22746831
3786	0.17638365
3787	0.20834595
3788	0.23175937
3789	0.19720769
3790	0.21219463
3791	0.19695549
3792	0.20470605
3793	0.20534103
3794	0.21271639
3795	0.21623898
3796	0.17929716
3797	0.20550088
3798	0.21679976
3799	0.19237320
3800	0.21358686
3801	0.20261370
3802	0.19952272
3803	0.19887849
3804	0.15979980
3805	0.20277179
3806	0.19490397
3807	0.15250813
3808	0.19713882
3809	0.18771747
3810	0.20759139
3811	0.23300116
3812	0.20026999
3813	0.20102720
3814	0.19154030
3815	0.18282636
3816	0.19973345
3817	0.21061118
3818	0.18301791
3819	0.20563069
3820	0.20674139
3821	0.20379667
3822	0.19114443
3823	0.22033654
3824	0.19542528
3825	0.21131915
3826	0.20170413
3827	0.16623229
3828	0.19181250
3829	0.19923001
3830	0.18047672
3831	0.16676494
3832	0.19837969
3833	0.22234980
3834	0.18724515
3835	0.20386354
3836	0.18579123
3837	0.19724143
3838	0.19260801
3839	0.18422099
3840	0.19589115
3841	0.17635028
3842	0.16382188
3843	0.19651278
3844	0.17465749
3845	0.23144006
3846	0.24155669
3847	0.18576446
3848	0.18086607
3849	0.19479143
3850	0.18701314
3851	0.22825088
3852	0.21120581
3853	0.17696002
3854	0.19448069
3855	0.18511651
3856	0.17737232
3857	0.18818910
3858	0.19750357
3859	0.19018906
3860	0.20290260
3861	0.20256214
3862	0.19877476
3863	0.18978798
3864	0.19613241
3865	0.16629495
3866	0.18167312
3867	0.18633654
3868	0.17636006
3869	0.17913594
3870	0.19911819
3871	0.18021490
3872	0.20420777
3873	0.19670112
3874	0.20765188
3875	0.20161158
3876	0.19087520
3877	0.19664351
3878	0.19205429
3879	0.21071631
3880	0.20649319
3881	0.19960096
3882	0.20988626
3883	0.19653778
3884	0.19638221
3885	0.19713093
3886	0.16646062
3887	0.21699780
3888	0.21897079
3889	0.15843181
3890	0.18341711
3891	0.21070501
3892	0.18775889
3893	0.18855982
3894	0.21426711
3895	0.20164319
3896	0.20875429
3897	0.22422668
3898	0.23414343
3899	0.21388926
3900	0.22023882
3901	0.19081354
3902	0.19773353
3903	0.17908582
3904	0.17692103
3905	0.18294263
3906	0.23036699
3907	0.21250148
3908	0.19584852
3909	0.18626579
3910	0.17541651
3911	0.18236030
3912	0.20207360
3913	0.23734523
3914	0.20294343
3915	0.18653301
3916	0.19886418
3917	0.23170304
3918	0.20098650
3919	0.19208470
3920	0.16881458
3921	0.20274696
3922	0.17673658
3923	0.20128926
3924	0.17506038
3925	0.18457861
3926	0.18963277
3927	0.17894900
3928	0.21113894
3929	0.21635605
3930	0.20594860
3931	0.21013165
3932	0.19885625
3933	0.18431130
3934	0.16951354
3935	0.16025717
3936	0.23394808
3937	0.21349367
3938	0.19328482
3939	0.16605160
3940	0.21069631
3941	0.21005417
3942	0.18176695
3943	0.18541014
3944	0.20146466
3945	0.22912592
3946	0.18548442
3947	0.15810958
3948	0.20914563
3949	0.20437208
3950	0.21116911
3951	0.19356903
3952	0.16200869
3953	0.18483373
3954	0.21930661
3955	0.19814527
3956	0.18713173
3957	0.19063986
3958	0.19771538
3959	0.16671114
3960	0.18961739
3961	0.14724315
3962	0.21210228
3963	0.19023353
3964	0.20650553
3965	0.20616278
3966	0.18275869
3967	0.20207812
3968	0.17034243
3969	0.19829559
3970	0.15383582
3971	0.20571999
3972	0.17680749
3973	0.18612256
3974	0.17737728
3975	0.18270621
3976	0.14515729
3977	0.24687063
3978	0.21073097
3979	0.16932091
3980	0.20026014
3981	0.19687396
3982	0.19534503
3983	0.18714259
3984	0.18481550
3985	0.18257636
3986	0.20260933
3987	0.19845970
3988	0.20763454
3989	0.19080737
3990	0.18167576
3991	0.20241518
3992	0.19014515
3993	0.20221827
3994	0.18506867
3995	0.16927800
3996	0.18699022
3997	0.19452857
3998	0.18176963
3999	0.20919615
4000	0.19039872
4001	0.18018393
4002	0.20219744
4003	0.16540805
4004	0.20270637
4005	0.19805437
4006	0.17801687
4007	0.17440970
4008	0.23831727
4009	0.18435397
4010	0.20092732
4011	0.17377155
4012	0.20576599
4013	0.18348273
4014	0.22578802
4015	0.22784876
4016	0.20882901
4017	0.19649367
4018	0.18341502
4019	0.18779872
4020	0.16453670
4021	0.17792119
4022	0.19860885
4023	0.20087392
4024	0.17669732
4025	0.19667139
4026	0.17660697
4027	0.17345697
4028	0.19961530
4029	0.17621214
4030	0.21489179
4031	0.19340505
4032	0.19055276
4033	0.20948910
4034	0.17130613
4035	0.19632885
4036	0.15714087
4037	0.19455853
4038	0.19458085
4039	0.19978538
4040	0.17854026
4041	0.18165978
4042	0.17674824
4043	0.16725853
4044	0.21198782
4045	0.18403906
4046	0.16940349
4047	0.21453289
4048	0.15888069
4049	0.20277412
4050	0.18633337
4051	0.20038586
4052	0.18590132
4053	0.20867792
4054	0.19727111
4055	0.18729836
4056	0.19998458
4057	0.21913686
4058	0.19504339
4059	0.22089191
4060	0.20623666
4061	0.21578658
4062	0.22169812
4063	0.19883870
4064	0.18984131
4065	0.16210701
4066	0.18542688
4067	0.19399872
4068	0.21942488
4069	0.19180805
4070	0.17490825
4071	0.18537392
4072	0.18848822
4073	0.17424331
4074	0.21022941
4075	0.17007833
4076	0.19266114
4077	0.19375256
4078	0.19719331
4079	0.19337212
4080	0.17630204
4081	0.20551891
4082	0.18455958
4083	0.20907496
4084	0.19899655
4085	0.20523301
4086	0.17016903
4087	0.18584952
4088	0.19627728
4089	0.21065096
4090	0.18501506
4091	0.20081783
4092	0.19855938
4093	0.19443301
4094	0.20117660
4095	0.20775020
4096	0.17805232
4097	0.14445152
4098	0.19252808
4099	0.16384888
4100	0.19359663
4101	0.13849295
4102	0.21792993
4103	0.22252792
4104	0.20995461
4105	0.17581899
4106	0.18611947
4107	0.18860573
4108	0.16352264
4109	0.16810160
4110	0.18505553
4111	0.16381218
4112	0.16480084
4113	0.20198866
4114	0.20284603
4115	0.21113830
4116	0.17588574
4117	0.21026863
4118	0.20467804
4119	0.17089736
4120	0.20764179
4121	0.17845665
4122	0.17352091
4123	0.19327159
4124	0.18800056
4125	0.19288502
4126	0.20278337
4127	0.18236246
4128	0.17573778
4129	0.19314760
4130	0.21443822
4131	0.19308654
4132	0.19969239
4133	0.19095733
4134	0.19881779
4135	0.17000569
4136	0.19664275
4137	0.14936026
4138	0.18752492
4139	0.20099515
4140	0.23021474
4141	0.19579716
4142	0.19350677
4143	0.18641206
4144	0.17042111
4145	0.16507784
4146	0.19831014
4147	0.18973405
4148	0.20190168
4149	0.18980160
4150	0.20942019
4151	0.20755200
4152	0.18197204
4153	0.19298133
4154	0.18724956
4155	0.19681631
4156	0.19255132
4157	0.13976871
4158	0.23170637
4159	0.17972825
4160	0.19837648
4161	0.17868810
4162	0.18715353
4163	0.15985545
4164	0.22001478
4165	0.16572364
4166	0.18334904
4167	0.19251070
4168	0.20404030
4169	0.15418742
4170	0.20017796
4171	0.18116258
4172	0.19490401
4173	0.21664563
4174	0.15380112
4175	0.20394663
4176	0.19668069
4177	0.19293662
4178	0.19071735
4179	0.17259579
4180	0.22129042
4181	0.20626266
4182	0.18617244
4183	0.16288253
4184	0.18718978
4185	0.15971847
4186	0.18311202
4187	0.18985757
4188	0.18232592
4189	0.20852684
4190	0.22928706
4191	0.16236591
4192	0.20593666
4193	0.16496823
4194	0.19132917
4195	0.17176406
4196	0.20227436
4197	0.19127360
4198	0.16827961
4199	0.20061130
4200	0.19790052
4201	0.18434812
4202	0.16743826
4203	0.19908305
4204	0.18848161
4205	0.18650641
4206	0.21079243
4207	0.17714034
4208	0.17203393
4209	0.17926699
4210	0.18767380
4211	0.18625877
4212	0.18041727
4213	0.19751490
4214	0.18282572
4215	0.21508478
4216	0.21189215
4217	0.17694788
4218	0.19129780
4219	0.17944471
4220	0.21404816
4221	0.18287368
4222	0.19696971
4223	0.20712312
4224	0.19298401
4225	0.22098061
4226	0.18153085
4227	0.19632720
4228	0.16846058
4229	0.17380104
4230	0.23952833
4231	0.19440308
4232	0.17894207
4233	0.19531815
4234	0.18551042
4235	0.15540677
4236	0.19428209
4237	0.18890978
4238	0.18415048
4239	0.20071502
4240	0.18852388
4241	0.17795501
4242	0.15700353
4243	0.20366538
4244	0.18243421
4245	0.20793762
4246	0.21888874
4247	0.20045717
4248	0.17976887
4249	0.18316663
4250	0.17990160
4251	0.22208273
4252	0.19456014
4253	0.17693301
4254	0.18153754
4255	0.18103021
4256	0.20504519
4257	0.22108566
4258	0.20800200
4259	0.13984295
4260	0.18472925
4261	0.20858990
4262	0.18498181
4263	0.20683357
4264	0.20761246
4265	0.16023393
4266	0.21165585
4267	0.18558602
4268	0.19491891
4269	0.21733089
4270	0.21996675
4271	0.15296863
4272	0.19161450
4273	0.14896691
4274	0.15063417
4275	0.16322752
4276	0.16838454
4277	0.16657248
4278	0.16304944
4279	0.22140260
4280	0.19491310
4281	0.19832316
4282	0.17928570
4283	0.21728061
4284	0.19422087
4285	0.17543482
4286	0.18353153
4287	0.19293165
4288	0.18539968
4289	0.15262720
4290	0.19638902
4291	0.17330032
4292	0.19055505
4293	0.18373990
4294	0.14711374
4295	0.20868650
4296	0.18691162
4297	0.22291763
4298	0.17634030
4299	0.18838490
4300	0.19291591
4301	0.17686278
4302	0.17694603
4303	0.17659659
4304	0.19618105
4305	0.16927384
4306	0.20335753
4307	0.19175188
4308	0.19951571
4309	0.21114363
4310	0.16589760
4311	0.20162921
4312	0.19576202
4313	0.18504503
4314	0.17443862
4315	0.19501687
4316	0.21844635
4317	0.20463998
4318	0.18414475
4319	0.20314696
4320	0.19403277
4321	0.16476983
4322	0.18429307
4323	0.16515172
4324	0.17204311
4325	0.16634211
4326	0.20595958
4327	0.19250641
4328	0.19144780
4329	0.16018121
4330	0.23376066
4331	0.18233894
4332	0.22007011
4333	0.17933866
4334	0.19226078
4335	0.17970016
4336	0.20012608
4337	0.17682889
4338	0.17543289
4339	0.20714307
4340	0.21959319
4341	0.21051743
4342	0.18018085
4343	0.18867119
4344	0.16834463
4345	0.19277083
4346	0.21396146
4347	0.19757776
4348	0.18104143
4349	0.20554335
4350	0.21665349
4351	0.17323554
4352	0.22011450
4353	0.18998433
4354	0.20622151
4355	0.17861655
4356	0.18140072
4357	0.23703397
4358	0.20140637
4359	0.18881174
4360	0.23131875
4361	0.16821410
4362	0.16394131
4363	0.21351390
4364	0.19359968
4365	0.20639824
4366	0.17070593
4367	0.19681683
4368	0.18598189
4369	0.18959876
4370	0.17491294
4371	0.19579531
4372	0.23017853
4373	0.17672067
4374	0.20359956
4375	0.17032111
4376	0.20899507
4377	0.16386587
4378	0.17160637
4379	0.22206899
4380	0.19073261
4381	0.21171847
4382	0.21342240
4383	0.19683429
4384	0.19618626
4385	0.19545625
4386	0.17510689
4387	0.13594423
4388	0.16260140
4389	0.15398866
4390	0.17850913
4391	0.23958546
4392	0.18652484
4393	0.17355076
4394	0.17898474
4395	0.16714700
4396	0.17015212
4397	0.17858393
4398	0.18505905
4399	0.19350413
4400	0.20293145
4401	0.20420321
4402	0.18580381
4403	0.17310833
4404	0.19911795
4405	0.17529195
4406	0.18186078
4407	0.19372260
4408	0.18008658
4409	0.17239860
4410	0.14871546
4411	0.21567512
4412	0.19604123
4413	0.21193518
4414	0.16387560
4415	0.20312023
4416	0.21844030
4417	0.18310429
4418	0.19492640
4419	0.17104419
4420	0.16693381
4421	0.17984884
4422	0.18802548
4423	0.21795825
4424	0.19686579
4425	0.17523490
4426	0.15370757
4427	0.18094667
4428	0.17033141
4429	0.20029087
4430	0.19307007
4431	0.16821462
4432	0.16136967
4433	0.16250429
4434	0.20594479
4435	0.18359940
4436	0.20609054
4437	0.21383341
4438	0.20803934
4439	0.17160521
4440	0.18690012
4441	0.18891522
4442	0.17518966
4443	0.18975445
4444	0.18642837
4445	0.20384792
4446	0.21470280
4447	0.20140893
4448	0.21841779
4449	0.15970076
4450	0.17892520
4451	0.21453910
4452	0.19188365
4453	0.15901234
4454	0.14755244
4455	0.20877416
4456	0.17877336
4457	0.20691202
4458	0.23182784
4459	0.18343361
4460	0.18368201
4461	0.22008718
4462	0.16845461
4463	0.18605465
4464	0.19344251
4465	0.19326751
4466	0.18105697
4467	0.19346643
4468	0.19160377
4469	0.18563313
4470	0.18935204
4471	0.17336927
4472	0.17820224
4473	0.17657616
4474	0.22026538
4475	0.19785942
4476	0.16213978
4477	0.21183045
4478	0.19815525
4479	0.18778329
4480	0.18048550
4481	0.16512196
4482	0.16880361
4483	0.20441002
4484	0.16186847
4485	0.16905317
4486	0.18554139
4487	0.17230789
4488	0.14645773
4489	0.17179151
4490	0.19605341
4491	0.19437768
4492	0.22870749
4493	0.20594087
4494	0.18602352
4495	0.18363353
4496	0.20849619
4497	0.16529679
4498	0.17437672
4499	0.21659623
4500	0.19496691
4501	0.21632131
4502	0.18000929
4503	0.17281238
4504	0.17632796
4505	0.17337139
4506	0.19800889
4507	0.19698113
4508	0.22240264
4509	0.22251731
4510	0.19002380
4511	0.21616390
4512	0.21446062
4513	0.17474651
4514	0.18088385
4515	0.18217059
4516	0.18747244
4517	0.22752865
4518	0.22121931
4519	0.19086198
4520	0.19082808
4521	0.17562821
4522	0.17474515
4523	0.18498053
4524	0.18872608
4525	0.20840809
4526	0.19343798
4527	0.17046366
4528	0.18661150
4529	0.19649203
4530	0.17438954
4531	0.16966591
4532	0.18963510
4533	0.20132744
4534	0.17576386
4535	0.17226266
4536	0.19041987
4537	0.20773333
4538	0.18804479
4539	0.17372023
4540	0.19927600
4541	0.18677953
4542	0.19123570
4543	0.16650088
4544	0.18781186
4545	0.18260148
4546	0.19746058
4547	0.19105597
4548	0.19663353
4549	0.16590012
4550	0.17623618
4551	0.21020489
4552	0.18875901
4553	0.19567560
4554	0.17858690
4555	0.20458249
4556	0.18647208
4557	0.19155994
4558	0.20055761
4559	0.15560252
4560	0.19022957
4561	0.20867825
4562	0.19844479
4563	0.16097123
4564	0.16655268
4565	0.15617296
4566	0.17185461
4567	0.21390821
4568	0.20485445
4569	0.21272328
4570	0.17267580
4571	0.19062111
4572	0.16858073
4573	0.18102997
4574	0.18697480
4575	0.17411166
4576	0.17640561
4577	0.17324836
4578	0.18366278
4579	0.17252644
4580	0.18905425
4581	0.16514591
4582	0.21969335
4583	0.18254972
4584	0.19507949
4585	0.18069704
4586	0.19118662
4587	0.19932292
4588	0.17570845
4589	0.17177732
4590	0.20808173
4591	0.19544050
4592	0.19135757
4593	0.18104491
4594	0.18166014
4595	0.19682244
4596	0.19236158
4597	0.16461362
4598	0.14432163
4599	0.20749455
4600	0.18156835
4601	0.19271150
4602	0.20697813
4603	0.18211723
4604	0.17585152
4605	0.17667376
4606	0.20717961
4607	0.21844030
4608	0.15704928
4609	0.22393994
4610	0.19695100
4611	0.17118313
4612	0.17684243
4613	0.18468301
4614	0.16511262
4615	0.21297969
4616	0.21824419
4617	0.19372937
4618	0.16117760
4619	0.21494675
4620	0.17321655
4621	0.17926030
4622	0.15025128
4623	0.20843001
4624	0.19185677
4625	0.16843253
4626	0.20393514
4627	0.16126006
4628	0.19302340
4629	0.17927368
4630	0.20193538
4631	0.21024687
4632	0.17854375
4633	0.18214099
4634	0.20806558
4635	0.17599535
4636	0.18267712
4637	0.20358065
4638	0.19888165
4639	0.16955421
4640	0.16167456
4641	0.20361290
4642	0.17889323
4643	0.16978922
4644	0.21191110
4645	0.20371182
4646	0.19953714
4647	0.18213293
4648	0.18377476
4649	0.17604844
4650	0.19218450
4651	0.17328942
4652	0.20033129
4653	0.16951763
4654	0.17002604
4655	0.21977560
4656	0.18720845
4657	0.19045517
4658	0.19519595
4659	0.19697143
4660	0.18317588
4661	0.18659287
4662	0.15729119
4663	0.18230044
4664	0.17519639
4665	0.17394663
4666	0.16135168
4667	0.17281118
4668	0.17799716
4669	0.16365837
4670	0.20195353
4671	0.18757452
4672	0.20349712
4673	0.18835441
4674	0.18870128
4675	0.17785665
4676	0.17825593
4677	0.15442260
4678	0.17591238
4679	0.19371679
4680	0.19106759
4681	0.16911939
4682	0.17727676
4683	0.18345697
4684	0.18841595
4685	0.13518173
4686	0.18097356
4687	0.19133450
4688	0.17555825
4689	0.18310381
4690	0.18731815
4691	0.19694683
4692	0.16220248
4693	0.17547784
4694	0.14853846
4695	0.21733842
4696	0.19178353
4697	0.15404111
4698	0.20012945
4699	0.18599848
4700	0.16371687
4701	0.19031378
4702	0.19154283
4703	0.15593017
4704	0.17939139
4705	0.18445176
4706	0.18709407
4707	0.16963758
4708	0.18854495
4709	0.20976987
4710	0.20661010
4711	0.16712480
4712	0.20573578
4713	0.16493285
4714	0.14931210
4715	0.19242240
4716	0.16912684
4717	0.19608610
4718	0.16374455
4719	0.21095745
4720	0.16661254
4721	0.14609916
4722	0.21066663
4723	0.18142392
4724	0.18406290
4725	0.17103558
4726	0.16917740
4727	0.17282560
4728	0.18083770
4729	0.19884455
4730	0.18122604
4731	0.17498454
4732	0.19785172
4733	0.16373790
4734	0.19146759
4735	0.18657552
4736	0.16475777
4737	0.20017320
4738	0.19110521
4739	0.17224399
4740	0.17393538
4741	0.15747704
4742	0.20335893
4743	0.18034708
4744	0.16149183
4745	0.19145801
4746	0.15711975
4747	0.18336350
4748	0.19522636
4749	0.21980669
4750	0.16524748
4751	0.18355693
4752	0.20513241
4753	0.14966863
4754	0.13898470
4755	0.17309123
4756	0.16123534
4757	0.22198417
4758	0.18472007
4759	0.16880385
4760	0.19368978
4761	0.19095365
4762	0.16457792
4763	0.17780741
4764	0.16528333
4765	0.16163029
4766	0.15925128
4767	0.18878482
4768	0.19475236
4769	0.17832023
4770	0.19368662
4771	0.19818742
4772	0.19830497
4773	0.14912428
4774	0.17515613
4775	0.17679888
4776	0.20605240
4777	0.15701302
4778	0.17413145
4779	0.19083602
4780	0.17326771
4781	0.18073554
4782	0.15243822
4783	0.18160000
4784	0.15975236
4785	0.19209543
4786	0.20696382
4787	0.19166591
4788	0.20304435
4789	0.17582368
4790	0.16596611
4791	0.13224555
4792	0.16318474
4793	0.16542208
4794	0.17182648
4795	0.17285517
4796	0.18212628
4797	0.19982540
4798	0.17096510
4799	0.19742528
4800	0.18750180
4801	0.18078437
4802	0.21299639
4803	0.17708882
4804	0.15396118
4805	0.15580633
4806	0.14621558
4807	0.18608790
4808	0.16850689
4809	0.19397340
4810	0.19781518
4811	0.19034199
4812	0.20082256
4813	0.18223417
4814	0.21230284
4815	0.17753261
4816	0.19893478
4817	0.20231002
4818	0.18746174
4819	0.17700942
4820	0.17771571
4821	0.18775954
4822	0.18238401
4823	0.21119167
4824	0.17560180
4825	0.19379263
4826	0.21026811
4827	0.18109183
4828	0.17965561
4829	0.15072380
4830	0.17853117
4831	0.22365401
4832	0.18196763
4833	0.18231811
4834	0.17486074
4835	0.18323446
4836	0.17629784
4837	0.19208253
4838	0.16444663
4839	0.20502564
4840	0.17859607
4841	0.17233542
4842	0.17941875
4843	0.19362728
4844	0.18869864
4845	0.18386270
4846	0.18757632
4847	0.18023009
4848	0.16941542
4849	0.15522204
4850	0.18665689
4851	0.20414535
4852	0.20735998
4853	0.17240433
4854	0.18601266
4855	0.18478574
4856	0.20399712
4857	0.16067047
4858	0.19793325
4859	0.18498045
4860	0.19086018
4861	0.16296034
4862	0.20711587
4863	0.14421719
4864	0.19071410
4865	0.18951755
4866	0.16841358
4867	0.18740489
4868	0.21696991
4869	0.19431891
4870	0.18939383
4871	0.21214171
4872	0.14701442
4873	0.18661042
4874	0.16475665
4875	0.16436430
4876	0.19642997
4877	0.20877448
4878	0.17731478
4879	0.18853770
4880	0.16467913
4881	0.16133265
4882	0.17035693
4883	0.19163474
4884	0.14660276
4885	0.20908421
4886	0.16784515
4887	0.17031971
4888	0.22097175
4889	0.18822973
4890	0.17636907
4891	0.16775761
4892	0.16720397
4893	0.20312977
4894	0.18992544
4895	0.17103882
4896	0.18396951
4897	0.16112804
4898	0.17121851
4899	0.19600697
4900	0.22146871
4901	0.18264575
4902	0.16655913
4903	0.15560797
4904	0.19644555
4905	0.19681114
4906	0.18596875
4907	0.18674311
4908	0.15007272
4909	0.18031999
4910	0.17416382
4911	0.18618321
4912	0.16707107
4913	0.14466887
4914	0.18976550
4915	0.14188850
4916	0.18096867
4917	0.13967011
4918	0.18840785
4919	0.19539347
4920	0.18079207
4921	0.19259876
4922	0.18601386
4923	0.18161679
4924	0.14791771
4925	0.20258113
4926	0.19097416
4927	0.17462833
4928	0.15847648
4929	0.17486194
4930	0.16682055
4931	0.18191198
4932	0.19448998
4933	0.19297252
4934	0.19566795
4935	0.20148602
4936	0.15184728
4937	0.21050433
4938	0.18696663
4939	0.17966174
4940	0.18848678
4941	0.18036374
4942	0.18649924
4943	0.16830473
4944	0.14700008
4945	0.15764159
4946	0.16231458
4947	0.16373209
4948	0.20829399
4949	0.18044339
4950	0.17734571
4951	0.17600721
4952	0.18387408
4953	0.19182776
4954	0.20891106
4955	0.18183998
4956	0.18204046
4957	0.17734683
4958	0.19314383
4959	0.18616306
4960	0.14400917
4961	0.16335300
4962	0.16593093
4963	0.19126855
4964	0.14831787
4965	0.18963526
4966	0.17478045
4967	0.16852460
4968	0.16603237
4969	0.16470773
4970	0.19042877
4971	0.20014463
4972	0.17268153
4973	0.20755974
4974	0.19608053
4975	0.17712039
4976	0.16963417
4977	0.15478289
4978	0.19243538
4979	0.17083978
4980	0.21073494
4981	0.17776859
4982	0.16271839
4983	0.17505869
4984	0.20450569
4985	0.19621206
4986	0.16172788
4987	0.18760805
4988	0.17858337
4989	0.20654391
4990	0.19339663
4991	0.20964980
