0	0.50545469
1	0.50429888
2	0.50378152
3	0.49992593
4	0.50529444
5	0.50520995
6	0.50534146
7	0.50478600
8	0.50115510
9	0.50538510
10	0.50512420
11	0.50526330
12	0.50506845
13	0.50547439
14	0.50517051
15	0.50536780
16	0.50521419
17	0.50480979
18	0.50498136
19	0.50529829
20	0.50508296
21	0.50495109
22	0.50512042
23	0.50459139
24	0.50511197
25	0.50433104
26	0.50444537
27	0.50292184
28	0.50504942
29	0.50478919
30	0.50433702
31	0.48847914
32	0.50519630
33	0.50465956
34	0.50260318
35	0.49237468
36	0.50516218
37	0.49767435
38	0.49238113
39	0.47903432
40	0.50507474
41	0.46683090
42	0.49346086
43	0.50345095
44	0.50441930
45	0.50531563
46	0.50498046
47	0.50380515
48	0.50154433
49	0.48500798
50	0.50521761
51	0.49251736
52	0.46996182
53	0.49748614
54	0.48771649
55	0.50146849
56	0.50385846
57	0.49695585
58	0.49684234
59	0.50093029
60	0.48029440
61	0.49873312
62	0.49980798
63	0.50321522
64	0.48753100
65	0.50395876
66	0.45577633
67	0.48430195
68	0.49529125
69	0.49823318
70	0.50264903
71	0.48765032
72	0.48350556
73	0.49160173
74	0.45099807
75	0.46753336
76	0.49487093
77	0.47373761
78	0.49610482
79	0.49740362
80	0.48321191
81	0.48575884
82	0.49984761
83	0.48938136
84	0.50157987
85	0.47697437
86	0.47981781
87	0.46355424
88	0.47404097
89	0.48311673
90	0.47475895
91	0.49170961
92	0.46678250
93	0.50103704
94	0.48207501
95	0.49238478
96	0.47930926
97	0.48508366
98	0.47249491
99	0.48245595
100	0.50283515
101	0.48912105
102	0.49790792
103	0.45826157
104	0.48937047
105	0.46200071
106	0.31376237
107	0.48392542
108	0.46487863
109	0.49487596
110	0.46975392
111	0.47814205
112	0.48852589
113	0.44222265
114	0.43187737
115	0.49354099
116	0.45989900
117	0.43875801
118	0.49748956
119	0.50509577
120	0.43593183
121	0.39161797
122	0.47577975
123	0.45513029
124	0.44381871
125	0.49128178
126	0.49843114
127	0.44993973
128	0.48494154
129	0.41806924
130	0.45837842
131	0.49384050
132	0.44662701
133	0.40815774
134	0.43918156
135	0.41312613
136	0.47493875
137	0.44361883
138	0.42762599
139	0.46887328
140	0.38245630
141	0.44383236
142	0.47855978
143	0.48866735
144	0.47343165
145	0.42151185
146	0.47640350
147	0.48754460
148	0.45958573
149	0.39211421
150	0.46201750
151	0.41156532
152	0.45331347
153	0.45617028
154	0.46406770
155	0.46411264
156	0.41909153
157	0.47494425
158	0.47043550
159	0.45543857
160	0.45414799
161	0.38536666
162	0.47622811
163	0.42723684
164	0.46189428
165	0.46578247
166	0.45125858
167	0.45547014
168	0.44644022
169	0.47142646
170	0.47324266
171	0.45352962
172	0.49267887
173	0.46393505
174	0.43180668
175	0.39698624
176	0.46490600
177	0.44813017
178	0.48640775
179	0.45235487
180	0.49249967
181	0.46944683
182	0.43897614
183	0.44096426
184	0.46864938
185	0.48818302
186	0.46430069
187	0.44299167
188	0.44315082
189	0.34252475
190	0.47162060
191	0.44140114
192	0.43476009
193	0.41280259
194	0.31171079
195	0.40921337
196	0.45973635
197	0.44942587
198	0.47580507
199	0.44133926
200	0.46699693
201	0.42916988
202	0.36601557
203	0.40679815
204	0.49447167
205	0.42595278
206	0.44926884
207	0.48366715
208	0.35773450
209	0.42275754
210	0.34567446
211	0.47779886
212	0.41146790
213	0.40330894
214	0.40267486
215	0.46793529
216	0.45204372
217	0.44011280
218	0.42509282
219	0.43976241
220	0.41170379
221	0.42691433
222	0.44188272
223	0.43646566
224	0.46711288
225	0.47277598
226	0.44982540
227	0.34509927
228	0.46435298
229	0.46033348
230	0.44340519
231	0.41016033
232	0.40411413
233	0.44431598
234	0.35263853
235	0.41641809
236	0.48219017
237	0.45567674
238	0.44688587
239	0.43659682
240	0.41949526
241	0.35199843
242	0.48218675
243	0.45095675
244	0.42751461
245	0.35866593
246	0.39934283
247	0.42713344
248	0.44102791
249	0.43040696
250	0.40739540
251	0.34557956
252	0.36716772
253	0.45161887
254	0.31037763
255	0.44861124
256	0.44998380
257	0.44270136
258	0.43618482
259	0.40912593
260	0.41112601
261	0.46357507
262	0.34960586
263	0.37693709
264	0.41316147
265	0.39749849
266	0.45796670
267	0.44843145
268	0.40224918
269	0.49673823
270	0.39758730
271	0.43874987
272	0.46503432
273	0.43887018
274	0.45048166
275	0.40468461
276	0.46791394
277	0.39227376
278	0.41942155
279	0.40173996
280	0.46623590
281	0.41248229
282	0.40919056
283	0.42054527
284	0.43084069
285	0.43225768
286	0.44203381
287	0.46600460
288	0.31188170
289	0.42155498
290	0.38925713
291	0.36163275
292	0.42585795
293	0.37049762
294	0.42089373
295	0.38770427
296	0.37758058
297	0.46126428
298	0.41378549
299	0.38405976
300	0.42719339
301	0.45390572
302	0.42640499
303	0.44430144
304	0.42876057
305	0.34043538
306	0.42169974
307	0.37925205
308	0.37036796
309	0.35666507
310	0.46622005
311	0.48072903
312	0.40135601
313	0.33348473
314	0.45037904
315	0.37788052
316	0.40215911
317	0.38017303
318	0.42559945
319	0.36015270
320	0.41737209
321	0.43529837
322	0.39116922
323	0.41085862
324	0.42576603
325	0.41114822
326	0.45162088
327	0.38713564
328	0.44397519
329	0.42988060
330	0.37636961
331	0.36974885
332	0.37631351
333	0.36953953
334	0.37717228
335	0.38186243
336	0.44908866
337	0.45089098
338	0.38986990
339	0.44223814
340	0.42415557
341	0.40619524
342	0.37728846
343	0.38359509
344	0.41113619
345	0.33096619
346	0.35344970
347	0.39239391
348	0.34626971
349	0.40290847
350	0.44434268
351	0.38566255
352	0.38165524
353	0.42471331
354	0.36509959
355	0.42260094
356	0.40460436
357	0.36571928
358	0.42527273
359	0.43180680
360	0.47925457
361	0.40574397
362	0.37505886
363	0.35103519
364	0.45767246
365	0.39945461
366	0.38747061
367	0.33157126
368	0.39534987
369	0.32317834
370	0.44088512
371	0.34824069
372	0.37011268
373	0.39350619
374	0.38084238
375	0.37911398
376	0.40186813
377	0.33289412
378	0.43045127
379	0.47799265
380	0.41803782
381	0.40068992
382	0.36980810
383	0.37651948
384	0.34834099
385	0.41558054
386	0.38290655
387	0.33650364
388	0.32030623
389	0.40795530
390	0.38947281
391	0.42498199
392	0.36410572
393	0.41920366
394	0.35733360
395	0.37932058
396	0.43372601
397	0.43393493
398	0.43291693
399	0.30647301
400	0.36863869
401	0.33753128
402	0.38866798
403	0.34799049
404	0.29516780
405	0.37823027
406	0.32202355
407	0.43617150
408	0.38241671
409	0.30559906
410	0.45563012
411	0.35822044
412	0.46968838
413	0.40685937
414	0.41961235
415	0.31136635
416	0.32795443
417	0.37908327
418	0.38668496
419	0.38887332
420	0.32783778
421	0.43707014
422	0.37442481
423	0.35497138
424	0.41741337
425	0.34578482
426	0.34863476
427	0.33634665
428	0.41179560
429	0.40235400
430	0.31110442
431	0.34748186
432	0.37075184
433	0.36144616
434	0.38557083
435	0.40516206
436	0.42776226
437	0.35258097
438	0.41323381
439	0.33400641
440	0.41621466
441	0.37364730
442	0.37266743
443	0.31226287
444	0.35334582
445	0.42035030
446	0.35468300
447	0.37723601
448	0.37234842
449	0.41244557
450	0.39136336
451	0.37983000
452	0.40393222
453	0.32721773
454	0.35373595
455	0.34837901
456	0.37432168
457	0.36605481
458	0.31452848
459	0.37825563
460	0.33546306
461	0.43032502
462	0.38501962
463	0.39043173
464	0.36862984
465	0.43293175
466	0.43411252
467	0.36928646
468	0.36353422
469	0.35721942
470	0.40109220
471	0.32097578
472	0.40960138
473	0.32940464
474	0.39933084
475	0.34386035
476	0.42000857
477	0.45059312
478	0.39343322
479	0.38843299
480	0.38784714
481	0.37581923
482	0.37408288
483	0.36878408
484	0.34717433
485	0.36806924
486	0.31265929
487	0.44706094
488	0.44203071
489	0.35000802
490	0.34468575
491	0.32311409
492	0.30627230
493	0.33340617
494	0.35673930
495	0.31948881
496	0.37870545
497	0.41278219
498	0.32359556
499	0.38035766
500	0.32408453
501	0.35303684
502	0.31739544
503	0.30690434
504	0.35102143
505	0.35390804
506	0.34613017
507	0.30260543
508	0.37183920
509	0.33362103
510	0.33601117
511	0.37755994
512	0.33517688
513	0.33897672
514	0.39492483
515	0.33428579
516	0.39654850
517	0.41638030
518	0.28802213
519	0.40974189
520	0.37691115
521	0.30542976
522	0.40618872
523	0.37880657
524	0.41769912
525	0.32225032
526	0.35573694
527	0.38993839
528	0.38160063
529	0.32708779
530	0.40505917
531	0.40601753
532	0.35399509
533	0.38889165
534	0.31226574
535	0.42403464
536	0.32362461
537	0.38384042
538	0.35429762
539	0.42474472
540	0.41931386
541	0.37354818
542	0.34069613
543	0.32173713
544	0.39852860
545	0.42300605
546	0.30008406
547	0.41112797
548	0.37665422
549	0.31392267
550	0.37508622
551	0.37360377
552	0.32455557
553	0.42832361
554	0.35434134
555	0.31014547
556	0.37704380
557	0.40195738
558	0.32538585
559	0.43283483
560	0.35459395
561	0.41903688
562	0.35535333
563	0.36817944
564	0.35018754
565	0.34485056
566	0.42106169
567	0.38338321
568	0.41190682
569	0.42049735
570	0.30563306
571	0.38827104
572	0.29005453
573	0.28625610
574	0.31862339
575	0.40355109
576	0.36774484
577	0.36226703
578	0.42256737
579	0.32762151
580	0.31523126
581	0.39717507
582	0.34941050
583	0.32869821
584	0.39519430
585	0.31608846
586	0.32803869
587	0.31503216
588	0.33426872
589	0.36420531
590	0.36944254
591	0.29046094
592	0.38924911
593	0.33903369
594	0.31987820
595	0.28584030
596	0.34306342
597	0.31209719
598	0.31876049
599	0.35981612
600	0.35173403
601	0.40395058
602	0.29384596
603	0.40064242
604	0.35888516
605	0.31222528
606	0.41493717
607	0.35856627
608	0.36511449
609	0.31599638
610	0.42182355
611	0.37155907
612	0.33652113
613	0.32067281
614	0.34462996
615	0.32772404
616	0.34148288
617	0.37238361
618	0.41127961
619	0.36062528
620	0.41636513
621	0.34248461
622	0.32013363
623	0.33714339
624	0.42925280
625	0.32666283
626	0.35465610
627	0.28655007
628	0.35952259
629	0.38100778
630	0.35424840
631	0.33524451
632	0.31626118
633	0.35520692
634	0.31515498
635	0.32198750
636	0.40486377
637	0.32555644
638	0.29660185
639	0.33246715
640	0.36000311
641	0.33720098
642	0.38511921
643	0.31849039
644	0.33958239
645	0.38667309
646	0.30542469
647	0.35799682
648	0.35144844
649	0.39593560
650	0.38944274
651	0.36971402
652	0.29807639
653	0.39546983
654	0.33312514
655	0.37770843
656	0.36879788
657	0.29026927
658	0.40835844
659	0.31638372
660	0.33681777
661	0.33178805
662	0.33054983
663	0.38282587
664	0.36964010
665	0.32498824
666	0.35798946
667	0.32566452
668	0.33929310
669	0.32275129
670	0.42472856
671	0.28553875
672	0.32660071
673	0.41667328
674	0.34433017
675	0.37373965
676	0.35253324
677	0.30695695
678	0.37962103
679	0.29867678
680	0.39467093
681	0.28551602
682	0.36301014
683	0.37429951
684	0.39469758
685	0.29063487
686	0.31880291
687	0.38254551
688	0.31897912
689	0.36518191
690	0.31679229
691	0.33883590
692	0.32354830
693	0.41841321
694	0.31367226
695	0.37629393
696	0.34051024
697	0.33797979
698	0.36696328
699	0.34627977
700	0.29010505
701	0.32470458
702	0.27058805
703	0.32710588
704	0.35711626
705	0.35340511
706	0.37515864
707	0.31510096
708	0.28156277
709	0.31933053
710	0.34169070
711	0.41273879
712	0.36042202
713	0.39020767
714	0.39203200
715	0.35641860
716	0.35139457
717	0.40296635
718	0.32654747
719	0.31277307
720	0.29311268
721	0.28782037
722	0.33322559
723	0.37208799
724	0.36543987
725	0.33109593
726	0.35519312
727	0.29228559
728	0.33205465
729	0.28637739
730	0.36921860
731	0.28388500
732	0.31788720
733	0.34753804
734	0.34488492
735	0.37055770
736	0.39964242
737	0.37239367
738	0.38117287
739	0.37460370
740	0.31668854
741	0.31327820
742	0.32820609
743	0.30901875
744	0.30692959
745	0.37628512
746	0.29336764
747	0.33353902
748	0.31286098
749	0.30848921
750	0.28017539
751	0.32297448
752	0.27174779
753	0.29539532
754	0.38271909
755	0.31906625
756	0.32257134
757	0.28132499
758	0.27994913
759	0.30456882
760	0.27855923
761	0.31376965
762	0.32093757
763	0.29766471
764	0.34670077
765	0.36670434
766	0.30103381
767	0.24163822
768	0.37589247
769	0.39882658
770	0.35997122
771	0.33827380
772	0.39982025
773	0.27040782
774	0.30523098
775	0.39864942
776	0.41482178
777	0.32092966
778	0.40458404
779	0.36042127
780	0.33894342
781	0.39511028
782	0.31430694
783	0.35265752
784	0.26745917
785	0.36101046
786	0.34464655
787	0.31704797
788	0.38469220
789	0.26400252
790	0.31117869
791	0.31020110
792	0.31664285
793	0.35680271
794	0.28044753
795	0.34970659
796	0.29324749
797	0.34034995
798	0.38320193
799	0.36080771
800	0.37499273
801	0.32254232
802	0.31957220
803	0.30551547
804	0.28893906
805	0.30116933
806	0.32763877
807	0.27381938
808	0.42786279
809	0.33507211
810	0.32369267
811	0.27151476
812	0.29271606
813	0.31723417
814	0.30587686
815	0.26574543
816	0.34626570
817	0.31025897
818	0.34723255
819	0.35856171
820	0.26795620
821	0.30134763
822	0.28663495
823	0.37783896
824	0.34268736
825	0.39221490
826	0.31819060
827	0.29682866
828	0.27194217
829	0.25085913
830	0.34691370
831	0.35543232
832	0.37477712
833	0.32971036
834	0.28169766
835	0.34322103
836	0.32968622
837	0.33939591
838	0.34827439
839	0.35543782
840	0.37504411
841	0.29972848
842	0.33030883
843	0.36329731
844	0.31063039
845	0.37132105
846	0.33193194
847	0.35625213
848	0.33329491
849	0.29083432
850	0.29048024
851	0.31084262
852	0.35118207
853	0.30562768
854	0.32451480
855	0.31089841
856	0.32393839
857	0.28301101
858	0.22885162
859	0.32765347
860	0.36367961
861	0.30344085
862	0.37973194
863	0.34227777
864	0.35502119
865	0.28420401
866	0.33546735
867	0.32732428
868	0.30448221
869	0.37564989
870	0.33297920
871	0.31047977
872	0.29657268
873	0.28807667
874	0.32522237
875	0.30084246
876	0.31198879
877	0.35419108
878	0.34204293
879	0.31257354
880	0.28522328
881	0.32541734
882	0.35143452
883	0.31226090
884	0.32840224
885	0.35744777
886	0.33404934
887	0.31230065
888	0.33558018
889	0.29925524
890	0.39503814
891	0.33767816
892	0.32860806
893	0.28551040
894	0.31301411
895	0.29187034
896	0.38451744
897	0.31148418
898	0.34937024
899	0.29166589
900	0.30379336
901	0.29056654
902	0.26520177
903	0.33622689
904	0.37363236
905	0.28191134
906	0.27531744
907	0.28982461
908	0.27704439
909	0.30965430
910	0.28767218
911	0.35049974
912	0.30796603
913	0.33107871
914	0.27664741
915	0.31538070
916	0.33250364
917	0.35479045
918	0.34250934
919	0.28025296
920	0.30765964
921	0.35971700
922	0.29158624
923	0.29095990
924	0.34286456
925	0.35283479
926	0.29646578
927	0.34042398
928	0.28799890
929	0.36251905
930	0.34988170
931	0.30496528
932	0.33246302
933	0.27125481
934	0.30685064
935	0.29945319
936	0.34537614
937	0.38124451
938	0.28023031
939	0.36257991
940	0.28848119
941	0.31604635
942	0.35229735
943	0.26989192
944	0.33526118
945	0.30749868
946	0.27245634
947	0.36322803
948	0.35600177
949	0.34502524
950	0.25447061
951	0.36556418
952	0.36757751
953	0.39961223
954	0.30838997
955	0.30068567
956	0.39245665
957	0.27587973
958	0.30237767
959	0.29654374
960	0.37289927
961	0.25837845
962	0.32449511
963	0.35548626
964	0.27735506
965	0.27220932
966	0.25550997
967	0.25668056
968	0.30647344
969	0.31863975
970	0.33582288
971	0.28036068
972	0.28457511
973	0.26416312
974	0.27145410
975	0.29410922
976	0.37814303
977	0.33333536
978	0.26144352
979	0.29880153
980	0.30706754
981	0.25985536
982	0.33375259
983	0.31633025
984	0.32071272
985	0.30245158
986	0.32831138
987	0.23296776
988	0.29491083
989	0.28041364
990	0.31902225
991	0.31917413
992	0.25869200
993	0.28566507
994	0.24132766
995	0.32230926
996	0.26275341
997	0.30162587
998	0.38167167
999	0.34453159
1000	0.35715101
1001	0.29483566
1002	0.33112514
1003	0.33600841
1004	0.32356155
1005	0.25553430
1006	0.31855412
1007	0.36942033
1008	0.32697181
1009	0.34648630
1010	0.26197566
1011	0.32412907
1012	0.29844502
1013	0.28036666
1014	0.24303778
1015	0.29209381
1016	0.32402898
1017	0.33165032
1018	0.27813419
1019	0.33005371
1020	0.28684997
1021	0.32857354
1022	0.32310002
1023	0.36215133
1024	0.34143519
1025	0.26619241
1026	0.32092247
1027	0.33416568
1028	0.37638184
1029	0.32623220
1030	0.26570033
1031	0.25049416
1032	0.34329762
1033	0.31842288
1034	0.28162591
1035	0.23630403
1036	0.31756178
1037	0.36960142
1038	0.33376560
1039	0.28459949
1040	0.30097283
1041	0.30139595
1042	0.29620409
1043	0.29683947
1044	0.32755428
1045	0.28738636
1046	0.30450678
1047	0.35447435
1048	0.27130600
1049	0.26805803
1050	0.33151358
1051	0.27910191
1052	0.33959308
1053	0.28861128
1054	0.31983145
1055	0.32347010
1056	0.26770556
1057	0.32024372
1058	0.33856340
1059	0.29551225
1060	0.33535471
1061	0.30854036
1062	0.26568795
1063	0.31758416
1064	0.33502615
1065	0.32676694
1066	0.24565276
1067	0.29980889
1068	0.33621376
1069	0.26701313
1070	0.25933572
1071	0.27298270
1072	0.28027918
1073	0.31491956
1074	0.31482040
1075	0.26713249
1076	0.30600397
1077	0.27679811
1078	0.29619355
1079	0.25583086
1080	0.25234767
1081	0.32582575
1082	0.30691119
1083	0.27199536
1084	0.33233922
1085	0.30915019
1086	0.32173875
1087	0.33127553
1088	0.35226412
1089	0.29417358
1090	0.30619972
1091	0.31008752
1092	0.31735652
1093	0.26061058
1094	0.31051732
1095	0.29363346
1096	0.37181639
1097	0.31053289
1098	0.29013187
1099	0.31341868
1100	0.33043118
1101	0.25447034
1102	0.24505976
1103	0.29828217
1104	0.30867364
1105	0.30503287
1106	0.31978899
1107	0.26292825
1108	0.29388103
1109	0.27846192
1110	0.27941050
1111	0.37697551
1112	0.28190651
1113	0.36202174
1114	0.30446578
1115	0.33448394
1116	0.27146896
1117	0.29280071
1118	0.31242835
1119	0.33839430
1120	0.22151618
1121	0.31444824
1122	0.31217708
1123	0.33187250
1124	0.32741490
1125	0.24655679
1126	0.29044482
1127	0.31823118
1128	0.27380759
1129	0.27959949
1130	0.28415082
1131	0.30172204
1132	0.35108677
1133	0.30457393
1134	0.30958129
1135	0.28758828
1136	0.30586861
1137	0.36100802
1138	0.32116064
1139	0.24166920
1140	0.29742449
1141	0.26211016
1142	0.29482949
1143	0.30733470
1144	0.28459013
1145	0.34929664
1146	0.39009514
1147	0.29993855
1148	0.27038671
1149	0.27447085
1150	0.27504848
1151	0.29954622
1152	0.32311166
1153	0.30351028
1154	0.27802784
1155	0.33783067
1156	0.29722811
1157	0.24598828
1158	0.25283039
1159	0.30806204
1160	0.24269625
1161	0.30954838
1162	0.27364105
1163	0.27661427
1164	0.29512998
1165	0.23875408
1166	0.37615656
1167	0.33424820
1168	0.26421325
1169	0.35135880
1170	0.24324403
1171	0.29388138
1172	0.30187981
1173	0.25699705
1174	0.28485575
1175	0.26689397
1176	0.29075054
1177	0.28150045
1178	0.26276941
1179	0.24944624
1180	0.26668956
1181	0.29461160
1182	0.32550710
1183	0.29824726
1184	0.35947942
1185	0.28681207
1186	0.33451586
1187	0.28105858
1188	0.24959347
1189	0.31416631
1190	0.26615656
1191	0.31233619
1192	0.25647997
1193	0.29455030
1194	0.27192978
1195	0.25928429
1196	0.23761706
1197	0.27509813
1198	0.33004152
1199	0.35766259
1200	0.25138191
1201	0.34912019
1202	0.29040444
1203	0.32388362
1204	0.25693238
1205	0.35482158
1206	0.27904545
1207	0.27795754
1208	0.27272506
1209	0.27882996
1210	0.29037452
1211	0.32400440
1212	0.32923511
1213	0.27439485
1214	0.29649864
1215	0.35664069
1216	0.26944596
1217	0.33153910
1218	0.30261533
1219	0.28460491
1220	0.30630973
1221	0.28659391
1222	0.28139383
1223	0.23848720
1224	0.30278140
1225	0.22973076
1226	0.26463527
1227	0.27914688
1228	0.25815903
1229	0.26565909
1230	0.23772770
1231	0.29945398
1232	0.24832404
1233	0.26786377
1234	0.31678585
1235	0.25392636
1236	0.34445917
1237	0.28641970
1238	0.26913450
1239	0.31188115
1240	0.32771240
1241	0.29328909
1242	0.28869908
1243	0.27900778
1244	0.28649058
1245	0.27810340
1246	0.32291575
1247	0.27595314
1248	0.24503550
1249	0.31986283
1250	0.31268563
1251	0.30999587
1252	0.33547879
1253	0.31496426
1254	0.28388362
1255	0.25803460
1256	0.28565516
1257	0.25505268
1258	0.27068834
1259	0.27206947
1260	0.25222257
1261	0.27557421
1262	0.28956933
1263	0.30569479
1264	0.30783825
1265	0.28699273
1266	0.28545626
1267	0.36972801
1268	0.26158231
1269	0.24870710
1270	0.25210934
1271	0.23752719
1272	0.27208512
1273	0.30388862
1274	0.24020959
1275	0.29561978
1276	0.23871838
1277	0.27122866
1278	0.29212015
1279	0.32993238
1280	0.30419013
1281	0.29815950
1282	0.33242406
1283	0.30966114
1284	0.27282265
1285	0.32098962
1286	0.28255306
1287	0.25882992
1288	0.27170478
1289	0.26678828
1290	0.29960016
1291	0.27997500
1292	0.27944136
1293	0.25513411
1294	0.26391905
1295	0.23513678
1296	0.28128186
1297	0.27303102
1298	0.31241636
1299	0.27463951
1300	0.24651217
1301	0.32516182
1302	0.28915652
1303	0.33970611
1304	0.29286389
1305	0.31416878
1306	0.29611657
1307	0.31186947
1308	0.32025174
1309	0.32326094
1310	0.29052090
1311	0.28166825
1312	0.25754720
1313	0.28589404
1314	0.27684997
1315	0.31401702
1316	0.28513363
1317	0.23538412
1318	0.25381325
1319	0.23413694
1320	0.35108885
1321	0.28402583
1322	0.26040877
1323	0.27165433
1324	0.28306927
1325	0.25336804
1326	0.24888764
1327	0.26303405
1328	0.26132318
1329	0.32171696
1330	0.34921297
1331	0.30579807
1332	0.31809656
1333	0.30075502
1334	0.27386747
1335	0.25274366
1336	0.28613336
1337	0.28195479
1338	0.28407788
1339	0.29999029
1340	0.27339953
1341	0.26533379
1342	0.25150820
1343	0.29422630
1344	0.26192349
1345	0.21822312
1346	0.28417822
1347	0.28895172
1348	0.26440102
1349	0.25701164
1350	0.27209754
1351	0.23409381
1352	0.33073914
1353	0.29854606
1354	0.30358498
1355	0.23218506
1356	0.23391661
1357	0.29000869
1358	0.27965838
1359	0.30738781
1360	0.24112746
1361	0.35549043
1362	0.26000625
1363	0.28926377
1364	0.27534150
1365	0.24893764
1366	0.30942725
1367	0.32591693
1368	0.28604344
1369	0.30566786
1370	0.25603900
1371	0.25580460
1372	0.27053316
1373	0.25689322
1374	0.27010584
1375	0.27222760
1376	0.24025316
1377	0.24696116
1378	0.28718789
1379	0.29806334
1380	0.25084116
1381	0.26868166
1382	0.29285319
1383	0.26603810
1384	0.30220653
1385	0.31235062
1386	0.29629711
1387	0.27965504
1388	0.27922780
1389	0.29731516
1390	0.28440543
1391	0.32033092
1392	0.29669369
1393	0.31234610
1394	0.29753336
1395	0.31760696
1396	0.25275093
1397	0.29614582
1398	0.28561238
1399	0.29629621
1400	0.31420425
1401	0.30437291
1402	0.29960609
1403	0.27022485
1404	0.23999375
1405	0.26058911
1406	0.22043483
1407	0.27883527
1408	0.28290155
1409	0.25734020
1410	0.29048858
1411	0.32952821
1412	0.30748944
1413	0.27222736
1414	0.25603656
1415	0.28224313
1416	0.26771862
1417	0.29907777
1418	0.32438754
1419	0.31424179
1420	0.23309742
1421	0.25210843
1422	0.28043468
1423	0.26482980
1424	0.28532613
1425	0.31019961
1426	0.31263979
1427	0.32024631
1428	0.33193285
1429	0.26008819
1430	0.30231873
1431	0.27766023
1432	0.22973560
1433	0.25681624
1434	0.29511390
1435	0.32780161
1436	0.27002709
1437	0.27370375
1438	0.28016654
1439	0.27555262
1440	0.27966448
1441	0.29634162
1442	0.26882206
1443	0.25429522
1444	0.34976509
1445	0.28730022
1446	0.29009019
1447	0.26323424
1448	0.26770372
1449	0.26489102
1450	0.28329168
1451	0.25310776
1452	0.27261427
1453	0.25717240
1454	0.29644038
1455	0.27835510
1456	0.29380944
1457	0.28845489
1458	0.27734158
1459	0.29093981
1460	0.28897834
1461	0.32385017
1462	0.29071134
1463	0.27309349
1464	0.29407726
1465	0.25323865
1466	0.21898651
1467	0.31541282
1468	0.26737787
1469	0.30821753
1470	0.29611292
1471	0.28785268
1472	0.22219705
1473	0.31723884
1474	0.23222701
1475	0.26939367
1476	0.27503185
1477	0.27610662
1478	0.27439045
1479	0.24811083
1480	0.26698785
1481	0.24384643
1482	0.29172392
1483	0.28448044
1484	0.32481836
1485	0.25626782
1486	0.24743192
1487	0.28232723
1488	0.28457476
1489	0.22960712
1490	0.23488421
1491	0.27302143
1492	0.32134126
1493	0.28624333
1494	0.26125221
1495	0.28074555
1496	0.22588740
1497	0.26992326
1498	0.33682615
1499	0.27001176
1500	0.27529027
1501	0.23908150
1502	0.28796540
1503	0.25810352
1504	0.33845776
1505	0.23831807
1506	0.29038836
1507	0.23754665
1508	0.27776973
1509	0.31712003
1510	0.33941938
1511	0.23708437
1512	0.29106597
1513	0.25024211
1514	0.28965241
1515	0.27544517
1516	0.25619465
1517	0.25249652
1518	0.31454189
1519	0.26028803
1520	0.23531005
1521	0.28954449
1522	0.33171398
1523	0.29475640
1524	0.30417621
1525	0.29611284
1526	0.25947116
1527	0.30814916
1528	0.20956387
1529	0.28023515
1530	0.29783550
1531	0.22500071
1532	0.23617366
1533	0.24689978
1534	0.25690006
1535	0.23966605
1536	0.26634818
1537	0.26057952
1538	0.28744026
1539	0.22763106
1540	0.32721179
1541	0.28887961
1542	0.29629558
1543	0.26442375
1544	0.29299713
1545	0.25700708
1546	0.33704050
1547	0.30302799
1548	0.23842768
1549	0.22170261
1550	0.24604195
1551	0.26629330
1552	0.29359359
1553	0.26372184
1554	0.30475388
1555	0.29754142
1556	0.28625453
1557	0.22535601
1558	0.28675137
1559	0.29835490
1560	0.28470560
1561	0.25383810
1562	0.28207576
1563	0.24475632
1564	0.30225103
1565	0.25604211
1566	0.27228811
1567	0.23731732
1568	0.25526098
1569	0.25579847
1570	0.31820928
1571	0.32094390
1572	0.24528433
1573	0.23330686
1574	0.24544254
1575	0.25373029
1576	0.24594889
1577	0.23615431
1578	0.27819477
1579	0.27478710
1580	0.25119953
1581	0.25710454
1582	0.34141124
1583	0.22159945
1584	0.25440114
1585	0.27018494
1586	0.30641396
1587	0.25570368
1588	0.30378258
1589	0.24281427
1590	0.23451508
1591	0.25603672
1592	0.24276006
1593	0.33703558
1594	0.29934260
1595	0.30901419
1596	0.24614511
1597	0.30808480
1598	0.23791909
1599	0.26440201
1600	0.25235726
1601	0.26478872
1602	0.30005182
1603	0.30681643
1604	0.26748402
1605	0.23516973
1606	0.25793147
1607	0.24589790
1608	0.23216847
1609	0.21426613
1610	0.25656922
1611	0.20635825
1612	0.26054209
1613	0.25310136
1614	0.24794865
1615	0.24736635
1616	0.25020975
1617	0.24385390
1618	0.28282721
1619	0.23479017
1620	0.24342843
1621	0.29643208
1622	0.22534453
1623	0.33540543
1624	0.25289573
1625	0.27724730
1626	0.27370902
1627	0.28878636
1628	0.33024144
1629	0.22887136
1630	0.25367757
1631	0.25207368
1632	0.23411873
1633	0.28483102
1634	0.27141596
1635	0.24024038
1636	0.27553214
1637	0.24777944
1638	0.30265791
1639	0.22633761
1640	0.23723059
1641	0.28680303
1642	0.23159320
1643	0.24966983
1644	0.26342548
1645	0.25663342
1646	0.28576493
1647	0.29840122
1648	0.25292557
1649	0.26157967
1650	0.24066975
1651	0.25422540
1652	0.23767077
1653	0.28042520
1654	0.26796249
1655	0.28108315
1656	0.24672880
1657	0.30788190
1658	0.24627045
1659	0.28631657
1660	0.24013442
1661	0.29371071
1662	0.26681030
1663	0.33416214
1664	0.25510175
1665	0.28360527
1666	0.21239965
1667	0.29427745
1668	0.28275152
1669	0.31132825
1670	0.28085170
1671	0.23349145
1672	0.30351111
1673	0.24431893
1674	0.24263605
1675	0.24286200
1676	0.26211461
1677	0.26290446
1678	0.24190733
1679	0.23323031
1680	0.24340134
1681	0.26907639
1682	0.30956241
1683	0.24130753
1684	0.27696804
1685	0.23687238
1686	0.22443688
1687	0.25859084
1688	0.28975530
1689	0.27170026
1690	0.25758522
1691	0.25349310
1692	0.23955471
1693	0.25663692
1694	0.23413875
1695	0.27880393
1696	0.27525595
1697	0.28126688
1698	0.26026330
1699	0.29230993
1700	0.27883794
1701	0.25463562
1702	0.27027576
1703	0.22987663
1704	0.27977040
1705	0.28323920
1706	0.24829341
1707	0.30199257
1708	0.24327411
1709	0.30865583
1710	0.27604498
1711	0.30302787
1712	0.26046542
1713	0.26140267
1714	0.24270993
1715	0.24555891
1716	0.23175746
1717	0.27259430
1718	0.23940877
1719	0.25922481
1720	0.28649660
1721	0.30859080
1722	0.28122288
1723	0.29278184
1724	0.26345331
1725	0.22962811
1726	0.26201179
1727	0.25722469
1728	0.26944962
1729	0.23069884
1730	0.23417830
1731	0.26495341
1732	0.26465229
1733	0.23807643
1734	0.26442123
1735	0.27147796
1736	0.21945642
1737	0.27005025
1738	0.26549318
1739	0.24577161
1740	0.27653096
1741	0.25074559
1742	0.23458557
1743	0.28702162
1744	0.27700861
1745	0.25826672
1746	0.25641714
1747	0.27208473
1748	0.25867678
1749	0.24332880
1750	0.24649872
1751	0.31242473
1752	0.27781785
1753	0.24244749
1754	0.25140122
1755	0.25982107
1756	0.27678907
1757	0.27944431
1758	0.21560605
1759	0.29658416
1760	0.23393485
1761	0.26573910
1762	0.23015970
1763	0.25611248
1764	0.22873206
1765	0.25646224
1766	0.25963204
1767	0.24120393
1768	0.31904753
1769	0.28123920
1770	0.27471461
1771	0.27696300
1772	0.28144942
1773	0.26886503
1774	0.25668681
1775	0.27503554
1776	0.26723975
1777	0.24559410
1778	0.22517562
1779	0.30830077
1780	0.30688712
1781	0.29580625
1782	0.24565410
1783	0.21466998
1784	0.27102583
1785	0.23056937
1786	0.22495974
1787	0.24698966
1788	0.25070647
1789	0.26435656
1790	0.23829247
1791	0.25309904
1792	0.30037177
1793	0.27853293
1794	0.26877083
1795	0.28374975
1796	0.27871708
1797	0.24469585
1798	0.28311630
1799	0.28201868
1800	0.25186255
1801	0.28160865
1802	0.26045201
1803	0.28413014
1804	0.24773894
1805	0.27515306
1806	0.28510415
1807	0.24713147
1808	0.24755888
1809	0.27277759
1810	0.23614614
1811	0.21948441
1812	0.26607505
1813	0.23670037
1814	0.27557154
1815	0.28736611
1816	0.24986236
1817	0.30689884
1818	0.25430368
1819	0.23945115
1820	0.25479752
1821	0.23030804
1822	0.28048339
1823	0.24596823
1824	0.31201506
1825	0.24111044
1826	0.26509440
1827	0.29274224
1828	0.25319398
1829	0.25229554
1830	0.27136548
1831	0.24254181
1832	0.27021663
1833	0.28753269
1834	0.25808598
1835	0.31748020
1836	0.23263389
1837	0.27188036
1838	0.29413387
1839	0.24858451
1840	0.26422980
1841	0.21215396
1842	0.23960802
1843	0.24341608
1844	0.24366361
1845	0.25978687
1846	0.23712672
1847	0.29161895
1848	0.28034197
1849	0.22461392
1850	0.25981022
1851	0.27719351
1852	0.25079784
1853	0.29570977
1854	0.28479933
1855	0.28512538
1856	0.24704840
1857	0.25764164
1858	0.24978600
1859	0.25379650
1860	0.26395553
1861	0.29772554
1862	0.24422213
1863	0.25057818
1864	0.23507584
1865	0.24468036
1866	0.24842174
1867	0.27230081
1868	0.25567207
1869	0.23793757
1870	0.28773835
1871	0.27503291
1872	0.23893328
1873	0.33135919
1874	0.23774476
1875	0.30955880
1876	0.25308410
1877	0.28298769
1878	0.24308414
1879	0.28097617
1880	0.27131976
1881	0.25657456
1882	0.24758490
1883	0.21963578
1884	0.24476410
1885	0.22030835
1886	0.26343122
1887	0.24142556
1888	0.22701392
1889	0.22318003
1890	0.29657956
1891	0.26701659
1892	0.25100550
1893	0.24349660
1894	0.26003904
1895	0.24228225
1896	0.25510769
1897	0.29097378
1898	0.25593768
1899	0.25495463
1900	0.23665980
1901	0.26619870
1902	0.24126102
1903	0.24709495
1904	0.20509664
1905	0.26501636
1906	0.21947325
1907	0.31232837
1908	0.28378935
1909	0.27464427
1910	0.26513694
1911	0.26453792
1912	0.24667218
1913	0.24185823
1914	0.28531748
1915	0.24308170
1916	0.27788701
1917	0.25469341
1918	0.26404510
1919	0.22462394
1920	0.25418105
1921	0.26833179
1922	0.26441427
1923	0.27214075
1924	0.25142866
1925	0.25112184
1926	0.24812404
1927	0.21980228
1928	0.23911260
1929	0.22043558
1930	0.22549302
1931	0.22721710
1932	0.21356666
1933	0.25509495
1934	0.26596336
1935	0.26458317
1936	0.23037181
1937	0.26290580
1938	0.23176123
1939	0.26825170
1940	0.25599870
1941	0.27867089
1942	0.28164836
1943	0.20247403
1944	0.28837523
1945	0.26221341
1946	0.22279988
1947	0.24800173
1948	0.27373033
1949	0.23622096
1950	0.24964337
1951	0.22628512
1952	0.27115479
1953	0.32495903
1954	0.23350085
1955	0.20939595
1956	0.22262469
1957	0.21897676
1958	0.27484439
1959	0.23195447
1960	0.27723090
1961	0.24563613
1962	0.25543495
1963	0.21606947
1964	0.27962210
1965	0.20766353
1966	0.25837948
1967	0.19228339
1968	0.21025658
1969	0.26185217
1970	0.27871956
1971	0.23994000
1972	0.25589043
1973	0.20398907
1974	0.22480519
1975	0.23851347
1976	0.24116870
1977	0.26552514
1978	0.23139041
1979	0.23399741
1980	0.23376324
1981	0.22305170
1982	0.26587875
1983	0.23548280
1984	0.27600602
1985	0.24903016
1986	0.27382390
1987	0.29299347
1988	0.22461887
1989	0.24614166
1990	0.26646188
1991	0.29740208
1992	0.28050147
1993	0.21824435
1994	0.27147340
1995	0.22097759
1996	0.27906739
1997	0.23945433
1998	0.24544624
1999	0.29504368
2000	0.31337220
2001	0.19875066
2002	0.18156945
2003	0.25056638
2004	0.20742457
2005	0.25436336
2006	0.26690446
2007	0.24193147
2008	0.23472223
2009	0.28315129
2010	0.23370281
2011	0.24010391
2012	0.23093776
2013	0.26979599
2014	0.24530548
2015	0.21041797
2016	0.24699473
2017	0.28754366
2018	0.25824419
2019	0.26038990
2020	0.27243267
2021	0.23795569
2022	0.25365567
2023	0.27167749
2024	0.25859843
2025	0.23412962
2026	0.26897236
2027	0.23367977
2028	0.24295695
2029	0.26119941
2030	0.26166503
2031	0.21905449
2032	0.24028610
2033	0.24075506
2034	0.24748638
2035	0.26047415
2036	0.28377393
2037	0.29855683
2038	0.27382615
2039	0.30360484
2040	0.24957672
2041	0.25943814
2042	0.26160963
2043	0.26232290
2044	0.25738467
2045	0.26340837
2046	0.22730761
2047	0.23136792
2048	0.24353839
2049	0.24197885
2050	0.25493973
2051	0.22867293
2052	0.26059933
2053	0.27219347
2054	0.25169345
2055	0.30107403
2056	0.30217881
2057	0.23727517
2058	0.27310965
2059	0.26693780
2060	0.25116257
2061	0.27666090
2062	0.22870442
2063	0.24264305
2064	0.28473249
2065	0.23232546
2066	0.24427737
2067	0.22355860
2068	0.25022249
2069	0.23603770
2070	0.21425119
2071	0.27870454
2072	0.25805536
2073	0.21691881
2074	0.25764565
2075	0.24080389
2076	0.22597806
2077	0.24857582
2078	0.21824329
2079	0.22874893
2080	0.25808343
2081	0.22590682
2082	0.25287501
2083	0.30536670
2084	0.23121341
2085	0.24592738
2086	0.27630250
2087	0.20784612
2088	0.24183939
2089	0.25968044
2090	0.20846519
2091	0.28202292
2092	0.22378990
2093	0.24541278
2094	0.25786920
2095	0.26193375
2096	0.27104977
2097	0.26652856
2098	0.24614799
2099	0.24801451
2100	0.22329227
2101	0.23675337
2102	0.27018042
2103	0.25689074
2104	0.22412094
2105	0.23367777
2106	0.28541624
2107	0.17942839
2108	0.25308304
2109	0.21748642
2110	0.28009967
2111	0.22193419
2112	0.27392455
2113	0.24304478
2114	0.25684356
2115	0.28647132
2116	0.22611732
2117	0.27556717
2118	0.26495982
2119	0.26498364
2120	0.24402092
2121	0.22131264
2122	0.23151799
2123	0.23594055
2124	0.30474228
2125	0.25354083
2126	0.24727871
2127	0.26015974
2128	0.25992860
2129	0.28966310
2130	0.25452400
2131	0.25490450
2132	0.23946625
2133	0.24490108
2134	0.24255235
2135	0.28846613
2136	0.28533922
2137	0.26118879
2138	0.27181183
2139	0.26250556
2140	0.23069684
2141	0.21543185
2142	0.18869754
2143	0.23921073
2144	0.23571005
2145	0.25456332
2146	0.26038966
2147	0.23834740
2148	0.27001667
2149	0.22254610
2150	0.23967726
2151	0.27928064
2152	0.24407553
2153	0.26678616
2154	0.20336965
2155	0.23630521
2156	0.26161588
2157	0.21915337
2158	0.24305481
2159	0.22728771
2160	0.29408976
2161	0.21859855
2162	0.24364710
2163	0.22916607
2164	0.24299178
2165	0.28514162
2166	0.26699642
2167	0.21918573
2168	0.25882410
2169	0.26970108
2170	0.21417558
2171	0.24521537
2172	0.23118109
2173	0.24193415
2174	0.25053057
2175	0.23382312
2176	0.24909373
2177	0.28828893
2178	0.25561030
2179	0.27334979
2180	0.23481537
2181	0.25395015
2182	0.23786857
2183	0.24592156
2184	0.21966538
2185	0.21574382
2186	0.27246428
2187	0.20347745
2188	0.22403436
2189	0.22228575
2190	0.25391940
2191	0.27122819
2192	0.28762823
2193	0.26247195
2194	0.24114924
2195	0.24254787
2196	0.23673930
2197	0.23555459
2198	0.23623023
2199	0.23364388
2200	0.21490989
2201	0.24387529
2202	0.20645595
2203	0.22851767
2204	0.23315624
2205	0.25148406
2206	0.24720869
2207	0.22949778
2208	0.21502787
2209	0.24835530
2210	0.22847124
2211	0.24287313
2212	0.22384278
2213	0.24153969
2214	0.21831641
2215	0.22899937
2216	0.28406208
2217	0.23305013
2218	0.23037547
2219	0.25118974
2220	0.27414944
2221	0.26417775
2222	0.22300417
2223	0.22518648
2224	0.23249511
2225	0.21544914
2226	0.21144993
2227	0.22231708
2228	0.23097142
2229	0.21587938
2230	0.27340204
2231	0.22003063
2232	0.24945968
2233	0.25942603
2234	0.26641494
2235	0.24491810
2236	0.25873827
2237	0.28110474
2238	0.28507395
2239	0.25898502
2240	0.25450061
2241	0.28748960
2242	0.23638305
2243	0.22542151
2244	0.23607073
2245	0.21373057
2246	0.23862355
2247	0.25563019
2248	0.30790128
2249	0.24070183
2250	0.24919426
2251	0.21216135
2252	0.20438907
2253	0.23152050
2254	0.25470619
2255	0.23798502
2256	0.25720315
2257	0.20253623
2258	0.27343078
2259	0.24894692
2260	0.24262292
2261	0.24871527
2262	0.24602210
2263	0.23781250
2264	0.22737771
2265	0.25449448
2266	0.22325146
2267	0.20712852
2268	0.26877775
2269	0.25536513
2270	0.25201392
2271	0.20717610
2272	0.22414657
2273	0.28206436
2274	0.21555105
2275	0.24522736
2276	0.23492483
2277	0.22884584
2278	0.25105740
2279	0.26917146
2280	0.17682025
2281	0.27150096
2282	0.22160979
2283	0.23556646
2284	0.26724655
2285	0.24988579
2286	0.21623019
2287	0.24218380
2288	0.20970293
2289	0.24253536
2290	0.24228724
2291	0.21737213
2292	0.28033328
2293	0.21546955
2294	0.25017389
2295	0.27093171
2296	0.24068756
2297	0.24224859
2298	0.24227820
2299	0.26135105
2300	0.19707533
2301	0.21675601
2302	0.24392337
2303	0.23820904
2304	0.25607006
2305	0.21205842
2306	0.23034260
2307	0.24772923
2308	0.25441801
2309	0.21967635
2310	0.25605367
2311	0.23282107
2312	0.22069601
2313	0.22251122
2314	0.25108807
2315	0.23981812
2316	0.23880539
2317	0.22818938
2318	0.21723468
2319	0.26462630
2320	0.24310623
2321	0.22645123
2322	0.22138074
2323	0.18786959
2324	0.24419398
2325	0.24889086
2326	0.27700102
2327	0.20786625
2328	0.24765976
2329	0.20645886
2330	0.23525465
2331	0.25511134
2332	0.28474846
2333	0.20740951
2334	0.19837464
2335	0.23091295
2336	0.23434232
2337	0.25397665
2338	0.24400169
2339	0.29214661
2340	0.24644718
2341	0.21382776
2342	0.26343912
2343	0.24484175
2344	0.23861459
2345	0.24170977
2346	0.21159108
2347	0.24903857
2348	0.26853776
2349	0.23409275
2350	0.23563822
2351	0.24291563
2352	0.19164301
2353	0.27477040
2354	0.28325886
2355	0.22381695
2356	0.27277091
2357	0.32073709
2358	0.21419088
2359	0.25199367
2360	0.21253772
2361	0.18651972
2362	0.23735565
2363	0.27223275
2364	0.22368154
2365	0.23465374
2366	0.27879945
2367	0.19037507
2368	0.22873312
2369	0.23004592
2370	0.25786263
2371	0.20737248
2372	0.22253415
2373	0.25070761
2374	0.24796984
2375	0.20991854
2376	0.25353855
2377	0.27296088
2378	0.22626471
2379	0.21180267
2380	0.29261510
2381	0.20658066
2382	0.19724419
2383	0.22619269
2384	0.25875392
2385	0.25026314
2386	0.25550910
2387	0.24390993
2388	0.20002261
2389	0.23090088
2390	0.21597991
2391	0.25547765
2392	0.27499953
2393	0.24790132
2394	0.23617036
2395	0.26170820
2396	0.20595400
2397	0.23453540
2398	0.25956996
2399	0.21830749
2400	0.20760971
2401	0.22754913
2402	0.19032062
2403	0.27347246
2404	0.20040216
2405	0.21403043
2406	0.21896996
2407	0.22948480
2408	0.19373525
2409	0.29851138
2410	0.24253391
2411	0.27272156
2412	0.27233328
2413	0.25267089
2414	0.23658191
2415	0.21957889
2416	0.21312019
2417	0.21302894
2418	0.27150265
2419	0.22684132
2420	0.23819737
2421	0.22638828
2422	0.23771885
2423	0.27078412
2424	0.21751402
2425	0.24077633
2426	0.22941058
2427	0.25240688
2428	0.21633580
2429	0.24431276
2430	0.26401423
2431	0.27359218
2432	0.22118455
2433	0.25306546
2434	0.21858180
2435	0.24009345
2436	0.25124863
2437	0.21193202
2438	0.23897610
2439	0.24466743
2440	0.25427773
2441	0.21272180
2442	0.21099831
2443	0.22793108
2444	0.25026609
2445	0.25545606
2446	0.25384797
2447	0.24707922
2448	0.27859634
2449	0.22263130
2450	0.26271099
2451	0.22915695
2452	0.20077193
2453	0.24343955
2454	0.23899709
2455	0.24225056
2456	0.20409298
2457	0.20678022
2458	0.23434232
2459	0.22538191
2460	0.21134979
2461	0.19851028
2462	0.22777735
2463	0.26790332
2464	0.22839450
2465	0.24422088
2466	0.26865587
2467	0.22687494
2468	0.23553509
2469	0.25422992
2470	0.19319705
2471	0.22304010
2472	0.19718872
2473	0.22435770
2474	0.24840232
2475	0.20855404
2476	0.25830403
2477	0.19212412
2478	0.23584513
2479	0.25073489
2480	0.20737948
2481	0.21016182
2482	0.26005630
2483	0.22765603
2484	0.23748783
2485	0.28480676
2486	0.19704973
2487	0.24263998
2488	0.25167686
2489	0.24794649
2490	0.23093430
2491	0.26454358
2492	0.21455455
2493	0.22161018
2494	0.21080550
2495	0.19426845
2496	0.22894142
2497	0.23441117
2498	0.20372168
2499	0.23949978
2500	0.28015384
2501	0.20547572
2502	0.19357759
2503	0.21235479
2504	0.25787521
2505	0.23777150
2506	0.24605123
2507	0.23296607
2508	0.21619363
2509	0.25733525
2510	0.25382394
2511	0.26016324
2512	0.22345618
2513	0.21689872
2514	0.22954602
2515	0.22269908
2516	0.21463267
2517	0.25058966
2518	0.24871331
2519	0.25674920
2520	0.22828740
2521	0.21915164
2522	0.20675836
2523	0.19322221
2524	0.21139937
2525	0.26475671
2526	0.21360075
2527	0.20196198
2528	0.21880861
2529	0.21951940
2530	0.21690977
2531	0.21774677
2532	0.24658081
2533	0.20931181
2534	0.23910706
2535	0.24397853
2536	0.22952046
2537	0.20492031
2538	0.23492369
2539	0.21529251
2540	0.21007387
2541	0.22796737
2542	0.22520362
2543	0.19231689
2544	0.22260661
2545	0.23848948
2546	0.20812994
2547	0.26089927
2548	0.26386711
2549	0.25050780
2550	0.27012200
2551	0.23905980
2552	0.23469459
2553	0.22461352
2554	0.29603731
2555	0.20919623
2556	0.22955691
2557	0.24550710
2558	0.25184683
2559	0.24173076
2560	0.21501109
2561	0.20914511
2562	0.23984325
2563	0.23782131
2564	0.22457346
2565	0.21831610
2566	0.22110442
2567	0.22275573
2568	0.21317071
2569	0.24734445
2570	0.22532982
2571	0.26367517
2572	0.21588547
2573	0.17587812
2574	0.23245536
2575	0.27687183
2576	0.21893167
2577	0.25145465
2578	0.21673548
2579	0.22459284
2580	0.20523531
2581	0.23094991
2582	0.23456367
2583	0.22429746
2584	0.19337260
2585	0.28468300
2586	0.21609369
2587	0.26453996
2588	0.23429282
2589	0.23173462
2590	0.25487458
2591	0.24675860
2592	0.20859434
2593	0.21915754
2594	0.21885701
2595	0.20304592
2596	0.31023959
2597	0.24634323
2598	0.24416100
2599	0.21866688
2600	0.23152892
2601	0.22595907
2602	0.23071535
2603	0.23368229
2604	0.27491362
2605	0.23149990
2606	0.22593076
2607	0.20509798
2608	0.26088925
2609	0.24574543
2610	0.26536049
2611	0.22729507
2612	0.20512483
2613	0.23079870
2614	0.18547289
2615	0.23755447
2616	0.23186145
2617	0.21387376
2618	0.24290603
2619	0.20048771
2620	0.22706617
2621	0.21609589
2622	0.25748429
2623	0.22152514
2624	0.22805893
2625	0.22097790
2626	0.23010969
2627	0.24032786
2628	0.18625056
2629	0.23415184
2630	0.22228300
2631	0.22855612
2632	0.21227863
2633	0.23222882
2634	0.25670501
2635	0.19133686
2636	0.20159866
2637	0.24843904
2638	0.25456399
2639	0.22375019
2640	0.26293100
2641	0.22259391
2642	0.26230867
2643	0.25000436
2644	0.22457680
2645	0.23069841
2646	0.19736646
2647	0.22584863
2648	0.22327214
2649	0.20255223
2650	0.24076041
2651	0.24783460
2652	0.20982984
2653	0.23264836
2654	0.24195785
2655	0.24441926
2656	0.25025382
2657	0.23988292
2658	0.23534217
2659	0.23821899
2660	0.23371433
2661	0.17866291
2662	0.22610010
2663	0.23336756
2664	0.23242304
2665	0.24292613
2666	0.20578931
2667	0.23522658
2668	0.19897598
2669	0.21199100
2670	0.24394547
2671	0.24542760
2672	0.19989263
2673	0.24125040
2674	0.20873253
2675	0.23765815
2676	0.19683019
2677	0.20139198
2678	0.24587537
2679	0.23972184
2680	0.21874975
2681	0.21628913
2682	0.24088968
2683	0.23892467
2684	0.21646236
2685	0.19198392
2686	0.24355023
2687	0.22305339
2688	0.21414103
2689	0.23252978
2690	0.22316576
2691	0.25735038
2692	0.24220920
2693	0.21166082
2694	0.22673076
2695	0.21105198
2696	0.22439233
2697	0.23777995
2698	0.20865516
2699	0.21920436
2700	0.20131940
2701	0.20125500
2702	0.19357519
2703	0.22665909
2704	0.24110328
2705	0.21158565
2706	0.24246428
2707	0.22374531
2708	0.21458243
2709	0.25585599
2710	0.17287879
2711	0.21253521
2712	0.19562666
2713	0.19712825
2714	0.21380617
2715	0.23274154
2716	0.22699839
2717	0.22441156
2718	0.20575797
2719	0.21074012
2720	0.22354476
2721	0.21457688
2722	0.26437731
2723	0.21062595
2724	0.20283479
2725	0.22147993
2726	0.22529023
2727	0.19329660
2728	0.24026715
2729	0.23348264
2730	0.22818769
2731	0.21812341
2732	0.25665174
2733	0.25602060
2734	0.19722744
2735	0.18269290
2736	0.21941156
2737	0.18458380
2738	0.21134217
2739	0.24338750
2740	0.23834736
2741	0.23513151
2742	0.24346931
2743	0.21189601
2744	0.22829373
2745	0.19121250
2746	0.22479796
2747	0.21803554
2748	0.21172510
2749	0.26761262
2750	0.24809801
2751	0.19653301
2752	0.24554118
2753	0.21717354
2754	0.22338844
2755	0.24829853
2756	0.20732263
2757	0.21056949
2758	0.21387757
2759	0.20694197
2760	0.21149849
2761	0.21322241
2762	0.22861706
2763	0.23117920
2764	0.23100499
2765	0.24079650
2766	0.19169404
2767	0.21270922
2768	0.21106448
2769	0.21203578
2770	0.19898970
2771	0.21131240
2772	0.22746180
2773	0.22508020
2774	0.19674610
2775	0.24658191
2776	0.19404057
2777	0.26914586
2778	0.21611807
2779	0.25791641
2780	0.22293100
2781	0.21748693
2782	0.23092156
2783	0.24911661
2784	0.21234425
2785	0.19135510
2786	0.25304777
2787	0.19334861
2788	0.21949974
2789	0.22376607
2790	0.20066188
2791	0.25002544
2792	0.21706401
2793	0.17727851
2794	0.18080000
2795	0.22554166
2796	0.19386177
2797	0.20366255
2798	0.20108378
2799	0.19107580
2800	0.19875628
2801	0.21748905
2802	0.16163094
2803	0.24741046
2804	0.21886102
2805	0.22317299
2806	0.20132966
2807	0.19229546
2808	0.21054555
2809	0.22712805
2810	0.24421946
2811	0.21399371
2812	0.20995982
2813	0.20766955
2814	0.20167038
2815	0.19652251
2816	0.20325638
2817	0.23356308
2818	0.23678317
2819	0.20453246
2820	0.18302166
2821	0.20643755
2822	0.23120409
2823	0.23997842
2824	0.25234319
2825	0.21662233
2826	0.25974995
2827	0.21726291
2828	0.26017382
2829	0.25002009
2830	0.19564372
2831	0.22527403
2832	0.22441710
2833	0.25387132
2834	0.25576953
2835	0.24154193
2836	0.22430226
2837	0.23907926
2838	0.21977802
2839	0.22689361
2840	0.22251449
2841	0.22844297
2842	0.20916729
2843	0.23541341
2844	0.22713576
2845	0.21788201
2846	0.25443192
2847	0.21245139
2848	0.19344690
2849	0.20387179
2850	0.22549385
2851	0.24896882
2852	0.20333104
2853	0.26558777
2854	0.20639748
2855	0.20054166
2856	0.19695113
2857	0.24555966
2858	0.23066605
2859	0.19655711
2860	0.21885146
2861	0.24631150
2862	0.25343656
2863	0.22763004
2864	0.22928477
2865	0.23903763
2866	0.25036061
2867	0.20372502
2868	0.21715801
2869	0.21974122
2870	0.22280236
2871	0.22811575
2872	0.21250364
2873	0.22503051
2874	0.21279937
2875	0.20517051
2876	0.19970607
2877	0.21536363
2878	0.25387053
2879	0.21593116
2880	0.22373788
2881	0.21734983
2882	0.20084073
2883	0.22304014
2884	0.22236662
2885	0.23188386
2886	0.20000028
2887	0.19781919
2888	0.17626943
2889	0.20278427
2890	0.21958679
2891	0.23382850
2892	0.26755553
2893	0.17903192
2894	0.21813246
2895	0.19922390
2896	0.21797849
2897	0.23455259
2898	0.19557987
2899	0.20594857
2900	0.20516057
2901	0.21199253
2902	0.21390163
2903	0.24066927
2904	0.21413957
2905	0.21810839
2906	0.24485536
2907	0.23322477
2908	0.20675156
2909	0.21233867
2910	0.21824498
2911	0.18494645
2912	0.22071174
2913	0.26780201
2914	0.22008594
2915	0.20754429
2916	0.20389479
2917	0.19094763
2918	0.21374201
2919	0.21585099
2920	0.22219717
2921	0.19674508
2922	0.22862469
2923	0.21987977
2924	0.20487576
2925	0.22457566
2926	0.23784089
2927	0.20066318
2928	0.21781801
2929	0.19680786
2930	0.20773029
2931	0.21078840
2932	0.23526967
2933	0.19771520
2934	0.22510517
2935	0.18254751
2936	0.19718935
2937	0.23213953
2938	0.21582037
2939	0.24135408
2940	0.21468323
2941	0.21768929
2942	0.23079269
2943	0.18468146
2944	0.21838883
2945	0.17640967
2946	0.22813002
2947	0.21848952
2948	0.19751433
2949	0.19506102
2950	0.22368646
2951	0.18176933
2952	0.23731626
2953	0.22928697
2954	0.18353139
2955	0.19968642
2956	0.20058954
2957	0.23116898
2958	0.20395506
2959	0.23967785
2960	0.20342410
2961	0.18986656
2962	0.22044014
2963	0.19164631
2964	0.18441993
2965	0.21281089
2966	0.21288252
2967	0.22119678
2968	0.22084627
2969	0.22367690
2970	0.21532443
2971	0.17845052
2972	0.22314048
2973	0.23156410
2974	0.24812974
2975	0.28398349
2976	0.23405233
2977	0.21729503
2978	0.17105681
2979	0.22438372
2980	0.19432943
2981	0.20307615
2982	0.19203865
2983	0.25838840
2984	0.23549668
2985	0.22889546
2986	0.25328677
2987	0.23208162
2988	0.21832373
2989	0.23281663
2990	0.25069196
2991	0.19364285
2992	0.19351437
2993	0.24110568
2994	0.16726460
2995	0.21650427
2996	0.20771386
2997	0.20543920
2998	0.22913238
2999	0.17465229
3000	0.19452451
3001	0.19240873
3002	0.23897378
3003	0.22540680
3004	0.20082115
3005	0.22837696
3006	0.21143829
3007	0.23955711
3008	0.22284553
3009	0.22618148
3010	0.22832573
3011	0.21277523
3012	0.20819021
3013	0.22204392
3014	0.25813792
3015	0.20990372
3016	0.19488296
3017	0.20253371
3018	0.26289440
3019	0.20399017
3020	0.22864266
3021	0.22513080
3022	0.22156583
3023	0.21358671
3024	0.20857492
3025	0.20540165
3026	0.21160016
3027	0.22748398
3028	0.24270368
3029	0.19735058
3030	0.20785772
3031	0.25494075
3032	0.23245441
3033	0.22407863
3034	0.22838644
3035	0.22114598
3036	0.24340621
3037	0.21133352
3038	0.19057916
3039	0.20224069
3040	0.21047749
3041	0.22569011
3042	0.22581046
3043	0.21205909
3044	0.18426511
3045	0.22680578
3046	0.17897110
3047	0.23191563
3048	0.23303499
3049	0.17580212
3050	0.20797169
3051	0.25612935
3052	0.22080967
3053	0.16594661
3054	0.20700633
3055	0.22248842
3056	0.21472809
3057	0.21719744
3058	0.20258030
3059	0.19551567
3060	0.23510788
3061	0.22579465
3062	0.21323613
3063	0.23099811
3064	0.17965992
3065	0.22633709
3066	0.23983774
3067	0.21728760
3068	0.25501215
3069	0.22997271
3070	0.20116906
3071	0.20930627
3072	0.22413379
3073	0.19054873
3074	0.24074606
3075	0.21809974
3076	0.24271508
3077	0.19485209
3078	0.22383483
3079	0.22644879
3080	0.20949931
3081	0.21031044
3082	0.21354040
3083	0.23409290
3084	0.20811551
3085	0.19731630
3086	0.20815781
3087	0.24645410
3088	0.22575388
3089	0.20097126
3090	0.21885131
3091	0.21663971
3092	0.21863075
3093	0.18921329
3094	0.24665115
3095	0.21876623
3096	0.20998482
3097	0.20770328
3098	0.18346652
3099	0.18826066
3100	0.25369102
3101	0.20396776
3102	0.19113588
3103	0.23788944
3104	0.20206609
3105	0.18167757
3106	0.21383204
3107	0.20852919
3108	0.22288288
3109	0.22278730
3110	0.19470843
3111	0.21428268
3112	0.26606121
3113	0.19344655
3114	0.24348881
3115	0.23116041
3116	0.23099210
3117	0.21294975
3118	0.24177853
3119	0.21391060
3120	0.19312086
3121	0.19518266
3122	0.24125559
3123	0.17697539
3124	0.21892620
3125	0.23799874
3126	0.24032396
3127	0.22361400
3128	0.19905469
3129	0.22254016
3130	0.18979104
3131	0.18346314
3132	0.23513006
3133	0.19126601
3134	0.21961172
3135	0.21677169
3136	0.21307336
3137	0.22397810
3138	0.25165449
3139	0.21632058
3140	0.23540169
3141	0.20229338
3142	0.21607191
3143	0.22606125
3144	0.19337818
3145	0.19998585
3146	0.19898109
3147	0.23843943
3148	0.22899473
3149	0.20136713
3150	0.23459336
3151	0.23550662
3152	0.18932978
3153	0.19387816
3154	0.19690655
3155	0.22449971
3156	0.22776513
3157	0.19591056
3158	0.22996230
3159	0.20653010
3160	0.19970545
3161	0.19795994
3162	0.20605091
3163	0.24047486
3164	0.22430395
3165	0.22102005
3166	0.20334327
3167	0.23944938
3168	0.24329192
3169	0.22623413
3170	0.24098691
3171	0.22981864
3172	0.21801419
3173	0.24542729
3174	0.20508492
3175	0.22546326
3176	0.22354339
3177	0.23346562
3178	0.23407537
3179	0.21969054
3180	0.23313069
3181	0.23254421
3182	0.21565972
3183	0.23293733
3184	0.25537110
3185	0.20632479
3186	0.21311653
3187	0.20495141
3188	0.20480283
3189	0.26233269
3190	0.23529227
3191	0.19227655
3192	0.21827958
3193	0.21200456
3194	0.20178070
3195	0.20816627
3196	0.20373257
3197	0.19558592
3198	0.22680165
3199	0.19683825
3200	0.21233395
3201	0.20535369
3202	0.21045032
3203	0.19685783
3204	0.20315762
3205	0.17979072
3206	0.20532715
3207	0.19301258
3208	0.22017244
3209	0.20911579
3210	0.21072090
3211	0.20730372
3212	0.21301478
3213	0.21205382
3214	0.18830607
3215	0.22297197
3216	0.20780299
3217	0.21395471
3218	0.19316348
3219	0.19462465
3220	0.18826129
3221	0.21463405
3222	0.20662210
3223	0.21443137
3224	0.19257507
3225	0.20078250
3226	0.20275180
3227	0.23331535
3228	0.20129790
3229	0.21542634
3230	0.21954224
3231	0.24613706
3232	0.19809955
3233	0.20925229
3234	0.16403747
3235	0.19922611
3236	0.17731724
3237	0.22296540
3238	0.22261651
3239	0.15894598
3240	0.20388166
3241	0.18347281
3242	0.22997708
3243	0.18716466
3244	0.19957299
3245	0.18407317
3246	0.22324970
3247	0.19019768
3248	0.19758821
3249	0.23951134
3250	0.22599803
3251	0.21072365
3252	0.20816690
3253	0.19559705
3254	0.21138097
3255	0.20911111
3256	0.19545823
3257	0.19188657
3258	0.17326177
3259	0.19456690
3260	0.22504887
3261	0.19253442
3262	0.24632310
3263	0.20569310
3264	0.20576890
3265	0.21753470
3266	0.23178215
3267	0.19410611
3268	0.20299874
3269	0.19028708
3270	0.17443432
3271	0.18752432
3272	0.20482831
3273	0.22319005
3274	0.20675966
3275	0.23143719
3276	0.21543460
3277	0.20011889
3278	0.22896265
3279	0.23580586
3280	0.20852176
3281	0.20769562
3282	0.25911209
3283	0.18706621
3284	0.20144797
3285	0.20464620
3286	0.20759678
3287	0.23378836
3288	0.16961710
3289	0.20792215
3290	0.21095475
3291	0.20710049
3292	0.20162355
3293	0.21381164
3294	0.20441738
3295	0.19799143
3296	0.22212314
3297	0.21693289
3298	0.21543511
3299	0.21045064
3300	0.22057956
3301	0.19211280
3302	0.22477429
3303	0.20816446
3304	0.20456882
3305	0.20246306
3306	0.23940208
3307	0.22089872
3308	0.20266318
3309	0.16700318
3310	0.23651032
3311	0.22613733
3312	0.20196992
3313	0.21667498
3314	0.21278526
3315	0.19399548
3316	0.18390175
3317	0.19126829
3318	0.19024635
3319	0.23982866
3320	0.19828095
3321	0.17871421
3322	0.22071315
3323	0.22263503
3324	0.18880334
3325	0.20846334
3326	0.20460051
3327	0.21893678
3328	0.22017413
3329	0.21904702
3330	0.16036041
3331	0.21578891
3332	0.20582292
3333	0.21715133
3334	0.20521447
3335	0.22745661
3336	0.21690505
3337	0.20679807
3338	0.24256827
3339	0.23832601
3340	0.21415966
3341	0.19350934
3342	0.22200531
3343	0.20334362
3344	0.21273187
3345	0.20623401
3346	0.21270529
3347	0.19751693
3348	0.23314071
3349	0.21256572
3350	0.21431944
3351	0.23147726
3352	0.20062174
3353	0.20567317
3354	0.19841329
3355	0.20223306
3356	0.19223511
3357	0.22878494
3358	0.17799568
3359	0.19466063
3360	0.21831229
3361	0.20034531
3362	0.20354177
3363	0.19608402
3364	0.20400464
3365	0.21035506
3366	0.23407726
3367	0.21103975
3368	0.18896619
3369	0.18266609
3370	0.18993108
3371	0.21346990
3372	0.24130639
3373	0.21677767
3374	0.19037853
3375	0.21456595
3376	0.22311008
3377	0.18718675
3378	0.18538821
3379	0.24797279
3380	0.24250372
3381	0.21112672
3382	0.21020574
3383	0.20056025
3384	0.17595431
3385	0.22723806
3386	0.24060185
3387	0.17321089
3388	0.21686920
3389	0.18223503
3390	0.20402787
3391	0.21013513
3392	0.25190580
3393	0.23406228
3394	0.17145170
3395	0.20704152
3396	0.22327262
3397	0.18718997
3398	0.17306758
3399	0.20866503
3400	0.15861577
3401	0.18781356
3402	0.21010332
3403	0.21627777
3404	0.22641522
3405	0.20023704
3406	0.23097535
3407	0.17718357
3408	0.23029051
3409	0.19097142
3410	0.21905237
3411	0.21702088
3412	0.19338219
3413	0.19478695
3414	0.21477354
3415	0.21198628
3416	0.19148319
3417	0.21572019
3418	0.18474916
3419	0.20893422
3420	0.20969066
3421	0.20509511
3422	0.20316426
3423	0.19540739
3424	0.23993548
3425	0.21937877
3426	0.20229043
3427	0.22874130
3428	0.22459450
3429	0.22303531
3430	0.19893171
3431	0.19034724
3432	0.20678651
3433	0.22782217
3434	0.20657822
3435	0.22922941
3436	0.19470942
3437	0.21280578
3438	0.20124388
3439	0.22562143
3440	0.20626845
3441	0.25793080
3442	0.18519595
3443	0.20560374
3444	0.20827419
3445	0.20740153
3446	0.19354795
3447	0.21461801
3448	0.23202815
3449	0.21800719
3450	0.22378541
3451	0.22363161
3452	0.19208229
3453	0.24455597
3454	0.18552227
3455	0.20438935
3456	0.16342626
3457	0.21536583
3458	0.19829271
3459	0.22536131
3460	0.22434669
3461	0.23096167
3462	0.21006432
3463	0.27732774
3464	0.22870714
3465	0.20764631
3466	0.20915266
3467	0.21174146
3468	0.20688956
3469	0.18048677
3470	0.19336407
3471	0.23084014
3472	0.21025913
3473	0.23192966
3474	0.22116218
3475	0.22311594
3476	0.22289601
3477	0.22249613
3478	0.19520967
3479	0.18956796
3480	0.20629664
3481	0.22401946
3482	0.24227501
3483	0.21743460
3484	0.24139025
3485	0.20982237
3486	0.27630053
3487	0.22651905
3488	0.20193171
3489	0.20463656
3490	0.19521907
3491	0.22348087
3492	0.19859001
3493	0.23262025
3494	0.18869165
3495	0.22312145
3496	0.20969102
3497	0.19961533
3498	0.24127674
3499	0.21724282
3500	0.17548123
3501	0.19663786
3502	0.20392011
3503	0.19411323
3504	0.20659988
3505	0.21060472
3506	0.22158518
3507	0.24380570
3508	0.23988976
3509	0.20318074
3510	0.19429188
3511	0.21671834
3512	0.20217641
3513	0.22831779
3514	0.22475632
3515	0.19575703
3516	0.20949514
3517	0.21072357
3518	0.19390619
3519	0.21689306
3520	0.22516910
3521	0.22548366
3522	0.21888956
3523	0.19767899
3524	0.23426125
3525	0.19167509
3526	0.21712518
3527	0.19547423
3528	0.20129829
3529	0.19758828
3530	0.17502516
3531	0.18119328
3532	0.22730309
3533	0.21686416
3534	0.18068689
3535	0.23082162
3536	0.21458486
3537	0.16350411
3538	0.21075671
3539	0.21821738
3540	0.21192086
3541	0.23785807
3542	0.19000031
3543	0.24645284
3544	0.22263617
3545	0.20238691
3546	0.20283043
3547	0.19239465
3548	0.22288060
3549	0.23543609
3550	0.21041168
3551	0.17739658
3552	0.21633218
3553	0.24116269
3554	0.20643574
3555	0.19207541
3556	0.23290619
3557	0.21194126
3558	0.19960193
3559	0.19655958
3560	0.19449790
3561	0.20330592
3562	0.20406420
3563	0.20342096
3564	0.20231960
3565	0.16668689
3566	0.21045980
3567	0.20507116
3568	0.26019351
3569	0.22825264
3570	0.19052569
3571	0.19720000
3572	0.20051150
3573	0.20962213
3574	0.20206609
3575	0.22131512
3576	0.21648775
3577	0.20820216
3578	0.21203483
3579	0.22989503
3580	0.20683822
3581	0.18219288
3582	0.21743550
3583	0.19426821
3584	0.15875070
3585	0.16949361
3586	0.21579961
3587	0.19676521
3588	0.20583377
3589	0.20009003
3590	0.18443802
3591	0.19504026
3592	0.20094217
3593	0.21063346
3594	0.17140999
3595	0.20575196
3596	0.21535593
3597	0.24531508
3598	0.22642701
3599	0.20404498
3600	0.23562536
3601	0.18886872
3602	0.19534606
3603	0.20487348
3604	0.26661231
3605	0.17605791
3606	0.21097448
3607	0.19091822
3608	0.22355974
3609	0.25873969
3610	0.19307726
3611	0.21379595
3612	0.23945776
3613	0.17505776
3614	0.19409518
3615	0.19959658
3616	0.19600865
3617	0.22681246
3618	0.16140936
3619	0.22540031
3620	0.17126699
3621	0.16841038
3622	0.21745610
3623	0.21066605
3624	0.22895557
3625	0.22103609
3626	0.19330144
3627	0.17715490
3628	0.20062170
3629	0.16857901
3630	0.23092707
3631	0.19865897
3632	0.17298030
3633	0.20112569
3634	0.22986644
3635	0.21517735
3636	0.14980896
3637	0.16954873
3638	0.18154425
3639	0.18740731
3640	0.18370906
3641	0.19846743
3642	0.19439882
3643	0.19806011
3644	0.19615939
3645	0.23168217
3646	0.22658467
3647	0.17965834
3648	0.22349754
3649	0.20231001
3650	0.20969251
3651	0.20163271
3652	0.19505555
3653	0.19866723
3654	0.22665485
3655	0.19795172
3656	0.20380924
3657	0.19314995
3658	0.19399257
3659	0.19460012
3660	0.20479835
3661	0.21437826
3662	0.17570140
3663	0.18899917
3664	0.19668252
3665	0.22057295
3666	0.20977295
3667	0.18606169
3668	0.18116619
3669	0.16292223
3670	0.18611433
3671	0.17577177
3672	0.14889746
3673	0.19926900
3674	0.20022445
3675	0.21489841
3676	0.17828826
3677	0.15862449
3678	0.18637731
3679	0.23398683
3680	0.17681176
3681	0.21563204
3682	0.19691523
3683	0.20261812
3684	0.20637224
3685	0.20332274
3686	0.21208925
3687	0.20735113
3688	0.20270718
3689	0.20059760
3690	0.24004694
3691	0.23976749
3692	0.17133867
3693	0.24752675
3694	0.21238188
3695	0.18884148
3696	0.21412200
3697	0.21197106
3698	0.20547871
3699	0.19259788
3700	0.18822033
3701	0.18634665
3702	0.17772506
3703	0.16864627
3704	0.16173886
3705	0.22512955
3706	0.19380743
3707	0.14893151
3708	0.20613171
3709	0.21740000
3710	0.18660165
3711	0.21580448
3712	0.19998994
3713	0.21713926
3714	0.18850336
3715	0.19988874
3716	0.21669400
3717	0.19111126
3718	0.21062123
3719	0.20764966
3720	0.20261014
3721	0.16128999
3722	0.17475266
3723	0.20710026
3724	0.21321423
3725	0.19763684
3726	0.18162646
3727	0.19094370
3728	0.18620948
3729	0.18065882
3730	0.19871983
3731	0.20051429
3732	0.24233426
3733	0.20189172
3734	0.20635345
3735	0.22546947
3736	0.19051142
3737	0.21116513
3738	0.22917865
3739	0.19417924
3740	0.19740122
3741	0.22085752
3742	0.21388791
3743	0.20243075
3744	0.23116992
3745	0.23757425
3746	0.18616831
3747	0.20687199
3748	0.21218329
3749	0.17387946
3750	0.18331008
3751	0.19260429
3752	0.20433128
3753	0.17028528
3754	0.24890670
3755	0.20712263
3756	0.19534083
3757	0.16787443
3758	0.18991547
3759	0.20849487
3760	0.19511079
3761	0.20695593
3762	0.24094971
3763	0.20151484
3764	0.22818954
3765	0.19439202
3766	0.17429837
3767	0.20355561
3768	0.16872683
3769	0.22099434
3770	0.19069023
3771	0.20882670
3772	0.19804120
3773	0.20491024
3774	0.21807757
3775	0.18273481
3776	0.22333474
3777	0.21896206
3778	0.22498762
3779	0.19553969
3780	0.20204399
3781	0.18307706
3782	0.15865909
3783	0.22460975
3784	0.18363295
3785	0.19044317
3786	0.18850324
3787	0.17401077
3788	0.21956682
3789	0.21776096
3790	0.21988830
3791	0.21058636
3792	0.17744313
3793	0.16717228
3794	0.18851767
3795	0.20963460
3796	0.17731638
3797	0.20119564
3798	0.21302618
3799	0.20485469
3800	0.19366774
3801	0.19204340
3802	0.21185209
3803	0.26392227
3804	0.18995117
3805	0.20340712
3806	0.21437582
3807	0.21795895
3808	0.17346259
3809	0.19062976
3810	0.18099222
3811	0.20377452
3812	0.20214197
3813	0.20637193
3814	0.18457507
3815	0.18901168
3816	0.18576536
3817	0.19665036
3818	0.19387651
3819	0.17053953
3820	0.19051276
3821	0.20452620
3822	0.16417999
3823	0.21936418
3824	0.20918950
3825	0.22266511
3826	0.19359599
3827	0.19664447
3828	0.21254598
3829	0.18059721
3830	0.15311205
3831	0.21465968
3832	0.18401722
3833	0.19526066
3834	0.18908642
3835	0.17269251
3836	0.20141203
3837	0.18939241
3838	0.18498911
3839	0.23852290
3840	0.17049522
3841	0.22173222
3842	0.19547568
3843	0.19148657
3844	0.19277106
3845	0.16403806
3846	0.17304879
3847	0.20439151
3848	0.21805146
3849	0.16626448
3850	0.22008649
3851	0.23256320
3852	0.19663550
3853	0.19327942
3854	0.22298486
3855	0.20404073
3856	0.21309235
3857	0.21159296
3858	0.22315471
3859	0.19201765
3860	0.20244549
3861	0.21157849
3862	0.20249168
3863	0.20931119
3864	0.18727902
3865	0.20422170
3866	0.20213316
3867	0.18468013
3868	0.24637150
3869	0.22087411
3870	0.24668744
3871	0.20141109
3872	0.23727529
3873	0.19601710
3874	0.20227560
3875	0.18886039
3876	0.24414519
3877	0.16277401
3878	0.21255809
3879	0.19740822
3880	0.20352212
3881	0.23270851
3882	0.20852687
3883	0.21933851
3884	0.18618942
3885	0.21216591
3886	0.17310195
3887	0.19064525
3888	0.22797248
3889	0.20308264
3890	0.17526751
3891	0.20154433
3892	0.21385610
3893	0.18724388
3894	0.17124073
3895	0.19763770
3896	0.18983240
3897	0.16398817
3898	0.23605559
3899	0.19718707
3900	0.17300527
3901	0.19260201
3902	0.15104797
3903	0.19690368
3904	0.18445044
3905	0.19053120
3906	0.17745296
3907	0.19284698
3908	0.20628170
3909	0.16679281
3910	0.19714456
3911	0.18706133
3912	0.18804844
3913	0.17585893
3914	0.18538042
3915	0.23613419
3916	0.21679575
3917	0.18626082
3918	0.17420157
3919	0.19595840
3920	0.16885119
3921	0.18711205
3922	0.19186460
3923	0.15965025
3924	0.17128925
3925	0.18109676
3926	0.19438243
3927	0.22629507
3928	0.17487832
3929	0.20380617
3930	0.17453497
3931	0.18312518
3932	0.19252109
3933	0.19194327
3934	0.17446043
3935	0.21488901
3936	0.18749102
3937	0.19727486
3938	0.18256053
3939	0.19880326
3940	0.21191779
3941	0.17336100
3942	0.18102803
3943	0.18088119
3944	0.20947179
3945	0.20651586
3946	0.21492467
3947	0.19194130
3948	0.16188174
3949	0.23208311
3950	0.20700083
3951	0.20687871
3952	0.17156843
3953	0.18217040
3954	0.17402697
3955	0.17170883
3956	0.24331862
3957	0.22412333
3958	0.17485323
3959	0.20281773
3960	0.22238671
3961	0.19202099
3962	0.18569900
3963	0.19065260
3964	0.18662968
3965	0.21388649
3966	0.17725276
3967	0.19118180
3968	0.20523955
3969	0.19635565
3970	0.21498762
3971	0.17944171
3972	0.20189943
3973	0.19226094
3974	0.18109562
3975	0.19461372
3976	0.21304639
3977	0.18595125
3978	0.18226865
3979	0.16760405
3980	0.17592215
3981	0.19281018
3982	0.20774252
3983	0.21349165
3984	0.21422493
3985	0.20409868
3986	0.18837189
3987	0.19834048
3988	0.20509711
3989	0.19582972
3990	0.17415262
3991	0.19214327
3992	0.18129746
3993	0.22438577
3994	0.21260299
3995	0.20209271
3996	0.23167014
3997	0.21032974
3998	0.22842960
3999	0.20762953
4000	0.19405225
4001	0.21153143
4002	0.17252848
4003	0.17751063
4004	0.19747785
4005	0.19534885
4006	0.21313607
4007	0.14966637
4008	0.16618958
4009	0.22550584
4010	0.17806424
4011	0.18627026
4012	0.17368087
4013	0.16728241
4014	0.15172872
4015	0.20833222
4016	0.21835483
4017	0.19372994
4018	0.18919650
4019	0.20922147
4020	0.20512868
4021	0.18017142
4022	0.22693340
4023	0.16027384
4024	0.20200912
4025	0.17189640
4026	0.17171472
4027	0.17710077
4028	0.20634582
4029	0.18537165
4030	0.17630694
4031	0.21799560
4032	0.18842182
4033	0.19254409
4034	0.20290891
4035	0.19372042
4036	0.20614272
4037	0.19355514
4038	0.22762461
4039	0.20468248
4040	0.19993729
4041	0.16231229
4042	0.19956190
4043	0.18736497
4044	0.21620641
4045	0.19463141
4046	0.19701868
4047	0.22563896
4048	0.19564112
4049	0.18486990
4050	0.18875565
4051	0.20697975
4052	0.18251193
4053	0.20759768
4054	0.19101455
4055	0.22194688
4056	0.18704954
4057	0.22262056
4058	0.19596591
4059	0.22898526
4060	0.19189573
4061	0.20494563
4062	0.19294909
4063	0.17637594
4064	0.18566389
4065	0.25561062
4066	0.18158447
4067	0.18930411
4068	0.18742548
4069	0.18223574
4070	0.15171980
4071	0.19060106
4072	0.21451052
4073	0.20958805
4074	0.21458600
4075	0.22374401
4076	0.19203267
4077	0.19500004
4078	0.17996788
4079	0.17614185
4080	0.18546778
4081	0.20855679
4082	0.22014736
4083	0.19783299
4084	0.20131736
4085	0.19841777
4086	0.16137688
4087	0.14480381
4088	0.16239607
4089	0.18730710
4090	0.20520051
4091	0.18716528
4092	0.17266986
4093	0.18031433
4094	0.17821215
4095	0.21358604
4096	0.20209868
4097	0.18725893
4098	0.20102123
4099	0.20918624
4100	0.22390824
4101	0.20790293
4102	0.19784572
4103	0.15480232
4104	0.19302261
4105	0.23760350
4106	0.19258372
4107	0.18288838
4108	0.20002025
4109	0.20030808
4110	0.19862080
4111	0.18916965
4112	0.21827773
4113	0.23726766
4114	0.18670140
4115	0.22071016
4116	0.18698400
4117	0.20333014
4118	0.18672314
4119	0.16106015
4120	0.20572349
4121	0.19182732
4122	0.19465390
4123	0.19512314
4124	0.19224561
4125	0.19221518
4126	0.20539823
4127	0.21619434
4128	0.19707816
4129	0.23669782
4130	0.19261250
4131	0.18524246
4132	0.17326247
4133	0.20142410
4134	0.16741058
4135	0.17366558
4136	0.21545359
4137	0.19251677
4138	0.15946578
4139	0.19626621
4140	0.18485347
4141	0.19301742
4142	0.14150250
4143	0.16745842
4144	0.17881510
4145	0.18993843
4146	0.21311814
4147	0.20525260
4148	0.20150360
4149	0.19101742
4150	0.20023118
4151	0.18592109
4152	0.19339772
4153	0.20408421
4154	0.17555251
4155	0.22199815
4156	0.19101093
4157	0.21147026
4158	0.20718364
4159	0.15330548
4160	0.19771728
4161	0.19098718
4162	0.17693658
4163	0.19133363
4164	0.19172577
4165	0.19647128
4166	0.18959269
4167	0.19419355
4168	0.20542957
4169	0.20189094
4170	0.23298333
4171	0.18638168
4172	0.17144667
4173	0.22899839
4174	0.22739969
4175	0.13543668
4176	0.20646322
4177	0.19892742
4178	0.18147270
4179	0.18851563
4180	0.22544608
4181	0.21099300
4182	0.20663672
4183	0.20300295
4184	0.20953678
4185	0.18290804
4186	0.22913827
4187	0.20673383
4188	0.19877594
4189	0.22623133
4190	0.19257641
4191	0.18466790
4192	0.18612475
4193	0.19554378
4194	0.17750041
4195	0.20716973
4196	0.19068815
4197	0.17541144
4198	0.20704985
4199	0.18494645
4200	0.20998219
4201	0.18652035
4202	0.18074814
4203	0.18299434
4204	0.18894570
4205	0.18187623
4206	0.19134036
4207	0.18333226
4208	0.23508933
4209	0.19736407
4210	0.15078974
4211	0.17924458
4212	0.20321010
4213	0.17025249
4214	0.16170407
4215	0.21589762
4216	0.16796729
4217	0.17335345
4218	0.20264211
4219	0.17616741
4220	0.18593886
4221	0.22870258
4222	0.20068854
4223	0.17979784
4224	0.15545331
4225	0.20230918
4226	0.19915207
4227	0.18127730
4228	0.20574272
4229	0.19359564
4230	0.17195333
4231	0.18703023
4232	0.17804077
4233	0.19595919
4234	0.22058821
4235	0.20124977
4236	0.21676426
4237	0.22929176
4238	0.18447266
4239	0.18506271
4240	0.19334315
4241	0.20824918
4242	0.17799941
4243	0.19919575
4244	0.16361926
4245	0.19482489
4246	0.20287273
4247	0.18460204
4248	0.17548594
4249	0.21575141
4250	0.19109491
4251	0.21926916
4252	0.20625992
4253	0.20983731
4254	0.21696446
4255	0.20817629
4256	0.21082791
4257	0.18579343
4258	0.18190297
4259	0.18155070
4260	0.18828323
4261	0.19260220
4262	0.19607148
4263	0.21929758
4264	0.20209617
4265	0.17315935
4266	0.17007242
4267	0.14462618
4268	0.22569475
4269	0.20034331
4270	0.17886353
4271	0.22074570
4272	0.19121101
4273	0.17687769
4274	0.18660071
4275	0.19100881
4276	0.20139642
4277	0.19804289
4278	0.19763299
4279	0.18241793
4280	0.14272809
4281	0.20452734
4282	0.20422233
4283	0.18500228
4284	0.15820625
4285	0.17035392
4286	0.19895817
4287	0.21512907
4288	0.20833242
4289	0.20027234
4290	0.20247446
4291	0.19855070
4292	0.15821655
4293	0.20236300
4294	0.20124741
4295	0.18526184
4296	0.18176257
4297	0.19784207
4298	0.18825119
4299	0.19197189
4300	0.20130246
4301	0.18020889
4302	0.16324026
4303	0.20140550
4304	0.22328311
4305	0.15545748
4306	0.18151299
4307	0.17160409
4308	0.20823739
4309	0.20242799
4310	0.20920236
4311	0.15714716
4312	0.23429947
4313	0.21026031
4314	0.22036697
4315	0.15531268
4316	0.19605622
4317	0.20005213
4318	0.19096159
4319	0.13420944
4320	0.16437338
4321	0.18745532
4322	0.17790289
4323	0.17672852
4324	0.18015569
4325	0.17498848
4326	0.21720464
4327	0.19979339
4328	0.21583951
4329	0.20611480
4330	0.21496002
4331	0.18655325
4332	0.16754201
4333	0.18479509
4334	0.20023236
4335	0.19320955
4336	0.19288178
4337	0.21553792
4338	0.21666000
4339	0.16640389
4340	0.21097091
4341	0.20178754
4342	0.19168111
4343	0.21702933
4344	0.20585441
4345	0.21309058
4346	0.20624643
4347	0.19143939
4348	0.18065614
4349	0.18129373
4350	0.19948948
4351	0.19627993
4352	0.19375577
4353	0.20130226
4354	0.18613080
4355	0.18829495
4356	0.16903224
4357	0.19003546
4358	0.19803436
4359	0.20103330
4360	0.21397236
4361	0.18412793
4362	0.21712664
4363	0.18400106
4364	0.21161427
4365	0.21766578
4366	0.19008245
4367	0.16667030
4368	0.17918561
4369	0.22039603
4370	0.20139068
4371	0.15433930
4372	0.20154712
4373	0.17985056
4374	0.17406908
4375	0.21870545
4376	0.19051610
4377	0.22286853
4378	0.19920924
4379	0.17443405
4380	0.19048693
4381	0.18643059
4382	0.18396808
4383	0.20910140
4384	0.17993049
4385	0.18488870
4386	0.19898864
4387	0.21560256
4388	0.17358191
4389	0.18019992
4390	0.22712298
4391	0.20544557
4392	0.16894960
4393	0.17639222
4394	0.20316387
4395	0.20027026
4396	0.18057629
4397	0.17140857
4398	0.21589813
4399	0.20374669
4400	0.14940503
4401	0.19617228
4402	0.19482996
4403	0.20528190
4404	0.17779273
4405	0.17709731
4406	0.18721600
4407	0.20378997
4408	0.20044368
4409	0.16154339
4410	0.19070914
4411	0.18929054
4412	0.19520122
4413	0.18674201
4414	0.19590140
4415	0.20179713
4416	0.16689408
4417	0.16509908
4418	0.18836072
4419	0.19689845
4420	0.19970517
4421	0.16342347
4422	0.20064140
4423	0.20007596
4424	0.19843633
4425	0.17538938
4426	0.18838840
4427	0.20622249
4428	0.20329361
4429	0.16839591
4430	0.19210659
4431	0.20504474
4432	0.17793749
4433	0.20541199
4434	0.18998640
4435	0.19548555
4436	0.17725029
4437	0.17152322
4438	0.17778919
4439	0.21205068
4440	0.19159371
4441	0.18769735
4442	0.16042249
4443	0.19017091
4444	0.18768822
4445	0.17282508
4446	0.21291881
4447	0.17868315
4448	0.20967663
4449	0.20403102
4450	0.17279324
4451	0.15598176
4452	0.16345201
4453	0.17997586
4454	0.18321128
4455	0.17921176
4456	0.19854335
4457	0.17295007
4458	0.18465941
4459	0.23038958
4460	0.15774559
4461	0.22413839
4462	0.18866051
4463	0.18334779
4464	0.18441026
4465	0.18497311
4466	0.20278522
4467	0.18322673
4468	0.16557688
4469	0.21327093
4470	0.17036949
4471	0.17939682
4472	0.21479084
4473	0.21476434
4474	0.17424494
4475	0.19348174
4476	0.18828559
4477	0.20963204
4478	0.18506467
4479	0.15917460
4480	0.19833006
4481	0.20599123
4482	0.17547891
4483	0.20360719
4484	0.18606853
4485	0.17664922
4486	0.21103566
4487	0.17665422
4488	0.21613218
4489	0.21708591
4490	0.17747694
4491	0.19831272
4492	0.18639493
4493	0.18877987
4494	0.20344797
4495	0.17856992
4496	0.17941349
4497	0.15941113
4498	0.19173501
4499	0.17965622
4500	0.19920672
4501	0.18065500
4502	0.21100948
4503	0.16442666
4504	0.19439316
4505	0.20234747
4506	0.15400558
4507	0.15678180
4508	0.19274291
4509	0.17640676
4510	0.18165642
4511	0.18167344
4512	0.13492251
4513	0.18151240
4514	0.18026298
4515	0.19319623
4516	0.19352907
4517	0.19222559
4518	0.20214700
4519	0.23374728
4520	0.16363668
4521	0.17601911
4522	0.18541714
4523	0.18713686
4524	0.20214394
4525	0.16374193
4526	0.21536532
4527	0.15631264
4528	0.21223212
4529	0.19336890
4530	0.20114649
4531	0.22782807
4532	0.17508779
4533	0.16180204
4534	0.16697991
4535	0.20816116
4536	0.18313981
4537	0.16593544
4538	0.21787443
4539	0.20234110
4540	0.17709471
4541	0.19383385
4542	0.22402677
4543	0.19457236
4544	0.19772066
4545	0.14931527
4546	0.18943621
4547	0.16350678
4548	0.20164105
4549	0.18339969
4550	0.16744144
4551	0.16665253
4552	0.16731327
4553	0.19868150
4554	0.21882984
4555	0.20652577
4556	0.17264793
4557	0.20173627
4558	0.20637161
4559	0.22072129
4560	0.20110313
4561	0.20322320
4562	0.16781459
4563	0.15730957
4564	0.18309341
4565	0.20218758
4566	0.17634865
4567	0.17469790
4568	0.19918447
4569	0.16938089
4570	0.17296178
4571	0.18724490
4572	0.19171378
4573	0.18270254
4574	0.19059430
4575	0.19104451
4576	0.21860079
4577	0.19387572
4578	0.18025571
4579	0.20605834
4580	0.21123409
4581	0.18793568
4582	0.16245131
4583	0.18423711
4584	0.15805500
4585	0.16372499
4586	0.18456108
4587	0.20326098
4588	0.20118565
4589	0.16850065
4590	0.16894810
4591	0.18113242
4592	0.17833816
4593	0.16880279
4594	0.19310560
4595	0.18911862
4596	0.19826998
4597	0.17128083
4598	0.19650670
4599	0.21149719
4600	0.18100311
4601	0.14158742
4602	0.19675093
4603	0.17922776
4604	0.16625536
4605	0.20894323
4606	0.16965890
4607	0.16840279
4608	0.19869452
4609	0.20618895
4610	0.20240024
4611	0.17504922
4612	0.18168728
4613	0.19948209
4614	0.15823401
4615	0.17920861
4616	0.19964160
4617	0.17378573
4618	0.17789377
4619	0.18098789
4620	0.18262827
4621	0.20271370
4622	0.17706656
4623	0.18766837
4624	0.17680759
4625	0.17167737
4626	0.18717350
4627	0.18285618
4628	0.16964529
4629	0.18071724
4630	0.19568119
4631	0.22801868
4632	0.18676041
4633	0.17293061
4634	0.20999878
4635	0.15557787
4636	0.20914079
4637	0.20614358
4638	0.15490714
4639	0.14680657
4640	0.20935007
4641	0.18485795
4642	0.19192727
4643	0.19717106
4644	0.19371976
4645	0.23080664
4646	0.18673588
4647	0.19997059
4648	0.19733733
4649	0.18845744
4650	0.17572569
4651	0.17581750
4652	0.19816186
4653	0.15348791
4654	0.20306357
4655	0.18755141
4656	0.18239674
4657	0.16448598
4658	0.16744761
4659	0.18553379
4660	0.20154767
4661	0.17478305
4662	0.18738864
4663	0.18191917
4664	0.19564785
4665	0.20824289
4666	0.16358408
4667	0.18161191
4668	0.18059245
4669	0.18017165
4670	0.19790965
4671	0.15894295
4672	0.17055078
4673	0.19774169
4674	0.18898022
4675	0.16742048
4676	0.15088107
4677	0.19162064
4678	0.19027140
4679	0.21147639
4680	0.14284749
4681	0.16740771
4682	0.15964576
4683	0.18817747
4684	0.23958494
4685	0.20870997
4686	0.19833619
4687	0.17756171
4688	0.15244490
4689	0.16587305
4690	0.16438797
4691	0.16883613
4692	0.20051956
4693	0.17008563
4694	0.16654205
4695	0.17671138
4696	0.18692113
4697	0.16961474
4698	0.18962874
4699	0.17936839
4700	0.20741514
4701	0.18385878
4702	0.17635962
4703	0.19003334
4704	0.18193415
4705	0.15937999
4706	0.17105500
4707	0.20340232
4708	0.17013194
4709	0.19930875
4710	0.16402221
4711	0.15609511
4712	0.18745520
4713	0.18396635
4714	0.17648642
4715	0.17546727
4716	0.16192758
4717	0.18660499
4718	0.16805591
4719	0.18378695
4720	0.20293941
4721	0.17988260
4722	0.15381404
4723	0.19976933
4724	0.19820920
4725	0.16807328
4726	0.20654885
4727	0.15684730
4728	0.17612636
4729	0.17125414
4730	0.18024042
4731	0.18033249
4732	0.18394629
4733	0.16672160
4734	0.18747222
4735	0.20003314
4736	0.20798022
4737	0.19236355
4738	0.17802021
4739	0.17365913
4740	0.18313151
4741	0.19492656
4742	0.17351728
4743	0.20250969
4744	0.17461006
4745	0.17043483
4746	0.19961667
4747	0.15023562
4748	0.17290446
4749	0.20997794
4750	0.18492436
4751	0.18750352
4752	0.15903063
4753	0.18398620
4754	0.19370002
4755	0.15945937
4756	0.19445583
4757	0.16852652
4758	0.18646656
4759	0.19636218
4760	0.18389640
4761	0.19592475
4762	0.21831154
4763	0.17649467
4764	0.18275361
4765	0.15669125
4766	0.18177338
4767	0.18694586
4768	0.16963739
4769	0.18761396
4770	0.21095317
4771	0.15722949
4772	0.15875459
4773	0.19863165
4774	0.16831630
4775	0.22864714
4776	0.14543169
4777	0.20473387
4778	0.20348626
4779	0.16649090
4780	0.19689534
4781	0.18572793
4782	0.21709868
4783	0.17822677
4784	0.19149880
4785	0.19580004
4786	0.18051079
4787	0.18159009
4788	0.19726711
4789	0.17401639
4790	0.17578294
4791	0.23732322
4792	0.20435553
4793	0.16645968
4794	0.18342414
4795	0.16217067
4796	0.19825948
4797	0.18777154
4798	0.19331913
4799	0.22346727
4800	0.18578624
4801	0.20706640
4802	0.16128925
4803	0.14420283
4804	0.18440283
4805	0.18392495
4806	0.17115687
4807	0.18902398
4808	0.19493686
4809	0.17941529
4810	0.18756458
4811	0.23026412
4812	0.20391579
4813	0.21147128
4814	0.18040173
4815	0.20094059
4816	0.16641089
4817	0.17113057
4818	0.17113045
4819	0.17384541
4820	0.17029027
4821	0.17472282
4822	0.17856552
4823	0.18066947
4824	0.18073080
4825	0.17848539
4826	0.18282489
4827	0.18369113
4828	0.18072019
4829	0.15609440
4830	0.20165630
4831	0.20021054
4832	0.18613462
4833	0.18376120
4834	0.18363920
4835	0.18795825
4836	0.20298769
4837	0.16643259
4838	0.17653450
4839	0.16454335
4840	0.18300142
4841	0.18999929
4842	0.21034539
4843	0.18376147
4844	0.19608166
4845	0.16252023
4846	0.17527902
4847	0.19601923
4848	0.15340668
4849	0.19441376
4850	0.17313017
4851	0.16385150
4852	0.20376540
4853	0.16448732
4854	0.18099748
4855	0.18529231
4856	0.18492094
4857	0.16405496
4858	0.20153615
4859	0.20184510
4860	0.19162394
4861	0.16739442
4862	0.16808646
4863	0.17647340
4864	0.19168748
4865	0.17007014
4866	0.20005481
4867	0.18804167
4868	0.16202819
4869	0.18052927
4870	0.15622445
4871	0.17958357
4872	0.19262996
4873	0.21485253
4874	0.17342960
4875	0.15624510
4876	0.17966735
4877	0.15965347
4878	0.19417043
4879	0.20392935
4880	0.19795809
4881	0.20830796
4882	0.17825257
4883	0.16489286
4884	0.19112329
4885	0.20911976
4886	0.17221750
4887	0.19397228
4888	0.18540605
4889	0.20165316
4890	0.16298081
4891	0.17389216
4892	0.19136725
4893	0.18479493
4894	0.15512962
4895	0.17487006
4896	0.17279599
4897	0.18162575
4898	0.18597040
4899	0.19454755
4900	0.16055109
4901	0.15603574
4902	0.19446751
4903	0.15631740
4904	0.18917688
4905	0.20507997
4906	0.16607710
4907	0.16562052
4908	0.19770163
4909	0.18492959
4910	0.20065536
4911	0.14385661
4912	0.18790199
4913	0.15677012
4914	0.18777016
4915	0.15554240
4916	0.17205178
4917	0.20392054
4918	0.18495895
4919	0.14541113
4920	0.15817444
4921	0.17776304
4922	0.19706924
4923	0.15570348
4924	0.19529404
4925	0.19424053
4926	0.17259831
4927	0.18140377
4928	0.20681081
4929	0.19792923
4930	0.17821545
4931	0.19576701
4932	0.18910438
4933	0.20544997
4934	0.20229302
4935	0.17085162
4936	0.17617960
4937	0.17506581
4938	0.20681235
4939	0.16902752
4940	0.17846542
4941	0.18899497
4942	0.18695549
4943	0.17710509
4944	0.19330918
4945	0.15118911
4946	0.18261046
4947	0.20593112
4948	0.19602092
4949	0.14885866
4950	0.20452467
4951	0.18784793
4952	0.16610112
4953	0.20669860
4954	0.17501584
4955	0.13011008
4956	0.22293658
4957	0.19319398
4958	0.20249385
4959	0.18068197
4960	0.19151409
4961	0.16586672
4962	0.18749562
4963	0.17126652
4964	0.19846857
4965	0.21134425
4966	0.17867812
4967	0.12466216
4968	0.19705131
4969	0.18779611
4970	0.16285890
4971	0.16791441
4972	0.21068752
4973	0.17557519
4974	0.17359921
4975	0.19332955
4976	0.17636351
4977	0.20320861
4978	0.19300566
4979	0.15754901
4980	0.19526035
4981	0.19285276
4982	0.19062611
4983	0.17017621
4984	0.20105528
4985	0.16971602
4986	0.16552361
4987	0.14607808
4988	0.20708123
4989	0.16376788
4990	0.19780039
4991	0.17793379
4992	0.17337299
4993	0.18782390
4994	0.19223251
4995	0.18252204
4996	0.16869554
4997	0.16915990
4998	0.21586566
4999	0.17375353
5000	0.18081117
5001	0.19509129
5002	0.18805587
5003	0.15918801
5004	0.18849990
5005	0.20464954
5006	0.16242984
5007	0.19610478
5008	0.20215911
5009	0.17513702
5010	0.18173363
5011	0.20083464
5012	0.17664211
5013	0.16062170
5014	0.16539001
5015	0.18548579
5016	0.17175750
5017	0.18232903
5018	0.17863306
5019	0.21511284
5020	0.18179304
5021	0.18239151
5022	0.17390116
5023	0.18724399
5024	0.17706853
5025	0.17058518
5026	0.17461809
5027	0.18957366
5028	0.17439772
5029	0.18431268
5030	0.16866931
5031	0.20958305
5032	0.17352424
5033	0.16641655
5034	0.18422084
5035	0.17076977
5036	0.20539980
5037	0.17334842
5038	0.19449263
5039	0.15854169
5040	0.15528748
5041	0.14721612
5042	0.19322257
5043	0.16079155
5044	0.17517653
5045	0.17238750
5046	0.18107140
5047	0.19790812
5048	0.20064313
5049	0.21080389
5050	0.19118478
5051	0.17801010
5052	0.16321352
5053	0.18723023
5054	0.18910250
5055	0.20912742
5056	0.16478431
5057	0.17680118
5058	0.17282960
5059	0.21075915
5060	0.16923479
5061	0.15205131
5062	0.17751126
5063	0.19108893
5064	0.14339489
5065	0.19066530
5066	0.17433568
5067	0.19142768
5068	0.13857161
5069	0.17937189
5070	0.16583955
5071	0.18956815
5072	0.16789424
5073	0.16767922
5074	0.16706711
5075	0.16748276
5076	0.17366825
5077	0.14795683
5078	0.15639772
5079	0.21359858
5080	0.16997260
5081	0.21856670
5082	0.15901341
5083	0.17725174
5084	0.20842190
5085	0.18727305
5086	0.19320523
