0	0.22867813
1	0.24393667
2	0.27156994
3	0.19795267
4	0.37325262
5	0.27823672
6	0.11143080
7	0.40412399
8	0.19639571
9	0.19746792
10	0.22062290
11	0.28094171
12	0.26044344
13	0.22862848
14	0.17169526
15	0.25349176
16	0.26421866
17	0.33915854
18	0.25450118
19	0.20252473
20	0.13917646
21	0.31190854
22	0.25517586
23	0.24901510
24	0.34346140
25	0.24868450
26	0.27190503
27	0.28176466
28	0.38454536
29	0.28739057
30	0.25191496
31	0.21773504
32	0.22372241
33	0.26276673
34	0.24138342
35	0.23596920
36	0.30121510
37	0.22853672
38	0.25224038
39	0.15560494
40	0.34866125
41	0.18026229
42	0.35068297
43	0.28576269
44	0.21538771
45	0.28515390
46	0.22365844
47	0.28505247
48	0.30269210
49	0.29519837
50	0.26863885
51	0.27672122
52	0.19443909
53	0.16825696
54	0.27696792
55	0.26577621
56	0.28657068
57	0.26693425
58	0.26506851
59	0.19657132
60	0.29337572
61	0.29613213
62	0.14221955
63	0.19706535
64	0.27438401
65	0.15511071
66	0.26669788
67	0.15984521
68	0.25210982
69	0.30480661
70	0.21657182
71	0.24368988
72	0.21206323
73	0.28030602
74	0.30308771
75	0.17107216
76	0.34107463
77	0.21939013
78	0.20958746
79	0.23281481
80	0.34840059
81	0.29739161
82	0.35988050
83	0.45343529
84	0.24444427
85	0.23345380
86	0.22613228
87	0.27327004
88	0.23428860
89	0.10970874
90	0.29064758
91	0.31366308
92	0.29588396
93	0.25860681
94	0.16238391
95	0.24601560
96	0.23483554
97	0.31564077
98	0.19839269
99	0.14020548
100	0.21319590
101	0.15412384
102	0.20625192
103	0.20386298
104	0.23609378
105	0.22613993
106	0.09583490
107	0.17995884
108	0.19197167
109	0.14447655
110	0.25087957
111	0.19215247
112	0.30564847
113	0.25548593
114	0.25808549
115	0.43894230
116	0.12443544
117	0.19051930
118	0.23463756
119	0.14219926
120	0.25789072
121	0.15861821
122	0.26477004
123	0.20555938
124	0.26713766
125	0.16226614
126	0.20404368
127	0.29047754
128	0.31535360
129	0.31760770
130	0.15945173
131	0.42836417
132	0.21538865
133	0.36718791
134	0.29504304
135	0.38549561
136	0.41363539
137	0.22191520
138	0.26369274
139	0.22532996
140	0.36127917
141	0.26835089
142	0.18066135
143	0.19650049
144	0.27204205
145	0.21050039
146	0.20049936
147	0.14626466
148	0.20177414
149	0.37851338
150	0.24619314
151	0.18413653
152	0.21382567
153	0.26611446
154	0.21994348
155	0.21918411
156	0.44129215
157	0.15346347
158	0.33286905
159	0.45713914
160	0.21517769
161	0.14708317
162	0.21319363
163	0.21233381
164	0.21955499
165	0.17002502
166	0.27714664
167	0.23082897
168	0.23085982
169	0.15178840
170	0.14225962
171	0.21414704
172	0.17618959
173	0.31178060
174	0.27813272
175	0.33123425
176	0.24629882
177	0.14823751
178	0.18633302
179	0.25303411
180	0.11599783
181	0.24503865
182	0.23772275
183	0.20738332
184	0.17937246
185	0.28132340
186	0.21394798
187	0.19866446
188	0.21050864
189	0.25868638
190	0.17064299
191	0.21069156
192	0.15704980
193	0.25235548
194	0.25281688
195	0.20857498
196	0.40968825
197	0.14442730
198	0.20635311
199	0.28456589
200	0.24004956
201	0.32299724
202	0.30251175
203	0.13709487
204	0.23291555
205	0.32255331
206	0.20508416
207	0.20495573
208	0.18266935
209	0.40983485
210	0.25028653
211	0.19273741
212	0.19814186
213	0.22138509
214	0.13473924
215	0.23482493
216	0.15845099
217	0.24461876
218	0.28337759
219	0.25239265
220	0.22447295
221	0.23650499
222	0.18575499
223	0.17346046
224	0.24784186
225	0.23281185
226	0.23428880
227	0.07333667
228	0.18719309
229	0.29258134
230	0.33451466
231	0.19340138
232	0.16694635
233	0.11124857
234	0.25233524
235	0.28474082
236	0.18711288
237	0.12120400
238	0.29250449
239	0.34404783
240	0.22931244
241	0.23864492
242	0.23995760
243	0.18430163
244	0.29629052
245	0.24517557
246	0.20650252
247	0.21933934
248	0.31824862
249	0.33331145
250	0.31134926
251	0.26970602
252	0.19475380
253	0.27493529
254	0.20269260
255	0.30267019
256	0.17052646
257	0.22087478
258	0.38240262
259	0.29793653
260	0.22398391
261	0.15900276
262	0.21447246
263	0.28660089
264	0.20320286
265	0.29043924
266	0.33624783
267	0.21289205
268	0.23282103
269	0.18841614
270	0.26828899
271	0.23588371
272	0.17593569
273	0.27925597
274	0.17082843
275	0.17351930
276	0.28150992
277	0.21436698
278	0.25207088
279	0.20601989
280	0.10535731
281	0.21241718
282	0.18983006
283	0.21728766
284	0.16478564
285	0.22816940
286	0.28327873
287	0.23833500
288	0.15565163
289	0.17793401
290	0.20677349
291	0.25380439
292	0.18614862
293	0.24631224
294	0.34675489
295	0.29624279
296	0.27007848
297	0.16835474
298	0.24554640
299	0.19120602
300	0.28496041
301	0.26159220
302	0.35428835
303	0.41818376
304	0.15752996
305	0.21797981
306	0.19327774
307	0.26551051
308	0.20070316
309	0.23197201
310	0.15174482
311	0.11864956
312	0.33426989
313	0.21921175
314	0.30962009
315	0.17733598
316	0.14505464
317	0.29862858
318	0.22117404
319	0.25756214
320	0.23424956
321	0.27423702
322	0.13799403
323	0.19742873
324	0.24913662
325	0.19919329
326	0.22552488
327	0.30306945
328	0.19281856
329	0.17428662
330	0.28559171
331	0.23532132
332	0.18816392
333	0.23991076
334	0.19038465
335	0.17423529
336	0.30838746
337	0.21635696
338	0.30808435
339	0.22236224
340	0.25162537
341	0.18099842
342	0.30765306
343	0.14992611
344	0.21942236
345	0.35357695
346	0.28853741
347	0.32274082
348	0.19394506
349	0.20850716
350	0.23039023
351	0.15502616
352	0.18666831
353	0.28513633
354	0.18690429
355	0.22001145
356	0.39849077
357	0.12441984
358	0.14234896
359	0.35445444
360	0.23191599
361	0.12094245
362	0.17193070
363	0.18985933
364	0.19150429
365	0.13857493
366	0.18429511
367	0.16195513
368	0.23017127
369	0.19499901
370	0.26427463
371	0.20737710
372	0.23863416
373	0.17327157
374	0.19036022
375	0.34196777
376	0.36678865
377	0.33500726
378	0.12757690
379	0.22464220
380	0.16344437
381	0.16890508
382	0.23549689
383	0.19300558
384	0.25226249
385	0.19080464
386	0.19536466
387	0.20433475
388	0.21808583
389	0.20732976
390	0.10327182
391	0.15763509
392	0.16652670
393	0.24064077
394	0.20199936
395	0.27872779
396	0.34287053
397	0.39539309
398	0.23614936
399	0.24229097
400	0.28870489
401	0.28890000
402	0.15710247
403	0.22271417
404	0.14382838
405	0.27461318
406	0.09517853
407	0.12253973
408	0.18235592
409	0.24187897
410	0.17463016
411	0.22214047
412	0.39643317
413	0.16612769
414	0.32312438
415	0.14941357
416	0.24124679
417	0.23763578
418	0.15696777
419	0.44750953
420	0.30222103
421	0.15847004
422	0.20132705
423	0.33333248
424	0.27208371
425	0.25688756
426	0.17468712
427	0.33248342
428	0.13523124
429	0.25445237
430	0.46898198
431	0.20383687
432	0.28387799
433	0.22775163
434	0.25239260
435	0.21431056
436	0.17309531
437	0.21205849
438	0.21707098
439	0.28129842
440	0.32192522
441	0.19667364
442	0.20160977
443	0.15942330
444	0.27625207
445	0.27427838
446	0.18499378
447	0.22480380
448	0.25280429
449	0.24298115
450	0.22268159
451	0.18845459
452	0.13992369
453	0.25453578
454	0.21131209
455	0.21923080
456	0.32421022
457	0.34826969
458	0.16799773
459	0.24871925
460	0.47280814
461	0.22444383
462	0.32704344
463	0.25003934
464	0.31380020
465	0.16159788
466	0.25324408
467	0.16325533
468	0.12134047
469	0.31554205
470	0.23411550
471	0.23269931
472	0.20305740
473	0.19281846
474	0.14922779
475	0.32246816
476	0.16389136
477	0.33718885
478	0.31677754
479	0.20653189
480	0.11736654
481	0.20704862
482	0.16503786
483	0.22904714
484	0.26654353
485	0.32324107
486	0.25522710
487	0.15680173
488	0.16218500
489	0.22100395
490	0.28386584
491	0.30362043
492	0.11176032
493	0.19735745
494	0.19020109
495	0.20206056
496	0.13332552
497	0.29230000
498	0.12388717
499	0.28481461
500	0.19386367
501	0.17139916
502	0.21090109
503	0.28387345
504	0.24239921
505	0.21502818
506	0.30868889
507	0.18306629
508	0.21726703
509	0.18890479
510	0.14081920
511	0.26340913
512	0.19412981
513	0.33899038
514	0.22763332
515	0.33861081
516	0.18281111
517	0.23717843
518	0.23743786
519	0.20725015
520	0.20751634
521	0.09891273
522	0.23425350
523	0.25383672
524	0.15629566
525	0.21164042
526	0.22116081
527	0.28531333
528	0.27410977
529	0.21926989
530	0.27821288
531	0.21269941
532	0.26115953
533	0.18691658
534	0.31953944
535	0.22478929
536	0.16584620
537	0.32951599
538	0.25713825
539	0.21168421
540	0.41735138
541	0.15244847
542	0.25562739
543	0.19501881
544	0.26362601
545	0.21354674
546	0.19603776
547	0.25153855
548	0.13766777
549	0.27263865
550	0.21602774
551	0.26050479
552	0.23840918
553	0.27049847
554	0.45427162
555	0.31423075
556	0.21053332
557	0.19968885
558	0.18074462
559	0.25965222
560	0.19068983
561	0.22929674
562	0.25893050
563	0.26683613
564	0.22573707
565	0.23540691
566	0.21153031
567	0.14046175
568	0.17681357
569	0.27353529
570	0.24747389
571	0.19308371
572	0.17931895
573	0.25639571
574	0.28715731
575	0.27996683
576	0.28739699
577	0.23266505
578	0.27693371
579	0.37288060
580	0.14415227
581	0.20866002
582	0.21542744
583	0.27064669
584	0.13104650
585	0.31593741
586	0.27206930
587	0.38138490
588	0.19091046
589	0.22151614
590	0.22839166
591	0.21465528
592	0.19661160
593	0.26251140
594	0.23677947
595	0.21601091
596	0.22780271
597	0.18793297
598	0.28805582
599	0.24491461
600	0.25872705
601	0.25466180
602	0.31839284
603	0.28735025
604	0.23439852
605	0.12627359
606	0.28017433
607	0.29021658
608	0.22957907
609	0.12543065
610	0.24431333
611	0.42399072
612	0.28195884
613	0.23158144
614	0.19149116
615	0.20984857
616	0.22205731
617	0.28896461
618	0.13492157
619	0.13798297
620	0.23515933
621	0.28219042
622	0.13389304
623	0.22935726
624	0.19992611
625	0.29210035
626	0.31771505
627	0.26864585
628	0.27884195
629	0.21153100
630	0.17638356
631	0.21146895
632	0.37830508
633	0.15794546
634	0.21668490
635	0.19224862
636	0.18535336
637	0.20773899
638	0.18553993
639	0.26874916
640	0.17649344
641	0.33378475
642	0.29327463
643	0.22769615
644	0.25814669
645	0.25216081
646	0.19671807
647	0.22821614
648	0.22790346
649	0.25359561
650	0.18786441
651	0.30684245
652	0.26471392
653	0.18934580
654	0.25995459
655	0.48215331
656	0.15825395
657	0.17780795
658	0.19463865
659	0.16123080
660	0.19968189
661	0.25796091
662	0.33106703
663	0.30700760
664	0.33303648
665	0.23105257
666	0.27365464
667	0.15871293
668	0.19977315
669	0.26261273
670	0.33093825
671	0.29055701
672	0.32246140
673	0.22400089
674	0.12852345
675	0.31184348
676	0.25997532
677	0.18439595
678	0.14495059
679	0.21965217
680	0.34795390
681	0.21819052
682	0.18455908
683	0.15762419
684	0.40620731
685	0.20423495
686	0.21195577
687	0.21979961
688	0.27073756
689	0.27220805
690	0.14088534
691	0.12665479
692	0.29870365
693	0.30831249
694	0.23090474
695	0.28658796
696	0.29726372
697	0.12679694
698	0.30447976
699	0.18544102
700	0.25774136
701	0.19308223
702	0.15446303
703	0.23913342
704	0.18792246
705	0.21877734
706	0.19929274
707	0.24101782
708	0.16480933
709	0.16221540
710	0.14425192
711	0.35702527
712	0.20401377
713	0.32015207
714	0.24249319
715	0.32131056
716	0.28175232
717	0.27090933
718	0.37396431
719	0.20589970
720	0.29959299
721	0.37886254
722	0.22410913
723	0.10274788
724	0.13338939
725	0.18482586
726	0.25034052
727	0.13990686
728	0.26469911
729	0.22029289
730	0.16163361
731	0.17414462
732	0.31504447
733	0.20755869
734	0.20646491
735	0.25084605
736	0.19792917
737	0.11635064
738	0.18096629
739	0.17973825
740	0.29926076
741	0.20493939
742	0.20094358
743	0.29943026
744	0.34752818
745	0.20807764
746	0.10538435
747	0.12882384
748	0.27078924
749	0.30531826
750	0.26891713
751	0.26538554
752	0.14823529
753	0.19849511
754	0.32889645
755	0.26309477
756	0.23862147
757	0.24139492
758	0.12616288
759	0.18175661
760	0.44060464
761	0.14596086
762	0.12796140
763	0.32818070
764	0.20230903
765	0.22914082
766	0.48072710
767	0.24155844
768	0.26259309
769	0.22474822
770	0.22562547
771	0.17471066
772	0.22647962
773	0.22080760
774	0.16820252
775	0.30545276
776	0.16981066
777	0.17054585
778	0.24411683
779	0.18951451
780	0.25550750
781	0.36785232
782	0.27103504
783	0.24294590
784	0.26420494
785	0.25061091
786	0.24523830
787	0.22491145
788	0.24144289
789	0.19729714
790	0.14483588
791	0.14685044
792	0.23980538
793	0.20456979
794	0.35911915
795	0.12084595
796	0.27618100
797	0.29690711
798	0.28746950
799	0.21456278
800	0.21798070
801	0.22391649
802	0.37698801
803	0.21854329
804	0.20077883
805	0.36821614
806	0.24930341
807	0.24950346
808	0.30591417
809	0.16064788
810	0.23610518
811	0.29582557
812	0.15894383
813	0.24444112
814	0.18915370
815	0.41538746
816	0.25331081
817	0.19018786
818	0.17510987
819	0.16411639
820	0.23303820
821	0.26560434
822	0.24540592
823	0.18619472
824	0.41860696
825	0.21719245
826	0.30501496
827	0.21917917
828	0.28797863
829	0.30241629
830	0.22830474
831	0.12779812
832	0.20094309
833	0.23427966
834	0.39282754
835	0.21049911
836	0.20903885
837	0.16290854
838	0.11575197
839	0.16749990
840	0.26060839
841	0.20462473
842	0.25966175
843	0.20035992
844	0.32098302
845	0.36492014
846	0.25673179
847	0.18711165
848	0.18472266
849	0.32520217
850	0.33099541
851	0.23490849
852	0.17583717
853	0.20370143
854	0.28404195
855	0.27539580
856	0.24118697
857	0.33942113
858	0.15040893
859	0.19805158
860	0.35442103
861	0.15948559
862	0.12810188
863	0.30957734
864	0.16583643
865	0.21872473
866	0.34758470
867	0.19261649
868	0.28519116
869	0.32900967
870	0.25588549
871	0.26893712
872	0.13680316
873	0.27370331
874	0.26059585
875	0.21668692
876	0.19932078
877	0.17777976
878	0.28452300
879	0.17107157
880	0.19261022
881	0.26481347
882	0.31948342
883	0.30531219
884	0.19895010
885	0.16852804
886	0.19618208
887	0.13770602
888	0.17387340
889	0.21324161
890	0.18353875
891	0.16395829
892	0.19911214
893	0.23410271
894	0.20239191
895	0.16597034
896	0.25498011
897	0.22694186
898	0.22813959
899	0.28698302
900	0.26191007
901	0.14165790
902	0.18890336
903	0.26848124
904	0.15004314
905	0.24021594
906	0.21162710
907	0.31456417
908	0.19460819
909	0.26472048
910	0.18959511
911	0.20954995
912	0.25274842
913	0.21679161
914	0.14908327
915	0.22777187
916	0.20760632
917	0.27490242
918	0.21208559
919	0.26213776
920	0.28685676
921	0.22218924
922	0.27829995
923	0.29195953
924	0.21035222
925	0.24449097
926	0.32088381
927	0.18611565
928	0.38282591
929	0.18051254
930	0.20239418
931	0.19347093
932	0.16579334
933	0.24863973
934	0.21108233
935	0.25621688
936	0.17649230
937	0.23366624
938	0.28415370
939	0.21450533
940	0.26491846
941	0.22350044
942	0.13180548
943	0.18698781
944	0.21008815
945	0.28318628
946	0.14423973
947	0.19260553
948	0.16399097
949	0.13159358
950	0.26432981
951	0.20020385
952	0.24033119
953	0.29266797
954	0.14631347
955	0.32315785
956	0.19447838
957	0.12497517
958	0.33012315
959	0.17292878
960	0.40333978
961	0.40214097
962	0.19111713
963	0.24639862
964	0.21822152
965	0.20210977
966	0.27708968
967	0.38674684
968	0.17125666
969	0.12391338
970	0.34286540
971	0.16629724
972	0.22946002
973	0.44376071
974	0.22346190
975	0.33485375
976	0.19495637
977	0.15607448
978	0.13169161
979	0.17829941
980	0.25378495
981	0.29820854
982	0.18065943
983	0.13380548
984	0.19468164
985	0.24096436
986	0.20186219
987	0.14846032
988	0.20395178
989	0.28229699
990	0.18602251
991	0.17896308
992	0.10719408
993	0.19524956
994	0.31554067
995	0.29719447
996	0.14505267
997	0.34514729
998	0.31269541
999	0.24932878
1000	0.33580765
1001	0.16552029
1002	0.27203623
1003	0.19559102
1004	0.24467734
1005	0.18847749
1006	0.17656046
1007	0.19641451
1008	0.23203801
1009	0.11732122
1010	0.22292162
1011	0.21225227
1012	0.13216579
