0	0.05676945
1	0.14232627
2	0.14415169
3	0.18739223
4	0.18848774
5	0.09485307
6	0.07304265
7	0.13025296
8	0.21444503
9	0.22083568
10	0.12978372
11	0.10744350
12	0.05935439
13	0.06817500
14	0.11371057
15	0.17823134
16	0.09866348
17	0.11293494
18	0.08931644
19	0.19045180
20	0.19343229
21	0.09879841
22	0.07482997
23	0.18953203
24	0.17410640
25	0.29825418
26	0.10907384
27	0.04858689
28	0.14096617
29	0.11853990
30	0.08013515
31	0.12467283
32	0.11763303
33	0.12675983
34	0.07591311
35	0.09133277
36	0.13600122
37	0.16025264
38	0.09288155
39	0.14897643
40	0.03331559
41	0.12713177
42	0.10128853
43	0.14439551
44	0.12116189
45	0.13241226
46	0.15531052
47	0.17427252
48	0.17973404
49	0.12249107
50	0.14283420
51	0.09313330
52	0.20947960
53	0.15843224
54	0.20357627
55	0.13739789
56	0.16921337
57	0.12540788
58	0.06371702
59	0.14432442
60	0.28354244
61	0.11795782
62	0.05074704
63	0.13263536
64	0.16585803
65	0.17704286
66	0.12904429
67	0.17451073
68	0.10406364
69	0.04343187
70	0.12139688
71	0.15180465
72	0.16404878
73	0.18051971
74	0.08405011
75	0.08900597
76	0.05876512
77	0.10738103
78	0.05835899
79	0.14970507
80	0.14352611
81	0.07029466
82	0.15735967
83	0.14331971
84	0.05806845
85	0.33387315
86	0.16206570
87	0.10698996
88	0.13130259
89	0.13590655
90	0.14645470
91	0.03856786
92	0.11101337
93	0.06404952
94	0.15470180
95	0.13244773
96	0.09772209
97	0.08349519
98	0.07412437
99	0.12775063
100	0.17379699
101	0.10934424
102	0.06457326
103	0.06467220
104	0.06910645
105	0.05804191
106	0.08328203
107	0.11076601
108	0.11792616
109	0.18336823
110	0.05085634
111	0.09835354
112	0.07932912
113	0.08409022
114	0.06692997
115	0.16874963
116	0.17765576
117	0.17017452
118	0.14709181
119	0.04901633
120	0.13056279
121	0.08006242
122	0.13957590
123	0.15503023
124	0.12648658
125	0.07343081
126	0.04721195
127	0.14990338
128	0.14340682
129	0.14141601
130	0.15998953
131	0.16630254
132	0.14970433
133	0.04183235
134	0.08909741
135	0.09574646
136	0.05442770
137	0.22683557
138	0.15698927
139	0.19597114
140	0.17882711
141	0.09029006
142	0.08060354
143	0.14228298
144	0.08509989
145	0.05967775
146	0.14112785
147	0.11800481
148	0.11138969
149	0.13862347
150	0.17516945
151	0.16047162
152	0.18014292
153	0.15817859
154	0.15868584
155	0.01766712
156	0.09448536
157	0.13101490
158	0.06828256
159	0.24308721
160	0.14251876
161	0.10289477
162	0.10352939
163	0.17491749
164	0.15454704
165	0.13214186
166	0.04016765
167	0.07064001
168	0.12080502
169	0.16089572
170	0.11939207
171	0.04407384
172	0.12533811
173	0.06983192
174	0.13364968
175	0.22568869
176	0.15556443
177	0.09798599
178	0.03222151
179	0.21016966
180	0.07004656
181	0.12489466
182	0.08692442
183	0.17789366
184	0.20703393
185	0.16347585
186	0.11906617
187	0.17274292
188	0.16970122
189	0.09334535
190	0.18143076
191	0.17370703
192	0.12866480
193	0.12752331
194	0.09535846
195	0.18190402
196	0.04010994
197	0.06574678
198	0.11013668
199	0.17735814
200	0.09116226
201	0.03364720
202	0.15820550
203	0.15223916
204	0.10823737
205	0.16668636
206	0.11867711
207	0.04897093
208	0.12062024
209	0.15703372
210	0.05496105
211	0.14919619
212	0.08522770
213	0.13225920
214	0.04064641
215	0.14326697
216	0.09695761
217	0.11093399
218	0.11230618
219	0.12386184
220	0.10173298
221	0.19262886
222	0.23937812
223	0.06661987
224	0.24271924
225	0.09956337
226	0.11892896
227	0.02531697
228	0.04642051
229	0.02608547
230	0.05167822
231	0.06390243
232	0.11011601
233	0.21242035
234	0.06010386
235	0.13599826
236	0.07316940
237	0.07125973
238	0.19590914
239	0.08867304
240	0.20023700
241	0.06301379
242	0.11174144
243	0.09122764
244	0.07657003
245	0.04090344
246	0.14870375
247	0.21665238
248	0.14289900
249	0.14203805
250	0.14440671
251	0.02694551
252	0.19912981
253	0.10339662
254	0.09239350
255	0.10788235
256	0.14813161
257	0.13279635
258	0.12646697
259	0.14411438
260	0.21250037
261	0.10726173
262	0.07093621
263	0.16016924
264	0.05724868
265	0.09058679
266	0.12926966
267	0.12261089
268	0.15818050
269	0.04999715
270	0.18144165
271	0.14495180
272	0.11734868
273	0.02656379
274	0.08256850
275	0.18064614
276	0.08601712
277	0.09228314
278	0.11794582
279	0.08777981
280	0.10098964
281	0.07833161
282	0.11297923
283	0.04484567
284	0.14847574
285	0.00993118
286	0.04472003
287	0.01852944
288	0.15056010
289	0.08040502
290	0.23914588
291	0.08816549
292	0.14175248
293	0.13649598
294	0.05078303
295	0.06923943
296	0.10352727
297	0.21131327
298	0.04322817
299	0.14740809
300	0.14748832
301	0.21587051
302	0.05832373
303	0.16437822
304	0.14887822
305	0.13581776
306	0.07018753
307	0.10341908
308	0.07244096
309	0.13018858
310	0.08637611
311	0.08702912
312	0.31644112
313	0.14056401
314	0.05520312
315	0.05809461
316	0.09349059
317	0.19899741
318	0.11854635
319	0.11034160
320	0.04963763
321	0.17064672
322	0.14682796
323	0.15053615
324	0.03294339
325	0.18045407
326	0.11692468
327	0.15122236
328	0.17278097
329	0.19380560
330	0.04856691
331	0.10792172
332	0.13207283
333	0.11081612
334	0.18140846
335	0.08381422
336	0.13826897
337	0.14855967
338	0.16701158
339	0.10174228
340	0.20668272
341	0.10217072
342	0.18962590
343	0.17181934
344	0.14318943
345	0.27199149
346	0.08075492
347	0.18998541
348	0.05957230
349	0.08096279
350	0.12160085
351	0.20477722
352	0.21503652
353	0.07017045
354	0.06656369
355	0.07409397
356	0.12862347
357	0.22109175
358	0.05756887
359	0.29944228
360	0.12578816
361	0.11378161
362	0.11813451
363	0.10948510
364	0.12606438
365	0.07105560
366	0.17419006
367	0.13355444
368	0.06890428
369	0.01573081
370	0.07077643
371	0.04582986
372	0.14708774
373	0.13577511
374	0.05477125
375	0.07932569
376	0.10339794
377	0.20370782
378	0.13405629
379	0.02226237
380	0.04459160
381	0.10898261
382	0.05087463
383	0.08966406
384	0.00705988
385	0.13487257
386	0.13477172
387	0.11935698
388	0.17642875
389	0.03286221
390	0.08252875
391	0.12152178
392	0.20940951
393	0.08691057
394	0.17114339
395	0.10617331
396	0.10204255
397	0.02838039
398	0.06868948
399	0.17818705
400	0.11696538
401	0.03052341
402	0.02852669
403	0.08194212
404	0.07522511
405	0.14889170
406	0.08141681
407	0.08095381
408	0.18726538
409	0.02431490
410	0.21177019
411	0.07212125
412	0.13841908
413	0.15315682
414	0.06731131
415	0.10027928
416	0.02874699
417	0.13162511
418	0.18786496
419	0.22258726
420	0.10750180
421	0.16427008
422	0.17717574
423	0.04757489
424	0.13942199
425	0.08545904
426	0.14728108
427	0.06737875
428	0.19739461
429	0.04683737
430	0.06424355
431	0.07451020
432	0.08605148
433	0.21492162
434	0.08436279
435	0.07480883
436	0.08988758
437	0.11754360
438	0.05515333
439	0.04694995
440	0.08248726
441	0.14401559
442	0.08131438
443	0.24015692
444	0.12017199
445	0.07705470
446	0.12496247
447	0.10337315
448	0.06974847
449	0.07354080
450	0.12074234
451	0.19487511
452	0.08340063
453	0.13037600
454	0.19916364
455	0.07979619
456	0.12230877
457	0.08238319
458	0.21506448
459	0.05195835
460	0.14292119
461	0.04513330
462	0.14780809
463	0.15041517
464	0.12970476
465	0.05340185
466	0.04153097
467	0.05662162
468	0.08151158
469	0.20865254
470	0.02827928
471	0.04034847
472	0.06483732
473	0.09958901
474	0.13235143
475	0.07726173
476	0.09799651
477	0.11632595
478	0.04079577
479	0.02719461
480	0.14032558
481	0.20762024
482	0.04151490
483	0.09797500
484	0.08169355
485	0.09310365
486	0.11589144
487	0.11534736
488	0.13252051
489	0.12510090
490	0.08663494
491	0.07646427
492	0.15193055
493	0.07244477
494	0.16317643
495	0.09135322
496	0.10478621
497	0.07722204
498	0.09233510
499	0.07687474
500	0.06978177
501	0.12374625
502	0.08796232
503	0.16753605
504	0.06383716
505	0.03543076
506	0.07516570
507	0.23954746
508	0.18275661
509	0.17039133
510	0.10736665
511	0.10991776
512	0.16445772
513	0.10297093
514	0.15447505
515	0.10406305
516	0.22848573
517	0.14057452
518	0.14785978
519	0.10534186
520	0.23767299
521	0.02748742
522	0.11518768
523	0.09162770
524	0.16029387
525	0.12120872
526	0.15432812
527	0.03967051
528	0.12325365
529	0.07346549
530	0.16298943
531	0.12619276
532	0.15305523
533	0.16379255
534	0.12776501
535	0.10526337
536	0.29303700
537	0.14409080
538	0.04712072
539	0.06312410
540	0.06932188
541	0.05404244
542	0.09417252
543	0.07083901
544	0.10630476
545	0.03029260
546	0.07341216
547	0.11972526
548	0.10749186
549	0.07489931
550	0.07185423
551	0.13372955
552	0.17984662
553	0.09286691
554	0.16534487
555	0.08071158
556	0.07680560
557	0.04450407
558	0.06703589
559	0.20409033
560	0.05363039
561	0.27654059
562	0.19394493
563	0.07762431
564	0.11482199
565	0.06331998
566	0.07287796
567	0.17905412
568	0.19163679
569	0.18154667
570	0.15431031
571	0.06566300
572	0.09830248
573	0.11022315
574	0.04696121
575	0.11211654
576	0.22437738
577	0.16345592
578	0.03398377
579	0.04370174
580	0.13470772
581	0.24155830
582	0.09005344
583	0.07697674
584	0.09454884
585	0.09988319
586	0.08594704
587	0.20455724
588	0.10721876
589	0.15065978
590	0.20310486
591	0.06354064
592	0.21984207
593	0.01562674
594	0.20181327
595	0.04766041
596	0.08793837
597	0.09947579
598	0.05991010
599	0.32584207
600	0.10529012
601	0.22743827
602	0.09991929
603	0.20033414
604	0.05729514
605	0.09854297
606	0.05911913
607	0.19917627
608	0.18835555
609	0.07180122
610	0.18636094
611	0.03905640
612	0.06119302
613	0.09800021
614	0.15500724
615	0.21460085
616	0.12471739
617	0.10900042
618	0.09354419
619	0.12453383
620	0.13128985
621	0.15782796
622	0.08919027
623	0.07029857
624	0.15325058
625	0.20673457
626	0.19225629
627	0.07825169
628	0.11014884
629	0.10339080
630	0.05797363
631	0.13265233
632	0.08202304
633	0.13307267
634	0.05392357
635	0.13848742
636	0.10228684
637	0.16571300
638	0.09655016
639	0.09614921
640	0.11478399
641	0.15712627
642	0.05274937
643	0.07886808
644	0.18925011
645	0.11864704
646	0.09170544
647	0.12827109
648	0.13133351
649	0.02673816
650	0.20837479
651	0.08313399
652	0.09011031
653	0.08273129
654	0.08829286
655	0.21458483
656	0.15240381
657	0.16719477
658	0.21378853
659	0.02758309
660	0.15419582
661	0.06098695
662	0.10616771
663	0.14603113
664	0.06684746
665	0.04893488
666	0.06237204
667	0.14957976
668	0.15583224
669	0.09305333
670	0.12793245
671	0.14537410
672	0.09254995
673	0.07270655
674	0.11327045
675	0.13205756
676	0.15757130
677	0.18842405
678	0.22306348
679	0.09021263
680	0.06933494
681	0.25957526
682	0.16631438
683	0.05371797
684	0.15208811
685	0.10428562
686	0.08436829
687	0.09810180
688	0.04877415
689	0.07029598
690	0.12267289
691	0.04305914
692	0.14552405
693	0.08116765
694	0.08609207
695	0.06042236
696	0.09420243
697	0.08749218
698	0.17588805
699	0.20538985
700	0.13533177
701	0.10698103
702	0.23661475
703	0.04794376
704	0.10305766
705	0.08589736
706	0.12263087
707	0.21842553
708	0.14750655
709	0.11282130
710	0.13360005
711	0.15926004
712	0.15593541
713	0.20428911
714	0.15673552
715	0.12938245
716	0.06861977
717	0.10245349
718	0.19385507
719	0.04999043
720	0.12605645
721	0.08397230
722	0.10147410
723	0.08881379
724	0.08549508
725	0.10744789
726	0.19182331
727	0.11424197
728	0.10889429
729	0.09878858
730	0.11055243
731	0.12535011
732	0.09421062
733	0.16992199
734	0.10122225
735	0.21126829
736	0.06919371
737	0.14610254
738	0.13452960
739	0.03997045
740	0.06155909
741	0.08396977
742	0.09834551
743	0.10901078
744	0.05400349
745	0.08897785
746	0.12935819
747	0.03495423
748	0.10354038
749	0.03930666
750	0.16747035
751	0.11950217
752	0.08002500
753	0.08572886
754	0.15237865
755	0.07030132
756	0.06594984
757	0.03186020
758	0.16375650
759	0.10868060
760	0.16361538
761	0.15803499
762	0.11767003
763	0.13790920
764	0.20633874
765	0.17613879
766	0.10614524
767	0.07547606
768	0.06929329
769	0.19257336
770	0.17493272
771	0.22343747
772	0.14714789
773	0.17887886
774	0.03583774
775	0.15122526
776	0.07667680
777	0.23468885
778	0.11907574
779	0.15969900
780	0.09944662
781	0.02926385
782	0.10407246
783	0.13993235
784	0.12576876
785	0.09965930
786	0.09061855
787	0.05141765
788	0.06804847
789	0.09370507
790	0.12661734
791	0.16394033
792	0.19539255
793	0.10803007
794	0.14245021
795	0.07497008
796	0.09235523
797	0.11189598
798	0.06373647
799	0.02903140
800	0.04231073
801	0.17990275
802	0.12198642
803	0.09993103
804	0.08616147
805	0.14781379
806	0.13215037
807	0.04835148
808	0.11474894
809	0.11118510
810	0.12872003
811	0.07469545
812	0.08056506
813	0.12435174
814	0.11642024
815	0.05890803
816	0.05663478
817	0.05886300
818	0.19203494
819	0.14212458
820	0.03805782
821	0.08988356
822	0.16037849
823	0.04965143
824	0.18694567
825	0.06353562
826	0.12288874
827	0.14766755
828	0.15450513
829	0.11813668
830	0.10371110
831	0.18031052
832	0.18152368
833	0.07492463
834	0.10618087
835	0.14929952
836	0.15768504
837	0.05767796
838	0.04694968
839	0.18976924
840	0.19472648
841	0.13445433
842	0.07051797
843	0.06493087
844	0.10088795
845	0.05494942
846	0.20882701
847	0.10860259
848	0.06307389
849	0.07178684
850	0.09885053
851	0.11723837
852	0.07866543
853	0.21519709
854	0.07350851
855	0.11671559
856	0.11073372
857	0.11202585
858	0.28402114
859	0.06572405
860	0.10651845
861	0.15781295
862	0.03849736
863	0.10421147
864	0.06694175
865	0.07977341
866	0.11188864
867	0.03273541
868	0.10634630
869	0.18974841
870	0.04561279
871	0.12604678
872	0.20042336
873	0.20365402
874	0.10767193
875	0.07530296
876	0.03274947
877	0.05130259
878	0.12041580
879	0.12333113
880	0.04755048
881	0.09586305
882	0.06025037
883	0.05603996
884	0.10681253
885	0.08056184
886	0.07155719
887	0.21288768
888	0.18975164
889	0.12045291
890	0.10804456
891	0.04951786
892	0.15031808
893	0.16763726
894	0.05318969
895	0.13812780
896	0.07182643
897	0.05084376
898	0.05091284
899	0.18013129
900	0.13339588
901	0.08939022
902	0.15502955
903	0.05562738
904	0.16700153
905	0.07513626
906	0.33514376
907	0.08592167
908	0.09236543
909	0.04545180
910	0.05861691
911	0.04815476
912	0.05208573
913	0.12322875
914	0.07327357
915	0.09683747
916	0.11152563
917	0.08012167
918	0.13677030
919	0.08805930
920	0.13987569
921	0.11079789
922	0.03158462
923	0.10536205
924	0.14827236
925	0.16148430
926	0.09036998
927	0.20918599
928	0.13777072
929	0.08972891
930	0.21188689
931	0.06464482
932	0.10724942
933	0.18027960
934	0.04555248
935	0.17900159
936	0.11450682
937	0.18082146
938	0.07148330
939	0.05540920
940	0.07976987
941	0.19526723
942	0.22820423
943	0.22912659
944	0.19866776
945	0.13847738
