0	0.36217440
1	0.32111345
2	0.40084945
3	0.46466243
4	0.39628540
5	0.37951876
6	0.37426765
7	0.49176132
8	0.45172107
9	0.39113660
10	0.51266178
11	0.39215647
12	0.42617301
13	0.43938420
14	0.50925176
15	0.40663604
16	0.46957070
17	0.43752338
18	0.28940869
19	0.40810513
20	0.37226437
21	0.49344150
22	0.50511798
23	0.50629325
24	0.36664385
25	0.37530277
26	0.42014704
27	0.50654025
28	0.43928956
29	0.38307463
30	0.48264422
31	0.45339039
32	0.33446788
33	0.44183036
34	0.55922246
35	0.44427389
36	0.53249090
37	0.33872740
38	0.54277874
39	0.34127287
40	0.47469607
41	0.30841405
42	0.53218859
43	0.46241594
44	0.42839718
45	0.46033165
46	0.46783184
47	0.43718595
48	0.47339704
49	0.39531668
50	0.58655305
51	0.41579875
52	0.30270189
53	0.35026206
54	0.39528267
55	0.38936890
56	0.36940564
57	0.33344760
58	0.28917384
59	0.35107685
60	0.34660069
61	0.58847911
62	0.56257213
63	0.44441571
64	0.27013401
65	0.38724972
66	0.39104811
67	0.45925661
68	0.34822879
69	0.33774376
70	0.37710878
71	0.58683789
72	0.47908392
73	0.40652592
74	0.49751183
75	0.45780300
76	0.44150568
77	0.27631932
78	0.40692384
79	0.46470453
80	0.48749094
81	0.27632948
82	0.31208549
83	0.47989686
84	0.42083202
85	0.39267574
86	0.41347468
87	0.21690407
88	0.31435707
89	0.36063004
90	0.22013447
91	0.44645444
92	0.29446751
93	0.38344515
94	0.40782620
95	0.46949076
96	0.35078179
97	0.47610915
98	0.35273212
99	0.33364261
100	0.36570896
101	0.52574422
102	0.45627029
103	0.50302639
104	0.50444995
105	0.20802657
106	0.59652823
107	0.48260490
108	0.31518956
109	0.29465481
110	0.32306807
111	0.35451192
112	0.39673803
113	0.46938433
114	0.52167357
115	0.58056788
116	0.31252380
117	0.42254067
118	0.37992629
119	0.35298262
120	0.48554866
121	0.37031063
122	0.36297190
123	0.13441617
124	0.31524579
125	0.62725661
126	0.28530425
127	0.31954094
128	0.42471003
129	0.43922075
130	0.36242112
131	0.43014695
132	0.28770037
133	0.43020259
134	0.46402500
135	0.39675430
136	0.45020693
137	0.45080231
138	0.48481377
139	0.46825162
140	0.58050439
141	0.38640319
142	0.46406021
143	0.29971419
144	0.28860421
145	0.40347763
146	0.31748383
147	0.40766904
148	0.45550961
149	0.37868165
150	0.53257218
151	0.31879538
152	0.55351257
153	0.44962167
154	0.34480046
155	0.32792278
156	0.28431682
157	0.33918004
158	0.42564006
159	0.44633581
160	0.27405906
161	0.28485009
162	0.57859977
163	0.40325226
164	0.32875619
165	0.53672902
166	0.45129358
167	0.29721211
168	0.31853068
169	0.61021650
170	0.39878604
171	0.45814653
172	0.32692472
173	0.31666955
174	0.28716400
175	0.27448600
176	0.52431465
177	0.28735860
178	0.42129043
179	0.55577847
180	0.25136470
181	0.47399857
182	0.37047482
183	0.31201798
184	0.32745892
185	0.46335813
186	0.59471451
187	0.39380254
188	0.34071155
189	0.52356377
190	0.38148323
191	0.60819949
192	0.53275984
193	0.60076183
194	0.34893027
195	0.47391895
196	0.24894566
197	0.50774672
198	0.36782523
199	0.52567823
200	0.37915240
201	0.34022773
202	0.37502962
203	0.37407357
204	0.51076030
205	0.34885213
206	0.38115046
207	0.27409150
208	0.25938937
209	0.24526779
210	0.25471294
211	0.50508623
212	0.39486437
213	0.61784972
214	0.31635610
215	0.23503281
216	0.24332426
217	0.36592953
218	0.50742805
219	0.53336756
220	0.43758637
221	0.33363309
222	0.44575453
223	0.54310702
224	0.20650231
225	0.28323304
226	0.39416058
227	0.35702565
228	0.38211234
229	0.47228202
230	0.42516506
231	0.58287075
232	0.37984145
233	0.23856821
234	0.48800319
235	0.43991987
236	0.46674963
237	0.30923124
238	0.32497708
239	0.38316419
240	0.51510716
241	0.41141049
242	0.41104940
243	0.34461502
244	0.23009325
245	0.43848614
246	0.23217403
247	0.34154090
248	0.45165998
249	0.48058655
250	0.37167306
251	0.23478512
252	0.46231807
253	0.40829459
254	0.39165421
255	0.39573826
256	0.53195083
257	0.29287361
258	0.38418752
259	0.57127126
260	0.48816128
261	0.40888794
262	0.43771848
263	0.23656687
264	0.51591973
265	0.25220360
266	0.29159547
267	0.33999653
268	0.39318433
269	0.38901326
270	0.50501169
271	0.17931539
272	0.52981021
273	0.26573789
274	0.36605638
275	0.50267361
276	0.58062777
277	0.37086580
278	0.51747662
279	0.46755360
280	0.49286673
281	0.46185864
282	0.28744764
283	0.35450032
284	0.26152278
285	0.53775457
286	0.50923863
287	0.35286137
288	0.42516904
289	0.41873609
290	0.44438258
291	0.29457454
292	0.50792588
293	0.45236372
294	0.28743184
295	0.52066299
296	0.48956756
297	0.27281091
298	0.40198078
299	0.55437116
300	0.42248628
301	0.41593350
302	0.44506728
303	0.55453923
304	0.45951035
305	0.32427070
306	0.35602500
307	0.44665125
308	0.59989912
309	0.42865855
310	0.38399838
311	0.62985776
312	0.52315152
313	0.36695005
314	0.62286710
315	0.38803688
316	0.33438743
317	0.40536798
318	0.50802440
319	0.29570712
320	0.34669630
321	0.33649982
322	0.52533494
323	0.24724409
324	0.28432006
325	0.38990739
326	0.49555083
327	0.39813433
328	0.32153641
329	0.39573323
330	0.43877495
331	0.30614769
332	0.62962828
333	0.26534861
334	0.37262098
335	0.62663970
336	0.63462514
337	0.19094362
338	0.37666654
339	0.43274797
340	0.36523249
341	0.47388738
342	0.23325231
343	0.41311807
344	0.43375550
345	0.39984727
346	0.51280693
347	0.33266003
348	0.33344797
349	0.39736238
350	0.34769048
351	0.44257158
352	0.44886003
353	0.23883683
354	0.49354344
355	0.36418480
356	0.44149062
357	0.38886294
358	0.27413346
359	0.34276109
360	0.36443919
361	0.58542967
362	0.38166848
363	0.63346525
364	0.38627167
365	0.25181631
366	0.35609242
367	0.36336945
368	0.42748517
369	0.45217990
370	0.33675152
371	0.62269792
372	0.39877103
373	0.41908087
374	0.23640832
375	0.29355522
376	0.41787269
377	0.32395957
378	0.61527773
379	0.40893835
380	0.41549538
381	0.37092620
382	0.38259274
383	0.51529982
384	0.59195439
385	0.39495550
386	0.45218096
387	0.38760846
388	0.41253489
389	0.51795578
390	0.26304658
391	0.47576488
392	0.45353799
393	0.42781183
394	0.30765980
395	0.31312019
396	0.40053780
397	0.49416761
398	0.41401978
399	0.32391017
400	0.44758886
401	0.53836502
402	0.29690208
403	0.51212740
404	0.38035421
405	0.39515531
406	0.33645656
407	0.26660693
408	0.50666793
409	0.36966839
410	0.26389737
411	0.19247126
412	0.42281091
413	0.33454358
414	0.50832708
415	0.42058087
416	0.40893641
417	0.40279801
418	0.26543600
419	0.50186747
420	0.48312324
421	0.31591825
422	0.39590393
423	0.38215203
424	0.30728424
425	0.47263022
426	0.59065259
427	0.43440559
428	0.45986354
429	0.36665527
430	0.46965494
431	0.32866798
432	0.34861178
433	0.54656751
434	0.56960009
435	0.50491511
436	0.53405869
437	0.30717283
438	0.47052574
439	0.39658535
440	0.42881026
441	0.47011534
442	0.44236756
443	0.20377107
444	0.45344441
445	0.50986955
446	0.47646493
447	0.40258618
448	0.48279700
449	0.49662348
450	0.45516987
451	0.47505360
452	0.42206821
453	0.37377703
454	0.49115374
455	0.35630430
456	0.45023475
457	0.47614390
458	0.36025716
459	0.34129635
460	0.45371807
461	0.35558665
462	0.27170014
463	0.45068262
464	0.32070924
465	0.29827181
466	0.46117269
467	0.32333715
468	0.35001183
469	0.38532763
470	0.50678096
471	0.40238281
472	0.33254861
473	0.46395393
474	0.52738202
475	0.48177158
476	0.37178609
477	0.27680915
478	0.43441479
479	0.44307833
480	0.28223336
481	0.35989663
482	0.29860933
483	0.38008517
484	0.43927066
485	0.37974584
486	0.37903896
487	0.23356072
488	0.41885961
489	0.34091285
490	0.29551331
491	0.53605388
492	0.27264880
493	0.41145947
494	0.39859917
495	0.38218919
496	0.26755162
497	0.37823226
498	0.36691571
499	0.33111784
500	0.44161645
501	0.43372006
502	0.21457814
503	0.52551770
504	0.35816382
505	0.44098655
506	0.29368027
507	0.37822056
508	0.35969769
509	0.50103276
510	0.27487948
511	0.23248484
512	0.29823406
513	0.38956211
514	0.52485929
515	0.49550730
516	0.41599912
517	0.25244131
518	0.45283198
519	0.39350638
520	0.32020726
521	0.41168812
522	0.27119529
523	0.56072796
524	0.50293175
525	0.44809547
526	0.39469797
527	0.58660786
528	0.35246303
529	0.47474538
530	0.38097426
531	0.62881904
532	0.30576183
533	0.54741077
534	0.28204043
535	0.40104838
536	0.37554570
537	0.53792921
538	0.48017740
539	0.37620143
540	0.39041479
541	0.42796779
542	0.26453059
543	0.43696192
544	0.31399256
545	0.36018193
546	0.32993604
547	0.41048919
548	0.46597264
549	0.34256040
550	0.40844413
551	0.36715277
552	0.48916885
553	0.31043489
554	0.46915254
555	0.19940328
556	0.50836262
557	0.42172112
558	0.43519233
559	0.32247093
560	0.29139492
561	0.18244690
562	0.44242366
563	0.53990545
564	0.58086895
565	0.29232620
566	0.46863170
567	0.63136909
568	0.33194811
569	0.42995467
570	0.61080476
571	0.37994136
572	0.34886012
573	0.52097916
574	0.46435878
575	0.47789686
576	0.47735920
577	0.31448928
578	0.36127348
579	0.44139080
580	0.41487260
581	0.28697250
582	0.50737394
583	0.45603688
584	0.25290328
585	0.42907981
586	0.30933923
587	0.55077782
588	0.35699760
589	0.54549006
590	0.41254325
591	0.37484311
592	0.52957001
593	0.35152394
594	0.22355490
595	0.28910730
596	0.29606446
597	0.31987398
598	0.42179995
599	0.25254011
600	0.27773258
601	0.37287006
602	0.40683424
603	0.48394963
604	0.37966132
605	0.41403299
606	0.60013041
607	0.57256252
608	0.44571973
609	0.47526751
610	0.34257981
611	0.41194238
612	0.36703799
613	0.44960305
614	0.35621802
615	0.29321234
616	0.63248715
617	0.32916414
618	0.35807209
619	0.39670966
620	0.46083230
621	0.56106913
622	0.35172338
623	0.29912634
624	0.38647006
625	0.48242218
626	0.45732417
627	0.40907560
628	0.33588923
629	0.36109852
630	0.37781035
631	0.35878914
632	0.42555545
633	0.27102994
634	0.33839224
635	0.39201340
636	0.33222186
637	0.40598743
638	0.48239339
639	0.33346178
640	0.42583609
641	0.43303683
642	0.40473309
643	0.26962223
644	0.37656520
645	0.22310351
646	0.63414311
647	0.33703859
648	0.42644409
649	0.54206308
650	0.49504150
651	0.37938789
652	0.40153041
653	0.49118073
654	0.30236543
655	0.46996909
656	0.34039940
657	0.36446673
658	0.42159607
659	0.44449875
660	0.34465166
661	0.32512445
662	0.45251372
663	0.45332606
664	0.43220282
665	0.54534575
666	0.53956349
667	0.48208688
668	0.59947426
669	0.53629575
670	0.33036345
671	0.35173757
672	0.32093521
673	0.29261211
674	0.43593937
675	0.26126137
676	0.57410388
677	0.42396978
678	0.37744284
679	0.42383503
680	0.48366751
681	0.50902611
682	0.52575970
683	0.25833152
684	0.45740296
685	0.44063105
686	0.57197999
687	0.38457921
688	0.47844621
689	0.47189409
690	0.45338660
691	0.52812666
692	0.11641728
693	0.53005513
694	0.44277329
695	0.33070042
696	0.43804464
697	0.32130984
698	0.56359982
699	0.17909459
700	0.48356308
701	0.42352592
702	0.46413859
703	0.37539769
704	0.46104288
705	0.52182384
706	0.30857731
707	0.51387985
708	0.29190961
709	0.29715809
710	0.33157241
711	0.49737930
712	0.34469150
713	0.35625726
714	0.37804094
715	0.54288452
716	0.39042435
717	0.42783189
718	0.42922680
719	0.21372916
720	0.46830462
721	0.34357431
722	0.34188313
723	0.25594288
724	0.34828591
725	0.32303341
726	0.33565679
727	0.37697491
728	0.40740467
729	0.27957523
730	0.28469746
731	0.45572269
732	0.40198096
733	0.58787676
734	0.47060430
735	0.35958438
736	0.37842500
737	0.38985559
738	0.36772870
739	0.36363101
740	0.47553993
741	0.29701913
742	0.28966044
743	0.46245379
744	0.43197306
745	0.38976539
746	0.35420772
747	0.34812204
748	0.28353711
749	0.39708799
750	0.45433872
751	0.44896474
752	0.34157454
753	0.39507075
754	0.37950767
755	0.44972532
756	0.51233859
757	0.26786248
758	0.20605545
759	0.29020430
760	0.43559769
761	0.39817486
762	0.53057810
763	0.41871613
764	0.43592449
765	0.28663373
766	0.34224311
767	0.25149173
768	0.46139543
769	0.43727223
770	0.44473577
771	0.42315014
772	0.49775841
773	0.22002204
774	0.25182962
775	0.48864459
776	0.38379214
777	0.26266964
778	0.49133891
779	0.53762213
780	0.45914205
781	0.44497597
782	0.45301044
783	0.39371756
784	0.56326867
785	0.37527819
786	0.24535199
787	0.52009741
788	0.42166312
789	0.35140504
790	0.49566118
791	0.43251964
792	0.62250268
793	0.50243535
794	0.42187195
795	0.25956368
796	0.45944473
797	0.46860065
798	0.42896294
799	0.45038706
800	0.39418373
801	0.25313304
802	0.32989159
803	0.41124062
804	0.27432518
805	0.43448401
806	0.35769529
807	0.38583207
808	0.48839834
809	0.50183738
810	0.44891543
811	0.37463429
812	0.40343896
813	0.28136636
814	0.38606234
815	0.33938794
816	0.39239251
817	0.24918974
818	0.23116091
819	0.27402227
820	0.39368466
821	0.40157227
822	0.51049681
823	0.27578558
824	0.32969579
825	0.52344968
826	0.41609958
827	0.43494191
828	0.50892311
829	0.47883249
830	0.35615356
831	0.43528854
832	0.47083822
833	0.47846044
834	0.38581673
835	0.18908628
836	0.37105291
837	0.40072569
838	0.24943489
839	0.25007509
840	0.47249201
841	0.43846913
842	0.22932315
843	0.42372851
844	0.42369335
845	0.31413235
846	0.39373457
847	0.53688369
848	0.61308914
849	0.36175818
850	0.50946160
851	0.43403609
852	0.32396858
853	0.28828683
854	0.25971363
855	0.37542061
856	0.28814598
857	0.47303299
858	0.31936419
859	0.19822329
860	0.43930499
861	0.41110762
862	0.47715407
863	0.43465952
864	0.44432311
865	0.32748600
866	0.27480393
867	0.37432126
868	0.42393018
869	0.42208226
870	0.25250102
871	0.52184445
872	0.39967015
873	0.43287879
874	0.45654062
875	0.46713235
876	0.28570633
877	0.41961955
878	0.36184741
879	0.53965989
880	0.46442823
881	0.33270795
882	0.36196146
883	0.29892583
884	0.46714450
885	0.37239607
886	0.33279432
887	0.32640790
888	0.57038988
889	0.22360767
890	0.53129150
891	0.41236811
892	0.46355545
893	0.40820388
894	0.37962865
895	0.46903239
896	0.43206197
897	0.42950393
898	0.24600263
899	0.41806885
900	0.51038272
901	0.40110758
902	0.40374547
903	0.41854690
904	0.37112897
905	0.47607315
906	0.48689127
907	0.38465910
908	0.44568082
909	0.62702860
910	0.48094145
911	0.19877274
912	0.35081969
913	0.35443595
914	0.45564390
915	0.51122796
916	0.49523336
917	0.34968378
918	0.34234006
919	0.46872588
920	0.43390878
921	0.41207731
922	0.54352851
923	0.49047463
924	0.36403327
925	0.34996779
926	0.49070069
927	0.41440282
928	0.51822130
929	0.42188503
930	0.56239224
931	0.46685157
932	0.29516322
933	0.31900989
934	0.35378392
935	0.43364062
936	0.50066881
937	0.33956969
938	0.43312278
939	0.40798595
940	0.51176285
941	0.46053387
942	0.22134875
943	0.63279510
944	0.29353609
945	0.38948651
946	0.48210236
947	0.41161701
948	0.41719487
949	0.37391456
950	0.42643558
951	0.24393387
952	0.44283854
953	0.34854866
954	0.49737588
955	0.29905698
956	0.38360541
957	0.62151331
958	0.25942112
959	0.51298988
960	0.31868937
961	0.39142380
962	0.61375393
963	0.57061354
964	0.26727685
965	0.48477495
966	0.44768004
967	0.27731192
968	0.53164409
969	0.25795716
970	0.33232306
971	0.36877708
972	0.37053115
973	0.43274718
974	0.29988466
975	0.40980291
976	0.42885633
977	0.39931585
978	0.30430425
979	0.39005166
980	0.60132324
981	0.47611091
982	0.36503309
983	0.28045120
984	0.44937089
985	0.23666724
986	0.48311682
987	0.49759311
988	0.34304857
989	0.31758974
990	0.27333632
991	0.25630180
992	0.27484677
993	0.43947676
994	0.53538692
995	0.33258572
996	0.36937625
997	0.35785370
998	0.35278031
999	0.38283651
1000	0.23082583
1001	0.40295587
1002	0.42545522
1003	0.49488591
1004	0.50999251
1005	0.36156340
1006	0.45896909
1007	0.45723766
1008	0.32548101
1009	0.25939034
1010	0.50255065
1011	0.58908738
1012	0.38929746
1013	0.30258715
1014	0.59831520
1015	0.40870790
1016	0.31594482
1017	0.27133018
1018	0.31681252
1019	0.38246030
1020	0.25631345
1021	0.34629778
1022	0.41959824
1023	0.39107006
1024	0.45692750
1025	0.47742754
1026	0.32226932
1027	0.54636160
1028	0.53657167
1029	0.36526821
1030	0.35663628
1031	0.37576433
1032	0.38785014
1033	0.62614848
1034	0.53515180
1035	0.53605947
1036	0.46947458
1037	0.42597999
1038	0.39009478
1039	0.41476044
1040	0.41726941
1041	0.45128193
1042	0.35815749
1043	0.40467033
1044	0.41250679
1045	0.29364307
1046	0.49948281
1047	0.47241867
1048	0.47222574
1049	0.42763498
1050	0.23787371
1051	0.36014787
1052	0.34723503
1053	0.43669635
1054	0.28095564
1055	0.53978055
1056	0.44124547
1057	0.30778193
1058	0.47287606
1059	0.26657140
1060	0.37203997
1061	0.39897985
1062	0.35252689
1063	0.39621372
1064	0.58050333
1065	0.43100139
1066	0.50629824
1067	0.53633401
1068	0.31751049
1069	0.41581123
1070	0.37566969
1071	0.33099274
1072	0.34378785
1073	0.36597911
1074	0.40285189
1075	0.39117819
1076	0.35912652
1077	0.36776474
1078	0.35715337
1079	0.39219390
1080	0.51387990
1081	0.44011738
