0	0.03022301
1	0.01845335
2	0.02035227
3	0.03562735
4	0.02846677
5	0.00743524
6	0.02568488
7	0.01273246
8	0.00814174
9	0.03469954
10	0.04343612
11	0.02671920
12	0.03845908
13	0.03146620
14	0.05016878
15	0.01385955
16	0.04353963
17	0.02240464
18	0.01779143
19	0.03517002
20	0.01243854
21	0.02425779
22	0.01096352
23	0.02854066
24	0.01108849
25	0.01551166
26	0.02742172
27	0.02969025
28	0.00394773
29	0.01403829
30	0.02937508
31	0.02009190
32	0.01868493
33	0.04132657
34	0.02358607
35	0.02790330
36	0.08080913
37	0.09282611
38	0.06287580
39	0.00475258
40	0.01118426
41	0.01521207
42	0.02172368
43	0.05603968
44	0.01508106
45	0.01580784
46	0.02027296
47	0.01498132
48	0.01225248
49	0.01936373
50	0.01046636
51	0.03873266
52	0.01420026
53	0.01258648
54	0.00643344
55	0.00800243
56	0.05549159
57	0.03192147
58	0.02999856
59	0.03576378
60	0.01661429
61	0.03872312
62	0.01813184
63	0.01690057
64	0.02664071
65	0.05728576
66	0.02250872
67	0.00545433
68	0.01333829
69	0.07931610
70	0.03380619
71	0.02598591
72	0.04770170
73	0.01306042
74	0.01776084
75	0.06378251
76	0.02695155
77	0.01151739
78	0.07594082
79	0.08587864
80	0.06892234
81	0.00317301
82	0.04222833
83	0.01269350
84	0.01332884
85	0.03370175
86	0.01667270
87	0.03049969
88	0.04015934
89	0.01399432
90	0.03800243
91	0.02751207
92	0.01686945
93	0.05111140
94	0.02311682
95	0.01044138
96	0.03887709
97	0.01653875
98	0.02107926
99	0.02305129
100	0.04707895
101	0.02886909
102	0.03618282
103	0.00690624
104	0.03326094
105	0.02532110
106	0.00915774
107	0.03032776
108	0.02250119
109	0.03871326
110	0.00974262
111	0.02171507
112	0.04395299
113	0.04357420
114	0.02075635
115	0.06937606
116	0.00343633
117	0.07063344
118	0.08986275
119	0.06201925
120	0.05450619
121	0.03479587
122	0.07364845
123	0.02407951
124	0.02642652
125	0.00703932
126	0.00801465
127	0.07363153
128	0.02409195
129	0.06416775
130	0.08514386
131	0.06458266
132	0.03432570
133	0.05550418
134	0.11566842
135	0.03545965
136	0.01735841
137	0.01061827
138	0.01544412
139	0.02344056
140	0.00748751
141	0.01861832
142	0.01742389
143	0.00706914
144	0.01853798
145	0.06294236
146	0.00686022
147	0.01059556
148	0.02660186
149	0.01761925
150	0.05587957
151	0.08283478
152	0.01958767
153	0.03098302
154	0.01030707
155	0.02556140
156	0.01181852
157	0.09990800
158	0.05376187
159	0.04919850
160	0.02286223
161	0.06686930
162	0.01128266
163	0.01677735
164	0.05321156
165	0.02103793
166	0.02115057
167	0.02161094
168	0.02262183
169	0.02018070
170	0.06145805
171	0.01079675
172	0.02582668
173	0.08328880
174	0.00923772
175	0.07404262
176	0.07731073
177	0.04761001
178	0.01577750
179	0.05339025
180	0.08278746
181	0.02193798
182	0.06124169
183	0.02156667
184	0.03090753
185	0.01461161
186	0.02475485
187	0.00388251
188	0.01261063
189	0.01572843
190	0.02309071
191	0.02742853
192	0.01074825
193	0.01073364
194	0.07279355
195	0.02227853
196	0.00805351
197	0.03759272
198	0.01638168
199	0.02178457
200	0.05718720
201	0.06610103
202	0.06748385
203	0.06786827
204	0.06893885
205	0.06891672
206	0.00936651
207	0.01025382
208	0.06560960
209	0.02130867
210	0.07845005
211	0.01128648
212	0.03559628
213	0.04907074
214	0.00621646
215	0.02610552
216	0.02206445
217	0.02486718
218	0.00646775
219	0.03202018
220	0.06842621
221	0.02162663
222	0.06141517
223	0.01342812
224	0.04307683
225	0.00741404
226	0.06247828
227	0.04018261
228	0.00947497
229	0.01858772
230	0.03277688
231	0.01457822
232	0.01974634
233	0.02427332
234	0.01352085
235	0.01090341
236	0.01588390
237	0.02358447
238	0.00912642
239	0.00768266
240	0.02179138
241	0.04940026
242	0.01648385
243	0.01121615
244	0.00835361
245	0.01349236
246	0.01786512
247	0.00658282
248	0.07430913
249	0.04081254
250	0.01947116
251	0.02749520
252	0.02854035
253	0.01550691
254	0.02271388
255	0.00887838
256	0.03048968
257	0.02803220
258	0.01267456
259	0.00404592
260	0.05593803
261	0.04650124
262	0.07178973
263	0.02767508
264	0.08907724
265	0.02212255
266	0.01786130
267	0.03471744
268	0.04115965
269	0.01089876
270	0.07197487
271	0.03181718
272	0.09269897
273	0.00712276
274	0.01066950
275	0.02087988
276	0.07667121
277	0.02656429
278	0.04664056
279	0.01571981
280	0.03557786
281	0.05932523
282	0.04977663
283	0.06680413
284	0.02214247
285	0.05037265
286	0.01859056
287	0.02152724
288	0.07169727
289	0.00999742
290	0.03361517
291	0.05590913
292	0.03510408
293	0.01266512
294	0.05433024
295	0.03284525
296	0.07511507
297	0.01220686
298	0.02271579
299	0.02692301
300	0.05866238
301	0.05767430
302	0.03109778
303	0.07093509
304	0.02611687
305	0.03255212
306	0.01761692
307	0.01864030
308	0.04535036
309	0.00313669
310	0.01050650
311	0.05853648
312	0.03637250
313	0.01174990
314	0.00714236
315	0.01624205
316	0.04638426
317	0.02533328
318	0.01142750
319	0.01907399
320	0.02022250
321	0.02334329
322	0.01508240
323	0.03651873
324	0.00569840
325	0.09488684
326	0.02959974
327	0.02539324
328	0.03243215
329	0.07414701
330	0.07889917
331	0.03315382
332	0.03576140
333	0.09247420
334	0.01955181
335	0.06015516
336	0.08784912
337	0.06387389
338	0.06649654
339	0.01803669
340	0.03429092
341	0.01285341
342	0.07387245
343	0.01883875
344	0.02023240
345	0.03570475
346	0.08038911
347	0.02352539
348	0.04418571
349	0.08962394
350	0.03790304
351	0.00574520
352	0.03522632
353	0.03727162
354	0.01312033
355	0.07516863
356	0.02843256
357	0.06287766
358	0.03964819
359	0.15795568
360	0.03511512
361	0.07948024
362	0.02189226
363	0.05256971
364	0.08500449
365	0.03752853
366	0.05969825
367	0.03523896
368	0.05998034
369	0.02378173
370	0.03356223
371	0.04656883
372	0.04121140
373	0.05707843
374	0.00236053
375	0.01088400
376	0.00841827
377	0.05902384
378	0.01909716
379	0.03397621
380	0.06162317
381	0.01409195
382	0.06097229
383	0.05898039
384	0.01450960
385	0.02544474
386	0.02437626
387	0.06692931
388	0.06209236
389	0.03768627
390	0.04371816
391	0.02424458
392	0.09493168
393	0.06179303
394	0.01967265
395	0.02114221
396	0.07194819
397	0.02157172
398	0.06715929
399	0.00712895
400	0.10828627
401	0.03116682
402	0.03966130
403	0.02713901
404	0.05539267
405	0.06787260
406	0.00939969
407	0.02479025
408	0.02526739
409	0.02485077
410	0.01512910
411	0.08110960
412	0.01551388
413	0.01614040
414	0.02748390
415	0.01277962
416	0.01536976
417	0.00970738
418	0.01097859
419	0.01951182
420	0.06948282
421	0.02670382
422	0.03726419
423	0.01973715
424	0.06139654
425	0.02602203
426	0.05411073
427	0.02849422
428	0.02571543
429	0.01967368
430	0.02442513
431	0.01261120
432	0.00540547
433	0.04433756
434	0.03367792
435	0.06103462
436	0.00774819
437	0.07910139
438	0.02262436
439	0.01744092
440	0.00987967
441	0.01109778
442	0.04680083
443	0.01678091
444	0.05248194
445	0.05704422
446	0.08180846
447	0.01957740
448	0.05192693
449	0.02024685
450	0.02125857
451	0.01553787
452	0.02552843
453	0.00863189
454	0.05540846
455	0.01399391
456	0.01572931
457	0.05164587
458	0.07373731
459	0.05670165
460	0.01301047
461	0.06904185
462	0.01334809
463	0.02018209
464	0.02162147
465	0.01306594
466	0.03063111
467	0.01159907
468	0.01181027
469	0.01246723
470	0.01231729
471	0.05782203
472	0.06456615
473	0.00828596
474	0.03179453
475	0.01622874
476	0.02040841
477	0.05098916
478	0.01535960
479	0.02329143
480	0.01279954
481	0.00746909
482	0.05198106
483	0.02409696
484	0.12585392
485	0.01494530
486	0.02924716
487	0.01519376
488	0.01523380
489	0.01140428
490	0.02486223
491	0.03983746
492	0.01639381
493	0.01961940
494	0.01146935
495	0.07211424
496	0.01320335
497	0.02406073
498	0.02150289
499	0.02743901
500	0.04080046
501	0.03027750
502	0.02160511
503	0.09690583
504	0.04946729
505	0.01273400
506	0.01818514
507	0.03247312
508	0.02140743
509	0.06604293
510	0.01622915
511	0.00576305
512	0.00968731
513	0.05749763
514	0.04548808
515	0.02821316
516	0.02652291
517	0.01769272
518	0.04370531
519	0.02755315
520	0.01310779
521	0.01753684
522	0.02034164
523	0.03678462
524	0.03430041
525	0.03678008
526	0.04361486
527	0.03819458
528	0.00900217
529	0.03085237
530	0.01887410
531	0.04270753
532	0.06288137
533	0.02052957
534	0.01712549
535	0.03862652
536	0.01429118
537	0.01454040
538	0.05120289
539	0.02257415
540	0.01772451
541	0.05059107
542	0.01638983
543	0.00961254
544	0.00502833
545	0.04298462
546	0.04057786
547	0.07037116
548	0.06895753
549	0.03390129
550	0.01309799
551	0.02612451
552	0.08492967
553	0.04430898
554	0.03124778
555	0.02760986
556	0.02494572
557	0.03456238
558	0.02146058
559	0.03834850
560	0.01695583
561	0.06496228
562	0.02649200
563	0.00400562
564	0.05610779
565	0.01281646
566	0.02440495
567	0.01574030
568	0.01815604
569	0.01353065
570	0.01852415
571	0.08787028
572	0.02714928
573	0.04810475
574	0.12817528
575	0.06156429
576	0.01626027
577	0.04270124
578	0.02639634
579	0.01720573
580	0.01389716
581	0.05734948
582	0.05940289
583	0.04792337
584	0.00518452
585	0.00898947
586	0.06737446
587	0.01560728
588	0.01415031
589	0.00499174
590	0.02851171
591	0.06399742
592	0.03539985
593	0.04188287
594	0.01047637
595	0.00862018
596	0.04149458
597	0.10208922
598	0.02729613
599	0.09176749
600	0.01824799
601	0.11988529
602	0.03028566
603	0.00857208
604	0.00811920
605	0.01168756
606	0.01438674
607	0.04401909
608	0.05967441
609	0.04866254
610	0.02329309
611	0.11019644
612	0.02597482
613	0.01460877
614	0.02171032
615	0.05740206
616	0.03470733
617	0.09211182
618	0.01942539
619	0.02905531
620	0.05826146
621	0.06095439
622	0.01449814
623	0.08114763
624	0.06564056
625	0.06157322
626	0.10303308
627	0.04133158
628	0.01509360
629	0.01585924
630	0.05963689
631	0.09450619
632	0.06528705
633	0.07545877
634	0.11048225
635	0.04876460
636	0.01895160
637	0.01513437
638	0.02284690
639	0.05114257
640	0.10562250
641	0.00520134
642	0.01086166
643	0.02307085
644	0.09182379
645	0.07526579
646	0.02195955
647	0.01285960
648	0.03434479
649	0.01462781
650	0.08829530
651	0.09607012
652	0.11949066
653	0.06120970
654	0.05464623
655	0.09896656
656	0.01970960
657	0.10538891
658	0.08165444
659	0.02812884
660	0.01866987
661	0.00941336
662	0.01472002
663	0.01340929
664	0.02233731
665	0.02897281
666	0.02957879
667	0.02207859
668	0.04285955
669	0.03087420
670	0.01184118
671	0.08979174
672	0.03482544
673	0.01016496
674	0.01986398
675	0.03607245
676	0.01525248
677	0.03356894
678	0.01017998
679	0.07587322
680	0.01962322
681	0.03442116
682	0.00811300
683	0.03536744
684	0.02184969
685	0.00930645
686	0.01712864
687	0.08051930
688	0.05652807
689	0.04090501
690	0.06487554
691	0.01680738
692	0.05349592
693	0.02533385
694	0.01181852
695	0.10100114
696	0.01332420
697	0.08487606
698	0.01641940
699	0.03097642
700	0.09392085
701	0.06612410
702	0.05591373
703	0.02746574
704	0.00728184
705	0.01133297
706	0.10710237
707	0.04119732
708	0.07314943
709	0.01470304
710	0.00764303
711	0.01871445
712	0.04636440
713	0.02781429
714	0.03775934
715	0.09648870
716	0.07671553
717	0.02715712
718	0.02455088
719	0.00973937
720	0.04708137
721	0.03351646
722	0.00595408
723	0.04052843
724	0.00974298
725	0.05388008
726	0.01980810
727	0.02769603
728	0.04185583
729	0.03681672
730	0.01310660
731	0.05397152
732	0.00767100
733	0.01813369
734	0.06993736
735	0.01374845
736	0.03333220
737	0.04443287
738	0.00684149
739	0.06941269
740	0.01326176
741	0.03474004
742	0.05832575
743	0.00997198
744	0.01033736
745	0.03574592
746	0.01610325
747	0.02549520
748	0.03461651
749	0.02496868
750	0.01061713
751	0.04671254
752	0.02095170
753	0.01285495
754	0.02676914
755	0.06889200
756	0.07590862
757	0.01890248
758	0.01464365
759	0.02690046
760	0.01596914
761	0.03229928
762	0.08131238
763	0.01745789
764	0.00848715
765	0.04833019
766	0.00575021
767	0.02885299
768	0.05585310
769	0.00787121
770	0.02431584
771	0.04698044
772	0.01966424
773	0.01329288
774	0.03748927
775	0.04735258
776	0.04385206
777	0.08008519
778	0.01656486
779	0.01823839
780	0.00913638
781	0.04839076
782	0.02922410
783	0.04473142
784	0.06084861
785	0.06168173
786	0.02590103
787	0.01673504
788	0.00595289
789	0.03077699
790	0.04006729
791	0.03322353
792	0.04549861
793	0.01768922
794	0.01138854
795	0.04567028
796	0.00811264
797	0.14297162
798	0.02143065
799	0.08081904
800	0.01633044
801	0.01412611
802	0.01968158
803	0.02204236
804	0.00981899
805	0.02085996
806	0.05475836
807	0.08701713
808	0.07765531
809	0.03095268
810	0.02466620
811	0.04803044
812	0.07079469
813	0.05411166
814	0.08281677
815	0.02244303
816	0.10989520
817	0.04316847
818	0.01529577
819	0.06837492
820	0.03990155
821	0.01114226
822	0.04825831
823	0.05371899
824	0.01379917
825	0.02908380
826	0.03173808
827	0.07949886
828	0.03305676
829	0.02859376
830	0.04433158
831	0.07002405
832	0.06739850
833	0.09012632
834	0.01552926
835	0.01178875
836	0.01342781
837	0.08072590
838	0.03034995
839	0.02564370
840	0.02463493
841	0.01175335
842	0.03539211
843	0.00802611
844	0.01658364
845	0.03799149
846	0.04243813
847	0.06559458
848	0.00507038
849	0.11027482
850	0.01557977
851	0.04838607
852	0.00847110
853	0.01346698
854	0.01942503
855	0.00544892
856	0.01735820
857	0.03910423
858	0.10993627
859	0.05206827
860	0.01330666
861	0.03666558
862	0.02666367
863	0.02395392
864	0.03173256
865	0.01504510
866	0.02949020
867	0.07666502
868	0.06135237
869	0.01288246
870	0.03019556
871	0.01537482
872	0.00263679
873	0.08598204
874	0.01690175
875	0.00522962
876	0.01350681
877	0.05279985
878	0.02164226
879	0.01657951
880	0.07059298
881	0.06507224
882	0.01089035
883	0.02291651
884	0.00902962
885	0.01199567
886	0.01266068
887	0.01554448
888	0.03919804
889	0.04747843
890	0.06365160
891	0.02000789
892	0.01654340
893	0.00692343
894	0.02904763
895	0.02293462
896	0.01262709
897	0.00917730
898	0.02928762
899	0.02177038
900	0.01004499
901	0.04639123
902	0.06490789
903	0.01115908
904	0.04203839
905	0.02907564
906	0.00991558
907	0.04236502
908	0.02712121
909	0.02019577
910	0.06945588
911	0.01805449
912	0.02711264
913	0.04071723
914	0.02629995
915	0.06166641
916	0.05240026
917	0.05347724
918	0.02710789
919	0.01042100
920	0.04530464
921	0.00822528
922	0.08523194
923	0.06901950
924	0.00636827
925	0.02912528
926	0.01286863
927	0.00900433
928	0.02702023
929	0.11118658
930	0.00644974
931	0.16702663
932	0.02243261
933	0.03927085
934	0.00826594
935	0.01062771
936	0.00812642
937	0.02133029
938	0.02711703
939	0.03584247
940	0.09538498
941	0.02744499
942	0.02745516
943	0.05156409
944	0.02639376
945	0.00653292
946	0.05052250
947	0.03531775
948	0.01751770
949	0.02706409
950	0.06975088
951	0.02630129
952	0.03376011
953	0.00763349
954	0.01495960
955	0.03545191
956	0.07209985
957	0.00604541
958	0.05336197
959	0.02537910
960	0.00277869
961	0.00465583
962	0.00829014
963	0.04010949
964	0.04042750
965	0.01235526
966	0.03473137
967	0.11420779
968	0.03486269
