0	0.00247789
1	0.00374942
2	0.00214606
3	0.00480725
4	0.00181964
5	0.00189800
6	0.00762106
7	0.00205625
8	0.00452542
9	0.00202390
10	0.00270825
11	0.01094280
12	0.00692689
13	0.00704548
14	0.01973519
15	0.00338887
16	0.00225919
17	0.00326570
18	0.00287967
19	0.00301675
20	0.00256618
21	0.00607878
22	0.00222484
23	0.00551355
24	0.00698078
25	0.00371103
26	0.00206681
27	0.00195856
28	0.00424569
29	0.00627794
30	0.00219375
31	0.00837369
32	0.00296208
33	0.02091780
34	0.02997342
35	0.00633645
36	0.00400798
37	0.00339175
38	0.01527096
39	0.00289564
40	0.00931849
41	0.00288761
42	0.00355872
43	0.00265945
44	0.00167379
45	0.00253918
46	0.03046691
47	0.00410131
48	0.01721607
49	0.00723703
50	0.02705053
51	0.01047038
52	0.07107962
53	0.00153650
54	0.00201964
55	0.02115163
56	0.02508692
57	0.00435446
58	0.00348676
59	0.00407857
60	0.02731928
61	0.01364501
62	0.00907868
63	0.02293146
64	0.00250252
65	0.00767489
66	0.02342248
67	0.00524695
68	0.00265252
69	0.02417038
70	0.00411759
71	0.00901313
72	0.00451019
73	0.01396817
74	0.00204428
75	0.00387390
76	0.00467069
77	0.00411476
78	0.02696308
79	0.00235888
80	0.00273550
81	0.02635257
82	0.00168860
83	0.00198141
84	0.00442605
85	0.00366560
86	0.00283871
87	0.00734575
88	0.00206633
89	0.00658929
90	0.01619338
91	0.00606502
92	0.00476176
93	0.00409244
94	0.00325861
95	0.00232048
96	0.00214265
97	0.00274328
98	0.00276817
99	0.00620825
100	0.00257348
101	0.00480930
102	0.02341959
103	0.00650242
104	0.00232237
105	0.00163519
106	0.00673965
107	0.00817269
108	0.00342395
109	0.03537521
110	0.00447605
111	0.00476565
112	0.00399774
113	0.00274007
114	0.00572941
115	0.00332878
116	0.00538109
117	0.01922033
118	0.00280446
119	0.00315956
120	0.01171555
121	0.00290357
122	0.00302526
123	0.01513204
124	0.00267306
125	0.00344013
126	0.00241633
127	0.01342542
128	0.01416623
129	0.02673114
130	0.00894848
131	0.00265741
132	0.00473193
133	0.00350572
134	0.02025394
135	0.01987054
136	0.01415898
137	0.02635278
138	0.02150641
139	0.00256014
140	0.00618960
141	0.00806450
142	0.00433204
143	0.00273566
144	0.00820347
145	0.00462143
146	0.00156402
147	0.00257705
148	0.00309034
149	0.00631360
150	0.00192017
151	0.00480226
152	0.00257127
153	0.00673845
154	0.00195636
155	0.00645588
156	0.01836218
157	0.01427563
158	0.00373235
159	0.00401754
160	0.00466597
161	0.00341035
162	0.00536019
163	0.00317899
164	0.00827143
165	0.01317904
166	0.00459076
167	0.00812511
168	0.00231234
169	0.00262526
170	0.01646282
171	0.00282637
172	0.00157988
173	0.03003960
174	0.00174653
175	0.00351408
176	0.00361486
177	0.02382941
178	0.00402342
179	0.00665284
180	0.00131644
181	0.00495126
182	0.00305179
183	0.00679049
184	0.00689039
185	0.00370861
186	0.00657311
187	0.00575184
188	0.03004149
189	0.00244280
190	0.02379863
191	0.00282668
192	0.01674475
193	0.00335137
194	0.00538986
195	0.00659638
196	0.00177337
197	0.00386864
198	0.00227831
199	0.00328424
200	0.00506481
201	0.00238204
202	0.00278020
203	0.00967111
204	0.00480436
205	0.00260168
206	0.00492075
207	0.00661402
208	0.01722185
209	0.00165951
210	0.00154795
211	0.01683335
212	0.01913356
213	0.00504727
214	0.00283724
215	0.00645551
216	0.00182085
217	0.00439790
218	0.00559165
219	0.00482111
220	0.00187059
221	0.00840341
222	0.00610830
223	0.00442983
224	0.00327474
225	0.00609359
226	0.01869449
227	0.00188036
228	0.01935320
229	0.00732374
230	0.00601623
231	0.01525494
232	0.00151707
233	0.00347416
234	0.01541639
235	0.00167904
236	0.00341471
237	0.00630331
238	0.00388072
239	0.00777768
240	0.00453419
241	0.02605110
242	0.00405315
243	0.00447794
244	0.00260347
245	0.02181838
246	0.00596775
247	0.00689002
248	0.00319538
249	0.00171534
250	0.00414175
251	0.00171691
252	0.01228887
253	0.00407820
254	0.00267505
255	0.00231560
256	0.00628986
257	0.02626954
258	0.00489905
259	0.00502668
260	0.01108687
261	0.02134958
262	0.00285888
263	0.00390467
264	0.00324522
265	0.00305546
266	0.01752904
267	0.00403151
268	0.00324191
269	0.00401108
270	0.00836886
271	0.00217006
272	0.00190614
273	0.00274548
274	0.00291812
275	0.00400158
276	0.00620320
277	0.00315525
278	0.03319165
279	0.00160310
280	0.00184764
281	0.00214674
282	0.00383960
283	0.00279065
284	0.00190987
285	0.01292395
286	0.02544280
287	0.01371061
288	0.00441728
289	0.00223141
290	0.00634632
291	0.00457237
292	0.03096392
293	0.00312195
294	0.00536292
295	0.00351129
296	0.00876691
297	0.02077999
298	0.01161334
299	0.01706728
300	0.00202269
301	0.00191933
302	0.00594522
303	0.00361282
304	0.00407962
305	0.00720257
306	0.00397453
307	0.01869538
308	0.00256239
309	0.00524643
310	0.02779764
311	0.00191570
312	0.02292852
313	0.00451339
314	0.00331050
315	0.00319853
316	0.01006849
317	0.00290583
318	0.00390362
319	0.00498734
320	0.00367185
321	0.01703645
322	0.00725305
323	0.01333298
324	0.01829669
325	0.00313808
326	0.00530730
327	0.00221618
328	0.00243125
329	0.01427442
330	0.01113771
331	0.02506686
332	0.00434806
333	0.01732684
334	0.00504648
335	0.00659984
336	0.00547369
337	0.00237164
338	0.00279291
339	0.00305294
340	0.00507873
341	0.02401696
342	0.00211087
343	0.00187920
344	0.00360704
345	0.00243193
346	0.00364942
347	0.01544958
348	0.00544968
349	0.00195000
350	0.00218183
351	0.00381308
352	0.01513178
353	0.01426943
354	0.00209916
355	0.01988650
356	0.01222106
357	0.01378293
358	0.00215714
359	0.02433167
360	0.00676045
361	0.00296975
362	0.00652411
363	0.00412211
364	0.00747868
365	0.00663167
366	0.00507379
367	0.00477264
368	0.00566229
369	0.00320914
370	0.00434995
371	0.01352075
372	0.00993340
373	0.01070530
374	0.01069186
375	0.00212043
376	0.01061749
377	0.00306155
378	0.00498934
379	0.02911654
380	0.00441707
381	0.01302148
382	0.02038025
383	0.00283592
384	0.00221886
385	0.00321271
386	0.00275047
387	0.01882185
388	0.00324322
389	0.00629984
390	0.03442054
391	0.00340956
392	0.00208330
393	0.00944401
394	0.00422584
395	0.00554480
396	0.02203787
397	0.01798251
398	0.00503051
399	0.00875530
400	0.00348871
401	0.02749322
402	0.01469895
403	0.00227437
404	0.01919464
405	0.01515383
406	0.00868172
407	0.00247574
408	0.00379275
409	0.00209254
410	0.02726460
411	0.00307379
412	0.00239149
413	0.00371754
414	0.00558346
415	0.00314895
416	0.00566943
417	0.00655037
418	0.02996964
419	0.00586360
420	0.02518036
421	0.00872379
422	0.00691129
423	0.00442595
424	0.00297931
425	0.00222006
426	0.00478472
427	0.00426035
428	0.01331549
429	0.00382080
430	0.01919548
431	0.00181518
432	0.00381991
433	0.02273913
434	0.02074449
435	0.01852384
436	0.00252983
437	0.00864007
438	0.00482290
439	0.00178120
440	0.00203908
441	0.02869832
442	0.00342988
443	0.00254596
444	0.00216964
445	0.00341738
446	0.00877647
447	0.01508592
448	0.00584354
449	0.00182957
450	0.01017532
451	0.00523099
452	0.00287537
453	0.02609238
454	0.00330326
455	0.00633193
456	0.02136402
457	0.02492983
458	0.00494942
459	0.02284806
460	0.00288687
461	0.00256964
462	0.00169758
463	0.01643871
464	0.00342983
465	0.00174695
466	0.00261954
467	0.00197374
468	0.00470305
469	0.00883892
470	0.01975856
471	0.00228015
472	0.00226134
473	0.00764942
474	0.02279401
475	0.00593661
476	0.00643582
477	0.00764984
478	0.00317468
479	0.00254958
480	0.00209491
481	0.00784280
482	0.00288041
483	0.00277868
484	0.01815851
485	0.00601408
486	0.00330520
487	0.00372673
488	0.02626959
489	0.00160026
490	0.00688346
491	0.00506376
492	0.00475226
493	0.01068645
494	0.00210504
495	0.00178078
496	0.00259811
497	0.00475646
498	0.00338146
499	0.00213824
500	0.00350168
501	0.00384359
502	0.00413876
503	0.00177915
504	0.00605662
505	0.01075951
506	0.00216261
507	0.00334874
508	0.00455105
509	0.01787610
510	0.00459706
511	0.00277290
512	0.00659386
513	0.02298697
514	0.00763445
515	0.00208146
516	0.00471954
517	0.00297127
518	0.00276471
519	0.00914522
520	0.02478587
521	0.02130956
522	0.00552889
523	0.00317048
524	0.00297243
525	0.00459795
526	0.03017295
527	0.00242868
528	0.00165068
529	0.00539133
530	0.00205525
531	0.01500667
532	0.01538367
533	0.00225940
534	0.00225079
535	0.00190273
536	0.00358015
537	0.00427474
538	0.00212195
539	0.00168267
540	0.00322878
541	0.00781203
542	0.00915762
543	0.00901581
544	0.02550194
545	0.02354821
546	0.01094706
547	0.00232022
548	0.02792447
549	0.00468304
550	0.00181460
551	0.00600987
552	0.01713314
553	0.02305242
554	0.00227563
555	0.00631864
556	0.00391119
557	0.00398109
558	0.00192243
559	0.00982285
560	0.01701166
561	0.00627101
562	0.01246875
563	0.00390919
564	0.00332910
565	0.01918939
566	0.00405399
567	0.00467122
568	0.00624191
569	0.00334349
570	0.00264013
571	0.03372300
572	0.00230662
573	0.01523051
574	0.00512479
575	0.00291612
576	0.00772405
577	0.01752778
578	0.00255431
579	0.00225588
580	0.00283440
581	0.00417658
582	0.00385042
583	0.02807148
584	0.00371907
585	0.00521864
586	0.00238540
587	0.01914816
588	0.00476917
589	0.02923976
590	0.00219296
591	0.00266250
592	0.00208114
593	0.00225809
594	0.00332784
595	0.02479512
596	0.00449890
597	0.00966786
598	0.00829475
599	0.00344816
600	0.01874680
601	0.01581108
602	0.00209470
603	0.01943776
604	0.00210509
605	0.03086707
606	0.00641124
607	0.02074139
608	0.00530226
609	0.00428808
610	0.01366544
611	0.02006282
612	0.00351098
613	0.00227421
614	0.01919322
615	0.00223057
616	0.00227663
617	0.00376959
618	0.00240966
619	0.02215909
620	0.00986471
621	0.00265509
622	0.00222169
623	0.00571261
624	0.00300042
625	0.00372931
626	0.01864611
627	0.00494322
628	0.00557243
629	0.00208918
630	0.00307101
631	0.00467747
632	0.00133824
633	0.00312915
634	0.00539186
635	0.02603745
636	0.00625741
637	0.00377700
638	0.00586586
639	0.01544034
640	0.00263661
641	0.00537442
642	0.01625110
643	0.01360882
644	0.02535000
645	0.01585467
646	0.00272222
647	0.03841366
648	0.00218062
649	0.00189070
650	0.00239522
651	0.00735021
652	0.02238451
653	0.00677090
654	0.02919695
655	0.00436108
656	0.03258724
657	0.00341849
658	0.01833708
659	0.00252264
660	0.00736576
661	0.02863782
662	0.00451686
663	0.00216723
664	0.00220053
665	0.02602416
666	0.00445084
667	0.00229790
668	0.00230814
669	0.02579669
670	0.02608782
671	0.00345236
672	0.00687111
673	0.02081092
674	0.00372274
675	0.00518855
676	0.02304837
677	0.03281434
678	0.00198246
679	0.00426176
680	0.00372605
681	0.00308093
682	0.00260509
683	0.00593372
684	0.03083960
685	0.02334217
686	0.00456581
687	0.00425294
688	0.00739690
689	0.01997479
690	0.01878078
691	0.00254301
692	0.00646796
693	0.01238393
694	0.00290714
695	0.01195772
696	0.00289501
697	0.00661444
698	0.00245179
699	0.01120720
700	0.00632763
701	0.00611150
702	0.00263419
703	0.00228304
704	0.00714795
705	0.00397936
706	0.00253766
707	0.00845772
708	0.00210284
709	0.00513624
710	0.00917700
711	0.02415042
712	0.00284690
713	0.00209328
714	0.01671134
715	0.00274832
716	0.00243072
717	0.03549023
718	0.00359018
719	0.00214795
720	0.03147253
721	0.00648913
722	0.00888283
723	0.00459937
724	0.02052558
725	0.00171471
726	0.01555173
727	0.00634364
728	0.00371849
729	0.00325515
730	0.00321738
731	0.00398561
732	0.00379391
733	0.02564286
734	0.01358792
735	0.00256970
736	0.00308556
737	0.00232316
738	0.00586702
739	0.00347700
740	0.02090825
741	0.00208929
742	0.00376943
743	0.00304706
744	0.00781612
745	0.00289464
746	0.00319223
747	0.02627983
748	0.00427967
749	0.00293451
750	0.00677553
751	0.00635126
752	0.00510688
753	0.00797405
754	0.01522353
755	0.00222442
756	0.01319963
757	0.00398125
758	0.00309989
759	0.00304070
760	0.00234527
761	0.00873372
762	0.03122889
763	0.00330352
764	0.00319569
765	0.00434170
766	0.00457511
767	0.00535530
768	0.00498703
769	0.02490168
770	0.00352694
771	0.00606077
772	0.00217432
773	0.00536759
774	0.01973125
775	0.00497101
776	0.01257216
777	0.00217847
778	0.00330515
779	0.00259554
780	0.00215247
781	0.00240352
782	0.00309842
783	0.00331350
784	0.00483860
785	0.02672169
786	0.00529680
787	0.00365446
788	0.00383771
789	0.00259800
790	0.00558193
791	0.00427847
792	0.00247957
793	0.00376770
794	0.00208939
795	0.01533908
796	0.00528256
797	0.00476749
798	0.02819779
799	0.00403178
800	0.01067400
801	0.01018435
802	0.00690131
803	0.02937164
804	0.02888151
805	0.01221282
806	0.00289149
807	0.00310578
808	0.02716922
809	0.00493918
810	0.00471255
811	0.00314312
812	0.00357973
813	0.00301828
814	0.00464890
815	0.00782038
816	0.00666282
817	0.00782159
818	0.00353445
819	0.00285546
820	0.00225588
821	0.00135058
822	0.00632826
823	0.00534848
824	0.01548845
825	0.00544049
826	0.00591019
827	0.00677159
828	0.00418104
829	0.00310100
830	0.00519202
831	0.00439764
832	0.03129238
833	0.00409932
834	0.00389118
835	0.00653183
836	0.07335499
837	0.00488277
838	0.00317826
839	0.00466996
840	0.00896087
841	0.00344769
842	0.00490678
843	0.01688640
844	0.00497684
845	0.00459097
846	0.01969501
847	0.00370105
848	0.03022027
849	0.00360662
850	0.00310893
851	0.00145536
852	0.00971859
853	0.01865263
854	0.02349711
855	0.02434375
856	0.01680793
857	0.02323046
858	0.00240751
859	0.00259102
860	0.00529674
861	0.02621271
862	0.01370641
863	0.00287195
864	0.00187264
865	0.00837164
866	0.00428424
867	0.00441134
868	0.00370735
869	0.01123976
870	0.00223908
871	0.00641402
872	0.00440546
873	0.00298335
874	0.00918729
875	0.00528571
876	0.02723314
877	0.01844039
878	0.00394585
879	0.00279312
880	0.00640436
881	0.01290483
882	0.00438734
883	0.00849149
884	0.01837495
885	0.00802925
886	0.00708545
887	0.00211875
888	0.00540294
889	0.02662731
890	0.00754648
891	0.00210977
892	0.00349701
893	0.00576465
894	0.00525326
895	0.00659002
896	0.00409554
897	0.00269343
898	0.00581922
899	0.01120357
900	0.02765657
901	0.00440263
902	0.00508676
903	0.00641313
904	0.00441917
905	0.01255473
906	0.00231518
907	0.01869863
908	0.00245924
909	0.00514585
910	0.01639800
911	0.00474359
912	0.00391092
913	0.00375352
914	0.00276397
915	0.00199764
916	0.00264559
917	0.01575678
918	0.00377574
919	0.00443902
920	0.00414848
921	0.02106518
922	0.01247500
923	0.00936450
924	0.00197883
925	0.02716134
926	0.00274716
927	0.00279375
928	0.00556644
929	0.00393650
930	0.02040678
931	0.00316161
932	0.00421544
933	0.00240425
934	0.00879790
935	0.00325299
936	0.02486029
937	0.00590126
938	0.00162400
939	0.00468697
940	0.00720840
941	0.00304895
942	0.00300746
943	0.00378566
944	0.02290567
945	0.01998157
946	0.00299412
947	0.00195667
948	0.02510147
949	0.02217941
950	0.01915966
951	0.00552715
