0	0.44004609
1	0.26760294
2	0.31999026
3	0.33084508
4	0.15485648
5	0.37435965
6	0.24918585
7	0.33261590
8	0.18658525
9	0.41128626
10	0.23615859
11	0.18604706
12	0.31643143
13	0.27665290
14	0.23582937
15	0.23604187
16	0.25794311
17	0.34189715
18	0.20512992
19	0.26725896
20	0.45317845
21	0.30816581
22	0.29619297
23	0.20041631
24	0.25964361
25	0.37348456
26	0.28018543
27	0.10384894
28	0.31241627
29	0.16033672
30	0.16304242
31	0.31100712
32	0.45294320
33	0.19824655
34	0.34279977
35	0.19919954
36	0.16829370
37	0.24258598
38	0.30279715
39	0.31050915
40	0.33778929
41	0.15758915
42	0.41304959
43	0.16165253
44	0.34310106
45	0.33510202
46	0.21852909
47	0.30763888
48	0.22183194
49	0.30711544
50	0.22643162
51	0.33454545
52	0.25345037
53	0.23565722
54	0.20142716
55	0.36826843
56	0.21293355
57	0.30640846
58	0.30700648
59	0.15894752
60	0.37978033
61	0.25643460
62	0.38784687
63	0.15878764
64	0.34769412
65	0.22356861
66	0.22861540
67	0.36071461
68	0.27024191
69	0.24222151
70	0.31326140
71	0.32558203
72	0.29827169
73	0.20191190
74	0.30085119
75	0.28687256
76	0.31320358
77	0.28165740
78	0.14034853
79	0.18257109
80	0.17585188
81	0.13773649
82	0.24763690
83	0.29477771
84	0.46053470
85	0.28599885
86	0.30033024
87	0.17240487
88	0.41711558
89	0.26636967
90	0.21666250
91	0.23909692
92	0.14556526
93	0.16468488
94	0.21938139
95	0.19196608
96	0.24546719
97	0.20322394
98	0.22663304
99	0.17907146
100	0.16013028
101	0.17690271
102	0.17341517
103	0.23995427
104	0.28738249
105	0.27079026
106	0.18212178
107	0.24197679
108	0.21917560
109	0.39951227
110	0.16239040
111	0.16782730
112	0.26331507
113	0.28258529
114	0.33588860
115	0.28220942
116	0.25264228
117	0.37328015
118	0.18573433
119	0.39205616
120	0.29607624
121	0.34290400
122	0.22182054
123	0.29052073
124	0.27160547
125	0.24145772
126	0.19347835
127	0.11916268
128	0.23177436
129	0.31183134
130	0.18184049
131	0.25932008
132	0.31059467
133	0.28303102
134	0.20845887
135	0.45174164
136	0.27800175
137	0.18846498
138	0.25925915
139	0.29451043
140	0.11639297
141	0.18074389
142	0.33149035
143	0.26042725
144	0.37868051
145	0.19926563
146	0.10976654
147	0.17615179
148	0.17746981
149	0.23810712
150	0.13816310
151	0.30108079
152	0.20913332
153	0.22180152
154	0.23943998
155	0.22196319
156	0.26802096
157	0.21041967
158	0.16267509
159	0.25485262
160	0.19581903
161	0.30423488
162	0.24361893
163	0.26860639
164	0.27058557
165	0.28486599
166	0.18991406
167	0.32118304
168	0.20856434
169	0.21272904
170	0.28399274
171	0.40341176
172	0.15584609
173	0.36242109
174	0.39134357
175	0.29439669
176	0.22966530
177	0.15834936
178	0.24778663
179	0.22129430
180	0.19595018
181	0.25017927
182	0.27109324
183	0.40149481
184	0.34106691
185	0.10389168
186	0.29833667
187	0.33597054
188	0.27449173
189	0.30277454
190	0.30122302
191	0.31048782
192	0.27044256
193	0.17060092
194	0.31252408
195	0.19694237
196	0.21050211
197	0.26661020
198	0.23609292
199	0.20627826
200	0.14625377
201	0.33261599
202	0.18745354
203	0.14689416
204	0.39001921
205	0.38752615
206	0.30913566
207	0.20771815
208	0.29279278
209	0.30305097
210	0.30448240
211	0.36857289
212	0.37506641
213	0.15436149
214	0.32745574
215	0.32696218
216	0.14978667
217	0.18702178
218	0.29052854
219	0.25691935
220	0.12829848
221	0.34273143
222	0.22790561
223	0.26265469
224	0.34712941
225	0.26309504
226	0.23930528
227	0.29200391
228	0.21315106
229	0.29453598
230	0.27879522
231	0.33395267
232	0.40432964
233	0.27130556
234	0.26183736
235	0.30875873
236	0.22409701
237	0.25467964
238	0.22449260
239	0.06472721
240	0.30539605
241	0.26145887
242	0.18082289
243	0.17918051
244	0.17051880
245	0.27811438
246	0.28884173
247	0.31692817
248	0.16790041
249	0.16001981
250	0.13623557
251	0.42620041
252	0.27532858
253	0.17947073
254	0.11282371
255	0.25799660
256	0.23283415
257	0.48507187
258	0.16583906
259	0.19330317
260	0.29510046
261	0.30124678
262	0.12483410
263	0.31802031
264	0.30355129
265	0.08348676
266	0.37656002
267	0.37843686
268	0.31635326
269	0.40924766
270	0.24209568
271	0.30009260
272	0.17154917
273	0.30079531
274	0.18614963
275	0.20294154
276	0.28492960
277	0.40515165
278	0.22598479
279	0.24577555
280	0.30753176
281	0.24584674
282	0.25533336
283	0.39832744
284	0.32707849
285	0.23392261
286	0.11940225
287	0.29743575
288	0.14952220
289	0.29789779
290	0.30976282
291	0.21765547
292	0.37399315
293	0.19071310
294	0.26147068
295	0.34412973
296	0.24829246
297	0.31906301
298	0.25082197
299	0.20014701
300	0.25136700
301	0.23074269
302	0.24157486
303	0.18827413
304	0.30455092
305	0.48207279
306	0.35048961
307	0.18137192
308	0.24539131
309	0.47845175
310	0.27006089
311	0.38284706
312	0.14669329
313	0.24101673
314	0.18666774
315	0.33105680
316	0.26910643
317	0.23198061
318	0.35016627
319	0.19931751
320	0.23049389
321	0.17129568
322	0.23186710
323	0.31636562
324	0.20627528
325	0.15376572
326	0.39793382
327	0.29351710
328	0.30370041
329	0.21986668
330	0.27701186
331	0.25709747
332	0.22418686
333	0.14956535
334	0.26770308
335	0.29726714
336	0.36117863
337	0.23661507
338	0.23289738
339	0.20698801
340	0.14613837
341	0.21386581
342	0.29881480
343	0.29595634
344	0.42719816
345	0.25835639
346	0.30270074
347	0.25512394
348	0.19779894
349	0.16496682
350	0.18818185
351	0.12403254
352	0.22942748
353	0.36362266
354	0.22390510
355	0.21738332
356	0.13055542
357	0.20883162
358	0.25785368
359	0.14870138
360	0.25739136
361	0.26798975
362	0.35406788
363	0.10107073
364	0.28794858
365	0.20049306
366	0.20565225
367	0.21062597
368	0.20434499
369	0.32430464
370	0.13141153
371	0.32500942
372	0.30686438
373	0.37116259
374	0.36119550
375	0.31988745
376	0.29343318
377	0.37247739
378	0.28811843
379	0.20926710
380	0.25603249
381	0.20063626
382	0.23298047
383	0.22062362
384	0.31225841
385	0.27917096
386	0.22421622
387	0.30686402
388	0.40411172
389	0.37246990
390	0.29769660
391	0.31093134
392	0.26940662
393	0.28171121
394	0.28277146
395	0.37073497
396	0.16501140
397	0.13790414
398	0.23552335
399	0.16957835
400	0.24458065
401	0.36855129
402	0.37462390
403	0.16470735
404	0.31646870
405	0.36094085
406	0.24374311
407	0.37772744
408	0.22939674
409	0.19369563
410	0.26503483
411	0.39876613
412	0.24803571
413	0.16825225
414	0.23656190
415	0.17447551
416	0.14454573
417	0.19856939
418	0.20604398
419	0.15771999
420	0.17371278
421	0.46562978
422	0.24367969
423	0.31374035
424	0.20290225
425	0.19169081
426	0.30468860
427	0.13819522
428	0.14802858
429	0.24405372
430	0.35199035
431	0.22568244
432	0.27491645
433	0.31442854
434	0.25328392
435	0.25706889
436	0.22709591
437	0.33644940
438	0.29465928
439	0.37267036
440	0.50208410
441	0.19027771
442	0.23948897
443	0.26409724
444	0.24684697
445	0.24109352
446	0.20052725
447	0.23539968
448	0.21002799
449	0.24946250
450	0.21423695
451	0.11750671
452	0.31225069
453	0.23675129
454	0.26774876
455	0.28290368
456	0.19089614
457	0.25687123
458	0.34587477
459	0.26540878
460	0.16575152
461	0.22194761
462	0.32064049
463	0.25980381
464	0.25297188
465	0.27503865
466	0.24974720
467	0.19452298
468	0.30456622
469	0.19509793
470	0.25465754
471	0.49700115
472	0.07844995
473	0.28409131
474	0.30665790
475	0.24366213
476	0.22898244
477	0.14910340
478	0.24960303
479	0.45793359
480	0.17035303
481	0.40239733
482	0.37198102
483	0.18849655
484	0.13039026
485	0.20213281
486	0.17126613
487	0.20960892
488	0.23877463
489	0.39182955
490	0.32504131
491	0.16890299
492	0.23863153
493	0.29240928
494	0.28234274
495	0.29126659
496	0.17148511
497	0.26475244
498	0.13722937
499	0.33160882
500	0.25829403
501	0.35381461
502	0.31948722
503	0.22770556
504	0.27037790
505	0.28693585
506	0.19461085
507	0.14785919
508	0.23266043
509	0.14870078
510	0.09931186
511	0.24979642
512	0.26757904
513	0.23998006
514	0.27310699
515	0.22603019
516	0.44012040
517	0.40674982
518	0.38690800
519	0.36712293
520	0.30539352
521	0.32866117
522	0.39705253
523	0.25026425
524	0.18006103
525	0.33245294
526	0.30469853
527	0.25399517
528	0.31204007
529	0.23696438
530	0.28474936
531	0.46473263
532	0.14426140
533	0.25435901
534	0.37134931
535	0.23775115
536	0.15323860
537	0.30855037
538	0.16368552
539	0.23662215
540	0.20405951
541	0.29681590
542	0.25679407
543	0.26932477
544	0.34463240
545	0.20971278
546	0.29221369
547	0.19956824
548	0.28049058
549	0.23037845
550	0.20769343
551	0.36217606
552	0.32643199
553	0.28001599
554	0.37316824
555	0.39310703
556	0.30742367
557	0.27466218
558	0.22063097
559	0.31153961
560	0.28585115
561	0.37478134
562	0.22261691
563	0.28823635
564	0.27865579
565	0.26137362
566	0.33862031
567	0.36343401
568	0.36124191
569	0.26759995
570	0.27920924
571	0.33131337
572	0.19148249
573	0.10424472
574	0.25581034
575	0.27301126
576	0.36225294
577	0.32773460
578	0.22211075
579	0.34972629
580	0.28920823
581	0.31545409
582	0.22556562
583	0.17233534
584	0.29868226
585	0.13922813
586	0.27448653
587	0.28510551
588	0.15830299
589	0.34633373
590	0.18176613
591	0.11179678
592	0.35794591
593	0.28981815
594	0.18674076
595	0.40169513
596	0.24496085
597	0.32419246
598	0.18137376
599	0.24090983
600	0.31325800
601	0.18396935
602	0.27678778
603	0.38601029
604	0.40299674
605	0.28637826
606	0.13834807
607	0.23601369
608	0.19172495
609	0.19820901
610	0.25030887
611	0.31408327
612	0.23073084
613	0.26141222
614	0.20946595
615	0.21382619
616	0.19369292
617	0.26863171
618	0.23237298
619	0.26117096
620	0.50840781
621	0.23716985
622	0.26342610
623	0.25630110
624	0.29272316
625	0.25612863
626	0.37829200
627	0.36000271
628	0.33072054
629	0.27001696
630	0.26374821
631	0.23877362
632	0.36762132
633	0.26110657
634	0.13472036
635	0.23460694
636	0.40161094
637	0.15193511
638	0.14711305
639	0.16900496
640	0.28940395
641	0.11685469
642	0.32005882
643	0.26195988
644	0.26773906
645	0.28883157
646	0.31349701
647	0.17944752
648	0.19147109
649	0.27340161
650	0.34977615
651	0.26152670
652	0.20465942
653	0.24597744
654	0.24291066
655	0.31244150
656	0.26232679
657	0.33418952
658	0.17772748
659	0.34980574
660	0.26677978
661	0.31273313
662	0.25975781
663	0.39209678
664	0.22173433
665	0.17224030
666	0.21849462
667	0.22352063
668	0.25147449
669	0.40975262
670	0.33051213
671	0.20359844
672	0.19613097
673	0.12300657
674	0.15517555
675	0.51144563
676	0.30575225
677	0.34238474
678	0.43811057
679	0.24182224
680	0.49375349
681	0.34608424
682	0.26506540
683	0.19398869
684	0.27951746
685	0.30599085
686	0.27820979
687	0.37114522
688	0.25355248
689	0.25070565
690	0.30056039
691	0.28066691
692	0.21020345
693	0.36871691
694	0.32065469
695	0.33759421
696	0.29367362
697	0.25602155
698	0.23842587
699	0.29107316
700	0.20153824
701	0.20037348
702	0.17997877
703	0.13827670
704	0.21191356
705	0.18768290
706	0.17704063
707	0.16759789
708	0.21522514
709	0.17015510
710	0.34377679
711	0.28434251
712	0.25635551
713	0.29279697
714	0.18028001
715	0.36271011
716	0.28108336
717	0.25879839
718	0.15651305
719	0.31132371
720	0.20659490
721	0.39152454
722	0.35662192
723	0.20104494
724	0.18225864
725	0.28213888
726	0.28286484
727	0.22243157
728	0.27223782
729	0.34415446
730	0.19461126
731	0.21621011
732	0.34826218
733	0.20459168
734	0.40624968
735	0.38244357
736	0.25245069
737	0.30343120
738	0.30318116
739	0.34954085
740	0.28197146
741	0.26055947
742	0.21795979
743	0.14825997
744	0.22661314
745	0.31603364
746	0.14449995
747	0.25755257
748	0.10854067
749	0.25872119
750	0.34024545
751	0.23490786
752	0.30342895
753	0.31375184
754	0.33541953
755	0.18293966
756	0.24749030
757	0.24736907
758	0.31363290
759	0.42793061
760	0.41017790
761	0.26136870
762	0.08983162
763	0.17904398
764	0.32714343
765	0.24262307
766	0.36718589
767	0.29294986
768	0.19802537
769	0.24545216
770	0.22044793
771	0.24574678
772	0.36046199
773	0.26829357
774	0.26658732
775	0.27942518
776	0.15755859
777	0.09655570
778	0.15435666
779	0.31887872
780	0.27684476
781	0.26559623
782	0.32475257
783	0.29852353
784	0.27622900
785	0.23089968
786	0.23318695
787	0.21776167
788	0.40173419
789	0.32881406
790	0.26824104
791	0.33258741
792	0.17500542
793	0.24400469
794	0.29096880
795	0.13743626
796	0.28304095
797	0.31639550
798	0.26667647
799	0.35773525
800	0.24440133
801	0.22058226
802	0.37177073
803	0.26843828
804	0.27875037
805	0.16334292
806	0.25062799
807	0.37381259
808	0.40373295
809	0.20423842
810	0.19182840
811	0.19785483
812	0.27603975
813	0.11094352
814	0.21708925
815	0.17861420
816	0.12986627
817	0.36323575
818	0.20265804
819	0.31050193
820	0.37527045
821	0.24116213
822	0.22868277
823	0.32850437
824	0.35865763
825	0.17547091
826	0.32288208
827	0.29892592
828	0.16663410
829	0.16394196
830	0.31384995
831	0.24401788
832	0.25942642
833	0.33186962
834	0.23804223
835	0.26097891
836	0.18038222
837	0.24105836
838	0.28038185
839	0.39630519
840	0.16589251
841	0.35520234
842	0.18094655
843	0.35694894
844	0.23696121
845	0.27449458
846	0.20413860
847	0.12313851
848	0.21233971
849	0.28396774
850	0.31102606
851	0.19095634
852	0.15257013
853	0.37631884
854	0.36956870
855	0.31355239
856	0.23000561
857	0.15479798
858	0.28849439
859	0.33559862
860	0.34972385
861	0.26113051
862	0.30037307
863	0.20698644
864	0.26896301
865	0.31558690
866	0.32135014
867	0.23423727
868	0.16904605
869	0.15489504
870	0.19918552
871	0.21760524
872	0.33653088
873	0.20373764
874	0.22694862
875	0.18467528
876	0.29440290
877	0.42094269
878	0.15287711
879	0.17608281
880	0.36936103
881	0.18970892
882	0.23881112
883	0.15245997
884	0.36848392
885	0.17712082
886	0.19870836
887	0.25840051
888	0.30939246
889	0.29817169
890	0.32008074
891	0.40922027
892	0.25687744
893	0.30502096
894	0.23974890
895	0.22413456
896	0.19135915
897	0.35277606
898	0.32777187
899	0.22931250
900	0.31729485
901	0.26147188
902	0.24310538
903	0.30326613
904	0.25426512
905	0.14194370
906	0.23751135
907	0.51222973
908	0.39440878
909	0.45051052
910	0.21625418
911	0.26703879
912	0.34530207
913	0.31555965
914	0.22708047
915	0.31437279
916	0.28708980
917	0.11127298
918	0.28682587
919	0.20588254
920	0.31885928
921	0.23159513
922	0.37753649
923	0.29121025
924	0.17671728
925	0.16337165
926	0.15516585
927	0.24621402
928	0.30104315
929	0.24162619
930	0.41030754
931	0.25607937
932	0.23560322
933	0.17889485
934	0.30164343
935	0.14196213
936	0.26146756
937	0.37074770
938	0.29051406
939	0.25313892
940	0.37010744
941	0.25130841
942	0.21704871
943	0.29006641
944	0.29456186
945	0.31592031
946	0.08260506
947	0.28532339
948	0.24389678
949	0.15229067
950	0.21394297
951	0.37443116
952	0.26410257
953	0.32377923
954	0.18944903
955	0.23727247
956	0.40539596
957	0.31133718
958	0.26124081
959	0.25841314
960	0.24468805
961	0.21189481
962	0.28156415
963	0.29971567
964	0.22132459
965	0.17825005
966	0.24121195
967	0.17384825
968	0.16972716
969	0.20496172
970	0.23634609
971	0.20598185
972	0.40923810
973	0.30270313
974	0.27313033
975	0.30196641
976	0.22724007
977	0.28019494
978	0.19311144
979	0.18152210
980	0.36461553
981	0.24421517
982	0.33119108
983	0.45768111
984	0.37854334
985	0.31742123
986	0.28121181
987	0.31553240
988	0.25727468
989	0.28671714
990	0.13998336
991	0.21052215
992	0.26320037
993	0.26400593
994	0.32182036
995	0.20589278
996	0.22614196
997	0.27009513
998	0.49714885
999	0.15784453
1000	0.35550777
1001	0.34755813
1002	0.32890239
1003	0.18219752
1004	0.28402068
1005	0.18559076
1006	0.17821204
1007	0.41356512
1008	0.22806342
1009	0.19889986
1010	0.20286181
1011	0.31006448
1012	0.14910276
1013	0.28975492
1014	0.44731209
1015	0.18880083
1016	0.19757950
1017	0.17540735
1018	0.23918212
1019	0.13476714
1020	0.15264237
1021	0.14881117
1022	0.28564311
1023	0.17938387
1024	0.30913047
1025	0.22418732
1026	0.20740662
1027	0.32298594
1028	0.37897799
1029	0.27811517
1030	0.13069007
1031	0.26971728
1032	0.27773070
1033	0.17762206
1034	0.32649200
1035	0.20968516
1036	0.18165781
1037	0.26693856
1038	0.37937312
1039	0.18433934
1040	0.14481163
1041	0.40215800
1042	0.36297463
1043	0.28535666
1044	0.21546659
1045	0.33286526
1046	0.33114099
1047	0.20894472
1048	0.37200051
1049	0.31894292
1050	0.26327900
1051	0.27387532
1052	0.44361903
1053	0.29550060
1054	0.24721535
1055	0.32062551
1056	0.21009076
1057	0.49249191
1058	0.20414531
1059	0.27918608
1060	0.29973189
1061	0.19599513
1062	0.50191921
1063	0.27344085
1064	0.49334940
1065	0.42148350
1066	0.25827877
1067	0.36105823
1068	0.18186774
1069	0.30207780
1070	0.50502256
1071	0.37939848
1072	0.41169389
1073	0.28300441
1074	0.27313042
1075	0.36935225
1076	0.23371521
1077	0.30970441
1078	0.25998580
1079	0.27949040
1080	0.13173824
1081	0.20914118
1082	0.17039591
1083	0.32652619
1084	0.37428088
1085	0.29193511
1086	0.15227279
1087	0.25973318
