0	0.31610874
1	0.32693791
2	0.58545966
3	0.40295680
4	0.39671893
5	0.20010277
6	0.40334534
7	0.20706228
8	0.39934825
9	0.31829951
10	0.43307413
11	0.51093049
12	0.44125553
13	0.39699563
14	0.29782340
15	0.40843262
16	0.26507019
17	0.21045786
18	0.40045155
19	0.52646015
20	0.41538228
21	0.38845854
22	0.11907733
23	0.35518859
24	0.39615772
25	0.55221485
26	0.19177757
27	0.27200019
28	0.33461175
29	0.40897709
30	0.32321262
31	0.47455845
32	0.42012728
33	0.32695083
34	0.39190330
35	0.31203782
36	0.37030621
37	0.35943374
38	0.49916524
39	0.20885442
40	0.53975199
41	0.42484121
42	0.31598248
43	0.45419379
44	0.29021893
45	0.27378680
46	0.25573684
47	0.37162636
48	0.32583490
49	0.55257277
50	0.33606189
51	0.33457689
52	0.36968015
53	0.56032748
54	0.43189243
55	0.29966034
56	0.46239180
57	0.57035451
58	0.26796728
59	0.21649170
60	0.52565160
61	0.44649553
62	0.40766932
63	0.19274005
64	0.24253913
65	0.27692019
66	0.33414908
67	0.26954427
68	0.33104005
69	0.40406345
70	0.41114490
71	0.47278316
72	0.21863214
73	0.41396850
74	0.31859087
75	0.43388029
76	0.44964738
77	0.54288374
78	0.29782471
79	0.21088990
80	0.34423981
81	0.44538558
82	0.42975869
83	0.21170660
84	0.33333796
85	0.27589743
86	0.37810718
87	0.29819869
88	0.20864476
89	0.23754262
90	0.26637806
91	0.30337951
92	0.26331131
93	0.36217461
94	0.39758563
95	0.24792636
96	0.36735718
97	0.56632383
98	0.24763461
99	0.31731505
100	0.47716466
101	0.37740641
102	0.22534927
103	0.40749573
104	0.39651864
105	0.47126850
106	0.37405835
107	0.32135718
108	0.26329155
109	0.28265238
110	0.32024617
111	0.33394840
112	0.28534345
113	0.39499990
114	0.29710117
115	0.46943403
116	0.46644024
117	0.22980961
118	0.38468218
119	0.42862718
120	0.36453995
121	0.34778461
122	0.40115291
123	0.41276762
124	0.41363364
125	0.37250194
126	0.25715117
127	0.27704655
128	0.44899340
129	0.37867097
130	0.37015354
131	0.33574893
132	0.49879563
133	0.34683063
134	0.32853728
135	0.40984485
136	0.29763529
137	0.46809238
138	0.27062039
139	0.32989893
140	0.26597204
141	0.10080252
142	0.29377583
143	0.37295558
144	0.26597354
145	0.32330102
146	0.40130422
147	0.46637534
148	0.39798670
149	0.27142335
150	0.27472854
151	0.46958413
152	0.34141791
153	0.30137456
154	0.33324466
155	0.34540670
156	0.28177752
157	0.31980515
158	0.37186408
159	0.35348782
160	0.24821277
161	0.36339291
162	0.33368869
163	0.39036073
164	0.33990146
165	0.30809786
166	0.37882782
167	0.31144704
168	0.29428403
169	0.56293908
170	0.21806641
171	0.36790786
172	0.37650417
173	0.41126286
174	0.52723005
175	0.33750112
176	0.30233549
177	0.24269704
178	0.26806951
179	0.32580820
180	0.40172762
181	0.31345466
182	0.51248461
183	0.45106354
184	0.48662112
185	0.36615626
186	0.40111981
187	0.33006748
188	0.18567951
189	0.37117961
190	0.40499845
191	0.17994413
192	0.41092874
193	0.51556922
194	0.20900422
195	0.19456966
196	0.40444718
197	0.49222383
198	0.34553102
199	0.55962388
200	0.40648573
201	0.31071485
202	0.47312524
203	0.24351335
204	0.34966214
205	0.31500854
206	0.35207636
207	0.21367660
208	0.29945563
209	0.22904209
210	0.24916811
211	0.56529383
212	0.43353510
213	0.50395801
214	0.34625083
215	0.52038699
216	0.47566791
217	0.23455058
218	0.26979354
219	0.30569422
220	0.35719092
221	0.49526869
222	0.45984369
223	0.34338427
224	0.19393733
225	0.29987524
226	0.40859670
227	0.33342985
228	0.40757485
229	0.44589942
230	0.34557583
231	0.30114995
232	0.20499956
233	0.27298374
234	0.37960330
235	0.25927257
236	0.44481184
237	0.21592694
238	0.47623738
239	0.21354408
240	0.53883097
241	0.37537170
242	0.24732592
243	0.21256403
244	0.48675437
245	0.35977544
246	0.29085786
247	0.46293029
248	0.36675034
249	0.26615796
250	0.18209500
251	0.54211893
252	0.39196869
253	0.43320961
254	0.42374583
255	0.32780413
256	0.41929631
257	0.44402927
258	0.38240961
259	0.23665684
260	0.34253233
261	0.33204820
262	0.43042485
263	0.31575257
264	0.47866427
265	0.38582553
266	0.27883155
267	0.27112403
268	0.42182403
269	0.29200811
270	0.42816684
271	0.48797947
272	0.26940752
273	0.46695646
274	0.32050558
275	0.34649117
276	0.22509830
277	0.42132743
278	0.35355874
279	0.41150995
280	0.37338709
281	0.32058461
282	0.36247544
283	0.30159189
284	0.23514427
285	0.50248126
286	0.48555767
287	0.26765165
288	0.32263257
289	0.29607505
290	0.57783262
291	0.38925694
292	0.35638160
293	0.37559956
294	0.41337146
295	0.26359801
296	0.33436777
297	0.39519282
298	0.31359471
299	0.58579218
300	0.50600092
301	0.37829850
302	0.25335335
303	0.24886893
304	0.16804743
305	0.32859903
306	0.42747432
307	0.35406981
308	0.45825199
309	0.35340971
310	0.34752883
311	0.22453495
312	0.43865922
313	0.41200490
314	0.38832937
315	0.24025383
316	0.42232257
317	0.40003485
318	0.23533743
319	0.22777092
320	0.26324573
321	0.41177864
322	0.30339942
323	0.47554549
324	0.42693364
325	0.33913432
326	0.30455136
327	0.30271015
328	0.32600985
329	0.28128282
330	0.25739282
331	0.57090646
332	0.39332665
333	0.21960330
334	0.38277476
335	0.34152335
336	0.34057189
337	0.28289680
338	0.31161136
339	0.39142655
340	0.37942723
341	0.42728199
342	0.39743529
343	0.30200879
344	0.43179966
345	0.34202422
346	0.36529466
347	0.33948578
348	0.48615660
349	0.38516854
350	0.36802451
351	0.32644820
352	0.27778087
353	0.58491398
354	0.30081112
355	0.39519874
356	0.32392592
357	0.23682738
358	0.36073403
359	0.36994238
360	0.24573529
361	0.29402738
362	0.40097005
363	0.20878155
364	0.23974000
365	0.26517165
366	0.44984592
367	0.24950840
368	0.24385544
369	0.55380777
370	0.31321524
371	0.34248083
372	0.45063078
373	0.32833408
374	0.44218155
375	0.42895859
376	0.37156840
377	0.26187316
378	0.52052602
379	0.40619019
380	0.31438883
381	0.36074490
382	0.22164976
383	0.33664553
384	0.30680621
385	0.38029762
386	0.46210117
387	0.53415971
388	0.35014587
389	0.28257782
390	0.38233388
391	0.28887170
392	0.32906199
393	0.28069228
394	0.34587350
395	0.29503534
396	0.46422058
397	0.49858976
398	0.24927786
399	0.37546160
400	0.38832908
401	0.28805917
402	0.35474451
403	0.42963743
404	0.35378155
405	0.30786602
406	0.29241723
407	0.26658466
408	0.25235403
409	0.30111583
410	0.16367078
411	0.36334306
412	0.41231078
413	0.50194330
414	0.28055947
415	0.45583456
416	0.32386107
417	0.29157689
418	0.43170641
419	0.39936549
420	0.18381772
421	0.38052888
422	0.36859291
423	0.23741621
424	0.24588252
425	0.34461218
426	0.27050854
427	0.41800223
428	0.42567485
429	0.40170893
430	0.18453913
431	0.31794500
432	0.39408966
433	0.48001447
434	0.26074908
435	0.40953024
436	0.22593990
437	0.53263995
438	0.38415864
439	0.27415000
440	0.28333495
441	0.49851383
442	0.31733558
443	0.29951515
444	0.29605272
445	0.46393136
446	0.27230233
447	0.29145709
448	0.45754820
449	0.34429408
450	0.28584917
451	0.27304646
452	0.27728107
453	0.21237330
454	0.45238209
455	0.17993879
456	0.33919592
457	0.20729451
458	0.49141558
459	0.41585087
460	0.19377932
461	0.38917534
462	0.27926136
463	0.37486180
464	0.35786840
465	0.32580427
466	0.35460840
467	0.34891024
468	0.21709801
469	0.33974180
470	0.27757194
471	0.25741665
472	0.21584665
473	0.29315427
474	0.38591413
475	0.18407136
476	0.58496175
477	0.28970956
478	0.46227272
479	0.36308233
480	0.38615612
481	0.05424917
482	0.38788549
483	0.23206131
484	0.31652665
485	0.37086534
486	0.24401369
487	0.30338835
488	0.51366801
489	0.26201150
490	0.21119544
491	0.38742214
492	0.23808379
493	0.23601024
494	0.26182078
495	0.32166447
496	0.23941078
497	0.51951830
498	0.22162398
499	0.40851204
500	0.34353699
501	0.15929044
502	0.32669170
503	0.22824335
504	0.29914573
505	0.25677592
506	0.24411951
507	0.14214466
508	0.34826097
509	0.36636864
510	0.31817092
511	0.44576340
512	0.25209136
513	0.50384733
514	0.30321956
515	0.35761335
516	0.40160864
517	0.28360277
518	0.43596451
519	0.36864820
520	0.33867107
521	0.43615408
522	0.28601053
523	0.33200864
524	0.37772131
525	0.42657578
526	0.38258131
527	0.42397908
528	0.34883170
529	0.15407141
530	0.42168044
531	0.42634942
532	0.32224883
533	0.25595782
534	0.57623461
535	0.39218189
536	0.36527612
537	0.29160170
538	0.29619286
539	0.28890359
540	0.38344951
541	0.35268068
542	0.51751660
543	0.34542650
544	0.41495000
545	0.28674165
546	0.33727801
547	0.24168350
548	0.38523194
549	0.34856748
550	0.38048743
551	0.29214743
552	0.18360956
553	0.27562694
554	0.28829879
555	0.42912471
556	0.27029199
557	0.38145956
558	0.33232782
559	0.49001932
560	0.31491767
561	0.40194908
562	0.25300029
563	0.27755325
564	0.32803869
565	0.45260932
566	0.41031505
567	0.34020854
568	0.34575670
569	0.41316898
570	0.19776762
571	0.38066471
572	0.45890000
573	0.31017893
574	0.36575277
575	0.40155684
576	0.29454500
577	0.31949170
578	0.37061005
579	0.28333078
580	0.25268456
581	0.27694680
582	0.31963121
583	0.43127864
584	0.31401922
585	0.41410626
586	0.33495883
587	0.23287083
588	0.42107549
589	0.33176150
590	0.20411684
591	0.33578816
592	0.24242286
593	0.37203743
594	0.38680796
595	0.22721335
596	0.33085078
597	0.35322141
598	0.25027961
599	0.39323383
600	0.29070937
601	0.26505039
602	0.34226874
603	0.35066311
604	0.42728689
605	0.34263607
606	0.34017825
607	0.28486243
608	0.25975160
609	0.28591087
610	0.21435510
611	0.35556597
612	0.39977757
613	0.36252102
614	0.16528461
615	0.48211466
616	0.26719840
617	0.28097976
618	0.48779927
619	0.18484820
620	0.35888330
621	0.36259398
622	0.28410684
623	0.39053961
624	0.41550733
625	0.31649767
626	0.29102350
627	0.35414913
628	0.33051854
629	0.32832529
630	0.34843097
631	0.21561340
632	0.29577311
633	0.25667568
634	0.37053621
635	0.20958859
636	0.40065553
637	0.31963024
638	0.45552655
639	0.35025422
640	0.40245777
641	0.39199044
642	0.24917102
643	0.26264155
644	0.50084087
645	0.48195359
646	0.36947170
647	0.23000476
648	0.53383442
649	0.49579039
650	0.49773262
651	0.43039282
652	0.54612243
653	0.37583524
654	0.28782039
655	0.26299767
656	0.31405631
657	0.42625204
658	0.43192087
659	0.39313359
660	0.40898194
661	0.34432660
662	0.33057039
663	0.42425087
664	0.30204966
665	0.38928709
666	0.13022238
667	0.23753068
668	0.39121718
669	0.30493005
670	0.39464369
671	0.25807510
672	0.43974796
673	0.37613617
674	0.51898650
675	0.24755427
676	0.28928786
677	0.36360820
678	0.36630160
679	0.31256621
680	0.30067660
681	0.34307199
682	0.28145733
683	0.29766971
684	0.25253393
685	0.24952883
686	0.32004908
687	0.36860995
688	0.27811495
689	0.34537354
690	0.34766786
691	0.42456180
692	0.35498723
693	0.20911291
694	0.41084510
695	0.29111796
696	0.38113204
697	0.23451456
698	0.47649913
699	0.45267500
700	0.27386650
701	0.26892126
702	0.34527398
703	0.32988762
704	0.27124277
705	0.18250311
706	0.18552539
707	0.29621738
708	0.37044359
709	0.41463733
710	0.24331971
711	0.29233286
712	0.46822000
713	0.36353801
714	0.28236655
715	0.57578617
716	0.36076908
717	0.26334316
718	0.39720223
719	0.46233607
720	0.35735447
721	0.46238184
722	0.38693733
723	0.27979029
724	0.28373689
725	0.36390563
726	0.31797845
727	0.22540898
728	0.33452238
729	0.33897000
730	0.33008199
731	0.37900374
732	0.44047903
733	0.34712442
734	0.17497034
735	0.58557112
736	0.51096650
737	0.38963068
738	0.39154650
739	0.31501427
740	0.26691238
741	0.24059811
742	0.17513995
743	0.27492995
744	0.34898243
745	0.40368184
746	0.27122869
747	0.46661650
748	0.24022850
749	0.30345427
750	0.38796573
751	0.09064437
752	0.36199155
753	0.45923738
754	0.39745961
755	0.30537034
756	0.30610519
757	0.29085456
758	0.39515869
759	0.34305985
760	0.26537345
761	0.32038617
762	0.34898087
763	0.38187704
764	0.34001272
765	0.46290330
766	0.20072549
767	0.27918893
768	0.36660117
769	0.34360524
770	0.40376854
771	0.35981388
772	0.34872772
773	0.36081252
774	0.36540612
775	0.57313820
776	0.27649539
777	0.38389194
778	0.44150641
779	0.44756243
780	0.19991665
781	0.25061549
782	0.43646587
783	0.34560796
784	0.22823835
785	0.25169990
786	0.42471772
787	0.26269898
788	0.32595485
789	0.25353345
790	0.46413665
791	0.48441704
792	0.50383767
793	0.49087383
794	0.47115481
795	0.29168000
796	0.56142277
797	0.49175563
798	0.33987398
799	0.28254010
800	0.17996286
801	0.31885573
802	0.32463607
803	0.39093379
804	0.33392175
805	0.45729218
806	0.38065485
807	0.37776660
808	0.34981379
809	0.33579252
810	0.31008049
811	0.26217568
812	0.53936592
813	0.36794408
814	0.39728811
815	0.43666165
816	0.37116180
817	0.54645044
818	0.35476539
819	0.19191218
820	0.45866340
821	0.51124296
822	0.24072485
823	0.21014932
824	0.31457675
825	0.28803490
826	0.27644553
827	0.24475471
828	0.37173107
829	0.24027942
830	0.23811733
831	0.41070631
832	0.40914602
833	0.28159762
834	0.32787000
835	0.31836519
836	0.34008728
837	0.39423092
838	0.38682738
839	0.41795621
840	0.24864981
841	0.26407461
842	0.27431019
843	0.34640330
844	0.53442316
845	0.38178568
846	0.51741942
847	0.43838670
848	0.46546481
849	0.44107369
850	0.29727728
851	0.28433990
852	0.39303024
853	0.19804680
854	0.25950180
855	0.31378413
856	0.31838660
857	0.35867039
858	0.27579073
859	0.48667650
860	0.29955388
861	0.32728728
862	0.33742282
863	0.48158447
864	0.40322796
865	0.30429083
866	0.36909976
867	0.21877850
868	0.42227087
869	0.35986490
870	0.26188947
871	0.47412500
872	0.34620689
873	0.35395990
874	0.20866243
875	0.27170806
876	0.30391709
877	0.33384160
878	0.30322981
879	0.36203199
880	0.32296767
881	0.27012437
882	0.42166350
883	0.24774830
884	0.33996471
885	0.26164782
886	0.36369345
887	0.26374248
888	0.36025714
889	0.53841432
890	0.40056777
891	0.33925913
892	0.20353951
893	0.27290660
894	0.46054374
895	0.36609243
896	0.36614811
897	0.28303451
898	0.35584704
899	0.21085296
900	0.55802845
901	0.28631490
902	0.31752961
903	0.48865078
904	0.31319932
905	0.44439325
906	0.31056583
907	0.44390578
908	0.35484262
909	0.47737966
910	0.22037670
911	0.36233112
912	0.49201252
913	0.30854820
914	0.30069932
915	0.30889942
916	0.40979466
917	0.23768218
918	0.39745301
919	0.38635277
920	0.28970490
921	0.50871738
922	0.38843350
923	0.50328898
924	0.45281121
925	0.27329199
926	0.24742437
927	0.31599180
928	0.33925689
929	0.32428432
930	0.35730223
931	0.28924019
932	0.29607461
933	0.41092684
934	0.22758301
935	0.42433898
936	0.36412583
937	0.17055612
938	0.43821961
939	0.50980121
940	0.20104461
941	0.37181995
942	0.18970908
943	0.49231806
944	0.30349641
945	0.32485204
946	0.41347539
947	0.27636282
948	0.44768515
949	0.24417427
950	0.28828121
951	0.40137917
952	0.33644427
953	0.31560602
954	0.22873845
955	0.21125675
956	0.32483010
957	0.35893786
958	0.29500583
959	0.17565359
960	0.29456850
961	0.39765490
962	0.21019859
963	0.28941408
964	0.42137374
965	0.31109282
966	0.39896005
967	0.27781223
968	0.35342044
969	0.42776626
970	0.46347510
971	0.46696286
972	0.50781908
973	0.30151097
974	0.10522515
975	0.35414646
976	0.16935913
977	0.28430519
978	0.26887675
979	0.26931388
980	0.34829617
981	0.44524913
982	0.44062437
983	0.28719602
984	0.36386689
985	0.23079408
986	0.31057301
987	0.27640534
988	0.24608675
989	0.21169121
990	0.25906214
991	0.46282170
992	0.27147976
993	0.40337675
994	0.19253612
995	0.21826942
996	0.35298675
997	0.27755282
998	0.29898432
999	0.56394563
1000	0.25048238
1001	0.38701291
1002	0.21384777
1003	0.37739947
1004	0.26587403
1005	0.30596286
1006	0.19854898
1007	0.27949573
1008	0.26837126
1009	0.51371850
1010	0.21283044
1011	0.38226553
1012	0.38546680
1013	0.31694383
1014	0.23027141
1015	0.31736160
1016	0.36445490
1017	0.28120199
1018	0.29241636
1019	0.34448578
1020	0.18404553
1021	0.18897248
1022	0.27696238
1023	0.47323932
1024	0.32524752
1025	0.32066354
1026	0.22923951
1027	0.42737796
1028	0.41884359
1029	0.34291252
