0	0.31837866
1	0.49908537
2	0.53291618
3	0.37386107
4	0.49762936
5	0.38289208
6	0.46644930
7	0.54155656
8	0.45636027
9	0.46140371
10	0.55258642
11	0.59767756
12	0.29608437
13	0.36755656
14	0.32761648
15	0.47423562
16	0.50657786
17	0.34589785
18	0.40289945
19	0.59780005
20	0.39802796
21	0.36424644
22	0.38918106
23	0.54922290
24	0.38049053
25	0.47105486
26	0.54489549
27	0.55840466
28	0.38965952
29	0.30491889
30	0.55678146
31	0.59748823
32	0.55216002
33	0.56371283
34	0.47699810
35	0.43127931
36	0.52873302
37	0.37168377
38	0.31885321
39	0.40323462
40	0.45651177
41	0.53943402
42	0.62756914
43	0.48192049
44	0.32123908
45	0.14080621
46	0.42485631
47	0.43843362
48	0.45768131
49	0.37618758
50	0.30505416
51	0.45980731
52	0.36755115
53	0.25491834
54	0.45625807
55	0.54801303
56	0.27606122
57	0.48671268
58	0.32357009
59	0.63522415
60	0.39495586
61	0.50178181
62	0.37639294
63	0.52181097
64	0.25771743
65	0.44519609
66	0.32406002
67	0.42994995
68	0.48850406
69	0.51611278
70	0.19756683
71	0.42966207
72	0.57968868
73	0.46224404
74	0.27894604
75	0.54917610
76	0.60181247
77	0.28889038
78	0.47830100
79	0.47285276
80	0.40913993
81	0.39793071
82	0.55312715
83	0.42524173
84	0.33270671
85	0.42069689
86	0.49464649
87	0.25968432
88	0.18619168
89	0.22585426
90	0.28974208
91	0.37830711
92	0.42854183
93	0.56875772
94	0.50459294
95	0.33029023
96	0.47861127
97	0.52250311
98	0.33202164
99	0.59347019
100	0.28082420
101	0.31504008
102	0.32476598
103	0.38395902
104	0.18638547
105	0.42972856
106	0.35222811
107	0.28020391
108	0.38635626
109	0.18373978
110	0.33011869
111	0.33851328
112	0.49363211
113	0.40846433
114	0.40661162
115	0.42043126
116	0.37479269
117	0.50294359
118	0.36559559
119	0.32397270
120	0.33698497
121	0.37943462
122	0.52502430
123	0.39574940
124	0.40643773
125	0.38489424
126	0.53747771
127	0.23697720
128	0.46970361
129	0.62422315
130	0.42773948
131	0.35045000
132	0.34374770
133	0.48487044
134	0.43688908
135	0.34530240
136	0.49903547
137	0.61639689
138	0.45926132
139	0.43863517
140	0.30239549
141	0.43277700
142	0.37623948
143	0.55879770
144	0.35567305
145	0.12708492
146	0.38224173
147	0.31209248
148	0.41306683
149	0.50395145
150	0.34854990
151	0.39434840
152	0.31369243
153	0.30835546
154	0.38190972
155	0.27315135
156	0.32863131
157	0.48867009
158	0.22107565
159	0.47616718
160	0.53532400
161	0.42774549
162	0.54841227
163	0.40992360
164	0.30784243
165	0.51291212
166	0.42655296
167	0.33244910
168	0.48082194
169	0.45687109
170	0.42691643
171	0.36244744
172	0.62679795
173	0.62841483
174	0.26061508
175	0.34121789
176	0.52791638
177	0.13676368
178	0.36299940
179	0.53768257
180	0.43871388
181	0.33974955
182	0.53110351
183	0.34742239
184	0.55698707
185	0.37648612
186	0.35332260
187	0.44764404
188	0.39282761
189	0.57335937
190	0.41062450
191	0.36608447
192	0.51489118
193	0.24197876
194	0.42060055
195	0.43414243
196	0.47575341
197	0.38748402
198	0.52419850
199	0.36318898
200	0.37210256
201	0.50966874
202	0.54706934
203	0.50931949
204	0.43194374
205	0.40407610
206	0.53897300
207	0.39678337
208	0.50394148
209	0.59841167
210	0.48731433
211	0.49787781
212	0.44741869
213	0.38956864
214	0.40099494
215	0.54971969
216	0.39124820
217	0.25628191
218	0.43851182
219	0.46208727
220	0.46152435
221	0.38119384
222	0.56651784
223	0.52886258
224	0.34793858
225	0.30095631
226	0.13655566
227	0.26300481
228	0.55245661
229	0.44834890
230	0.32978397
231	0.32828046
232	0.29749790
233	0.36076373
234	0.26212976
235	0.34061343
236	0.34770356
237	0.44937300
238	0.25450897
239	0.34989624
240	0.41372841
241	0.41946633
242	0.41578452
243	0.49609664
244	0.30523091
245	0.43332670
246	0.45123457
247	0.43397350
248	0.51466994
249	0.43399168
250	0.39814003
251	0.16069920
252	0.37630311
253	0.59796348
254	0.50485145
255	0.54436889
256	0.46975842
257	0.48185391
258	0.51556112
259	0.48357961
260	0.53920807
261	0.51475601
262	0.52408246
263	0.25413282
264	0.46344178
265	0.57066232
266	0.45749369
267	0.41947555
268	0.55025666
269	0.38509589
270	0.40609724
271	0.48839243
272	0.31834153
273	0.39727956
274	0.34316929
275	0.37590416
276	0.34290391
277	0.23383632
278	0.31310857
279	0.38306543
280	0.34896934
281	0.43489108
282	0.41131062
283	0.30930506
284	0.35806949
285	0.37205912
286	0.32018086
287	0.31520666
288	0.25942976
289	0.34016182
290	0.32077630
291	0.36741288
292	0.50321283
293	0.53894744
294	0.47101182
295	0.63840055
296	0.34163412
297	0.53575326
298	0.09571703
299	0.33463517
300	0.54380777
301	0.24055521
302	0.53225596
303	0.55978026
304	0.61619634
305	0.38730526
306	0.45742881
307	0.37703833
308	0.38769168
309	0.29179248
310	0.41380711
311	0.57344163
312	0.44186182
313	0.33507620
314	0.38368557
315	0.24518036
316	0.56219304
317	0.57990005
318	0.26190491
319	0.59634795
320	0.40562480
321	0.46570546
322	0.26267510
323	0.31033722
324	0.40675266
325	0.56482370
326	0.63360561
327	0.30961623
328	0.46413176
329	0.36601082
330	0.28200386
331	0.37775080
332	0.41941498
333	0.38095621
334	0.42762490
335	0.37998031
336	0.39193076
337	0.32318497
338	0.27275987
339	0.47909589
340	0.38627094
341	0.55096698
342	0.50713056
343	0.47914334
344	0.47070972
345	0.60671147
346	0.29497565
347	0.37171057
348	0.38656002
349	0.41702445
350	0.58835907
351	0.29795531
352	0.27081473
353	0.33629810
354	0.33197826
355	0.32288246
356	0.31778587
357	0.45141764
358	0.46549885
359	0.36460195
360	0.30712485
361	0.44525090
362	0.25120566
363	0.28143647
364	0.38963557
365	0.43452490
366	0.29192285
367	0.41873522
368	0.34418297
369	0.35719870
370	0.39715376
371	0.40700822
372	0.51216834
373	0.39562841
374	0.45730822
375	0.23784749
376	0.43075256
377	0.55061608
378	0.45239479
379	0.41766513
380	0.61626278
381	0.46655190
382	0.31863432
383	0.37165080
384	0.41061077
385	0.44463823
386	0.20901273
387	0.35589364
388	0.52181518
389	0.54018778
390	0.33344760
391	0.33202365
392	0.52384068
393	0.37126623
394	0.27347144
395	0.35184238
396	0.61596247
397	0.30382139
398	0.49505982
399	0.44350476
400	0.47451428
401	0.20868252
402	0.18425556
403	0.55335416
404	0.63662244
405	0.45325180
406	0.54284960
407	0.58720210
408	0.33438126
409	0.36615316
410	0.40350306
411	0.63371393
412	0.52028747
413	0.43800696
414	0.60415952
415	0.42934965
416	0.52053958
417	0.39595165
418	0.56913472
419	0.58511002
420	0.29466974
421	0.26391303
422	0.34831613
423	0.32244885
424	0.48230090
425	0.40288292
426	0.27010411
427	0.38058763
428	0.48587891
429	0.47119399
430	0.55082069
431	0.51507285
432	0.33315125
433	0.55274975
434	0.52257976
435	0.53782946
436	0.43002104
437	0.46349399
438	0.46533357
439	0.53392620
440	0.37839855
441	0.12241318
442	0.18682751
443	0.63759404
444	0.42423347
445	0.29281002
446	0.37310887
447	0.33361022
448	0.56256192
449	0.33124674
450	0.42067485
451	0.21518101
452	0.46056082
453	0.36861263
454	0.34536338
455	0.35810130
456	0.56339960
457	0.47491438
458	0.42620040
459	0.37063337
460	0.45592184
461	0.49298712
462	0.43475746
463	0.29998908
464	0.63825681
465	0.49444609
466	0.35190917
467	0.45924920
468	0.45582024
469	0.44740611
470	0.32207961
471	0.45490341
472	0.48806007
473	0.47407134
474	0.27856102
475	0.39794835
476	0.31281789
477	0.39887550
478	0.41176874
479	0.30093798
480	0.40105110
481	0.54700882
482	0.51270641
483	0.41027530
484	0.51679108
485	0.32832179
486	0.32758417
487	0.33475276
488	0.30238487
489	0.36312570
490	0.41566488
491	0.41969659
492	0.38516804
493	0.22409364
494	0.59255456
495	0.46126854
496	0.60128868
497	0.38293537
498	0.62727435
499	0.49769704
500	0.32581934
501	0.56532435
502	0.36607024
503	0.57926172
504	0.36960962
505	0.40350792
506	0.34729765
507	0.48965426
508	0.54333412
509	0.51576197
510	0.47053848
511	0.63796613
512	0.34785115
513	0.61235937
514	0.37844855
515	0.41949614
516	0.51590992
517	0.40826102
518	0.39371503
519	0.56351874
520	0.52156764
521	0.46773457
522	0.46407560
523	0.37126378
524	0.14588778
525	0.47877595
526	0.09533292
527	0.33671824
528	0.52206177
529	0.41066303
530	0.43557390
531	0.30904825
532	0.49306132
533	0.33515772
534	0.59241819
535	0.53761493
536	0.47312280
537	0.38434629
538	0.51981368
539	0.38868507
540	0.55002580
541	0.47126819
542	0.38488507
543	0.46193888
544	0.33178562
545	0.31971779
546	0.49550631
547	0.43840957
548	0.52660531
549	0.39638773
550	0.57593332
551	0.47070065
552	0.47077675
553	0.48187700
554	0.33982380
555	0.33163507
556	0.49664504
557	0.47793612
558	0.44415521
559	0.56711974
560	0.45850882
561	0.47182485
562	0.37602756
563	0.29075451
564	0.35552555
565	0.44437024
566	0.33628637
567	0.40007480
568	0.45649925
569	0.29412886
570	0.28188116
571	0.20495100
572	0.50879564
573	0.20814394
574	0.50520681
575	0.44431423
576	0.30537350
577	0.21386182
578	0.43540711
579	0.22530496
580	0.39864614
581	0.35465631
582	0.45355120
583	0.45230361
584	0.45875651
585	0.33589028
586	0.49279815
587	0.29027791
588	0.20804950
589	0.31303026
590	0.56694534
591	0.30064173
592	0.33477931
593	0.45656683
594	0.52068998
595	0.19103066
596	0.36758382
597	0.58956087
598	0.51586393
599	0.36926072
600	0.51846688
601	0.28063908
602	0.47509704
603	0.33245045
604	0.54413908
605	0.28096202
606	0.40560726
607	0.40222871
608	0.51252620
609	0.26556222
610	0.26820536
611	0.47527976
612	0.52784499
613	0.40084344
614	0.24419729
615	0.36895641
616	0.39765862
617	0.47021829
618	0.31833402
619	0.43774534
620	0.35093226
621	0.44599279
622	0.53772450
623	0.47857184
624	0.33491273
625	0.50035095
626	0.47032956
627	0.34849003
628	0.30298602
629	0.49006894
630	0.39809664
631	0.42619504
632	0.52384013
633	0.43113948
634	0.22522079
635	0.35645135
636	0.51079589
637	0.25880782
638	0.30953602
639	0.26436463
640	0.27648998
641	0.35775852
642	0.26914319
643	0.44832730
644	0.40171728
645	0.42844324
646	0.53950611
647	0.25963387
648	0.30364659
649	0.58133798
650	0.30874704
651	0.35053793
652	0.50742169
653	0.47021057
654	0.37915721
655	0.29680075
656	0.41369614
657	0.51658753
658	0.45472109
659	0.45922986
660	0.32787330
661	0.45500296
662	0.21209634
663	0.31943297
664	0.57189324
665	0.51406283
666	0.24523898
667	0.54581949
668	0.45392104
669	0.62405441
670	0.38202345
671	0.50242119
672	0.43818116
673	0.41051212
674	0.21378161
675	0.26309319
676	0.33216192
677	0.29542891
678	0.62045491
679	0.45573903
680	0.37438121
681	0.42500782
682	0.44283467
683	0.21638737
684	0.47530832
685	0.55639138
686	0.35222866
687	0.60372435
688	0.47985937
689	0.35376593
690	0.50099163
691	0.40124775
692	0.46634314
693	0.41421453
694	0.49157475
695	0.27153252
696	0.35720556
697	0.47836919
698	0.45609885
699	0.24122856
700	0.34555611
701	0.57149118
702	0.37153602
703	0.41865100
704	0.15684564
705	0.44611859
706	0.37684143
707	0.37099329
708	0.31308297
709	0.29346127
710	0.45559279
711	0.38105726
712	0.27399394
713	0.40266503
714	0.33659624
715	0.40492370
716	0.32878722
717	0.56673562
718	0.61912620
719	0.20744519
720	0.39830987
721	0.43312535
722	0.57956513
723	0.44567169
724	0.46246608
725	0.35669719
726	0.45701313
727	0.43575311
728	0.45580205
729	0.50387771
730	0.28464168
731	0.36361914
732	0.46436658
733	0.45349734
734	0.36621388
735	0.31534524
736	0.31357735
737	0.39485326
738	0.38693507
739	0.45920125
740	0.34566508
741	0.30547119
742	0.41848963
743	0.33649619
744	0.52659539
745	0.32204985
746	0.43081333
747	0.35338582
748	0.49839915
749	0.16477971
750	0.29784469
751	0.49035646
752	0.33035596
753	0.42890331
754	0.38826688
755	0.60231453
756	0.38271443
757	0.31596258
758	0.60607771
759	0.49015611
760	0.26977295
761	0.36646754
762	0.45342645
763	0.47555546
764	0.14853292
765	0.47356197
766	0.38425065
767	0.53995641
768	0.31202911
769	0.59459434
770	0.19424800
771	0.25419113
772	0.55357600
773	0.48501844
774	0.51462134
775	0.41632094
776	0.28026743
777	0.61789509
778	0.45064845
779	0.40657290
780	0.49226463
781	0.52262275
782	0.35087776
783	0.47517911
784	0.51102851
785	0.58760145
786	0.32539554
787	0.19655736
788	0.42081984
789	0.35509399
790	0.36703732
791	0.43092720
792	0.40716874
793	0.52639930
794	0.42260581
795	0.36497249
796	0.47930170
797	0.58171518
798	0.32346368
799	0.27244053
800	0.34962169
801	0.49698512
802	0.42785651
803	0.32762630
804	0.41324925
805	0.41160090
806	0.39420847
807	0.29043091
808	0.57800030
809	0.48025266
810	0.53101498
811	0.24798602
812	0.49453332
813	0.55697540
814	0.31500306
815	0.33231012
816	0.50466774
817	0.32813753
818	0.27821037
819	0.34613236
820	0.29157570
821	0.46816343
822	0.29345782
823	0.30924394
824	0.39822159
825	0.41570180
826	0.35003322
827	0.45001703
828	0.38605646
829	0.20095346
830	0.56783026
831	0.48817234
832	0.60541017
833	0.31644329
834	0.36841844
835	0.46462435
836	0.51891703
837	0.26764719
838	0.48180741
839	0.36471924
840	0.34495862
841	0.34164158
842	0.18786017
843	0.53305185
844	0.34027249
845	0.36754925
846	0.28322019
847	0.46905160
848	0.41603457
849	0.44870170
850	0.49539354
851	0.40509574
852	0.45594354
853	0.44692280
854	0.35893091
855	0.28836899
856	0.25183617
857	0.30662630
858	0.39095060
859	0.44237525
860	0.44069329
861	0.35265741
862	0.59225721
863	0.40375426
864	0.37374564
865	0.56791658
866	0.37528272
867	0.30477761
868	0.45058462
869	0.51290992
870	0.48635671
871	0.28472710
872	0.38453848
873	0.27365115
874	0.46260511
875	0.05799479
876	0.26628041
877	0.26184544
878	0.28608442
879	0.27935777
880	0.51417475
881	0.32962485
882	0.46645681
883	0.44270852
884	0.42171533
885	0.45501157
886	0.31696824
887	0.33755792
888	0.41764845
889	0.43590541
890	0.50503783
891	0.53557570
892	0.24315261
893	0.48481478
894	0.33221092
895	0.30755646
896	0.40915155
897	0.41316949
898	0.49027345
899	0.18433788
900	0.59096673
901	0.26324604
902	0.60948482
903	0.53425185
904	0.34815666
905	0.42024860
906	0.20105471
907	0.37624684
908	0.59379028
909	0.48813622
910	0.30086393
911	0.25103983
912	0.50197004
913	0.23782816
914	0.45747625
915	0.62645200
916	0.31156348
917	0.22031288
918	0.42869654
919	0.53423532
920	0.38508116
921	0.28189714
922	0.30417996
923	0.33739775
924	0.41695877
925	0.33324775
926	0.48172064
927	0.40610902
928	0.47755762
929	0.43498116
930	0.41373607
931	0.42900962
932	0.45033878
933	0.40314975
934	0.33819775
935	0.28280401
936	0.36691448
937	0.24767836
938	0.53654088
939	0.33047365
940	0.44710566
941	0.22088602
942	0.41523146
943	0.28087961
944	0.49417059
945	0.31096688
946	0.63828001
947	0.26393387
948	0.52903968
949	0.38752485
950	0.24987244
951	0.45874850
952	0.33232440
953	0.43604153
954	0.32840215
955	0.48423277
956	0.36957280
957	0.32881328
958	0.29011283
959	0.46933888
960	0.43213186
961	0.42582500
962	0.47517861
963	0.22861408
964	0.42208993
965	0.50611102
966	0.47134218
967	0.42420020
968	0.30375281
969	0.47508572
970	0.40385807
971	0.45045501
972	0.39591453
973	0.39406373
974	0.27180276
975	0.52673487
976	0.39291438
977	0.31719609
978	0.23759038
979	0.36743191
980	0.31605481
981	0.33817430
982	0.32074574
983	0.55584424
984	0.49402911
985	0.24583747
986	0.45938522
987	0.44664709
988	0.30656232
989	0.35456222
990	0.47427896
991	0.36652675
992	0.31732655
993	0.49016568
994	0.37119088
995	0.24768236
996	0.28846553
997	0.42698522
