0	0.19965633
1	0.39542679
2	0.33352021
3	0.35223158
4	0.36012548
5	0.29189062
6	0.29167592
7	0.40723419
8	0.35582988
9	0.33846567
10	0.31847355
11	0.32990102
12	0.31914400
13	0.32604299
14	0.39544415
15	0.44884541
16	0.24797524
17	0.38476446
18	0.33036731
19	0.26139932
20	0.24435387
21	0.32334081
22	0.34171228
23	0.32405044
24	0.37235411
25	0.36702423
26	0.32405914
27	0.30129183
28	0.30344671
29	0.26162660
30	0.41580803
31	0.32464632
32	0.40797534
33	0.40751717
34	0.38024889
35	0.37997074
36	0.41090092
37	0.38846146
38	0.32592002
39	0.34527872
40	0.28366717
41	0.29831760
42	0.28697103
43	0.31760745
44	0.41046804
45	0.26254744
46	0.31557137
47	0.33140914
48	0.30498428
49	0.33480701
50	0.27080754
51	0.32454758
52	0.32494250
53	0.33232142
54	0.35621136
55	0.35618269
56	0.36632959
57	0.37078617
58	0.36772809
59	0.25796852
60	0.39396862
61	0.26839947
62	0.33384255
63	0.30925140
64	0.30906818
65	0.36106567
66	0.29998578
67	0.35947036
68	0.30492921
69	0.34260914
70	0.34541518
71	0.40863027
72	0.29028888
73	0.39640363
74	0.29484618
75	0.31278902
76	0.35205426
77	0.33093433
78	0.40231881
79	0.39118878
80	0.32467718
81	0.30406127
82	0.30832882
83	0.36993864
84	0.35866915
85	0.44876117
86	0.40270000
87	0.21845571
88	0.33517577
89	0.30732505
90	0.35760421
91	0.32359691
92	0.32948820
93	0.33983970
94	0.31944594
95	0.31880430
96	0.35428786
97	0.34004420
98	0.28133075
99	0.31596809
100	0.36776514
101	0.39740566
102	0.38435276
103	0.30956156
104	0.28568283
105	0.34877921
106	0.39491765
107	0.37683496
108	0.25434159
109	0.37333520
110	0.33470895
111	0.35395996
112	0.35925851
113	0.32270556
114	0.35142074
115	0.35075595
116	0.34739265
117	0.39491987
118	0.34786949
119	0.30765121
120	0.31200063
121	0.34196204
122	0.30517631
123	0.24671475
124	0.32901784
125	0.38919869
126	0.35363337
127	0.32416320
128	0.32439541
129	0.29277901
130	0.34408980
131	0.31193250
132	0.31514076
133	0.30335227
134	0.31920218
135	0.28568622
136	0.36041644
137	0.29494744
138	0.32620372
139	0.34774478
140	0.34016833
141	0.31241779
142	0.33812094
143	0.33172843
144	0.28575875
145	0.29177573
146	0.30993206
147	0.32320498
148	0.28588037
149	0.32283902
150	0.32503733
151	0.38587993
152	0.24744473
153	0.35974855
154	0.37132340
155	0.26243941
156	0.33024898
157	0.28562853
158	0.34290653
159	0.37350600
160	0.27007244
161	0.32081833
162	0.32092084
163	0.37637621
164	0.38231417
165	0.43502834
166	0.28198699
167	0.37549574
168	0.32144898
169	0.32969357
170	0.32568651
171	0.32952515
172	0.35361359
173	0.40918743
174	0.25171107
175	0.40229686
176	0.28104516
177	0.36616296
178	0.30178457
179	0.34521605
180	0.39909028
181	0.30082621
182	0.39641731
183	0.38555648
184	0.30390986
185	0.23385179
186	0.36340774
187	0.33929570
188	0.40241838
189	0.35511871
190	0.30497684
191	0.34563472
192	0.41296059
193	0.38475397
194	0.33857751
195	0.27084033
196	0.35519632
197	0.33091470
198	0.38743472
199	0.37303646
200	0.29046185
201	0.33034594
202	0.38481915
203	0.31781364
204	0.34287959
205	0.33417103
206	0.39193762
207	0.37102805
208	0.30323530
209	0.35170237
210	0.33529507
211	0.29043056
212	0.30250928
213	0.29255338
214	0.36661373
215	0.34399637
216	0.36991344
217	0.34987664
218	0.29682311
219	0.22748757
220	0.30406683
221	0.39965087
222	0.39038801
223	0.35671601
224	0.36215977
225	0.38861983
226	0.27669420
227	0.27562718
228	0.32560527
229	0.38038844
230	0.33133709
231	0.32617403
232	0.33567906
233	0.39368723
234	0.39677814
235	0.29583530
236	0.24512795
237	0.30490633
238	0.30733728
239	0.29949642
240	0.30022993
241	0.38816465
242	0.32256997
243	0.41833549
244	0.28560837
245	0.36023158
246	0.34022863
247	0.32293017
248	0.34595015
249	0.33757998
250	0.38249236
251	0.37150015
252	0.32721649
253	0.36584821
254	0.38176528
255	0.42714932
256	0.37396257
257	0.32208694
258	0.36455368
259	0.37221644
260	0.32367911
261	0.37554570
262	0.27073564
263	0.36594811
264	0.36327471
265	0.31157394
266	0.35803119
267	0.30424130
268	0.32316760
269	0.33886596
270	0.28681480
271	0.24586944
272	0.36575793
273	0.41376949
274	0.27070890
275	0.26841929
276	0.30724149
277	0.25910648
278	0.36369323
279	0.39970469
280	0.32065222
281	0.35808593
282	0.32131320
283	0.38018409
284	0.34127142
285	0.28056049
286	0.31946132
287	0.37610875
288	0.29233690
289	0.34175575
290	0.25249062
291	0.39430619
292	0.35025300
293	0.32518167
294	0.28891064
295	0.29275063
296	0.33070759
297	0.33737181
298	0.37366552
299	0.33925667
300	0.28574836
301	0.39282993
302	0.39230005
303	0.38193564
304	0.28748685
305	0.35160164
306	0.29919279
307	0.36971905
308	0.27817737
309	0.33331499
310	0.33205832
311	0.23584212
312	0.35446944
313	0.35253424
314	0.31542355
315	0.36286209
316	0.34994642
317	0.33089468
318	0.32441533
319	0.25790982
320	0.32126393
321	0.37834840
322	0.30559371
323	0.34693453
324	0.30303143
325	0.25712713
326	0.33217403
327	0.41580218
328	0.36122602
329	0.29755164
330	0.35630629
331	0.29380280
332	0.32972906
333	0.39956122
334	0.35481185
335	0.31528767
336	0.31657519
337	0.32181997
338	0.38609666
339	0.28621789
340	0.32789990
341	0.38984710
342	0.33121702
343	0.35347892
344	0.28254241
345	0.23581446
346	0.36722640
347	0.40895769
348	0.28572108
349	0.30127224
350	0.41245841
351	0.35363897
352	0.37378540
353	0.32579628
354	0.27263235
355	0.36142539
356	0.34716905
357	0.36989589
358	0.35886103
359	0.27723786
360	0.28484270
361	0.27640808
362	0.36031465
363	0.42404357
364	0.33750953
365	0.27987200
366	0.33581847
367	0.39099381
368	0.28671185
369	0.26574889
370	0.31834197
371	0.26424816
372	0.32302321
373	0.31654657
374	0.35936436
375	0.32120866
376	0.18719183
377	0.35116359
378	0.41091779
379	0.34694052
380	0.34699652
381	0.31560948
382	0.39075290
383	0.35441784
384	0.26688482
385	0.28753008
386	0.36332611
387	0.29494420
388	0.35296630
389	0.24927800
390	0.25642892
391	0.38602103
392	0.31720812
393	0.35302365
394	0.33737515
395	0.37164681
396	0.32984028
397	0.29754357
398	0.35936281
399	0.27855208
400	0.27394773
401	0.27118182
402	0.37763182
403	0.37948269
404	0.34413728
405	0.33852147
406	0.30401093
407	0.33866847
408	0.25018008
409	0.32024700
410	0.20133714
411	0.33270010
412	0.33675073
413	0.31412945
414	0.38276436
415	0.27117664
416	0.25597780
417	0.32529018
418	0.33886794
419	0.40445629
420	0.29438530
421	0.38940687
422	0.33797152
423	0.38362002
424	0.35482582
425	0.30662563
426	0.28310421
427	0.34409163
428	0.33408574
429	0.34953187
430	0.30248042
431	0.33942592
432	0.38133839
433	0.42325382
434	0.27118341
435	0.33604889
436	0.31096349
437	0.29793104
438	0.42429932
439	0.31074487
440	0.39264028
441	0.36665759
442	0.27236069
443	0.25134415
444	0.29147959
445	0.34200503
446	0.33667800
447	0.26070203
448	0.34255319
449	0.30756954
450	0.38583317
451	0.35149536
452	0.33743854
453	0.27041809
454	0.32961987
455	0.29212853
456	0.38343138
457	0.40788854
458	0.31796523
459	0.32404937
460	0.33216460
461	0.40244662
462	0.35778583
463	0.35651262
464	0.31403917
465	0.29869168
466	0.31402935
467	0.35107316
468	0.32522664
469	0.38595469
470	0.41722152
471	0.27286886
472	0.36969860
473	0.30865469
474	0.32764279
475	0.24936426
476	0.36438133
477	0.23442297
478	0.35263985
479	0.34404163
480	0.38328714
481	0.31097287
482	0.34553917
483	0.42410169
484	0.37062621
485	0.39032684
486	0.32996538
487	0.42797906
488	0.36671552
489	0.28769333
490	0.32744608
491	0.33962205
492	0.34658743
493	0.29818762
494	0.22409163
495	0.37601697
496	0.38638129
497	0.36134879
498	0.25636233
499	0.39134642
500	0.35018883
501	0.36763385
502	0.19156161
503	0.36748061
504	0.33168453
505	0.39889076
506	0.36347582
507	0.39963457
508	0.29377645
509	0.34982374
510	0.25965575
511	0.39568259
512	0.38798680
513	0.27516842
514	0.27089260
515	0.33027519
516	0.31125798
517	0.34014405
518	0.31270977
519	0.34186083
520	0.38641615
521	0.35820546
522	0.35297868
523	0.23413723
524	0.31627331
525	0.25643424
526	0.34238390
527	0.33769241
528	0.31446567
529	0.36974884
530	0.39278390
531	0.37417573
532	0.32406315
533	0.31825068
534	0.35539018
535	0.31517128
536	0.34298685
537	0.33788569
538	0.33140832
539	0.25055928
540	0.37002500
541	0.31334120
542	0.42082776
543	0.37425469
544	0.41716867
545	0.31022505
546	0.38361223
547	0.24877302
548	0.26031765
549	0.39125938
550	0.25710300
551	0.35195363
552	0.40707365
553	0.35930924
554	0.34839376
555	0.25293980
556	0.33639197
557	0.29662539
558	0.39023540
559	0.34261910
560	0.26606054
561	0.29600087
562	0.33890962
563	0.32624221
564	0.36226064
565	0.37883419
566	0.39250643
567	0.35330179
568	0.23577780
569	0.29288346
570	0.31160087
571	0.35344705
572	0.31239526
573	0.47169618
574	0.32374589
575	0.31498670
576	0.26145368
577	0.31422103
578	0.29488230
579	0.37322466
580	0.33828162
581	0.31224405
582	0.32129516
583	0.23523380
584	0.41918752
585	0.34385271
586	0.36811040
587	0.35872834
588	0.38038515
589	0.38108970
590	0.37442152
591	0.38087089
592	0.25670368
593	0.39921576
594	0.24180556
595	0.32179898
596	0.36277911
597	0.28956431
598	0.18423443
599	0.29010174
600	0.34336625
601	0.25860179
602	0.37797573
603	0.33799270
604	0.28934449
605	0.31663825
606	0.24439004
607	0.30179531
608	0.22757645
609	0.34482921
610	0.28818994
611	0.39970754
612	0.37981833
613	0.34214183
614	0.41983743
615	0.37093129
616	0.34485658
617	0.25917055
618	0.34201132
619	0.35894105
620	0.29898114
621	0.36240899
622	0.42087858
623	0.39345440
624	0.35903370
625	0.22815150
626	0.28753917
627	0.33980522
628	0.27193317
629	0.35799811
630	0.33926702
631	0.39800808
632	0.33340198
633	0.35384536
634	0.32708989
635	0.37145793
636	0.40888530
637	0.34630730
638	0.26568559
639	0.35173395
640	0.41716339
641	0.35288670
642	0.37111011
643	0.37853250
644	0.27833806
645	0.30205517
646	0.35898559
647	0.34956765
648	0.37503525
649	0.31244018
650	0.30632084
651	0.40678815
652	0.40229976
653	0.30720561
654	0.36217935
655	0.25281601
656	0.36695517
657	0.25181103
658	0.33403100
659	0.39944381
660	0.37391354
661	0.37318535
662	0.36270571
663	0.33047074
664	0.31295218
665	0.38482394
666	0.38076900
667	0.35057524
668	0.22989279
669	0.38545140
670	0.22394067
671	0.42583061
672	0.36231533
673	0.35026136
674	0.25576238
675	0.40964628
676	0.34110174
677	0.38820155
678	0.33183506
679	0.36238839
680	0.29163506
681	0.39412568
682	0.39267616
683	0.36162853
684	0.23809855
685	0.35520102
686	0.33512045
687	0.36939618
688	0.28567340
689	0.31491040
690	0.32863172
691	0.27305928
692	0.31584894
693	0.32670933
694	0.32179231
695	0.36619105
696	0.38399420
697	0.36174589
698	0.25733544
699	0.33348274
700	0.37415909
701	0.21762592
702	0.34610933
703	0.43050919
704	0.38466272
705	0.37490276
706	0.29630643
707	0.38830527
708	0.31167423
709	0.35549942
710	0.36495421
711	0.42147466
712	0.28708748
713	0.32617263
714	0.31037215
715	0.30849908
716	0.36149376
717	0.24361383
718	0.43535411
719	0.42609139
720	0.31972529
721	0.40583148
722	0.37112722
723	0.38392834
724	0.38701204
725	0.25753370
726	0.37922074
727	0.40079787
728	0.34168438
729	0.40342969
730	0.39233752
731	0.39400953
732	0.40999879
733	0.34079139
734	0.34644623
735	0.38317959
736	0.33316784
737	0.38968854
738	0.41105401
739	0.30778980
740	0.34734686
741	0.33589715
742	0.34848810
743	0.35519923
744	0.38087756
745	0.24730479
746	0.40537679
747	0.36455469
748	0.34979168
749	0.35858138
750	0.34302984
751	0.36467065
752	0.30518409
753	0.23576775
754	0.33893438
755	0.36181557
756	0.32970044
757	0.40159086
758	0.41313477
759	0.27189183
760	0.32537979
761	0.38049555
762	0.26778211
763	0.37001852
764	0.29382311
765	0.30739439
766	0.38848985
767	0.42312950
768	0.39319720
769	0.32663820
770	0.33138868
771	0.34705450
772	0.36659695
773	0.33510919
774	0.41411291
775	0.34156190
776	0.35494536
777	0.27921649
778	0.33006775
779	0.35942461
780	0.36541804
781	0.33162084
782	0.32912398
783	0.41503627
784	0.35077258
785	0.30221639
786	0.39998554
787	0.25284715
788	0.28969913
789	0.35003926
790	0.39936847
791	0.32577379
792	0.32460633
793	0.24943801
794	0.39268085
795	0.29917771
796	0.32286934
797	0.28427041
798	0.36392577
799	0.35752205
800	0.32969188
801	0.26860513
802	0.35156412
803	0.31296915
804	0.36821383
805	0.38825740
806	0.40214526
807	0.27719860
808	0.40229681
809	0.43482099
810	0.33741634
811	0.33153138
812	0.26523714
813	0.36047094
814	0.38606847
815	0.35149744
816	0.39228801
817	0.33844647
818	0.37028994
819	0.35375218
820	0.41654342
821	0.38761702
822	0.39082239
823	0.30541663
824	0.39420575
825	0.35573191
826	0.33764115
827	0.36473665
828	0.30684134
829	0.35246954
830	0.36651692
831	0.35933312
832	0.40952374
833	0.38210953
834	0.36695740
835	0.31259468
836	0.33587186
837	0.38449018
838	0.38543694
839	0.28252611
840	0.30616630
841	0.33351044
842	0.28240609
843	0.36911765
844	0.31709231
845	0.31378588
846	0.37180677
847	0.27140280
848	0.38739884
849	0.27117853
850	0.24829202
851	0.40693897
852	0.31239632
853	0.42721344
854	0.27478917
855	0.35379976
856	0.37876402
857	0.33640232
858	0.39240445
859	0.31338080
860	0.29612529
861	0.20321809
862	0.33792897
863	0.39629744
864	0.35703008
865	0.32817321
866	0.34311581
867	0.38720716
868	0.40470851
869	0.35478583
870	0.34196809
871	0.30575870
872	0.37334101
873	0.37793743
874	0.36378897
875	0.41100551
876	0.31335280
877	0.27571306
878	0.33175208
879	0.37595010
880	0.37191315
881	0.32600556
882	0.39131668
883	0.33819918
884	0.29635189
885	0.32697476
886	0.43915019
887	0.36084845
888	0.36376446
889	0.29801373
890	0.25324695
891	0.29404188
892	0.29892495
893	0.33475827
894	0.41069952
895	0.26264014
896	0.28729057
897	0.38978298
898	0.34336219
899	0.42067224
900	0.41288109
901	0.35596809
902	0.37468617
903	0.41033486
904	0.28772321
905	0.34373245
906	0.30953317
907	0.35141659
908	0.20680488
909	0.31476272
910	0.37179749
911	0.33343922
912	0.22404662
913	0.33784207
914	0.30440015
915	0.39036784
916	0.35282916
917	0.34935943
918	0.23861794
919	0.34472911
920	0.29118085
921	0.31636330
922	0.35266059
923	0.36771712
924	0.39745203
925	0.28573085
926	0.23985904
927	0.29478051
928	0.33815290
929	0.32958225
930	0.38629192
931	0.28191296
932	0.36681925
933	0.32522592
934	0.39403728
935	0.28903032
936	0.32249739
937	0.28984720
938	0.36396591
939	0.29535135
940	0.35264845
941	0.38620271
942	0.36387897
943	0.35421436
944	0.39975909
945	0.37397689
946	0.30216750
947	0.36967727
948	0.35006741
949	0.30638651
950	0.25632674
951	0.33816315
952	0.35146093
953	0.17094623
954	0.32345401
955	0.29832906
956	0.33755566
957	0.31763501
958	0.28925232
959	0.31842079
960	0.33717505
961	0.31379144
962	0.35158196
963	0.36778385
964	0.29482471
965	0.36495382
966	0.30050150
967	0.30965401
968	0.38341296
969	0.33416344
970	0.29693133
971	0.36830406
972	0.36049671
973	0.43701673
974	0.41436586
975	0.25541838
976	0.36350416
977	0.39110285
978	0.29478985
979	0.32543395
980	0.27251707
981	0.34122360
982	0.32378206
983	0.34152510
984	0.35694710
985	0.35481741
986	0.35646717
987	0.42447273
988	0.38390837
989	0.39719942
990	0.41798201
991	0.26426402
992	0.35204212
993	0.37202761
994	0.32822795
995	0.35668167
996	0.35855899
997	0.32429512
998	0.42196562
999	0.35766025
1000	0.33968288
1001	0.38040222
1002	0.28397065
1003	0.35960933
1004	0.41307369
1005	0.31140556
1006	0.37531359
1007	0.29331378
1008	0.31366378
1009	0.31257616
1010	0.40034845
1011	0.30461354
1012	0.30932234
1013	0.33766175
1014	0.34833240
1015	0.30434971
1016	0.38611581
1017	0.31743361
1018	0.30341093
1019	0.30807592
1020	0.32833646
1021	0.31287171
1022	0.40525677
1023	0.35045527
1024	0.38612722
1025	0.29765803
1026	0.37711354
1027	0.32463762
1028	0.34350314
1029	0.26225222
1030	0.33370488
1031	0.36978119
1032	0.32541750
1033	0.34372026
1034	0.25853540
1035	0.41628554
1036	0.33711083
1037	0.32725106
1038	0.28386257
1039	0.35563201
1040	0.27031228
1041	0.36528893
1042	0.38883467
1043	0.41255430
1044	0.28552157
1045	0.35670169
1046	0.32991905
1047	0.34764091
1048	0.36974710
1049	0.30213395
1050	0.34409463
1051	0.38510551
1052	0.35011731
1053	0.37691001
1054	0.32077732
1055	0.25550585
1056	0.25983327
1057	0.36475285
1058	0.37857026
1059	0.33483104
1060	0.31096383
1061	0.29092544
1062	0.37949400
1063	0.19212887
1064	0.36884608
1065	0.31667635
1066	0.34837834
1067	0.36716103
1068	0.38349415
1069	0.33801436
1070	0.36688482
1071	0.30753109
1072	0.15888540
1073	0.32379478
1074	0.37988172
1075	0.23981741
1076	0.38441726
1077	0.37907901
1078	0.36683274
1079	0.32873109
1080	0.38796054
1081	0.35443496
1082	0.22670169
1083	0.31407374
1084	0.31014545
1085	0.38845029
1086	0.34877621
1087	0.29512529
1088	0.26403046
1089	0.36633153
1090	0.29513201
1091	0.33855633
1092	0.38901074
1093	0.29118936
1094	0.26116267
1095	0.36270401
1096	0.22860280
1097	0.36350595
1098	0.37140411
1099	0.38828008
1100	0.30387868
1101	0.33224715
1102	0.38635822
1103	0.28286504
1104	0.37182824
1105	0.29719260
1106	0.26667432
1107	0.39693574
1108	0.34689468
1109	0.30454541
1110	0.25326663
1111	0.34944168
1112	0.34056243
1113	0.32548680
1114	0.29328656
1115	0.33491388
1116	0.35097113
1117	0.38017998
1118	0.37748283
1119	0.34642137
1120	0.35614584
1121	0.29630827
1122	0.34977848
1123	0.31024072
1124	0.34218752
1125	0.35433404
1126	0.39567573
1127	0.38693138
1128	0.35135571
1129	0.28038172
1130	0.34136494
1131	0.37721939
1132	0.28412495
1133	0.27236586
1134	0.32003264
1135	0.39213153
1136	0.29159178
1137	0.33359323
1138	0.39210068
1139	0.31680962
1140	0.32635271
1141	0.32209434
1142	0.39260121
1143	0.32871572
1144	0.27322050
1145	0.31309840
1146	0.43909792
1147	0.34419642
1148	0.38418888
1149	0.30475087
1150	0.32608515
1151	0.32081514
1152	0.31595179
1153	0.39856315
1154	0.31268066
1155	0.38533075
1156	0.32601397
1157	0.29836349
1158	0.26307926
1159	0.33552621
1160	0.40134352
1161	0.32699908
1162	0.28499497
1163	0.27593032
1164	0.24867118
1165	0.31341127
1166	0.41793912
1167	0.36249782
1168	0.37809826
1169	0.29413859
1170	0.31797282
1171	0.37677432
1172	0.33671987
1173	0.28199637
1174	0.27865832
1175	0.23247224
1176	0.39140783
1177	0.32320895
1178	0.39926978
1179	0.36976219
1180	0.36929328
1181	0.35108013
1182	0.32895677
1183	0.28180962
1184	0.39631794
1185	0.29925556
1186	0.31249086
1187	0.34260479
1188	0.31419154
1189	0.35115571
1190	0.28625416
1191	0.35004956
1192	0.33203419
1193	0.32088467
1194	0.42285392
1195	0.36866944
1196	0.23807500
1197	0.37118825
1198	0.27124338
1199	0.23588225
1200	0.38011750
1201	0.33292162
1202	0.29193269
1203	0.30872955
1204	0.39416112
1205	0.28802229
1206	0.15800899
1207	0.33308351
1208	0.38992577
1209	0.37615928
1210	0.34483830
1211	0.32034052
1212	0.36118380
1213	0.36955005
1214	0.25617756
1215	0.32228902
1216	0.27318574
1217	0.29918298
1218	0.37225397
1219	0.22667718
1220	0.34989700
1221	0.29642887
1222	0.36882892
1223	0.44648129
1224	0.27479570
1225	0.25502742
1226	0.37392795
1227	0.34002950
1228	0.32106712
1229	0.38960261
1230	0.38054720
1231	0.34808719
1232	0.37019159
1233	0.38332635
1234	0.39105488
1235	0.40685242
1236	0.30474333
1237	0.35568607
1238	0.34786789
1239	0.37269753
1240	0.38058786
1241	0.26578593
1242	0.34307534
1243	0.28388917
1244	0.37886441
1245	0.39052292
1246	0.31271639
1247	0.33570658
1248	0.23241349
1249	0.37766306
1250	0.42747350
1251	0.29488395
1252	0.26195604
1253	0.36537147
1254	0.36723428
1255	0.29296518
1256	0.34042988
1257	0.29589666
1258	0.26084192
1259	0.37119550
1260	0.39366838
1261	0.31004023
1262	0.30479444
1263	0.40452698
1264	0.15203777
1265	0.30757128
1266	0.33876088
1267	0.34116634
1268	0.32452689
1269	0.34634009
1270	0.27783820
1271	0.29487176
1272	0.29312123
1273	0.37894778
1274	0.37291528
1275	0.37429860
1276	0.36577181
1277	0.27998830
1278	0.41955280
1279	0.20440725
1280	0.35628738
1281	0.39388593
1282	0.22295174
1283	0.35348090
1284	0.27977447
1285	0.36987524
1286	0.28274613
1287	0.27848878
1288	0.33309352
1289	0.23375363
1290	0.40116731
1291	0.30515193
1292	0.41373859
1293	0.28915237
1294	0.30521620
1295	0.26953080
1296	0.32931422
1297	0.31607437
1298	0.37700943
1299	0.31375986
1300	0.35502461
1301	0.35239357
1302	0.31441315
1303	0.39535416
1304	0.34877877
1305	0.39711567
1306	0.42117814
1307	0.36956310
1308	0.27971779
1309	0.29663699
1310	0.31987036
1311	0.38942471
1312	0.35650658
1313	0.31213419
1314	0.35766823
1315	0.35727084
1316	0.27435982
1317	0.35228124
1318	0.43026456
1319	0.36221136
1320	0.24200000
1321	0.34872418
1322	0.25628046
1323	0.43198013
1324	0.31899410
1325	0.36436717
1326	0.31828685
1327	0.31647220
1328	0.30788897
1329	0.32536291
1330	0.31795169
1331	0.29373694
1332	0.19232360
1333	0.36772742
1334	0.33607297
1335	0.32634275
1336	0.22708748
1337	0.35864105
1338	0.35387278
1339	0.33851779
1340	0.35972747
1341	0.26608390
1342	0.36871557
1343	0.32919463
1344	0.30852945
1345	0.38609241
1346	0.38389130
1347	0.34143632
1348	0.38965866
1349	0.35930972
1350	0.32541378
1351	0.26449183
1352	0.38092079
1353	0.33919091
1354	0.29896828
1355	0.22913975
1356	0.44227041
1357	0.28762631
1358	0.33476209
1359	0.31644739
1360	0.32605648
1361	0.31356891
1362	0.32501272
1363	0.33617229
1364	0.33572495
1365	0.23909139
1366	0.27422176
1367	0.23836697
1368	0.35406049
1369	0.32954565
1370	0.32129521
1371	0.29205314
1372	0.36522031
1373	0.23650890
1374	0.38211692
1375	0.36235532
1376	0.30208907
1377	0.37734526
1378	0.29170532
1379	0.25792403
1380	0.35670677
1381	0.32514942
1382	0.31507969
1383	0.38169014
1384	0.34594076
1385	0.37303714
1386	0.37778424
1387	0.30065106
1388	0.30105904
1389	0.32434995
1390	0.44223511
1391	0.32176103
1392	0.31583777
1393	0.32373651
1394	0.33141286
1395	0.32890372
1396	0.28413636
1397	0.39341030
1398	0.26977123
1399	0.25710266
1400	0.35582722
1401	0.38976436
1402	0.31022911
1403	0.31274768
1404	0.22156954
1405	0.33596997
1406	0.39973288
1407	0.39071185
1408	0.27840280
1409	0.41312979
1410	0.37445880
1411	0.35260363
1412	0.38113777
1413	0.34422350
1414	0.31041601
1415	0.37989115
1416	0.26213428
1417	0.29329159
1418	0.32733786
1419	0.34082984
1420	0.34861663
1421	0.30980208
1422	0.30145783
1423	0.34948356
1424	0.35632524
1425	0.39325590
1426	0.39586228
1427	0.23909821
1428	0.22558104
1429	0.33031915
1430	0.38701644
1431	0.32843351
1432	0.39510160
1433	0.30146456
1434	0.27658312
1435	0.29011726
1436	0.26193443
1437	0.35508085
1438	0.31904255
1439	0.29642253
1440	0.34561818
1441	0.42027660
1442	0.30091257
1443	0.26996538
1444	0.36767969
1445	0.31285169
1446	0.33826896
1447	0.39817751
1448	0.23800169
1449	0.30928665
1450	0.34045624
1451	0.36292239
1452	0.33230029
1453	0.40180919
1454	0.37260382
1455	0.37848013
1456	0.40111881
1457	0.36407490
1458	0.31993457
1459	0.32139125
1460	0.25860039
1461	0.28253380
1462	0.32373646
1463	0.37856359
1464	0.33813448
1465	0.27577679
1466	0.30618912
1467	0.32140662
1468	0.35247809
1469	0.37217050
1470	0.37726514
1471	0.30869173
1472	0.30104657
1473	0.27767756
1474	0.29424352
1475	0.36932993
1476	0.34715643
1477	0.31374192
1478	0.35911533
1479	0.32816475
1480	0.36718965
1481	0.23723211
1482	0.30191925
1483	0.29895943
1484	0.30319778
1485	0.37795803
1486	0.38939023
1487	0.35238100
1488	0.37727360
1489	0.36439831
1490	0.30854579
1491	0.27573143
1492	0.30420435
1493	0.38719004
1494	0.36721277
1495	0.37961161
1496	0.38667079
1497	0.28917519
1498	0.38061383
1499	0.41431368
1500	0.38863801
1501	0.34733196
1502	0.30315198
1503	0.35076214
1504	0.43947195
1505	0.36361480
1506	0.31509884
1507	0.38988341
1508	0.39156813
1509	0.36454265
1510	0.36547191
1511	0.37630222
1512	0.28599275
1513	0.32615638
1514	0.26030295
1515	0.31237544
1516	0.27452321
1517	0.35111634
1518	0.38492287
1519	0.34334686
1520	0.27483177
1521	0.41459110
1522	0.35989202
1523	0.39453646
1524	0.40578762
1525	0.32508438
1526	0.30104018
1527	0.26339507
1528	0.34614937
1529	0.35194913
1530	0.30958603
1531	0.22091852
1532	0.27708656
1533	0.36434318
1534	0.40691175
1535	0.33798897
1536	0.34969753
1537	0.40562239
1538	0.30247805
1539	0.24692664
1540	0.38317660
1541	0.31016277
1542	0.36291987
1543	0.39213462
1544	0.40527026
1545	0.36012060
1546	0.25504120
1547	0.27188612
1548	0.33000184
1549	0.31223777
1550	0.27379376
1551	0.37237007
1552	0.37666436
1553	0.43861552
1554	0.34079618
1555	0.19006083
1556	0.28938665
1557	0.32822408
1558	0.39817573
1559	0.36462926
1560	0.30534613
1561	0.28730073
1562	0.34432611
1563	0.23637655
1564	0.37202432
1565	0.34156538
1566	0.35170643
1567	0.39533008
1568	0.37911958
1569	0.38253931
1570	0.37444270
1571	0.47083022
1572	0.27699923
1573	0.37941132
1574	0.35070551
1575	0.32556567
1576	0.36671006
1577	0.33386098
1578	0.39328752
1579	0.39617979
1580	0.22732331
1581	0.27358883
1582	0.24224579
1583	0.32169671
1584	0.40797621
1585	0.33978815
1586	0.34547070
1587	0.35533627
1588	0.40916915
1589	0.39179884
1590	0.37054009
1591	0.35461494
1592	0.33550106
1593	0.35513056
1594	0.27358752
1595	0.36825019
1596	0.37184589
1597	0.31262452
1598	0.31487108
1599	0.29646426
1600	0.28366151
1601	0.30657273
1602	0.37687210
1603	0.35247892
1604	0.29927887
1605	0.31974831
1606	0.31070638
1607	0.40590285
1608	0.33708124
1609	0.35012292
1610	0.32188515
1611	0.30271528
1612	0.36426204
1613	0.31026572
1614	0.30478777
1615	0.41363714
1616	0.33533279
1617	0.35131441
1618	0.19944159
1619	0.31286330
1620	0.31324265
1621	0.36409550
1622	0.32832278
1623	0.37195788
1624	0.33944903
1625	0.24852606
1626	0.21501920
1627	0.27944691
1628	0.35033361
1629	0.37124545
1630	0.26111339
1631	0.32782703
1632	0.26725996
1633	0.30354265
1634	0.37766465
1635	0.30892176
1636	0.38071015
1637	0.33972892
1638	0.38528187
1639	0.33137795
1640	0.26871074
1641	0.32391044
1642	0.33913177
1643	0.37154865
1644	0.32075445
1645	0.29546968
1646	0.38551431
1647	0.42707669
1648	0.42507780
1649	0.32138665
1650	0.36346315
1651	0.28604603
1652	0.30534521
1653	0.21618917
1654	0.31958448
1655	0.32423235
1656	0.30797389
1657	0.37896373
1658	0.25506117
1659	0.28524260
1660	0.34242969
1661	0.33479212
1662	0.36994671
1663	0.37877611
1664	0.20562626
1665	0.39099023
1666	0.34754275
1667	0.32255237
1668	0.25750721
1669	0.35584250
1670	0.34710097
1671	0.36730353
1672	0.34950198
1673	0.27721204
1674	0.35594618
1675	0.31216596
1676	0.36072606
1677	0.31831504
1678	0.28843124
1679	0.43969434
1680	0.33850725
1681	0.32138027
1682	0.35967771
1683	0.38176871
1684	0.33872515
1685	0.39570561
1686	0.35133061
1687	0.41185938
1688	0.30082742
1689	0.37715044
1690	0.38373583
1691	0.38013022
1692	0.35557737
1693	0.37902132
1694	0.37352374
1695	0.29474381
1696	0.38188283
1697	0.35951833
1698	0.28618980
1699	0.27513781
1700	0.31881668
1701	0.30774990
1702	0.31328051
1703	0.31388665
1704	0.35704758
1705	0.36241456
1706	0.27278951
1707	0.34274386
1708	0.30648225
1709	0.34952132
1710	0.34699526
1711	0.39438119
1712	0.29505754
1713	0.37840073
1714	0.33062287
1715	0.25234202
1716	0.27031185
1717	0.27083922
1718	0.36877708
1719	0.24690885
1720	0.34385063
1721	0.33718544
1722	0.28157747
1723	0.38924879
1724	0.29921954
1725	0.36175691
1726	0.34858008
1727	0.42450895
1728	0.33718235
1729	0.18839908
1730	0.28952253
1731	0.34067123
1732	0.36422998
1733	0.31344144
1734	0.36555986
1735	0.36938535
1736	0.33514221
1737	0.34591344
1738	0.31071412
1739	0.36432500
1740	0.21015382
1741	0.25441001
1742	0.33409990
1743	0.34023810
1744	0.31367573
1745	0.35248878
1746	0.29692079
1747	0.26140048
1748	0.30899942
1749	0.36341596
1750	0.42143941
1751	0.38582147
1752	0.39692747
1753	0.27216064
1754	0.40346243
1755	0.30511040
1756	0.33820653
1757	0.29500822
1758	0.31084444
1759	0.34798332
1760	0.30282152
1761	0.31615861
1762	0.31146064
1763	0.37496915
1764	0.36458172
1765	0.36411886
1766	0.33065730
1767	0.35907761
1768	0.27396929
1769	0.35224850
1770	0.28793148
1771	0.35045455
1772	0.35087166
1773	0.35919260
1774	0.33788274
1775	0.26612577
1776	0.28814057
1777	0.25675513
1778	0.32555924
1779	0.24245590
1780	0.40409130
1781	0.33176605
1782	0.32878269
1783	0.36677485
1784	0.31121006
1785	0.17178675
1786	0.31184613
1787	0.31353457
1788	0.29373501
1789	0.31430595
1790	0.29921659
1791	0.36935546
1792	0.29115039
1793	0.42468902
1794	0.29847200
1795	0.30778341
1796	0.37570426
1797	0.35510783
1798	0.27363965
1799	0.33426615
1800	0.40552113
1801	0.29864628
1802	0.31038051
1803	0.37029686
1804	0.28129937
1805	0.29186436
1806	0.32156175
1807	0.36162747
1808	0.39817544
1809	0.38633332
1810	0.27967331
1811	0.37730948
1812	0.34006881
1813	0.37695566
1814	0.35781596
1815	0.36711417
1816	0.29148167
1817	0.33909376
1818	0.34272935
1819	0.32064483
1820	0.39440614
1821	0.29394565
1822	0.29720368
1823	0.30608032
1824	0.34519110
1825	0.38212819
1826	0.41235861
1827	0.30506547
1828	0.32687418
1829	0.38273723
1830	0.33557249
1831	0.30055450
1832	0.34117374
1833	0.36022432
1834	0.42420750
1835	0.33143235
1836	0.31275097
1837	0.32199966
1838	0.42944246
1839	0.34670571
1840	0.38271194
1841	0.31612664
1842	0.31282558
1843	0.38436862
1844	0.29461557
1845	0.35562640
1846	0.25561214
1847	0.34007079
1848	0.45097336
1849	0.32789052
1850	0.32481697
1851	0.37914647
1852	0.36295416
1853	0.30821765
1854	0.36046518
1855	0.30944695
1856	0.34862002
1857	0.32172611
1858	0.34732060
1859	0.34347897
1860	0.37360614
1861	0.35465841
1862	0.37539376
1863	0.36139594
1864	0.34743535
1865	0.35249299
1866	0.28219023
1867	0.39823274
1868	0.36849981
1869	0.29713719
1870	0.27158361
1871	0.34874749
1872	0.33644502
1873	0.31790411
1874	0.31278506
1875	0.30517635
1876	0.35993182
1877	0.35055295
1878	0.29753835
1879	0.33153530
1880	0.32662664
1881	0.26878090
1882	0.30875184
1883	0.33194178
1884	0.39892756
1885	0.30940730
1886	0.33997916
1887	0.32419057
1888	0.30776586
1889	0.31343520
1890	0.39458670
1891	0.28405667
1892	0.31452974
1893	0.40872577
1894	0.39244894
1895	0.32570759
1896	0.29091692
1897	0.34108085
1898	0.25994599
1899	0.30269811
1900	0.37714574
1901	0.31466557
1902	0.31785392
1903	0.34772147
1904	0.36210106
1905	0.32359966
1906	0.31043989
1907	0.33188467
1908	0.34989874
1909	0.35401339
1910	0.35291354
1911	0.27951388
1912	0.35493399
1913	0.34494391
1914	0.34042795
1915	0.40855092
1916	0.34009584
1917	0.32094942
1918	0.35190242
1919	0.30645164
1920	0.30420682
1921	0.40157244
1922	0.36993767
1923	0.32840783
1924	0.29388235
1925	0.33734807
1926	0.38954130
1927	0.30550426
1928	0.39939076
1929	0.38924758
1930	0.30432553
1931	0.31468293
1932	0.34712379
1933	0.37189362
1934	0.33382007
1935	0.28144101
1936	0.24223351
1937	0.30134526
1938	0.31297626
1939	0.25935875
1940	0.36327205
1941	0.30175247
1942	0.29743989
1943	0.32903279
1944	0.27252205
1945	0.32323627
1946	0.33794163
1947	0.29537307
1948	0.37532157
1949	0.39540740
1950	0.32286736
1951	0.33035609
1952	0.26964908
1953	0.33907824
1954	0.29670426
1955	0.27106697
1956	0.38241707
1957	0.36065073
1958	0.31689956
1959	0.29776204
1960	0.29222621
1961	0.31025261
1962	0.27851170
1963	0.34395401
1964	0.32410672
1965	0.33967210
1966	0.37924584
1967	0.34535938
1968	0.38068380
1969	0.31254850
1970	0.24932016
1971	0.27064526
1972	0.29591083
1973	0.34148883
1974	0.36926973
1975	0.35024574
1976	0.32817268
1977	0.28763544
1978	0.30842205
1979	0.33430542
1980	0.37440169
1981	0.36482394
1982	0.33640015
1983	0.41830614
1984	0.28325769
1985	0.37568399
1986	0.33194173
1987	0.36670904
1988	0.22263090
1989	0.38272200
1990	0.28748293
1991	0.30806233
1992	0.30377611
1993	0.26690368
1994	0.30401499
1995	0.25378685
1996	0.27105982
1997	0.34865542
1998	0.32743133
1999	0.28211015
2000	0.34292660
2001	0.36038225
2002	0.28082877
2003	0.31386223
2004	0.23620121
2005	0.43113071
2006	0.29947771
2007	0.37743574
2008	0.29770488
2009	0.37964662
2010	0.32244705
2011	0.37193162
2012	0.30478462
2013	0.35858032
2014	0.36618559
2015	0.43464826
2016	0.28994729
2017	0.31316151
2018	0.26391180
2019	0.26195653
2020	0.33747031
2021	0.34224057
2022	0.42412568
2023	0.33313506
2024	0.35941190
2025	0.34510198
2026	0.35425189
2027	0.35101180
2028	0.31421330
2029	0.42753796
2030	0.38050377
2031	0.25530817
2032	0.30596934
2033	0.33341170
2034	0.35684758
2035	0.34091523
2036	0.35064400
2037	0.39095358
2038	0.22678680
2039	0.43901678
2040	0.35898308
2041	0.31513830
2042	0.36307485
2043	0.31422553
2044	0.30067476
2045	0.28210590
2046	0.40348806
2047	0.35184894
2048	0.25361683
2049	0.30159178
2050	0.32777485
2051	0.25973051
2052	0.38904840
2053	0.29600943
2054	0.37351040
2055	0.28584710
2056	0.31092191
2057	0.30024884
2058	0.29876219
2059	0.27433491
2060	0.35158864
2061	0.33261175
2062	0.38460208
2063	0.40278767
2064	0.33853849
2065	0.34074231
2066	0.37051083
2067	0.33925614
