0	0.35937233
1	0.34051771
2	0.29597651
3	0.33494024
4	0.31131751
5	0.35167943
6	0.34146569
7	0.31538461
8	0.31308124
9	0.32413068
10	0.36613516
11	0.35383848
12	0.34868431
13	0.38771046
14	0.32111806
15	0.35027882
16	0.35497183
17	0.35902505
18	0.34678657
19	0.34598833
20	0.37474180
21	0.38467118
22	0.35007656
23	0.32725040
24	0.34808536
25	0.34523969
26	0.35495211
27	0.35023441
28	0.36418501
29	0.29748687
30	0.37110749
31	0.34678441
32	0.36937636
33	0.37689613
34	0.37813466
35	0.31086916
36	0.32923974
37	0.34449462
38	0.31545307
39	0.32381690
40	0.29672500
41	0.37490523
42	0.34322580
43	0.30728949
44	0.34423345
45	0.31655136
46	0.35041147
47	0.30276509
48	0.31431630
49	0.30543415
50	0.29659316
51	0.33263506
52	0.35229442
53	0.35450568
54	0.33028612
55	0.34683491
56	0.34040981
57	0.35850065
58	0.34185850
59	0.37634492
60	0.33390639
61	0.30690277
62	0.39014427
63	0.30420292
64	0.36100825
65	0.34222746
66	0.36084593
67	0.36001630
68	0.34060116
69	0.31858038
70	0.33803531
71	0.31368244
72	0.30531419
73	0.34204064
74	0.32815423
75	0.31159447
76	0.31432631
77	0.35613008
78	0.34737575
79	0.34472807
80	0.33252082
81	0.38189251
82	0.31380428
83	0.34421655
84	0.32140106
85	0.34643672
86	0.30641524
87	0.36514769
88	0.38049733
89	0.37682168
90	0.34865936
91	0.31872832
92	0.31732052
93	0.38305362
94	0.31040493
95	0.37366911
96	0.35173994
97	0.34335966
98	0.35502067
99	0.31332782
100	0.37583828
101	0.35894386
102	0.31055473
103	0.28369155
104	0.29506680
105	0.28454713
106	0.35707716
107	0.35860322
108	0.29574165
109	0.31862233
110	0.34348063
111	0.34042515
112	0.34593179
113	0.34758219
114	0.32852892
115	0.34669376
116	0.39205921
117	0.38608481
118	0.36580810
119	0.32290604
120	0.29433456
121	0.36122414
122	0.31946715
123	0.36687912
124	0.36707601
125	0.33164960
126	0.35119014
127	0.37395453
128	0.32467389
129	0.35521685
130	0.34617173
131	0.33335674
132	0.35705428
133	0.34297505
134	0.33502500
135	0.33979552
136	0.34229552
137	0.36765981
138	0.33225921
139	0.37158893
140	0.36091293
141	0.34438843
142	0.34970739
143	0.34895236
144	0.35521182
145	0.37339693
146	0.37537339
147	0.36018546
148	0.33060121
149	0.34356318
150	0.35339311
151	0.33560905
152	0.32871242
153	0.33955337
154	0.32502319
155	0.38775252
156	0.30463587
157	0.32689462
158	0.33095840
159	0.35940513
160	0.38303637
161	0.36217379
162	0.31558551
163	0.36534623
164	0.35518682
165	0.32256720
166	0.36035528
167	0.32354049
168	0.36724044
169	0.35085468
170	0.38780428
171	0.30432616
172	0.33314522
173	0.35553924
174	0.33711474
175	0.36415156
176	0.34133989
177	0.35339477
178	0.35641268
179	0.33492681
180	0.33523214
181	0.34840508
182	0.34715724
183	0.32880704
184	0.38188803
185	0.32310332
186	0.32820689
187	0.37002822
188	0.38559834
189	0.38250463
190	0.37210262
191	0.35540966
192	0.34936152
193	0.34373375
194	0.32703415
195	0.32448587
196	0.30909557
197	0.37446076
198	0.39672052
199	0.34180096
200	0.31569703
201	0.33148405
202	0.32272264
203	0.34299240
204	0.30251665
205	0.35765121
206	0.39321469
207	0.36257601
208	0.39572596
209	0.32810734
210	0.37191715
211	0.33798446
212	0.33737651
213	0.33395578
214	0.33129115
215	0.35135775
216	0.37389894
217	0.33624738
218	0.31287636
219	0.37522264
220	0.34483159
221	0.36102550
222	0.33080815
223	0.33667339
224	0.34893174
225	0.34351947
226	0.32176006
227	0.34924668
228	0.36417243
229	0.30725890
230	0.33107736
231	0.36562696
232	0.33629356
233	0.36214085
234	0.34628546
235	0.34021579
236	0.37584024
237	0.37430040
238	0.38319095
239	0.36296781
240	0.33740025
241	0.36166715
242	0.28507052
243	0.32664296
244	0.37514628
245	0.31948219
246	0.31540553
247	0.36445337
248	0.37266398
249	0.34778687
250	0.35484588
251	0.35111922
252	0.31877505
253	0.31343315
254	0.33445357
255	0.32337304
256	0.33036263
257	0.32232772
258	0.35747289
259	0.36465156
260	0.32399759
261	0.31871393
262	0.34834009
263	0.32873501
264	0.34354130
265	0.32589427
266	0.33565573
267	0.33420382
268	0.34624764
269	0.35495865
270	0.38097867
271	0.31980714
272	0.36082047
273	0.33666519
274	0.35197143
275	0.37622455
276	0.30430262
277	0.36077279
278	0.34021730
279	0.34398888
280	0.29974754
281	0.35842606
282	0.34671816
283	0.33521600
284	0.33004447
285	0.33224970
286	0.35525981
287	0.37432752
288	0.37543561
289	0.31981836
290	0.39322837
291	0.34054457
292	0.34675392
293	0.33452741
294	0.30106766
295	0.36062772
296	0.33096413
297	0.35460438
298	0.32118798
299	0.38610699
300	0.34416373
301	0.36292857
302	0.34800367
303	0.38428702
304	0.35517334
305	0.33554547
306	0.33276348
307	0.29649799
308	0.35165729
309	0.34222923
310	0.31463808
311	0.34948592
312	0.34810231
313	0.36769477
314	0.35869527
315	0.37472601
316	0.30445795
317	0.32009577
318	0.37960397
319	0.32079331
320	0.34597022
321	0.34555624
322	0.35975377
323	0.34779029
324	0.29792435
325	0.34122057
326	0.36482621
327	0.34587515
328	0.37215040
329	0.32055523
330	0.31130392
331	0.31227892
332	0.38679432
333	0.33280790
334	0.35446891
335	0.35090568
336	0.32541338
337	0.35146288
338	0.35229864
339	0.30986851
340	0.30692586
341	0.32329633
342	0.35626710
343	0.39462047
344	0.37964633
345	0.37148803
346	0.33932153
347	0.30976987
348	0.35126419
349	0.36156670
350	0.33392892
351	0.36437606
352	0.32961841
353	0.35804105
354	0.33153707
355	0.34623561
356	0.35947133
357	0.32938174
358	0.36069884
359	0.36120900
360	0.32268023
361	0.34372510
362	0.34013511
363	0.32851605
364	0.32453038
365	0.29587968
366	0.35832208
367	0.38093491
368	0.36079155
369	0.27076539
370	0.30473602
371	0.35230387
372	0.35569391
373	0.35548627
374	0.31102178
375	0.32576876
376	0.34108682
377	0.38979814
378	0.34206398
379	0.32808833
380	0.34448094
381	0.32308597
382	0.33399618
383	0.31908697
384	0.34646132
385	0.34829598
386	0.35070739
387	0.31950835
388	0.34029381
389	0.35249054
390	0.35243466
391	0.35876735
392	0.34461263
393	0.36707621
394	0.35386469
395	0.32992887
396	0.33800025
397	0.34474079
398	0.37415518
399	0.34269512
400	0.36595131
401	0.35748431
402	0.33614759
403	0.36200302
404	0.35807812
405	0.33306952
406	0.32835141
407	0.36726348
408	0.32881801
409	0.35784497
410	0.30403295
411	0.35703124
412	0.32572500
413	0.39069049
414	0.31446434
415	0.34301288
416	0.35821087
417	0.33307968
418	0.35637923
419	0.31661388
420	0.36167792
421	0.34132103
422	0.37965387
423	0.36600679
424	0.33495986
425	0.36944019
426	0.36787158
427	0.37971509
428	0.33464784
429	0.32043737
430	0.33947490
431	0.36680211
432	0.33215030
433	0.34615201
434	0.34818340
435	0.34229663
436	0.34331836
437	0.36033431
438	0.32601368
439	0.35589537
440	0.31372641
441	0.34635749
442	0.30334834
443	0.39008768
444	0.35221187
445	0.35009864
446	0.30182661
447	0.35152168
448	0.33798969
449	0.31062656
450	0.29582425
451	0.34165000
452	0.37221700
453	0.34773536
454	0.32677254
455	0.35091766
456	0.34104769
457	0.34822616
458	0.35446952
459	0.32442948
460	0.31935377
461	0.35800594
462	0.33467862
463	0.33987440
464	0.30814195
465	0.33402852
466	0.40779608
467	0.34682254
468	0.37717384
469	0.31727148
470	0.34305749
471	0.35928773
472	0.33777329
473	0.34574351
474	0.31830463
475	0.35482475
476	0.34166866
477	0.29237887
478	0.34287802
479	0.40213592
480	0.33702646
481	0.33561781
482	0.35369160
483	0.32388924
484	0.36407505
485	0.33729140
486	0.36870307
487	0.37966615
488	0.31260910
489	0.30910599
490	0.36919286
491	0.35828234
492	0.34388873
493	0.29562646
494	0.32079351
495	0.37318556
496	0.33155156
497	0.35040423
498	0.32543587
499	0.34151539
500	0.33751675
501	0.34648214
502	0.35944296
503	0.32158541
504	0.37175840
505	0.30550151
506	0.36364261
507	0.30286268
508	0.34409301
509	0.34338667
510	0.31060840
511	0.35817787
512	0.36713607
513	0.37114034
514	0.34484774
515	0.33679049
516	0.38146016
517	0.26747093
518	0.33657948
519	0.33651504
520	0.36304668
521	0.32250749
522	0.32559286
523	0.31824205
524	0.33388521
525	0.33855086
526	0.34980171
527	0.31908144
528	0.31958013
529	0.29586534
530	0.30639532
531	0.30923421
532	0.30394648
533	0.33310679
534	0.34827943
535	0.32878164
536	0.31031595
537	0.36884472
538	0.33262817
539	0.35290478
540	0.35165146
541	0.33680196
542	0.37287203
543	0.35047832
544	0.35522389
545	0.34807757
546	0.35909582
547	0.28114341
548	0.31369095
549	0.33788682
550	0.38809748
551	0.33911916
552	0.30458340
553	0.39035573
554	0.33191328
555	0.35077892
556	0.29368129
557	0.37780921
558	0.33428209
559	0.33543612
560	0.29276916
561	0.34751519
562	0.31475352
563	0.36014170
564	0.33391102
565	0.31659899
566	0.34276781
567	0.35292978
568	0.35842359
569	0.31879477
570	0.32751932
571	0.34687188
572	0.25170186
573	0.32815528
574	0.32554618
575	0.38558893
576	0.32027907
577	0.34772203
578	0.36095664
579	0.35280236
580	0.37235609
581	0.35409014
582	0.35812248
583	0.29440407
584	0.30749829
585	0.32379960
586	0.28572455
587	0.31308813
588	0.34026997
589	0.34886157
590	0.29148672
591	0.28865936
592	0.39298808
593	0.30211378
594	0.34348390
595	0.36819240
596	0.35108370
597	0.35783325
598	0.34764527
599	0.35353038
600	0.35612233
601	0.32904125
602	0.30791333
603	0.35954487
604	0.31819532
605	0.35860885
606	0.34797575
607	0.34691650
608	0.34167420
609	0.32772269
610	0.32881982
611	0.32688013
612	0.30714859
613	0.33092716
614	0.33322953
615	0.33418999
616	0.31654321
617	0.31193959
618	0.27341016
619	0.32092108
620	0.34196529
621	0.33481906
622	0.33074945
623	0.32699321
624	0.33901328
625	0.34793858
626	0.36501373
627	0.35738913
628	0.33722238
629	0.35702671
630	0.32076534
631	0.36259925
632	0.31014547
633	0.32689643
634	0.34424990
635	0.34251328
636	0.32067973
637	0.31556222
638	0.38400765
639	0.36444613
640	0.32307264
641	0.34643778
642	0.29398013
643	0.34898094
644	0.33811288
645	0.33263310
646	0.37212882
647	0.36292168
648	0.34188144
649	0.34591871
650	0.34811217
651	0.35331534
652	0.34989074
653	0.32233763
654	0.36419728
655	0.36710297
656	0.33170860
657	0.35476338
658	0.36668476
659	0.35367032
660	0.34060910
661	0.33802077
662	0.30755241
663	0.31579593
664	0.35123355
665	0.30402918
666	0.31738285
667	0.34743526
668	0.32441982
669	0.33088099
670	0.34507299
671	0.27853028
672	0.34145946
673	0.36254251
674	0.35535654
675	0.28196942
676	0.32258692
677	0.37601610
678	0.34037299
679	0.34097430
680	0.31647626
681	0.29003013
682	0.33858828
683	0.34594748
684	0.35141967
685	0.33795156
686	0.35400976
687	0.28551685
688	0.32253003
689	0.33436992
690	0.36447123
691	0.35845272
692	0.38496122
693	0.32127450
694	0.30518164
695	0.37574567
696	0.35272088
697	0.36311147
698	0.35871952
699	0.29095297
700	0.34316660
701	0.31828068
702	0.34125272
703	0.30118863
704	0.33027560
705	0.36108255
706	0.29020196
707	0.34122560
708	0.36582430
709	0.33663249
710	0.37126071
711	0.34783853
712	0.34541911
713	0.32198662
714	0.31612198
715	0.31826419
716	0.31886816
717	0.31991202
718	0.34074854
719	0.29328949
720	0.34689809
721	0.31086353
722	0.32814416
723	0.35268637
724	0.35472671
725	0.33464401
726	0.34125599
727	0.35883395
728	0.34311449
729	0.33728340
730	0.31928833
731	0.35062228
732	0.30145679
733	0.31842726
734	0.37676665
735	0.36290508
736	0.31814759
737	0.32224668
738	0.34462807
739	0.33407872
740	0.32431937
741	0.33872591
742	0.32453109
743	0.33501363
744	0.35301097
745	0.33768189
746	0.36811192
747	0.36821268
748	0.35304442
749	0.34386323
750	0.33277118
751	0.32358763
752	0.35726056
753	0.32381579
754	0.30939743
755	0.33446665
756	0.26176162
757	0.33112138
758	0.30103722
759	0.29180342
760	0.29748426
761	0.35011056
762	0.32665674
763	0.32411876
764	0.35401574
765	0.33894054
766	0.35413597
767	0.29782681
768	0.34479024
769	0.33335262
770	0.30502696
771	0.32173919
772	0.35941253
773	0.33814079
774	0.35268491
775	0.34812530
776	0.36753949
777	0.32850372
778	0.32603853
779	0.34048984
780	0.32036841
781	0.30852706
782	0.30740231
783	0.27437837
784	0.35726112
785	0.30014160
786	0.31060332
787	0.28766328
788	0.32899985
789	0.32074271
790	0.36111464
791	0.29692837
792	0.36761841
793	0.31629502
794	0.35997248
795	0.32401896
796	0.33585780
797	0.35135201
798	0.32134914
799	0.31839643
800	0.36556564
801	0.35509593
802	0.35198742
803	0.32243134
804	0.33774416
805	0.31750418
806	0.33188868
807	0.35801811
808	0.31997691
809	0.36435418
810	0.34741076
811	0.33752460
812	0.32893053
813	0.35237228
814	0.31695719
815	0.38756303
816	0.35354683
817	0.28716454
818	0.34172606
819	0.29233753
820	0.34776690
821	0.37869532
822	0.36435040
823	0.31551333
824	0.37598742
825	0.33618617
826	0.31038184
827	0.34034256
828	0.35015086
829	0.34560810
830	0.32001484
831	0.31722062
832	0.36328773
833	0.30468345
834	0.32697143
835	0.34475981
836	0.30447973
837	0.34346011
838	0.35201766
839	0.35241997
840	0.31110070
841	0.32331222
842	0.35888974
843	0.34646373
844	0.36579240
845	0.34490433
846	0.37908783
847	0.31960961
848	0.33052626
849	0.31634034
850	0.36820448
851	0.35189301
852	0.31409396
853	0.33921117
854	0.31863310
855	0.34550951
856	0.35430921
857	0.33312636
858	0.28012867
859	0.36109799
860	0.32123833
861	0.36511323
862	0.31737606
863	0.37720775
864	0.32968908
865	0.37396182
866	0.35305221
867	0.33401157
868	0.35901720
869	0.35967389
870	0.32651278
871	0.34651982
872	0.32339311
873	0.36681444
874	0.33716429
875	0.33923265
876	0.31322143
877	0.34448823
878	0.36085966
879	0.34613597
880	0.33667621
881	0.32361942
882	0.34307988
883	0.32482943
884	0.31478300
885	0.31938094
886	0.31904562
887	0.35922269
888	0.34699115
889	0.30699160
890	0.34539205
891	0.37639049
892	0.37017676
893	0.30120734
894	0.32694824
895	0.33636444
896	0.34829366
897	0.32284613
898	0.33739064
899	0.34530624
900	0.35627540
901	0.33793089
902	0.31065136
903	0.30868848
904	0.28803073
905	0.28379069
906	0.33125830
907	0.31268813
908	0.36097646
909	0.35200573
910	0.30608496
911	0.31363089
912	0.38594799
913	0.33282978
914	0.34977409
915	0.31255523
916	0.30580166
917	0.34454764
918	0.29883737
919	0.32524039
920	0.31617465
921	0.30669557
922	0.33546348
923	0.36798662
924	0.31649210
925	0.32016403
926	0.32697721
927	0.34730981
928	0.32799889
929	0.32781866
930	0.33811489
931	0.35160573
932	0.37702580
933	0.35420015
934	0.30542384
935	0.32165704
936	0.34699271
937	0.35418219
938	0.31646901
939	0.31816791
940	0.32223260
941	0.36308244
942	0.35312535
943	0.40110538
944	0.30705659
945	0.32925458
946	0.26982430
947	0.33934613
948	0.33568109
949	0.30329014
950	0.34122721
951	0.32708737
952	0.38035101
953	0.33799009
954	0.32451358
955	0.32051298
956	0.36224085
957	0.28904754
958	0.35288099
959	0.32054764
960	0.32742973
961	0.32494925
962	0.30691102
963	0.35989396
964	0.35609794
965	0.34951273
966	0.25686087
967	0.35804653
968	0.30444889
969	0.34562173
970	0.33158265
971	0.35239995
972	0.37794774
973	0.29459633
974	0.32647309
975	0.33817555
976	0.35594603
977	0.33716861
978	0.36704703
979	0.36100941
980	0.32451288
981	0.32958053
982	0.34296031
983	0.36258290
984	0.34647601
985	0.32903657
986	0.30019095
987	0.29339769
988	0.35359955
989	0.35987399
990	0.37039381
991	0.25310392
992	0.36263441
993	0.30698219
994	0.35275820
995	0.35104371
996	0.35057852
997	0.31549995
998	0.38536383
999	0.30801117
1000	0.34799376
1001	0.34796026
1002	0.35600176
1003	0.33600931
1004	0.32142213
1005	0.30609738
1006	0.36836444
1007	0.38085749
1008	0.30441700
1009	0.31110463
1010	0.33103712
1011	0.34657596
1012	0.31453209
1013	0.33049376
1014	0.30242274
1015	0.32879814
1016	0.35732254
1017	0.34697656
1018	0.35892319
1019	0.29933043
1020	0.34953119
1021	0.34738426
1022	0.33889537
1023	0.37282093
1024	0.36132993
1025	0.34689754
1026	0.35026273
1027	0.38014457
1028	0.31761710
1029	0.34677777
1030	0.31353018
1031	0.33994945
1032	0.30536459
1033	0.38611303
1034	0.36216006
1035	0.30606237
1036	0.37540956
1037	0.35217480
1038	0.33797389
1039	0.36561519
1040	0.36673893
1041	0.32204200
1042	0.36162691
1043	0.36803949
1044	0.31470116
1045	0.32501217
1046	0.38270780
1047	0.33028929
1048	0.36821529
1049	0.33027847
1050	0.30848144
1051	0.34186424
1052	0.39099261
1053	0.31895775
1054	0.32624930
1055	0.30021534
1056	0.37277153
1057	0.32837777
1058	0.36852580
1059	0.32499462
1060	0.33117696
1061	0.34617736
1062	0.35276363
1063	0.36491413
1064	0.37814351
1065	0.35328612
1066	0.33040070
1067	0.33087259
1068	0.33195005
1069	0.31902047
1070	0.33362666
1071	0.35076273
1072	0.32730739
1073	0.40243682
1074	0.35606891
1075	0.35284914
1076	0.32173501
1077	0.27007203
1078	0.32899643
1079	0.33089980
1080	0.32187455
1081	0.32828873
1082	0.35700880
1083	0.35786494
1084	0.34850478
1085	0.29358038
1086	0.36909824
1087	0.36654064
1088	0.34939336
1089	0.28414306
1090	0.34046615
1091	0.31063556
1092	0.30724447
1093	0.32195664
1094	0.32000106
1095	0.29425418
1096	0.34782958
1097	0.36065533
1098	0.35766338
1099	0.33882832
1100	0.34301881
1101	0.34972948
1102	0.34802721
1103	0.29393466
1104	0.34733561
1105	0.33431911
1106	0.33628018
1107	0.33431569
1108	0.35149090
1109	0.34818742
1110	0.33166001
1111	0.34361655
1112	0.31689698
1113	0.32300302
1114	0.36285146
1115	0.34039925
1116	0.36315101
1117	0.33657072
1118	0.33067284
1119	0.35887897
1120	0.32931167
1121	0.37848898
1122	0.35261695
1123	0.34640910
1124	0.35235206
1125	0.31738305
1126	0.38204014
1127	0.32840875
1128	0.33758466
1129	0.34629814
1130	0.33982243
1131	0.35935548
1132	0.34172596
1133	0.36305463
1134	0.32755493
1135	0.37279799
1136	0.35396640
1137	0.35269603
1138	0.32571152
1139	0.33281791
1140	0.35742907
1141	0.34281192
1142	0.29626273
1143	0.36787203
1144	0.33218637
1145	0.36208813
1146	0.34179482
1147	0.36235156
1148	0.37733265
1149	0.29500392
1150	0.32177279
1151	0.31725448
1152	0.31010850
1153	0.33634180
1154	0.34909718
1155	0.36152746
1156	0.35520025
1157	0.33923260
1158	0.37092621
1159	0.30364743
1160	0.35962470
1161	0.33418903
1162	0.29569452
1163	0.34213803
1164	0.36213089
1165	0.34432274
1166	0.35366519
1167	0.32729135
1168	0.30196680
1169	0.34395981
1170	0.32727948
1171	0.35525543
1172	0.34491182
1173	0.34108063
1174	0.33220010
1175	0.37810221
1176	0.35295961
1177	0.31563164
1178	0.33465267
1179	0.32790573
1180	0.29531046
1181	0.34465176
1182	0.32371348
1183	0.32723305
1184	0.34189643
1185	0.32294296
1186	0.33571585
1187	0.30700604
1188	0.33736574
1189	0.34113692
1190	0.31982726
1191	0.32631896
1192	0.33556474
1193	0.33922017
1194	0.32374794
1195	0.32259190
1196	0.34877565
1197	0.32493033
1198	0.34230468
1199	0.33724356
1200	0.36511484
1201	0.35481735
1202	0.37345317
1203	0.33652047
1204	0.35156952
1205	0.34129467
1206	0.36924512
1207	0.32225246
1208	0.36293929
1209	0.35545780
1210	0.34589371
1211	0.33985870
1212	0.30343385
1213	0.36800091
1214	0.32561826
1215	0.34806851
1216	0.35654467
1217	0.34684603
1218	0.35925885
1219	0.36333536
1220	0.26999633
1221	0.32209261
1222	0.32128798
1223	0.30329557
1224	0.30632153
1225	0.33332007
1226	0.41653491
1227	0.34611720
1228	0.34745926
1229	0.35184829
1230	0.33124774
1231	0.34685141
1232	0.34140543
1233	0.35885297
1234	0.34962797
1235	0.33520050
1236	0.33246187
1237	0.38569889
1238	0.31699914
1239	0.35008838
1240	0.34675392
1241	0.35856041
1242	0.31379633
1243	0.28446087
1244	0.30545870
1245	0.38566197
1246	0.28388587
1247	0.35330191
1248	0.35897923
1249	0.35274950
1250	0.36136268
1251	0.33095915
1252	0.31114135
1253	0.32473722
1254	0.29734593
1255	0.35702138
1256	0.41398954
1257	0.35578068
1258	0.31603763
1259	0.33725880
1260	0.32933632
1261	0.31435161
1262	0.33783999
1263	0.30831499
1264	0.30747208
1265	0.33677661
1266	0.38500729
1267	0.37673260
1268	0.32474034
1269	0.34019874
1270	0.28839457
1271	0.37460468
1272	0.32511167
1273	0.33886861
1274	0.34071896
1275	0.36595297
1276	0.32732374
1277	0.34799079
1278	0.32660518
1279	0.30825131
1280	0.34738858
1281	0.36923848
1282	0.32436730
1283	0.31530086
1284	0.37416595
1285	0.33776730
1286	0.34587339
1287	0.35776308
1288	0.37055146
1289	0.34560518
1290	0.34169462
1291	0.29331298
1292	0.35448597
1293	0.31797319
1294	0.30633229
1295	0.32992681
1296	0.31269960
1297	0.33513375
1298	0.34988048
1299	0.34276791
1300	0.29701172
1301	0.33947450
1302	0.30760468
1303	0.35895875
1304	0.36162852
1305	0.35492133
1306	0.33511253
1307	0.34562676
1308	0.34204643
1309	0.34963385
1310	0.34778974
1311	0.30787601
1312	0.33128149
1313	0.36360141
1314	0.33312912
1315	0.31907621
1316	0.35324869
1317	0.34057560
1318	0.27510418
1319	0.32725236
1320	0.35670342
1321	0.36307792
1322	0.36157108
1323	0.34622777
1324	0.30994085
1325	0.28454899
1326	0.35113365
1327	0.34078828
1328	0.28343466
1329	0.34723184
1330	0.30773199
1331	0.31391408
1332	0.34177218
1333	0.37623275
1334	0.36400528
1335	0.33140991
1336	0.34089487
1337	0.32903471
1338	0.34706449
1339	0.33340010
1340	0.33583255
1341	0.30095473
1342	0.33157389
1343	0.34256444
1344	0.34023999
1345	0.37036650
1346	0.33061766
1347	0.37587022
1348	0.37021217
1349	0.36063883
1350	0.37198169
1351	0.36668461
1352	0.30208742
1353	0.33856258
1354	0.33783209
1355	0.35089990
1356	0.35288662
1357	0.33514079
1358	0.35433707
1359	0.35783647
1360	0.34506947
1361	0.38769054
1362	0.31905533
1363	0.33652233
1364	0.35231564
1365	0.36133833
1366	0.33240936
1367	0.34822943
1368	0.33699925
1369	0.36368003
1370	0.32551504
1371	0.34974281
1372	0.33357495
1373	0.34250236
1374	0.28361806
1375	0.34887762
1376	0.35374935
1377	0.32881293
1378	0.32845151
1379	0.37474965
1380	0.35323989
1381	0.33493803
1382	0.34252103
1383	0.37148053
1384	0.32691831
1385	0.28793883
1386	0.28280176
1387	0.36353446
1388	0.36189205
1389	0.29793868
1390	0.37927832
1391	0.28418587
1392	0.31820749
1393	0.36526564
1394	0.35084688
1395	0.30999643
1396	0.35480362
1397	0.36780362
1398	0.35319527
1399	0.33193033
1400	0.33883551
1401	0.33890055
1402	0.35186509
1403	0.36192309
1404	0.37069401
1405	0.29198602
1406	0.37620689
1407	0.32289401
1408	0.31846499
1409	0.33295196
1410	0.32851056
1411	0.35850518
1412	0.34846056
1413	0.34443466
1414	0.31080704
1415	0.34098818
1416	0.33765553
1417	0.31394245
1418	0.33625996
1419	0.32627233
1420	0.33462047
1421	0.32976308
1422	0.34456157
1423	0.32082752
1424	0.32522530
1425	0.34552098
1426	0.35149009
1427	0.35566886
1428	0.32117570
1429	0.33127430
1430	0.36207485
1431	0.34178275
1432	0.35253114
1433	0.36550528
1434	0.33269708
1435	0.33022178
1436	0.29750810
1437	0.31747304
1438	0.32569960
1439	0.34842007
1440	0.37340226
1441	0.35188456
1442	0.36879507
1443	0.33339296
1444	0.32439759
1445	0.34036328
1446	0.37965855
1447	0.34065744
1448	0.34165448
1449	0.33486640
1450	0.33379110
1451	0.38826202
1452	0.33969879
1453	0.31563043
1454	0.35281705
1455	0.35505915
1456	0.30414467
1457	0.32162847
1458	0.33274623
1459	0.37090649
1460	0.32397490
1461	0.34502173
1462	0.32615931
1463	0.39110025
1464	0.32104014
1465	0.37380860
1466	0.33660614
1467	0.32609784
1468	0.36623712
1469	0.37985820
1470	0.33046937
1471	0.36057047
1472	0.39058119
1473	0.33661916
1474	0.37573335
1475	0.37012404
1476	0.36234547
1477	0.36059165
1478	0.31697787
1479	0.35379115
1480	0.32957757
1481	0.31221413
1482	0.37956932
1483	0.35017334
1484	0.35110976
1485	0.31641056
1486	0.39363929
1487	0.32097792
1488	0.28702575
1489	0.37367686
1490	0.34773672
1491	0.32303924
1492	0.35082631
1493	0.36483471
1494	0.31839376
1495	0.36977450
1496	0.30895614
1497	0.31273692
1498	0.34001881
1499	0.30542394
1500	0.33886242
1501	0.34850312
1502	0.32694920
1503	0.36503541
1504	0.36724879
1505	0.31914251
1506	0.33486348
1507	0.36955423
1508	0.32411424
1509	0.35312002
1510	0.33882892
1511	0.34022701
1512	0.36314557
1513	0.31696066
1514	0.33542812
1515	0.35259879
1516	0.35300337
1517	0.32162938
1518	0.36572148
1519	0.36195724
1520	0.32182535
1521	0.37261298
1522	0.33377575
1523	0.34348340
1524	0.33805941
1525	0.33224839
1526	0.36029200
1527	0.27029296
1528	0.36711987
1529	0.31007762
1530	0.34090241
1531	0.34805941
1532	0.34705528
1533	0.36236574
1534	0.34236710
1535	0.35412525
1536	0.29486016
1537	0.31308320
1538	0.29560820
1539	0.37064613
1540	0.34780201
1541	0.33164638
1542	0.36363184
1543	0.31529960
1544	0.34031625
1545	0.34675000
1546	0.31235679
1547	0.32619738
1548	0.35192882
1549	0.30933747
1550	0.34355644
1551	0.37113536
1552	0.35455865
1553	0.36776177
1554	0.28006353
1555	0.29535609
1556	0.33000025
1557	0.29396886
1558	0.30360357
1559	0.35320765
1560	0.29459965
1561	0.37302072
1562	0.32424406
1563	0.34732671
1564	0.29960523
1565	0.31056876
1566	0.31113114
1567	0.32888808
1568	0.33579346
1569	0.35356585
1570	0.33878768
1571	0.37009899
1572	0.30606509
1573	0.31012505
1574	0.32787218
1575	0.35943003
1576	0.35273803
1577	0.34665624
1578	0.34343451
1579	0.29944135
1580	0.29843094
1581	0.34751861
1582	0.31756076
1583	0.34795221
1584	0.29776187
1585	0.29745302
1586	0.37007887
1587	0.32499643
1588	0.33552098
1589	0.32797520
1590	0.34937450
1591	0.31378913
1592	0.31219764
1593	0.33955634
1594	0.36950780
1595	0.36394638
1596	0.30970538
1597	0.34742852
1598	0.31077887
1599	0.33400699
1600	0.32141927
1601	0.28082329
1602	0.29357691
1603	0.34978893
1604	0.35337666
1605	0.33242198
1606	0.34533808
1607	0.31155387
1608	0.33973109
1609	0.34261459
1610	0.32270161
1611	0.32919406
1612	0.32193521
1613	0.36224914
1614	0.35863999
1615	0.32649582
1616	0.36783561
1617	0.36458808
1618	0.33966856
1619	0.30642812
1620	0.35719955
1621	0.32407299
1622	0.33193642
1623	0.32394477
1624	0.34092304
1625	0.34030850
1626	0.33429965
1627	0.33568758
1628	0.29889930
1629	0.35517928
1630	0.29811439
1631	0.31078823
1632	0.34534034
1633	0.31242274
1634	0.31482918
1635	0.34519416
1636	0.36824416
1637	0.37840342
1638	0.33883199
1639	0.33646514
1640	0.31008063
1641	0.32127882
1642	0.37080166
1643	0.38109074
1644	0.34930780
1645	0.34069326
1646	0.31854643
1647	0.36719914
1648	0.35439266
1649	0.30420865
1650	0.31081821
1651	0.36073380
1652	0.28591046
1653	0.36904492
1654	0.33931031
1655	0.28857198
1656	0.32415272
1657	0.34933672
1658	0.38215830
1659	0.34635206
1660	0.37683073
1661	0.32215382
1662	0.33124779
1663	0.34190528
1664	0.28372349
1665	0.30576051
1666	0.30476253
1667	0.32645015
1668	0.30396695
1669	0.32702213
1670	0.34155347
1671	0.31353843
1672	0.33712404
1673	0.30684306
1674	0.33888657
1675	0.34216761
1676	0.35113798
1677	0.31794909
1678	0.32140241
1679	0.36058244
1680	0.36475563
1681	0.33551595
1682	0.32623330
1683	0.32213038
1684	0.33504326
1685	0.33058607
1686	0.32379608
1687	0.32950337
1688	0.31881097
1689	0.33576242
1690	0.34349140
1691	0.30488139
1692	0.37938154
1693	0.34248969
1694	0.33394618
1695	0.32924447
1696	0.38248139
1697	0.30152923
1698	0.36470674
1699	0.34018979
1700	0.33588536
1701	0.33246182
1702	0.29355141
1703	0.36577641
1704	0.33015307
1705	0.36139321
1706	0.33338662
1707	0.34003521
1708	0.36275528
1709	0.31862862
1710	0.34303134
1711	0.33096821
1712	0.34609844
1713	0.32779708
1714	0.33454658
1715	0.31409135
1716	0.32849507
1717	0.33152943
1718	0.27812188
1719	0.30509331
1720	0.34091026
1721	0.29991932
1722	0.31249180
1723	0.34901600
1724	0.32159004
1725	0.30268853
1726	0.31128114
1727	0.32492037
1728	0.30936650
1729	0.33669386
1730	0.35065010
1731	0.33894613
1732	0.35047892
1733	0.31278908
1734	0.32513677
1735	0.34338380
1736	0.29860634
1737	0.35330749
1738	0.31539306
1739	0.32698883
1740	0.31201489
1741	0.34377611
1742	0.33767475
1743	0.34664049
1744	0.35872198
1745	0.32535317
1746	0.34301761
1747	0.33742802
1748	0.32059160
1749	0.30284759
1750	0.31186982
1751	0.30494331
1752	0.33172616
1753	0.31652752
1754	0.33241725
1755	0.30708280
1756	0.31692409
1757	0.37705458
1758	0.34104748
1759	0.33029074
1760	0.32751534
1761	0.35037953
1762	0.30537409
1763	0.32189256
1764	0.34304391
1765	0.35681982
1766	0.37993119
1767	0.34234960
1768	0.37205599
1769	0.28156484
1770	0.31963944
1771	0.34476680
1772	0.34150699
1773	0.35564497
1774	0.34710951
1775	0.30763380
1776	0.35567746
1777	0.34827113
1778	0.32929980
1779	0.34516801
1780	0.35460111
1781	0.36365166
1782	0.36332857
1783	0.37174683
1784	0.34373129
1785	0.31985584
1786	0.31788385
1787	0.33235131
1788	0.37722218
1789	0.29495392
1790	0.32098260
1791	0.31103451
1792	0.31988466
1793	0.32279125
1794	0.33811006
1795	0.28044054
1796	0.34264482
1797	0.31903763
1798	0.32742540
1799	0.29778617
1800	0.34361242
1801	0.39324542
1802	0.30065734
1803	0.32092379
1804	0.33731434
1805	0.29905724
1806	0.36176303
1807	0.35012601
1808	0.33849975
1809	0.31264316
1810	0.34297138
1811	0.32501977
1812	0.33110584
1813	0.31722203
1814	0.32096635
1815	0.29940830
1816	0.33815664
1817	0.35742676
1818	0.31361162
1819	0.33088179
1820	0.37479019
1821	0.29872294
1822	0.28793717
1823	0.36534839
1824	0.35878446
1825	0.30387606
1826	0.34337299
1827	0.33684718
1828	0.31978647
1829	0.33876258
1830	0.35165553
1831	0.35213969
1832	0.31762309
1833	0.37156092
1834	0.35625996
1835	0.32147907
1836	0.32966499
1837	0.35332248
1838	0.34642027
1839	0.32479572
1840	0.34934311
1841	0.34331117
1842	0.30437485
1843	0.32109703
1844	0.35814663
1845	0.35443566
1846	0.34776766
1847	0.34502918
1848	0.36788838
1849	0.34542007
1850	0.32055689
1851	0.32394150
1852	0.32790654
1853	0.33864014
1854	0.29992329
1855	0.31294784
1856	0.35639406
1857	0.35783818
1858	0.35815176
1859	0.36264487
1860	0.31604613
1861	0.29891685
1862	0.30460236
1863	0.35061564
1864	0.36187007
1865	0.30714804
1866	0.33660438
1867	0.32901368
1868	0.33529029
1869	0.34619864
1870	0.32579628
1871	0.35069437
1872	0.31186635
1873	0.30309683
1874	0.28272243
1875	0.35731253
1876	0.34215443
1877	0.32982052
1878	0.34043602
1879	0.36896464
1880	0.33701630
1881	0.31596127
1882	0.28850412
1883	0.29089180
1884	0.36301388
1885	0.29755292
1886	0.34914834
1887	0.31628104
1888	0.31821771
1889	0.29565775
1890	0.29593803
1891	0.34477923
1892	0.35804708
1893	0.34968848
1894	0.30654904
1895	0.31892938
1896	0.30239879
1897	0.34757666
1898	0.34290136
1899	0.34730327
1900	0.38255890
1901	0.31338954
1902	0.35899271
1903	0.33895161
1904	0.32694205
1905	0.32330357
1906	0.31796122
1907	0.34271298
1908	0.32447591
1909	0.32820428
1910	0.32802012
1911	0.34474557
1912	0.34893556
1913	0.33310875
1914	0.31268858
1915	0.32994286
1916	0.29500996
1917	0.36955780
1918	0.35677515
1919	0.34122797
1920	0.37198481
1921	0.28384200
1922	0.33358979
1923	0.35734960
1924	0.34483888
1925	0.31087882
1926	0.35512716
1927	0.31155372
1928	0.34774492
1929	0.35562047
1930	0.34849487
1931	0.35041444
1932	0.34736655
1933	0.32361605
1934	0.32111227
1935	0.33638089
1936	0.35931695
1937	0.37679889
1938	0.35199130
1939	0.32946273
1940	0.37033451
1941	0.32257178
1942	0.34413028
1943	0.33326127
1944	0.32536378
1945	0.32542339
1946	0.32048692
1947	0.32418803
1948	0.33144235
1949	0.30143853
1950	0.32761036
1951	0.30492017
1952	0.30539769
1953	0.32124140
1954	0.37576720
1955	0.35920347
1956	0.36302495
1957	0.30436856
1958	0.33896298
1959	0.36082520
1960	0.31608737
1961	0.33031579
1962	0.32094663
1963	0.32606494
1964	0.31390488
1965	0.35489447
1966	0.34725488
1967	0.38422274
1968	0.37382319
1969	0.30920468
1970	0.33744517
1971	0.35826504
1972	0.30500080
1973	0.31626720
1974	0.32626524
1975	0.36030614
1976	0.36178043
1977	0.33070322
1978	0.30156167
1979	0.33448290
1980	0.34265795
1981	0.32024864
1982	0.31851449
1983	0.38134693
1984	0.33428134
1985	0.35449537
1986	0.32799044
1987	0.33462887
