0	0.56610235
1	0.56578957
2	0.56593500
3	0.53595691
4	0.56116369
5	0.51754413
6	0.54160052
7	0.55667778
8	0.56554596
9	0.56594476
10	0.56617152
11	0.56625702
12	0.56616479
13	0.56573276
14	0.56569353
15	0.56499630
16	0.56566421
17	0.56556348
18	0.56420370
19	0.55293928
20	0.56443965
21	0.56557397
22	0.56386985
23	0.56584168
24	0.56106526
25	0.56004836
26	0.55884684
27	0.56461148
28	0.56394987
29	0.56264643
30	0.55740975
31	0.53520746
32	0.56306536
33	0.54970965
34	0.56121612
35	0.55177089
36	0.55994538
37	0.53322332
38	0.54801664
39	0.55900042
40	0.55460908
41	0.56521805
42	0.55908226
43	0.54911033
44	0.56377298
45	0.55538998
46	0.54503709
47	0.48003594
48	0.55376322
49	0.49018315
50	0.55391101
51	0.55905206
52	0.56227600
53	0.55880443
54	0.56097381
55	0.50633620
56	0.55664126
57	0.52205436
58	0.54946098
59	0.54692170
60	0.54515347
61	0.53267893
62	0.54852885
63	0.55011122
64	0.52877877
65	0.54976766
66	0.53773245
67	0.53792144
68	0.43651252
69	0.52285968
70	0.51588910
71	0.54201007
72	0.52443620
73	0.50766119
74	0.48524601
75	0.54490762
76	0.50498633
77	0.51843641
78	0.54937783
79	0.55392420
80	0.54984684
81	0.43775785
82	0.48635248
83	0.54624523
84	0.52243359
85	0.51866761
86	0.49956244
87	0.55248101
88	0.48117903
89	0.50690339
90	0.52858701
91	0.50681085
92	0.55250344
93	0.52239525
94	0.54712149
95	0.54686771
96	0.49535420
97	0.54147986
98	0.46050746
99	0.54505357
100	0.42237084
101	0.46864330
102	0.51788910
103	0.55532003
104	0.51245665
105	0.52169484
106	0.45483412
107	0.47085759
108	0.41296870
109	0.50470934
110	0.52437121
111	0.55272337
112	0.52803255
113	0.48865196
114	0.49075947
115	0.48250934
116	0.52027418
117	0.55467230
118	0.52388341
119	0.43890506
120	0.52589291
121	0.45698179
122	0.50513250
123	0.48135503
124	0.48711622
125	0.40187079
126	0.48854841
127	0.52874820
128	0.43147887
129	0.42786541
130	0.49430636
131	0.33187757
132	0.46701596
133	0.51724992
134	0.51962347
135	0.39246609
136	0.52637011
137	0.44435143
138	0.47120057
139	0.37917929
140	0.45435764
141	0.49412467
142	0.43628232
143	0.53114455
144	0.44667788
145	0.53339280
146	0.47664371
147	0.40397757
148	0.49609395
149	0.44939327
150	0.41509823
151	0.50266369
152	0.49264022
153	0.50440303
154	0.43697741
155	0.47436046
156	0.35267444
157	0.52469019
158	0.49928691
159	0.50063474
160	0.48819327
161	0.41430574
162	0.47328920
163	0.40718623
164	0.44954731
165	0.47647997
166	0.37616917
167	0.49303500
168	0.47470381
169	0.44457053
170	0.53472441
171	0.45377820
172	0.52672379
173	0.37070130
174	0.50064731
175	0.41571257
176	0.48288571
177	0.41311304
178	0.47228263
179	0.41589697
180	0.45540010
181	0.37127543
182	0.50604554
183	0.47308769
184	0.44812055
185	0.49340579
186	0.47422613
187	0.40572640
188	0.44693485
189	0.44104627
190	0.46054231
191	0.45989384
192	0.41424544
193	0.47649948
194	0.42103563
195	0.35781257
196	0.47743871
197	0.38220068
198	0.41766474
199	0.46207110
200	0.39522134
201	0.44062801
202	0.45292796
203	0.50586489
204	0.43225702
205	0.50676594
206	0.45637731
207	0.49945483
208	0.48505284
209	0.41362410
210	0.37338179
211	0.40613792
212	0.47733479
213	0.47291268
214	0.37229619
215	0.46967752
216	0.41368372
217	0.38887553
218	0.38361106
219	0.40583610
220	0.47250193
221	0.36932389
222	0.43794408
223	0.46563239
224	0.45648659
225	0.45482567
226	0.41898237
227	0.47483250
228	0.46590047
229	0.46483558
230	0.40011716
231	0.41510449
232	0.44186792
233	0.43434267
234	0.44261633
235	0.43052567
236	0.42007793
237	0.49018946
238	0.38913432
239	0.50623563
240	0.46809927
241	0.40779259
242	0.35553344
243	0.45363057
244	0.39589734
245	0.38520110
246	0.44034664
247	0.42605509
248	0.43908435
249	0.44527825
250	0.45181221
251	0.35181476
252	0.51563714
253	0.47195081
254	0.34608550
255	0.43441179
256	0.40720902
257	0.40156703
258	0.43530532
259	0.40630376
260	0.44329395
261	0.43047866
262	0.41103766
263	0.40285326
264	0.40870861
265	0.43969244
266	0.33998675
267	0.44477214
268	0.42984945
269	0.32327162
270	0.43124403
271	0.45150798
272	0.48613323
273	0.41509692
274	0.42692238
275	0.35822567
276	0.37344304
277	0.47554591
278	0.42068743
279	0.38333698
280	0.38771273
281	0.44855232
282	0.42784131
283	0.41962775
284	0.40349228
285	0.35741737
286	0.45513719
287	0.34405696
288	0.48455832
289	0.44501753
290	0.41640918
291	0.40194585
292	0.46881372
293	0.47603505
294	0.35602509
295	0.40436954
296	0.46713359
297	0.33136088
298	0.32791941
299	0.42557840
300	0.30588341
301	0.37620334
302	0.35593302
303	0.35738920
304	0.45475133
305	0.33457934
306	0.39962040
307	0.35929718
308	0.39903318
309	0.40097793
310	0.38237220
311	0.37699364
312	0.35402394
313	0.41177731
314	0.43142514
315	0.45872540
316	0.35297183
317	0.35990282
318	0.38646641
319	0.44179833
320	0.40525316
321	0.42126375
322	0.40669624
323	0.43272233
324	0.45782796
325	0.33925149
326	0.41471137
327	0.39032645
328	0.43865112
329	0.42944820
330	0.37545023
331	0.35005190
332	0.45233552
333	0.38143704
334	0.38543636
335	0.34903245
336	0.41444940
337	0.42235634
338	0.43771189
339	0.40615013
340	0.38699650
341	0.40753996
342	0.35702640
343	0.37337684
344	0.40361346
345	0.36913208
346	0.40119541
347	0.34899442
348	0.38336969
349	0.45001341
350	0.41844340
351	0.41720840
352	0.36280657
353	0.35829969
354	0.38927814
355	0.36569066
356	0.33603735
357	0.31777559
358	0.40253146
359	0.40700271
360	0.40661283
361	0.37179447
362	0.35132645
363	0.38595696
364	0.45027433
365	0.34808372
366	0.33918607
367	0.42005764
368	0.34112180
369	0.33245232
370	0.35856870
371	0.43795509
372	0.38611972
373	0.42910782
374	0.40448393
375	0.33915133
376	0.44264465
377	0.35418993
378	0.39498315
379	0.39050156
380	0.31893991
381	0.41044215
382	0.38923865
383	0.39570464
384	0.35015086
385	0.35003865
386	0.32925029
387	0.36590506
388	0.35635279
389	0.41943745
390	0.39936072
391	0.43170167
392	0.37398451
393	0.43451090
394	0.35193558
395	0.34361090
396	0.33362895
397	0.37960172
398	0.35170334
399	0.39132525
400	0.38461351
401	0.35763453
402	0.34040762
403	0.36715889
404	0.35321315
405	0.37290297
406	0.42330657
407	0.39249969
408	0.45587809
409	0.43150715
410	0.34702937
411	0.32044142
412	0.42132269
413	0.37475227
414	0.35972170
415	0.34624903
416	0.37619353
417	0.41201142
418	0.34832822
419	0.29281367
420	0.36194909
421	0.38516562
422	0.33355357
423	0.32973093
424	0.40402123
425	0.41501268
426	0.34094757
427	0.32159139
428	0.35506875
429	0.39843140
430	0.27615874
431	0.35428545
432	0.32920120
433	0.37866495
434	0.37650261
435	0.35854992
436	0.42125363
437	0.37850313
438	0.42860308
439	0.27910803
440	0.36244429
441	0.35367919
442	0.40254251
443	0.40647444
444	0.38195994
445	0.33449536
446	0.37152295
447	0.32631252
448	0.35810631
449	0.30198049
450	0.37258310
451	0.36642739
452	0.30162942
453	0.36035263
454	0.38178972
455	0.35388936
456	0.44922587
457	0.38741794
458	0.37777840
459	0.34503020
460	0.36921158
461	0.31308112
462	0.32788539
463	0.36410329
464	0.34675556
465	0.32528832
466	0.40877585
467	0.38822170
468	0.41651643
469	0.41413756
470	0.32280511
471	0.36632384
472	0.36439301
473	0.32235623
474	0.37146228
475	0.40242634
476	0.37043432
477	0.32912087
478	0.34754377
479	0.38145415
480	0.29592723
481	0.34029635
482	0.35819859
483	0.34939844
484	0.35259484
485	0.37343532
486	0.35016192
487	0.37325722
488	0.37579212
489	0.33411742
490	0.37736265
491	0.38353860
492	0.32364757
493	0.29900824
494	0.39878967
495	0.30253871
496	0.34243297
497	0.38468821
498	0.34796594
499	0.46944768
500	0.37551304
501	0.39847621
502	0.34862332
503	0.37451581
504	0.36579609
505	0.36453208
506	0.42819129
507	0.33583552
508	0.31384507
509	0.41267762
510	0.33740271
511	0.35139202
512	0.41188247
513	0.35143093
514	0.36887319
515	0.38539384
516	0.34016536
517	0.28157240
518	0.41024757
519	0.37029197
520	0.41343219
521	0.35089108
522	0.36148732
523	0.39287298
524	0.35199134
525	0.35776656
526	0.31796688
527	0.35618779
528	0.32971695
529	0.32590063
530	0.35295112
531	0.32169233
532	0.33725436
533	0.37351435
534	0.37013469
535	0.38939583
536	0.39658565
537	0.32731570
538	0.28549473
539	0.29564836
540	0.37075420
541	0.39130047
542	0.31952869
543	0.36552264
544	0.35882066
545	0.31930381
546	0.34889917
547	0.37636051
548	0.38693959
549	0.38008216
550	0.37606938
551	0.34832968
552	0.40123067
553	0.32020386
554	0.28723375
555	0.35597553
556	0.33897913
557	0.33289223
558	0.29024690
559	0.33415759
560	0.34593140
561	0.29821445
562	0.32022838
563	0.37975227
564	0.33931163
565	0.29350657
566	0.32130657
567	0.35576145
568	0.31706406
569	0.33117960
570	0.36839624
571	0.34466380
572	0.35065900
573	0.29069833
574	0.31194710
575	0.37750115
576	0.25989828
577	0.35905775
578	0.36267548
579	0.34343782
580	0.35829823
581	0.36159630
582	0.32315378
583	0.32449077
584	0.36380151
585	0.30608023
586	0.37968179
587	0.34208936
588	0.35009557
589	0.31982300
590	0.31234857
591	0.32621122
592	0.32052707
593	0.30409233
594	0.29951794
595	0.31879144
596	0.37784105
597	0.32981205
598	0.36884465
599	0.34859254
600	0.38372452
601	0.27464100
602	0.37651424
603	0.36823172
604	0.33952061
605	0.32397449
606	0.33759473
607	0.33628899
608	0.35044637
609	0.28850918
610	0.37745556
611	0.35570245
612	0.28904846
613	0.34647162
614	0.31899624
615	0.33406359
616	0.28519452
617	0.37076468
618	0.30828096
619	0.28777746
620	0.33309431
621	0.30844987
622	0.31464945
623	0.29525874
624	0.33407491
625	0.32266959
626	0.34807246
627	0.33979082
628	0.31334517
629	0.36291659
630	0.31746255
631	0.35200887
632	0.31217287
633	0.31695467
634	0.28992947
635	0.28730094
636	0.30766051
637	0.34466380
638	0.26920652
639	0.34794011
640	0.32421450
641	0.35558842
642	0.33808931
643	0.34860616
644	0.30782556
645	0.36070866
646	0.35880449
647	0.39183652
648	0.31342368
649	0.30916698
650	0.30812796
651	0.32516536
652	0.36877413
653	0.41541993
654	0.30381492
655	0.33752848
656	0.31411492
657	0.32452744
658	0.33087820
659	0.37036004
660	0.28337580
661	0.34835383
662	0.33341064
663	0.30798519
664	0.29980882
665	0.36490756
666	0.37227293
667	0.37951377
668	0.26494930
669	0.30948539
670	0.30568372
671	0.44336171
672	0.33301951
673	0.34530960
674	0.30003130
675	0.31736155
676	0.34803881
677	0.34699724
678	0.33349859
679	0.29068701
680	0.30012374
681	0.37228221
682	0.39449499
683	0.29541461
684	0.33066552
685	0.32398508
686	0.29919640
687	0.31630918
688	0.32451351
689	0.29958832
690	0.30499275
691	0.30843756
692	0.33888805
693	0.35689937
694	0.40268576
695	0.32793448
696	0.30826917
697	0.36458451
698	0.29375806
699	0.36232676
700	0.27603902
701	0.35949958
702	0.30099890
703	0.26466218
704	0.30038565
705	0.28433443
706	0.33938508
707	0.31020908
708	0.33159254
709	0.37484111
710	0.30201445
711	0.31925065
712	0.28031596
713	0.37396182
714	0.35514997
715	0.36050782
716	0.31258597
717	0.30556453
718	0.42850527
719	0.29957788
720	0.35040104
721	0.36075269
722	0.31451033
723	0.32241043
724	0.32088216
725	0.35243725
726	0.33778252
727	0.34343907
728	0.29946839
729	0.31502838
730	0.36268894
731	0.29259160
732	0.31484502
733	0.31586161
734	0.37399734
735	0.35329724
736	0.34230110
737	0.31783161
738	0.32095326
739	0.33845623
740	0.32569823
741	0.31149405
742	0.30662102
743	0.35067298
744	0.33678920
745	0.36403271
746	0.26005989
747	0.32015347
748	0.35841007
749	0.34909515
750	0.29918216
751	0.30609087
752	0.36910115
753	0.31755535
754	0.29787856
755	0.33820621
756	0.32014486
757	0.37014914
758	0.28140323
759	0.24194471
760	0.34714163
761	0.37902869
762	0.31743792
763	0.32645691
764	0.30137282
765	0.32365942
766	0.29934554
767	0.33468049
768	0.32894340
769	0.30752999
770	0.33928539
771	0.32251481
772	0.29649864
773	0.30838492
774	0.28403678
775	0.27912556
776	0.31522102
777	0.35349113
778	0.29126771
779	0.28803589
780	0.29386745
781	0.27584721
782	0.32962796
783	0.30830454
784	0.32269943
785	0.33407293
786	0.34216766
787	0.30118023
788	0.34698305
789	0.33050052
790	0.31775926
791	0.30767314
792	0.28322128
793	0.37425780
794	0.32512879
795	0.28722947
796	0.34631466
797	0.33624158
798	0.35774064
799	0.26237256
800	0.33725237
801	0.29432290
802	0.28278524
803	0.33138696
804	0.31911210
805	0.28779640
806	0.31199071
807	0.26540412
808	0.30297715
809	0.39685190
810	0.35614121
811	0.31886734
812	0.25353078
813	0.27460365
814	0.26861471
815	0.30953777
816	0.30121742
817	0.29090647
818	0.35213907
819	0.28695962
820	0.35617913
821	0.30824794
822	0.34112055
823	0.28129191
824	0.33012269
825	0.36857173
826	0.31236708
827	0.27849009
828	0.28382295
829	0.28140631
830	0.28253385
831	0.33336380
832	0.28573219
833	0.32746755
834	0.31064966
835	0.30374669
836	0.32702660
837	0.30235263
838	0.25276401
839	0.28190730
840	0.32431398
841	0.32985399
842	0.27758070
843	0.33244992
844	0.27976515
845	0.31051570
846	0.27633464
847	0.31052989
848	0.29586025
849	0.29740595
850	0.34455034
851	0.29760209
852	0.32343292
853	0.32294382
854	0.32228117
855	0.31933052
856	0.30824418
857	0.30447058
858	0.28933005
859	0.34715566
860	0.31250902
861	0.31365790
862	0.28202791
863	0.27395592
864	0.30915446
865	0.33042499
866	0.32949833
867	0.27934836
868	0.35437694
869	0.31711304
870	0.26085509
871	0.31129885
872	0.36817637
873	0.36699739
874	0.26940715
875	0.29696536
876	0.38447376
877	0.31446093
878	0.27854684
879	0.30705884
880	0.28423281
881	0.31033672
882	0.32355008
883	0.30132629
884	0.30220522
885	0.31474345
886	0.32873339
887	0.27065973
888	0.26532045
889	0.29653537
890	0.28342650
891	0.31637454
892	0.25728915
893	0.34486943
894	0.30804251
895	0.29711398
896	0.30357121
897	0.26771539
898	0.29671852
899	0.32462420
900	0.33781033
901	0.29891215
902	0.28944298
903	0.31782744
904	0.28342984
905	0.33251168
906	0.25299291
907	0.31804476
908	0.33860751
909	0.32632019
910	0.30681455
911	0.28538529
912	0.32683537
913	0.35999791
914	0.29987287
915	0.30410793
916	0.28421341
917	0.27872280
918	0.32489614
919	0.31104523
920	0.28196312
921	0.31706119
922	0.24940829
923	0.24766213
924	0.28155879
925	0.29652431
926	0.29438294
927	0.29902937
928	0.34047173
929	0.31013813
930	0.31763474
931	0.32323198
932	0.27325853
933	0.28366703
934	0.37655263
935	0.35784710
936	0.27370981
937	0.30043949
938	0.29297564
939	0.23051774
940	0.23367966
941	0.25176808
942	0.26308983
943	0.26284105
944	0.25814262
945	0.29780819
946	0.29546015
947	0.28676395
948	0.30132311
949	0.30242932
950	0.30521299
951	0.30113485
952	0.35035869
953	0.26829452
954	0.33302916
955	0.31362144
956	0.29686797
957	0.32514298
958	0.31711362
959	0.28941059
960	0.31327986
961	0.24285253
962	0.35099870
963	0.26470099
964	0.26786270
965	0.27173276
966	0.26317230
967	0.29160981
968	0.24170350
969	0.31302853
970	0.26470678
971	0.24628847
972	0.30615691
973	0.25156291
974	0.27886098
975	0.29071549
976	0.27445409
977	0.30134716
978	0.34038873
979	0.24198816
980	0.25944058
981	0.31463756
982	0.26524606
983	0.29421075
984	0.30930553
985	0.28494262
986	0.31996672
987	0.32940944
988	0.30307840
989	0.28072577
990	0.29353641
991	0.29401523
992	0.28626881
993	0.27322728
994	0.25714705
995	0.28260626
996	0.26694471
997	0.28227543
998	0.31916312
999	0.28115655
1000	0.29282603
1001	0.30194898
1002	0.27559995
1003	0.27462311
1004	0.26127089
1005	0.30643521
1006	0.28294538
1007	0.26406755
1008	0.34872999
1009	0.25874163
1010	0.25928049
1011	0.29799338
1012	0.25472551
1013	0.28801815
1014	0.27692947
1015	0.32086046
1016	0.27799004
1017	0.30833459
1018	0.23455409
1019	0.31255029
1020	0.29907293
1021	0.26619442
1022	0.29593479
1023	0.30101325
1024	0.28550365
1025	0.31798691
1026	0.30943938
1027	0.24577966
1028	0.33287303
1029	0.26131622
1030	0.27253354
1031	0.27198466
1032	0.29873281
1033	0.26823078
1034	0.27011894
1035	0.27646974
1036	0.23772405
1037	0.26614549
1038	0.36174001
1039	0.26486557
1040	0.27762780
1041	0.32317663
1042	0.31781680
1043	0.27255968
1044	0.27966375
1045	0.33679807
1046	0.28952347
1047	0.29712139
1048	0.27930172
1049	0.28956359
1050	0.24608242
1051	0.27443151
1052	0.29689338
1053	0.28766182
1054	0.31184345
1055	0.27938983
1056	0.27998091
1057	0.26905848
1058	0.30030532
1059	0.28931716
1060	0.24036656
1061	0.27394418
1062	0.26212400
1063	0.24950683
1064	0.29846192
1065	0.24900824
1066	0.28036453
1067	0.29637293
1068	0.28822029
1069	0.27557162
1070	0.27671732
1071	0.26519640
1072	0.28008884
1073	0.24454862
1074	0.30583219
1075	0.23953166
1076	0.27356082
1077	0.29485363
1078	0.29078925
1079	0.31449911
1080	0.29486881
1081	0.31942300
1082	0.23758545
1083	0.28824283
1084	0.27422321
1085	0.26139275
1086	0.24714961
1087	0.28654773
1088	0.24344497
1089	0.26185712
1090	0.29108920
1091	0.30169797
1092	0.26750793
1093	0.29985269
1094	0.27977955
1095	0.24816171
1096	0.25582692
1097	0.27232363
1098	0.30744862
1099	0.30767600
1100	0.31236922
1101	0.26000861
1102	0.29490026
1103	0.26246150
1104	0.25599473
1105	0.25523751
1106	0.30879025
1107	0.28006750
1108	0.28930798
1109	0.29400866
1110	0.27760965
1111	0.31419776
1112	0.29631210
1113	0.27114241
1114	0.28704992
1115	0.28154184
1116	0.24486421
1117	0.24154585
1118	0.28155550
1119	0.30294476
1120	0.30538936
1121	0.27731226
1122	0.29233594
1123	0.27066740
1124	0.29585258
1125	0.33621320
1126	0.25328837
1127	0.31273871
1128	0.24833245
1129	0.28717673
1130	0.24941268
1131	0.30664940
1132	0.29252775
1133	0.31053135
1134	0.27665884
1135	0.29267924
1136	0.29630297
1137	0.28632692
1138	0.33470720
1139	0.31778148
1140	0.27359650
1141	0.27577595
1142	0.29176129
1143	0.29655222
1144	0.31338258
1145	0.26701972
1146	0.27560276
1147	0.29429979
1148	0.28274152
1149	0.28918211
1150	0.28748273
1151	0.28367543
1152	0.29067246
1153	0.23016015
1154	0.28558075
1155	0.26455827
1156	0.28587287
1157	0.31430923
1158	0.26814100
1159	0.29902504
1160	0.29272613
1161	0.27695921
1162	0.26830600
1163	0.26232530
1164	0.27320730
1165	0.31712441
1166	0.30192447
1167	0.27367522
1168	0.29120417
1169	0.26719327
1170	0.26555691
1171	0.30356620
1172	0.25233532
1173	0.24556395
1174	0.25276343
1175	0.24951033
1176	0.24311815
1177	0.28198284
1178	0.26674794
1179	0.33718852
1180	0.26715196
1181	0.32729635
1182	0.26208430
1183	0.30557407
1184	0.28122587
1185	0.28420031
1186	0.26884116
1187	0.24322040
1188	0.24697606
1189	0.31728190
1190	0.26942801
1191	0.29239264
1192	0.22588414
1193	0.25595754
1194	0.29847032
1195	0.28518414
1196	0.27719984
1197	0.28804841
1198	0.27373552
1199	0.26680057
1200	0.28098477
1201	0.28014032
1202	0.28326119
1203	0.23985498
1204	0.29016844
1205	0.32842154
1206	0.25453156
1207	0.24660417
1208	0.23889249
1209	0.26416865
1210	0.23375769
1211	0.23164011
1212	0.31138732
1213	0.25833610
1214	0.24384403
1215	0.25830652
1216	0.26043860
1217	0.31128190
1218	0.27712071
1219	0.26853923
1220	0.28951638
1221	0.25915154
1222	0.26332853
1223	0.25944810
1224	0.28322681
1225	0.26875415
1226	0.23022107
1227	0.26917011
1228	0.28988425
1229	0.30101033
1230	0.24642593
1231	0.28529593
1232	0.28339750
1233	0.25915060
1234	0.28482739
1235	0.26173088
1236	0.31324424
1237	0.28936312
1238	0.22365895
1239	0.26271982
1240	0.31072916
1241	0.28371826
1242	0.26207397
1243	0.28357595
1244	0.28437475
1245	0.26904830
1246	0.32220031
1247	0.25948461
1248	0.26271643
1249	0.23105519
1250	0.28248268
1251	0.27269181
1252	0.26256103
1253	0.27561116
1254	0.22976009
1255	0.26351028
1256	0.27182097
1257	0.31065404
1258	0.29407105
1259	0.30152170
1260	0.25534851
1261	0.26805816
1262	0.24604387
1263	0.26346056
1264	0.27168487
1265	0.28513662
1266	0.25026698
1267	0.30066860
1268	0.28513959
1269	0.23436625
1270	0.25413526
1271	0.24215326
1272	0.29274898
1273	0.27359896
1274	0.24621367
1275	0.25092608
1276	0.24308185
1277	0.25099760
1278	0.26778252
1279	0.24449906
1280	0.24011701
1281	0.30064648
1282	0.26264048
1283	0.21415597
1284	0.28930042
1285	0.26010709
1286	0.27409035
1287	0.27698315
1288	0.23476249
1289	0.26518378
1290	0.30085503
1291	0.24350845
1292	0.25854100
1293	0.22360339
1294	0.25010882
1295	0.26542332
1296	0.26935608
1297	0.25446302
1298	0.26246067
1299	0.24761622
1300	0.26825389
1301	0.25358065
1302	0.24258451
1303	0.23131570
1304	0.25413573
1305	0.29082979
1306	0.20893855
1307	0.25498237
1308	0.28123213
1309	0.25969802
1310	0.27279677
1311	0.27822499
1312	0.30735352
1313	0.22312233
1314	0.31015143
1315	0.28128305
1316	0.26629306
1317	0.22989922
1318	0.25856521
1319	0.27213829
1320	0.26772295
1321	0.25150402
1322	0.28712024
1323	0.24385801
1324	0.27640438
1325	0.23540882
1326	0.24842311
1327	0.29740553
1328	0.26351581
1329	0.29349817
1330	0.24605086
1331	0.27402676
1332	0.26413959
1333	0.26976547
1334	0.27261575
1335	0.31162577
1336	0.29476797
1337	0.26407167
1338	0.24526771
1339	0.28602885
1340	0.25741137
1341	0.28754272
1342	0.27835623
1343	0.24136588
1344	0.22062567
1345	0.27788644
1346	0.24859322
1347	0.27039791
1348	0.23560172
1349	0.26259640
1350	0.26518524
1351	0.28663855
1352	0.26807856
1353	0.29709729
1354	0.28199896
1355	0.26519442
1356	0.25008805
1357	0.25854930
1358	0.27544538
1359	0.25316406
1360	0.22743125
1361	0.24032160
1362	0.26190334
1363	0.29098633
1364	0.24444121
1365	0.28209724
1366	0.24936124
1367	0.25212353
1368	0.26397355
1369	0.27173114
1370	0.26944043
1371	0.24241429
1372	0.24722984
1373	0.26618070
1374	0.27656578
1375	0.27041716
1376	0.27169332
1377	0.28810543
1378	0.26539348
1379	0.26275128
1380	0.24067783
1381	0.27002154
1382	0.30895076
1383	0.28000996
1384	0.28649499
1385	0.26836781
1386	0.26071476
1387	0.21856265
1388	0.24142264
1389	0.21875008
1390	0.22474841
1391	0.22060949
1392	0.27209238
1393	0.23778268
1394	0.27064549
1395	0.25236020
1396	0.27381268
1397	0.26025618
1398	0.22091163
1399	0.23837006
1400	0.22688524
1401	0.28264058
1402	0.21319781
1403	0.25571560
1404	0.28517329
1405	0.24400736
1406	0.25581095
1407	0.28058456
1408	0.25796406
1409	0.28695284
1410	0.24605874
1411	0.25343213
1412	0.23301419
1413	0.23171429
1414	0.28552916
1415	0.22675133
1416	0.23135571
1417	0.29556432
1418	0.28503312
1419	0.25487992
1420	0.25762728
1421	0.26148252
1422	0.24955942
1423	0.25433526
1424	0.26529583
1425	0.27091581
1426	0.23883271
1427	0.23960788
1428	0.25589228
1429	0.26875154
1430	0.27027027
1431	0.23908565
1432	0.27557893
1433	0.25579963
1434	0.26096411
1435	0.26929244
1436	0.21416917
1437	0.24408310
1438	0.23870110
1439	0.24716698
1440	0.24003182
1441	0.27703573
1442	0.23030511
1443	0.23285722
1444	0.23472227
1445	0.30538795
1446	0.25243052
1447	0.24168753
1448	0.28191278
1449	0.29842932
1450	0.27392572
1451	0.26750725
1452	0.25539499
1453	0.26763725
1454	0.24495994
1455	0.25705097
1456	0.25960136
1457	0.28993709
1458	0.25475086
1459	0.26672853
1460	0.20943526
1461	0.26683349
1462	0.25827053
1463	0.24322368
1464	0.28367715
1465	0.27947006
1466	0.24097402
1467	0.25151283
1468	0.24708409
1469	0.24184465
1470	0.23403860
1471	0.27896708
1472	0.24504992
1473	0.25933787
1474	0.28788899
1475	0.25292478
1476	0.27637334
1477	0.23478706
1478	0.26126651
1479	0.26012118
1480	0.24407637
1481	0.21522770
1482	0.29386797
1483	0.27302812
1484	0.23961659
1485	0.24973448
1486	0.26671570
1487	0.27475702
1488	0.25132081
1489	0.24213057
1490	0.24701090
1491	0.26216594
1492	0.22167835
1493	0.26727840
1494	0.27408132
1495	0.28642243
1496	0.22769614
1497	0.25586369
1498	0.20953469
1499	0.23739322
1500	0.20478592
1501	0.27749531
1502	0.23042389
1503	0.27787486
1504	0.23939504
1505	0.21656463
1506	0.28797444
1507	0.27329364
1508	0.27549677
1509	0.23786974
1510	0.26942885
1511	0.23734585
1512	0.25712113
1513	0.22766317
1514	0.26255357
1515	0.24641716
1516	0.29997976
1517	0.24246416
1518	0.23065973
1519	0.23833292
1520	0.23111424
1521	0.26385618
1522	0.23532243
1523	0.29219087
1524	0.28526427
1525	0.24598002
1526	0.25031674
1527	0.23852452
1528	0.26570981
1529	0.20637851
1530	0.20822676
1531	0.26314241
1532	0.24927898
1533	0.23745097
1534	0.22561304
1535	0.25574314
1536	0.24562295
1537	0.23206557
1538	0.25034491
1539	0.24572092
1540	0.24377141
1541	0.27837924
1542	0.26567580
1543	0.23430725
1544	0.26734930
1545	0.24450636
1546	0.24612113
1547	0.27855211
1548	0.24001862
1549	0.22401539
1550	0.24606922
1551	0.24097152
1552	0.26612415
1553	0.25870892
1554	0.29203151
1555	0.25761888
1556	0.25009478
1557	0.22804439
1558	0.26665561
1559	0.27025676
1560	0.24224564
1561	0.22361330
1562	0.28437220
1563	0.25413886
1564	0.29042728
1565	0.26459864
1566	0.27375060
1567	0.18227663
1568	0.29374184
1569	0.27297715
1570	0.24817387
1571	0.28010579
1572	0.28380756
1573	0.25937642
1574	0.25997053
1575	0.21406135
1576	0.26341450
1577	0.28088675
1578	0.24365722
1579	0.23390203
1580	0.23254971
1581	0.24006995
1582	0.24870856
1583	0.25210010
1584	0.20586943
1585	0.25214502
1586	0.24203459
1587	0.24510960
1588	0.26847846
1589	0.24691262
1590	0.21081090
1591	0.28493479
1592	0.24474611
1593	0.22515550
1594	0.24481090
1595	0.26830986
1596	0.23556521
1597	0.25408059
1598	0.26121471
1599	0.24031393
1600	0.25890730
1601	0.26560005
1602	0.24807746
1603	0.23367397
1604	0.22105801
1605	0.25815816
1606	0.22818070
1607	0.26440240
1608	0.23865039
1609	0.21681873
1610	0.22452634
1611	0.26087736
1612	0.25711805
1613	0.26824340
1614	0.25918597
1615	0.25629306
1616	0.25457658
1617	0.27045989
1618	0.24945164
1619	0.21949338
1620	0.28341560
1621	0.25719306
1622	0.22479958
1623	0.24313464
1624	0.22753620
1625	0.29596818
1626	0.25110537
1627	0.24531388
1628	0.21376881
1629	0.25992754
1630	0.24892796
1631	0.25342358
1632	0.27668905
1633	0.25709082
1634	0.25798873
1635	0.25245853
1636	0.24936442
1637	0.23186755
1638	0.23368555
1639	0.23004893
1640	0.23977600
1641	0.24935936
1642	0.22987945
1643	0.23474757
1644	0.27720083
1645	0.24823093
1646	0.24907632
1647	0.26866421
1648	0.22517507
1649	0.25229567
1650	0.27931534
1651	0.22743918
1652	0.23533192
1653	0.26730553
1654	0.24820266
1655	0.24181033
1656	0.24493057
1657	0.28204987
1658	0.24733323
1659	0.23947308
1660	0.24525644
1661	0.20442175
1662	0.21616228
1663	0.23536015
1664	0.22129807
1665	0.25933772
1666	0.23470892
1667	0.26746427
1668	0.25837564
1669	0.22403725
1670	0.24447371
1671	0.21097225
1672	0.23971638
1673	0.27144429
1674	0.25355603
1675	0.24206526
1676	0.25079948
1677	0.26620433
1678	0.24154340
1679	0.25709343
1680	0.27019066
1681	0.23574648
1682	0.23298049
1683	0.27335389
1684	0.25753641
1685	0.26173521
1686	0.24958534
1687	0.24223568
1688	0.25526234
1689	0.23363213
1690	0.26448633
1691	0.25616818
1692	0.19990558
1693	0.26961335
1694	0.26413719
1695	0.24714131
1696	0.23786729
1697	0.20913135
1698	0.26692994
1699	0.25937679
1700	0.26440955
1701	0.24043573
1702	0.27685879
1703	0.21553933
1704	0.28366823
1705	0.25973505
1706	0.24835863
1707	0.23094377
1708	0.23868174
1709	0.26542311
1710	0.24068372
1711	0.23192243
1712	0.24219040
1713	0.25210939
1714	0.26919207
1715	0.24438649
1716	0.19513266
1717	0.26256661
1718	0.25667736
1719	0.23147121
1720	0.23624199
1721	0.22947736
1722	0.24685097
1723	0.27619922
1724	0.22036568
1725	0.24256912
1726	0.25460845
1727	0.25590496
1728	0.22586202
1729	0.24056792
1730	0.28306521
1731	0.23042368
1732	0.22230464
1733	0.23252123
1734	0.24058592
1735	0.21936761
1736	0.26270026
1737	0.27958586
1738	0.23723579
1739	0.23070866
1740	0.22697037
1741	0.24523151
1742	0.24335874
1743	0.25955243
1744	0.20690965
1745	0.24606067
1746	0.25254997
1747	0.21681925
1748	0.25418550
1749	0.23862723
1750	0.25934184
1751	0.27505039
1752	0.26079416
1753	0.27141221
1754	0.25067898
1755	0.22608326
1756	0.23825681
1757	0.26142520
1758	0.24281570
1759	0.27108670
1760	0.26036834
1761	0.22415545
1762	0.24153073
1763	0.24088691
1764	0.22975070
1765	0.23106761
1766	0.28371497
1767	0.25956922
1768	0.21156208
1769	0.25841648
1770	0.23285269
1771	0.23128247
1772	0.23011461
1773	0.22355999
1774	0.25771560
1775	0.23438226
1776	0.24621179
1777	0.28405342
1778	0.24271523
1779	0.24917507
1780	0.25116646
1781	0.22816995
1782	0.27089416
1783	0.21697887
1784	0.23443865
1785	0.23549301
1786	0.28514168
1787	0.23565097
1788	0.23664632
1789	0.23833187
1790	0.20373813
1791	0.25049071
1792	0.25391821
1793	0.25110819
1794	0.22421002
1795	0.26215232
1796	0.26209739
1797	0.25164095
1798	0.25108962
1799	0.25799541
1800	0.25092014
1801	0.22502321
1802	0.22365279
1803	0.23745957
1804	0.23379311
1805	0.22652462
1806	0.21982134
1807	0.25100428
1808	0.24827637
1809	0.25240209
1810	0.27906771
1811	0.21499004
1812	0.26849484
1813	0.25547032
1814	0.23279630
1815	0.22654189
1816	0.21398242
1817	0.22904679
1818	0.21004361
1819	0.25390746
1820	0.25718576
1821	0.23042629
1822	0.21320386
1823	0.24545498
1824	0.25015190
1825	0.24821002
1826	0.23869995
1827	0.22812415
1828	0.25972160
1829	0.20267402
1830	0.22029864
1831	0.22457684
1832	0.21890736
1833	0.23450569
1834	0.25013443
1835	0.20247454
1836	0.24722619
1837	0.21377235
1838	0.25713965
1839	0.27091847
1840	0.22407986
1841	0.22105263
1842	0.23835347
1843	0.26848007
1844	0.24410115
1845	0.23633182
1846	0.21709452
1847	0.25944236
1848	0.21870146
1849	0.25792050
1850	0.24338273
1851	0.21916588
1852	0.26232019
1853	0.21734606
1854	0.22411168
1855	0.25113667
1856	0.26758717
1857	0.25484471
1858	0.24843912
1859	0.24528638
1860	0.22622290
1861	0.21983938
1862	0.23933125
1863	0.23567199
1864	0.21028832
1865	0.21486797
1866	0.25183579
1867	0.25427089
1868	0.23668623
1869	0.22917147
1870	0.20201487
1871	0.25082473
1872	0.21098951
1873	0.23008268
1874	0.19920960
1875	0.23951497
1876	0.22566495
1877	0.24395060
1878	0.25472739
1879	0.25722144
1880	0.23593078
1881	0.26009087
1882	0.22147303
1883	0.22580000
1884	0.22056912
1885	0.20316004
1886	0.22668054
1887	0.26563490
1888	0.18938821
1889	0.27130824
1890	0.23935368
1891	0.21730016
1892	0.23784210
1893	0.21983234
1894	0.21420819
1895	0.22025227
1896	0.21389171
1897	0.25468065
1898	0.25900193
1899	0.22677267
1900	0.19636646
1901	0.19248002
1902	0.25891320
1903	0.22323073
1904	0.25317986
1905	0.24950631
1906	0.21228685
1907	0.23334497
1908	0.22646359
1909	0.21892347
1910	0.21201184
1911	0.20419692
1912	0.24184481
1913	0.20021075
1914	0.22820824
1915	0.26076244
1916	0.21970146
