0	0.57773285
1	0.57456932
2	0.57737948
3	0.56525589
4	0.56671087
5	0.57582897
6	0.57522993
7	0.57657098
8	0.56959059
9	0.57789552
10	0.57770473
11	0.57772872
12	0.57756690
13	0.57776730
14	0.57773697
15	0.57803441
16	0.57764658
17	0.57654774
18	0.57791026
19	0.57559140
20	0.57756675
21	0.57694512
22	0.57157626
23	0.57435342
24	0.57604713
25	0.56375332
26	0.57607238
27	0.57610749
28	0.51830709
29	0.57797208
30	0.57039059
31	0.56861383
32	0.57180025
33	0.57286449
34	0.57464829
35	0.57729980
36	0.57608974
37	0.53822782
38	0.53970146
39	0.57134422
40	0.56686836
41	0.55312676
42	0.57087988
43	0.57223285
44	0.54966680
45	0.56167601
46	0.57516474
47	0.56320070
48	0.56874874
49	0.52174829
50	0.57226413
51	0.54952248
52	0.56262847
53	0.56508229
54	0.52544366
55	0.47818174
56	0.53350397
57	0.54875649
58	0.57354346
59	0.56356796
60	0.56501680
61	0.55745005
62	0.57156720
63	0.57177520
64	0.55941152
65	0.52280010
66	0.57262525
67	0.54841288
68	0.54593682
69	0.57028199
70	0.54373597
71	0.54754849
72	0.53420820
73	0.52765931
74	0.53311056
75	0.56167173
76	0.54715412
77	0.53038149
78	0.56403622
79	0.50189814
80	0.51368114
81	0.50581957
82	0.47201756
83	0.55481112
84	0.52320086
85	0.46247792
86	0.57444593
87	0.56136695
88	0.55035483
89	0.51489381
90	0.44915292
91	0.51551866
92	0.51378954
93	0.55315578
94	0.47694326
95	0.52884396
96	0.44016635
97	0.55756242
98	0.51531283
99	0.48498265
100	0.52122409
101	0.54862430
102	0.52824945
103	0.42983949
104	0.54212148
105	0.57100910
106	0.43294899
107	0.51668461
108	0.53146579
109	0.41876368
110	0.49524422
111	0.53634522
112	0.52518094
113	0.52376293
114	0.55536896
115	0.51907495
116	0.54285246
117	0.52236751
118	0.49397264
119	0.54611429
120	0.49420805
121	0.53066705
122	0.55757198
123	0.48643360
124	0.53685468
125	0.54024024
126	0.49085186
127	0.48302082
128	0.48670936
129	0.45014220
130	0.46557918
131	0.46160377
132	0.52454819
133	0.54497918
134	0.49770770
135	0.47435910
136	0.45745915
137	0.52877892
138	0.45838833
139	0.53715915
140	0.48192082
141	0.45627178
142	0.42173848
143	0.56012656
144	0.46922138
145	0.46801791
146	0.47553385
147	0.39014567
148	0.52159738
149	0.43976841
150	0.48886952
151	0.39632852
152	0.50760946
153	0.46287113
154	0.52326348
155	0.50745035
156	0.36405699
157	0.45862450
158	0.47390352
159	0.54940709
160	0.47520850
161	0.38921806
162	0.45017344
163	0.41661705
164	0.42054920
165	0.45884487
166	0.41915739
167	0.51090206
168	0.49628290
169	0.50967706
170	0.52303959
171	0.48093592
172	0.47795921
173	0.46363481
174	0.48482807
175	0.46578863
176	0.44773773
177	0.51247560
178	0.49474235
179	0.51022671
180	0.42493692
181	0.46054698
182	0.43608244
183	0.39400387
184	0.46632741
185	0.52017088
186	0.43765005
187	0.48109100
188	0.51714909
189	0.52615181
190	0.47682706
191	0.43441942
192	0.39758255
193	0.53007837
194	0.44123073
195	0.44485075
196	0.44986454
197	0.51262274
198	0.47460971
199	0.42452701
200	0.50245302
201	0.49757923
202	0.53198124
203	0.43795493
204	0.39984572
205	0.48732309
206	0.52502958
207	0.43068139
208	0.38860176
209	0.39031826
210	0.41722565
211	0.47714748
212	0.36260639
213	0.50181237
214	0.44718179
215	0.48946413
216	0.42718974
217	0.44121253
218	0.43838038
219	0.42656957
220	0.43822103
221	0.40950578
222	0.48211464
223	0.42095749
224	0.50091484
225	0.42113843
226	0.44982933
227	0.31468944
228	0.44819215
229	0.46068028
230	0.46542409
231	0.43742832
232	0.49844834
233	0.40252123
234	0.47187752
235	0.48941786
236	0.52270553
237	0.41109537
238	0.51428657
239	0.42120357
240	0.45553400
241	0.42495578
242	0.41452425
243	0.50593491
244	0.46166761
245	0.45474588
246	0.38274306
247	0.43452923
248	0.47784572
249	0.40786253
250	0.46917515
251	0.39357616
252	0.49773028
253	0.39568078
254	0.47611876
255	0.34597993
256	0.43887716
257	0.45543717
258	0.50673325
259	0.42929814
260	0.45768375
261	0.41886092
262	0.34430453
263	0.45543048
264	0.48682279
265	0.41242113
266	0.42746393
267	0.40294663
268	0.39626690
269	0.42458249
270	0.38358813
271	0.45523023
272	0.45470186
273	0.39077852
274	0.45252394
275	0.47866071
276	0.42037460
277	0.51252535
278	0.45280297
279	0.46506021
280	0.48373048
281	0.44420880
282	0.47634572
283	0.40437153
284	0.42115362
285	0.46622254
286	0.48414945
287	0.48945578
288	0.39961534
289	0.39586745
290	0.41604738
291	0.41006484
292	0.47146212
293	0.41776831
294	0.40684588
295	0.36122782
296	0.37171046
297	0.39159829
298	0.38777279
299	0.43719422
300	0.34721806
301	0.46087304
302	0.40063853
303	0.41718989
304	0.38270900
305	0.40638732
306	0.41814210
307	0.38910252
308	0.37816439
309	0.41945900
310	0.42875533
311	0.40704738
312	0.42020096
313	0.38033954
314	0.39824849
315	0.40281222
316	0.44004130
317	0.46793622
318	0.49999416
319	0.43746152
320	0.47451137
321	0.43723924
322	0.37342133
323	0.37999748
324	0.40816957
325	0.45617601
326	0.34996293
327	0.44618949
328	0.38331927
329	0.42665050
330	0.37751036
331	0.45494869
332	0.43958184
333	0.46596539
334	0.38602399
335	0.36817455
336	0.42236444
337	0.45628778
338	0.30380382
339	0.42678410
340	0.34802435
341	0.39501650
342	0.42729497
343	0.44775870
344	0.36904577
345	0.39231534
346	0.36794849
347	0.30995407
348	0.44184935
349	0.46292696
350	0.40731766
351	0.43992872
352	0.45889120
353	0.38876157
354	0.47369799
355	0.48423028
356	0.34490337
357	0.41772867
358	0.41830050
359	0.41437837
360	0.43804069
361	0.35885241
362	0.42801891
363	0.41389200
364	0.46927213
365	0.45860478
366	0.41104401
367	0.40856866
368	0.42677646
369	0.40936740
370	0.41539995
371	0.38403013
372	0.47479633
373	0.38320342
374	0.41669376
375	0.38964904
376	0.36925402
377	0.33343084
378	0.38008486
379	0.43103184
380	0.42673908
381	0.35167173
382	0.39385890
383	0.38317168
384	0.43028627
385	0.47059155
386	0.41983939
387	0.37235171
388	0.43728476
389	0.42287450
390	0.46567832
391	0.49060654
392	0.40665709
393	0.39285096
394	0.33834844
395	0.38848154
396	0.41719366
397	0.36981112
398	0.40172103
399	0.41994316
400	0.36985543
401	0.43223008
402	0.32895845
403	0.41694673
404	0.40866595
405	0.45555865
406	0.36068546
407	0.36706031
408	0.45029220
409	0.43789422
410	0.37672837
411	0.36645161
412	0.42283813
413	0.37789180
414	0.40333898
415	0.39220156
416	0.39100553
417	0.47700287
418	0.33562168
419	0.38507797
420	0.40042158
421	0.41687762
422	0.34875453
423	0.30285307
424	0.39403058
425	0.33562450
426	0.42959029
427	0.42540498
428	0.34793184
429	0.32722540
430	0.44819311
431	0.41191539
432	0.38780830
433	0.43208546
434	0.35232902
435	0.42254366
436	0.37778038
437	0.43188893
438	0.39765010
439	0.40001413
440	0.34663773
441	0.35428546
442	0.36411585
443	0.35896102
444	0.41156368
445	0.43191595
446	0.37130533
447	0.34255724
448	0.44134477
449	0.39397349
450	0.36910840
451	0.38061972
452	0.36427294
453	0.42080206
454	0.33705755
455	0.36108350
456	0.38873994
457	0.37672958
458	0.40294683
459	0.38047525
460	0.35624668
461	0.38999452
462	0.40867827
463	0.36213642
464	0.36580669
465	0.36972143
466	0.40055025
467	0.37680075
468	0.39104557
469	0.37908441
470	0.35836665
471	0.44805931
472	0.32321660
473	0.39905835
474	0.35779442
475	0.43324371
476	0.36845744
477	0.37916031
478	0.31627852
479	0.37658531
480	0.42836237
481	0.41594869
482	0.35823999
483	0.43564874
484	0.41195287
485	0.36752696
486	0.38404457
487	0.44513541
488	0.39953265
489	0.37445231
490	0.36134296
491	0.41194618
492	0.36437304
493	0.39254155
494	0.40533033
495	0.40028013
496	0.37253788
497	0.34030463
498	0.41820775
499	0.41147098
500	0.39961298
501	0.38330468
502	0.39420262
503	0.37665961
504	0.39865971
505	0.38261806
506	0.36681756
507	0.36664688
508	0.36169945
509	0.33256474
510	0.36788023
511	0.35185518
512	0.38466051
513	0.35424059
514	0.32728592
515	0.36237993
516	0.31501660
517	0.36972047
518	0.39506700
519	0.29160749
520	0.39463652
521	0.37506439
522	0.39474371
523	0.41934140
524	0.36617490
525	0.36103405
526	0.40447852
527	0.37932817
528	0.34620402
529	0.36314140
530	0.35332907
531	0.34317118
532	0.49357832
533	0.36845312
534	0.31626665
535	0.43044145
536	0.29890503
537	0.37703436
538	0.33799090
539	0.33285689
540	0.39243753
541	0.42740558
542	0.39106866
543	0.36700921
544	0.33906796
545	0.45828597
546	0.32775729
547	0.32819945
548	0.33072807
549	0.40972354
550	0.30186393
551	0.42921514
552	0.42188657
553	0.28695704
554	0.42780020
555	0.36008073
556	0.28323979
557	0.33416182
558	0.39739603
559	0.34892123
560	0.35855201
561	0.36914009
562	0.39034794
563	0.39066529
564	0.34686076
565	0.36059668
566	0.30830086
567	0.32761333
568	0.32089930
569	0.37291328
570	0.38821740
571	0.39374210
572	0.31918048
573	0.37266514
574	0.38708702
575	0.35142726
576	0.35434547
577	0.35242807
578	0.45747093
579	0.34631333
580	0.30946288
581	0.44849613
582	0.34039582
583	0.38192807
584	0.36327354
585	0.37152108
586	0.31868229
587	0.34541378
588	0.32093265
589	0.34291745
590	0.31169477
591	0.40089698
592	0.31105428
593	0.32136866
594	0.38307465
595	0.36620820
596	0.42374331
597	0.33455951
598	0.35664814
599	0.38535915
600	0.34933697
601	0.33540020
602	0.35773144
603	0.36038063
604	0.39518697
605	0.33839291
606	0.37109894
607	0.35111781
608	0.34034678
609	0.35790654
610	0.40737384
611	0.28711011
612	0.45765795
613	0.28467968
614	0.30325221
615	0.34276439
616	0.40509256
617	0.32383697
618	0.31266489
619	0.31846836
620	0.27816102
621	0.32830946
622	0.41326187
623	0.34485760
624	0.39752671
625	0.34149804
626	0.40181293
627	0.36894371
628	0.40448350
629	0.35540201
630	0.38352394
631	0.46088758
632	0.32787787
633	0.40427047
634	0.37265594
635	0.33727259
636	0.38504371
637	0.34149859
638	0.34489271
639	0.35337832
640	0.33869567
641	0.32851987
642	0.30283778
643	0.32416997
644	0.34555880
645	0.34088431
646	0.32457938
647	0.28120770
648	0.36586715
649	0.39402912
650	0.34166413
651	0.36154718
652	0.32551107
653	0.36974019
654	0.30713260
655	0.34283526
656	0.35631766
657	0.39985976
658	0.36952752
659	0.42994517
660	0.31260624
661	0.34075679
662	0.38308778
663	0.31634024
664	0.32418043
665	0.37921590
666	0.34181172
667	0.35118360
668	0.37812284
669	0.32216569
670	0.33156368
671	0.37936977
672	0.33363647
673	0.32724779
674	0.33528461
675	0.35396816
676	0.35610905
677	0.35367505
678	0.37224925
679	0.30279115
680	0.31058446
681	0.40655961
682	0.35680966
683	0.31297359
684	0.33777767
685	0.33703104
686	0.34650387
687	0.30954552
688	0.33135734
689	0.39686323
690	0.37211771
691	0.31289024
692	0.30604965
693	0.27471147
694	0.33843924
695	0.33270257
696	0.34533526
697	0.34779251
698	0.35955438
699	0.36553058
700	0.38118239
701	0.35111660
702	0.33022309
703	0.34078330
704	0.31519738
705	0.34281645
706	0.32824135
707	0.34312746
708	0.37775795
709	0.36099547
710	0.33614115
711	0.32555986
712	0.38735277
713	0.32072344
714	0.28151303
715	0.32812641
716	0.33381942
717	0.34194743
718	0.31792822
719	0.37261066
720	0.40020428
721	0.37621434
722	0.32426549
723	0.31887455
724	0.38098908
725	0.37084477
726	0.33246232
727	0.37371640
728	0.31914623
729	0.31924723
730	0.39343677
731	0.31207163
732	0.33334914
733	0.38620825
734	0.27066751
735	0.30920729
736	0.38649100
737	0.39575895
738	0.36357938
739	0.35489336
740	0.37580161
741	0.29656051
742	0.36152877
743	0.29455337
744	0.35963023
745	0.32398612
746	0.32775080
747	0.31893255
748	0.28810810
749	0.32349899
750	0.28253697
751	0.30187510
752	0.35384512
753	0.33949180
754	0.36383657
755	0.31509074
756	0.31335729
757	0.36387938
758	0.35085966
759	0.34244925
760	0.30691192
761	0.34072364
762	0.33034422
763	0.35935307
764	0.33491549
765	0.28321278
766	0.27029889
767	0.38131429
768	0.31362807
769	0.38475161
770	0.29284849
771	0.35030428
772	0.29035785
773	0.37465609
774	0.35779276
775	0.34298546
776	0.33248647
777	0.35898224
778	0.30886469
779	0.35610030
780	0.33986006
781	0.31846836
782	0.33169809
783	0.32627414
784	0.33531288
785	0.33165996
786	0.33948878
787	0.29660915
788	0.37094024
789	0.34193888
790	0.29068587
791	0.37376881
792	0.37211122
793	0.31388320
794	0.33997767
795	0.39143114
796	0.35698939
797	0.32682103
798	0.30219638
799	0.36070045
800	0.31752691
801	0.35044492
802	0.38572842
803	0.28470986
804	0.35276534
805	0.40129346
806	0.30449125
807	0.33089708
808	0.34565609
809	0.35038592
810	0.30799804
811	0.41277314
812	0.32355860
813	0.36771247
814	0.29796273
815	0.26977208
816	0.33268028
817	0.33740252
818	0.32025870
819	0.30968209
820	0.33341258
821	0.32945850
822	0.35890206
823	0.31433898
824	0.31436504
825	0.34454175
826	0.32864034
827	0.33723511
828	0.34314985
829	0.33373617
830	0.31335895
831	0.35500921
832	0.27704718
833	0.29902812
834	0.38467530
835	0.32185664
836	0.30425342
837	0.33744668
838	0.37436373
839	0.31114210
840	0.30406419
841	0.35308974
842	0.29714019
843	0.28304884
844	0.34555724
845	0.37491600
846	0.34403712
847	0.31790231
848	0.31816293
849	0.31830086
850	0.33434185
851	0.31829406
852	0.36610257
853	0.32686816
854	0.31774582
855	0.35595951
856	0.30328421
857	0.36647349
858	0.36366685
859	0.33705548
860	0.32488727
861	0.29131288
862	0.29528717
863	0.37632108
864	0.32630171
865	0.35279115
866	0.28312777
867	0.31534718
868	0.32650961
869	0.33380664
870	0.34034492
871	0.30441474
872	0.30802188
873	0.31404683
874	0.30775498
875	0.27061665
876	0.31272580
877	0.32197721
878	0.35111911
879	0.33323717
880	0.34744276
881	0.37589970
882	0.29491499
883	0.36309618
884	0.26762882
885	0.32665352
886	0.27703275
887	0.35166554
888	0.34123753
889	0.28760639
890	0.31223692
891	0.31652430
892	0.36983380
893	0.32322359
894	0.30292827
895	0.29085407
896	0.37427027
897	0.29331524
898	0.30365116
899	0.37330513
900	0.30076217
901	0.31489804
902	0.32052767
903	0.29472812
904	0.30945719
905	0.33981026
906	0.31125302
907	0.25781645
908	0.32262022
909	0.30966519
910	0.29220141
911	0.33267173
912	0.27640885
913	0.34541715
914	0.27488878
915	0.34764708
916	0.32248234
917	0.33603013
918	0.35354427
919	0.29220392
920	0.31362651
921	0.29731283
922	0.28804799
923	0.34227621
924	0.27982918
925	0.27536635
926	0.29989854
927	0.29400272
928	0.30077173
929	0.28783219
930	0.30443436
931	0.31064945
932	0.30668566
933	0.28595166
934	0.29500463
935	0.35838139
936	0.28112681
937	0.29931685
938	0.28273501
939	0.39612943
940	0.29011756
941	0.28700905
942	0.33608531
943	0.25364613
944	0.31994125
945	0.36384235
946	0.31890724
947	0.31029059
948	0.28891333
949	0.30817812
950	0.33120448
951	0.29455624
952	0.29604537
953	0.30578260
954	0.35906901
955	0.33172736
956	0.28071766
957	0.31142530
958	0.35802394
959	0.30870206
960	0.36190553
961	0.34936323
962	0.28226600
963	0.30039567
964	0.28098903
965	0.31236222
966	0.29798285
967	0.29248033
968	0.30155387
969	0.31351368
970	0.24800865
971	0.30083481
972	0.35143959
973	0.27375252
974	0.28870362
975	0.30425573
976	0.31385342
977	0.34291187
978	0.29458803
979	0.34189935
980	0.26476142
981	0.31543813
982	0.34382762
983	0.31195070
984	0.29674809
985	0.28777857
986	0.30702651
987	0.27151398
988	0.28393803
989	0.29127500
990	0.30415131
991	0.32032364
992	0.26482264
993	0.27752339
994	0.32678536
995	0.30601268
996	0.26631620
997	0.32255342
998	0.32702098
999	0.35729371
1000	0.28197938
1001	0.32332404
1002	0.31448410
1003	0.27221187
1004	0.25597465
1005	0.31504427
1006	0.24242198
1007	0.30224351
1008	0.34088853
1009	0.29087394
1010	0.29635654
1011	0.31147731
1012	0.32386469
1013	0.32058551
1014	0.27788360
1015	0.35439809
1016	0.32423622
1017	0.33016645
1018	0.31502711
1019	0.35963350
1020	0.30526127
1021	0.28586459
1022	0.30569512
1023	0.30699100
1024	0.33272867
1025	0.32497943
1026	0.31525141
1027	0.40382022
1028	0.30144059
1029	0.32693908
1030	0.29713561
1031	0.29230186
1032	0.30272842
1033	0.34669361
1034	0.29693370
1035	0.31519779
1036	0.29861278
1037	0.33496499
1038	0.33785488
1039	0.29062802
1040	0.31181821
1041	0.28702596
1042	0.29102364
1043	0.32628888
1044	0.28927173
1045	0.33205050
1046	0.22574703
1047	0.28269185
1048	0.30214698
1049	0.34027399
1050	0.29955221
1051	0.28018697
1052	0.29596574
1053	0.31777661
1054	0.29391771
1055	0.26460312
1056	0.30679904
1057	0.31797404
1058	0.28436590
1059	0.27475921
1060	0.29042153
1061	0.29544029
1062	0.27901846
1063	0.33000589
1064	0.30386866
1065	0.30136333
1066	0.29663068
1067	0.27209517
1068	0.32913788
1069	0.27995996
1070	0.28344351
1071	0.33928094
1072	0.30091318
1073	0.29214029
1074	0.30443325
1075	0.33126343
1076	0.27478410
1077	0.27940910
1078	0.29344653
1079	0.30389728
1080	0.29554427
1081	0.30516534
1082	0.29101429
1083	0.33080181
1084	0.33414341
1085	0.31441720
1086	0.27828058
1087	0.30593340
1088	0.30914069
1089	0.27089588
1090	0.30653823
1091	0.30082726
1092	0.29109140
1093	0.32502208
1094	0.29625845
1095	0.26508431
1096	0.28807510
1097	0.27314638
1098	0.28854497
1099	0.28066504
1100	0.30242243
1101	0.31099447
1102	0.30104738
1103	0.25089064
1104	0.26868521
1105	0.28542580
1106	0.33119930
1107	0.29957304
1108	0.32909316
1109	0.29963330
1110	0.32956046
1111	0.32189567
1112	0.28270780
1113	0.32703184
1114	0.30723637
1115	0.29221585
1116	0.25457923
1117	0.34748456
1118	0.25629643
1119	0.28891222
1120	0.34207560
1121	0.28904391
1122	0.31219054
1123	0.27185553
1124	0.29640543
1125	0.31984437
1126	0.29742953
1127	0.31020770
1128	0.25454361
1129	0.28799044
1130	0.30334336
1131	0.27592993
1132	0.31454245
1133	0.26170412
1134	0.26428063
1135	0.31870463
1136	0.30103048
1137	0.31068682
1138	0.34474874
1139	0.29631051
1140	0.28126509
1141	0.30506645
1142	0.26163657
1143	0.31886957
1144	0.29965443
1145	0.31432088
1146	0.31820689
1147	0.29951016
1148	0.26334532
1149	0.28676660
1150	0.33138898
1151	0.30676524
1152	0.29646207
1153	0.31036393
1154	0.27889985
1155	0.28368109
1156	0.34790513
1157	0.27371137
1158	0.26996102
1159	0.31246579
1160	0.23654105
1161	0.29712399
1162	0.30628410
1163	0.29854844
1164	0.29154794
1165	0.30816891
1166	0.26432691
1167	0.29284633
1168	0.31454225
1169	0.28600518
1170	0.33260840
1171	0.31148929
1172	0.31139542
1173	0.30999406
1174	0.30025624
1175	0.28023627
1176	0.25516942
1177	0.28002082
1178	0.29017409
1179	0.29451288
1180	0.28593365
1181	0.28467500
1182	0.28749854
1183	0.30742540
1184	0.28818768
1185	0.23572867
1186	0.30326222
1187	0.25319361
1188	0.29234336
1189	0.27749034
1190	0.29412480
1191	0.26573506
1192	0.28989014
1193	0.33899557
1194	0.28067098
1195	0.25236016
1196	0.29260277
1197	0.27913773
1198	0.30711393
1199	0.28132299
1200	0.30937440
1201	0.28898848
1202	0.30509039
1203	0.26470714
1204	0.28529336
1205	0.24283853
1206	0.26088587
1207	0.27466544
1208	0.25853431
1209	0.27173617
1210	0.27289230
1211	0.26017787
1212	0.29884266
1213	0.26280654
1214	0.26859718
1215	0.30626569
1216	0.25850070
1217	0.28720483
1218	0.35093707
1219	0.29753265
1220	0.31347404
1221	0.32902646
1222	0.26755704
1223	0.26141041
1224	0.27437047
1225	0.26942077
1226	0.29117928
1227	0.23616484
1228	0.31693164
1229	0.33257968
1230	0.28671610
1231	0.33372646
1232	0.26675528
1233	0.34319945
1234	0.28674386
1235	0.27474276
1236	0.27175307
1237	0.25817535
1238	0.28328712
1239	0.26884492
1240	0.30695292
1241	0.26622616
1242	0.26454406
1243	0.29506675
1244	0.33791398
1245	0.30796529
1246	0.24355895
1247	0.30973581
1248	0.29675835
1249	0.30655171
1250	0.25986595
1251	0.30843747
1252	0.28706162
1253	0.30953717
1254	0.29817294
1255	0.29699401
1256	0.28817918
1257	0.23378003
1258	0.33491922
1259	0.25120568
1260	0.33197918
1261	0.29202832
1262	0.26549829
1263	0.30865412
1264	0.23883612
1265	0.27646147
1266	0.28815377
1267	0.29225513
1268	0.26926081
1269	0.29068194
1270	0.26794487
1271	0.26579452
1272	0.29097676
1273	0.33512963
1274	0.28865760
1275	0.29213546
1276	0.27622037
1277	0.24210292
1278	0.30316102
1279	0.27911886
1280	0.27963587
1281	0.28201021
1282	0.30891665
1283	0.27668546
1284	0.23051735
1285	0.30544225
1286	0.27925860
1287	0.28607721
1288	0.30068265
1289	0.23559879
1290	0.29371383
1291	0.30885418
1292	0.31121564
1293	0.27158888
1294	0.27442797
1295	0.25615880
1296	0.28515040
1297	0.25366796
1298	0.27838516
1299	0.28337973
1300	0.26685744
1301	0.27517032
1302	0.29251278
1303	0.32742948
1304	0.28334044
1305	0.35614819
1306	0.25453506
1307	0.30607923
1308	0.30669215
1309	0.32289945
1310	0.25891444
1311	0.27256051
1312	0.27580211
1313	0.29211227
1314	0.25764427
1315	0.29157072
1316	0.27207183
1317	0.31360483
1318	0.29504482
1319	0.29608747
1320	0.28615045
1321	0.27798109
1322	0.30472324
1323	0.23940257
1324	0.26974396
1325	0.28911977
1326	0.29109633
1327	0.27951202
1328	0.25556434
1329	0.26972495
1330	0.29073561
1331	0.29936429
1332	0.27046821
1333	0.28354618
1334	0.32047475
1335	0.26295760
1336	0.28810297
1337	0.30715614
1338	0.27818732
1339	0.27301157
1340	0.27182394
1341	0.26832138
1342	0.28394155
1343	0.27857555
1344	0.24200850
1345	0.26188979
1346	0.26263979
1347	0.26332314
1348	0.25944155
1349	0.24860624
1350	0.28229406
1351	0.25038818
1352	0.23616519
1353	0.30147460
1354	0.28575845
1355	0.27312032
1356	0.29833722
1357	0.28434950
1358	0.30147500
1359	0.29753330
1360	0.29094346
1361	0.24644391
1362	0.29310070
1363	0.25058431
1364	0.25644401
1365	0.30079914
1366	0.29484301
1367	0.30096715
1368	0.31520241
1369	0.30143390
1370	0.29109432
1371	0.31377319
1372	0.29196232
1373	0.30460086
1374	0.28003919
1375	0.26301192
1376	0.25994759
1377	0.27241660
1378	0.27281424
1379	0.26056605
1380	0.27637193
1381	0.27928405
1382	0.28925649
1383	0.23285206
1384	0.31444935
1385	0.26998919
1386	0.31037329
1387	0.24059492
1388	0.28159271
1389	0.27445669
1390	0.24208813
1391	0.25718753
1392	0.26121620
1393	0.27324769
1394	0.24875086
1395	0.27245584
1396	0.26346690
1397	0.25674195
1398	0.23664175
1399	0.25420961
1400	0.25442339
1401	0.27317807
1402	0.32379945
1403	0.29241253
1404	0.29360438
1405	0.28430543
1406	0.29156700
1407	0.26767611
1408	0.26874135
1409	0.25891081
1410	0.26029648
1411	0.25455594
1412	0.27589215
1413	0.31189256
1414	0.30438501
1415	0.28638798
1416	0.26162163
1417	0.29265196
1418	0.29481313
1419	0.27632928
1420	0.29808712
1421	0.26523179
1422	0.28053511
1423	0.25256343
1424	0.27964306
1425	0.31009547
1426	0.27398441
1427	0.27005634
1428	0.25560126
1429	0.27107118
1430	0.26679935
1431	0.30824059
1432	0.26151559
1433	0.27606539
1434	0.24243305
1435	0.27245070
1436	0.26011826
1437	0.27422832
1438	0.28292681
1439	0.27183622
1440	0.27480131
1441	0.27523873
1442	0.27282123
1443	0.25761901
1444	0.27332344
1445	0.32594728
1446	0.25617586
1447	0.24465216
1448	0.27884668
1449	0.25982711
1450	0.31567782
1451	0.25676192
1452	0.24883571
1453	0.27375900
1454	0.28109638
1455	0.27737465
1456	0.29755096
1457	0.26717289
1458	0.20175578
1459	0.29111127
1460	0.28663919
1461	0.28367726
1462	0.25580020
1463	0.24598400
1464	0.23834537
1465	0.28200674
1466	0.22175423
1467	0.26771499
1468	0.31777339
1469	0.28897565
1470	0.25842716
1471	0.27421353
1472	0.25519316
1473	0.23344482
1474	0.28882148
1475	0.30289225
1476	0.28340473
1477	0.27806479
1478	0.26599532
1479	0.27106006
1480	0.25574064
1481	0.28392887
1482	0.28700267
1483	0.26422701
1484	0.27170468
1485	0.29073561
1486	0.25560312
1487	0.25321891
1488	0.21985075
1489	0.27104296
1490	0.26974502
1491	0.28044281
1492	0.24578551
1493	0.28448989
1494	0.25884170
1495	0.27922938
1496	0.25904789
1497	0.26796298
1498	0.26411670
1499	0.26414150
1500	0.28882842
1501	0.24849693
1502	0.26619200
1503	0.28997797
1504	0.28396982
1505	0.27477163
1506	0.26732555
1507	0.25476725
1508	0.26552973
1509	0.27663078
1510	0.26097425
1511	0.24576524
1512	0.22663099
1513	0.27887912
1514	0.26053134
1515	0.30364507
1516	0.24418431
1517	0.26259079
1518	0.24238395
1519	0.26500765
1520	0.25801112
1521	0.28541343
1522	0.29513888
1523	0.24334245
1524	0.26855634
1525	0.28675840
1526	0.27558003
1527	0.27939754
1528	0.27224779
1529	0.28238858
1530	0.27500624
1531	0.25138768
1532	0.27802188
1533	0.27517193
1534	0.25794960
1535	0.21987113
1536	0.26518954
1537	0.32332978
1538	0.26821167
1539	0.27870699
1540	0.26028898
1541	0.28887133
1542	0.27446700
1543	0.31848702
1544	0.30329703
1545	0.29012988
1546	0.26650307
1547	0.25766841
1548	0.25561826
1549	0.26441660
1550	0.27634256
1551	0.28500423
1552	0.23703853
1553	0.24770664
1554	0.27018255
1555	0.27911112
1556	0.24977696
1557	0.24050241
1558	0.25073481
1559	0.24588506
1560	0.29698863
1561	0.25225563
1562	0.28677757
1563	0.29708109
1564	0.28509452
1565	0.27277928
1566	0.27376242
1567	0.25943818
1568	0.29224854
1569	0.28218662
1570	0.29206177
1571	0.30203551
1572	0.26915453
1573	0.25908179
1574	0.25238194
1575	0.24162218
1576	0.24708063
1577	0.25952455
1578	0.25296403
1579	0.26810724
1580	0.28427762
1581	0.29949095
1582	0.26543581
1583	0.25486927
1584	0.25409432
1585	0.20791740
1586	0.21536172
1587	0.23097560
1588	0.28692228
1589	0.27375171
1590	0.25730035
1591	0.24846982
1592	0.26812228
1593	0.26332002
1594	0.28031771
1595	0.28615448
1596	0.27685800
1597	0.25668919
1598	0.24268647
1599	0.22430201
1600	0.29612042
1601	0.22553526
1602	0.22641665
1603	0.29799527
1604	0.27526937
1605	0.22018285
1606	0.28712394
1607	0.26042591
1608	0.24769316
1609	0.27945744
1610	0.26407430
1611	0.25133280
1612	0.28172264
1613	0.27129331
1614	0.29205186
1615	0.25244869
1616	0.22628883
1617	0.25550931
1618	0.27920327
1619	0.25896071
1620	0.28747691
1621	0.30583265
1622	0.25978421
1623	0.28670573
1624	0.28992570
1625	0.27730629
1626	0.27001841
1627	0.26084281
1628	0.24718561
1629	0.30106232
1630	0.27422007
1631	0.25654180
1632	0.24954794
1633	0.26277213
1634	0.24843642
1635	0.22767550
1636	0.27895800
1637	0.23020895
1638	0.24974899
1639	0.26293310
1640	0.31058003
1641	0.24146534
1642	0.25715226
1643	0.22651413
1644	0.25431625
1645	0.29948038
1646	0.25713506
1647	0.27541952
1648	0.26491846
1649	0.29273310
1650	0.26554432
1651	0.24892319
1652	0.25727741
1653	0.22838315
1654	0.24942958
1655	0.26473657
1656	0.24763571
1657	0.29583632
1658	0.26779834
1659	0.24128788
1660	0.27136469
1661	0.25181569
1662	0.25124427
1663	0.27140025
1664	0.25078576
1665	0.27337384
1666	0.24476660
1667	0.27252520
1668	0.25052731
1669	0.26997072
1670	0.23299165
1671	0.23241162
1672	0.27528722
1673	0.29143571
1674	0.25247731
1675	0.25475448
1676	0.25502782
1677	0.24261167
1678	0.25318073
1679	0.29193053
1680	0.21629562
1681	0.25832475
1682	0.26922515
1683	0.23415755
1684	0.26764135
1685	0.28608944
1686	0.24292706
1687	0.26659004
1688	0.25623853
1689	0.26480055
1690	0.26712807
1691	0.28401876
1692	0.23806253
1693	0.25611715
1694	0.27539009
1695	0.29174572
1696	0.28538255
1697	0.28849869
1698	0.26657606
1699	0.23781258
1700	0.26706967
1701	0.22922651
1702	0.27590548
1703	0.30247897
1704	0.23304130
1705	0.23705201
1706	0.26390749
1707	0.25631695
1708	0.25109069
1709	0.26885126
1710	0.24955377
1711	0.25265528
1712	0.26375790
1713	0.26318275
1714	0.24503742
1715	0.21845116
1716	0.24288732
1717	0.25265040
1718	0.28007399
1719	0.23711393
1720	0.27270055
1721	0.24633043
1722	0.25128169
1723	0.25862440
1724	0.24574884
1725	0.27528219
1726	0.24125568
1727	0.25153979
1728	0.25795684
1729	0.26326489
1730	0.27928265
1731	0.25097787
1732	0.27758536
1733	0.30829306
1734	0.24336534
1735	0.24603587
1736	0.23712228
1737	0.26069517
1738	0.28533209
1739	0.26028999
1740	0.23199069
1741	0.24778576
1742	0.25531645
1743	0.21881937
1744	0.24242973
1745	0.26311283
1746	0.27306197
1747	0.21152812
1748	0.24245976
1749	0.31593546
1750	0.27095196
1751	0.24543531
1752	0.24861258
1753	0.21584064
1754	0.25616962
1755	0.25291519
1756	0.25426046
1757	0.29449346
1758	0.23784034
1759	0.29221816
1760	0.24784170
1761	0.27122475
1762	0.25790905
1763	0.23926685
1764	0.25742505
1765	0.27206081
1766	0.23246207
1767	0.24296031
1768	0.26346836
1769	0.23132188
1770	0.25535795
1771	0.27651112
1772	0.26047279
1773	0.25471499
1774	0.22655900
1775	0.22872787
1776	0.24938939
1777	0.24174884
1778	0.25193380
1779	0.29616745
1780	0.21246771
1781	0.24195910
1782	0.26612636
1783	0.29677928
1784	0.23910121
1785	0.25640860
1786	0.22958058
1787	0.25001298
1788	0.23747364
1789	0.24059623
1790	0.23134517
1791	0.24147938
1792	0.24176328
1793	0.26448275
1794	0.27222701
1795	0.21760905
1796	0.28177243
1797	0.23035765
1798	0.24423441
1799	0.25182128
1800	0.25274869
1801	0.27459306
1802	0.24341278
1803	0.23037525
1804	0.28040106
1805	0.29773929
1806	0.24657817
1807	0.24787374
1808	0.22845121
1809	0.22270976
1810	0.25877545
1811	0.29352163
1812	0.27339316
1813	0.25083405
1814	0.26780327
1815	0.23046087
1816	0.26293471
1817	0.24932550
1818	0.27106640
1819	0.27963737
1820	0.21719653
1821	0.25878285
1822	0.23802575
1823	0.24907304
1824	0.26901353
1825	0.21997128
1826	0.23462082
1827	0.26689965
1828	0.27694769
1829	0.25267409
1830	0.24524422
1831	0.24116635
1832	0.22709105
1833	0.26969004
1834	0.25868134
1835	0.30443310
1836	0.27691237
1837	0.21830055
1838	0.26055689
1839	0.25251237
1840	0.24199251
1841	0.25444039
1842	0.25479296
1843	0.28134416
1844	0.26863768
1845	0.23732882
1846	0.25538058
1847	0.22902827
1848	0.25989437
1849	0.28597923
1850	0.22505412
1851	0.22661469
1852	0.22752344
1853	0.22384874
1854	0.25038838
1855	0.21802676
1856	0.24466313
1857	0.20539769
1858	0.26519306
1859	0.28038038
1860	0.25695941
1861	0.23739336
1862	0.25263134
1863	0.26067218
1864	0.25039698
1865	0.24961127
1866	0.21956258
1867	0.21355709
1868	0.23518385
1869	0.26322425
1870	0.24961066
1871	0.28042425
1872	0.27213732
1873	0.22652912
1874	0.24372480
1875	0.28515664
1876	0.26430563
1877	0.20010126
1878	0.25345332
1879	0.25857022
1880	0.23913571
1881	0.25062746
1882	0.22791142
1883	0.24598280
1884	0.21356484
1885	0.27706866
1886	0.26252792
1887	0.24552535
1888	0.26695568
1889	0.30500508
1890	0.22041132
1891	0.22033707
1892	0.23275513
1893	0.22359401
1894	0.24761071
1895	0.26253657
1896	0.22833687
1897	0.25614401
1898	0.24956821
1899	0.23955357
1900	0.23574276
1901	0.24670362
1902	0.23954809
1903	0.23418878
1904	0.21797897
1905	0.24507973
1906	0.25014190
1907	0.28914542
1908	0.24112052
1909	0.27392264
1910	0.25604115
1911	0.23218536
1912	0.26052254
1913	0.25951489
1914	0.23823124
1915	0.25568491
1916	0.27424522
1917	0.23530418
1918	0.23512500
1919	0.23918642
1920	0.23125151
1921	0.21085996
1922	0.22211806
1923	0.26974582
1924	0.22361574
1925	0.22880614
1926	0.27422128
1927	0.20793089
1928	0.24333169
1929	0.24973119
1930	0.20096348
1931	0.23001137
1932	0.20917661
1933	0.22894914
1934	0.25271132
1935	0.27154603
1936	0.24950604
1937	0.20516534
1938	0.18993446
1939	0.24062178
1940	0.21213566
1941	0.21540402
1942	0.26540589
1943	0.24654965
1944	0.22865568
1945	0.21699980
1946	0.24974401
1947	0.23083426
1948	0.27711559
1949	0.26858089
1950	0.25253053
1951	0.27584427
1952	0.26172782
1953	0.26974784
1954	0.24145644
1955	0.22532671
1956	0.23125971
1957	0.21482772
1958	0.25813647
1959	0.25867168
1960	0.24701469
1961	0.27328722
1962	0.22694588
1963	0.24215729
1964	0.25681202
1965	0.23890070
1966	0.24385558
1967	0.22149381
1968	0.24292409
1969	0.25971665
1970	0.23005091
1971	0.22603239
1972	0.24636992
1973	0.24188878
1974	0.26214804
1975	0.25314286
1976	0.26375161
1977	0.24795584
1978	0.25240005
1979	0.25069366
1980	0.25407485
1981	0.21979130
1982	0.23308908
1983	0.21764522
1984	0.25960216
1985	0.26064336
1986	0.24115428
1987	0.21296524
