0	0.58326700
1	0.58045532
2	0.58317387
3	0.56935557
4	0.58307558
5	0.57934549
6	0.58263330
7	0.49789835
8	0.57122548
9	0.58313064
10	0.58343255
11	0.58315035
12	0.58356063
13	0.58316189
14	0.58305547
15	0.57890782
16	0.58137161
17	0.58339549
18	0.58245647
19	0.58274238
20	0.58234248
21	0.58265085
22	0.58245496
23	0.58178245
24	0.57997302
25	0.58179062
26	0.58276725
27	0.57729579
28	0.58037508
29	0.57505186
30	0.56288039
31	0.58288355
32	0.56032091
33	0.57549619
34	0.55745532
35	0.58251374
36	0.56155231
37	0.57848029
38	0.56257096
39	0.57906896
40	0.57148355
41	0.57725176
42	0.56968450
43	0.55364689
44	0.55835150
45	0.56322041
46	0.56798506
47	0.53912743
48	0.57871003
49	0.58028425
50	0.57620993
51	0.54960271
52	0.56293646
53	0.57091841
54	0.53097603
55	0.57109052
56	0.55065687
57	0.57014067
58	0.57283099
59	0.54360913
60	0.55289574
61	0.53583927
62	0.57226921
63	0.57786805
64	0.56832889
65	0.54461670
66	0.56095316
67	0.55254037
68	0.54652327
69	0.53698190
70	0.57084398
71	0.53502844
72	0.55189213
73	0.45623711
74	0.56573666
75	0.57589288
76	0.53485547
77	0.54606459
78	0.56939915
79	0.57231279
80	0.55714654
81	0.57366384
82	0.49693059
83	0.56919574
84	0.56508731
85	0.48962798
86	0.51492477
87	0.55112347
88	0.49374298
89	0.55588039
90	0.52709278
91	0.55084132
92	0.54936394
93	0.55655772
94	0.52261489
95	0.52606780
96	0.52825622
97	0.53294719
98	0.54038651
99	0.55186896
100	0.55660572
101	0.57029694
102	0.55319162
103	0.54185727
104	0.45491605
105	0.56390532
106	0.53143124
107	0.52422091
108	0.44368872
109	0.46081013
110	0.53909574
111	0.53711133
112	0.48365868
113	0.52310110
114	0.47260998
115	0.49964699
116	0.53032788
117	0.55681344
118	0.45006048
119	0.47444915
120	0.48520832
121	0.49627126
122	0.47995542
123	0.51874519
124	0.54680201
125	0.51732412
126	0.54731926
127	0.46950201
128	0.50566048
129	0.54585065
130	0.53612011
131	0.46161324
132	0.54947126
133	0.49088205
134	0.55588164
135	0.54070772
136	0.48315908
137	0.55735522
138	0.46888215
139	0.52140652
140	0.47573892
141	0.47561299
142	0.45289719
143	0.55208586
144	0.46580883
145	0.41897563
146	0.53924333
147	0.54658821
148	0.54338967
149	0.49342688
150	0.47131956
151	0.46545426
152	0.44838054
153	0.52703390
154	0.51964122
155	0.50919283
156	0.53569804
157	0.46199534
158	0.46474895
159	0.44913255
160	0.42689885
161	0.47765762
162	0.51832307
163	0.52682538
164	0.48425677
165	0.44086013
166	0.50585792
167	0.50662924
168	0.50408139
169	0.48599448
170	0.50408721
171	0.52401655
172	0.45619729
173	0.48819112
174	0.55293129
175	0.41740517
176	0.41346560
177	0.52051289
178	0.50265481
179	0.47475050
180	0.42387056
181	0.48920792
182	0.52528104
183	0.38490431
184	0.49635652
185	0.54368927
186	0.52959534
187	0.45017954
188	0.47211805
189	0.47168962
190	0.47158445
191	0.43709112
192	0.38066108
193	0.45916565
194	0.47124714
195	0.41420747
196	0.49161153
197	0.42234338
198	0.51778034
199	0.51630311
200	0.50910722
201	0.41792889
202	0.42409694
203	0.56587869
204	0.51791379
205	0.47994905
206	0.40998967
207	0.39296269
208	0.49069950
209	0.47966866
210	0.45231444
211	0.49627773
212	0.45183180
213	0.48261856
214	0.42838892
215	0.47621665
216	0.44398335
217	0.44459504
218	0.45950717
219	0.43040351
220	0.46201615
221	0.45716023
222	0.39695125
223	0.49169263
224	0.50865928
225	0.47139107
226	0.51189985
227	0.44444097
228	0.39385582
229	0.46803616
230	0.49295246
231	0.47700868
232	0.48272864
233	0.41501836
234	0.41184142
235	0.49893019
236	0.47625792
237	0.50986655
238	0.43078892
239	0.41248245
240	0.46740221
241	0.44981946
242	0.52912979
243	0.46657252
244	0.40219147
245	0.43875777
246	0.49404358
247	0.48825020
248	0.51412377
249	0.45690567
250	0.47024794
251	0.46256324
252	0.39124168
253	0.44724975
254	0.38715632
255	0.40046023
256	0.44548897
257	0.46983721
258	0.47264945
259	0.41029062
260	0.47700351
261	0.42780486
262	0.39085341
263	0.52510246
264	0.46249734
265	0.46026214
266	0.42511680
267	0.41861760
268	0.47124152
269	0.42635241
270	0.43376926
271	0.45765176
272	0.43313029
273	0.45178781
274	0.37393270
275	0.44294544
276	0.41086008
277	0.53569358
278	0.37173285
279	0.38984418
280	0.45970050
281	0.46080502
282	0.51221479
283	0.45024819
284	0.43057046
285	0.40253320
286	0.39851444
287	0.38094007
288	0.42656615
289	0.50597282
290	0.43381439
291	0.50040512
292	0.46486399
293	0.40784614
294	0.46368611
295	0.43782899
296	0.39697402
297	0.44600010
298	0.49187919
299	0.44147643
300	0.33558942
301	0.46171986
302	0.46368460
303	0.45827432
304	0.42679122
305	0.35869935
306	0.38733882
307	0.47774303
308	0.46853736
309	0.48293806
310	0.40759032
311	0.46437472
312	0.43751836
313	0.42830692
314	0.39307447
315	0.40285030
316	0.43613826
317	0.42687096
318	0.43535451
319	0.47213004
320	0.43528495
321	0.36876815
322	0.43511635
323	0.38953761
324	0.38510687
325	0.43528551
326	0.36644393
327	0.41688335
328	0.44043310
329	0.46524634
330	0.34552086
331	0.43876464
332	0.47591866
333	0.40505637
334	0.42869664
335	0.36012006
336	0.46498816
337	0.49020612
338	0.39807623
339	0.44610486
340	0.45392989
341	0.38063957
342	0.34628019
343	0.40657798
344	0.43989198
345	0.40486148
346	0.42329238
347	0.41656369
348	0.39158124
349	0.41918781
350	0.38512728
351	0.45002106
352	0.43625908
353	0.38105075
354	0.37146946
355	0.44126138
356	0.41964298
357	0.47789910
358	0.44496655
359	0.42374483
360	0.42177307
361	0.34035221
362	0.44143139
363	0.36862041
364	0.42376359
365	0.42099679
366	0.37777347
367	0.42952533
368	0.33849193
369	0.42744509
370	0.40896735
371	0.41666244
372	0.43048711
373	0.41937252
374	0.35331194
375	0.38792402
376	0.40418039
377	0.36840757
378	0.40319373
379	0.38913185
380	0.48735411
381	0.46017683
382	0.41354519
383	0.40837146
384	0.37102518
385	0.35329885
386	0.43958566
387	0.39813004
388	0.50688972
389	0.38598039
390	0.38812407
391	0.39531856
392	0.43416359
393	0.45521645
394	0.41158079
395	0.47422929
396	0.38587919
397	0.40451710
398	0.36797653
399	0.43939298
400	0.41091123
401	0.35174910
402	0.39999448
403	0.37674764
404	0.39436986
405	0.38351841
406	0.41207452
407	0.40829739
408	0.42367538
409	0.38851083
410	0.41539519
411	0.33792818
412	0.45491575
413	0.46123816
414	0.39659885
415	0.40234473
416	0.43034052
417	0.43388069
418	0.42806083
419	0.40944253
420	0.35986244
421	0.43648771
422	0.39736650
423	0.38093054
424	0.43803917
425	0.43175171
426	0.44563044
427	0.38988877
428	0.34407237
429	0.39067914
430	0.39563541
431	0.38785797
432	0.36633837
433	0.39152673
434	0.38769463
435	0.38578536
436	0.41166690
437	0.49719794
438	0.38362432
439	0.40171153
440	0.39083235
441	0.33581655
442	0.38583415
443	0.34090888
444	0.39680853
445	0.44997462
446	0.38573445
447	0.39893606
448	0.39474880
449	0.39519504
450	0.34144142
451	0.39496294
452	0.46123646
453	0.38455291
454	0.36964674
455	0.41956830
456	0.42938180
457	0.34928882
458	0.44778852
459	0.40097899
460	0.38619734
461	0.39452282
462	0.41357302
463	0.35540221
464	0.31800958
465	0.35043450
466	0.39012342
467	0.33507302
468	0.38446800
469	0.40468746
470	0.37658119
471	0.37849774
472	0.45505772
473	0.38366229
474	0.38789478
475	0.37409544
476	0.43556093
477	0.33203164
478	0.34370863
479	0.39159283
480	0.34899925
481	0.37101861
482	0.41784082
483	0.36633786
484	0.43582783
485	0.42210662
486	0.39371981
487	0.37504564
488	0.37897934
489	0.43960968
490	0.38649293
491	0.39910176
492	0.39276906
493	0.41087919
494	0.36559855
495	0.48331946
496	0.40156825
497	0.37701484
498	0.39006244
499	0.34334253
500	0.35715647
501	0.40821660
502	0.33283706
503	0.33405090
504	0.30785065
505	0.37465246
506	0.38299077
507	0.33365436
508	0.34170807
509	0.42746379
510	0.43284082
511	0.34150120
512	0.34625757
513	0.38925522
514	0.33788796
515	0.35296620
516	0.35647538
517	0.38694649
518	0.40767347
519	0.45216740
520	0.38844960
521	0.40168039
522	0.41090732
523	0.36470411
524	0.35838190
525	0.40236063
526	0.38499669
527	0.40052487
528	0.38015391
529	0.42564483
530	0.42848049
531	0.39756590
532	0.36364208
533	0.37889554
534	0.41058019
535	0.35930807
536	0.35722422
537	0.37318044
538	0.35627633
539	0.43064313
540	0.35879714
541	0.42208686
542	0.39308420
543	0.39720191
544	0.37785767
545	0.34541244
546	0.36934463
547	0.38175893
548	0.39790732
549	0.40268756
550	0.33427648
551	0.34296329
552	0.35168380
553	0.43412879
554	0.40936825
555	0.41058350
556	0.35786760
557	0.34027909
558	0.40632839
559	0.37917808
560	0.33205752
561	0.33193440
562	0.40520386
563	0.40608305
564	0.42438104
565	0.36385702
566	0.36115928
567	0.40904223
568	0.35819142
569	0.33884378
570	0.36096219
571	0.35287533
572	0.37871209
573	0.36077518
574	0.32391289
575	0.42672698
576	0.33976184
577	0.44238571
578	0.30725592
579	0.34003831
580	0.43907613
581	0.37042818
582	0.41352467
583	0.36976966
584	0.35026856
585	0.41540000
586	0.32650060
587	0.35711254
588	0.38550346
589	0.35910201
590	0.33157513
591	0.38406053
592	0.36446605
593	0.31731510
594	0.38518255
595	0.30680095
596	0.37167778
597	0.36305416
598	0.34939183
599	0.32502578
600	0.41700597
601	0.42239052
602	0.37326605
603	0.37744273
604	0.33026098
605	0.33726740
606	0.36831765
607	0.34119829
608	0.42455441
609	0.37818741
610	0.40223430
611	0.37187237
612	0.30308801
613	0.36313616
614	0.40113952
615	0.34241369
616	0.33010266
617	0.39696314
618	0.39248049
619	0.36749433
620	0.27986494
621	0.45340512
622	0.40582869
623	0.33491169
624	0.36472638
625	0.34683200
626	0.40160386
627	0.41821329
628	0.35447046
629	0.39971740
630	0.41170135
631	0.33861344
632	0.36019990
633	0.36304649
634	0.35156143
635	0.30987352
636	0.39550211
637	0.34328255
638	0.38038370
639	0.42534378
640	0.34211058
641	0.35713897
642	0.39562051
643	0.30477849
644	0.30867467
645	0.33771505
646	0.29064218
647	0.34522944
648	0.38409639
649	0.32100381
650	0.30143696
651	0.34057357
652	0.34605125
653	0.38189935
654	0.37054122
655	0.34543154
656	0.37901294
657	0.32869293
658	0.38858310
659	0.33058280
660	0.35288230
661	0.31546474
662	0.32979458
663	0.31432021
664	0.33743124
665	0.34232006
666	0.38602447
667	0.35629298
668	0.35440532
669	0.35579107
670	0.37795221
671	0.32597442
672	0.34681981
673	0.37488455
674	0.36903220
675	0.35979995
676	0.38443852
677	0.29778947
678	0.37596780
679	0.32099669
680	0.41216951
681	0.37162763
682	0.31299493
683	0.30273210
684	0.30878205
685	0.40871936
686	0.30702508
687	0.29641274
688	0.35201369
689	0.31710923
690	0.36519584
691	0.30769554
692	0.36100431
693	0.34710025
694	0.34237849
695	0.36110542
696	0.35321846
697	0.34039654
698	0.35710396
699	0.36720592
700	0.35202949
701	0.35774619
702	0.33037753
703	0.38416219
704	0.30265682
705	0.38273024
706	0.37373862
707	0.38845160
708	0.31093365
709	0.36355090
710	0.31046083
711	0.32805812
712	0.29404609
713	0.30517508
714	0.36372823
715	0.31376745
716	0.37144052
717	0.29464945
718	0.31442593
719	0.29123014
720	0.32971595
721	0.31508892
722	0.40466825
723	0.36525065
724	0.35935191
725	0.31240080
726	0.35507267
727	0.36208190
728	0.37483114
729	0.34160035
730	0.35028074
731	0.32544213
732	0.37813826
733	0.32699789
734	0.34277051
735	0.32659579
736	0.32125938
737	0.28292683
738	0.36375030
739	0.30627808
740	0.35717503
741	0.35978611
742	0.40754704
743	0.39786961
744	0.37179599
745	0.35427222
746	0.34105923
747	0.34851294
748	0.38801730
749	0.35807372
750	0.34121665
751	0.29239534
752	0.42424198
753	0.33739243
754	0.33021986
755	0.33250657
756	0.37949328
757	0.34419308
758	0.41800883
759	0.32476740
760	0.33098355
761	0.32221344
762	0.35361158
763	0.40708791
764	0.35750843
765	0.31514829
766	0.32668521
767	0.32667849
768	0.34553300
769	0.34612317
770	0.30265607
771	0.34641891
772	0.34908666
773	0.32880552
774	0.36493114
775	0.30499413
776	0.29295145
777	0.33191429
778	0.29946163
779	0.40189734
780	0.35945968
781	0.29701344
782	0.31784925
783	0.33256053
784	0.36021580
785	0.30653831
786	0.30952528
787	0.33389328
788	0.37134097
789	0.29526224
790	0.31376966
791	0.34532071
792	0.35257864
793	0.34848666
794	0.33355752
795	0.35344744
796	0.39602823
797	0.35517798
798	0.38745391
799	0.31045371
800	0.31943626
801	0.33213265
802	0.33760567
803	0.33128967
804	0.33948511
805	0.31547713
806	0.31013370
807	0.37634478
808	0.33923972
809	0.33517397
810	0.37389769
811	0.28664629
812	0.39047533
813	0.39071219
814	0.35296083
815	0.34536234
816	0.40664609
817	0.31795878
818	0.35862919
819	0.30889012
820	0.34356339
821	0.28547588
822	0.32091043
823	0.30787954
824	0.29848811
825	0.32104519
826	0.36961830
827	0.30819774
828	0.33255918
829	0.28278556
830	0.35790241
831	0.34138952
832	0.31200331
833	0.33035140
834	0.32624589
835	0.31300838
836	0.32049950
837	0.31960627
838	0.32661058
839	0.30673801
840	0.32169794
841	0.33491459
842	0.35996650
843	0.28254228
844	0.32717518
845	0.33262748
846	0.33227257
847	0.36211510
848	0.29464684
849	0.34136946
850	0.34611710
851	0.33555186
852	0.34586003
853	0.33693059
854	0.34909358
855	0.34120065
856	0.29667548
857	0.30468566
858	0.28477217
859	0.29303190
860	0.28376078
861	0.36276163
862	0.30266184
863	0.35148591
864	0.27849779
865	0.32094975
866	0.30804634
867	0.31915150
868	0.36463049
869	0.43240893
870	0.32577533
871	0.31941103
872	0.29337874
873	0.31640336
874	0.32985737
875	0.30296851
876	0.35434493
877	0.34221560
878	0.32972924
879	0.29326961
880	0.35701269
881	0.31144985
882	0.31900341
883	0.31568556
884	0.32514945
885	0.30564142
886	0.27992999
887	0.31733275
888	0.35729348
889	0.32040812
890	0.35057001
891	0.30649950
892	0.35412267
893	0.34038064
894	0.32402989
895	0.34798831
896	0.30064614
897	0.37592051
898	0.36939193
899	0.31889488
900	0.32783390
901	0.32175757
902	0.35614579
903	0.31454875
904	0.27802939
905	0.36931469
906	0.30844483
907	0.34640582
908	0.30426113
909	0.39727854
910	0.25705281
911	0.35467733
912	0.30529017
913	0.31354017
914	0.33694348
915	0.30238927
916	0.29055181
917	0.32715080
918	0.32250838
919	0.27313676
920	0.29470431
921	0.32511685
922	0.35483430
923	0.34456530
924	0.27034935
925	0.29833445
926	0.29618917
927	0.31259714
928	0.31568024
929	0.32828651
930	0.33491163
931	0.34702583
932	0.31156911
933	0.29608521
934	0.32453024
935	0.28891535
936	0.28800968
937	0.34012071
938	0.30593606
939	0.30356911
940	0.32918260
941	0.35778576
942	0.34421093
943	0.29512447
944	0.26568511
945	0.35861284
946	0.31339168
947	0.36876339
948	0.30074935
949	0.33938485
950	0.34223511
951	0.28423420
952	0.31918435
953	0.33800461
954	0.33803942
955	0.28653756
956	0.35442673
957	0.36250522
958	0.35443380
959	0.31458109
960	0.28136023
961	0.36997939
962	0.32652869
963	0.33099629
964	0.33174674
965	0.30444438
966	0.32152277
967	0.29065772
968	0.29036449
969	0.38105145
970	0.32832648
971	0.34998485
972	0.31584368
973	0.31258215
974	0.29981454
975	0.27486214
976	0.32289378
977	0.37723019
978	0.23628415
979	0.29179298
980	0.32893631
981	0.31897924
982	0.31376023
983	0.32008736
984	0.29103887
985	0.32116028
986	0.33351023
987	0.31502342
988	0.31810913
989	0.28898220
990	0.33501866
991	0.26123355
992	0.31049634
993	0.29620191
994	0.33620677
995	0.27460406
996	0.31125301
997	0.33902653
998	0.31443992
999	0.30999895
1000	0.35296851
1001	0.31092834
1002	0.38989273
1003	0.33278877
1004	0.30543806
1005	0.29531836
1006	0.32314248
1007	0.30235150
1008	0.31067041
1009	0.26864418
1010	0.26618495
1011	0.31836660
1012	0.35863992
1013	0.27136214
1014	0.34044152
1015	0.33529127
1016	0.30677081
1017	0.29707327
1018	0.31728340
1019	0.32115802
1020	0.34015517
1021	0.28583034
1022	0.28872934
1023	0.34389363
1024	0.29828892
1025	0.31731805
1026	0.32451545
1027	0.34189253
1028	0.33000496
1029	0.32084368
1030	0.33613480
1031	0.30246836
1032	0.31460958
1033	0.29227282
1034	0.31226279
1035	0.32194840
1036	0.29965782
1037	0.24924408
1038	0.34754288
1039	0.33508480
1040	0.27613205
1041	0.32890667
1042	0.37375878
1043	0.32293842
1044	0.31380797
1045	0.26457944
1046	0.32642472
1047	0.27161961
1048	0.30560366
1049	0.30159188
1050	0.30958596
1051	0.34286374
1052	0.30335527
1053	0.30509127
1054	0.30192738
1055	0.29875712
1056	0.29918014
1057	0.27214042
1058	0.35800978
1059	0.33923686
1060	0.29279779
1061	0.29893701
1062	0.28567076
1063	0.25804478
1064	0.25268029
1065	0.30246143
1066	0.32061128
1067	0.27630562
1068	0.27735577
1069	0.30379895
1070	0.32432332
1071	0.33090291
1072	0.32173816
1073	0.32396048
1074	0.33405622
1075	0.33715787
1076	0.34967778
1077	0.32365667
1078	0.31309749
1079	0.32240637
1080	0.30112683
1081	0.30700933
1082	0.31387583
1083	0.36797121
1084	0.26754047
1085	0.26758109
1086	0.28017909
1087	0.30013826
1088	0.31032558
1089	0.28461214
1090	0.27992387
1091	0.28012307
1092	0.34998761
1093	0.29030527
1094	0.29013014
1095	0.32965371
1096	0.32275913
1097	0.31988882
1098	0.32203185
1099	0.35301805
1100	0.31806379
1101	0.26902026
1102	0.29983882
1103	0.27494423
1104	0.27012793
1105	0.31003104
1106	0.32945597
1107	0.33388400
1108	0.30428982
1109	0.29735542
1110	0.28919654
1111	0.31114609
1112	0.29547703
1113	0.33871359
1114	0.31930070
1115	0.26854343
1116	0.27971239
1117	0.29909107
1118	0.30855176
1119	0.29534794
1120	0.33470612
1121	0.28521329
1122	0.30639358
1123	0.27908716
1124	0.27307016
1125	0.26655000
1126	0.29020622
1127	0.29590090
1128	0.33338170
1129	0.27546294
1130	0.30595993
1131	0.34052864
1132	0.27797899
1133	0.27269579
1134	0.34932558
1135	0.32868837
1136	0.30005958
1137	0.27731234
1138	0.32359238
1139	0.33623240
1140	0.31417528
1141	0.29862126
1142	0.30399840
1143	0.32654263
1144	0.30783154
1145	0.27278621
1146	0.29469895
1147	0.30357011
1148	0.28352854
1149	0.30904824
1150	0.31873480
1151	0.33234393
1152	0.27770456
1153	0.29265757
1154	0.33405276
1155	0.29737327
1156	0.26526399
1157	0.32361795
1158	0.33151805
1159	0.31614428
1160	0.27607793
1161	0.28101610
1162	0.28036750
1163	0.26936434
1164	0.29278405
1165	0.27129463
1166	0.29460481
1167	0.30091986
1168	0.26165888
1169	0.32452508
1170	0.34135316
1171	0.25962778
1172	0.27676525
1173	0.26754012
1174	0.28098746
1175	0.28939478
1176	0.27963801
1177	0.30218305
1178	0.30143997
1179	0.30302994
1180	0.31611429
1181	0.28085742
1182	0.30064022
1183	0.31057593
1184	0.28760040
1185	0.30184559
1186	0.30327964
1187	0.26256058
1188	0.30702497
1189	0.33307678
1190	0.32019007
1191	0.31005727
1192	0.31648781
1193	0.29728686
1194	0.32475822
1195	0.29731379
1196	0.29443706
1197	0.31112467
1198	0.29350221
1199	0.31518490
1200	0.29750281
1201	0.33081434
1202	0.26385376
1203	0.26531715
1204	0.27382693
1205	0.29379473
1206	0.29613561
1207	0.31468867
1208	0.27502292
1209	0.33573019
1210	0.29388526
1211	0.32498164
1212	0.25782437
1213	0.30006715
1214	0.24634107
1215	0.30796815
1216	0.29037287
1217	0.28280502
1218	0.29387242
1219	0.35263255
1220	0.27605181
1221	0.30815567
1222	0.26885767
1223	0.31293445
1224	0.27166665
1225	0.27351479
1226	0.24884042
1227	0.31171720
1228	0.30824739
1229	0.29613756
1230	0.27200727
1231	0.28141595
1232	0.32144263
1233	0.29413581
1234	0.27249132
1235	0.31162623
1236	0.35955953
1237	0.31537638
1238	0.29521675
1239	0.31144965
1240	0.30624915
1241	0.29530953
1242	0.32569293
1243	0.30040797
1244	0.26587362
1245	0.31089930
1246	0.27394498
1247	0.34067302
1248	0.28114458
1249	0.29553746
1250	0.31029774
1251	0.27538119
1252	0.28350055
1253	0.27503526
1254	0.28540782
1255	0.28493992
1256	0.29745351
1257	0.31145532
1258	0.29367442
1259	0.33046705
1260	0.28382217
1261	0.32690908
1262	0.25420150
1263	0.30930040
1264	0.31054393
1265	0.28843149
1266	0.24009920
1267	0.27434569
1268	0.27766239
1269	0.31166153
1270	0.30658892
1271	0.32865025
1272	0.26324478
1273	0.28583972
1274	0.29618255
1275	0.26546414
1276	0.26552543
1277	0.25285537
1278	0.27284774
1279	0.27927518
1280	0.29456254
1281	0.25861996
1282	0.28395502
1283	0.23904910
1284	0.28815998
1285	0.28128425
1286	0.25487317
1287	0.31457237
1288	0.27956138
1289	0.28431971
1290	0.31154729
1291	0.28181986
1292	0.31142663
1293	0.27406535
1294	0.25186540
1295	0.30193716
1296	0.28903230
1297	0.28397874
1298	0.25741369
1299	0.27841374
1300	0.30294448
1301	0.24888159
1302	0.28723185
1303	0.27760366
1304	0.33908796
1305	0.27550722
1306	0.28391520
1307	0.27548420
1308	0.29302382
1309	0.24373631
1310	0.27133285
1311	0.27012487
1312	0.29934498
1313	0.30482066
1314	0.27772974
1315	0.27343295
1316	0.26153485
1317	0.26372337
1318	0.33222743
1319	0.25914092
1320	0.28072247
1321	0.26673566
1322	0.29250441
1323	0.29379027
1324	0.29939900
1325	0.27923922
1326	0.29972292
1327	0.31793847
1328	0.27265130
1329	0.29217372
1330	0.32899539
1331	0.27836439
1332	0.28659072
1333	0.26363847
1334	0.28368821
1335	0.29983275
1336	0.30245231
1337	0.28923280
1338	0.26377026
1339	0.27930577
1340	0.34287387
1341	0.29348546
1342	0.26506665
1343	0.32625316
1344	0.32183581
1345	0.30809383
1346	0.29658791
1347	0.25090973
1348	0.28416143
1349	0.31755577
1350	0.28292267
1351	0.27891535
1352	0.25462899
1353	0.32561705
1354	0.28527703
1355	0.28652628
1356	0.25471439
1357	0.32069779
1358	0.26197969
1359	0.33198205
1360	0.28863109
1361	0.32778390
1362	0.31965532
1363	0.28981043
1364	0.26667593
1365	0.31439855
1366	0.29962382
1367	0.26605336
1368	0.30596329
1369	0.29320010
1370	0.26422387
1371	0.25931615
1372	0.29188531
1373	0.32746399
1374	0.29473521
1375	0.29710316
1376	0.25916775
1377	0.29128119
1378	0.30933761
1379	0.29349845
1380	0.27057728
1381	0.26101194
1382	0.24145366
1383	0.29090792
1384	0.27395456
1385	0.25411555
1386	0.27732823
1387	0.34589524
1388	0.28050973
1389	0.27274017
1390	0.26325873
1391	0.25733019
1392	0.28256770
1393	0.25695256
1394	0.31094147
1395	0.26680772
1396	0.32981981
1397	0.29150286
1398	0.31653611
1399	0.26759173
1400	0.26533616
1401	0.28104684
1402	0.27158731
1403	0.25146911
1404	0.29573180
1405	0.25618982
1406	0.24764870
1407	0.29373526
1408	0.29221194
1409	0.32204659
1410	0.26739709
1411	0.25444689
1412	0.28583947
1413	0.29183912
1414	0.26059554
1415	0.27751108
1416	0.30126680
1417	0.30253410
1418	0.26840898
1419	0.31480677
1420	0.27510186
1421	0.28753455
1422	0.24137337
1423	0.28284117
1424	0.28503074
1425	0.27016244
1426	0.30170557
1427	0.28382693
1428	0.22777548
1429	0.26999539
1430	0.26651319
1431	0.30416946
1432	0.27368104
1433	0.27508325
1434	0.31161966
1435	0.29293641
1436	0.27759162
1437	0.30213882
1438	0.30507909
1439	0.28922317
1440	0.26094554
1441	0.27872312
1442	0.27257874
1443	0.27510908
1444	0.30282859
1445	0.25021670
1446	0.29062372
1447	0.26973987
1448	0.24651780
1449	0.27500411
1450	0.25355221
1451	0.27972618
1452	0.30353887
1453	0.24628741
1454	0.23691780
1455	0.24366560
1456	0.27029368
1457	0.22489042
1458	0.23406429
1459	0.28204789
1460	0.33619930
1461	0.29080306
1462	0.30141921
1463	0.30436891
1464	0.29055527
1465	0.29182166
1466	0.28410346
1467	0.30968370
1468	0.29349819
1469	0.31034594
1470	0.26274022
1471	0.24571018
1472	0.23639483
1473	0.27409318
1474	0.24434930
1475	0.23881881
1476	0.24400627
1477	0.30160918
1478	0.27455311
1479	0.22889393
1480	0.29148771
1481	0.31380476
1482	0.30219052
1483	0.26788079
1484	0.26783781
1485	0.26733631
1486	0.27280025
1487	0.31135211
1488	0.28835201
1489	0.28635627
1490	0.29311590
1491	0.24928225
1492	0.27843651
1493	0.23871148
1494	0.27860486
1495	0.28398119
1496	0.29026023
1497	0.26782864
1498	0.24325311
1499	0.31562232
1500	0.31568495
1501	0.25658821
1502	0.30412467
1503	0.29775035
1504	0.26589067
1505	0.27346289
1506	0.32485020
1507	0.27310426
1508	0.28110246
1509	0.25972503
1510	0.27999784
1511	0.27568967
1512	0.27288280
1513	0.26004794
1514	0.30250150
1515	0.30352778
1516	0.28938586
1517	0.28038816
1518	0.25619178
1519	0.24495181
1520	0.24017041
1521	0.23436239
1522	0.27791078
1523	0.26667934
1524	0.30204910
1525	0.27198852
1526	0.23241836
1527	0.25193009
1528	0.32102096
1529	0.25157071
1530	0.31713872
1531	0.31432367
1532	0.30289173
1533	0.27229674
1534	0.26055747
1535	0.23700848
1536	0.28175246
1537	0.24281685
1538	0.25998190
1539	0.25531655
1540	0.24846896
1541	0.23377232
1542	0.28673746
1543	0.28471299
1544	0.22267693
1545	0.28320030
1546	0.26307944
1547	0.29392257
1548	0.27225848
1549	0.24787046
1550	0.25677563
1551	0.28463781
1552	0.25286449
1553	0.26391058
1554	0.26307603
1555	0.28021951
1556	0.24021113
1557	0.25997538
1558	0.23416339
1559	0.26344017
1560	0.26157467
1561	0.26451148
1562	0.23876489
1563	0.25923601
1564	0.29644493
1565	0.25868506
1566	0.29646911
1567	0.25316600
1568	0.28014127
1569	0.26448706
1570	0.28178521
1571	0.24443551
1572	0.23666785
1573	0.29792919
1574	0.29182708
1575	0.27972382
1576	0.28127638
1577	0.32243275
1578	0.27637282
1579	0.27284233
1580	0.24985727
1581	0.25838847
1582	0.25766469
1583	0.25189398
1584	0.27224042
1585	0.25849042
1586	0.24240165
1587	0.26626750
1588	0.29191174
1589	0.26841590
1590	0.25122482
1591	0.27084208
1592	0.26266153
1593	0.24075923
1594	0.25375206
1595	0.26464423
1596	0.23013506
1597	0.28566334
1598	0.26956148
1599	0.29617217
1600	0.23814629
1601	0.26465326
1602	0.30994799
1603	0.29119639
1604	0.31523847
1605	0.27125888
1606	0.23840406
1607	0.25063485
1608	0.27962021
1609	0.28195361
1610	0.24163295
1611	0.27827377
1612	0.30330502
1613	0.23725557
1614	0.29694885
1615	0.25711770
1616	0.28110612
1617	0.27659037
1618	0.28171254
1619	0.24312387
1620	0.25024744
1621	0.25863069
1622	0.28230918
1623	0.24411409
1624	0.26370998
1625	0.26485537
1626	0.23965351
1627	0.27372989
1628	0.27806013
1629	0.29014729
1630	0.27122778
1631	0.27779559
1632	0.27385135
1633	0.26165080
1634	0.30139152
1635	0.25781575
1636	0.29639769
1637	0.26465953
1638	0.24081750
1639	0.26333104
1640	0.26650171
1641	0.27210316
1642	0.25051499
1643	0.24143390
1644	0.28812422
1645	0.26475602
1646	0.28539152
1647	0.27062166
1648	0.27669037
1649	0.26429032
1650	0.25858736
1651	0.30245431
1652	0.26977487
1653	0.23688360
1654	0.27653887
1655	0.29162151
1656	0.23586640
1657	0.21887227
1658	0.24902733
1659	0.25807593
1660	0.27556660
1661	0.23577372
1662	0.25392648
1663	0.24269057
1664	0.27702427
1665	0.27318240
1666	0.26540517
1667	0.22966810
1668	0.24172352
1669	0.25877818
1670	0.24675145
1671	0.26611760
1672	0.22631775
1673	0.30495963
1674	0.25936189
1675	0.25320226
1676	0.23904704
1677	0.21920522
1678	0.25576224
1679	0.27091600
1680	0.29452618
1681	0.26619423
1682	0.28442944
1683	0.21765491
1684	0.24920943
1685	0.24939870
1686	0.28975983
1687	0.27702889
1688	0.24573270
1689	0.24129393
1690	0.27317839
1691	0.25785040
1692	0.26157247
1693	0.27396008
1694	0.29701550
1695	0.26065421
1696	0.29723395
1697	0.27278621
1698	0.26294448
1699	0.24454769
1700	0.24810356
1701	0.26272628
1702	0.24723681
1703	0.25954243
1704	0.26563746
1705	0.25874930
1706	0.24904539
1707	0.25274072
1708	0.30232066
1709	0.22637136
1710	0.27869037
1711	0.26684077
1712	0.31515261
1713	0.27601805
1714	0.28774258
1715	0.29558175
1716	0.28551961
1717	0.25282974
1718	0.27759423
1719	0.25843867
1720	0.28851434
1721	0.23898455
1722	0.25688395
1723	0.27198290
1724	0.23796710
1725	0.27792658
1726	0.26842182
1727	0.25217874
1728	0.27636600
1729	0.25715176
1730	0.26171199
1731	0.24198395
1732	0.27431179
1733	0.27020196
1734	0.26408205
1735	0.29027202
1736	0.25113571
1737	0.24485948
1738	0.26460271
1739	0.24398701
1740	0.24006309
1741	0.24656479
1742	0.28308641
1743	0.26708877
1744	0.29071705
1745	0.27952613
1746	0.23862382
1747	0.24255176
1748	0.27115527
1749	0.22936780
1750	0.26544433
1751	0.24139413
1752	0.24632994
1753	0.24709599
1754	0.26483651
1755	0.26362869
1756	0.26992653
1757	0.24500848
1758	0.26694183
1759	0.28774413
1760	0.29849278
1761	0.26191815
1762	0.25072839
1763	0.27746770
1764	0.25991695
1765	0.26392919
1766	0.28891961
1767	0.24872628
1768	0.26501841
1769	0.29738495
1770	0.24760120
1771	0.25327046
1772	0.23027021
1773	0.26530807
1774	0.25815100
1775	0.25942467
1776	0.26169955
1777	0.24738134
1778	0.28696324
1779	0.25791971
1780	0.28288521
1781	0.27295817
1782	0.24436760
1783	0.24644980
1784	0.24837713
1785	0.25258340
1786	0.27469077
1787	0.26082141
1788	0.24679559
1789	0.26128300
1790	0.26467192
1791	0.26240812
1792	0.26048034
1793	0.28421043
1794	0.28060010
1795	0.27917096
1796	0.23041359
1797	0.28572994
1798	0.26842553
1799	0.22843109
1800	0.28085261
1801	0.20608606
1802	0.26640226
1803	0.25700943
1804	0.22542773
1805	0.29990612
1806	0.24044052
1807	0.24052969
1808	0.26585326
1809	0.26934960
1810	0.25439363
1811	0.27982066
1812	0.22863626
1813	0.25021856
1814	0.24949147
1815	0.27303235
1816	0.23371429
1817	0.27133149
1818	0.27241735
1819	0.26500567
1820	0.26358290
1821	0.23933415
1822	0.22006494
1823	0.24709027
1824	0.23931344
1825	0.26168837
1826	0.27622392
1827	0.23707884
1828	0.23321825
1829	0.23760291
1830	0.23806580
1831	0.27764383
1832	0.25247513
1833	0.24123942
1834	0.25327141
1835	0.26535822
1836	0.25757161
1837	0.24327899
1838	0.28953345
1839	0.22183270
1840	0.23992518
1841	0.24019739
1842	0.25519223
1843	0.27649930
1844	0.26074283
1845	0.26754674
1846	0.27288756
1847	0.28823616
1848	0.25551414
1849	0.24704890
1850	0.26331429
1851	0.21915752
1852	0.26012076
1853	0.26469333
1854	0.20184022
1855	0.27276449
1856	0.24831665
1857	0.24297427
1858	0.28641710
1859	0.24359273
1860	0.24274173
1861	0.22620296
1862	0.23589162
1863	0.25630281
1864	0.26509012
1865	0.24649724
1866	0.25372974
1867	0.24862713
1868	0.27211605
1869	0.27318781
1870	0.25322197
1871	0.28203350
1872	0.26810817
1873	0.26915993
1874	0.23847733
1875	0.20893350
1876	0.26344624
1877	0.26237427
1878	0.25451665
1879	0.23169102
1880	0.28503791
1881	0.26827352
1882	0.25275637
1883	0.23925266
1884	0.29315812
1885	0.26471660
1886	0.25351790
1887	0.24005998
1888	0.24219218
1889	0.24505391
1890	0.28610712
1891	0.25667482
1892	0.25485502
1893	0.25260637
1894	0.25608245
1895	0.25343185
1896	0.23738927
1897	0.25226755
1898	0.28008806
1899	0.24781434
1900	0.28359529
1901	0.19736204
1902	0.24059840
1903	0.22069890
1904	0.23800441
1905	0.23159829
1906	0.26928516
1907	0.26976499
1908	0.26137909
1909	0.24097121
1910	0.20122803
1911	0.26145441
1912	0.23014774
1913	0.25816765
1914	0.29970933
1915	0.22411730
1916	0.25807267
1917	0.23903109
1918	0.28276053
1919	0.26145206
1920	0.23357066
1921	0.22692066
1922	0.24334223
1923	0.24450702
1924	0.24383455
1925	0.28010266
1926	0.24656620
1927	0.23825120
1928	0.23745858
1929	0.23732392
1930	0.26012999
1931	0.25090732
1932	0.23168591
1933	0.26023260
1934	0.24046459
1935	0.24810797
1936	0.26972518
1937	0.26255431
1938	0.25899860
1939	0.23281324
1940	0.28267758
1941	0.24327683
1942	0.24715652
1943	0.24077713
1944	0.23605080
1945	0.27067452
1946	0.28941339
1947	0.27542242
1948	0.25667793
1949	0.24496540
1950	0.24817673
1951	0.23042503
1952	0.26232748
1953	0.25598701
1954	0.23756163
1955	0.26274433
1956	0.24332869
1957	0.29987437
1958	0.23913175
1959	0.25289363
1960	0.25302307
1961	0.23572202
1962	0.25928300
1963	0.21426289
1964	0.27304273
1965	0.23336138
1966	0.24999870
1967	0.24890627
1968	0.22256053
1969	0.23564363
1970	0.25731735
1971	0.24411981
1972	0.25127753
1973	0.26469208
1974	0.26395542
1975	0.25531750
1976	0.27003004
1977	0.24362427
1978	0.26466876
1979	0.24656720
1980	0.27430687
1981	0.24468385
1982	0.24144855
1983	0.23672964
1984	0.24477497
1985	0.26872553
1986	0.22750201
1987	0.24167372
1988	0.27091525
1989	0.25905251
1990	0.27465421
1991	0.22140266
1992	0.23065602
1993	0.25262513
