0	0.59967537
1	0.60002793
2	0.59683412
3	0.59949324
4	0.59957749
5	0.50378694
6	0.59855700
7	0.59406226
8	0.56824177
9	0.59990738
10	0.59977728
11	0.59979344
12	0.59987790
13	0.59992065
14	0.59985188
15	0.59971404
16	0.59959076
17	0.59430315
18	0.60001631
19	0.59990036
20	0.59620057
21	0.59791389
22	0.59960558
23	0.59995896
24	0.59974734
25	0.59291688
26	0.59414977
27	0.59882953
28	0.57133118
29	0.59644089
30	0.59798658
31	0.59765390
32	0.59908028
33	0.59585364
34	0.56663980
35	0.59936871
36	0.55846216
37	0.59840857
38	0.59211440
39	0.57788281
40	0.56476536
41	0.54620181
42	0.59872540
43	0.58164879
44	0.58976242
45	0.58844388
46	0.58191502
47	0.59772334
48	0.57730712
49	0.58965028
50	0.58385126
51	0.59453072
52	0.59376722
53	0.59838059
54	0.58014910
55	0.59430516
56	0.56641936
57	0.54926954
58	0.57778715
59	0.58210196
60	0.53340552
61	0.59090532
62	0.59070031
63	0.59132065
64	0.53561389
65	0.58835276
66	0.48714017
67	0.59080176
68	0.58092318
69	0.51098198
70	0.53567212
71	0.47044450
72	0.56081187
73	0.58138900
74	0.57810754
75	0.59416557
76	0.55131657
77	0.54830707
78	0.56877062
79	0.59897718
80	0.58148431
81	0.54527697
82	0.56321559
83	0.52828209
84	0.54825405
85	0.56152328
86	0.58785534
87	0.57578487
88	0.59012401
89	0.58033593
90	0.57795137
91	0.55192679
92	0.47457321
93	0.49525075
94	0.54585276
95	0.49493397
96	0.51361729
97	0.58247868
98	0.48542643
99	0.58020630
100	0.47188704
101	0.54412323
102	0.57076918
103	0.54444099
104	0.57489773
105	0.56095875
106	0.55876335
107	0.57528394
108	0.55320145
109	0.53345271
110	0.50073268
111	0.47695818
112	0.50932457
113	0.59537424
114	0.51188322
115	0.57514135
116	0.52595539
117	0.57065395
118	0.55764455
119	0.57402256
120	0.54078869
121	0.54422364
122	0.55511580
123	0.51628998
124	0.53643634
125	0.57271915
126	0.55089670
127	0.58769525
128	0.51357496
129	0.51646360
130	0.51592984
131	0.54593242
132	0.54992741
133	0.49367956
134	0.57039442
135	0.54151988
136	0.57220516
137	0.53045772
138	0.57335658
139	0.55021864
140	0.43951094
141	0.54311910
142	0.43245075
143	0.47580191
144	0.55163474
145	0.53806149
146	0.46535829
147	0.51624884
148	0.45689422
149	0.55259850
150	0.54321920
151	0.55747703
152	0.50362783
153	0.51451002
154	0.51025963
155	0.53573443
156	0.55965245
157	0.56521079
158	0.50381657
159	0.51258952
160	0.42321750
161	0.50885338
162	0.50300196
163	0.49361657
164	0.47621332
165	0.52500650
166	0.44280072
167	0.46177135
168	0.46243826
169	0.52665823
170	0.47715854
171	0.41484393
172	0.53055163
173	0.51468931
174	0.48312210
175	0.55877357
176	0.43823748
177	0.53317088
178	0.55428601
179	0.49319695
180	0.54615338
181	0.45855607
182	0.51236464
183	0.45484548
184	0.49257021
185	0.53033294
186	0.48650299
187	0.40150842
188	0.42394115
189	0.50759370
190	0.50660986
191	0.53667888
192	0.45939417
193	0.52103345
194	0.49448539
195	0.48823252
196	0.48202117
197	0.50730207
198	0.52772901
199	0.45647491
200	0.47165467
201	0.54258766
202	0.51056866
203	0.48216866
204	0.57397966
205	0.55126572
206	0.49304781
207	0.50764042
208	0.53368322
209	0.40302452
210	0.49872829
211	0.49907315
212	0.52822091
213	0.50066722
214	0.47397594
215	0.48998998
216	0.43611027
217	0.42764806
218	0.48006262
219	0.50863247
220	0.52072705
221	0.53037950
222	0.45414641
223	0.50595297
224	0.53695178
225	0.50703134
226	0.40182762
227	0.50014512
228	0.52589494
229	0.47385111
230	0.44091729
231	0.47273552
232	0.44691440
233	0.45438307
234	0.49825390
235	0.46272013
236	0.43091874
237	0.45179541
238	0.40653175
239	0.50752679
240	0.46690207
241	0.40855844
242	0.44884925
243	0.48004522
244	0.48433965
245	0.54461213
246	0.51910351
247	0.46780537
248	0.46783139
249	0.40464879
250	0.54019205
251	0.49086242
252	0.45760847
253	0.48395147
254	0.45931502
255	0.53530718
256	0.54415178
257	0.46611797
258	0.39249938
259	0.49329917
260	0.48445529
261	0.45669060
262	0.40668332
263	0.37799830
264	0.48409680
265	0.40024930
266	0.52281048
267	0.47955663
268	0.43936025
269	0.45013944
270	0.44868539
271	0.38267878
272	0.45537150
273	0.36212225
274	0.45348539
275	0.42102173
276	0.46406551
277	0.50504017
278	0.50047620
279	0.45241915
280	0.43045854
281	0.46144161
282	0.50582674
283	0.47755870
284	0.50780315
285	0.49774817
286	0.48321022
287	0.50399427
288	0.48979902
289	0.45879582
290	0.49199344
291	0.42832261
292	0.49486495
293	0.41955679
294	0.46951327
295	0.48408906
296	0.48586970
297	0.39146396
298	0.40196866
299	0.44302065
300	0.50555524
301	0.43358167
302	0.50964879
303	0.44878415
304	0.50685896
305	0.45907899
306	0.40268487
307	0.41804424
308	0.48546877
309	0.43346293
310	0.48217873
311	0.45069360
312	0.41556438
313	0.42348725
314	0.49139236
315	0.42505034
316	0.39667150
317	0.41235927
318	0.44248260
319	0.43867042
320	0.52063314
321	0.45856634
322	0.46333887
323	0.46212328
324	0.42418699
325	0.43762907
326	0.46302349
327	0.41214770
328	0.42277192
329	0.43350532
330	0.41504528
331	0.49528885
332	0.48258947
333	0.44147558
334	0.53699716
335	0.49844316
336	0.45357073
337	0.46123774
338	0.44814517
339	0.48178549
340	0.41515152
341	0.47912540
342	0.44754579
343	0.45428167
344	0.47956350
345	0.47332024
346	0.41748183
347	0.44411311
348	0.48768802
349	0.41640558
350	0.48098255
351	0.46159515
352	0.36652803
353	0.46221038
354	0.39415343
355	0.48367961
356	0.48629783
357	0.43184956
358	0.42458152
359	0.45481807
360	0.42853464
361	0.40508374
362	0.44276933
363	0.41152777
364	0.48046138
365	0.45797486
366	0.48231033
367	0.40734078
368	0.40794032
369	0.47173428
370	0.48414574
371	0.33229871
372	0.44493098
373	0.42361430
374	0.40669499
375	0.46224605
376	0.42786531
377	0.46146324
378	0.50404404
379	0.36899262
380	0.45922927
381	0.51847212
382	0.44196324
383	0.41357512
384	0.45086825
385	0.38740816
386	0.32796603
387	0.41980805
388	0.42175658
389	0.45981642
390	0.50619024
391	0.43024889
392	0.38509200
393	0.35248554
394	0.36060558
395	0.34035968
396	0.39870666
397	0.41331729
398	0.36711456
399	0.41015457
400	0.49141110
401	0.48587553
402	0.40978725
403	0.51364373
404	0.49235034
405	0.52920630
406	0.40562013
407	0.49709948
408	0.36445194
409	0.46419577
410	0.45873774
411	0.41627104
412	0.43258539
413	0.35140728
414	0.38362695
415	0.35398921
416	0.34917099
417	0.42386732
418	0.35475457
419	0.40115287
420	0.41005983
421	0.43775627
422	0.39088105
423	0.41016014
424	0.41862767
425	0.45663025
426	0.44112839
427	0.41464120
428	0.43729066
429	0.42623908
430	0.42076861
431	0.39755343
432	0.50952984
433	0.42529747
434	0.43600434
435	0.39525075
436	0.37707068
437	0.39880501
438	0.39793583
439	0.39484337
440	0.41161022
441	0.40010232
442	0.34311456
443	0.40309427
444	0.33231585
445	0.42835756
446	0.40827775
447	0.49684233
448	0.41506944
449	0.39263960
450	0.41273660
451	0.49291311
452	0.48662602
453	0.43910604
454	0.42176773
455	0.39871079
456	0.45783836
457	0.38759499
458	0.38400294
459	0.36412757
460	0.40087682
461	0.40294342
462	0.43892705
463	0.49228967
464	0.41646624
465	0.40762850
466	0.39716551
467	0.40891900
468	0.42299990
469	0.36217238
470	0.50784316
471	0.46672385
472	0.37198978
473	0.43734889
474	0.35509948
475	0.47171657
476	0.40117677
477	0.39350532
478	0.43954022
479	0.37270909
480	0.39351745
481	0.40328900
482	0.38055065
483	0.40156190
484	0.44619824
485	0.47970496
486	0.44543542
487	0.34745653
488	0.52600831
489	0.33752958
490	0.41694440
491	0.37024770
492	0.41422845
493	0.45266288
494	0.43190878
495	0.42546159
496	0.38731466
497	0.38723438
498	0.34542096
499	0.42611843
500	0.34943191
501	0.38142199
502	0.40345643
503	0.38123232
504	0.37920067
505	0.34131936
506	0.36711378
507	0.38903387
508	0.49230005
509	0.36846526
510	0.35823521
511	0.40894491
512	0.39129035
513	0.45760145
514	0.38386851
515	0.41376422
516	0.39679375
517	0.39791255
518	0.45813237
519	0.36672401
520	0.33137775
521	0.34604595
522	0.38461735
523	0.37492571
524	0.43255844
525	0.48494853
526	0.45298885
527	0.42451513
528	0.41919979
529	0.44005333
530	0.32944641
531	0.38474089
532	0.39059060
533	0.36809494
534	0.41109029
535	0.44633619
536	0.32562881
537	0.36432597
538	0.36675126
539	0.42549401
540	0.40478317
541	0.40860423
542	0.51710361
543	0.49067728
544	0.41460098
545	0.39058642
546	0.38078658
547	0.36034848
548	0.38708838
549	0.40012179
550	0.37763309
551	0.47853418
552	0.38945018
553	0.37050723
554	0.43788890
555	0.39421203
556	0.38766056
557	0.36200919
558	0.39578673
559	0.39946195
560	0.34854507
561	0.40312876
562	0.44331316
563	0.36814455
564	0.42428715
565	0.39745462
566	0.41328983
567	0.34348880
568	0.37933851
569	0.44160129
570	0.38252055
571	0.40083856
572	0.37336644
573	0.35007099
574	0.46428518
575	0.37309463
576	0.41109783
577	0.30581637
578	0.36355761
579	0.36413258
580	0.42340640
581	0.35173154
582	0.41014564
583	0.38972013
584	0.39230996
585	0.38696908
586	0.37189613
587	0.35791301
588	0.34258477
589	0.35519045
590	0.36216577
591	0.42787037
592	0.31481869
593	0.43651249
594	0.36693552
595	0.39173598
596	0.38399375
597	0.37512958
598	0.40324708
599	0.39893779
600	0.35673764
601	0.37752179
602	0.38501729
603	0.34700558
604	0.34115803
605	0.40461750
606	0.33874760
607	0.39866417
608	0.40488214
609	0.38469964
610	0.34024383
611	0.39826686
612	0.40567811
613	0.32635545
614	0.33559773
615	0.34574517
616	0.38290573
617	0.29872447
618	0.45028653
619	0.35858069
620	0.39758611
621	0.41604419
622	0.38282494
623	0.39941064
624	0.40178833
625	0.34249344
626	0.45322019
627	0.31786190
628	0.31426970
629	0.31815199
630	0.36543634
631	0.32917847
632	0.40150010
633	0.38898394
634	0.42633113
635	0.36721156
636	0.38116887
637	0.36171781
638	0.34802963
639	0.36863536
640	0.38930134
641	0.37662586
642	0.35591838
643	0.37942762
644	0.34627377
645	0.39194775
646	0.33048771
647	0.35557558
648	0.43046045
649	0.36223769
650	0.43612426
651	0.32789442
652	0.42194362
653	0.39154682
654	0.32879923
655	0.35747971
656	0.42892339
657	0.38091507
658	0.41683619
659	0.42540155
660	0.43798456
661	0.38036056
662	0.35897305
663	0.34192359
664	0.36054476
665	0.35878766
666	0.32187352
667	0.28929091
668	0.39735684
669	0.36463015
670	0.38068653
671	0.39055152
672	0.38470212
673	0.39093185
674	0.38699360
675	0.43336335
676	0.39519928
677	0.33018570
678	0.34922122
679	0.41601786
680	0.42350872
681	0.44623511
682	0.32673402
683	0.35894899
684	0.39495958
685	0.36870258
686	0.40038178
687	0.36213123
688	0.33509148
689	0.38980656
690	0.34153521
691	0.42276665
692	0.34551771
693	0.35078725
694	0.43963433
695	0.36087641
696	0.37273392
697	0.43189546
698	0.40002607
699	0.37415152
700	0.35096923
701	0.39614868
702	0.40809473
703	0.31857543
704	0.36037140
705	0.32616443
706	0.40413283
707	0.36920372
708	0.41595679
709	0.32262019
710	0.34077553
711	0.37799948
712	0.33823325
713	0.30290067
714	0.28032597
715	0.34785700
716	0.37572158
717	0.31322814
718	0.34244904
719	0.41388627
720	0.34768957
721	0.35435870
722	0.35132199
723	0.36709081
724	0.41274966
725	0.43066324
726	0.31089541
727	0.35707223
728	0.31361285
729	0.41254595
730	0.32305080
731	0.31397754
732	0.32590811
733	0.40403526
734	0.37517068
735	0.36976877
736	0.34881347
737	0.37714347
738	0.38209122
739	0.37221729
740	0.36540346
741	0.36870842
742	0.33614827
743	0.38852602
744	0.40212127
745	0.35206412
746	0.37005245
747	0.36262597
748	0.37116319
749	0.31598451
750	0.36414486
751	0.40211626
752	0.36710299
753	0.36541528
754	0.37507424
755	0.38982525
756	0.36351735
757	0.33257553
758	0.38918668
759	0.36176149
760	0.44169189
761	0.35268833
762	0.29157259
763	0.41483779
764	0.29080284
765	0.35488209
766	0.31959081
767	0.32023144
768	0.30250134
769	0.31837899
770	0.34416990
771	0.37735266
772	0.36718049
773	0.30772060
774	0.39374233
775	0.34582349
776	0.30250914
777	0.40502659
778	0.35992974
779	0.38165008
780	0.37707656
781	0.40336897
782	0.37649577
783	0.38132612
784	0.34691487
785	0.40126644
786	0.33831105
787	0.33492390
788	0.37106495
789	0.39651007
790	0.31113495
791	0.35295323
792	0.41877414
793	0.35314806
794	0.29980485
795	0.27568508
796	0.37445648
797	0.34892003
798	0.37996706
799	0.37645488
800	0.33007987
801	0.37687827
802	0.32603815
803	0.36118637
804	0.32373557
805	0.34939432
806	0.38501528
807	0.39372411
808	0.33799628
809	0.39303464
810	0.31860041
811	0.32499659
812	0.32334146
813	0.30787093
814	0.38537357
815	0.34857341
816	0.34484290
817	0.33286588
818	0.38289535
819	0.34947765
820	0.36172292
821	0.32565416
822	0.33018508
823	0.37094910
824	0.34140207
825	0.37472752
826	0.34772194
827	0.35987253
828	0.30317522
829	0.31668864
830	0.37857398
831	0.30006164
832	0.37282406
833	0.39191890
834	0.31887037
835	0.43579463
836	0.32738410
837	0.34114868
838	0.38594910
839	0.36579639
840	0.34324626
841	0.36092721
842	0.35335385
843	0.37683067
844	0.32651022
845	0.34118647
846	0.34541771
847	0.33108704
848	0.34169122
849	0.36035348
850	0.34886949
851	0.36891007
852	0.29228121
853	0.39927326
854	0.29287078
855	0.36867088
856	0.33392499
857	0.34160423
858	0.33165395
859	0.33104259
860	0.39145163
861	0.33409024
862	0.33006329
863	0.40711637
864	0.37334151
865	0.38241265
866	0.34329360
867	0.31566422
868	0.34922901
869	0.33027403
870	0.31314806
871	0.31048012
872	0.36582447
873	0.29276577
874	0.31253645
875	0.35761673
876	0.31171828
877	0.32701678
878	0.33499215
879	0.35458369
880	0.30774078
881	0.31059582
882	0.30991828
883	0.32564677
884	0.36403996
885	0.32112297
886	0.38450986
887	0.32311430
888	0.33604605
889	0.36482478
890	0.42822266
891	0.31704806
892	0.34340341
893	0.37647543
894	0.36916722
895	0.34671786
896	0.31521611
897	0.33663454
898	0.32143036
899	0.33169871
900	0.34051647
901	0.34041311
902	0.34933010
903	0.33036180
904	0.28748043
905	0.34087295
906	0.32366433
907	0.34360671
908	0.35848338
909	0.35024569
910	0.35090878
911	0.30432246
912	0.34909344
913	0.31977238
914	0.32741595
915	0.29997821
916	0.31664548
917	0.31319886
918	0.38682783
919	0.34208962
920	0.33368596
921	0.34966469
922	0.33317197
923	0.28475245
924	0.36159422
925	0.38640563
926	0.31651363
927	0.33953443
928	0.34005457
929	0.33455570
930	0.30617150
931	0.35811724
932	0.29542220
933	0.35877295
934	0.33585720
935	0.31435565
936	0.31046422
937	0.34102029
938	0.36054941
939	0.39597026
940	0.31925070
941	0.34645622
942	0.32456582
943	0.33718818
944	0.34117455
945	0.30700237
946	0.32128431
947	0.30871002
948	0.33386789
949	0.37006009
950	0.33107078
951	0.30658405
952	0.34560774
953	0.27470361
954	0.37953242
955	0.37699954
956	0.29798441
957	0.35932633
958	0.36290010
959	0.29453681
960	0.36803438
961	0.31970031
962	0.29903144
963	0.29785173
964	0.32223485
965	0.31255034
966	0.35694445
967	0.35082158
968	0.34557888
969	0.34977021
970	0.31430681
971	0.32358229
972	0.30057243
973	0.29601301
974	0.33396603
975	0.30761642
976	0.37142721
977	0.33297636
978	0.27905194
979	0.35466484
980	0.36840423
981	0.29955891
982	0.31864863
983	0.32720888
984	0.30823433
985	0.34856257
986	0.34723474
987	0.34638890
988	0.32774977
989	0.31444791
990	0.31420382
991	0.35066433
992	0.33209473
993	0.35730893
994	0.35800836
995	0.31604899
996	0.32638529
997	0.32208632
998	0.33371735
999	0.25570501
1000	0.31204703
1001	0.34394269
1002	0.27815576
1003	0.31035787
1004	0.33924409
1005	0.33039029
1006	0.33311657
1007	0.31431781
1008	0.38171647
1009	0.30198730
1010	0.30226696
1011	0.28914244
1012	0.27017455
1013	0.31335601
1014	0.28562339
1015	0.30584899
1016	0.30970640
1017	0.36240186
1018	0.33092070
1019	0.37170232
1020	0.30977124
1021	0.36657925
1022	0.32251988
1023	0.33395787
1024	0.30552643
1025	0.34043991
1026	0.33216546
1027	0.34900119
1028	0.37023252
1029	0.29218880
1030	0.28979845
1031	0.29487300
1032	0.28850305
1033	0.29271224
1034	0.31339009
1035	0.33961647
1036	0.31152788
1037	0.30228978
1038	0.34402509
1039	0.39073072
1040	0.35454151
1041	0.34794115
1042	0.30116433
1043	0.32364192
1044	0.33980836
1045	0.29112819
1046	0.30342685
1047	0.33046309
1048	0.32910274
1049	0.31218689
1050	0.31743263
1051	0.34424631
1052	0.29536273
1053	0.31300459
1054	0.35521575
1055	0.30649788
1056	0.41965416
1057	0.31387207
1058	0.31987966
1059	0.34965416
1060	0.33490196
1061	0.29162710
1062	0.33175953
1063	0.27711673
1064	0.28165488
1065	0.38707109
1066	0.35230093
1067	0.32812772
1068	0.33107145
1069	0.26370728
1070	0.34023676
1071	0.34260929
1072	0.32891838
1073	0.28627439
1074	0.32920516
1075	0.29850903
1076	0.28928260
1077	0.32103583
1078	0.35080656
1079	0.32874533
1080	0.36196928
1081	0.37499799
1082	0.32554600
1083	0.32292731
1084	0.34223242
1085	0.34584750
1086	0.29439370
1087	0.32087109
1088	0.30921879
1089	0.30355369
1090	0.31694538
1091	0.30211301
1092	0.31813753
1093	0.31193221
1094	0.33514357
1095	0.33542932
1096	0.32697925
1097	0.31131316
1098	0.32330299
1099	0.33157026
1100	0.31300346
1101	0.31213351
1102	0.34266056
1103	0.29978622
1104	0.35877305
1105	0.32943051
1106	0.29887584
1107	0.33783371
1108	0.28021884
1109	0.31356076
1110	0.28921704
1111	0.29235054
1112	0.38536113
1113	0.33334667
1114	0.28970697
1115	0.27956871
1116	0.29359819
1117	0.29294187
1118	0.30021776
1119	0.34091466
1120	0.28334904
1121	0.33656882
1122	0.30929035
1123	0.34765256
1124	0.33385250
1125	0.35264708
1126	0.30486082
1127	0.33186298
1128	0.35159757
1129	0.35876118
1130	0.37515663
1131	0.30045256
1132	0.33285059
1133	0.33803077
1134	0.30401662
1135	0.35565880
1136	0.27518394
1137	0.32683397
1138	0.30212664
1139	0.30149484
1140	0.32322318
1141	0.32714626
1142	0.28961084
1143	0.30851043
1144	0.31663614
1145	0.30256742
1146	0.34859757
1147	0.31387290
1148	0.27924373
1149	0.32130594
1150	0.31075818
1151	0.29906464
1152	0.29732555
1153	0.31465230
1154	0.26478271
1155	0.30650547
1156	0.28942824
1157	0.31165256
1158	0.33859639
1159	0.28658286
1160	0.29716758
1161	0.33379076
1162	0.31969313
1163	0.27853604
1164	0.25125493
1165	0.31705694
1166	0.33253206
1167	0.34795519
1168	0.30691435
1169	0.31076138
1170	0.27717827
1171	0.26078276
1172	0.30222313
1173	0.30239520
1174	0.31821105
1175	0.33771120
1176	0.30455462
1177	0.29367899
1178	0.29051564
1179	0.31838849
1180	0.29111662
1181	0.31321683
1182	0.32493273
1183	0.35343867
1184	0.33299793
1185	0.28047656
1186	0.28402963
1187	0.33221446
1188	0.26216701
1189	0.28141833
1190	0.32584910
1191	0.29608152
1192	0.34923567
1193	0.33361229
1194	0.34398849
1195	0.31965545
1196	0.27906928
1197	0.29587894
1198	0.27128049
1199	0.35123221
1200	0.29205312
1201	0.31909236
1202	0.34233495
1203	0.39047852
1204	0.33903443
1205	0.32406887
1206	0.33395395
1207	0.29151435
1208	0.36334089
1209	0.34497883
1210	0.28620398
1211	0.28200650
1212	0.33528064
1213	0.26308317
1214	0.31286660
1215	0.28656505
1216	0.30958864
1217	0.28666804
1218	0.32947837
1219	0.32734171
1220	0.30534073
1221	0.31210981
1222	0.29799324
1223	0.29430351
1224	0.37024961
1225	0.28601884
1226	0.28728389
1227	0.30970413
1228	0.32854837
1229	0.27753619
1230	0.29218895
1231	0.28537295
1232	0.34395854
1233	0.29484621
1234	0.33057068
1235	0.33447233
1236	0.30824806
1237	0.29113330
1238	0.28497625
1239	0.35321280
1240	0.29788152
1241	0.26605359
1242	0.36388369
1243	0.29726768
1244	0.29887749
1245	0.31109102
1246	0.29501347
1247	0.29165178
1248	0.30698095
1249	0.28992101
1250	0.27869220
1251	0.28039732
1252	0.30540134
1253	0.25317976
1254	0.31756433
1255	0.30457692
1256	0.32474197
1257	0.26272927
1258	0.30507088
1259	0.30073196
1260	0.29774863
1261	0.28564863
1262	0.31493087
1263	0.32407047
1264	0.29671477
1265	0.30066933
1266	0.32880454
1267	0.29373139
1268	0.23927568
1269	0.33262442
1270	0.32374140
1271	0.32611533
1272	0.27310212
1273	0.33710150
1274	0.28300506
1275	0.28847398
1276	0.33474073
1277	0.34004239
1278	0.29312395
1279	0.25849463
1280	0.28554972
1281	0.28376319
1282	0.28079525
1283	0.31916402
1284	0.24498451
1285	0.31805034
1286	0.27945416
1287	0.28319948
1288	0.30209541
1289	0.29955199
1290	0.27251373
1291	0.32129458
1292	0.28459029
1293	0.28779060
1294	0.31243820
1295	0.27038296
1296	0.31413604
1297	0.28955958
1298	0.28303191
1299	0.30355736
1300	0.29730320
1301	0.30950454
1302	0.30227945
1303	0.30410919
1304	0.34311043
1305	0.31680625
1306	0.28095963
1307	0.34535725
1308	0.30130826
1309	0.34199788
1310	0.29742251
1311	0.29908110
1312	0.28377666
1313	0.32890150
1314	0.31257785
1315	0.31611616
1316	0.31476009
1317	0.27278771
1318	0.28026443
1319	0.27777734
1320	0.26706149
1321	0.31277398
1322	0.28661817
1323	0.35098121
1324	0.30549164
1325	0.31269076
1326	0.33819938
1327	0.29003113
1328	0.30736221
1329	0.29944713
1330	0.29055922
1331	0.29571538
1332	0.26970847
1333	0.27424837
1334	0.31989690
1335	0.29480403
1336	0.28877517
1337	0.29960630
1338	0.30495545
1339	0.29949768
1340	0.32927264
1341	0.31824244
1342	0.32364517
1343	0.31457336
1344	0.37617016
1345	0.29590738
1346	0.31404084
1347	0.32722292
1348	0.29795183
1349	0.28362158
1350	0.32347465
1351	0.26808740
1352	0.29077976
1353	0.35366169
1354	0.30260578
1355	0.28522881
1356	0.32987651
1357	0.29270764
1358	0.33356939
1359	0.33805756
1360	0.32266097
1361	0.33752179
1362	0.30927677
1363	0.30547770
1364	0.32351740
1365	0.38897445
1366	0.30464734
1367	0.31228838
1368	0.32067207
1369	0.35308007
1370	0.33583366
1371	0.28928585
1372	0.32603289
1373	0.24732783
1374	0.29730702
1375	0.28428307
1376	0.31627166
1377	0.32423196
1378	0.27467703
1379	0.36645860
1380	0.27466748
1381	0.29961105
1382	0.31606954
1383	0.35790372
1384	0.28075958
1385	0.30728916
1386	0.28055338
1387	0.28420893
1388	0.28045447
1389	0.26279809
1390	0.30834760
1391	0.26565509
1392	0.30685782
1393	0.34152525
1394	0.28536107
1395	0.30169747
1396	0.27963552
1397	0.30005183
1398	0.30011910
1399	0.29922473
1400	0.24803567
1401	0.31221724
1402	0.27765369
1403	0.30914037
1404	0.28846753
1405	0.31813521
1406	0.31087357
1407	0.28571621
1408	0.31321471
1409	0.30529138
1410	0.31950934
1411	0.28112473
1412	0.29175565
1413	0.32476840
1414	0.26444197
1415	0.29315493
1416	0.27235937
1417	0.27774879
1418	0.35393072
1419	0.32982163
1420	0.29335503
1421	0.26458441
1422	0.26598358
1423	0.30520052
1424	0.31290893
1425	0.31392896
1426	0.27644373
1427	0.30367775
1428	0.29200614
1429	0.30578761
1430	0.30142969
1431	0.27889757
1432	0.30284801
1433	0.33570031
1434	0.27514935
1435	0.26621172
1436	0.27859319
1437	0.33747450
1438	0.29889267
1439	0.31504326
1440	0.27911879
1441	0.29074843
1442	0.29144461
1443	0.29178136
1444	0.32546655
1445	0.30261786
1446	0.28400325
1447	0.30716887
1448	0.28667155
1449	0.34740160
1450	0.24336020
1451	0.29220015
1452	0.26568126
1453	0.28006314
1454	0.29154796
1455	0.26334316
1456	0.28613351
1457	0.29692215
1458	0.28290594
1459	0.31151064
1460	0.28684347
1461	0.25899690
1462	0.28861291
1463	0.30546526
1464	0.30917883
1465	0.31014915
1466	0.29096329
1467	0.27113412
1468	0.29818219
1469	0.28889969
1470	0.30433072
1471	0.25162783
1472	0.30423588
1473	0.30268049
1474	0.29874213
1475	0.32220439
1476	0.32741033
1477	0.30583356
1478	0.29787656
1479	0.31045700
1480	0.29508632
1481	0.25367661
1482	0.30486489
1483	0.26534610
1484	0.31879375
1485	0.29602251
1486	0.24906345
1487	0.31529695
1488	0.35377006
1489	0.27200785
1490	0.25331033
1491	0.29279071
1492	0.26557739
1493	0.33952989
1494	0.28329732
1495	0.29547099
1496	0.33188684
1497	0.27802318
1498	0.28174682
1499	0.28889835
1500	0.26743598
1501	0.27485689
1502	0.28004383
1503	0.27398632
1504	0.25531972
1505	0.33791456
1506	0.26743758
1507	0.30880583
1508	0.30279892
1509	0.27319499
1510	0.29952075
1511	0.30847439
1512	0.30130377
1513	0.27660387
1514	0.25860914
1515	0.27803722
1516	0.26916856
1517	0.30102808
1518	0.29532932
1519	0.29967073
1520	0.26758601
1521	0.28801053
1522	0.30806649
1523	0.31741378
1524	0.30725854
1525	0.31399484
1526	0.31978591
1527	0.25155860
1528	0.32577346
1529	0.28755483
1530	0.27201771
1531	0.28889897
1532	0.29050356
1533	0.28816944
1534	0.26162282
1535	0.28495834
1536	0.26669763
1537	0.32998761
1538	0.29086551
1539	0.27199608
1540	0.32368291
1541	0.27915669
1542	0.31423996
1543	0.28285973
1544	0.29861482
1545	0.28572344
1546	0.31312401
1547	0.29034817
1548	0.24352932
1549	0.26239633
1550	0.28848880
1551	0.32718658
1552	0.27897940
1553	0.27079086
1554	0.31718580
1555	0.28748405
1556	0.26936510
1557	0.33755405
1558	0.26008100
1559	0.29186980
1560	0.27761600
1561	0.27806448
1562	0.29059313
1563	0.26181002
1564	0.29487759
1565	0.26945596
1566	0.30488813
1567	0.28691146
1568	0.28057274
1569	0.28267816
1570	0.26761719
1571	0.30108462
1572	0.32732142
1573	0.31043020
1574	0.32177419
1575	0.28556861
1576	0.32104548
1577	0.26234476
1578	0.28939427
1579	0.29691229
1580	0.32745405
1581	0.31566789
1582	0.32130506
1583	0.29316505
1584	0.33075705
1585	0.24862308
1586	0.28348766
1587	0.30233397
1588	0.31175188
1589	0.30410583
1590	0.30270733
1591	0.26629587
1592	0.30759572
1593	0.29086159
1594	0.27280506
1595	0.27618224
1596	0.26282685
1597	0.27292034
1598	0.29079954
1599	0.28521864
1600	0.25038203
1601	0.29224559
1602	0.28648033
1603	0.26638147
1604	0.26158983
1605	0.29039262
1606	0.29184435
1607	0.23478121
1608	0.26536262
1609	0.25467145
1610	0.29959608
1611	0.29980330
1612	0.28977109
1613	0.29359448
1614	0.28475261
1615	0.27953402
1616	0.31488797
1617	0.29543991
1618	0.29146815
1619	0.28177171
1620	0.29960898
1621	0.23651740
1622	0.26258962
1623	0.26391053
1624	0.28142550
1625	0.25789494
1626	0.24405003
1627	0.30059886
1628	0.29164899
1629	0.28979995
1630	0.31586076
1631	0.30704455
1632	0.26781373
1633	0.27612266
1634	0.28194925
1635	0.27194522
1636	0.26286840
1637	0.32724677
1638	0.31479427
1639	0.28823598
1640	0.27040041
1641	0.28069205
1642	0.27409793
1643	0.25890428
1644	0.25956082
1645	0.30694342
1646	0.29289912
1647	0.28163051
1648	0.27741373
1649	0.30658962
1650	0.26577594
1651	0.25884099
1652	0.27455323
1653	0.30403764
1654	0.26101848
1655	0.25706933
1656	0.28143624
1657	0.29702834
1658	0.26070645
1659	0.24411332
1660	0.24629675
1661	0.26769138
1662	0.27987863
1663	0.23630134
1664	0.29152406
1665	0.26255090
1666	0.27810625
1667	0.30369985
1668	0.26685199
1669	0.27590645
1670	0.27799556
1671	0.30544491
1672	0.28335854
1673	0.29474765
1674	0.26811807
1675	0.27871791
1676	0.27098740
1677	0.27032695
1678	0.29097238
1679	0.26919824
1680	0.29803382
1681	0.22291729
1682	0.26468952
1683	0.31453975
1684	0.26836123
1685	0.28637352
1686	0.28687481
1687	0.30480831
1688	0.28064657
1689	0.27060480
1690	0.26848864
1691	0.24892390
1692	0.30511115
1693	0.29766526
1694	0.29704713
1695	0.28478539
1696	0.29574538
1697	0.28446990
1698	0.27373727
1699	0.27623795
1700	0.25510196
1701	0.27749535
1702	0.24985354
1703	0.26652081
1704	0.29589793
1705	0.28794316
1706	0.28836242
1707	0.31487403
1708	0.28325271
1709	0.29403686
1710	0.28672173
1711	0.27968993
1712	0.29425958
1713	0.28735534
1714	0.25804946
1715	0.27934708
1716	0.30180243
1717	0.26212576
1718	0.27360625
1719	0.28465065
1720	0.28587914
1721	0.24036319
1722	0.32041492
1723	0.29336128
1724	0.30193123
1725	0.26608498
1726	0.28043077
1727	0.25582571
1728	0.28460336
1729	0.25223376
1730	0.24874739
1731	0.25533614
1732	0.29670026
1733	0.31673614
1734	0.29742855
1735	0.26885560
1736	0.26146846
1737	0.25355725
1738	0.29066035
1739	0.26492081
1740	0.26238033
1741	0.26267135
1742	0.24684858
1743	0.25590346
1744	0.28567068
1745	0.23669350
1746	0.26006045
1747	0.26844140
1748	0.25577321
1749	0.26812272
1750	0.28270315
1751	0.25627971
1752	0.28455736
1753	0.29000718
1754	0.25141291
1755	0.28439556
1756	0.29282091
1757	0.28335312
1758	0.24686402
1759	0.27696505
1760	0.30693299
1761	0.26421864
1762	0.27244311
1763	0.28654765
1764	0.24574719
1765	0.24359902
1766	0.26682308
1767	0.30658100
1768	0.28714259
1769	0.25705947
1770	0.28016097
1771	0.27344109
1772	0.26266438
1773	0.25252685
1774	0.25775829
1775	0.27991652
1776	0.26176820
1777	0.27170315
1778	0.22789442
1779	0.29363686
1780	0.25666933
1781	0.30361430
1782	0.26653505
1783	0.24725447
1784	0.28036624
1785	0.28765023
1786	0.29014306
1787	0.25844084
1788	0.29553103
1789	0.28497243
1790	0.23421585
1791	0.27004125
1792	0.25682380
1793	0.28760480
1794	0.31203536
1795	0.28254781
1796	0.24839985
1797	0.27888942
1798	0.22932375
1799	0.23591404
1800	0.27806964
1801	0.29498529
1802	0.25901064
1803	0.24430614
1804	0.24245963
1805	0.27215447
1806	0.25692814
1807	0.25559308
1808	0.29021678
1809	0.26332380
1810	0.26952540
1811	0.31038301
1812	0.28745973
1813	0.25694930
1814	0.25255152
1815	0.28033748
1816	0.27622777
1817	0.27358126
1818	0.27308761
1819	0.26462896
1820	0.27975829
1821	0.24187135
1822	0.27197904
1823	0.27396531
1824	0.32860521
1825	0.28501089
1826	0.27482607
1827	0.32039644
1828	0.31975369
1829	0.28486970
1830	0.26102814
1831	0.27481017
1832	0.23330888
1833	0.23281198
1834	0.27515039
1835	0.26574435
1836	0.26465823
1837	0.28868214
1838	0.25169876
1839	0.25331306
1840	0.24011864
1841	0.27781729
1842	0.26432798
1843	0.25523201
1844	0.23254486
1845	0.27463795
1846	0.25323872
1847	0.28321745
1848	0.27435994
1849	0.27309308
1850	0.24688049
1851	0.27146562
1852	0.27605302
1853	0.29536097
1854	0.26407873
1855	0.26372819
1856	0.28428627
1857	0.25707558
1858	0.25974693
1859	0.27718245
1860	0.24721606
1861	0.27106696
1862	0.24322473
1863	0.27348100
1864	0.23061595
1865	0.29074615
1866	0.29127197
1867	0.28120268
1868	0.30724935
1869	0.25592246
1870	0.25688720
1871	0.29498038
1872	0.27230929
1873	0.27368936
1874	0.25222091
1875	0.29382819
1876	0.26651724
1877	0.25949747
1878	0.24774275
1879	0.28516298
1880	0.28378203
1881	0.28357295
1882	0.27248699
1883	0.27846598
1884	0.26113216
1885	0.25634352
1886	0.24558374
1887	0.25644543
1888	0.26446422
1889	0.26131249
1890	0.28112344
1891	0.25773263
1892	0.27904269
1893	0.27412142
1894	0.26730160
1895	0.27863423
1896	0.26346221
1897	0.28418028
1898	0.27877697
1899	0.28555199
1900	0.25924213
1901	0.25837625
1902	0.27545472
1903	0.24707568
1904	0.25345142
1905	0.25912406
1906	0.32917119
1907	0.27927367
1908	0.28272468
1909	0.25919763
1910	0.24507697
1911	0.26390903
1912	0.26940387
1913	0.28293567
1914	0.28435627
1915	0.29393356
1916	0.24591652
1917	0.24779979
1918	0.26549437
1919	0.24080186
1920	0.31476990
1921	0.23976252
1922	0.27410103
1923	0.24773908
1924	0.25582044
1925	0.27107300
1926	0.29007460
1927	0.28833474
1928	0.30019602
1929	0.28274017
1930	0.27564084
1931	0.26094022
1932	0.29521941
1933	0.27627300
1934	0.28449541
1935	0.24170831
1936	0.25473836
