0	0.57155276
1	0.55260811
2	0.57081485
3	0.56836532
4	0.57006082
5	0.57089140
6	0.56897469
7	0.56889297
8	0.55279057
9	0.57122526
10	0.57154895
11	0.57107186
12	0.57165467
13	0.57160987
14	0.57095120
15	0.57078158
16	0.57120738
17	0.57051768
18	0.57150459
19	0.57053371
20	0.57134353
21	0.57103009
22	0.56985237
23	0.56578329
24	0.56967176
25	0.56759741
26	0.57032399
27	0.56470845
28	0.52572179
29	0.54966072
30	0.53991255
31	0.55110943
32	0.55936800
33	0.56835496
34	0.55432472
35	0.56753004
36	0.56578593
37	0.56269936
38	0.54879917
39	0.56101754
40	0.55077220
41	0.49045545
42	0.55164270
43	0.55324250
44	0.57127513
45	0.56689834
46	0.53768315
47	0.53750293
48	0.55846551
49	0.56612521
50	0.56645476
51	0.56461251
52	0.50363019
53	0.56502076
54	0.50502653
55	0.55861417
56	0.55061045
57	0.54763185
58	0.55917142
59	0.55632902
60	0.52277333
61	0.56389731
62	0.53022868
63	0.54833351
64	0.54981216
65	0.54502228
66	0.56403283
67	0.53777401
68	0.52342721
69	0.50359145
70	0.54286077
71	0.53168857
72	0.55267963
73	0.54329057
74	0.47266023
75	0.53064450
76	0.56282604
77	0.53199634
78	0.54848007
79	0.46468256
80	0.53874421
81	0.54177215
82	0.54139096
83	0.54080391
84	0.53885735
85	0.50457792
86	0.51354675
87	0.53135315
88	0.54536541
89	0.55076429
90	0.56373571
91	0.45510274
92	0.48449135
93	0.53090117
94	0.51958828
95	0.54661837
96	0.50303254
97	0.53944406
98	0.47132472
99	0.47597948
100	0.54396566
101	0.52945432
102	0.47605887
103	0.51486185
104	0.48815408
105	0.52917943
106	0.48264543
107	0.39293620
108	0.43910362
109	0.55980884
110	0.45625222
111	0.44636194
112	0.54728984
113	0.53624152
114	0.56412360
115	0.52491363
116	0.54381534
117	0.55443835
118	0.53646116
119	0.44898105
120	0.55070718
121	0.51252218
122	0.44427074
123	0.55046790
124	0.52438363
125	0.50909375
126	0.49886864
127	0.41836727
128	0.48925848
129	0.50165335
130	0.48230650
131	0.53840396
132	0.52564206
133	0.47311861
134	0.49826732
135	0.50988749
136	0.46548456
137	0.46185647
138	0.46775672
139	0.44182540
140	0.48546483
141	0.44547372
142	0.50508158
143	0.50731080
144	0.51292237
145	0.55081671
146	0.54357919
147	0.44374885
148	0.45499028
149	0.45196957
150	0.50438359
151	0.47597342
152	0.53036082
153	0.42232711
154	0.44082389
155	0.50353293
156	0.45752247
157	0.39144050
158	0.51233986
159	0.49544309
160	0.39590445
161	0.47776346
162	0.48997162
163	0.35163566
164	0.36747943
165	0.46634460
166	0.47477230
167	0.39580816
168	0.48837816
169	0.50606624
170	0.46553449
171	0.53449726
172	0.50570787
173	0.50046615
174	0.41654489
175	0.50816947
176	0.53506336
177	0.44706097
178	0.46498461
179	0.48222633
180	0.42945999
181	0.43569204
182	0.42481104
183	0.44366991
184	0.50126751
185	0.49858832
186	0.46359399
187	0.43463087
188	0.48518671
189	0.39487035
190	0.47071602
191	0.42674787
192	0.44207924
193	0.48751124
194	0.41165813
195	0.52208095
196	0.44797128
197	0.48474563
198	0.49997084
199	0.53886903
200	0.42704304
201	0.47315872
202	0.42452506
203	0.40398681
204	0.51594187
205	0.44827846
206	0.34783854
207	0.45567411
208	0.52844206
209	0.44873214
210	0.48005867
211	0.44147694
212	0.40375188
213	0.42797914
214	0.41684240
215	0.51066746
216	0.44814319
217	0.51896043
218	0.42994050
219	0.33591441
220	0.49521231
221	0.41484949
222	0.48993791
223	0.39661392
224	0.50022824
225	0.45369844
226	0.39808534
227	0.47067137
228	0.38748310
229	0.46479541
230	0.42252364
231	0.48270860
232	0.46332956
233	0.50181895
234	0.47006869
235	0.50501163
236	0.49577294
237	0.45022501
238	0.42040674
239	0.38914118
240	0.41861905
241	0.48015374
242	0.44967386
243	0.47810112
244	0.44944441
245	0.41746527
246	0.49907411
247	0.41004695
248	0.40137738
249	0.42190708
250	0.37931656
251	0.47174089
252	0.43855071
253	0.45168603
254	0.46116297
255	0.42455774
256	0.38097274
257	0.42618530
258	0.43637665
259	0.42176976
260	0.37820914
261	0.50592154
262	0.41402438
263	0.38794279
264	0.47582423
265	0.35211544
266	0.36790694
267	0.40314270
268	0.38582667
269	0.41718676
270	0.36950381
271	0.43820298
272	0.46660928
273	0.49325603
274	0.37739023
275	0.42484768
276	0.44647943
277	0.40828505
278	0.38739336
279	0.43853933
280	0.43843337
281	0.42808911
282	0.36956756
283	0.43747469
284	0.47306365
285	0.49490195
286	0.38713170
287	0.41707064
288	0.46332452
289	0.39026834
290	0.41695862
291	0.45504612
292	0.38074660
293	0.39081959
294	0.50346141
295	0.43286566
296	0.43589277
297	0.43856365
298	0.49446722
299	0.42002159
300	0.40733591
301	0.35490005
302	0.46349292
303	0.44412892
304	0.43973957
305	0.45818837
306	0.41673942
307	0.41917479
308	0.33156629
309	0.41450821
310	0.42979839
311	0.36790225
312	0.39059360
313	0.36159834
314	0.45607982
315	0.41183903
316	0.41823024
317	0.43345271
318	0.47870532
319	0.34450166
320	0.39182545
321	0.36094548
322	0.48283522
323	0.42176400
324	0.43690107
325	0.45538442
326	0.40091124
327	0.43862882
328	0.35338657
329	0.41152535
330	0.41255833
331	0.45698696
332	0.37747201
333	0.43229521
334	0.42120572
335	0.35936541
336	0.37309072
337	0.47531226
338	0.41876375
339	0.48948056
340	0.35612374
341	0.45756556
342	0.37117567
343	0.41007391
344	0.43737890
345	0.41384358
346	0.37021260
347	0.40243615
348	0.38110044
349	0.44093635
350	0.47492462
351	0.37072902
352	0.46949282
353	0.47193561
354	0.40633825
355	0.38948652
356	0.40916800
357	0.35182531
358	0.42440445
359	0.39347494
360	0.38973029
361	0.38696522
362	0.40494817
363	0.42303635
364	0.41124099
365	0.38460518
366	0.35774626
367	0.36634475
368	0.32957069
369	0.45758803
370	0.37039555
371	0.43225848
372	0.34239209
373	0.42218876
374	0.34087548
375	0.40802281
376	0.38241475
377	0.38736234
378	0.37837069
379	0.43185901
380	0.40925506
381	0.42587289
382	0.41739497
383	0.40142677
384	0.43474773
385	0.43545173
386	0.41084993
387	0.40543063
388	0.41928490
389	0.41516009
390	0.35026561
391	0.33965804
392	0.38846947
393	0.34570870
394	0.40984827
395	0.41541905
396	0.40662022
397	0.44021128
398	0.34165310
399	0.37005042
400	0.36974841
401	0.41098246
402	0.33699795
403	0.37482804
404	0.39329707
405	0.35798139
406	0.40006644
407	0.36730870
408	0.43215794
409	0.40864617
410	0.41381861
411	0.39979907
412	0.36763244
413	0.37985589
414	0.41711099
415	0.35216468
416	0.31071959
417	0.39115896
418	0.44324499
419	0.43032662
420	0.40710425
421	0.35231212
422	0.31341510
423	0.34916693
424	0.37156453
425	0.39617084
426	0.39491558
427	0.41427816
428	0.39187191
429	0.37292174
430	0.44222672
431	0.31910225
432	0.44987816
433	0.33956668
434	0.43022218
435	0.43325877
436	0.39995681
437	0.44628031
438	0.39574905
439	0.34020679
440	0.33262574
441	0.37822560
442	0.40988359
443	0.35622902
444	0.38582956
445	0.37126404
446	0.41708232
447	0.41766214
448	0.34867020
449	0.30937396
450	0.41536917
451	0.43569805
452	0.41138867
453	0.29314851
454	0.37871646
455	0.35050117
456	0.35297743
457	0.41089604
458	0.38441456
459	0.31808217
460	0.40228661
461	0.34522330
462	0.43985232
463	0.35307484
464	0.34263249
465	0.31586834
466	0.40456448
467	0.36171553
468	0.38500640
469	0.41926693
470	0.35452418
471	0.36914035
472	0.27946615
473	0.41073600
474	0.37591280
475	0.45622628
476	0.34493854
477	0.34178334
478	0.37563166
479	0.39468451
480	0.35382648
481	0.34192951
482	0.38819766
483	0.38735173
484	0.30096873
485	0.45487225
486	0.41700596
487	0.37452638
488	0.35063468
489	0.32031207
490	0.35992027
491	0.36690684
492	0.40095447
493	0.38131866
494	0.35914108
495	0.41532658
496	0.34963425
497	0.41114548
498	0.34809023
499	0.39879086
500	0.40140576
501	0.42276961
502	0.45645735
503	0.33848266
504	0.44356194
505	0.36502985
506	0.39976131
507	0.33683967
508	0.35934582
509	0.32462491
510	0.39795921
511	0.38640801
512	0.34209653
513	0.32822858
514	0.33200987
515	0.35931681
516	0.40017128
517	0.35778280
518	0.30212257
519	0.36127044
520	0.35155022
521	0.37754968
522	0.38684568
523	0.35395491
524	0.32539849
525	0.35125506
526	0.36720498
527	0.37400347
528	0.34923083
529	0.35895061
530	0.38405398
531	0.37684807
532	0.32712364
533	0.33327201
534	0.36000313
535	0.41573468
536	0.38255325
537	0.35938461
538	0.35586830
539	0.44404939
540	0.31349477
541	0.37144577
542	0.33118368
543	0.31862560
544	0.36599262
545	0.39103884
546	0.36364929
547	0.38834402
548	0.40027279
549	0.44577084
550	0.36687206
551	0.36315955
552	0.33876248
553	0.39861070
554	0.29262658
555	0.34006781
556	0.40764577
557	0.37369277
558	0.40958266
559	0.34503346
560	0.32440410
561	0.40198710
562	0.28844196
563	0.38479267
564	0.33790699
565	0.31249775
566	0.35835618
567	0.33195843
568	0.32914636
569	0.46822101
570	0.37422872
571	0.39619648
572	0.40667553
573	0.34333425
574	0.32263630
575	0.34363151
576	0.36457870
577	0.35752824
578	0.38805857
579	0.31610464
580	0.39659472
581	0.34378554
582	0.34459409
583	0.29528730
584	0.43569736
585	0.39031187
586	0.31476336
587	0.36934118
588	0.40597943
589	0.30555120
590	0.32430601
591	0.38422433
592	0.33921935
593	0.35246067
594	0.33663395
595	0.33554436
596	0.34272526
597	0.31728935
598	0.31315916
599	0.39380767
600	0.43773874
601	0.33621436
602	0.35853781
603	0.35587489
604	0.32824133
605	0.32627118
606	0.38951773
607	0.31401436
608	0.33646170
609	0.32846463
610	0.35295940
611	0.39837851
612	0.34442838
613	0.32308613
614	0.37273048
615	0.42723854
616	0.37074651
617	0.33584030
618	0.32392946
619	0.35460420
620	0.33421368
621	0.35552824
622	0.34267675
623	0.36973796
624	0.35288158
625	0.37654778
626	0.34762340
627	0.28456991
628	0.31181558
629	0.36265408
630	0.40075266
631	0.38562135
632	0.36257904
633	0.34666600
634	0.36051383
635	0.42123854
636	0.34846571
637	0.29135760
638	0.34598417
639	0.31001246
640	0.34680303
641	0.29904079
642	0.29528808
643	0.30541397
644	0.33949922
645	0.36307904
646	0.37027738
647	0.37379008
648	0.30591759
649	0.36774514
650	0.35566766
651	0.36533420
652	0.34653752
653	0.37965300
654	0.32463581
655	0.34815901
656	0.40384206
657	0.30401153
658	0.33596839
659	0.33862350
660	0.33854890
661	0.27803048
662	0.34916077
663	0.30052071
664	0.28733576
665	0.35501558
666	0.35365574
667	0.34187728
668	0.38873635
669	0.39730532
670	0.36238515
671	0.37475442
672	0.37867782
673	0.33580904
674	0.37703097
675	0.30525139
676	0.30229340
677	0.35753737
678	0.30964343
679	0.30632838
680	0.34076815
681	0.35582843
682	0.36369394
683	0.32550132
684	0.29020909
685	0.32166287
686	0.34833224
687	0.28326825
688	0.33163977
689	0.31336663
690	0.33397391
691	0.36298701
692	0.33818876
693	0.28706859
694	0.35243249
695	0.35234533
696	0.32322389
697	0.31359370
698	0.29474328
699	0.30479839
700	0.32089482
701	0.27109634
702	0.28912233
703	0.36618935
704	0.36987855
705	0.30800230
706	0.33805354
707	0.38213757
708	0.39021627
709	0.31997450
710	0.36207704
711	0.31491407
712	0.35790322
713	0.32315208
714	0.29948710
715	0.32082233
716	0.29153952
717	0.28438881
718	0.30011866
719	0.31521290
720	0.37854485
721	0.37757020
722	0.36114958
723	0.31476605
724	0.34962672
725	0.33345828
726	0.33924465
727	0.33908061
728	0.30101578
729	0.35047592
730	0.30743302
731	0.33178095
732	0.33674475
733	0.35198784
734	0.33229795
735	0.30802101
736	0.38655662
737	0.38094470
738	0.31686536
739	0.32562692
740	0.29143859
741	0.30805696
742	0.32728417
743	0.30438026
744	0.34016302
745	0.37106009
746	0.37007694
747	0.35110156
748	0.33572662
749	0.28438925
750	0.29302115
751	0.33368271
752	0.36675491
753	0.30333092
754	0.41948051
755	0.37371202
756	0.27951588
757	0.27786180
758	0.34931612
759	0.32646898
760	0.33060752
761	0.33389658
762	0.35700073
763	0.30262843
764	0.33101358
765	0.35699658
766	0.27057181
767	0.30789971
768	0.32100059
769	0.31654133
770	0.27982716
771	0.30774690
772	0.26500645
773	0.32630811
774	0.35796981
775	0.34374846
776	0.31309458
777	0.30590772
778	0.36397298
779	0.35868197
780	0.31270210
781	0.29915989
782	0.36016722
783	0.34202062
784	0.36595247
785	0.29528984
786	0.29875725
787	0.27886321
788	0.35083459
789	0.32867499
790	0.32540757
791	0.31248925
792	0.31301788
793	0.39356160
794	0.32452438
795	0.31782672
796	0.30214235
797	0.35357157
798	0.38065471
799	0.30890992
800	0.33994856
801	0.31840840
802	0.37489404
803	0.30308803
804	0.27931685
805	0.32214016
806	0.34537860
807	0.34712208
808	0.29181006
809	0.34045369
810	0.36688036
811	0.33629218
812	0.28145916
813	0.30064060
814	0.33751666
815	0.25627118
816	0.30756795
817	0.31161295
818	0.34111128
819	0.28628051
820	0.34167953
821	0.32867948
822	0.34170918
823	0.29367846
824	0.37325989
825	0.30934148
826	0.29230205
827	0.35799482
828	0.33906981
829	0.36222638
830	0.31032335
831	0.33700322
832	0.30621085
833	0.31687968
834	0.32219223
835	0.28613312
836	0.33255198
837	0.29390352
838	0.33053405
839	0.33078280
840	0.31158867
841	0.28381798
842	0.27889575
843	0.37792594
844	0.32648886
845	0.32113214
846	0.31816209
847	0.27795774
848	0.32007640
849	0.25358745
850	0.31461207
851	0.38957479
852	0.32447513
853	0.30456800
854	0.26238828
855	0.35714978
856	0.31431080
857	0.35783874
858	0.34351431
859	0.28571456
860	0.32803898
861	0.34398324
862	0.28305535
863	0.32102443
864	0.36334143
865	0.27087084
866	0.31155701
867	0.34755745
868	0.30813420
869	0.29952360
870	0.34804768
871	0.28383967
872	0.32505970
873	0.28937841
874	0.34064514
875	0.30677890
876	0.34354196
877	0.35024880
878	0.31109033
879	0.33742535
880	0.31266058
881	0.27803967
882	0.35776580
883	0.28345144
884	0.30314182
885	0.29704543
886	0.31545506
887	0.34183605
888	0.27079306
889	0.27633043
890	0.31341011
891	0.33688114
892	0.30992018
893	0.35576913
894	0.33308315
895	0.29338124
896	0.33307675
897	0.27648300
898	0.28166854
899	0.31405335
900	0.32284323
901	0.34819634
902	0.31489111
903	0.26979736
904	0.33208266
905	0.33021583
906	0.32278442
907	0.31533698
908	0.28450757
909	0.35334924
910	0.32836429
911	0.36041588
912	0.30578183
913	0.27942106
914	0.28591324
915	0.27610567
916	0.29366746
917	0.31771925
918	0.30610694
919	0.25031446
920	0.36066121
921	0.30999433
922	0.36843683
923	0.29899692
924	0.28627733
925	0.25841539
926	0.31313439
927	0.29881124
928	0.32159619
929	0.31552579
930	0.30412447
931	0.33441891
932	0.29322604
933	0.28750977
934	0.31097211
935	0.32521295
936	0.34732584
937	0.32278632
938	0.26461744
939	0.30829106
940	0.26119086
941	0.35976766
942	0.28021065
943	0.34267943
944	0.31724123
945	0.34784074
946	0.28780425
947	0.31552960
948	0.32024558
949	0.31218901
950	0.34820787
951	0.33464299
952	0.29845012
953	0.30209145
954	0.27411720
955	0.28037426
956	0.30057499
957	0.34770972
958	0.26161851
959	0.33948515
960	0.33260112
961	0.29194060
962	0.32526238
963	0.37203801
964	0.29529805
965	0.26699448
966	0.33254279
967	0.32236883
968	0.34649463
969	0.30372936
970	0.29685300
971	0.27926947
972	0.32839257
973	0.31155261
974	0.31241212
975	0.28935071
976	0.31122330
977	0.32202281
978	0.35709213
979	0.28693693
980	0.35587582
981	0.30680699
982	0.30718344
983	0.30736043
984	0.32263815
985	0.30038002
986	0.28874675
987	0.35105525
988	0.27530850
989	0.28273649
990	0.28111055
991	0.29836961
992	0.28291339
993	0.32789243
994	0.27102457
995	0.30808652
996	0.30756400
997	0.31604060
998	0.27481641
999	0.27830821
1000	0.28891026
1001	0.32691627
1002	0.26367826
1003	0.29553337
1004	0.28294314
1005	0.28731602
1006	0.26105594
1007	0.25745437
1008	0.24502892
1009	0.35254030
1010	0.29677152
1011	0.34090234
1012	0.30212218
1013	0.26263508
1014	0.30398427
1015	0.28820489
1016	0.30355081
1017	0.30257855
1018	0.31801539
1019	0.32346312
1020	0.32748212
1021	0.26158080
1022	0.29660586
1023	0.32540689
1024	0.32108168
1025	0.29502184
1026	0.28238217
1027	0.36395848
1028	0.30791202
1029	0.28252960
1030	0.28799101
1031	0.29954402
1032	0.30981974
1033	0.31338886
1034	0.36252594
1035	0.30435662
1036	0.28723131
1037	0.32502408
1038	0.29384680
1039	0.29278505
1040	0.29633468
1041	0.28594040
1042	0.30804880
1043	0.30385178
1044	0.36552193
1045	0.29604875
1046	0.27795691
1047	0.29731280
1048	0.27789634
1049	0.27326991
1050	0.28272472
1051	0.26770547
1052	0.28163718
1053	0.27431441
1054	0.32919189
1055	0.29955799
1056	0.30241153
1057	0.26813854
1058	0.33055242
1059	0.30889243
1060	0.34578588
1061	0.31049770
1062	0.26879731
1063	0.31397040
1064	0.30601383
1065	0.28956825
1066	0.28367342
1067	0.27991490
1068	0.34038955
1069	0.31939360
1070	0.28063210
1071	0.28502799
1072	0.27868442
1073	0.28748056
1074	0.29559897
1075	0.28730762
1076	0.34226742
1077	0.30542770
1078	0.28411666
1079	0.30740396
1080	0.29206883
1081	0.32336776
1082	0.28166971
1083	0.28140596
1084	0.32053420
1085	0.26565305
1086	0.30004294
1087	0.26400249
1088	0.25311959
1089	0.27791764
1090	0.27226092
1091	0.30400664
1092	0.29711441
1093	0.31261827
1094	0.29232404
1095	0.27488837
1096	0.29491842
1097	0.29010914
1098	0.30096492
1099	0.34601177
1100	0.29057474
1101	0.27094172
1102	0.27331661
1103	0.29230865
1104	0.31211695
1105	0.32920484
1106	0.31060127
1107	0.25191778
1108	0.31453757
1109	0.25802364
1110	0.30228422
1111	0.31380718
1112	0.30553859
1113	0.33800791
1114	0.27930288
1115	0.28395002
1116	0.29369629
1117	0.29879770
1118	0.27091041
1119	0.28339082
1120	0.30542062
1121	0.30878754
1122	0.26817196
1123	0.27242325
1124	0.29574035
1125	0.25403444
1126	0.26441866
1127	0.30536517
1128	0.30044553
1129	0.26208647
1130	0.30620625
1131	0.32987997
1132	0.27213190
1133	0.25324519
1134	0.26132858
1135	0.30440327
1136	0.29171666
1137	0.26697416
1138	0.28036409
1139	0.33214191
1140	0.28497333
1141	0.29747030
1142	0.27889384
1143	0.29935545
1144	0.28601026
1145	0.21837924
1146	0.28840493
1147	0.29887088
1148	0.28962711
1149	0.32886409
1150	0.29407450
1151	0.26064226
1152	0.32394690
1153	0.31069824
1154	0.28658505
1155	0.24090449
1156	0.27445173
1157	0.29306527
1158	0.30281954
1159	0.25079365
1160	0.31498315
1161	0.30759868
1162	0.25355892
1163	0.23643674
1164	0.27381597
1165	0.27644724
1166	0.28084279
1167	0.33227772
1168	0.28083043
1169	0.26850142
1170	0.29788373
1171	0.26744270
1172	0.25174734
1173	0.29742237
1174	0.31958774
1175	0.31503136
1176	0.28638339
1177	0.31520596
1178	0.27923752
1179	0.30761905
1180	0.31027259
1181	0.26357181
1182	0.33015222
1183	0.28216883
1184	0.26068026
1185	0.31695418
1186	0.33672711
1187	0.28716781
1188	0.27411011
1189	0.28562106
1190	0.35180518
1191	0.28637831
1192	0.25904763
1193	0.28381285
1194	0.30968285
1195	0.30629897
1196	0.26145652
1197	0.29760322
1198	0.27243703
1199	0.26049966
1200	0.25566429
1201	0.32044846
1202	0.28485281
1203	0.29421666
1204	0.25996361
1205	0.26393542
1206	0.25112697
1207	0.30656971
1208	0.32515110
1209	0.30512189
1210	0.23388705
1211	0.28551466
1212	0.26788740
1213	0.31982491
1214	0.23961055
1215	0.26719101
1216	0.31741773
1217	0.30039121
1218	0.33133840
1219	0.32120997
1220	0.27373630
1221	0.26045227
1222	0.25369150
1223	0.31653952
1224	0.30969658
1225	0.30081749
1226	0.30389184
1227	0.25616947
1228	0.28366273
1229	0.30336492
1230	0.31717142
1231	0.31895354
1232	0.30937298
1233	0.27869301
1234	0.28285217
1235	0.29462985
1236	0.29791939
1237	0.23111182
1238	0.28539722
1239	0.27136341
1240	0.26087553
1241	0.25703591
1242	0.27487338
1243	0.29093356
1244	0.32142189
1245	0.24113727
1246	0.24424314
1247	0.31949062
1248	0.28572115
1249	0.31708740
1250	0.29771260
1251	0.31766253
1252	0.30326551
1253	0.25951031
1254	0.24906063
1255	0.31961466
1256	0.27809995
1257	0.27786248
1258	0.31369228
1259	0.33300010
1260	0.29614812
1261	0.31092653
1262	0.26606688
1263	0.28229355
1264	0.29647606
1265	0.27348896
1266	0.27345896
1267	0.29603420
1268	0.24092907
1269	0.28808872
1270	0.25540489
1271	0.28922311
1272	0.32114626
1273	0.25398310
1274	0.28855012
1275	0.26849565
1276	0.27486634
1277	0.23235388
1278	0.33951583
1279	0.28317733
1280	0.24921089
1281	0.28760308
1282	0.27857719
1283	0.25653190
1284	0.25602526
1285	0.27041172
1286	0.28093493
1287	0.24939345
1288	0.26222780
1289	0.28314773
1290	0.29587934
1291	0.25426585
1292	0.28979629
1293	0.25643986
1294	0.25596766
1295	0.26844387
1296	0.27675408
1297	0.30573527
1298	0.31452614
1299	0.25203024
1300	0.26360503
1301	0.27205921
1302	0.27861055
1303	0.25183063
1304	0.28430068
1305	0.25222653
1306	0.28340909
1307	0.29888984
1308	0.27084651
1309	0.27352599
1310	0.33653195
1311	0.23966727
1312	0.25151866
1313	0.27617225
1314	0.24595779
1315	0.29340435
1316	0.28995818
1317	0.28120728
1318	0.24563620
1319	0.28033019
1320	0.27605203
1321	0.27212618
1322	0.22546727
1323	0.23088324
1324	0.23409038
1325	0.26760283
1326	0.25913014
1327	0.26016580
1328	0.28383283
1329	0.27369619
1330	0.28678100
1331	0.26848285
1332	0.30380249
1333	0.22619248
1334	0.30217367
1335	0.25478578
1336	0.31709961
1337	0.32229570
1338	0.29659878
1339	0.26384455
1340	0.27082291
1341	0.32322565
1342	0.30322081
1343	0.29517054
1344	0.26093258
1345	0.30706673
1346	0.23652394
1347	0.27023278
1348	0.27913048
1349	0.25074143
1350	0.28664988
1351	0.30369707
1352	0.25192355
1353	0.26000743
1354	0.22715056
1355	0.26227792
1356	0.23757587
1357	0.24711905
1358	0.27751153
1359	0.30411373
1360	0.27058149
1361	0.26438710
1362	0.27574196
1363	0.25140093
1364	0.23848901
1365	0.29809712
1366	0.26632101
1367	0.27097948
1368	0.28257318
1369	0.24327802
1370	0.25879922
1371	0.25744143
1372	0.30493605
1373	0.27912291
1374	0.29349829
1375	0.26312091
1376	0.24924719
1377	0.28166170
1378	0.25723561
1379	0.28934939
1380	0.26308144
1381	0.28139306
1382	0.25865740
1383	0.23314328
1384	0.29749726
1385	0.24269873
1386	0.28310166
1387	0.28690293
1388	0.29108686
1389	0.25980747
1390	0.25452330
1391	0.24778422
1392	0.26570870
1393	0.28981510
1394	0.23232848
1395	0.26559204
1396	0.29387987
1397	0.29653659
1398	0.25549668
1399	0.26649785
1400	0.26680772
1401	0.28258158
1402	0.25587846
1403	0.29565129
1404	0.28002770
1405	0.28348876
1406	0.31233854
1407	0.27622980
1408	0.25595388
1409	0.28069853
1410	0.27128534
1411	0.27643131
1412	0.29214524
1413	0.20960743
1414	0.24791251
1415	0.28192506
1416	0.24954304
1417	0.23894641
1418	0.26304954
1419	0.26615437
1420	0.29996014
1421	0.23531006
1422	0.23673009
1423	0.27810899
1424	0.30853410
1425	0.30578959
1426	0.25480303
1427	0.24099702
1428	0.25285989
1429	0.22203468
1430	0.24639043
1431	0.28309897
1432	0.25957255
1433	0.29024919
1434	0.29628720
1435	0.29813576
1436	0.25076229
1437	0.24722291
1438	0.31369819
1439	0.28024905
1440	0.29432242
1441	0.26495027
1442	0.24013356
1443	0.25842360
1444	0.27400557
1445	0.27439043
1446	0.26661143
1447	0.27835120
1448	0.27428407
1449	0.28846712
1450	0.26027328
1451	0.25213351
1452	0.27419262
1453	0.26537059
1454	0.26557899
1455	0.25517152
1456	0.25860508
1457	0.27084123
1458	0.27749360
1459	0.29905462
1460	0.27476629
1461	0.28597333
1462	0.24459902
1463	0.27215633
1464	0.26501676
1465	0.25673527
1466	0.27338212
1467	0.32435476
1468	0.28587802
1469	0.27756038
1470	0.34569638
1471	0.24568701
1472	0.22873195
1473	0.26025125
1474	0.28874724
1475	0.27920264
1476	0.31672296
1477	0.27572316
1478	0.23542736
1479	0.24930430
1480	0.27042096
1481	0.27148339
1482	0.28844392
1483	0.26620459
1484	0.22826067
1485	0.24689311
1486	0.27774563
1487	0.28466913
1488	0.27172750
1489	0.21294226
1490	0.29917049
1491	0.30264783
1492	0.29004519
1493	0.26434494
1494	0.27674299
1495	0.24984871
1496	0.27440396
1497	0.24859668
1498	0.27817181
1499	0.26937455
1500	0.25314895
1501	0.27215105
1502	0.25385442
1503	0.24159350
1504	0.22829248
1505	0.27570542
1506	0.25417499
1507	0.25079121
1508	0.23759976
1509	0.27751163
1510	0.21946766
1511	0.25212702
1512	0.28296297
1513	0.25502198
1514	0.29256683
1515	0.25103063
1516	0.24611026
1517	0.27788886
1518	0.27464460
1519	0.28946082
1520	0.22779604
1521	0.27149170
1522	0.23891373
1523	0.23695305
1524	0.23677509
1525	0.26861490
1526	0.22482941
1527	0.26328407
1528	0.26523732
1529	0.25686502
1530	0.31658012
1531	0.24673307
1532	0.24686253
1533	0.27436224
1534	0.26481597
1535	0.28233205
1536	0.26244499
1537	0.25675325
1538	0.28463434
1539	0.25413346
1540	0.27136590
1541	0.27849780
1542	0.24173713
1543	0.30805535
1544	0.25085364
1545	0.22403390
1546	0.26365760
1547	0.24819443
1548	0.23368569
1549	0.26807128
1550	0.25509995
1551	0.24853210
1552	0.25658109
1553	0.29170357
1554	0.25492316
1555	0.20917787
1556	0.27153434
1557	0.25946009
1558	0.28851060
1559	0.25049800
1560	0.25222638
1561	0.26303371
1562	0.27020625
1563	0.25037709
1564	0.27569218
1565	0.26626053
1566	0.30036830
1567	0.23213381
1568	0.22415462
1569	0.25300630
1570	0.27190523
1571	0.25163244
1572	0.27110503
1573	0.20375589
1574	0.26675887
1575	0.24654739
1576	0.29568647
1577	0.26832570
1578	0.24968212
1579	0.25613688
1580	0.24265291
1581	0.26210943
1582	0.27407577
1583	0.26815359
1584	0.27023512
1585	0.25928950
1586	0.27252658
1587	0.26692936
1588	0.25376815
1589	0.23217025
1590	0.25773703
1591	0.22887792
1592	0.26337870
1593	0.25116336
1594	0.24700733
1595	0.21752946
1596	0.25472775
1597	0.27800308
1598	0.27036859
1599	0.23604714
1600	0.23933972
1601	0.27958666
1602	0.29968803
1603	0.24656883
1604	0.30511939
1605	0.28423219
1606	0.28023693
1607	0.27220870
1608	0.28950454
1609	0.29871788
1610	0.25582741
1611	0.27604895
1612	0.28977025
1613	0.24611001
1614	0.24256317
1615	0.25071690
1616	0.24780210
1617	0.24680528
1618	0.25064299
1619	0.31178393
1620	0.25763986
1621	0.24319336
1622	0.27304617
1623	0.23029155
1624	0.26395296
1625	0.24313293
1626	0.23289248
1627	0.30147318
1628	0.29404177
1629	0.24415217
1630	0.22907885
1631	0.31341788
1632	0.23985564
1633	0.22851006
1634	0.24752262
1635	0.24978950
1636	0.27794309
1637	0.25901138
1638	0.23869917
1639	0.26794636
1640	0.23539033
1641	0.24793713
1642	0.29200386
1643	0.26440518
1644	0.27832956
1645	0.22438627
1646	0.27036082
1647	0.25296786
1648	0.24589790
1649	0.28209463
1650	0.24343229
1651	0.28602364
1652	0.25973503
1653	0.28630107
1654	0.25816507
1655	0.22606150
1656	0.25549692
1657	0.23740366
1658	0.27993112
1659	0.25052374
1660	0.22383488
1661	0.26947841
1662	0.27255579
1663	0.26374538
1664	0.26606644
1665	0.25559888
1666	0.27812926
1667	0.27456585
1668	0.28362570
1669	0.26599511
1670	0.27616297
1671	0.24823009
1672	0.24984851
1673	0.24609033
1674	0.23938486
1675	0.23105159
1676	0.27017782
1677	0.26057123
1678	0.24635804
1679	0.29911251
1680	0.26433512
1681	0.21386165
1682	0.26105887
1683	0.28105501
1684	0.25412677
1685	0.24761891
1686	0.26789116
1687	0.23440195
1688	0.22955564
1689	0.26487963
1690	0.25572804
1691	0.27813879
1692	0.25935970
1693	0.25038109
1694	0.25965911
1695	0.24644905
1696	0.23358051
1697	0.26881563
1698	0.27809209
1699	0.25526849
1700	0.26970660
1701	0.24733454
1702	0.24293967
1703	0.26938070
1704	0.23271539
1705	0.25670620
1706	0.25737386
1707	0.26683346
1708	0.21785921
1709	0.23201900
1710	0.28014524
1711	0.26326663
1712	0.24172589
1713	0.25735388
1714	0.22639775
1715	0.26313473
1716	0.27694387
1717	0.27623644
1718	0.30133258
1719	0.24411202
1720	0.24384079
1721	0.21832877
1722	0.23518583
1723	0.27401832
1724	0.23341935
1725	0.25477225
1726	0.24302096
1727	0.22930557
1728	0.23853161
1729	0.27815213
1730	0.30449384
1731	0.23936746
1732	0.26085354
1733	0.22037264
1734	0.21637699
1735	0.25688539
1736	0.24450933
1737	0.22493366
1738	0.24355984
1739	0.26761260
1740	0.26565335
1741	0.25663527
1742	0.26939057
1743	0.20720039
1744	0.24635872
1745	0.23241334
1746	0.25083410
1747	0.22648207
1748	0.24750616
1749	0.23346253
1750	0.23800205
1751	0.23389766
1752	0.21275818
1753	0.24345979
1754	0.24204089
1755	0.21758505
1756	0.25478862
1757	0.23174783
1758	0.24987113
1759	0.26848500
1760	0.25786395
1761	0.25974851
1762	0.24595071
1763	0.30406434
1764	0.26010254
1765	0.25315667
1766	0.22545354
1767	0.22082482
1768	0.22323175
1769	0.26759306
1770	0.23969658
1771	0.25261768
1772	0.28320215
1773	0.21824846
1774	0.24410274
1775	0.25178280
1776	0.21598984
1777	0.21612149
1778	0.22415667
1779	0.28377655
1780	0.26511817
1781	0.25255359
1782	0.23267865
1783	0.24761177
1784	0.25497557
1785	0.23003791
1786	0.26788774
1787	0.23696786
1788	0.28035740
1789	0.24701568
1790	0.25268891
1791	0.23643596
1792	0.21969663
1793	0.22694714
1794	0.25270806
1795	0.21984934
1796	0.22647469
1797	0.25165486
1798	0.22910098
1799	0.22389209
1800	0.27328598
1801	0.21667352
1802	0.26629565
1803	0.26042863
1804	0.21866478
1805	0.22238979
1806	0.25079634
1807	0.19593884
1808	0.25277440
1809	0.25478007
1810	0.22168271
1811	0.25221260
1812	0.27866160
1813	0.20537269
1814	0.21889463
1815	0.28246927
1816	0.23645281
1817	0.20797255
1818	0.25971231
1819	0.21985887
1820	0.21636830
1821	0.29301729
1822	0.26060093
1823	0.21907714
1824	0.28411265
1825	0.24266219
1826	0.28501925
1827	0.25742682
1828	0.25277938
1829	0.23793810
1830	0.26049463
1831	0.22748490
1832	0.21780259
1833	0.24316043
1834	0.23181998
1835	0.24127978
1836	0.21416517
1837	0.23885374
1838	0.25370093
1839	0.25847357
1840	0.24203952
1841	0.24617699
1842	0.30147128
1843	0.24611001
1844	0.24082335
1845	0.29438329
1846	0.24166404
1847	0.24025300
1848	0.26123830
1849	0.26686023
1850	0.23071099
1851	0.25346688
1852	0.27722125
1853	0.24394612
1854	0.24486932
1855	0.25024001
1856	0.24772174
1857	0.23294807
1858	0.25175110
1859	0.22348451
1860	0.22150743
1861	0.26115818
1862	0.24341988
1863	0.22816522
1864	0.23329238
1865	0.22541837
1866	0.25018793
1867	0.22678696
1868	0.23531299
1869	0.25419043
1870	0.21155852
1871	0.22656175
1872	0.26338632
1873	0.26708886
1874	0.22521041
1875	0.28116844
1876	0.24256766
1877	0.21930093
1878	0.24201519
1879	0.26748803
1880	0.25877069
1881	0.26527885
1882	0.22629057
1883	0.24688930
1884	0.26027386
1885	0.29111685
1886	0.23967128
1887	0.24924152
1888	0.25625911
1889	0.25752804
1890	0.26127704
1891	0.22964397
1892	0.22646830
1893	0.22380904
1894	0.21968266
1895	0.28095383
1896	0.26734939
1897	0.27381773
1898	0.24979238
1899	0.21707152
1900	0.23302614
1901	0.27022066
1902	0.23327841
1903	0.26199409
1904	0.26524113
1905	0.25371534
1906	0.24446214
1907	0.22517919
1908	0.26424934
1909	0.24877108
1910	0.28991192
1911	0.25436903
1912	0.24544377
1913	0.24397987
1914	0.24308017
1915	0.22684690
1916	0.26689301
1917	0.24620410
1918	0.27248481
1919	0.24268764
1920	0.23322154
1921	0.26572462
1922	0.24708422
1923	0.25718715
1924	0.24767128
1925	0.22507318
1926	0.22845217
1927	0.21404436
1928	0.24688637
1929	0.23084714
1930	0.26833718
1931	0.25551573
1932	0.23608344
1933	0.26544744
1934	0.25662408
1935	0.25796414
1936	0.26307596
1937	0.26023107
1938	0.25379678
1939	0.24446639
1940	0.22501690
1941	0.22486414
1942	0.25582570
1943	0.24937733
1944	0.22162057
1945	0.23161104
1946	0.24340557
1947	0.23763732
1948	0.25041383
1949	0.27071583
1950	0.23600249
1951	0.25594265
1952	0.21628437
1953	0.23663620
1954	0.25903288
1955	0.22876048
1956	0.26393390
1957	0.20886292
1958	0.24130371
1959	0.25877411
1960	0.24666927
1961	0.22027220
1962	0.28998246
1963	0.24712228
1964	0.22615765
1965	0.24334118
1966	0.20538642
1967	0.28029912
1968	0.23411436
1969	0.22069590
1970	0.27769780
1971	0.22361490
1972	0.21173977
1973	0.24542169
1974	0.23056839
1975	0.26842311
1976	0.23950132
1977	0.25654739
1978	0.24890738
1979	0.23992741
1980	0.24713302
1981	0.20223410
1982	0.21717215
1983	0.25302018
1984	0.22554807
1985	0.25563439
1986	0.24232531
1987	0.19864944
1988	0.27272545
1989	0.26021470
1990	0.24799145
1991	0.26841519
1992	0.25521329
1993	0.21934563
1994	0.25775418
1995	0.24798891
1996	0.28108608
1997	0.26697948
1998	0.23543884
1999	0.24972682
2000	0.20384494
2001	0.23072081
2002	0.24988803
2003	0.21457426
2004	0.24544670
2005	0.25880362
2006	0.24435652
2007	0.24699262
2008	0.23693840
2009	0.21987660
2010	0.21726878
2011	0.23946146
2012	0.24587787
2013	0.21911148
2014	0.23028129
2015	0.25214905
2016	0.27799297
2017	0.25929653
2018	0.20552496
2019	0.24947636
2020	0.24961358
2021	0.22804851
2022	0.24995154
2023	0.24681041
2024	0.22585691
2025	0.23655877
2026	0.26687885
2027	0.25932496
2028	0.23349272
2029	0.26293488
2030	0.22668549
2031	0.23169380
2032	0.21900787
2033	0.28628525
2034	0.25148324
2035	0.25874700
2036	0.21819008
2037	0.25630796
2038	0.25654113
2039	0.24503869
2040	0.22048701
2041	0.24279673
2042	0.23771490
2043	0.24695276
2044	0.24574656
2045	0.27349306
2046	0.26259663
