0 1
0 6
0 7
0 8
0 9
0 11
0 12
0 32
0 33
0 37
0 42
0 44
0 53
0 56
0 57
0 61
0 69
0 80
0 87
0 94
0 96
0 103
0 111
0 113
0 117
0 122
0 126
0 128
0 137
0 144
0 148
0 150
0 155
0 173
0 175
0 188
0 190
1 3
1 6
1 7
1 21
1 24
1 42
1 45
1 53
1 57
1 63
1 65
1 70
1 73
1 80
1 85
1 90
1 95
1 98
1 101
1 104
1 105
1 109
1 112
1 118
1 125
1 126
1 129
1 130
1 132
1 137
1 148
1 168
1 169
1 176
1 177
1 182
1 184
1 186
1 187
1 238
1 263
1 277
1 287
1 394
2 9
2 13
2 14
2 17
2 20
2 24
2 30
2 36
2 37
2 38
2 42
2 43
2 51
2 68
2 72
2 75
2 82
2 83
2 85
2 100
2 108
2 116
2 120
2 121
2 129
2 134
2 141
2 143
2 144
2 147
2 151
2 162
2 170
2 182
2 188
2 398
3 10
3 11
3 18
3 28
3 31
3 34
3 35
3 48
3 60
3 78
3 80
3 84
3 89
3 90
3 99
3 123
3 124
3 129
3 130
3 133
3 135
3 140
3 144
3 152
3 155
3 158
3 167
3 173
3 180
3 182
3 224
3 285
3 300
3 303
4 14
4 17
4 28
4 34
4 35
4 36
4 44
4 62
4 65
4 67
4 69
4 71
4 84
4 87
4 104
4 106
4 107
4 109
4 120
4 121
4 122
4 133
4 139
4 143
4 147
4 148
4 150
4 163
4 166
4 168
4 171
4 173
4 176
4 184
4 187
4 188
4 322
5 18
5 25
5 29
5 35
5 52
5 63
5 83
5 86
5 90
5 98
5 104
5 118
5 121
5 126
5 150
5 151
5 156
5 159
5 163
5 166
5 169
5 170
5 171
5 173
5 175
5 177
5 189
5 444
5 483
5 531
6 12
6 14
6 32
6 34
6 40
6 46
6 49
6 53
6 56
6 57
6 58
6 67
6 71
6 73
6 74
6 79
6 80
6 81
6 97
6 105
6 106
6 110
6 113
6 114
6 115
6 123
6 132
6 150
6 153
6 169
6 171
6 176
6 187
6 189
6 529
7 10
7 11
7 12
7 14
7 20
7 23
7 34
7 40
7 46
7 50
7 51
7 53
7 58
7 70
7 72
7 73
7 83
7 88
7 96
7 99
7 114
7 115
7 116
7 134
7 135
7 151
7 157
7 184
7 186
7 189
8 9
8 11
8 12
8 16
8 30
8 42
8 45
8 46
8 47
8 51
8 57
8 66
8 71
8 73
8 79
8 80
8 88
8 92
8 101
8 103
8 104
8 117
8 128
8 130
8 132
8 133
8 135
8 145
8 149
8 152
8 160
8 167
8 174
8 181
8 185
8 186
8 450
8 489
9 10
9 14
9 19
9 23
9 24
9 34
9 37
9 39
9 58
9 60
9 61
9 71
9 74
9 75
9 79
9 83
9 89
9 97
9 98
9 99
9 103
9 104
9 108
9 119
9 120
9 121
9 122
9 125
9 129
9 133
9 143
9 145
9 157
9 159
9 160
9 163
9 168
9 171
9 177
9 179
9 329
10 14
10 28
10 29
10 36
10 41
10 55
10 59
10 69
10 75
10 77
10 82
10 83
10 85
10 91
10 94
10 97
10 108
10 112
10 116
10 121
10 126
10 143
10 152
10 160
10 168
10 174
10 182
10 184
10 261
10 490
11 17
11 22
11 24
11 34
11 37
11 46
11 47
11 48
11 49
11 54
11 57
11 58
11 61
11 63
11 68
11 71
11 79
11 80
11 81
11 82
11 83
11 111
11 121
11 123
11 133
11 138
11 140
11 145
11 153
11 156
11 169
11 175
11 178
11 180
11 186
11 205
11 328
11 368
12 17
12 18
12 21
12 22
12 23
12 31
12 32
12 38
12 42
12 49
12 62
12 73
12 76
12 93
12 96
12 98
12 99
12 100
12 101
12 107
12 111
12 113
12 120
12 130
12 134
12 139
12 142
12 147
12 151
12 153
12 157
12 164
12 168
12 176
12 179
12 180
12 183
12 190
12 476
12 523
13 23
13 26
13 30
13 39
13 42
13 43
13 55
13 70
13 73
13 88
13 91
13 97
13 98
13 103
13 112
13 113
13 116
13 118
13 123
13 127
13 138
13 143
13 149
13 155
13 161
13 164
13 166
13 175
13 179
13 188
14 23
14 29
14 35
14 36
14 37
14 44
14 48
14 56
14 60
14 65
14 66
14 67
14 68
14 75
14 80
14 85
14 91
14 98
14 103
14 125
14 133
14 141
14 144
14 170
14 171
14 173
14 180
14 181
14 187
15 16
15 17
15 19
15 29
15 33
15 34
15 37
15 46
15 49
15 51
15 58
15 60
15 64
15 70
15 72
15 81
15 91
15 100
15 111
15 112
15 114
15 116
15 117
15 122
15 124
15 125
15 131
15 136
15 138
15 144
15 150
15 154
15 156
15 159
15 160
15 161
15 165
15 166
15 177
15 179
15 184
15 187
15 258
16 23
16 27
16 28
16 30
16 31
16 32
16 41
16 56
16 57
16 61
16 64
16 66
16 76
16 85
16 86
16 88
16 92
16 93
16 94
16 95
16 97
16 99
16 103
16 106
16 108
16 113
16 117
16 122
16 124
16 125
16 130
16 133
16 136
16 138
16 142
16 145
16 147
16 153
16 173
16 174
16 175
16 177
16 178
16 184
16 190
16 448
17 32
17 37
17 39
17 42
17 44
17 66
17 68
17 73
17 74
17 76
17 82
17 86
17 95
17 98
17 112
17 128
17 150
17 154
17 160
17 170
17 171
17 176
17 180
17 181
17 188
17 190
18 30
18 33
18 39
18 41
18 43
18 45
18 46
18 52
18 56
18 68
18 69
18 71
18 72
18 74
18 90
18 92
18 97
18 98
18 100
18 107
18 110
18 118
18 150
18 159
18 168
18 173
18 184
18 210
18 227
18 236
18 319
18 415
19 21
19 23
19 27
19 29
19 33
19 40
19 44
19 50
19 59
19 60
19 66
19 67
19 70
19 76
19 77
19 86
19 87
19 88
19 92
19 96
19 97
19 108
19 120
19 121
19 128
19 132
19 134
19 137
19 141
19 144
19 154
19 160
19 175
19 178
19 185
19 465
20 42
20 46
20 57
20 59
20 72
20 79
20 84
20 98
20 107
20 109
20 115
20 125
20 133
20 140
20 141
20 144
20 145
20 146
20 151
20 154
20 157
20 158
20 165
20 176
20 181
20 185
20 390
21 24
21 32
21 35
21 47
21 49
21 60
21 61
21 66
21 67
21 73
21 77
21 81
21 83
21 86
21 90
21 93
21 96
21 98
21 108
21 123
21 124
21 138
21 148
21 163
21 168
21 170
21 182
21 185
21 190
21 545
22 34
22 36
22 40
22 49
22 50
22 54
22 66
22 69
22 71
22 72
22 77
22 82
22 83
22 84
22 88
22 89
22 90
22 95
22 97
22 99
22 103
22 104
22 105
22 108
22 110
22 114
22 116
22 122
22 124
22 133
22 145
22 149
22 152
22 154
22 156
22 164
22 172
22 190
22 501
23 24
23 32
23 33
23 36
23 38
23 47
23 54
23 60
23 61
23 80
23 86
23 87
23 88
23 98
23 99
23 100
23 109
23 113
23 114
23 119
23 121
23 122
23 130
23 132
23 150
23 154
23 161
23 162
23 168
23 181
23 184
23 242
23 548
23 571
24 30
24 33
24 34
24 37
24 41
24 46
24 49
24 50
24 55
24 56
24 62
24 63
24 65
24 69
24 72
24 77
24 79
24 80
24 93
24 96
24 102
24 107
24 110
24 113
24 120
24 131
24 140
24 152
24 153
24 154
24 157
24 159
24 167
24 168
24 177
24 200
25 27
25 28
25 31
25 32
25 45
25 54
25 63
25 66
25 80
25 83
25 93
25 94
25 97
25 100
25 108
25 109
25 113
25 117
25 121
25 124
25 125
25 127
25 133
25 141
25 147
25 158
25 166
25 178
25 182
25 184
25 293
26 33
26 36
26 37
26 38
26 47
26 56
26 58
26 59
26 61
26 64
26 67
26 74
26 87
26 88
26 94
26 100
26 103
26 107
26 109
26 110
26 111
26 131
26 136
26 142
26 145
26 159
26 175
26 183
26 184
26 186
26 244
26 320
26 408
26 529
27 28
27 30
27 34
27 37
27 43
27 44
27 46
27 47
27 54
27 60
27 65
27 77
27 78
27 80
27 82
27 86
27 93
27 95
27 100
27 109
27 110
27 111
27 112
27 133
27 137
27 144
27 145
27 161
27 166
27 167
27 168
27 170
27 176
27 178
27 189
27 468
27 566
28 32
28 36
28 49
28 52
28 53
28 55
28 58
28 62
28 68
28 74
28 77
28 78
28 80
28 81
28 84
28 86
28 89
28 96
28 97
28 106
28 116
28 121
28 126
28 129
28 139
28 140
28 146
28 150
28 164
28 172
28 238
29 30
29 31
29 32
29 41
29 56
29 63
29 72
29 76
29 79
29 85
29 88
29 89
29 90
29 100
29 105
29 107
29 108
29 110
29 114
29 115
29 117
29 125
29 128
29 135
29 142
29 149
29 156
29 161
29 173
29 174
29 175
29 177
29 187
29 190
29 231
29 384
29 548
30 42
30 48
30 52
30 54
30 67
30 70
30 73
30 74
30 75
30 82
30 84
30 88
30 97
30 106
30 110
30 113
30 114
30 115
30 121
30 127
30 130
30 134
30 135
30 140
30 143
30 146
30 147
30 149
30 153
30 160
30 162
30 176
30 188
30 189
30 565
31 35
31 40
31 42
31 45
31 52
31 55
31 64
31 66
31 74
31 76
31 88
31 90
31 101
31 106
31 110
31 111
31 116
31 117
31 123
31 124
31 130
31 135
31 136
31 147
31 160
31 161
31 166
31 168
31 169
31 177
31 181
31 183
31 189
31 430
32 41
32 45
32 47
32 49
32 75
32 76
32 82
32 83
32 88
32 90
32 91
32 94
32 97
32 103
32 110
32 120
32 124
32 131
32 143
32 145
32 150
32 165
32 170
32 177
32 189
33 35
33 46
33 48
33 59
33 62
33 68
33 70
33 72
33 77
33 81
33 82
33 83
33 91
33 98
33 104
33 110
33 122
33 123
33 129
33 136
33 140
33 141
33 148
33 151
33 158
33 162
33 165
33 171
33 175
33 176
33 178
33 180
34 36
34 41
34 50
34 57
34 63
34 67
34 74
34 79
34 85
34 94
34 97
34 103
34 104
34 105
34 113
34 122
34 126
34 133
34 137
34 140
34 142
34 145
34 156
34 158
34 159
34 162
34 170
34 171
34 172
34 404
34 442
35 36
35 39
35 40
35 47
35 53
35 54
35 77
35 79
35 91
35 92
35 94
35 99
35 101
35 114
35 116
35 118
35 130
35 136
35 141
35 150
35 151
35 158
35 159
35 161
35 167
35 168
35 173
35 189
35 190
35 300
35 361
35 424
35 484
36 38
36 41
36 44
36 46
36 47
36 52
36 55
36 59
36 62
36 66
36 72
36 74
36 88
36 90
36 101
36 103
36 112
36 118
36 120
36 131
36 133
36 140
36 157
36 163
36 172
36 181
36 427
37 38
37 53
37 68
37 72
37 88
37 89
37 92
37 93
37 118
37 124
37 129
37 131
37 134
37 149
37 153
37 154
37 158
37 170
37 175
37 181
37 185
37 186
37 188
37 190
37 306
37 320
38 42
38 44
38 46
38 48
38 50
38 67
38 68
38 69
38 76
38 82
38 89
38 93
38 97
38 98
38 102
38 109
38 113
38 115
38 116
38 125
38 128
38 129
38 137
38 141
38 156
38 163
38 165
38 178
38 180
38 183
38 185
38 315
38 329
38 387
39 41
39 50
39 51
39 58
39 60
39 61
39 65
39 71
39 76
39 79
39 91
39 97
39 99
39 100
39 109
39 112
39 115
39 127
39 128
39 132
39 134
39 137
39 138
39 140
39 150
39 158
39 159
39 165
39 166
39 170
39 171
39 179
39 180
39 184
39 187
39 459
39 533
40 43
40 44
40 55
40 57
40 69
40 75
40 80
40 84
40 87
40 97
40 107
40 119
40 135
40 140
40 145
40 149
40 152
40 162
40 167
40 173
40 177
40 178
40 182
40 183
40 184
40 219
40 244
41 44
41 51
41 54
41 59
41 60
41 62
41 65
41 68
41 78
41 80
41 87
41 88
41 99
41 100
41 101
41 103
41 106
41 114
41 126
41 127
41 129
41 143
41 152
41 166
41 169
41 178
41 180
41 181
41 194
41 227
41 281
41 290
41 435
41 467
42 49
42 50
42 54
42 57
42 60
42 65
42 83
42 87
42 94
42 95
42 104
42 108
42 115
42 117
42 120
42 124
42 130
42 136
42 139
42 147
42 148
42 149
42 154
42 155
42 171
42 174
42 178
42 253
43 64
43 72
43 77
43 78
43 80
43 81
43 90
43 96
43 101
43 102
43 105
43 108
43 109
43 114
43 119
43 120
43 121
43 122
43 123
43 133
43 135
43 141
43 143
43 145
43 149
43 150
43 154
43 155
43 183
43 484
44 52
44 54
44 57
44 63
44 65
44 75
44 76
44 101
44 102
44 108
44 109
44 113
44 114
44 135
44 138
44 141
44 143
44 151
44 160
44 175
44 179
44 183
44 189
44 190
44 301
45 46
45 47
45 53
45 63
45 72
45 73
45 84
45 91
45 95
45 100
45 116
45 125
45 127
45 129
45 132
45 133
45 142
45 146
45 153
45 155
45 156
45 157
45 159
45 168
45 177
45 179
45 182
45 187
45 209
45 496
46 49
46 51
46 53
46 56
46 58
46 72
46 75
46 77
46 83
46 85
46 99
46 103
46 105
46 107
46 114
46 117
46 119
46 122
46 123
46 134
46 142
46 144
46 153
46 155
46 161
46 164
46 166
46 168
46 169
46 175
46 179
46 182
46 183
46 185
46 186
46 318
47 60
47 68
47 74
47 89
47 94
47 96
47 97
47 98
47 103
47 112
47 113
47 125
47 131
47 141
47 148
47 149
47 156
47 158
47 164
47 165
47 171
47 178
47 187
47 268
47 479
48 55
48 56
48 61
48 67
48 71
48 74
48 79
48 84
48 96
48 98
48 107
48 110
48 114
48 134
48 138
48 139
48 145
48 148
48 152
48 156
48 158
48 160
48 171
48 173
48 178
48 185
48 363
48 423
49 52
49 62
49 64
49 66
49 70
49 74
49 78
49 80
49 81
49 88
49 99
49 117
49 118
49 119
49 121
49 124
49 126
49 133
49 144
49 151
49 156
49 162
49 174
49 180
49 186
49 188
49 190
49 519
50 58
50 59
50 62
50 69
50 73
50 76
50 81
50 83
50 86
50 88
50 92
50 93
50 94
50 102
50 104
50 124
50 125
50 139
50 145
50 146
50 147
50 153
50 162
50 174
50 177
50 178
51 53
51 64
51 68
51 82
51 84
51 86
51 87
51 91
51 92
51 97
51 105
51 113
51 118
51 134
51 136
51 138
51 142
51 145
51 159
51 161
51 164
51 174
51 175
51 176
51 178
51 180
51 181
51 182
51 184
51 187
51 189
51 348
52 53
52 58
52 64
52 67
52 70
52 71
52 74
52 77
52 78
52 80
52 87
52 94
52 97
52 103
52 109
52 117
52 124
52 133
52 147
52 150
52 175
52 179
52 181
52 184
52 189
52 190
52 234
52 305
52 376
53 55
53 57
53 61
53 67
53 75
53 84
53 92
53 99
53 106
53 107
53 116
53 120
53 130
53 133
53 134
53 135
53 142
53 144
53 148
53 152
53 162
53 170
53 180
53 182
53 302
53 481
54 55
54 57
54 64
54 68
54 72
54 74
54 80
54 81
54 84
54 98
54 103
54 110
54 113
54 117
54 130
54 142
54 144
54 146
54 147
54 159
54 163
54 182
54 291
54 396
55 63
55 75
55 76
55 80
55 82
55 83
55 84
55 97
55 100
55 103
55 115
55 118
55 122
55 131
55 132
55 133
55 137
55 139
55 143
55 145
55 146
55 149
55 151
55 156
55 157
55 163
55 164
55 170
55 171
55 173
55 177
55 181
55 184
55 190
55 277
55 302
55 365
55 485
56 57
56 62
56 64
56 67
56 68
56 70
56 74
56 76
56 82
56 87
56 90
56 91
56 92
56 97
56 103
56 104
56 106
56 107
56 110
56 111
56 114
56 121
56 127
56 134
56 136
56 137
56 138
56 169
56 171
56 174
56 175
56 176
56 177
56 181
56 182
56 454
57 71
57 87
57 91
57 92
57 101
57 102
57 103
57 110
57 114
57 116
57 117
57 123
57 124
57 129
57 133
57 141
57 143
57 178
57 184
57 396
58 63
58 64
58 76
58 89
58 104
58 106
58 107
58 109
58 110
58 113
58 118
58 122
58 123
58 135
58 147
58 150
58 154
58 160
58 161
58 165
58 167
58 172
58 189
59 65
59 66
59 67
59 71
59 72
59 73
59 79
59 80
59 82
59 85
59 86
59 88
59 98
59 102
59 103
59 105
59 109
59 110
59 124
59 126
59 135
59 144
59 152
59 163
59 164
59 165
59 166
59 168
59 182
59 185
59 455
60 76
60 80
60 87
60 90
60 97
60 103
60 109
60 113
60 114
60 116
60 121
60 129
60 131
60 139
60 140
60 147
60 149
60 151
60 157
60 160
60 164
60 174
60 175
60 181
60 305
60 380
61 65
61 67
61 73
61 74
61 77
61 80
61 83
61 84
61 92
61 95
61 96
61 101
61 106
61 109
61 114
61 118
61 120
61 121
61 134
61 140
61 141
61 142
61 148
61 149
61 150
61 172
61 173
61 174
61 183
61 184
61 186
61 265
61 451
62 64
62 67
62 68
62 71
62 85
62 88
62 105
62 113
62 117
62 125
62 127
62 133
62 136
62 137
62 150
62 152
62 161
62 162
62 166
62 174
62 177
62 186
62 188
62 385
62 442
62 552
63 67
63 68
63 76
63 77
63 83
63 91
63 95
63 105
63 110
63 111
63 114
63 116
63 118
63 120
63 125
63 128
63 145
63 154
63 156
63 164
63 165
63 169
63 173
63 182
63 186
63 187
64 73
64 74
64 80
64 83
64 88
64 92
64 95
64 98
64 107
64 108
64 127
64 128
64 132
64 134
64 136
64 139
64 140
64 143
64 146
64 147
64 149
64 171
64 174
64 177
64 186
64 474
65 68
65 70
65 74
65 75
65 80
65 84
65 87
65 95
65 98
65 99
65 106
65 108
65 115
65 121
65 129
65 131
65 132
65 139
65 145
65 146
65 150
65 152
65 153
65 154
65 155
65 159
65 160
65 179
65 188
65 414
66 68
66 70
66 71
66 76
66 78
66 84
66 85
66 98
66 107
66 116
66 117
66 127
66 136
66 138
66 142
66 147
66 149
66 151
66 152
66 154
66 158
66 164
66 165
66 169
66 176
66 189
66 474
66 515
67 75
67 82
67 87
67 88
67 90
67 91
67 93
67 94
67 95
67 96
67 97
67 103
67 104
67 107
67 110
67 111
67 112
67 123
67 132
67 138
67 139
67 146
67 148
67 156
67 161
67 168
67 179
67 183
67 187
67 197
67 210
67 289
68 80
68 82
68 90
68 91
68 92
68 93
68 105
68 107
68 108
68 110
68 117
68 119
68 121
68 122
68 125
68 129
68 132
68 145
68 149
68 150
68 161
68 167
68 174
68 179
68 182
68 185
68 186
68 188
68 190
68 353
68 397
69 72
69 83
69 89
69 94
69 96
69 98
69 99
69 105
69 108
69 123
69 125
69 128
69 129
69 130
69 134
69 144
69 146
69 148
69 149
69 152
69 170
69 172
69 174
69 178
69 186
69 188
69 268
69 506
70 78
70 82
70 84
70 91
70 111
70 112
70 114
70 116
70 121
70 130
70 131
70 135
70 160
70 163
70 174
70 176
70 177
70 182
70 187
70 375
70 431
70 533
71 78
71 82
71 83
71 85
71 87
71 99
71 105
71 113
71 115
71 117
71 125
71 128
71 131
71 149
71 150
71 151
71 154
71 161
71 178
71 287
71 430
72 77
72 79
72 83
72 87
72 89
72 91
72 93
72 96
72 101
72 105
72 118
72 121
72 122
72 123
72 139
72 144
72 146
72 149
72 153
72 156
72 162
72 164
72 171
72 173
72 177
72 178
72 181
72 184
72 187
72 344
72 559
73 79
73 81
73 83
73 86
73 88
73 95
73 101
73 102
73 109
73 116
73 117
73 120
73 124
73 130
73 131
73 134
73 137
73 149
73 164
73 171
73 178
73 430
73 529
74 80
74 86
74 87
74 93
74 97
74 104
74 108
74 117
74 118
74 123
74 128
74 131
74 135
74 142
74 143
74 152
74 155
74 156
74 157
74 159
74 160
74 161
74 163
74 171
74 176
74 182
74 190
74 207
75 78
75 81
75 85
75 89
75 90
75 106
75 110
75 115
75 118
75 126
75 131
75 133
75 139
75 146
75 157
75 162
75 163
75 165
75 168
75 169
75 171
75 173
75 176
75 177
75 178
75 180
75 182
75 219
75 309
75 406
76 78
76 82
76 87
76 93
76 95
76 107
76 112
76 117
76 131
76 147
76 148
76 158
76 163
76 164
76 165
76 168
76 185
76 189
76 240
76 428
77 81
77 106
77 114
77 115
77 123
77 124
77 126
77 127
77 137
77 144
77 147
77 149
77 151
77 152
77 155
77 157
77 165
77 168
77 169
77 180
77 184
77 185
77 188
77 189
77 295
78 79
78 81
78 93
78 111
78 114
78 126
78 131
78 134
78 135
78 140
78 147
78 149
78 156
78 159
78 160
78 163
78 183
78 186
78 238
78 455
79 81
79 96
79 104
79 113
79 115
79 117
79 123
79 140
79 144
79 153
79 162
79 166
79 167
79 180
79 181
79 184
79 188
80 81
80 89
80 91
80 94
80 95
80 96
80 99
80 102
80 113
80 115
80 125
80 131
80 136
80 145
80 159
80 160
80 172
80 173
80 177
80 178
80 180
80 182
80 185
80 186
80 188
80 190
80 420
81 88
81 92
81 111
81 116
81 120
81 121
81 123
81 130
81 134
81 153
81 161
81 169
81 170
81 179
81 181
81 188
81 477
81 485
82 83
82 89
82 98
82 103
82 104
82 110
82 119
82 124
82 125
82 127
82 131
82 134
82 138
82 140
82 143
82 147
82 150
82 155
82 162
82 167
82 168
82 174
82 182
82 184
83 95
83 135
83 161
83 167
83 169
83 171
83 174
83 176
83 185
83 187
84 91
84 92
84 101
84 104
84 109
84 110
84 112
84 119
84 127
84 131
84 137
84 138
84 152
84 153
84 154
84 159
84 160
84 163
84 164
84 165
84 170
84 171
84 174
84 178
84 188
84 189
84 239
84 385
85 98
85 99
85 103
85 118
85 132
85 136
85 137
85 139
85 151
85 153
85 158
85 160
85 163
85 169
85 177
85 190
86 102
86 123
86 158
86 160
86 163
86 177
86 269
86 385
87 89
87 92
87 94
87 95
87 98
87 99
87 100
87 103
87 107
87 109
87 112
87 126
87 133
87 147
87 152
87 153
87 154
87 162
87 168
87 183
87 186
87 190
87 539
88 89
88 91
88 93
88 104
88 106
88 117
88 119
88 122
88 123
88 136
88 144
88 149
88 159
88 161
88 164
88 166
88 172
88 177
88 184
88 459
89 93
89 94
89 101
89 103
89 113
89 114
89 115
89 118
89 130
89 138
89 141
89 147
89 148
89 150
89 164
89 166
89 170
89 180
89 472
89 485
90 91
90 110
90 115
90 119
90 124
90 131
90 141
90 143
90 146
90 147
90 159
90 172
90 174
90 178
90 186
90 189
90 249
91 95
91 96
91 104
91 106
91 111
91 112
91 119
91 127
91 132
91 133
91 135
91 140
91 141
91 146
91 159
91 168
91 169
91 170
91 179
91 180
91 181
91 182
92 96
92 103
92 114
92 117
92 119
92 122
92 134
92 135
92 136
92 147
92 148
92 150
92 153
92 156
92 165
92 175
92 177
92 183
92 189
92 190
92 425
93 95
93 106
93 113
93 116
93 120
93 124
93 125
93 131
93 150
93 154
93 162
93 164
93 168
93 181
93 190
93 332
94 95
94 113
94 115
94 117
94 125
94 127
94 133
94 136
94 138
94 139
94 140
94 144
94 147
94 155
94 158
94 173
94 177
94 180
94 181
94 184
94 185
94 187
94 573
95 105
95 106
95 112
95 123
95 145
95 149
95 156
95 167
95 168
95 174
95 190
95 216
95 350
95 573
96 98
96 103
96 106
96 107
96 111
96 113
96 118
96 122
96 124
96 129
96 136
96 140
96 154
96 160
96 166
96 168
96 170
96 173
96 174
96 180
96 181
96 185
96 187
96 188
96 190
96 278
97 102
97 103
97 110
97 118
97 122
97 123
97 128
97 139
97 141
97 151
97 154
97 161
97 162
97 163
97 167
97 168
97 173
97 183
97 184
97 186
97 189
97 259
98 99
98 106
98 111
98 119
98 124
98 134
98 135
98 137
98 143
98 149
98 152
98 162
98 165
98 186
99 100
99 107
99 113
99 114
99 117
99 125
99 143
99 149
99 154
99 158
99 176
99 181
100 101
100 111
100 117
100 130
100 138
100 148
100 149
100 150
100 156
100 158
100 161
100 163
100 164
100 167
100 168
100 170
100 172
100 174
100 178
100 181
100 183
100 185
100 187
100 528
101 102
101 111
101 113
101 116
101 121
101 124
101 133
101 137
101 138
101 151
101 161
101 162
101 171
101 174
101 184
101 189
101 190
102 115
102 121
102 123
102 127
102 132
102 136
102 140
102 141
102 147
102 150
102 165
102 173
102 174
102 176
102 184
102 186
102 189
102 560
103 114
103 115
103 119
103 120
103 121
103 128
103 129
103 130
103 132
103 136
103 138
103 148
103 158
103 166
103 179
103 188
104 105
104 115
104 120
104 163
104 166
104 168
104 169
104 170
104 171
104 174
104 180
104 188
104 299
104 343
105 113
105 115
105 120
105 125
105 127
105 136
105 141
105 143
105 151
105 152
105 157
105 174
105 190
105 374
105 381
105 498
105 510
106 122
106 131
106 139
106 144
106 150
106 155
106 160
106 162
106 166
106 171
106 179
106 180
106 186
106 188
106 480
106 530
106 540
107 110
107 113
107 115
107 137
107 138
107 140
107 146
107 147
107 153
107 155
107 157
107 163
107 164
107 165
107 170
107 173
107 175
107 189
107 207
107 299
108 111
108 112
108 119
108 120
108 128
108 138
108 143
108 145
108 146
108 147
108 160
108 162
108 175
108 180
108 190
108 393
108 447
108 492
108 503
108 527
109 111
109 116
109 124
109 126
109 130
109 141
109 144
109 148
109 151
109 171
109 177
109 180
109 189
109 291
109 457
109 477
110 134
110 136
110 137
110 141
110 144
110 145
110 153
110 170
110 173
110 178
110 187
110 189
110 442
111 114
111 116
111 117
111 121
111 124
111 132
111 138
111 159
111 166
111 172
111 174
111 180
111 183
111 190
112 114
112 116
112 125
112 130
112 140
112 143
112 149
112 166
112 169
112 181
112 182
112 184
112 188
112 218
112 463
113 114
113 118
113 136
113 150
113 168
113 179
113 183
113 188
113 326
114 121
114 129
114 141
114 146
114 147
114 148
114 150
114 153
114 155
114 156
114 161
114 174
114 177
114 185
114 186
114 190
114 324
114 372
114 381
114 491
115 132
115 143
115 144
115 145
115 153
115 154
115 156
115 162
115 165
115 171
115 175
115 177
115 181
115 182
115 185
115 186
115 365
115 384
115 500
116 122
116 127
116 128
116 130
116 131
116 134
116 135
116 144
116 150
116 151
116 155
116 158
116 168
116 169
116 173
116 174
116 186
116 189
117 121
117 123
117 124
117 126
117 127
117 128
117 133
117 134
117 157
117 163
117 173
117 180
117 183
117 189
117 312
117 345
118 126
118 145
118 147
118 156
118 157
118 163
118 173
118 177
118 572
119 123
119 142
119 147
119 148
119 149
119 152
119 155
119 161
119 163
119 172
119 176
119 183
119 184
119 186
119 189
119 237
119 508
120 123
120 130
120 133
120 139
120 144
120 145
120 148
120 152
120 154
120 155
120 159
120 165
120 169
120 176
120 184
120 343
121 122
121 124
121 125
121 136
121 137
121 138
121 140
121 143
121 153
121 156
121 157
121 160
121 164
121 171
121 174
121 178
121 179
121 184
121 188
121 359
121 503
122 123
122 129
122 135
122 140
122 148
122 151
122 153
122 157
122 175
122 178
122 182
123 127
123 132
123 139
123 146
123 148
123 155
123 159
123 162
123 164
123 172
123 173
123 179
123 180
123 183
123 377
123 449
124 129
124 132
124 139
124 146
124 149
124 159
124 160
124 162
124 167
124 170
124 178
124 179
124 187
124 419
124 503
125 149
125 157
125 159
125 161
125 162
125 175
125 177
125 180
125 182
125 184
125 301
125 393
125 450
125 485
125 566
126 128
126 131
126 133
126 141
126 143
126 144
126 149
126 156
126 158
126 159
126 160
126 164
126 166
126 171
126 172
126 179
126 181
126 182
126 183
126 186
127 128
127 135
127 152
127 170
127 172
127 177
127 181
127 184
127 186
127 444
127 451
128 131
128 137
128 138
128 147
128 149
128 150
128 154
128 156
128 157
128 161
128 162
128 163
128 164
128 166
128 170
128 174
128 182
128 183
128 184
128 431
129 130
129 133
129 136
129 148
129 151
129 166
129 171
129 183
129 189
129 249
129 453
130 137
130 140
130 142
130 148
130 150
130 155
130 158
130 159
130 161
130 165
130 168
130 169
130 172
130 174
130 180
130 184
131 134
131 150
131 155
131 162
131 164
131 171
131 187
131 272
132 137
132 138
132 141
132 145
132 146
132 147
132 150
132 170
132 172
132 173
132 177
132 180
132 187
132 382
133 138
133 141
133 148
133 149
133 153
133 157
133 159
133 170
133 171
133 178
133 182
133 483
134 140
134 147
134 151
134 153
134 154
134 163
134 169
134 173
134 178
134 181
134 182
134 183
135 154
135 161
135 169
135 170
135 171
135 176
135 178
135 184
135 189
135 359
136 143
136 157
136 164
136 167
136 175
136 177
136 178
136 184
136 187
136 313
136 394
137 145
137 172
137 174
137 176
137 180
137 181
137 183
137 189
137 559
138 145
138 157
138 159
138 173
138 174
138 176
138 177
138 178
138 179
138 182
138 184
139 141
139 142
139 143
139 162
139 166
139 173
139 178
139 181
139 182
139 544
140 141
140 143
140 157
140 161
140 172
140 181
140 186
140 555
141 142
141 143
141 150
141 163
141 164
141 174
141 175
141 177
141 182
141 185
141 187
142 156
142 158
142 167
142 175
142 177
142 178
142 181
142 185
142 188
142 190
143 146
143 151
143 155
143 163
143 166
143 169
143 176
143 177
143 182
143 186
143 343
144 183
144 198
145 149
145 152
145 155
145 158
145 160
145 161
145 164
145 165
145 167
145 169
145 172
145 173
145 178
145 180
145 184
145 185
145 469
145 559
146 147
146 164
146 172
146 178
146 188
146 190
147 152
147 160
147 168
147 175
147 176
147 177
147 181
147 182
147 184
147 355
148 150
148 153
148 164
148 167
148 172
148 173
148 176
148 181
148 186
148 190
148 492
149 161
149 174
149 190
150 174
150 180
150 182
150 186
150 214
151 158
151 160
151 162
151 169
151 175
151 179
151 180
151 181
151 413
151 569
152 159
152 161
152 165
152 189
152 190
152 282
152 332
153 157
153 161
153 164
153 167
153 169
153 178
153 179
153 181
153 183
153 239
153 361
154 160
154 161
154 164
154 168
154 169
154 171
154 179
154 181
154 298
154 365
154 463
154 559
155 176
155 180
155 187
156 158
156 159
156 164
156 165
156 173
156 176
156 177
156 179
156 182
156 187
156 188
156 519
157 162
157 164
157 165
157 168
157 170
157 171
157 180
157 181
157 184
157 212
158 160
158 164
158 167
158 168
158 170
158 172
158 174
158 175
158 176
158 185
158 189
158 278
158 481
159 162
159 167
159 176
159 180
159 187
159 190
160 162
160 171
160 180
160 181
161 166
161 175
161 178
161 181
161 184
161 264
161 430
162 170
162 183
162 189
162 190
163 165
163 166
163 168
163 169
163 170
163 172
163 179
163 185
164 165
164 175
164 181
164 183
165 173
165 174
165 182
165 447
165 550
166 170
166 171
166 172
166 173
166 176
166 178
166 181
166 182
166 183
166 186
166 428
166 462
167 172
167 176
167 179
167 182
167 240
167 252
168 180
168 412
169 173
169 174
169 188
170 173
170 179
170 185
171 177
171 182
171 350
171 502
172 176
172 183
172 186
172 188
172 404
173 178
173 179
173 180
173 247
173 265
173 269
173 366
173 384
173 562
174 176
174 182
174 188
174 372
174 468
175 190
176 178
176 188
176 189
176 307
176 462
177 179
177 243
177 546
178 183
179 181
179 184
179 185
179 186
179 312
179 314
180 187
180 318
180 321
180 378
181 246
181 437
181 525
182 186
182 386
182 526
182 573
183 186
183 189
183 428
183 511
184 188
185 208
185 351
185 422
185 481
186 257
186 488
187 284
187 374
188 259
188 492
188 534
191 198
191 199
191 203
191 208
191 210
191 215
191 232
191 233
191 245
191 246
191 259
191 261
191 282
191 285
191 294
191 297
191 298
191 299
191 306
191 311
191 312
191 324
191 329
191 330
191 334
191 338
191 346
191 348
191 351
191 359
191 365
191 367
191 369
191 374
191 375
191 378
191 379
191 419
191 428
192 197
192 200
192 202
192 208
192 224
192 227
192 228
192 234
192 235
192 242
192 244
192 252
192 254
192 255
192 261
192 263
192 268
192 271
192 273
192 277
192 284
192 289
192 292
192 295
192 303
192 304
192 305
192 308
192 321
192 322
192 324
192 329
192 332
192 333
192 340
192 353
192 358
192 360
192 362
192 365
192 369
192 379
192 381
193 195
193 201
193 212
193 213
193 216
193 223
193 226
193 235
193 237
193 242
193 243
193 246
193 248
193 252
193 255
193 262
193 264
193 268
193 270
193 277
193 297
193 300
193 303
193 310
193 311
193 318
193 322
193 333
193 337
193 347
193 350
193 351
193 360
193 363
193 374
193 375
193 376
193 377
193 378
193 538
194 195
194 198
194 207
194 212
194 224
194 225
194 231
194 238
194 249
194 271
194 292
194 300
194 301
194 305
194 315
194 347
194 348
194 350
194 354
194 362
194 377
195 202
195 214
195 225
195 230
195 235
195 237
195 244
195 255
195 259
195 270
195 282
195 285
195 286
195 289
195 294
195 298
195 306
195 316
195 317
195 318
195 326
195 327
195 331
195 339
195 347
195 351
195 355
195 358
195 366
195 420
195 470
195 493
195 532
195 544
195 562
196 200
196 202
196 204
196 213
196 216
196 219
196 227
196 228
196 240
196 244
196 247
196 249
196 250
196 256
196 259
196 264
196 267
196 272
196 278
196 280
196 292
196 294
196 296
196 298
196 299
196 304
196 307
196 309
196 321
196 322
196 323
196 326
196 332
196 336
196 338
196 340
196 345
196 349
196 358
196 368
196 370
196 372
196 378
196 379
196 522
197 198
197 199
197 210
197 211
197 215
197 217
197 222
197 223
197 230
197 233
197 237
197 239
197 241
197 246
197 250
197 251
197 253
197 276
197 277
197 278
197 281
197 282
197 283
197 291
197 294
197 295
197 304
197 314
197 332
197 334
197 339
197 342
197 344
197 356
197 365
197 368
197 375
197 377
197 379
197 380
198 202
198 215
198 219
198 230
198 232
198 236
198 240
198 254
198 257
198 259
198 261
198 263
198 265
198 282
198 284
198 294
198 296
198 315
198 318
198 325
198 326
198 327
198 332
198 333
198 339
198 340
198 345
198 346
198 347
198 348
198 353
198 356
198 363
198 364
198 369
198 370
198 373
198 374
198 379
198 404
199 207
199 209
199 213
199 217
199 218
199 223
199 225
199 229
199 235
199 236
199 237
199 244
199 265
199 269
199 273
199 287
199 288
199 289
199 292
199 299
199 305
199 307
199 315
199 316
199 321
199 323
199 331
199 338
199 342
199 344
199 349
199 352
199 357
199 358
199 361
199 365
199 372
199 373
200 201
200 206
200 214
200 226
200 228
200 238
200 241
200 244
200 245
200 249
200 250
200 252
200 261
200 268
200 270
200 284
200 286
200 289
200 298
200 300
200 307
200 309
200 312
200 320
200 321
200 327
200 328
200 334
200 346
200 349
200 350
200 353
200 358
200 367
200 376
200 381
201 204
201 218
201 231
201 233
201 235
201 236
201 239
201 243
201 247
201 249
201 253
201 258
201 270
201 273
201 281
201 287
201 292
201 300
201 301
201 302
201 305
201 309
201 312
201 315
201 317
201 322
201 333
201 339
201 340
201 352
201 358
201 359
201 361
201 365
201 376
201 498
201 545
201 551
202 204
202 207
202 225
202 230
202 233
202 235
202 237
202 238
202 240
202 251
202 252
202 253
202 255
202 265
202 273
202 278
202 285
202 286
202 290
202 291
202 294
202 303
202 311
202 319
202 320
202 323
202 324
202 325
202 326
202 328
202 332
202 333
202 337
202 347
202 357
202 375
202 379
203 207
203 212
203 213
203 216
203 221
203 225
203 230
203 234
203 235
203 236
203 241
203 245
203 265
203 278
203 282
203 289
203 292
203 297
203 302
203 303
203 310
203 313
203 314
203 319
203 320
203 321
203 322
203 323
203 331
203 338
203 339
203 345
203 346
203 352
203 354
203 360
203 363
203 364
203 365
203 368
203 371
203 376
203 379
204 212
204 216
204 217
204 219
204 221
204 223
204 225
204 227
204 233
204 234
204 235
204 242
204 249
204 256
204 259
204 265
204 269
204 275
204 280
204 285
204 287
204 291
204 297
204 305
204 310
204 322
204 332
204 333
204 349
204 359
204 361
204 362
204 363
204 364
204 369
204 378
204 379
205 214
205 216
205 217
205 221
205 231
205 233
205 240
205 246
205 248
205 257
205 277
205 280
205 281
205 291
205 292
205 299
205 300
205 308
205 316
205 317
205 323
205 328
205 332
205 335
205 337
205 341
205 345
205 347
205 362
205 363
205 369
205 371
205 374
205 395
206 211
206 214
206 221
206 224
206 237
206 239
206 241
206 245
206 246
206 253
206 254
206 274
206 278
206 287
206 288
206 291
206 293
206 294
206 299
206 308
206 310
206 312
206 314
206 329
206 338
206 346
206 347
206 357
206 370
206 374
207 211
207 232
207 244
207 253
207 258
207 266
207 271
207 273
207 274
207 276
207 277
207 278
207 297
207 299
207 304
207 308
207 310
207 321
207 328
207 329
207 333
207 335
207 340
207 344
207 356
207 361
207 366
207 368
207 369
208 211
208 218
208 227
208 229
208 237
208 246
208 259
208 274
208 278
208 284
208 290
208 293
208 310
208 327
208 330
208 331
208 351
208 352
208 363
208 366
208 369
208 377
208 379
208 381
208 396
209 211
209 213
209 214
209 216
209 225
209 230
209 241
209 242
209 243
209 244
209 262
209 267
209 268
209 274
209 279
209 280
209 285
209 287
209 295
209 299
209 302
209 305
209 312
209 315
209 317
209 320
209 323
209 325
209 332
209 339
209 341
209 342
209 351
209 354
209 359
209 361
209 373
209 374
209 525
210 211
210 217
210 225
210 229
210 234
210 235
210 242
210 248
210 255
210 258
210 272
210 290
210 296
210 297
210 298
210 307
210 314
210 319
210 327
210 332
210 348
210 353
210 366
210 367
210 376
210 381
210 491
211 216
211 217
211 218
211 219
211 225
211 228
211 232
211 233
211 239
211 245
211 251
211 252
211 253
211 259
211 264
211 276
211 284
211 294
211 296
211 302
211 312
211 313
211 315
211 317
211 330
211 342
211 349
211 362
211 378
211 381
212 216
212 217
212 225
212 226
212 238
212 239
212 241
212 247
212 258
212 262
212 263
212 272
212 289
212 297
212 310
212 315
212 317
212 320
212 323
212 325
212 328
212 331
212 336
212 338
212 339
212 347
212 358
212 360
212 363
212 365
212 371
212 376
212 381
212 473
213 224
213 227
213 242
213 252
213 257
213 269
213 271
213 276
213 279
213 288
213 306
213 309
213 313
213 317
213 322
213 330
213 333
213 336
213 348
213 351
213 364
213 376
213 380
213 521
214 215
214 219
214 223
214 226
214 228
214 232
214 234
214 239
214 245
214 259
214 260
214 262
214 266
214 273
214 276
214 279
214 283
214 285
214 290
214 299
214 318
214 325
214 326
214 333
214 335
214 342
214 347
214 348
214 349
214 364
214 369
214 371
214 372
214 376
215 222
215 231
215 235
215 236
215 252
215 253
215 257
215 258
215 275
215 282
215 286
215 292
215 302
215 312
215 318
215 319
215 325
215 327
215 337
215 347
215 348
215 364
215 368
215 374
215 379
215 534
216 220
216 221
216 224
216 225
216 233
216 237
216 242
216 244
216 253
216 255
216 261
216 267
216 268
216 269
216 271
216 273
216 281
216 282
216 286
216 288
216 293
216 305
216 309
216 317
216 319
216 325
216 330
216 336
216 341
216 351
216 353
216 357
216 361
216 367
216 370
216 377
216 378
217 218
217 238
217 241
217 247
217 257
217 258
217 265
217 291
217 299
217 301
217 307
217 312
217 315
217 318
217 323
217 334
217 340
217 342
217 347
217 350
217 351
217 358
217 364
217 372
217 375
217 377
217 379
217 489
218 221
218 223
218 224
218 227
218 235
218 252
218 253
218 258
218 268
218 269
218 270
218 273
218 274
218 275
218 277
218 281
218 282
218 306
218 322
218 345
218 349
218 350
218 352
218 356
218 361
218 362
219 224
219 228
219 237
219 239
219 244
219 245
219 250
219 257
219 263
219 267
219 268
219 276
219 278
219 282
219 284
219 286
219 287
219 289
219 290
219 291
219 304
219 314
219 325
219 327
219 333
219 341
219 352
219 359
219 368
219 371
219 376
219 377
219 497
220 221
220 222
220 230
220 232
220 237
220 242
220 247
220 251
220 258
220 259
220 273
220 279
220 284
220 287
220 290
220 291
220 302
220 306
220 308
220 313
220 320
220 326
220 327
220 328
220 335
220 361
220 370
220 372
220 374
221 222
221 227
221 240
221 242
221 243
221 254
221 264
221 265
221 272
221 275
221 278
221 297
221 300
221 301
221 302
221 318
221 319
221 323
221 324
221 340
221 349
221 351
221 364
221 369
221 372
221 377
221 379
222 226
222 227
222 229
222 230
222 238
222 268
222 269
222 273
222 276
222 278
222 283
222 285
222 288
222 289
222 292
222 294
222 295
222 296
222 312
222 314
222 324
222 334
222 338
222 340
222 344
222 347
222 349
222 353
222 366
222 369
222 372
222 415
223 227
223 231
223 237
223 238
223 240
223 248
223 250
223 254
223 255
223 262
223 274
223 279
223 286
223 292
223 294
223 298
223 299
223 302
223 306
223 312
223 322
223 328
223 334
223 340
223 342
223 353
223 355
223 356
223 374
223 375
223 379
223 486
223 496
224 226
224 227
224 230
224 233
224 234
224 238
224 245
224 246
224 258
224 259
224 261
224 264
224 269
224 271
224 276
224 284
224 286
224 287
224 288
224 301
224 302
224 303
224 315
224 323
224 326
224 329
224 337
224 338
224 346
224 350
224 355
224 359
224 361
224 364
224 367
224 378
224 448
225 228
225 234
225 238
225 243
225 244
225 253
225 259
225 260
225 277
225 284
225 285
225 294
225 309
225 314
225 340
225 341
225 352
225 356
225 357
225 366
225 371
225 375
225 378
225 380
225 402
226 229
226 236
226 240
226 247
226 251
226 252
226 256
226 259
226 262
226 268
226 269
226 270
226 274
226 277
226 281
226 287
226 290
226 292
226 299
226 301
226 305
226 307
226 314
226 317
226 325
226 335
226 338
226 347
226 361
226 362
226 364
226 365
226 366
226 369
226 381
226 505
226 559
227 232
227 233
227 236
227 238
227 244
227 246
227 259
227 262
227 263
227 266
227 270
227 275
227 286
227 291
227 294
227 299
227 306
227 317
227 321
227 325
227 326
227 327
227 333
227 336
227 343
227 346
227 348
227 364
227 365
227 370
227 375
228 239
228 242
228 243
228 250
228 261
228 269
228 270
228 272
228 276
228 277
228 287
228 290
228 293
228 294
228 297
228 298
228 301
228 307
228 308
228 310
228 316
228 325
228 331
228 338
228 345
228 347
228 349
228 354
228 358
228 361
228 366
228 373
228 378
229 241
229 245
229 247
229 248
229 255
229 256
229 261
229 263
229 271
229 279
229 280
229 282
229 309
229 318
229 319
229 328
229 333
229 367
229 375
230 231
230 234
230 239
230 244
230 249
230 253
230 256
230 260
230 267
230 275
230 282
230 289
230 301
230 306
230 309
230 311
230 318
230 321
230 335
230 337
230 343
230 350
230 354
230 357
230 361
230 366
230 369
230 373
231 233
231 237
231 238
231 242
231 243
231 253
231 255
231 260
231 264
231 267
231 280
231 284
231 290
231 294
231 302
231 309
231 312
231 327
231 333
231 339
231 341
231 355
231 357
231 363
231 375
231 376
231 380
232 238
232 241
232 242
232 253
232 258
232 266
232 268
232 270
232 273
232 279
232 280
232 282
232 298
232 305
232 306
232 307
232 308
232 315
232 316
232 318
232 324
232 329
232 341
232 343
232 344
232 360
232 375
232 488
232 555
233 236
233 253
233 258
233 259
233 268
233 269
233 280
233 285
233 286
233 297
233 300
233 302
233 305
233 315
233 321
233 327
233 330
233 331
233 338
233 355
233 356
233 358
233 369
233 371
233 372
233 449
233 466
234 236
234 243
234 246
234 256
234 267
234 268
234 281
234 283
234 290
234 292
234 294
234 298
234 301
234 305
234 306
234 308
234 315
234 316
234 317
234 328
234 335
234 337
234 342
234 366
235 239
235 243
235 246
235 248
235 253
235 257
235 258
235 266
235 277
235 281
235 318
235 319
235 320
235 326
235 327
235 332
235 335
235 340
235 341
235 349
235 355
235 357
235 361
235 364
235 366
235 370
236 244
236 245
236 260
236 261
236 262
236 267
236 277
236 279
236 299
236 301
236 312
236 315
236 341
236 346
236 347
236 350
236 352
236 355
236 358
236 365
236 372
237 240
237 245
237 261
237 263
237 275
237 285
237 298
237 300
237 307
237 315
237 316
237 317
237 319
237 321
237 323
237 325
237 327
237 333
237 336
237 341
237 344
237 353
237 354
237 358
237 365
237 375
237 377
238 241
238 244
238 247
238 250
238 273
238 274
238 284
238 288
238 290
238 300
238 301
238 315
238 320
238 321
238 331
238 335
238 341
238 344
238 356
238 366
238 374
238 379
238 468
239 259
239 263
239 267
239 273
239 274
239 285
239 286
239 287
239 294
239 296
239 300
239 303
239 308
239 313
239 320
239 325
239 328
239 332
239 337
239 339
239 344
239 345
239 346
239 351
239 356
239 369
239 370
239 375
240 243
240 252
240 268
240 277
240 278
240 280
240 294
240 299
240 310
240 324
240 325
240 327
240 329
240 343
240 351
240 354
240 359
240 361
240 363
240 364
240 368
240 376
240 378
240 485
241 247
241 250
241 252
241 268
241 284
241 285
241 287
241 288
241 289
241 308
241 311
241 313
241 315
241 320
241 325
241 326
241 328
241 332
241 333
241 340
241 341
241 343
241 346
241 349
241 351
241 356
241 360
241 364
241 366
241 545
242 243
242 246
242 247
242 253
242 264
242 265
242 268
242 280
242 282
242 283
242 287
242 288
242 293
242 299
242 300
242 301
242 306
242 311
242 312
242 318
242 322
242 324
242 332
242 334
242 335
242 339
242 345
242 346
242 350
242 362
242 363
242 403
243 248
243 253
243 255
243 273
243 274
243 278
243 279
243 286
243 287
243 288
243 292
243 299
243 300
243 304
243 306
243 307
243 308
243 321
243 328
243 334
243 336
243 340
243 343
243 351
243 352
243 361
243 364
243 368
243 371
243 381
244 250
244 251
244 256
244 271
244 272
244 276
244 293
244 294
244 295
244 298
244 301
244 304
244 306
244 314
244 316
244 322
244 326
244 332
244 337
244 351
244 354
244 357
244 358
244 360
244 366
244 368
244 369
244 371
244 378
244 379
244 381
244 433
245 250
245 266
245 272
245 288
245 290
245 297
245 298
245 304
245 305
245 315
245 321
245 326
245 327
245 329
245 330
245 333
245 346
245 350
245 357
245 360
245 366
245 370
245 379
245 381
245 470
246 254
246 256
246 261
246 263
246 272
246 274
246 276
246 278
246 280
246 284
246 286
246 294
246 301
246 315
246 316
246 320
246 323
246 330
246 332
246 339
246 340
246 346
246 356
246 370
246 372
246 373
246 374
247 255
247 259
247 260
247 264
247 267
247 269
247 272
247 280
247 282
247 283
247 287
247 293
247 298
247 300
247 310
247 315
247 316
247 317
247 318
247 326
247 339
247 342
247 345
247 376
247 380
248 250
248 252
248 257
248 258
248 260
248 261
248 268
248 270
248 271
248 275
248 280
248 289
248 297
248 301
248 304
248 307
248 312
248 318
248 327
248 331
248 333
248 346
248 348
248 360
248 370
248 571
249 250
249 255
249 257
249 260
249 266
249 267
249 268
249 277
249 278
249 283
249 286
249 288
249 290
249 291
249 300
249 302
249 308
249 310
249 312
249 325
249 329
249 334
249 336
249 346
249 349
249 350
249 356
249 357
249 365
249 375
249 377
249 452
250 253
250 257
250 264
250 266
250 281
250 282
250 285
250 291
250 293
250 295
250 308
250 319
250 320
250 323
250 334
250 338
250 347
250 359
250 367
250 369
250 370
250 374
250 378
250 492
250 505
251 254
251 255
251 259
251 264
251 274
251 283
251 294
251 310
251 312
251 322
251 338
251 339
251 343
251 347
251 354
251 360
251 361
251 362
251 365
251 379
252 254
252 272
252 285
252 290
252 304
252 311
252 316
252 317
252 319
252 321
252 335
252 339
252 340
252 341
252 343
252 347
252 356
252 357
252 359
252 369
253 258
253 262
253 281
253 299
253 300
253 312
253 313
253 319
253 323
253 331
253 332
253 355
253 359
253 363
253 365
253 368
253 372
253 373
253 375
253 376
253 502
253 512
254 270
254 272
254 275
254 285
254 293
254 298
254 299
254 301
254 304
254 309
254 314
254 322
254 323
254 332
254 334
254 338
254 339
254 342
254 343
254 347
254 357
254 369
254 380
254 430
255 257
255 263
255 265
255 267
255 270
255 271
255 300
255 303
255 305
255 307
255 311
255 315
255 325
255 326
255 332
255 335
255 340
255 347
255 354
255 355
255 374
255 380
255 477
256 265
256 279
256 282
256 284
256 289
256 297
256 302
256 304
256 309
256 310
256 319
256 326
256 340
256 342
256 351
256 358
256 360
256 369
256 379
256 417
257 268
257 277
257 282
257 285
257 288
257 289
257 290
257 301
257 317
257 321
257 322
257 325
257 326
257 328
257 339
257 345
257 346
257 350
257 356
257 362
257 364
257 369
257 374
257 381
258 271
258 272
258 273
258 281
258 282
258 287
258 292
258 296
258 297
258 320
258 332
258 344
258 353
258 370
258 371
258 378
259 267
259 268
259 270
259 272
259 275
259 283
259 298
259 307
259 310
259 312
259 315
259 320
259 322
259 323
259 324
259 330
259 335
259 336
259 351
259 352
259 360
259 363
259 365
259 366
259 371
259 377
259 378
259 381
260 268
260 269
260 274
260 279
260 295
260 301
260 302
260 310
260 311
260 313
260 324
260 326
260 327
260 331
260 332
260 337
260 344
260 355
260 359
260 361
260 376
260 378
260 381
261 268
261 284
261 285
261 290
261 297
261 309
261 316
261 320
261 322
261 328
261 330
261 331
261 339
261 341
261 342
261 350
261 351
261 353
261 357
261 360
261 365
261 368
261 371
261 379
261 381
262 268
262 269
262 273
262 274
262 275
262 295
262 307
262 308
262 309
262 323
262 336
262 339
262 348
262 351
262 366
262 367
262 374
262 376
262 378
262 530
262 544
263 277
263 279
263 281
263 285
263 296
263 297
263 304
263 306
263 309
263 320
263 334
263 339
263 342
263 356
263 358
263 360
263 361
263 365
263 374
263 377
263 380
263 381
263 410
263 443
264 270
264 279
264 281
264 301
264 316
264 318
264 324
264 326
264 340
264 341
264 343
264 347
264 348
264 356
264 357
264 365
264 367
264 372
264 373
264 377
264 378
265 271
265 284
265 292
265 297
265 308
265 311
265 322
265 325
265 326
265 341
265 348
265 359
265 381
266 268
266 270
266 278
266 280
266 289
266 295
266 299
266 312
266 319
266 320
266 324
266 327
266 333
266 334
266 336
266 338
266 345
266 352
266 355
266 361
266 363
266 367
266 373
266 381
267 277
267 290
267 300
267 307
267 309
267 319
267 321
267 328
267 332
267 341
267 342
267 347
267 348
267 354
267 358
267 359
267 361
267 366
267 368
267 375
267 376
267 378
267 379
268 269
268 270
268 271
268 277
268 286
268 289
268 293
268 298
268 299
268 301
268 332
268 333
268 340
268 343
268 344
268 345
268 346
268 348
268 350
268 355
268 361
268 368
268 373
269 273
269 277
269 287
269 288
269 292
269 299
269 307
269 316
269 323
269 331
269 333
269 338
269 344
269 362
269 367
269 372
269 376
270 273
270 279
270 283
270 285
270 287
270 305
270 306
270 310
270 316
270 317
270 325
270 328
270 331
270 336
270 339
270 340
270 344
270 349
270 352
270 361
270 362
270 365
270 368
270 374
270 376
270 380
271 277
271 284
271 289
271 290
271 295
271 298
271 305
271 307
271 314
271 316
271 317
271 326
271 330
271 331
271 335
271 341
271 346
271 360
271 365
271 374
272 280
272 285
272 286
272 293
272 297
272 299
272 319
272 320
272 322
272 330
272 334
272 335
272 338
272 347
272 355
272 356
272 360
272 361
272 366
272 377
272 379
272 381
272 409
272 465
272 517
272 556
273 275
273 278
273 283
273 301
273 302
273 336
273 345
273 346
273 352
273 363
273 370
273 371
273 374
273 377
273 378
274 275
274 277
274 279
274 288
274 296
274 303
274 305
274 306
274 312
274 314
274 315
274 329
274 330
274 345
274 346
274 350
274 356
274 362
274 364
274 373
274 381
275 276
275 277
275 282
275 284
275 288
275 291
275 297
275 298
275 299
275 300
275 301
275 302
275 309
275 319
275 320
275 334
275 339
275 341
275 347
275 348
275 349
275 354
275 360
275 373
275 379
276 278
276 279
276 283
276 288
276 294
276 299
276 303
276 308
276 317
276 329
276 335
276 339
276 344
276 346
276 347
276 349
276 355
276 357
276 360
276 363
276 365
276 368
276 376
276 378
276 452
276 530
277 280
277 282
277 284
277 295
277 299
277 304
277 307
277 309
277 311
277 320
277 331
277 351
277 363
277 364
277 371
277 406
277 416
278 280
278 282
278 285
278 286
278 287
278 289
278 296
278 300
278 306
278 308
278 311
278 320
278 321
278 323
278 329
278 332
278 333
278 342
278 343
278 351
278 358
278 361
278 375
278 408
279 284
279 288
279 300
279 303
279 308
279 310
279 311
279 316
279 319
279 323
279 337
279 338
279 342
279 349
279 350
279 354
279 355
279 358
279 379
279 471
280 281
280 285
280 287
280 288
280 289
280 290
280 300
280 308
280 309
280 314
280 315
280 334
280 340
280 341
280 342
280 347
280 356
280 360
280 361
280 364
280 365
280 366
280 371
280 372
280 376
280 381
280 444
281 288
281 289
281 291
281 312
281 313
281 314
281 318
281 322
281 341
281 347
281 348
281 349
281 364
281 430
281 537
282 283
282 286
282 291
282 297
282 299
282 300
282 304
282 307
282 313
282 331
282 333
282 334
282 356
282 371
282 374
282 376
282 381
283 284
283 286
283 288
283 305
283 313
283 314
283 315
283 316
283 320
283 331
283 340
283 344
283 362
283 372
283 380
284 288
284 289
284 302
284 322
284 330
284 332
284 334
284 338
284 340
284 348
284 354
284 356
284 358
284 359
284 361
284 362
284 364
284 371
284 426
285 290
285 291
285 296
285 297
285 299
285 305
285 307
285 309
285 310
285 319
285 324
285 325
285 342
285 346
285 347
285 357
285 361
285 362
285 365
285 366
285 368
285 372
285 379
285 502
285 569
286 287
286 293
286 296
286 324
286 326
286 332
286 335
286 336
286 337
286 338
286 345
286 351
286 352
286 357
286 367
286 376
286 381
287 295
287 297
287 311
287 328
287 329
287 331
287 334
287 337
287 338
287 341
287 344
287 346
287 358
287 362
287 364
287 368
287 413
288 292
288 293
288 305
288 316
288 330
288 332
288 337
288 338
288 347
288 354
288 357
288 361
288 366
288 368
288 380
288 381
289 297
289 298
289 303
289 304
289 324
289 327
289 336
289 338
289 339
289 342
289 343
289 371
289 476
290 297
290 307
290 313
290 316
290 329
290 330
290 333
290 337
290 340
290 342
290 352
290 354
290 359
290 362
290 365
290 374
290 379
290 380
290 381
291 294
291 297
291 299
291 303
291 310
291 325
291 327
291 328
291 329
291 333
291 342
291 344
291 352
291 356
291 361
291 371
291 373
291 375
291 376
291 548
292 299
292 302
292 311
292 315
292 318
292 324
292 337
292 338
292 362
292 364
292 367
292 368
292 369
292 371
292 373
292 374
292 378
292 379
292 466
293 296
293 304
293 307
293 311
293 322
293 325
293 343
293 346
293 360
293 365
293 366
293 371
293 373
293 376
294 300
294 302
294 303
294 306
294 308
294 313
294 315
294 317
294 318
294 320
294 328
294 333
294 338
294 343
294 345
294 348
294 353
294 360
294 363
294 369
295 311
295 317
295 335
295 340
295 343
295 347
295 354
295 361
295 362
295 370
295 373
295 377
295 380
295 381
295 528
296 301
296 307
296 315
296 322
296 325
296 328
296 329
296 330
296 338
296 345
296 348
296 350
296 351
296 354
296 358
296 360
296 361
296 362
296 374
296 375
296 431
297 301
297 302
297 307
297 310
297 311
297 320
297 325
297 327
297 334
297 335
297 336
297 347
297 349
297 352
297 358
297 360
297 378
297 381
297 497
298 305
298 308
298 322
298 323
298 328
298 331
298 335
298 343
298 346
298 357
298 370
298 377
298 543
299 309
299 310
299 317
299 326
299 341
299 346
299 357
299 362
299 367
299 372
299 377
300 302
300 306
300 310
300 317
300 325
300 328
300 332
300 357
300 362
300 366
300 372
300 378
300 379
300 499
300 513
301 303
301 307
301 311
301 314
301 321
301 332
301 337
301 341
301 345
301 346
301 348
301 363
301 378
301 381
302 319
302 327
302 331
302 349
302 353
302 361
302 368
302 370
302 372
302 373
302 376
302 378
302 379
302 381
302 401
303 308
303 315
303 319
303 325
303 332
303 339
303 343
303 352
303 354
303 366
303 368
303 370
303 372
303 377
303 454
303 507
304 310
304 312
304 323
304 328
304 329
304 330
304 331
304 336
304 347
304 348
304 355
304 361
304 375
304 381
304 393
305 306
305 307
305 310
305 317
305 318
305 319
305 324
305 325
305 329
305 334
305 336
305 341
305 351
305 368
305 369
305 375
305 377
305 378
305 525
306 311
306 312
306 321
306 326
306 328
306 329
306 330
306 336
306 337
306 341
306 343
306 353
306 356
306 357
306 364
306 365
306 368
306 370
306 372
306 380
307 313
307 314
307 315
307 318
307 326
307 327
307 341
307 342
307 343
307 348
307 355
307 358
307 359
307 360
307 366
307 368
307 376
307 517
307 542
308 316
308 317
308 322
308 323
308 338
308 340
308 341
308 347
308 351
308 352
308 367
308 378
308 534
309 310
309 313
309 317
309 318
309 319
309 323
309 324
309 332
309 337
309 340
309 349
309 356
309 359
309 367
309 369
309 377
309 469
309 499
310 318
310 320
310 321
310 341
310 344
310 345
310 348
310 359
310 360
310 362
310 365
310 372
310 373
310 377
310 404
310 414
311 315
311 324
311 329
311 335
311 337
311 345
311 359
311 365
311 467
312 319
312 324
312 328
312 341
312 349
312 353
312 357
312 363
312 367
312 372
313 319
313 320
313 329
313 334
313 337
313 346
313 348
313 352
313 357
313 365
313 366
314 328
314 334
314 340
314 341
314 349
314 351
314 358
314 359
314 368
314 370
315 328
315 333
315 337
315 341
315 347
315 348
315 357
315 358
315 361
315 363
315 364
315 375
315 379
315 546
316 318
316 324
316 329
316 331
316 333
316 335
316 354
316 363
316 367
316 373
316 380
316 437
317 338
317 341
317 346
317 362
317 364
317 365
317 366
317 368
317 369
317 379
318 319
318 332
318 334
318 340
318 344
318 345
318 348
318 351
318 353
318 365
318 373
318 380
319 321
319 324
319 331
319 334
319 337
319 345
319 348
319 354
319 357
319 364
320 325
320 332
320 352
320 356
320 364
320 367
320 373
320 377
320 379
320 405
321 327
321 330
321 333
321 340
321 341
321 345
321 354
321 369
321 371
321 372
321 377
321 380
321 417
321 530
322 325
322 330
322 333
322 334
322 349
322 353
322 365
322 379
322 393
323 326
323 328
323 332
323 333
323 336
323 338
323 347
323 351
323 362
323 366
323 375
323 469
324 334
324 340
324 342
324 348
324 351
324 358
324 364
324 365
324 367
324 372
324 445
325 332
325 334
325 336
325 348
325 356
325 358
325 361
325 362
325 365
325 373
325 375
325 377
325 493
325 517
326 332
326 336
326 337
326 341
326 342
326 360
326 361
326 377
326 380
326 495
327 329
327 336
327 344
327 346
327 352
327 358
327 361
327 364
327 368
327 373
327 407
327 533
328 329
328 331
328 338
328 350
328 360
328 361
328 373
328 375
328 377
328 378
328 381
329 330
329 332
329 335
329 340
329 348
329 351
329 355
329 372
329 377
329 541
330 338
330 339
330 343
330 344
330 346
330 348
330 351
330 352
330 354
330 368
330 371
330 373
330 381
331 334
331 344
331 345
331 352
331 361
331 362
331 368
331 369
331 372
331 377
331 380
332 333
332 339
332 341
332 344
332 350
332 351
332 356
332 361
332 364
332 373
332 376
333 335
333 338
333 347
333 358
333 360
333 363
333 373
333 374
333 380
334 336
334 345
334 359
334 361
334 363
334 376
335 345
335 350
335 352
335 361
335 371
335 374
335 376
336 337
336 347
336 350
336 357
336 359
336 360
336 363
336 365
336 375
336 376
336 379
336 381
337 338
337 340
337 345
337 356
337 370
338 340
338 343
338 344
338 352
338 360
338 361
338 370
338 372
338 376
339 346
339 348
339 357
339 359
339 363
339 364
339 371
339 379
340 353
340 357
340 358
340 364
340 365
340 367
340 378
340 518
341 342
341 349
341 369
341 370
341 371
341 372
341 375
341 469
342 343
342 349
342 355
342 360
342 364
343 344
343 345
343 350
343 355
343 358
343 361
343 365
343 369
343 376
343 379
343 552
344 348
344 358
344 366
344 371
344 375
344 376
344 378
344 381
345 346
345 349
345 352
345 353
345 378
345 536
346 349
346 351
346 360
346 369
346 370
346 374
346 380
347 349
347 356
347 361
347 363
347 374
347 380
348 353
348 367
348 376
348 521
349 354
349 355
349 361
349 374
349 377
349 380
349 381
349 431
349 503
350 352
350 356
350 358
350 359
350 362
350 372
350 373
350 375
350 378
350 551
351 352
351 353
351 355
351 356
351 358
351 366
351 369
351 374
351 378
351 463
352 361
352 366
352 377
352 379
352 381
353 372
353 373
353 377
353 381
353 435
354 364
354 370
354 372
354 374
354 378
354 381
355 357
355 358
355 359
355 363
355 367
355 513
356 359
356 363
356 376
357 361
357 362
357 363
357 367
357 368
357 371
357 375
358 359
358 374
358 376
358 381
358 428
358 465
359 370
359 375
359 377
359 378
359 379
359 381
360 366
360 373
360 377
360 380
360 408
360 515
361 368
361 376
361 379
361 528
362 369
362 376
362 379
362 380
362 381
362 523
363 364
363 373
363 374
363 378
363 380
363 473
363 486
363 500
364 367
364 375
364 377
365 368
365 372
365 375
365 458
366 368
366 375
366 377
366 378
367 376
367 379
367 393
368 373
369 376
369 377
370 374
370 376
370 378
370 381
370 428
371 373
371 376
371 379
371 461
371 557
372 376
373 380
373 381
373 389
374 500
375 381
376 380
376 381
377 471
379 380
380 381
380 437
380 453
380 556
381 402
381 493
382 394
382 395
382 401
382 412
382 413
382 417
382 423
382 425
382 431
382 432
382 435
382 438
382 444
382 454
382 466
382 470
382 477
382 479
382 480
382 494
382 498
382 501
382 503
382 514
382 525
382 528
382 547
382 556
382 562
383 385
383 386
383 393
383 395
383 398
383 407
383 411
383 414
383 420
383 422
383 426
383 435
383 441
383 444
383 452
383 454
383 469
383 470
383 472
383 474
383 475
383 478
383 480
383 482
383 490
383 505
383 506
383 511
383 512
383 515
383 518
383 524
383 530
383 535
383 536
383 548
383 549
383 550
383 555
383 565
383 569
383 572
383 574
384 385
384 410
384 411
384 412
384 414
384 415
384 423
384 434
384 438
384 445
384 448
384 450
384 460
384 461
384 466
384 477
384 484
384 515
384 516
384 518
384 519
384 523
384 526
384 528
384 553
384 565
384 572
385 394
385 396
385 402
385 419
385 420
385 424
385 429
385 435
385 441
385 445
385 453
385 457
385 458
385 459
385 469
385 471
385 472
385 498
385 517
385 519
385 523
385 530
385 539
385 547
385 548
385 551
385 559
385 561
385 566
385 568
385 569
385 574
386 388
386 389
386 393
386 394
386 396
386 408
386 421
386 427
386 429
386 437
386 438
386 439
386 443
386 451
386 457
386 459
386 460
386 461
386 462
386 469
386 479
386 495
386 498
386 508
386 510
386 516
386 517
386 519
386 524
386 527
386 528
386 530
386 531
386 539
386 548
386 550
386 552
386 554
386 555
386 567
387 390
387 393
387 410
387 411
387 418
387 420
387 423
387 425
387 438
387 439
387 443
387 459
387 460
387 465
387 466
387 469
387 474
387 475
387 480
387 484
387 488
387 496
387 499
387 507
387 509
387 517
387 523
387 526
387 536
387 537
387 542
387 545
387 557
387 559
387 562
387 574
388 391
388 392
388 398
388 414
388 425
388 429
388 432
388 436
388 442
388 443
388 444
388 452
388 456
388 469
388 473
388 487
388 488
388 489
388 493
388 503
388 506
388 507
388 508
388 511
388 515
388 522
388 524
388 526
388 532
388 539
388 542
388 549
388 552
388 556
388 561
388 567
388 573
388 574
389 396
389 397
389 399
389 401
389 404
389 409
389 423
389 435
389 437
389 438
389 441
389 451
389 458
389 459
389 461
389 464
389 472
389 475
389 494
389 504
389 507
389 509
389 516
389 517
389 523
389 527
389 533
389 538
389 540
389 542
389 546
389 547
389 553
389 555
389 565
389 573
390 396
390 400
390 413
390 421
390 435
390 445
390 451
390 458
390 464
390 468
390 474
390 479
390 481
390 482
390 486
390 489
390 491
390 493
390 511
390 512
390 514
390 518
390 520
390 522
390 523
390 524
390 532
390 533
390 538
390 540
390 541
390 551
390 556
390 561
390 572
391 400
391 405
391 408
391 414
391 418
391 425
391 427
391 431
391 433
391 443
391 448
391 457
391 466
391 468
391 470
391 474
391 479
391 480
391 483
391 484
391 490
391 497
391 501
391 511
391 516
391 526
391 530
391 541
391 543
391 546
391 555
391 564
391 568
392 395
392 397
392 430
392 435
392 437
392 449
392 460
392 472
392 474
392 476
392 492
392 496
392 498
392 503
392 505
392 509
392 515
392 521
392 522
392 531
392 537
392 541
392 543
392 554
392 556
392 565
392 567
392 569
392 572
393 408
393 416
393 417
393 419
393 427
393 440
393 454
393 455
393 459
393 464
393 475
393 483
393 490
393 493
393 505
393 507
393 509
393 512
393 513
393 518
393 528
393 535
393 536
393 537
393 543
393 548
393 555
393 558
393 569
393 570
394 396
394 401
394 405
394 434
394 438
394 441
394 449
394 457
394 458
394 466
394 485
394 494
394 496
394 497
394 504
394 518
394 520
394 523
394 534
394 538
394 540
394 543
394 545
394 548
394 549
394 551
394 553
394 559
394 561
394 563
394 565
394 574
395 400
395 401
395 407
395 413
395 415
395 420
395 428
395 429
395 434
395 438
395 443
395 450
395 460
395 468
395 475
395 482
395 483
395 489
395 495
395 496
395 500
395 505
395 510
395 517
395 519
395 520
395 530
395 532
395 544
395 548
395 552
395 561
395 573
396 397
396 398
396 403
396 411
396 441
396 444
396 449
396 451
396 459
396 460
396 465
396 468
396 471
396 472
396 473
396 476
396 478
396 494
396 496
396 497
396 500
396 501
396 505
396 507
396 517
396 519
396 530
396 532
396 534
396 536
396 538
396 547
396 552
396 569
396 573
396 574
397 399
397 401
397 410
397 428
397 430
397 436
397 437
397 442
397 447
397 452
397 459
397 462
397 472
397 479
397 480
397 483
397 489
397 496
397 497
397 498
397 499
397 500
397 501
397 502
397 505
397 506
397 525
397 526
397 531
397 542
397 549
397 556
397 563
397 565
397 567
398 419
398 421
398 425
398 427
398 429
398 433
398 436
398 445
398 463
398 465
398 466
398 478
398 482
398 493
398 494
398 495
398 498
398 501
398 507
398 510
398 520
398 526
398 530
398 532
398 539
398 554
398 556
398 564
398 568
398 570
399 403
399 408
399 414
399 424
399 425
399 429
399 440
399 447
399 453
399 454
399 455
399 459
399 465
399 472
399 479
399 482
399 483
399 486
399 497
399 501
399 505
399 506
399 516
399 520
399 526
399 530
399 535
399 540
399 545
399 548
399 550
399 552
399 553
399 555
399 560
399 563
399 564
399 567
400 402
400 406
400 421
400 446
400 447
400 461
400 466
400 467
400 469
400 470
400 478
400 480
400 482
400 492
400 501
400 505
400 514
400 515
400 516
400 518
400 525
400 561
400 562
400 572
400 573
401 403
401 412
401 415
401 418
401 424
401 425
401 433
401 437
401 458
401 462
401 479
401 493
401 498
401 500
401 501
401 502
401 503
401 504
401 515
401 528
401 533
401 536
401 541
401 553
401 557
401 558
401 561
401 562
401 572
401 573
402 405
402 420
402 429
402 431
402 442
402 443
402 445
402 450
402 459
402 462
402 463
402 475
402 481
402 485
402 486
402 488
402 496
402 504
402 505
402 507
402 510
402 516
402 522
402 531
402 533
402 540
402 545
402 558
402 566
402 568
402 571
403 406
403 409
403 419
403 423
403 425
403 434
403 445
403 462
403 470
403 476
403 491
403 495
403 501
403 504
403 507
403 512
403 513
403 514
403 520
403 527
403 529
403 535
403 540
403 542
403 545
403 548
403 557
403 560
403 564
403 569
403 572
404 405
404 409
404 419
404 422
404 423
404 424
404 428
404 429
404 436
404 438
404 439
404 452
404 455
404 463
404 468
404 471
404 476
404 477
404 479
404 481
404 489
404 491
404 506
404 515
404 521
404 523
404 529
404 539
404 540
404 543
404 549
404 551
404 560
404 562
404 564
404 572
405 406
405 409
405 426
405 432
405 443
405 448
405 468
405 473
405 474
405 476
405 488
405 492
405 495
405 506
405 512
405 537
405 552
405 561
405 565
405 566
406 410
406 414
406 419
406 422
406 429
406 434
406 435
406 441
406 445
406 454
406 457
406 467
406 470
406 474
406 475
406 477
406 479
406 480
406 482
406 485
406 486
406 487
406 490
406 496
406 508
406 512
406 517
406 538
406 543
406 549
406 554
406 560
406 562
406 566
407 409
407 412
407 421
407 431
407 442
407 446
407 450
407 456
407 459
407 464
407 468
407 471
407 473
407 478
407 481
407 486
407 505
407 506
407 512
407 516
407 533
407 541
407 551
407 554
407 555
407 560
407 564
407 574
408 409
408 421
408 424
408 425
408 426
408 427
408 429
408 430
408 438
408 444
408 464
408 468
408 469
408 473
408 475
408 480
408 481
408 483
408 489
408 496
408 507
408 514
408 520
408 522
408 531
408 534
408 536
408 543
408 546
408 551
408 552
408 553
408 554
408 557
408 564
409 411
409 419
409 423
409 434
409 436
409 441
409 455
409 457
409 472
409 473
409 474
409 478
409 498
409 500
409 502
409 513
409 519
409 524
409 531
409 535
409 539
409 540
409 544
409 547
409 555
409 569
409 572
410 411
410 413
410 418
410 421
410 422
410 427
410 431
410 434
410 437
410 439
410 445
410 446
410 455
410 458
410 460
410 461
410 465
410 466
410 467
410 470
410 477
410 479
410 483
410 488
410 495
410 506
410 508
410 514
410 524
410 527
410 532
410 541
410 544
410 545
410 547
410 552
410 558
410 572
411 421
411 423
411 427
411 432
411 436
411 439
411 440
411 446
411 447
411 475
411 484
411 489
411 494
411 503
411 506
411 508
411 521
411 530
411 531
411 537
411 538
411 543
411 551
411 563
411 568
412 422
412 431
412 433
412 443
412 451
412 459
412 460
412 461
412 475
412 478
412 479
412 482
412 488
412 491
412 513
412 524
412 527
412 530
412 537
412 545
412 549
412 552
412 553
412 567
412 569
412 570
412 574
413 415
413 420
413 427
413 439
413 465
413 467
413 472
413 476
413 479
413 488
413 492
413 497
413 499
413 502
413 504
413 508
413 510
413 511
413 516
413 525
413 530
413 537
413 538
413 539
413 552
413 553
413 554
413 556
413 560
413 563
413 568
413 574
414 419
414 428
414 430
414 433
414 436
414 438
414 439
414 442
414 447
414 452
414 453
414 456
414 458
414 460
414 463
414 469
414 476
414 477
414 486
414 492
414 493
414 501
414 517
414 518
414 519
414 528
414 530
414 535
414 536
414 537
414 542
414 544
414 550
414 552
414 557
414 558
414 564
415 420
415 421
415 424
415 425
415 436
415 450
415 451
415 461
415 470
415 480
415 482
415 483
415 485
415 486
415 487
415 493
415 501
415 509
415 511
415 521
415 525
415 538
415 539
415 540
415 542
415 543
415 544
415 556
415 558
415 560
415 568
415 569
416 420
416 421
416 430
416 433
416 435
416 444
416 445
416 451
416 457
416 460
416 470
416 479
416 492
416 497
416 504
416 510
416 511
416 517
416 525
416 539
416 541
416 545
416 550
416 554
416 557
416 559
416 565
416 567
416 570
416 574
417 418
417 434
417 435
417 441
417 442
417 448
417 449
417 452
417 457
417 462
417 466
417 469
417 472
417 473
417 477
417 498
417 505
417 507
417 510
417 514
417 520
417 526
417 527
417 528
417 533
417 534
417 540
417 547
417 549
417 553
417 558
417 560
417 565
417 567
417 570
417 571
418 419
418 421
418 422
418 425
418 427
418 433
418 440
418 447
418 448
418 452
418 454
418 463
418 469
418 470
418 472
418 480
418 482
418 500
418 502
418 507
418 515
418 520
418 521
418 527
418 528
418 537
418 539
418 540
418 550
418 552
418 559
418 563
418 564
419 420
419 424
419 426
419 429
419 445
419 449
419 451
419 459
419 466
419 470
419 473
419 482
419 491
419 493
419 509
419 516
419 518
419 532
419 533
419 537
419 539
419 542
419 554
419 555
419 568
420 429
420 444
420 446
420 452
420 460
420 461
420 470
420 487
420 493
420 496
420 497
420 500
420 502
420 505
420 506
420 520
420 527
420 563
420 565
420 569
421 439
421 443
421 446
421 456
421 458
421 466
421 480
421 483
421 487
421 489
421 490
421 491
421 498
421 499
421 501
421 507
421 508
421 520
421 522
421 523
421 531
421 543
421 549
421 550
421 558
421 560
421 569
421 572
421 573
422 423
422 432
422 438
422 445
422 449
422 459
422 478
422 480
422 489
422 490
422 492
422 495
422 496
422 508
422 512
422 514
422 515
422 516
422 519
422 525
422 526
422 531
422 534
422 540
422 551
422 554
422 562
422 563
422 571
422 572
423 424
423 438
423 440
423 453
423 458
423 465
423 467
423 473
423 484
423 494
423 506
423 513
423 523
423 527
423 529
423 535
423 541
423 543
423 548
423 560
423 561
423 564
423 568
423 574
424 431
424 432
424 439
424 440
424 443
424 447
424 452
424 462
424 464
424 468
424 484
424 486
424 488
424 493
424 494
424 499
424 500
424 502
424 509
424 520
424 521
424 526
424 528
424 531
424 534
424 545
424 548
424 564
424 565
424 569
425 437
425 440
425 441
425 445
425 447
425 448
425 454
425 457
425 464
425 469
425 473
425 476
425 481
425 483
425 502
425 504
425 512
425 518
425 520
425 521
425 522
425 524
425 530
425 553
425 564
425 565
426 434
426 443
426 454
426 459
426 462
426 465
426 467
426 468
426 471
426 473
426 476
426 479
426 481
426 499
426 516
426 518
426 519
426 522
426 524
426 525
426 542
426 545
426 548
426 551
426 552
426 554
426 558
426 563
426 565
426 566
426 567
426 568
427 431
427 432
427 433
427 443
427 445
427 452
427 456
427 457
427 458
427 459
427 465
427 467
427 471
427 480
427 481
427 489
427 491
427 492
427 496
427 498
427 499
427 504
427 508
427 509
427 514
427 515
427 517
427 522
427 535
427 544
427 547
427 554
427 556
427 568
427 569
427 570
427 571
428 449
428 454
428 468
428 472
428 474
428 478
428 480
428 486
428 488
428 503
428 509
428 512
428 519
428 523
428 524
428 526
428 540
428 543
428 544
428 546
428 553
428 569
428 570
428 571
429 433
429 445
429 449
429 460
429 463
429 464
429 477
429 478
429 483
429 484
429 486
429 490
429 493
429 499
429 507
429 509
429 513
429 517
429 526
429 537
429 541
429 544
429 546
429 552
429 555
429 557
429 558
429 560
429 568
429 573
430 438
430 442
430 443
430 454
430 455
430 458
430 474
430 478
430 480
430 482
430 485
430 495
430 496
430 497
430 516
430 519
430 536
430 539
430 540
430 550
430 554
430 562
430 563
430 564
430 573
431 432
431 441
431 446
431 458
431 460
431 465
431 473
431 484
431 486
431 490
431 503
431 507
431 510
431 511
431 514
431 515
431 517
431 518
431 521
431 527
431 530
431 532
431 534
431 536
431 538
431 543
431 544
431 545
431 546
431 548
431 552
431 557
431 563
431 565
431 569
431 570
431 574
432 440
432 456
432 460
432 464
432 468
432 476
432 483
432 484
432 510
432 511
432 515
432 518
432 521
432 523
432 538
432 540
432 544
432 546
432 547
432 551
432 569
432 570
432 572
433 436
433 448
433 452
433 464
433 467
433 471
433 476
433 478
433 484
433 486
433 489
433 491
433 492
433 505
433 507
433 509
433 514
433 517
433 518
433 534
433 538
433 548
433 549
433 555
433 568
434 445
434 446
434 447
434 452
434 456
434 457
434 459
434 463
434 465
434 472
434 475
434 480
434 482
434 483
434 486
434 488
434 489
434 490
434 494
434 508
434 515
434 525
434 529
434 533
434 536
434 538
434 551
434 552
434 554
434 556
434 568
434 569
434 571
435 436
435 438
435 439
435 440
435 446
435 448
435 453
435 463
435 466
435 478
435 479
435 482
435 484
435 490
435 512
435 518
435 520
435 521
435 529
435 535
435 537
435 550
435 554
435 556
435 570
435 571
435 573
436 446
436 448
436 449
436 457
436 459
436 476
436 482
436 493
436 499
436 505
436 509
436 517
436 525
436 535
436 537
436 538
436 548
436 549
436 555
436 556
436 558
436 559
436 562
436 563
436 565
436 569
437 443
437 448
437 450
437 453
437 455
437 456
437 459
437 464
437 466
437 474
437 476
437 484
437 487
437 496
437 500
437 514
437 516
437 521
437 528
437 530
437 532
437 533
437 549
437 558
437 559
438 442
438 446
438 447
438 450
438 454
438 473
438 475
438 482
438 486
438 497
438 498
438 504
438 509
438 512
438 513
438 514
438 520
438 529
438 535
438 538
438 545
438 546
438 551
438 555
438 559
438 561
438 573
439 448
439 450
439 452
439 455
439 462
439 468
439 480
439 483
439 484
439 485
439 490
439 494
439 505
439 508
439 517
439 523
439 534
439 536
439 544
439 549
439 550
439 559
439 560
439 562
439 565
439 566
439 570
439 574
440 444
440 445
440 451
440 456
440 465
440 467
440 475
440 480
440 487
440 491
440 494
440 497
440 498
440 504
440 510
440 514
440 516
440 521
440 523
440 528
440 535
440 536
440 542
440 543
440 545
440 557
440 560
440 561
440 564
440 566
440 568
441 446
441 466
441 468
441 469
441 473
441 474
441 476
441 477
441 479
441 481
441 488
441 494
441 498
441 500
441 502
441 504
441 513
441 517
441 521
441 526
441 533
441 534
441 536
441 538
441 545
441 549
441 558
441 559
441 570
441 571
441 573
442 458
442 465
442 469
442 471
442 474
442 483
442 487
442 488
442 493
442 496
442 498
442 501
442 507
442 518
442 524
442 526
442 531
442 532
442 548
442 559
442 561
442 562
442 571
442 574
443 445
443 447
443 461
443 468
443 475
443 476
443 477
443 496
443 498
443 499
443 510
443 512
443 519
443 521
443 526
443 528
443 532
443 536
443 537
443 543
443 544
443 565
443 566
443 568
444 447
444 448
444 451
444 453
444 454
444 458
444 463
444 465
444 469
444 472
444 482
444 485
444 487
444 489
444 496
444 497
444 503
444 505
444 506
444 513
444 514
444 521
444 525
444 527
444 536
444 541
444 543
444 557
444 563
444 570
445 450
445 451
445 454
445 456
445 457
445 459
445 462
445 465
445 470
445 482
445 488
445 491
445 492
445 497
445 501
445 504
445 509
445 513
445 514
445 517
445 519
445 526
445 528
445 542
445 554
445 556
445 559
445 560
445 562
445 565
445 567
445 570
445 571
445 573
446 447
446 448
446 454
446 455
446 465
446 466
446 473
446 480
446 484
446 489
446 492
446 498
446 509
446 521
446 523
446 531
446 543
446 548
446 560
446 563
446 574
447 457
447 464
447 474
447 475
447 482
447 484
447 495
447 504
447 507
447 521
447 522
447 523
447 533
447 540
447 552
447 563
447 571
448 456
448 458
448 462
448 467
448 472
448 476
448 491
448 497
448 502
448 504
448 522
448 528
448 534
448 546
448 547
448 548
448 552
448 555
448 557
448 569
448 572
449 450
449 458
449 460
449 498
449 501
449 513
449 514
449 515
449 520
449 524
449 525
449 527
449 536
449 537
449 542
449 546
449 548
449 559
449 560
449 567
449 571
449 572
450 459
450 460
450 462
450 468
450 471
450 472
450 474
450 478
450 479
450 486
450 492
450 494
450 503
450 504
450 507
450 519
450 520
450 526
450 531
450 535
450 548
450 549
450 555
450 557
450 559
450 560
450 561
450 563
451 462
451 465
451 467
451 469
451 479
451 482
451 488
451 489
451 490
451 491
451 492
451 502
451 516
451 522
451 536
451 543
451 546
451 565
451 569
451 571
452 457
452 460
452 464
452 468
452 470
452 472
452 474
452 475
452 485
452 492
452 501
452 508
452 510
452 526
452 530
452 532
452 534
452 535
452 536
452 546
452 549
452 556
452 557
452 574
453 455
453 458
453 463
453 467
453 487
453 488
453 490
453 504
453 509
453 514
453 517
453 518
453 525
453 529
453 532
453 533
453 538
453 552
453 556
453 561
453 564
453 565
453 572
454 456
454 458
454 461
454 466
454 474
454 475
454 477
454 479
454 484
454 487
454 490
454 506
454 513
454 515
454 522
454 533
454 535
454 538
454 550
454 552
454 556
454 557
454 563
454 565
454 566
454 567
454 570
454 571
455 461
455 467
455 475
455 484
455 491
455 495
455 503
455 504
455 506
455 507
455 518
455 526
455 527
455 528
455 531
455 534
455 535
455 536
455 537
455 558
455 571
456 472
456 489
456 491
456 493
456 495
456 513
456 532
456 537
456 542
456 546
456 558
456 560
456 562
456 574
457 463
457 469
457 479
457 482
457 483
457 501
457 510
457 516
457 518
457 525
457 526
457 528
457 535
457 538
457 541
457 552
457 555
457 556
457 559
457 561
457 570
457 572
457 573
458 459
458 476
458 477
458 486
458 489
458 492
458 493
458 497
458 498
458 499
458 519
458 525
458 531
458 540
458 544
458 549
458 554
458 557
458 562
458 563
458 572
458 573
459 465
459 469
459 470
459 473
459 492
459 493
459 496
459 498
459 499
459 507
459 514
459 519
459 520
459 521
459 528
459 533
459 538
459 539
459 541
459 546
459 551
459 559
459 560
459 563
459 569
459 573
460 462
460 463
460 465
460 470
460 476
460 478
460 485
460 487
460 498
460 499
460 504
460 506
460 511
460 512
460 516
460 524
460 525
460 532
460 543
460 547
460 548
460 556
460 565
460 574
461 463
461 465
461 476
461 484
461 485
461 496
461 505
461 510
461 513
461 519
461 527
461 534
461 535
461 538
461 546
461 552
461 553
461 557
461 568
461 570
461 571
462 464
462 470
462 473
462 477
462 482
462 490
462 492
462 494
462 512
462 513
462 514
462 529
462 532
462 533
462 538
462 540
462 546
462 557
462 558
462 561
462 562
462 563
462 564
463 471
463 474
463 477
463 478
463 480
463 483
463 484
463 486
463 491
463 501
463 508
463 510
463 511
463 512
463 517
463 518
463 525
463 529
463 530
463 532
463 533
463 534
463 539
463 541
463 544
463 547
463 554
463 563
463 565
463 566
464 466
464 485
464 486
464 511
464 524
464 527
464 537
464 545
464 553
464 555
464 561
464 564
464 572
464 573
465 471
465 482
465 483
465 486
465 491
465 493
465 495
465 498
465 521
465 525
465 532
465 535
465 538
465 540
465 546
465 548
465 550
465 551
465 554
465 556
465 562
465 571
465 573
466 469
466 474
466 475
466 480
466 481
466 495
466 498
466 505
466 506
466 513
466 518
466 519
466 525
466 529
466 530
466 538
466 551
466 566
466 567
467 468
467 471
467 472
467 476
467 479
467 485
467 489
467 492
467 494
467 496
467 501
467 503
467 508
467 522
467 532
467 534
467 536
467 539
467 541
467 543
467 544
467 545
467 547
467 548
467 552
467 558
467 563
467 565
467 567
467 568
467 571
467 572
468 470
468 473
468 481
468 484
468 485
468 492
468 508
468 510
468 521
468 524
468 527
468 528
468 535
468 539
468 541
468 545
468 548
468 549
468 553
468 555
468 556
468 566
468 571
469 470
469 479
469 481
469 484
469 487
469 491
469 494
469 508
469 509
469 510
469 512
469 516
469 527
469 538
469 547
469 548
469 557
469 568
469 574
470 473
470 477
470 478
470 486
470 495
470 503
470 504
470 505
470 517
470 518
470 519
470 520
470 523
470 538
470 539
470 544
470 547
470 552
470 558
470 560
470 570
471 477
471 503
471 512
471 514
471 520
471 531
471 534
471 538
471 548
471 558
471 561
471 563
471 567
471 570
472 487
472 488
472 498
472 503
472 507
472 509
472 511
472 512
472 516
472 521
472 522
472 539
472 548
472 551
472 552
472 561
472 562
472 564
472 565
472 567
472 574
473 475
473 488
473 490
473 493
473 495
473 497
473 517
473 518
473 530
473 533
473 534
473 537
473 541
473 546
473 556
473 562
473 566
474 481
474 487
474 493
474 499
474 519
474 526
474 529
474 544
474 545
474 548
474 560
474 566
474 569
474 573
475 477
475 483
475 487
475 493
475 494
475 495
475 504
475 512
475 513
475 534
475 537
475 552
475 556
475 559
475 560
475 569
476 480
476 487
476 489
476 501
476 502
476 514
476 517
476 521
476 538
476 541
476 547
476 550
476 554
476 556
476 558
476 559
476 566
476 567
476 572
477 482
477 485
477 509
477 517
477 518
477 524
477 534
477 547
477 557
477 559
477 562
477 564
477 572
478 483
478 484
478 488
478 490
478 495
478 509
478 521
478 526
478 528
478 530
478 536
478 539
478 541
478 544
478 549
478 550
478 552
478 557
478 559
478 560
478 569
479 485
479 493
479 494
479 504
479 505
479 506
479 524
479 534
479 536
479 537
479 540
479 552
479 554
479 565
479 566
480 487
480 500
480 502
480 504
480 505
480 513
480 526
480 527
480 538
480 541
480 545
480 546
480 547
480 550
480 555
480 556
480 567
480 572
481 484
481 489
481 494
481 499
481 500
481 502
481 516
481 520
481 522
481 523
481 528
481 551
481 557
481 560
481 562
482 487
482 491
482 509
482 511
482 516
482 520
482 528
482 531
482 535
482 536
482 540
482 550
482 562
482 565
482 572
483 485
483 488
483 490
483 509
483 515
483 522
483 525
483 532
483 561
483 562
483 563
483 567
483 569
484 493
484 495
484 496
484 497
484 508
484 512
484 514
484 518
484 537
484 539
484 540
484 550
484 557
484 561
484 565
484 567
484 570
485 486
485 491
485 492
485 500
485 509
485 516
485 525
485 532
485 537
485 538
485 543
485 545
485 550
485 555
485 558
485 559
485 565
485 566
486 490
486 492
486 498
486 510
486 511
486 513
486 515
486 517
486 529
486 536
486 540
486 547
486 557
486 560
486 567
486 568
487 490
487 500
487 516
487 521
487 530
487 532
487 534
487 536
487 553
487 559
487 562
487 564
487 570
487 574
488 494
488 497
488 504
488 505
488 508
488 519
488 522
488 523
488 524
488 529
488 532
488 533
488 534
488 535
488 539
488 540
488 544
488 547
488 562
488 563
488 568
489 490
489 495
489 503
489 508
489 510
489 515
489 520
489 527
489 541
489 544
489 545
489 546
489 552
489 556
489 561
489 565
489 570
489 572
490 492
490 499
490 506
490 507
490 509
490 513
490 516
490 537
490 540
490 543
490 548
490 561
490 565
490 566
490 570
490 572
491 493
491 494
491 495
491 501
491 504
491 505
491 510
491 511
491 523
491 527
491 533
491 541
491 543
491 551
491 556
491 562
491 565
491 574
492 495
492 506
492 509
492 512
492 520
492 529
492 538
492 546
492 552
492 555
492 557
492 565
492 573
493 502
493 507
493 509
493 511
493 512
493 523
493 526
493 527
493 538
493 543
493 558
493 562
493 563
493 569
493 572
494 498
494 505
494 523
494 525
494 547
494 555
494 559
494 560
494 574
495 502
495 503
495 512
495 522
495 524
495 530
495 556
495 557
495 560
495 568
495 572
496 499
496 502
496 503
496 505
496 507
496 512
496 517
496 519
496 525
496 527
496 534
496 544
496 553
496 561
496 571
496 574
497 498
497 505
497 523
497 524
497 526
497 530
497 531
497 542
497 543
497 556
497 560
497 564
497 566
497 572
497 573
498 511
498 519
498 524
498 535
498 537
498 539
498 542
498 545
498 563
498 564
498 571
499 501
499 507
499 508
499 510
499 511
499 512
499 524
499 536
499 537
499 541
499 543
499 547
499 549
499 554
499 555
499 558
499 573
500 506
500 511
500 515
500 519
500 534
500 535
500 536
500 538
500 546
500 547
500 559
501 507
501 512
501 513
501 514
501 534
501 547
501 549
501 559
501 562
501 563
501 566
501 569
501 573
502 504
502 506
502 515
502 520
502 521
502 528
502 535
502 539
502 540
502 547
502 551
502 554
502 555
502 561
502 568
503 504
503 536
503 553
503 554
503 561
504 508
504 517
504 522
504 527
504 530
504 540
504 543
504 545
504 547
504 550
504 556
504 559
504 569
505 509
505 518
505 521
505 525
505 528
505 541
505 554
505 557
505 559
505 561
505 567
505 574
506 507
506 514
506 522
506 528
506 531
506 533
506 540
506 554
506 566
506 570
506 574
507 513
507 514
507 521
507 531
507 532
507 534
507 542
507 543
507 547
507 550
507 555
507 556
507 557
507 561
507 563
507 571
508 509
508 514
508 519
508 530
508 561
508 568
509 514
509 520
509 530
509 533
509 534
509 537
509 541
509 542
509 543
509 548
509 549
509 552
509 555
509 559
509 563
509 565
509 566
509 569
509 573
509 574
510 512
510 513
510 520
510 524
510 526
510 537
510 538
510 539
510 540
510 551
510 553
510 554
510 556
510 560
510 564
510 566
510 571
510 573
511 516
511 527
511 530
511 535
511 546
511 551
511 553
511 557
511 558
511 566
511 568
511 571
511 572
512 519
512 523
512 530
512 533
512 536
512 537
512 547
512 554
512 558
512 562
512 564
512 569
512 570
513 516
513 520
513 523
513 531
513 533
513 535
513 539
513 547
513 548
513 552
513 564
513 568
514 520
514 535
514 553
514 569
515 523
515 524
515 534
515 535
515 550
515 552
515 556
515 559
515 561
515 564
515 570
515 572
515 574
516 518
516 524
516 540
516 563
516 566
516 572
517 518
517 522
517 524
517 525
517 535
517 537
517 539
517 548
517 551
517 561
517 562
517 567
518 530
518 532
518 536
518 538
518 543
518 544
518 546
518 547
518 549
518 550
518 552
518 554
518 561
518 565
518 566
518 569
518 572
518 574
519 536
519 549
519 553
519 557
519 564
519 565
519 568
520 523
520 526
520 535
520 541
520 550
520 558
520 559
521 525
521 530
521 559
522 526
522 529
522 543
522 544
522 554
522 557
522 558
522 566
522 567
522 569
523 526
523 536
523 539
523 548
523 553
523 556
523 557
523 570
523 571
524 530
524 538
524 540
524 546
524 548
524 549
524 551
524 552
524 553
524 557
524 565
524 569
524 570
524 574
525 527
525 528
525 543
525 544
525 547
525 550
525 553
525 554
525 557
526 527
526 530
526 532
526 533
526 538
526 554
526 557
526 559
526 568
526 570
526 572
527 530
527 546
527 547
527 548
527 557
527 559
527 563
527 573
527 574
528 536
528 553
528 556
528 563
528 567
529 533
529 537
529 553
529 560
529 562
529 564
529 565
530 533
530 542
530 544
530 546
530 550
530 560
530 563
530 568
530 574
531 542
531 547
531 551
531 552
531 557
531 568
531 570
531 571
532 533
532 554
532 569
532 570
532 573
532 574
533 554
533 558
533 562
533 570
533 573
534 535
534 541
534 548
534 550
534 560
534 563
534 567
534 570
534 572
534 573
535 536
535 537
535 539
535 542
535 547
535 557
535 567
535 570
535 573
536 537
536 552
536 556
536 561
536 567
536 571
537 545
537 554
537 561
537 565
537 568
537 571
537 572
538 542
538 546
538 548
538 551
538 552
538 555
538 566
538 568
538 572
539 544
539 552
539 559
540 552
540 553
540 554
540 559
540 562
540 563
540 565
540 569
540 573
541 545
541 551
541 552
541 556
541 569
541 570
541 572
542 545
542 550
542 556
542 560
542 571
543 549
543 552
543 565
543 570
544 551
544 553
544 560
544 563
544 566
544 573
545 546
545 551
545 555
545 556
545 563
545 564
545 570
545 572
546 550
546 557
546 558
546 571
547 548
547 553
547 558
547 567
547 574
548 550
548 555
548 558
548 565
548 567
548 573
549 553
549 556
549 561
549 568
549 570
549 571
550 557
550 563
550 564
550 565
550 567
550 572
551 552
551 558
551 560
551 567
551 568
551 573
551 574
552 555
552 563
552 569
553 554
553 561
553 562
553 570
553 572
554 560
554 568
555 558
555 564
555 567
555 569
555 573
556 557
556 562
556 566
557 561
557 565
557 566
557 567
557 572
558 559
558 560
558 569
559 561
559 566
559 569
560 561
560 562
560 564
560 565
560 572
561 565
561 571
561 572
562 574
563 564
563 567
563 568
563 572
564 569
565 567
565 570
565 572
566 570
566 573
567 574
569 572
570 571
572 573
573 574
