0	0.38433745
1	0.38453584
2	0.38443558
3	0.38443799
4	0.38408760
5	0.38434207
6	0.37721351
7	0.30727586
8	0.38446058
9	0.38456478
10	0.38416716
11	0.38333419
12	0.38020068
13	0.37316265
14	0.37146340
15	0.35847003
16	0.38437483
17	0.38037471
18	0.38287260
19	0.38075618
20	0.38343112
21	0.37362553
22	0.32131932
23	0.29222613
24	0.38257122
25	0.35991148
26	0.36599248
27	0.37573025
28	0.37231980
29	0.34703429
30	0.27983493
31	0.33085262
32	0.38441439
33	0.38211518
34	0.38319940
35	0.37066718
36	0.35002810
37	0.35958119
38	0.30931128
39	0.27043489
40	0.37160667
41	0.38292945
42	0.38404486
43	0.37876704
44	0.37173926
45	0.29817857
46	0.36766243
47	0.29106452
48	0.37468438
49	0.36278396
50	0.36811670
51	0.38381741
52	0.27482665
53	0.36735132
54	0.32202014
55	0.34196044
56	0.27021093
57	0.38358452
58	0.37377278
59	0.34114324
60	0.37814380
61	0.34963280
62	0.30748848
63	0.35710203
64	0.34852285
65	0.36106774
66	0.36395272
67	0.33767779
68	0.26675908
69	0.31079063
70	0.30997134
71	0.29607638
72	0.35467763
73	0.34910975
74	0.35261355
75	0.32926316
76	0.25899381
77	0.30466533
78	0.37116796
79	0.28102585
80	0.36219510
81	0.36666464
82	0.35676507
83	0.36409057
84	0.33462693
85	0.34360157
86	0.27747727
87	0.21430372
88	0.37210657
89	0.31472145
90	0.36702894
91	0.24924563
92	0.32211059
93	0.26445885
94	0.28698955
95	0.24306299
96	0.33884153
97	0.33792507
98	0.37058090
99	0.31126589
100	0.36512820
101	0.34214267
102	0.30178991
103	0.22315948
104	0.34693829
105	0.34702070
106	0.31098577
107	0.34249114
108	0.34131662
109	0.30379220
110	0.24327184
111	0.22439891
112	0.20415815
113	0.37043855
114	0.30489548
115	0.28861029
116	0.37118432
117	0.29705463
118	0.28825033
119	0.27475168
120	0.31189218
121	0.27123421
122	0.38261323
123	0.32380695
124	0.27672185
125	0.26390452
126	0.30771590
127	0.20086368
128	0.31050255
129	0.34221797
130	0.35921162
131	0.36304760
132	0.31639461
133	0.29399835
134	0.33817053
135	0.30627337
136	0.31698476
137	0.37573938
138	0.26410569
139	0.24675743
140	0.28736651
141	0.29783489
142	0.28384012
143	0.21105560
144	0.30837210
145	0.37430408
146	0.32095164
147	0.22932760
148	0.31002714
149	0.28902030
150	0.29243518
151	0.20582058
152	0.34933182
153	0.34575711
154	0.24030923
155	0.27720024
156	0.30558645
157	0.27603104
158	0.21107079
159	0.24754730
160	0.36319952
161	0.34374850
162	0.32050448
163	0.28677290
164	0.24088643
165	0.26302018
166	0.20267827
167	0.20304060
168	0.31362718
169	0.28563023
170	0.33460374
171	0.27902685
172	0.31002139
173	0.24434573
174	0.29459481
175	0.28818593
176	0.22788993
177	0.30550718
178	0.30543132
179	0.28608732
180	0.36264113
181	0.25053379
182	0.21758939
183	0.22382360
184	0.31244474
185	0.23569817
186	0.23268619
187	0.35696285
188	0.31753680
189	0.28001914
190	0.24997069
191	0.18794907
192	0.33597785
193	0.28280728
194	0.26994625
195	0.19461363
196	0.26398649
197	0.23304265
198	0.17126239
199	0.20671457
200	0.26159618
201	0.29122376
202	0.29857395
203	0.27900824
204	0.29316820
205	0.31101520
206	0.23037668
207	0.20754633
208	0.26632249
209	0.27925849
210	0.30677190
211	0.23503582
212	0.22567594
213	0.25607405
214	0.21723409
215	0.22222336
216	0.29053705
217	0.24172016
218	0.35021930
219	0.29998364
220	0.30475212
221	0.17926774
222	0.19204776
223	0.26806448
224	0.28973962
225	0.28941926
226	0.23417922
227	0.23052494
228	0.29070565
229	0.27685487
230	0.18661592
231	0.16051485
232	0.31220611
233	0.30233282
234	0.34991079
235	0.21948121
236	0.23049258
237	0.23619083
238	0.18576358
239	0.23280667
240	0.19918159
241	0.31343493
242	0.25625427
243	0.21983317
244	0.28554295
245	0.22285126
246	0.20578617
247	0.30716028
248	0.25913753
249	0.35309568
250	0.33420551
251	0.24644366
252	0.29504679
253	0.27845805
254	0.21794890
255	0.24587767
256	0.23736322
257	0.21183276
258	0.23681230
259	0.30455578
260	0.29605278
261	0.25975136
262	0.20283879
263	0.21431204
264	0.28163887
265	0.30379851
266	0.23847502
267	0.28509628
268	0.21116434
269	0.25372764
270	0.25689238
271	0.27299393
272	0.31237548
273	0.31835887
274	0.31744848
275	0.18271843
276	0.22166211
277	0.26842151
278	0.26879144
279	0.18493777
280	0.29645733
281	0.33018750
282	0.24616856
283	0.24700832
284	0.23719023
285	0.21935204
286	0.17658766
287	0.14947936
288	0.27181612
289	0.25826947
290	0.25858665
291	0.20264237
292	0.28270935
293	0.23717222
294	0.23414987
295	0.23321274
296	0.31307908
297	0.30175393
298	0.26511039
299	0.31528993
300	0.25004679
301	0.19539108
302	0.15772929
303	0.16714870
304	0.32166971
305	0.32305821
306	0.33275767
307	0.16948318
308	0.22597761
309	0.24312105
310	0.22875759
311	0.20379650
312	0.23985644
313	0.25416129
314	0.21282770
315	0.22560756
316	0.14709608
317	0.21556334
318	0.24950308
319	0.17118267
320	0.30466151
321	0.25439240
322	0.30812808
323	0.17176157
324	0.23426509
325	0.19480977
326	0.19312543
327	0.24308840
328	0.26354697
329	0.30733081
330	0.24970959
331	0.29852708
332	0.23590388
333	0.22910975
334	0.23576567
335	0.24204020
336	0.23430026
337	0.24197994
338	0.29882131
339	0.22095972
340	0.20044004
341	0.17924346
342	0.21606090
343	0.17799626
344	0.26513250
345	0.27813178
346	0.21380921
347	0.22709926
348	0.22421805
349	0.22450412
350	0.20919043
351	0.21178324
352	0.18186111
353	0.29550115
354	0.17741069
355	0.21601797
356	0.30296989
357	0.16174223
358	0.21964913
359	0.17392338
360	0.25640060
361	0.22555859
362	0.17358633
363	0.20889041
364	0.26349190
365	0.27582834
366	0.22525246
367	0.21280776
368	0.22069636
369	0.24547481
370	0.23871879
371	0.26028981
372	0.25060925
373	0.19008627
374	0.18161069
375	0.19045126
376	0.28168868
377	0.24468929
378	0.25782396
379	0.27413411
380	0.20484490
381	0.26460233
382	0.25814352
383	0.20943719
384	0.28281813
385	0.21560957
386	0.22623578
387	0.24818726
388	0.18035723
389	0.16954062
390	0.18751465
391	0.23138167
392	0.25745021
393	0.24599132
394	0.20291855
395	0.24540663
396	0.31683855
397	0.16672354
398	0.27685990
399	0.14160740
400	0.23551445
401	0.22044523
402	0.15539727
403	0.19143148
404	0.29481238
405	0.22517841
406	0.25215956
407	0.20313162
408	0.18112860
409	0.24754255
410	0.21615622
411	0.23675566
412	0.32948623
413	0.16957130
414	0.24457106
415	0.18755236
416	0.22953298
417	0.23069572
418	0.28223690
419	0.26415168
420	0.21543554
421	0.24607727
422	0.25912647
423	0.14973701
424	0.23909459
425	0.26113568
426	0.24808330
427	0.20990046
428	0.20764675
429	0.19985877
430	0.19166846
431	0.29777037
432	0.24469234
433	0.18903309
434	0.19168358
435	0.24529910
436	0.22345696
437	0.25421946
438	0.20160856
439	0.21416092
440	0.21252056
441	0.29868824
442	0.29219079
443	0.21757238
444	0.21131397
445	0.20961110
446	0.19648559
447	0.25013198
448	0.27581801
449	0.22251992
450	0.19694911
451	0.21476466
452	0.23968410
453	0.21718838
454	0.16361994
455	0.16450810
456	0.21817540
457	0.21076342
458	0.16953902
459	0.19742818
460	0.24202143
461	0.28661383
462	0.22855735
463	0.19057347
464	0.21973692
465	0.16865914
466	0.25745680
467	0.20395079
468	0.21207176
469	0.22870697
470	0.16291674
471	0.18806790
472	0.27155606
473	0.31239751
474	0.25305154
475	0.20376028
476	0.25022380
477	0.26324780
478	0.18605013
479	0.19136909
480	0.31700040
481	0.25768519
482	0.17523095
483	0.20469841
484	0.17958014
485	0.19583936
486	0.23203562
487	0.16596543
488	0.24371920
489	0.19876306
490	0.22385250
491	0.14666923
492	0.18174661
493	0.21602211
494	0.20419043
495	0.17186259
496	0.21744494
497	0.17516414
498	0.32636084
499	0.19529910
500	0.19467686
501	0.16779317
502	0.15813222
503	0.14686637
504	0.29715799
505	0.19910722
506	0.18483711
507	0.16780141
508	0.21730742
509	0.18576687
510	0.18207968
511	0.16362585
512	0.23327063
513	0.20500691
514	0.23237656
515	0.17312896
516	0.25092145
517	0.16644760
518	0.20352229
519	0.19399690
520	0.15183477
521	0.22377427
522	0.21172438
523	0.24048957
524	0.20486267
525	0.24760466
526	0.20189672
527	0.19661294
528	0.20357958
529	0.16670492
530	0.17191047
531	0.24769085
532	0.16698127
533	0.16411602
534	0.20516338
535	0.19570722
536	0.22000422
537	0.24997037
538	0.16681315
539	0.21602344
540	0.20366308
541	0.20408012
542	0.18062609
543	0.18942846
544	0.26452772
545	0.28673371
546	0.26644000
547	0.17718320
548	0.17902762
549	0.25999686
550	0.20039035
551	0.19989544
552	0.16484265
553	0.17760571
554	0.20515192
555	0.17455859
556	0.16296647
557	0.27608639
558	0.17212470
559	0.20624181
560	0.28809367
561	0.23728386
562	0.17901922
563	0.24113130
564	0.16324358
565	0.24940209
566	0.22670231
567	0.21885664
568	0.25604149
569	0.25359638
570	0.23650488
571	0.25034070
572	0.24429713
573	0.19439743
574	0.17581254
575	0.21460338
576	0.26877001
577	0.21376788
578	0.26244466
579	0.16440683
580	0.18463940
581	0.25414267
582	0.18650577
583	0.19195859
584	0.24788386
585	0.15328213
586	0.24456993
587	0.26672394
588	0.16871353
589	0.19676076
590	0.21080800
591	0.18555489
592	0.25457572
593	0.20651626
594	0.21248245
595	0.21119485
596	0.17818533
597	0.20373170
598	0.16288896
599	0.19610505
600	0.20508410
601	0.21189331
602	0.25627707
603	0.14294022
604	0.19987365
605	0.22185572
606	0.17188350
607	0.20172458
608	0.28163767
609	0.27407510
610	0.13671711
611	0.18210464
612	0.20712720
613	0.22755176
614	0.16373580
615	0.18731015
616	0.21750718
617	0.17169592
618	0.20389793
619	0.17357680
620	0.16510979
621	0.24580583
622	0.18175787
623	0.17395441
624	0.16407240
625	0.19120575
626	0.17782243
627	0.23779385
628	0.21311377
629	0.17834673
630	0.15878287
631	0.15803899
632	0.21192306
633	0.21021596
634	0.19471972
635	0.16173504
636	0.20614794
637	0.18561097
638	0.16810243
639	0.18972096
640	0.24688193
641	0.29971650
642	0.19677387
643	0.18080470
644	0.17442702
645	0.19203654
646	0.18226681
647	0.20395602
648	0.21087268
649	0.15987867
650	0.23213423
651	0.19866927
652	0.22008402
653	0.25028020
654	0.23841025
655	0.21766420
656	0.16788430
657	0.29237660
658	0.18089608
659	0.14750738
660	0.22010103
661	0.15939662
662	0.24302054
663	0.12611847
664	0.19757021
665	0.20213142
666	0.24255268
667	0.27785081
668	0.18802275
669	0.17092466
670	0.18228285
671	0.14333668
672	0.18609620
673	0.18767831
674	0.15688852
675	0.16319887
676	0.20293906
677	0.16453146
678	0.18882923
679	0.15153097
680	0.18958376
681	0.15998111
682	0.21233077
683	0.25185122
684	0.27747473
685	0.19792840
686	0.19072297
687	0.10998617
688	0.22674774
689	0.23194199
690	0.23434915
691	0.16354673
692	0.19036720
693	0.13578537
694	0.17034139
695	0.13738094
696	0.19656201
697	0.21113198
698	0.19241660
699	0.27944088
700	0.20476028
701	0.16128450
702	0.13749640
703	0.11109403
704	0.18916342
705	0.16125415
706	0.19323988
707	0.25231775
708	0.17017459
709	0.21460161
710	0.16865990
711	0.14961170
712	0.26108044
713	0.23460402
714	0.24414304
715	0.15474557
716	0.18734971
717	0.19256056
718	0.14831433
719	0.19875497
720	0.22476985
721	0.22637926
722	0.23569166
723	0.22274179
724	0.20332310
725	0.17694432
726	0.18126593
727	0.17111192
728	0.21337371
729	0.24433560
730	0.18642890
731	0.16792076
732	0.14133769
733	0.13560474
734	0.14055719
735	0.14426589
736	0.14048000
737	0.21291980
738	0.23101536
739	0.24161057
740	0.18083554
741	0.16336796
742	0.17255775
743	0.17508575
744	0.24007542
745	0.20638975
746	0.17513347
747	0.15416020
748	0.21764503
749	0.26452032
750	0.23301319
751	0.17072820
752	0.23814332
753	0.25324595
754	0.21403301
755	0.19236740
756	0.25474215
757	0.17380860
758	0.19485922
759	0.15419590
760	0.21712310
761	0.23827803
762	0.16644953
763	0.18356334
764	0.16558681
765	0.17050955
766	0.18686697
767	0.16987124
768	0.21631843
769	0.15135799
770	0.16139264
771	0.20289319
772	0.16451252
773	0.13205315
774	0.17783703
775	0.12284281
776	0.20788330
777	0.29417544
778	0.20578806
779	0.16577395
780	0.16974919
781	0.16109709
782	0.17929097
783	0.19321093
784	0.21758127
785	0.20587417
786	0.15493286
787	0.23139630
788	0.21909222
789	0.16115658
790	0.18377081
791	0.15858215
792	0.21637403
793	0.14643711
794	0.17235425
795	0.23238955
796	0.25323148
797	0.16144752
798	0.17691711
799	0.15465978
800	0.17998440
801	0.28324044
802	0.15896619
803	0.18560599
804	0.16622267
805	0.13399646
806	0.22374529
807	0.11893431
808	0.26376145
809	0.21095296
810	0.23686774
811	0.17777210
812	0.19539698
813	0.15051071
814	0.15756503
815	0.17645781
816	0.17090428
817	0.27153741
818	0.18773286
819	0.15303445
820	0.16817914
821	0.15776663
822	0.20056068
823	0.13480366
824	0.24766046
825	0.21327160
826	0.24980977
827	0.23159497
828	0.17064048
829	0.16702903
830	0.15824639
831	0.19299879
832	0.18370529
833	0.19916446
834	0.21969821
835	0.16459063
836	0.19740772
837	0.21335602
838	0.16583530
839	0.14313262
840	0.23050010
841	0.28844848
842	0.22838380
843	0.19037495
844	0.20575256
845	0.16246135
846	0.19402066
847	0.12491678
848	0.21855345
849	0.16516699
850	0.19169861
851	0.19814605
852	0.22891847
853	0.18451361
854	0.18773781
855	0.17660836
856	0.24501540
857	0.24022963
858	0.18693403
859	0.17939755
860	0.16063441
861	0.16216921
862	0.20280760
863	0.16827703
864	0.12261897
865	0.20014316
866	0.21499313
867	0.18059546
868	0.26821954
869	0.20808346
870	0.19295682
871	0.15704044
872	0.26339272
873	0.16595055
874	0.13435413
875	0.13726308
876	0.21620985
877	0.18437367
878	0.18689339
879	0.17073672
880	0.16980880
881	0.21856040
882	0.20676044
883	0.19529958
884	0.15692474
885	0.19609198
886	0.15922693
887	0.16830927
888	0.20135039
889	0.30191353
890	0.15646428
891	0.17346617
892	0.18101512
893	0.15938601
894	0.14775365
895	0.18265439
896	0.23854243
897	0.13662762
898	0.17673954
899	0.13252543
900	0.20533250
901	0.22485347
902	0.17033037
903	0.18359108
904	0.21613757
905	0.21062223
906	0.19473869
907	0.15957672
908	0.20055618
909	0.20144418
910	0.18288820
911	0.17614621
912	0.15828872
913	0.14315610
914	0.19144442
915	0.18224876
916	0.14739847
917	0.17137114
918	0.12969982
919	0.16712064
920	0.20981757
921	0.19188257
922	0.21838541
923	0.17166762
924	0.15531413
925	0.19379534
926	0.18131835
927	0.20304096
928	0.16961664
929	0.20822070
930	0.16983091
931	0.22189942
932	0.17310846
933	0.24492687
934	0.21229258
935	0.16802645
936	0.22672000
937	0.18540285
938	0.19696430
939	0.15608929
940	0.18540221
941	0.19384060
942	0.13851264
943	0.15135140
944	0.17038255
945	0.20157158
946	0.20868414
947	0.15230090
948	0.16523256
949	0.12777138
950	0.13202324
951	0.15906633
952	0.22645327
953	0.20905467
954	0.12282710
955	0.19951831
956	0.17367546
957	0.15094742
958	0.20745065
959	0.15957556
960	0.16803441
961	0.24228583
962	0.20849833
963	0.16128209
964	0.22098468
965	0.12187361
966	0.13918991
967	0.17571678
968	0.15763497
969	0.14379879
970	0.12957705
971	0.15542348
972	0.16948816
973	0.16741025
974	0.14864643
975	0.19818641
976	0.21188671
977	0.17508398
978	0.26990665
979	0.18362436
980	0.14553214
981	0.13731638
982	0.21422629
983	0.21116293
984	0.15880306
985	0.22006082
986	0.19799534
987	0.21211268
988	0.14926975
989	0.14306919
990	0.15265584
991	0.15493918
992	0.17942846
993	0.18863481
994	0.11901081
995	0.18530167
996	0.19323220
997	0.16018179
998	0.24394279
999	0.17916884
1000	0.17831349
1001	0.18186505
1002	0.17902460
1003	0.22393355
1004	0.17505596
1005	0.20152237
1006	0.15189298
1007	0.16412623
1008	0.21815031
1009	0.17198408
1010	0.17489942
1011	0.23658693
1012	0.20147011
1013	0.17103839
1014	0.16641781
1015	0.14634677
1016	0.22601793
1017	0.17035104
1018	0.17096691
1019	0.18991694
1020	0.13973504
1021	0.24685423
1022	0.18147988
1023	0.16316551
1024	0.20500374
1025	0.20995690
1026	0.17434677
1027	0.15065001
1028	0.15327602
1029	0.12728957
1030	0.17529777
1031	0.15324020
1032	0.10842316
1033	0.16265154
1034	0.17365182
1035	0.13883602
1036	0.15976683
1037	0.19846818
1038	0.16144527
1039	0.17196788
1040	0.21181725
1041	0.15463136
1042	0.21236458
1043	0.17509025
1044	0.15512117
1045	0.15889504
1046	0.12483610
1047	0.14844896
1048	0.20707550
1049	0.18788712
1050	0.15876129
1051	0.22082352
1052	0.17552708
1053	0.15401270
1054	0.21709242
1055	0.16444848
1056	0.19536080
1057	0.19767445
1058	0.18524852
1059	0.15391654
1060	0.14687779
1061	0.17061290
1062	0.18442649
1063	0.12587731
1064	0.17755811
1065	0.15698738
1066	0.15151779
1067	0.22427120
1068	0.20232446
1069	0.16819871
1070	0.19441013
1071	0.20093696
1072	0.20046139
1073	0.15881753
1074	0.20005375
1075	0.19302810
1076	0.14534794
1077	0.21233411
1078	0.19589307
1079	0.15811333
1080	0.20817556
1081	0.22819160
1082	0.21664792
1083	0.20088458
1084	0.19659530
1085	0.18677966
1086	0.14426999
1087	0.19216667
1088	0.20608036
1089	0.24378376
1090	0.15191871
1091	0.16056117
1092	0.11261174
1093	0.16348237
1094	0.16133688
1095	0.18054718
1096	0.14859401
1097	0.12694718
1098	0.18906460
1099	0.16701194
1100	0.17502886
1101	0.18638758
1102	0.17409242
1103	0.17147944
1104	0.16668390
1105	0.23247514
1106	0.17750557
1107	0.12138179
1108	0.16591067
1109	0.15928511
1110	0.17434316
1111	0.17665986
1112	0.14871357
1113	0.10118255
1114	0.18486408
1115	0.16301170
1116	0.11865347
1117	0.22167373
1118	0.15482195
1119	0.17342710
1120	0.20580736
1121	0.17281580
1122	0.15694959
1123	0.16635948
1124	0.20614480
1125	0.15550786
1126	0.14545873
1127	0.17491558
1128	0.18623678
1129	0.19671783
1130	0.19093387
1131	0.16510714
1132	0.16697781
1133	0.15972973
1134	0.11470537
1135	0.17131891
1136	0.15689652
1137	0.16173001
1138	0.16975417
1139	0.21481013
1140	0.15831654
1141	0.24302022
1142	0.12076752
1143	0.16247650
1144	0.19411027
1145	0.12174790
1146	0.17140314
1147	0.20397194
1148	0.24198746
1149	0.17240302
1150	0.14610336
1151	0.13696092
1152	0.20410207
1153	0.16076185
1154	0.20397419
1155	0.18402030
1156	0.25115220
1157	0.15612768
1158	0.14235827
1159	0.14278625
1160	0.18122903
1161	0.22294866
1162	0.15081073
1163	0.14661950
1164	0.20779011
1165	0.18207835
1166	0.14969487
1167	0.17049491
1168	0.13629142
1169	0.16653274
1170	0.25361037
1171	0.17139035
1172	0.11459530
1173	0.13711465
1174	0.15886653
1175	0.14188402
1176	0.13426090
1177	0.23591381
1178	0.17656515
1179	0.16805258
1180	0.16009765
1181	0.13882770
1182	0.12269411
1183	0.14682649
1184	0.14121572
1185	0.11853077
1186	0.19975007
1187	0.15012048
1188	0.15350412
1189	0.13166195
1190	0.14089672
1191	0.19436981
1192	0.16962151
1193	0.14790050
1194	0.22855425
1195	0.15750987
1196	0.18773319
1197	0.17811369
1198	0.14821564
1199	0.14099614
1200	0.17752225
1201	0.14394927
1202	0.18548032
1203	0.16169174
1204	0.13558179
1205	0.12878955
1206	0.16635256
1207	0.15114018
1208	0.16763449
1209	0.23055662
1210	0.16986336
1211	0.12945343
1212	0.16815083
1213	0.17373576
1214	0.17976028
1215	0.18444599
1216	0.19041902
1217	0.14618758
1218	0.15925282
1219	0.19177966
1220	0.16010722
1221	0.15997536
1222	0.14531670
1223	0.15992482
1224	0.16091301
1225	0.20661749
1226	0.20930416
1227	0.18453922
1228	0.16568563
1229	0.12949363
1230	0.14620627
1231	0.11298287
1232	0.13306593
1233	0.18347799
1234	0.19872961
1235	0.13099144
1236	0.18546496
1237	0.13739747
1238	0.12531771
1239	0.16722641
1240	0.14931152
1241	0.18542617
1242	0.16771871
1243	0.17463192
1244	0.17164519
1245	0.18256430
1246	0.13187731
1247	0.15698577
1248	0.13780494
1249	0.19172627
1250	0.16302842
1251	0.13396105
1252	0.13242259
1253	0.13246963
1254	0.12132921
1255	0.17150135
1256	0.19189508
1257	0.14079341
1258	0.16234022
1259	0.12879686
1260	0.13184583
1261	0.15172679
1262	0.12457532
1263	0.16348462
1264	0.17558653
1265	0.15062533
1266	0.13012603
1267	0.17878685
1268	0.23414501
1269	0.19180350
1270	0.17545194
1271	0.13181793
1272	0.14641926
1273	0.16859047
1274	0.14107751
1275	0.13453427
1276	0.16925829
1277	0.20863192
1278	0.13586645
1279	0.16659288
1280	0.18020852
1281	0.20681162
1282	0.17799200
1283	0.16552354
1284	0.17091634
1285	0.18299972
1286	0.13395566
1287	0.17465037
1288	0.18382364
1289	0.15575079
1290	0.18044032
1291	0.18822324
1292	0.15718581
1293	0.19490275
1294	0.16099908
1295	0.18429097
1296	0.13664338
1297	0.13828297
1298	0.19059389
1299	0.18017359
1300	0.10964977
1301	0.16878947
1302	0.16728635
1303	0.15305877
1304	0.17690806
1305	0.12761387
1306	0.20703682
1307	0.23543039
1308	0.16178287
1309	0.14009528
1310	0.15538026
1311	0.13271268
1312	0.17435654
1313	0.14052543
1314	0.17286758
1315	0.12932121
1316	0.15607827
1317	0.15142127
1318	0.14402830
1319	0.16188905
1320	0.24834786
1321	0.20909162
1322	0.13967176
1323	0.13258898
1324	0.16434279
1325	0.18136933
1326	0.20849218
1327	0.15556189
1328	0.19934830
1329	0.18924679
1330	0.20658742
1331	0.19056808
1332	0.18290617
1333	0.14561721
1334	0.10943590
1335	0.14840189
1336	0.13201411
1337	0.12478444
1338	0.16522388
1339	0.16638316
1340	0.12318802
1341	0.13316683
1342	0.16442726
1343	0.13131654
1344	0.20971156
1345	0.11668607
1346	0.15877041
1347	0.19466673
1348	0.14384036
1349	0.14819385
1350	0.18853182
1351	0.17305230
1352	0.13854818
1353	0.13866348
1354	0.20462923
1355	0.17261612
1356	0.18996084
1357	0.15235747
1358	0.13292732
1359	0.20115389
1360	0.14577837
1361	0.15244161
1362	0.18278645
1363	0.14876080
1364	0.14740659
1365	0.16605576
1366	0.19197311
1367	0.12039481
1368	0.17345990
1369	0.21956024
1370	0.15654778
1371	0.16417825
1372	0.18821922
1373	0.17899445
1374	0.15640691
1375	0.18206734
1376	0.18176599
1377	0.12416326
1378	0.19789335
1379	0.12414810
1380	0.12677897
1381	0.15659164
1382	0.10912764
1383	0.17491429
1384	0.24512872
1385	0.17601801
1386	0.20009250
1387	0.18475618
1388	0.13929077
1389	0.13995497
1390	0.17823063
1391	0.14303220
1392	0.15825532
1393	0.18496024
1394	0.16207650
1395	0.15414328
1396	0.13170975
1397	0.15201379
1398	0.22358706
1399	0.13533230
1400	0.18321174
1401	0.17527610
1402	0.18519715
1403	0.16663256
1404	0.23848185
1405	0.14363855
1406	0.14389528
1407	0.11776101
1408	0.15197290
1409	0.14387948
1410	0.14805930
1411	0.16506074
1412	0.14442111
1413	0.14921789
1414	0.18216004
1415	0.18712048
1416	0.17932515
1417	0.13947924
1418	0.12966086
1419	0.17546858
1420	0.13049258
1421	0.18311658
1422	0.14800732
1423	0.15429021
1424	0.15053250
1425	0.23576708
1426	0.12838983
1427	0.15272281
1428	0.18601069
1429	0.14088346
1430	0.17269664
1431	0.18562227
1432	0.14738328
1433	0.15588607
1434	0.14255795
1435	0.15629821
1436	0.16988828
1437	0.13886215
1438	0.16722810
1439	0.14930372
1440	0.12329499
1441	0.16154605
1442	0.17626770
1443	0.15797178
1444	0.12875972
1445	0.14662718
1446	0.12942295
1447	0.11991184
1448	0.16807168
1449	0.17228571
1450	0.13659497
1451	0.13466295
1452	0.12757777
1453	0.16884760
1454	0.15582830
1455	0.14906689
1456	0.12499144
1457	0.17038645
1458	0.15664864
1459	0.12165331
1460	0.16720531
1461	0.13823481
1462	0.19004257
1463	0.12236462
1464	0.18024993
1465	0.16352080
1466	0.12750171
1467	0.18672446
1468	0.16417463
1469	0.15317033
1470	0.14283377
1471	0.17414967
1472	0.18448430
1473	0.16480599
1474	0.13784418
1475	0.09618460
1476	0.20648748
1477	0.16047417
1478	0.16927116
1479	0.14350034
1480	0.12695622
1481	0.13004390
1482	0.15116101
1483	0.14114022
1484	0.15944515
1485	0.17196832
1486	0.15311272
1487	0.13996977
1488	0.20249262
1489	0.12360398
1490	0.18065150
1491	0.15864623
1492	0.15776052
1493	0.14799180
1494	0.13420474
1495	0.15522834
1496	0.13910484
1497	0.18827481
1498	0.15022368
1499	0.12145423
1500	0.13247276
1501	0.17724772
1502	0.13908985
1503	0.16265254
1504	0.16886995
1505	0.17660221
1506	0.16732969
1507	0.13594352
1508	0.15817049
1509	0.17560571
1510	0.14841367
1511	0.09991819
1512	0.12041487
1513	0.13932265
1514	0.17871694
1515	0.16705986
1516	0.13190629
1517	0.16329797
1518	0.14144482
1519	0.15526790
1520	0.11977013
1521	0.17228643
1522	0.16344876
1523	0.19300888
1524	0.16380446
1525	0.13964285
1526	0.11293190
1527	0.15458810
1528	0.16488490
1529	0.17385745
1530	0.13498444
1531	0.18028137
1532	0.14861081
1533	0.17011421
1534	0.15375711
1535	0.14845170
1536	0.15987626
1537	0.13351787
1538	0.16448559
1539	0.14523389
1540	0.15891461
1541	0.13915932
1542	0.15503658
1543	0.16099598
1544	0.17128374
1545	0.13357688
1546	0.12963775
1547	0.16602983
1548	0.19358215
1549	0.19394476
1550	0.13909097
1551	0.14218673
1552	0.20398368
1553	0.17300901
1554	0.11205286
1555	0.14432398
1556	0.14943887
1557	0.15149568
1558	0.16083514
1559	0.13039095
1560	0.18603220
1561	0.20269620
1562	0.13262513
1563	0.15031039
1564	0.19098509
1565	0.14597841
1566	0.10078545
1567	0.11295248
1568	0.16200651
1569	0.15747666
1570	0.11781560
1571	0.13740623
1572	0.14316398
1573	0.14391823
1574	0.15510710
1575	0.15188816
1576	0.14988253
1577	0.11648820
1578	0.21080245
1579	0.19266959
1580	0.17340056
1581	0.11841142
1582	0.16453411
1583	0.11892314
1584	0.12872024
1585	0.13681415
1586	0.13764229
1587	0.10580213
1588	0.18895518
1589	0.10335421
1590	0.13443473
1591	0.11901150
1592	0.22354501
1593	0.20846718
1594	0.13728892
1595	0.14848362
1596	0.15877238
1597	0.18938866
1598	0.13913057
1599	0.13967598
1600	0.14679779
1601	0.20963156
1602	0.15114633
1603	0.14122420
1604	0.15474496
1605	0.15208293
1606	0.10227690
1607	0.15553246
1608	0.16862822
1609	0.13114223
1610	0.09767542
1611	0.14358890
1612	0.15396888
1613	0.12988466
1614	0.14289194
1615	0.15880933
1616	0.17871582
1617	0.18457146
1618	0.17243349
1619	0.10377745
1620	0.13208334
1621	0.17067389
1622	0.12652836
1623	0.10954054
1624	0.17546006
1625	0.17214677
1626	0.11092507
1627	0.18872941
1628	0.16144020
1629	0.16327711
1630	0.15367011
1631	0.10993174
1632	0.20359638
1633	0.13682372
1634	0.17480647
1635	0.15556101
1636	0.10569902
1637	0.17882681
1638	0.09786814
1639	0.13069202
1640	0.17058537
1641	0.18249194
1642	0.16080410
1643	0.17977399
1644	0.17033110
1645	0.17230649
1646	0.12426388
1647	0.10488402
1648	0.14300330
1649	0.19061262
1650	0.14949367
1651	0.16921379
1652	0.17980024
1653	0.14086283
1654	0.14133636
1655	0.14815976
1656	0.14223558
1657	0.14108068
1658	0.14064386
1659	0.17311027
1660	0.17857367
1661	0.13087534
1662	0.13611272
1663	0.18504249
1664	0.13181849
1665	0.13457761
1666	0.15366907
1667	0.11874726
1668	0.15949717
1669	0.10551855
1670	0.13716137
1671	0.17475948
1672	0.15295518
1673	0.13341568
1674	0.13493270
1675	0.14209270
1676	0.16892314
1677	0.18104165
1678	0.11795743
1679	0.12478967
1680	0.16426360
1681	0.19363678
1682	0.14146545
1683	0.13402123
1684	0.13417443
1685	0.12845190
1686	0.17811779
1687	0.13373580
1688	0.12114408
1689	0.15705982
1690	0.13564092
1691	0.13755823
1692	0.14178858
1693	0.15125290
1694	0.13646601
1695	0.10716084
1696	0.15799510
1697	0.12636627
1698	0.20224145
1699	0.13877049
1700	0.14130714
1701	0.12977737
1702	0.19051449
1703	0.13629242
1704	0.13562364
1705	0.13633290
1706	0.17947646
1707	0.15599879
1708	0.15791574
1709	0.16866135
1710	0.14794991
1711	0.12549906
1712	0.16286762
1713	0.14526432
1714	0.20568941
1715	0.19001355
1716	0.11283305
1717	0.12632896
1718	0.15159091
1719	0.12802259
1720	0.11577841
1721	0.13559220
1722	0.14509793
1723	0.16431429
1724	0.11794050
1725	0.12610565
1726	0.13818484
1727	0.14250746
1728	0.15899779
1729	0.16791674
1730	0.11335401
1731	0.12940004
1732	0.12507168
1733	0.15790537
1734	0.13473005
1735	0.13880917
1736	0.18141097
1737	0.16938227
1738	0.14959461
1739	0.12109656
1740	0.11979023
1741	0.13254963
1742	0.14845278
1743	0.18980406
1744	0.14655244
1745	0.11566525
1746	0.16929749
1747	0.18573102
1748	0.08074396
1749	0.11790231
1750	0.13289520
1751	0.14291908
1752	0.16542545
1753	0.17090770
1754	0.12741556
1755	0.15421737
1756	0.15175964
1757	0.12961242
1758	0.13175200
1759	0.15883807
1760	0.16530927
1761	0.15004084
1762	0.15905214
1763	0.10962641
1764	0.13485709
1765	0.16752571
1766	0.16039256
1767	0.13791606
1768	0.13835703
1769	0.16947473
1770	0.15324925
1771	0.11410597
1772	0.17807924
1773	0.15862468
1774	0.12495899
1775	0.15277773
1776	0.13196406
1777	0.15015642
1778	0.16453910
1779	0.19211276
1780	0.11709829
1781	0.13550726
1782	0.13972189
1783	0.11685415
1784	0.16493833
1785	0.12064683
1786	0.15460667
1787	0.17982730
1788	0.16607944
1789	0.12108905
1790	0.15519256
1791	0.17504157
1792	0.18286597
1793	0.13309753
1794	0.18226794
1795	0.14896193
1796	0.14592181
1797	0.16708322
1798	0.12725696
1799	0.14284350
1800	0.19302621
1801	0.13128024
1802	0.12586074
1803	0.14476370
1804	0.12494476
1805	0.13854702
1806	0.12984848
1807	0.14451686
1808	0.17605680
1809	0.17031152
1810	0.14193363
1811	0.17452398
1812	0.15682754
1813	0.12011365
1814	0.17399043
1815	0.13083855
1816	0.16918107
1817	0.11054038
1818	0.15343288
1819	0.17565781
1820	0.13284808
1821	0.07981676
1822	0.12613174
1823	0.12657672
1824	0.18074082
1825	0.13996310
1826	0.15757512
1827	0.12145994
1828	0.14362802
1829	0.17672133
1830	0.15690251
1831	0.13357841
1832	0.20418991
1833	0.11249407
1834	0.10517805
1835	0.12194460
1836	0.13920812
1837	0.17850951
1838	0.13498931
1839	0.09293504
1840	0.16941692
1841	0.15509479
1842	0.13423763
1843	0.14351079
1844	0.12772728
1845	0.15756394
1846	0.14639662
1847	0.10505126
1848	0.17460603
1849	0.17157483
1850	0.16776438
1851	0.14618127
1852	0.17449266
1853	0.11129938
1854	0.16497797
1855	0.16007851
1856	0.16587268
1857	0.20054239
1858	0.21420957
1859	0.10413986
1860	0.16570629
1861	0.15908498
1862	0.11168302
1863	0.10772864
1864	0.13695493
1865	0.16441427
1866	0.12463104
1867	0.14704756
1868	0.17205934
1869	0.19316354
1870	0.12436752
1871	0.12018183
1872	0.13244414
1873	0.14541017
1874	0.10669226
1875	0.18160478
1876	0.13624004
1877	0.11781588
1878	0.09533005
1879	0.12586131
1880	0.13975361
1881	0.16254372
1882	0.15264205
1883	0.13690597
1884	0.11851912
1885	0.12235771
1886	0.12520028
1887	0.13644687
1888	0.14414798
1889	0.15780474
1890	0.13937029
1891	0.20300949
1892	0.14938617
1893	0.16141849
1894	0.11867003
1895	0.12951795
1896	0.12572720
1897	0.13028667
1898	0.16719244
1899	0.11089033
1900	0.14468631
1901	0.16139759
1902	0.12110549
1903	0.16488470
1904	0.12806766
1905	0.16054420
1906	0.13280241
1907	0.10738336
1908	0.13130199
1909	0.11265102
1910	0.18834030
1911	0.13016109
1912	0.16108856
1913	0.12843851
1914	0.11900261
1915	0.18545339
1916	0.12503799
1917	0.13433741
1918	0.12324044
1919	0.13916519
1920	0.17424752
1921	0.10609918
1922	0.16022400
1923	0.18501596
1924	0.14229459
1925	0.15640623
1926	0.13238488
1927	0.17041705
1928	0.15729459
1929	0.15641154
1930	0.15695956
1931	0.15109294
1932	0.18187646
1933	0.12090239
1934	0.11304860
1935	0.12555538
1936	0.13665146
1937	0.16017290
1938	0.11421323
1939	0.08917178
1940	0.16086866
1941	0.13551144
1942	0.12129234
1943	0.13931883
1944	0.14058706
1945	0.15024326
1946	0.17233942
1947	0.10938681
1948	0.10456366
1949	0.12894324
1950	0.07984913
1951	0.16420253
1952	0.14467698
1953	0.14743240
1954	0.14137761
1955	0.13640338
1956	0.15476257
1957	0.11583920
1958	0.15850211
1959	0.12070396
1960	0.19248378
1961	0.14769411
1962	0.19062356
1963	0.19656687
1964	0.16961773
1965	0.12342866
1966	0.13919272
1967	0.16275674
1968	0.11235779
1969	0.13036969
1970	0.13947031
1971	0.11171268
1972	0.15756780
1973	0.16914472
1974	0.13500318
1975	0.14743735
1976	0.13477548
1977	0.11777918
1978	0.11477552
1979	0.16082484
1980	0.13062199
1981	0.17340342
1982	0.09910002
1983	0.11798923
1984	0.15091940
1985	0.15455128
1986	0.13692671
1987	0.13457596
1988	0.09608197
1989	0.13642074
1990	0.15972293
1991	0.12908149
1992	0.15780844
1993	0.13393656
1994	0.11679461
1995	0.17557407
1996	0.17173347
1997	0.11636269
1998	0.19879007
1999	0.11367035
2000	0.20136539
2001	0.13311690
2002	0.11142436
2003	0.14926605
2004	0.19661093
2005	0.10409672
2006	0.12194042
2007	0.09481512
2008	0.14444716
2009	0.13389797
2010	0.14490472
2011	0.12559670
2012	0.14021463
2013	0.11565431
2014	0.12925516
2015	0.12129427
2016	0.13283405
2017	0.18488113
2018	0.11120052
2019	0.15442706
2020	0.10345680
2021	0.16504977
2022	0.17747112
2023	0.17394472
2024	0.15825134
2025	0.12146239
2026	0.14677290
2027	0.16844177
2028	0.13418348
2029	0.13773849
2030	0.12370790
2031	0.15432362
2032	0.10453475
2033	0.15875952
2034	0.13546255
2035	0.14426159
2036	0.09537688
2037	0.16833853
2038	0.13452374
2039	0.12923437
2040	0.13758545
2041	0.17813053
2042	0.12364498
2043	0.14097528
2044	0.13740905
2045	0.12022203
2046	0.13956370
2047	0.12258931
2048	0.09790822
2049	0.16078384
2050	0.12629061
2051	0.09658669
2052	0.16247437
2053	0.15458424
2054	0.13299819
2055	0.14098521
2056	0.14520032
2057	0.15203506
2058	0.12959968
2059	0.17093620
2060	0.15499313
2061	0.12978416
2062	0.11656201
2063	0.11487079
2064	0.13234480
2065	0.14669194
2066	0.13782175
2067	0.13875280
2068	0.19465367
2069	0.11636486
2070	0.08772378
2071	0.11550903
2072	0.16302649
2073	0.15624466
2074	0.12063381
2075	0.11873861
2076	0.14214179
2077	0.14111522
2078	0.12536145
2079	0.14637994
2080	0.17270119
2081	0.12376269
2082	0.12846850
2083	0.10448804
2084	0.16273576
2085	0.15329355
2086	0.17918919
2087	0.10323116
2088	0.17357906
2089	0.10335883
2090	0.12943469
2091	0.16331847
2092	0.13748856
2093	0.09424402
2094	0.11006344
2095	0.12610870
2096	0.17982468
2097	0.12349311
2098	0.12962255
2099	0.14557881
2100	0.11658657
2101	0.18364454
2102	0.13078754
2103	0.13480129
2104	0.19548675
2105	0.13440945
2106	0.16258143
2107	0.14469584
2108	0.14614376
2109	0.16107839
2110	0.15500430
2111	0.09721869
2112	0.12300716
2113	0.11694629
2114	0.15419775
2115	0.12117246
2116	0.16323397
2117	0.16433544
2118	0.14904776
2119	0.15427112
2120	0.13412080
2121	0.15824921
2122	0.15927518
2123	0.17361158
2124	0.11150424
2125	0.14891707
2126	0.22202939
2127	0.16931164
2128	0.14227212
2129	0.15815719
2130	0.13666211
2131	0.11516579
2132	0.12811292
2133	0.11600285
2134	0.13911739
2135	0.12392442
2136	0.14826227
2137	0.12904816
2138	0.11641085
2139	0.13527582
2140	0.15201315
2141	0.11496892
2142	0.12782255
2143	0.16714111
2144	0.14210078
2145	0.10438239
2146	0.11638456
2147	0.15766332
2148	0.10193162
2149	0.14659811
2150	0.13420515
2151	0.11256024
2152	0.14509407
2153	0.10298324
2154	0.15996422
2155	0.14131449
2156	0.14285162
2157	0.13420671
2158	0.12792169
2159	0.14838239
2160	0.15868458
2161	0.12479883
2162	0.12899771
2163	0.10376523
2164	0.11600281
2165	0.14970135
2166	0.17129664
2167	0.14742139
2168	0.13749029
2169	0.16563658
2170	0.14517733
2171	0.15509825
2172	0.15620575
2173	0.17629379
2174	0.10921262
2175	0.12246943
2176	0.13024410
2177	0.18956663
2178	0.14426983
2179	0.13989644
2180	0.16183485
2181	0.12923506
2182	0.13588627
2183	0.13047296
2184	0.15955831
2185	0.18202456
2186	0.14589166
2187	0.12439634
2188	0.11841431
2189	0.16470476
2190	0.12190239
2191	0.11116490
2192	0.14375284
2193	0.13389966
2194	0.10289182
2195	0.11578617
2196	0.14473170
2197	0.11585958
2198	0.15651345
2199	0.10935522
2200	0.12679899
2201	0.11728511
2202	0.18340627
2203	0.11501335
2204	0.11059791
2205	0.14643019
2206	0.13596129
2207	0.14944458
2208	0.13241837
2209	0.11676607
2210	0.12945427
2211	0.12026368
2212	0.15630448
2213	0.14737524
2214	0.16264382
2215	0.12384892
2216	0.14480318
2217	0.12445057
2218	0.12373154
2219	0.12418247
2220	0.13421994
2221	0.12404772
2222	0.14816555
2223	0.14071051
2224	0.18579819
2225	0.10919445
2226	0.15120567
2227	0.15750468
2228	0.17371807
2229	0.09420117
2230	0.14477676
2231	0.12520716
2232	0.10773930
2233	0.16949483
2234	0.14255502
2235	0.09139988
2236	0.10829516
2237	0.14148330
2238	0.14095707
2239	0.15168462
2240	0.13416515
2241	0.14453556
2242	0.13137323
2243	0.10634814
2244	0.16550890
2245	0.15059920
2246	0.18201335
2247	0.11560631
2248	0.16544615
2249	0.14231771
2250	0.13669391
2251	0.17521254
2252	0.12695039
2253	0.12951542
2254	0.17943727
2255	0.16711035
2256	0.15930822
2257	0.12189998
2258	0.15163570
2259	0.14505656
2260	0.15089471
2261	0.09913552
2262	0.13763449
2263	0.09642541
2264	0.16223357
2265	0.15004157
2266	0.14233427
2267	0.14880603
2268	0.14705093
2269	0.13726830
2270	0.13190971
2271	0.13642951
2272	0.11954380
2273	0.12752137
2274	0.14804245
2275	0.12173343
2276	0.12352470
2277	0.11224888
2278	0.14776076
2279	0.15108691
2280	0.16059136
2281	0.13078324
2282	0.12428816
2283	0.14143465
2284	0.14042247
2285	0.12418999
2286	0.10783924
2287	0.10754513
2288	0.12718207
2289	0.14737303
2290	0.13306898
2291	0.14268024
2292	0.12104137
2293	0.12246332
2294	0.12197355
2295	0.15365258
2296	0.12673122
2297	0.13896543
2298	0.11937399
2299	0.16300137
2300	0.15486581
2301	0.12613516
2302	0.15397065
2303	0.14186513
2304	0.12319365
2305	0.13589516
2306	0.14372993
2307	0.14754054
2308	0.11304322
2309	0.09509536
2310	0.09310496
2311	0.10896141
2312	0.15112241
2313	0.13645254
2314	0.17743980
2315	0.11534858
2316	0.13109126
2317	0.13411739
2318	0.13289588
2319	0.08078541
2320	0.13993672
2321	0.13172418
2322	0.15735469
2323	0.12786971
2324	0.10405106
2325	0.16968153
2326	0.11970798
2327	0.12119337
2328	0.14770159
2329	0.17118693
2330	0.10767550
2331	0.11643152
2332	0.15350689
2333	0.12068370
2334	0.12879936
2335	0.09154010
2336	0.10473331
2337	0.13633821
2338	0.14422356
2339	0.13459863
2340	0.06881423
2341	0.13058923
2342	0.13933950
2343	0.16016137
2344	0.10285986
2345	0.16180362
2346	0.15978734
2347	0.15590653
2348	0.14254975
2349	0.11018697
2350	0.08491453
2351	0.11046086
2352	0.15133906
2353	0.13873813
2354	0.14711353
2355	0.13019634
2356	0.13387703
2357	0.14205616
2358	0.15303566
2359	0.11886472
2360	0.13558601
2361	0.15545990
2362	0.12821656
2363	0.17181725
2364	0.12860917
2365	0.13390002
2366	0.12610171
2367	0.12412720
2368	0.15018605
2369	0.14363489
2370	0.17610766
2371	0.09449443
2372	0.17679325
2373	0.10867964
2374	0.12254625
2375	0.14838677
2376	0.13694931
2377	0.10375156
2378	0.12842038
2379	0.13922356
2380	0.13794287
2381	0.11377528
2382	0.13507602
2383	0.12394167
2384	0.14481278
2385	0.13363369
2386	0.12825077
2387	0.10197544
2388	0.12322581
2389	0.13031345
2390	0.08553186
2391	0.13804643
2392	0.12175984
2393	0.13913190
2394	0.10887445
2395	0.12980663
2396	0.12291333
2397	0.14282179
2398	0.12897122
2399	0.12551457
2400	0.14585359
2401	0.10558271
2402	0.10983916
2403	0.11892503
2404	0.10565934
2405	0.14225407
2406	0.16742094
2407	0.14115674
2408	0.17890167
2409	0.12093853
2410	0.10220153
2411	0.13924221
2412	0.15589093
2413	0.11183686
2414	0.16500732
2415	0.16736354
2416	0.15699690
2417	0.11877190
2418	0.14350975
2419	0.12203831
2420	0.11568623
2421	0.07766476
2422	0.14497777
2423	0.10525427
2424	0.17342806
2425	0.12667309
2426	0.13124740
2427	0.10589769
2428	0.13139980
2429	0.11191759
2430	0.14687184
2431	0.15008776
2432	0.16828712
2433	0.12667385
2434	0.14281435
2435	0.12560784
2436	0.14917471
2437	0.09975602
2438	0.09704917
2439	0.13581773
2440	0.16499112
2441	0.12542018
2442	0.12380109
2443	0.13484129
2444	0.09912503
2445	0.12379228
2446	0.13522806
2447	0.11892603
2448	0.13289282
2449	0.10818798
2450	0.10143952
2451	0.13277166
2452	0.08498103
2453	0.12899071
2454	0.12482219
2455	0.09057407
2456	0.15168020
2457	0.13697323
2458	0.12014653
2459	0.14982967
2460	0.13815976
2461	0.14563799
2462	0.11766175
2463	0.08495317
2464	0.15707019
2465	0.14886939
2466	0.16438235
2467	0.11343031
2468	0.13860334
2469	0.09688760
2470	0.16241970
2471	0.12186070
2472	0.14594014
2473	0.13681194
2474	0.15521568
2475	0.13187895
2476	0.10997556
2477	0.14171011
2478	0.15694243
2479	0.14082098
2480	0.11273512
2481	0.13487128
2482	0.13218251
2483	0.13491264
2484	0.07868330
2485	0.13500462
2486	0.14205829
2487	0.16389805
2488	0.09198846
2489	0.13837797
2490	0.12231690
2491	0.13084515
2492	0.09791071
2493	0.13406577
2494	0.11218790
2495	0.11781443
2496	0.14621479
2497	0.12650826
2498	0.14765274
2499	0.11300374
2500	0.13021628
2501	0.11398392
2502	0.09792358
2503	0.10574018
2504	0.10674058
2505	0.13589186
2506	0.11058283
2507	0.09805110
2508	0.12524076
2509	0.11876350
2510	0.12123031
2511	0.09632281
2512	0.12270203
2513	0.12055220
2514	0.12438476
2515	0.10614706
2516	0.16222665
2517	0.12397881
2518	0.12019168
2519	0.10056269
2520	0.14373753
2521	0.11836969
2522	0.14233556
2523	0.15109294
2524	0.11838959
2525	0.13154521
2526	0.12411184
2527	0.11843739
2528	0.13048052
2529	0.10745508
2530	0.12806754
2531	0.12745998
2532	0.11386034
2533	0.12926062
2534	0.14717580
2535	0.15406183
2536	0.13270625
2537	0.09829210
2538	0.16972273
2539	0.15793307
2540	0.12041725
2541	0.14233443
2542	0.12178107
2543	0.14155099
2544	0.13495682
2545	0.12499976
2546	0.13802886
2547	0.12266179
2548	0.11028438
2549	0.14182911
2550	0.12661865
2551	0.12598802
2552	0.14553684
2553	0.15691284
2554	0.15915815
2555	0.12023976
2556	0.12266947
2557	0.15503445
2558	0.15188832
2559	0.12148370
2560	0.09009801
2561	0.18597950
2562	0.15450661
2563	0.12618030
2564	0.12904559
2565	0.14069399
2566	0.07543867
2567	0.10706203
2568	0.12472169
2569	0.14258774
2570	0.12346890
2571	0.13474649
2572	0.13431409
2573	0.14558488
2574	0.11083775
2575	0.11992579
2576	0.12954509
2577	0.14509737
2578	0.08378669
2579	0.13030460
2580	0.12898231
2581	0.11373463
2582	0.12389290
2583	0.13322782
2584	0.12647871
2585	0.07348390
2586	0.15831252
2587	0.13694199
2588	0.12560539
2589	0.09618058
2590	0.14980623
2591	0.11330336
2592	0.11455345
2593	0.12967658
2594	0.12388346
2595	0.11247940
2596	0.12459067
2597	0.14323385
2598	0.10595493
2599	0.13645303
2600	0.12421166
2601	0.12381142
2602	0.10674203
2603	0.08835405
2604	0.12810352
2605	0.09164016
2606	0.14237367
2607	0.09905483
2608	0.11555280
2609	0.13048856
2610	0.10229753
2611	0.14563461
2612	0.12755783
2613	0.10716293
2614	0.09979236
2615	0.12335055
2616	0.14769504
2617	0.14065608
2618	0.13074360
2619	0.12996559
2620	0.14954509
2621	0.15933757
2622	0.11679879
2623	0.14124820
2624	0.08466987
2625	0.14763148
2626	0.14301041
2627	0.11676233
2628	0.10819546
2629	0.16129660
2630	0.10578710
2631	0.10120860
2632	0.14605881
2633	0.13794283
2634	0.12382975
2635	0.11888418
2636	0.10361536
2637	0.16675586
2638	0.14015252
2639	0.13672559
2640	0.15496386
2641	0.14619755
2642	0.13318597
2643	0.11019188
2644	0.11366561
2645	0.09671570
2646	0.11047711
2647	0.13439666
2648	0.13624724
2649	0.16457998
2650	0.18515972
2651	0.08564933
2652	0.12587353
2653	0.10126766
2654	0.12066428
2655	0.11306561
2656	0.13143333
2657	0.15320434
2658	0.12248406
2659	0.13634951
2660	0.13038521
2661	0.10983248
2662	0.11452679
2663	0.15727598
2664	0.15155128
2665	0.13901359
2666	0.14180318
2667	0.12650939
2668	0.14154187
2669	0.13685041
2670	0.13856583
2671	0.11740330
2672	0.12235260
2673	0.13210911
2674	0.14292008
2675	0.13668965
2676	0.13081395
2677	0.11004121
2678	0.10318754
2679	0.10902151
2680	0.10814243
2681	0.13616607
2682	0.12441447
2683	0.12333455
2684	0.10570754
2685	0.11411839
2686	0.17034766
2687	0.12899148
2688	0.12008651
2689	0.13773709
2690	0.13349206
2691	0.06275791
2692	0.09697536
2693	0.14982573
2694	0.16208378
2695	0.11167992
2696	0.10415899
2697	0.10226939
2698	0.09502963
2699	0.10377286
2700	0.14928856
2701	0.09878533
2702	0.12478842
2703	0.13298919
2704	0.16026601
2705	0.10959775
2706	0.15239582
2707	0.13425435
2708	0.14760905
2709	0.11252269
2710	0.12523578
2711	0.11962058
2712	0.11876884
2713	0.13271932
2714	0.16468289
2715	0.11846235
2716	0.13623594
2717	0.16089777
2718	0.15392671
2719	0.13852253
2720	0.12660800
2721	0.12951099
2722	0.10641162
2723	0.10146207
2724	0.13031751
2725	0.08704796
2726	0.12254903
2727	0.09653451
2728	0.09753005
2729	0.10123558
2730	0.09687200
2731	0.10426681
2732	0.13484997
2733	0.12636937
2734	0.12631514
2735	0.14132306
2736	0.13547550
2737	0.14666649
2738	0.09005620
2739	0.10355309
2740	0.12985142
2741	0.10187803
2742	0.13789902
2743	0.12783305
2744	0.15103755
2745	0.12271276
2746	0.10852060
2747	0.14412113
2748	0.17841126
2749	0.13435518
2750	0.11809282
2751	0.14988044
2752	0.14270135
2753	0.13890661
2754	0.13233230
2755	0.11182094
2756	0.17152129
2757	0.12671510
2758	0.12761765
2759	0.15614907
2760	0.12870766
2761	0.11905576
2762	0.13819562
2763	0.16783023
2764	0.15252490
2765	0.13135473
2766	0.15218255
2767	0.09635365
2768	0.11625660
2769	0.14456498
2770	0.10470392
2771	0.16993246
2772	0.12410665
2773	0.11245970
2774	0.14463642
2775	0.13307674
2776	0.10849198
2777	0.10023244
2778	0.12143108
2779	0.11597122
2780	0.09370505
2781	0.12866689
2782	0.10819317
2783	0.12526943
2784	0.09352752
2785	0.14229069
2786	0.13898561
2787	0.10532386
2788	0.10059236
2789	0.12802754
2790	0.12652117
2791	0.15102404
2792	0.12905869
2793	0.09915956
2794	0.14070360
2795	0.12181568
2796	0.12132712
2797	0.15052872
2798	0.11495654
2799	0.12615811
2800	0.12905001
2801	0.10984788
2802	0.14726179
2803	0.13819264
2804	0.15295807
2805	0.15828269
2806	0.13493608
2807	0.10661793
2808	0.12088048
2809	0.14875003
2810	0.15991341
2811	0.08125335
2812	0.08381829
2813	0.10515489
2814	0.12890263
2815	0.14599835
2816	0.16264185
2817	0.12591108
2818	0.14529138
2819	0.12212358
2820	0.13446565
2821	0.14721982
2822	0.10833455
2823	0.12733540
2824	0.11690042
2825	0.10085106
2826	0.11237097
2827	0.15804704
2828	0.15522424
2829	0.11555453
2830	0.14760438
2831	0.12818456
2832	0.16292639
2833	0.16350496
2834	0.11311099
2835	0.14391775
2836	0.13904720
2837	0.11464092
2838	0.13309025
2839	0.09539015
2840	0.14293487
2841	0.13729102
2842	0.13631538
2843	0.09287916
2844	0.16809411
2845	0.12148153
2846	0.12954613
2847	0.10299333
2848	0.13474927
2849	0.11754955
2850	0.10567437
2851	0.14304398
2852	0.09524173
2853	0.14348117
2854	0.14528310
2855	0.10470774
2856	0.12089379
2857	0.12092044
2858	0.10383176
2859	0.14409214
2860	0.17105696
2861	0.13675268
2862	0.15310931
2863	0.14531305
2864	0.15346697
2865	0.16189829
2866	0.11542907
2867	0.13578183
2868	0.12594388
2869	0.11507867
2870	0.10252165
2871	0.11927534
2872	0.12968366
2873	0.14839775
2874	0.13039606
2875	0.14112342
2876	0.12302661
2877	0.16994870
2878	0.11465391
2879	0.10518641
2880	0.07319429
2881	0.07736129
2882	0.11618625
2883	0.08640366
2884	0.11844695
2885	0.09279787
2886	0.12522963
2887	0.13104446
2888	0.11909126
2889	0.14540008
2890	0.14910802
2891	0.11821069
2892	0.13106400
2893	0.10664977
2894	0.13346778
2895	0.12312028
2896	0.15420088
2897	0.12053335
2898	0.14652720
2899	0.13018561
2900	0.13294163
2901	0.12292149
2902	0.12508004
2903	0.14292856
2904	0.16165053
2905	0.11930915
2906	0.12736322
2907	0.08620028
2908	0.11181572
2909	0.10451341
2910	0.08528937
2911	0.14207421
2912	0.14031739
2913	0.16858131
2914	0.11932185
2915	0.14173568
2916	0.13019964
2917	0.11323940
2918	0.13758826
2919	0.10215839
2920	0.10394810
2921	0.10282227
2922	0.15140543
2923	0.11167658
2924	0.14676796
2925	0.13148917
2926	0.15102179
2927	0.11706312
2928	0.14369725
2929	0.12265845
2930	0.15366589
2931	0.18991284
2932	0.10610915
2933	0.12262915
2934	0.11473025
2935	0.12399642
2936	0.13559313
2937	0.09791859
2938	0.11902866
2939	0.14615887
2940	0.13044394
2941	0.09323409
2942	0.09423457
2943	0.13983514
2944	0.11536699
2945	0.13972535
2946	0.12061902
2947	0.14818722
2948	0.11965355
2949	0.10987208
2950	0.09995264
2951	0.12992105
2952	0.13456977
2953	0.18044695
2954	0.13780494
2955	0.11761146
2956	0.11535288
2957	0.12034010
2958	0.12665861
2959	0.08916607
2960	0.05985102
2961	0.12228133
2962	0.11777246
2963	0.12426697
2964	0.11489411
2965	0.13439622
2966	0.11291313
2967	0.09219879
2968	0.11466854
2969	0.13967904
2970	0.08755626
2971	0.09912358
2972	0.10858935
2973	0.11149166
2974	0.10763550
2975	0.11169930
2976	0.14444712
2977	0.11764527
2978	0.12175883
2979	0.12975908
2980	0.08247980
2981	0.10368937
2982	0.13504478
2983	0.09499795
2984	0.13126320
2985	0.13556314
2986	0.15914336
2987	0.08271891
2988	0.10405182
2989	0.12904225
2990	0.07439642
2991	0.08356068
2992	0.13106018
2993	0.14511284
2994	0.11256901
2995	0.19993282
2996	0.06672374
2997	0.08367345
2998	0.11607654
2999	0.13304539
3000	0.13543421
3001	0.14703361
3002	0.10168133
3003	0.09028728
3004	0.08559317
3005	0.10909930
3006	0.07716229
3007	0.13532901
3008	0.11244583
3009	0.10250810
3010	0.08663988
3011	0.11942098
3012	0.13542999
3013	0.12316921
3014	0.13213158
3015	0.11871128
3016	0.10201319
3017	0.11391401
3018	0.13707694
3019	0.07923457
3020	0.13318581
3021	0.08732297
3022	0.13493013
3023	0.09527128
3024	0.12065797
3025	0.18020844
3026	0.12045684
3027	0.12805588
3028	0.11081986
3029	0.13289528
3030	0.13103735
3031	0.13130034
3032	0.14287534
3033	0.11260366
3034	0.13819212
3035	0.11151425
3036	0.18811425
3037	0.14535819
3038	0.16660720
3039	0.07200997
3040	0.12164217
3041	0.13611582
3042	0.12525737
3043	0.11734834
3044	0.12033572
3045	0.11496185
3046	0.13402151
3047	0.14360133
3048	0.08157845
3049	0.10764627
3050	0.08903843
3051	0.12494444
3052	0.13920780
3053	0.10925158
3054	0.12666593
3055	0.12488201
3056	0.10000523
3057	0.10191188
3058	0.13089902
3059	0.12806472
3060	0.16568760
3061	0.09576503
3062	0.15599972
3063	0.10249013
3064	0.11557391
3065	0.11727514
3066	0.12676245
3067	0.12628788
3068	0.13585954
3069	0.09771980
3070	0.11884185
3071	0.11667606
3072	0.11711875
3073	0.07913407
3074	0.08494127
3075	0.12781588
3076	0.13983678
3077	0.12847558
3078	0.11317202
3079	0.11062987
3080	0.07442971
3081	0.11897994
3082	0.13141765
3083	0.10210275
3084	0.10751172
3085	0.14291867
3086	0.14677749
3087	0.16988129
3088	0.09717548
3089	0.14567341
3090	0.09882392
3091	0.13017343
3092	0.11206384
3093	0.10718834
3094	0.09076844
3095	0.13528876
3096	0.11412607
3097	0.11387341
3098	0.13074231
3099	0.08098163
3100	0.08158304
3101	0.11292884
3102	0.12900872
3103	0.11181069
3104	0.13337580
3105	0.15845552
3106	0.11017849
3107	0.16366553
3108	0.06683658
3109	0.11825508
3110	0.10324109
3111	0.16834830
3112	0.14867043
3113	0.12137126
3114	0.11133853
3115	0.09333170
3116	0.12297628
3117	0.15848233
3118	0.12925307
3119	0.10214348
3120	0.10281419
3121	0.13940253
3122	0.12287904
3123	0.10774890
3124	0.11422223
3125	0.12744551
3126	0.10950175
3127	0.10550850
3128	0.12402034
3129	0.11988446
3130	0.15980293
3131	0.08388860
3132	0.09084639
3133	0.09812080
3134	0.09719337
3135	0.14919875
3136	0.14923481
3137	0.12129853
3138	0.11441262
3139	0.08384426
3140	0.13667305
3141	0.14534042
3142	0.12513218
3143	0.11400354
3144	0.09019373
3145	0.13902360
3146	0.12093725
3147	0.14066207
3148	0.12010352
3149	0.11733013
3150	0.13829825
3151	0.15143144
3152	0.13627908
3153	0.13887972
3154	0.07663425
3155	0.11540961
3156	0.11664868
3157	0.10626971
3158	0.09626730
3159	0.10097033
3160	0.09478601
3161	0.15374931
3162	0.13620884
3163	0.13272032
3164	0.11802026
3165	0.12604306
3166	0.11488474
3167	0.12324197
3168	0.12277315
3169	0.07936647
3170	0.14052744
3171	0.12386822
3172	0.12667550
3173	0.14151787
3174	0.13758026
3175	0.11290866
3176	0.10487566
3177	0.14018814
3178	0.13312048
3179	0.11526207
3180	0.11926621
3181	0.11703160
3182	0.13152663
3183	0.11745073
3184	0.15211212
3185	0.11864068
3186	0.13363176
3187	0.12773122
3188	0.09381998
3189	0.13478525
3190	0.12802159
3191	0.13094010
3192	0.14937873
3193	0.12170038
3194	0.15266404
3195	0.15622923
3196	0.10142416
3197	0.11381564
3198	0.12023272
3199	0.09502722
3200	0.15628390
3201	0.10416458
3202	0.12874291
3203	0.15210022
3204	0.10419083
3205	0.13871433
3206	0.07772478
3207	0.17565749
3208	0.14286472
3209	0.14729013
3210	0.13976185
3211	0.11465403
3212	0.08829632
3213	0.12355473
3214	0.09046866
3215	0.09991851
3216	0.11849447
3217	0.12057218
3218	0.18419011
3219	0.13368000
3220	0.09533053
3221	0.15078585
3222	0.11885608
3223	0.13456165
3224	0.13488772
3225	0.15047240
3226	0.13631755
3227	0.10201914
3228	0.11551437
3229	0.14017745
3230	0.12081021
3231	0.14081962
3232	0.09608438
3233	0.15727023
3234	0.16002223
3235	0.11100101
3236	0.14756318
3237	0.10225383
3238	0.11115775
3239	0.11333266
3240	0.06861877
3241	0.10568490
3242	0.09288800
3243	0.09809242
3244	0.07650915
3245	0.12576125
3246	0.12503168
3247	0.12127353
3248	0.14214316
3249	0.10750054
3250	0.12334939
3251	0.13025447
3252	0.15303518
3253	0.12813805
3254	0.11930396
3255	0.14082613
3256	0.10856671
3257	0.16437540
3258	0.11756141
3259	0.09678621
3260	0.12659895
3261	0.13882501
3262	0.12720281
3263	0.15058806
3264	0.11573471
3265	0.11752149
3266	0.09479518
3267	0.16697081
3268	0.10846187
3269	0.13760129
3270	0.08353202
3271	0.10218195
3272	0.11902452
3273	0.10585254
3274	0.12399156
3275	0.11038320
3276	0.09739469
3277	0.10667345
3278	0.09716804
3279	0.13417371
3280	0.09780084
3281	0.11967940
3282	0.13912289
3283	0.11923678
3284	0.10206436
3285	0.10550372
3286	0.10056583
3287	0.12102545
3288	0.14538022
3289	0.09297057
3290	0.12530975
3291	0.11681049
3292	0.13609403
3293	0.12457632
3294	0.07622179
3295	0.11418625
3296	0.14811091
3297	0.10928752
3298	0.14562287
3299	0.13853512
3300	0.13497560
3301	0.09777946
3302	0.14031079
3303	0.11120981
3304	0.12011357
3305	0.08852647
3306	0.09366589
3307	0.09786488
3308	0.13914432
3309	0.10980410
3310	0.11543071
3311	0.14669138
3312	0.13543059
3313	0.09520531
3314	0.14870046
3315	0.13176330
3316	0.14130754
3317	0.10518115
3318	0.12074018
3319	0.10337769
3320	0.11894521
3321	0.11462661
3322	0.10181319
3323	0.12145676
3324	0.10888269
3325	0.10773182
3326	0.09975497
3327	0.09522597
3328	0.11156141
3329	0.11397877
3330	0.11013813
3331	0.09784969
3332	0.13714295
3333	0.11057483
3334	0.10541648
3335	0.09585475
3336	0.09025258
3337	0.11102187
3338	0.08066119
3339	0.14889930
3340	0.11197596
3341	0.12512828
3342	0.12942545
3343	0.10505106
3344	0.15279514
3345	0.10982537
3346	0.10531530
3347	0.14492201
3348	0.11225331
3349	0.11147578
3350	0.11119079
3351	0.09773612
3352	0.15813439
3353	0.12846834
3354	0.14336024
3355	0.14607031
3356	0.13252285
3357	0.14593479
3358	0.09947457
3359	0.10972623
3360	0.10301713
3361	0.12056756
3362	0.10277761
3363	0.18441721
3364	0.12483703
3365	0.10582987
3366	0.11798762
3367	0.10537825
3368	0.08231646
3369	0.12631437
3370	0.11045946
3371	0.09372370
3372	0.12147855
3373	0.10250770
3374	0.10019128
3375	0.14621475
3376	0.10906673
3377	0.08125158
3378	0.10198159
3379	0.12557053
3380	0.11157126
3381	0.12268953
3382	0.12334203
3383	0.13749536
3384	0.11430589
3385	0.12867397
3386	0.09800125
3387	0.10685636
3388	0.13103875
3389	0.12617379
3390	0.11023409
3391	0.07738420
3392	0.13516615
3393	0.13576937
3394	0.13514754
3395	0.11799843
3396	0.10046468
3397	0.13617093
3398	0.12413122
3399	0.11076840
3400	0.15472342
3401	0.10020901
3402	0.15064141
3403	0.15106147
3404	0.11240454
3405	0.17338521
3406	0.12701861
3407	0.12850774
3408	0.12127301
3409	0.11387489
3410	0.10880269
3411	0.13648430
3412	0.12203847
3413	0.09909793
3414	0.12985174
3415	0.10183409
3416	0.09894886
3417	0.16522352
3418	0.13969938
3419	0.14038187
3420	0.08269680
3421	0.09356370
3422	0.09743079
3423	0.11524438
3424	0.10648281
3425	0.12990038
3426	0.10726111
3427	0.10802488
3428	0.11333138
3429	0.09987554
3430	0.13217966
3431	0.09399984
3432	0.12796691
3433	0.17115694
3434	0.11310187
3435	0.10226155
3436	0.10122613
3437	0.09333327
3438	0.08645379
3439	0.11767574
3440	0.09933825
3441	0.07711759
3442	0.08171276
3443	0.14683546
3444	0.13339924
3445	0.13283349
3446	0.13064808
3447	0.09583039
3448	0.12664563
3449	0.10364868
3450	0.12299377
3451	0.11036378
3452	0.10259723
3453	0.14023228
3454	0.09464197
3455	0.16042882
3456	0.12892141
3457	0.15343313
3458	0.12024338
3459	0.11156937
3460	0.11173906
3461	0.11318066
3462	0.09252511
3463	0.14896792
3464	0.09846947
3465	0.13194175
3466	0.11898621
3467	0.12971095
3468	0.13211497
3469	0.13072523
3470	0.11838935
3471	0.08137118
3472	0.14521327
3473	0.11768044
3474	0.14654786
3475	0.09681648
3476	0.14815280
3477	0.11009475
3478	0.11829584
3479	0.11856563
3480	0.06907292
3481	0.17163333
3482	0.13106171
3483	0.11459952
3484	0.12084503
3485	0.09854444
3486	0.12138002
3487	0.14138625
3488	0.14143240
3489	0.07489258
3490	0.12281435
3491	0.14362472
3492	0.13055920
3493	0.10250472
3494	0.12074927
3495	0.12544583
3496	0.13098046
3497	0.12036503
3498	0.12657528
3499	0.13015301
3500	0.14063168
3501	0.08928957
3502	0.11794115
3503	0.13387361
3504	0.10942235
3505	0.12125853
3506	0.10833628
3507	0.11973061
3508	0.09005146
3509	0.13321126
3510	0.09173399
3511	0.14455309
3512	0.16973266
3513	0.10715104
3514	0.11743807
3515	0.08963662
3516	0.11406577
3517	0.11622420
3518	0.15126746
3519	0.10242384
3520	0.12341423
3521	0.13642782
3522	0.11887506
3523	0.08227067
3524	0.11913664
3525	0.16333150
3526	0.08968784
3527	0.11804760
3528	0.11576185
3529	0.13647783
3530	0.12061680
3531	0.14769431
3532	0.12707815
3533	0.08586263
3534	0.09514010
3535	0.13656728
3536	0.14448044
3537	0.13921696
3538	0.10368253
3539	0.13785717
3540	0.12472036
3541	0.08148402
3542	0.10095731
3543	0.12042340
3544	0.10452137
3545	0.12899385
3546	0.15832036
3547	0.11143224
3548	0.09086030
3549	0.12329548
3550	0.13675276
3551	0.10905849
3552	0.11780675
3553	0.11415236
3554	0.12179755
3555	0.11852008
3556	0.15258312
3557	0.09714388
3558	0.06542585
3559	0.07756937
3560	0.11760289
3561	0.14878404
3562	0.08614693
3563	0.09555220
3564	0.14601049
3565	0.15226078
3566	0.10217817
3567	0.08775538
3568	0.11265713
3569	0.13480205
3570	0.08811252
3571	0.13529069
3572	0.13303055
3573	0.10313809
3574	0.08956237
3575	0.08163156
3576	0.16247172
3577	0.09553122
3578	0.07821122
3579	0.15952302
3580	0.15097853
3581	0.07692185
3582	0.12892671
3583	0.09775747
3584	0.11005640
3585	0.10619393
3586	0.06422874
3587	0.10254030
3588	0.13742545
3589	0.08480760
3590	0.11786565
3591	0.10477829
3592	0.09030094
3593	0.12524724
3594	0.12005222
3595	0.09647908
3596	0.14311791
3597	0.12687015
3598	0.12430183
3599	0.12472314
3600	0.10988848
3601	0.12383787
3602	0.12939952
3603	0.11945114
3604	0.13094786
3605	0.12536173
3606	0.11386959
3607	0.08386951
3608	0.07682541
3609	0.11911417
3610	0.09056185
3611	0.10855506
3612	0.10323976
3613	0.13913270
3614	0.10829407
3615	0.08036281
3616	0.11762496
3617	0.09833520
3618	0.09380474
3619	0.15559952
3620	0.08072820
3621	0.07379236
3622	0.10646440
3623	0.11721395
3624	0.10179240
3625	0.13963083
3626	0.14708800
3627	0.12638054
3628	0.15638127
3629	0.11848125
3630	0.11130669
3631	0.09758609
3632	0.12753383
3633	0.07282098
3634	0.12309902
3635	0.13326159
3636	0.12330103
3637	0.11027276
3638	0.09395473
3639	0.12024382
3640	0.16190661
3641	0.14569467
3642	0.14778935
3643	0.11551413
3644	0.10270874
3645	0.13803895
3646	0.16282299
3647	0.10100265
3648	0.10367268
3649	0.12226677
3650	0.12533399
3651	0.09323083
3652	0.12415120
3653	0.07313447
3654	0.10428663
3655	0.13063956
3656	0.10604925
3657	0.12768370
3658	0.10050915
3659	0.09776105
3660	0.09979204
3661	0.10545375
3662	0.10003751
3663	0.08426090
3664	0.12740591
3665	0.08049544
3666	0.14045041
3667	0.14145242
3668	0.14112856
3669	0.16455341
3670	0.11393524
3671	0.10276647
3672	0.08625668
3673	0.10795071
3674	0.08911284
3675	0.07546762
3676	0.13707144
3677	0.13086279
3678	0.11008760
3679	0.08482219
3680	0.11833688
3681	0.10998247
3682	0.11833174
3683	0.12886460
3684	0.10393737
3685	0.13238267
3686	0.12378046
3687	0.11769307
3688	0.12380350
3689	0.09427401
3690	0.11884498
3691	0.08016828
3692	0.10105323
3693	0.07726460
3694	0.11129431
3695	0.13940121
3696	0.13273359
3697	0.11063940
3698	0.10418677
3699	0.12442915
3700	0.09361339
3701	0.13227313
3702	0.12962392
3703	0.08538750
3704	0.12672579
3705	0.09095152
3706	0.12372884
3707	0.14919204
3708	0.09167264
3709	0.13463272
3710	0.10116105
3711	0.14486444
3712	0.12321769
3713	0.13302147
3714	0.11828828
3715	0.11171248
3716	0.11524969
3717	0.14681938
3718	0.09123988
3719	0.11520868
3720	0.10964302
3721	0.10857608
3722	0.10858275
3723	0.11330384
3724	0.12098211
3725	0.11789315
3726	0.09811011
3727	0.09660527
3728	0.12693568
3729	0.08690400
3730	0.09377761
3731	0.08410617
3732	0.09308378
3733	0.10134135
3734	0.13271590
3735	0.11082898
3736	0.09370886
3737	0.08683168
3738	0.10651518
3739	0.10151349
3740	0.10765745
3741	0.11184643
3742	0.07564820
3743	0.10120285
3744	0.13041475
3745	0.11369906
3746	0.09789427
3747	0.08333604
3748	0.13407670
3749	0.12960269
3750	0.12363707
3751	0.13842762
3752	0.16455027
3753	0.11879538
3754	0.11802267
3755	0.13797881
3756	0.12384941
3757	0.13720289
3758	0.11419256
3759	0.13341403
3760	0.12588024
3761	0.08073640
3762	0.12876635
3763	0.11113041
3764	0.11843638
3765	0.10355646
3766	0.13987610
3767	0.12595622
3768	0.11910754
3769	0.11767578
3770	0.07531875
3771	0.10022533
3772	0.10575063
3773	0.13491027
3774	0.10276712
3775	0.14772141
3776	0.10694818
3777	0.08166344
3778	0.09215055
3779	0.10679666
3780	0.11495457
3781	0.08849978
3782	0.10930794
3783	0.11839731
3784	0.09960808
3785	0.13072297
3786	0.10194730
3787	0.09952760
3788	0.13542605
3789	0.06274975
3790	0.05496346
3791	0.10882774
3792	0.08566171
3793	0.10216129
3794	0.11025833
3795	0.12182537
3796	0.11530850
3797	0.11208595
3798	0.07103707
3799	0.13957339
3800	0.09572607
3801	0.08923912
3802	0.14699272
3803	0.13385463
3804	0.11875425
3805	0.09922593
3806	0.08015827
3807	0.12198798
3808	0.08930090
3809	0.11730428
3810	0.10140913
3811	0.08881021
3812	0.09531530
3813	0.10071522
3814	0.10859731
3815	0.11338211
3816	0.10115799
3817	0.12399622
3818	0.10107003
3819	0.14437282
3820	0.09572933
3821	0.14727280
3822	0.08216599
3823	0.11231815
3824	0.15912213
3825	0.12830388
3826	0.13339441
3827	0.11954565
3828	0.11870569
3829	0.10842774
3830	0.10721154
3831	0.11849290
3832	0.12950484
3833	0.13331393
3834	0.15462151
3835	0.15827924
3836	0.15341045
3837	0.10066460
3838	0.13692249
3839	0.11051301
3840	0.09451534
3841	0.11887562
3842	0.12432519
3843	0.09658384
3844	0.10704563
3845	0.11457592
3846	0.10381861
3847	0.08743662
3848	0.10700334
3849	0.11196197
3850	0.12201893
3851	0.11551570
3852	0.10349556
3853	0.13658179
3854	0.12796559
3855	0.08365218
3856	0.08596804
3857	0.12289974
3858	0.13149596
3859	0.05217942
3860	0.12109379
3861	0.10742581
3862	0.08871634
3863	0.11199944
3864	0.14208675
3865	0.13385946
3866	0.13318396
3867	0.15072189
3868	0.09080241
3869	0.11954163
3870	0.15524989
3871	0.09182203
3872	0.10899333
3873	0.10776503
3874	0.11205701
3875	0.12888390
3876	0.12812044
3877	0.08145053
3878	0.10816000
3879	0.10526826
3880	0.11773512
3881	0.10474432
3882	0.14311200
3883	0.12715365
3884	0.07836113
3885	0.12876056
3886	0.10595409
3887	0.12182344
3888	0.12567940
3889	0.11930299
3890	0.08828422
3891	0.10212860
3892	0.13207152
3893	0.11432880
3894	0.12937733
3895	0.10034094
3896	0.12609861
3897	0.12072096
3898	0.09968137
3899	0.10608965
3900	0.07734537
3901	0.12871425
3902	0.11473906
3903	0.14345483
3904	0.09558340
3905	0.14617327
3906	0.16941809
3907	0.08161375
3908	0.12529692
3909	0.07872084
3910	0.11629765
3911	0.11313958
3912	0.12323116
3913	0.12288804
3914	0.11196426
3915	0.09831747
3916	0.07470565
3917	0.15247791
3918	0.11673572
3919	0.10815823
3920	0.12017821
3921	0.07524004
3922	0.07457910
3923	0.12354147
3924	0.09447224
3925	0.07942621
3926	0.10167136
3927	0.08178738
3928	0.07454742
3929	0.11920145
3930	0.08899506
3931	0.11558299
3932	0.10453242
3933	0.07981073
3934	0.13512434
3935	0.12748406
3936	0.13088133
3937	0.13225825
3938	0.12822014
3939	0.12145701
3940	0.14190328
3941	0.10067891
3942	0.11656860
3943	0.10036213
3944	0.08793761
3945	0.11295035
3946	0.12614814
3947	0.11295678
3948	0.13043369
3949	0.12411895
3950	0.08527715
3951	0.09624105
3952	0.10011879
3953	0.13387345
3954	0.11641717
3955	0.13087473
3956	0.13920426
3957	0.08523051
3958	0.11465311
3959	0.10152820
3960	0.11389158
3961	0.09490400
3962	0.08071751
3963	0.10185005
3964	0.12547288
3965	0.11829270
3966	0.11478802
3967	0.13206509
3968	0.08379212
3969	0.14398179
3970	0.12205540
3971	0.09998340
3972	0.12130689
3973	0.11957841
3974	0.12957520
3975	0.13475674
3976	0.12239526
3977	0.14099031
3978	0.11269347
3979	0.10406263
3980	0.12498569
3981	0.10994927
3982	0.15268989
3983	0.15375148
3984	0.10537455
3985	0.15702175
3986	0.09001608
3987	0.10704024
3988	0.14512852
3989	0.11581757
3990	0.09111859
3991	0.14117250
3992	0.11694308
3993	0.06607807
3994	0.11692917
3995	0.11242123
3996	0.14901705
3997	0.11691506
3998	0.08101785
3999	0.11652494
4000	0.09842452
4001	0.11402673
4002	0.07037516
4003	0.12332913
4004	0.09580583
4005	0.13913889
4006	0.12489628
4007	0.09067116
4008	0.11940892
4009	0.08662549
4010	0.12277331
4011	0.10924615
4012	0.12617238
4013	0.12695317
4014	0.08196695
4015	0.10850094
4016	0.10122147
4017	0.14810955
4018	0.11779099
4019	0.08249676
4020	0.11745978
4021	0.12813950
4022	0.07266384
4023	0.09481258
4024	0.10969837
4025	0.08415365
4026	0.10872635
4027	0.09520704
4028	0.12873938
4029	0.08258131
4030	0.12765033
4031	0.10599686
4032	0.09773717
4033	0.09974364
4034	0.12118786
4035	0.12131116
4036	0.09227015
4037	0.10042408
4038	0.11755413
4039	0.08672599
4040	0.07966806
4041	0.10750340
4042	0.08690139
4043	0.07784386
4044	0.06660137
4045	0.09656354
4046	0.10889906
4047	0.09804056
4048	0.10598806
4049	0.10584096
4050	0.11556535
4051	0.08748704
4052	0.09562058
4053	0.10459928
4054	0.12416076
4055	0.12576257
4056	0.13136720
4057	0.11384209
4058	0.09113508
4059	0.08161692
4060	0.09665391
4061	0.09313821
4062	0.10561628
4063	0.10625612
4064	0.14352567
4065	0.13071083
4066	0.13107694
4067	0.13176418
4068	0.10374267
4069	0.08059811
4070	0.09838561
4071	0.08551976
4072	0.10671787
4073	0.13913290
4074	0.11012438
4075	0.08162030
4076	0.14685371
4077	0.08201560
4078	0.07321801
4079	0.07306991
4080	0.11379489
4081	0.08985837
4082	0.11164056
4083	0.10573178
4084	0.10705238
4085	0.13013741
4086	0.08433676
4087	0.08590525
4088	0.12253327
4089	0.12700072
4090	0.12238766
4091	0.12011160
4092	0.11996241
4093	0.10712157
4094	0.06414135
4095	0.10957785
4096	0.07162042
4097	0.12703562
4098	0.13925741
4099	0.12611642
4100	0.09150697
4101	0.10692941
4102	0.10191634
4103	0.08144571
4104	0.10798163
4105	0.12470963
4106	0.10799899
4107	0.11215574
4108	0.10822597
4109	0.11667626
4110	0.07933395
4111	0.14832032
4112	0.15052052
4113	0.10383883
4114	0.09080812
4115	0.08898408
4116	0.13825158
4117	0.12480917
4118	0.14093226
4119	0.15565978
4120	0.10090235
4121	0.14131506
4122	0.10490758
4123	0.09370299
4124	0.11110782
4125	0.11762219
4126	0.10783666
4127	0.10293664
4128	0.10377069
4129	0.11152623
4130	0.06742726
4131	0.08775248
4132	0.09892949
4133	0.09978271
4134	0.12788422
4135	0.12153813
4136	0.12266416
4137	0.10523807
4138	0.13362304
4139	0.09260056
4140	0.07399807
4141	0.13483586
4142	0.12215795
4143	0.10786460
4144	0.10237061
4145	0.11762697
4146	0.09547497
4147	0.12516149
4148	0.08012306
4149	0.09259373
4150	0.08109435
4151	0.09850810
4152	0.09905387
4153	0.08541733
4154	0.10114995
4155	0.11587083
4156	0.10720297
4157	0.12155176
4158	0.11295570
4159	0.09601692
4160	0.10741705
4161	0.09233612
4162	0.13402078
4163	0.13072551
4164	0.09548470
4165	0.13960860
4166	0.12789612
4167	0.10026939
4168	0.07010183
4169	0.10146223
4170	0.13833061
4171	0.10011731
4172	0.12768699
4173	0.09408547
4174	0.13887333
4175	0.12607827
4176	0.10427658
4177	0.12376691
4178	0.11127180
4179	0.11311112
4180	0.08726609
4181	0.09972269
4182	0.11346585
4183	0.08079538
4184	0.14254846
4185	0.11273226
4186	0.09381861
4187	0.13249938
4188	0.10134151
4189	0.11629483
4190	0.12335586
4191	0.10557122
4192	0.13474565
4193	0.10463252
4194	0.10229057
4195	0.05944575
4196	0.13150557
4197	0.10339618
4198	0.14597648
4199	0.07592213
4200	0.09142026
4201	0.12801729
4202	0.11135847
4203	0.08221902
4204	0.10822392
4205	0.10768856
4206	0.10526681
4207	0.06027863
4208	0.10279690
4209	0.11776213
4210	0.10593246
4211	0.11157475
4212	0.10097423
4213	0.11747148
4214	0.14775003
4215	0.12697829
4216	0.09223329
4217	0.15649576
4218	0.11392655
4219	0.11935895
4220	0.08631023
4221	0.08751313
4222	0.14123429
4223	0.11992277
4224	0.11930573
4225	0.10767574
4226	0.06939031
4227	0.08510810
4228	0.07526151
4229	0.09474010
4230	0.14365383
4231	0.11403791
4232	0.11611409
4233	0.13969387
4234	0.11618625
4235	0.09372068
4236	0.12426384
4237	0.10776173
4238	0.09061475
4239	0.09523863
4240	0.09764591
4241	0.09354951
4242	0.10153958
4243	0.10096780
4244	0.11561057
4245	0.09882131
4246	0.10075690
4247	0.14709829
4248	0.11599775
4249	0.12130022
4250	0.10852398
4251	0.06440008
4252	0.09877009
4253	0.08088056
4254	0.10158967
4255	0.11708410
4256	0.07913274
4257	0.12383176
4258	0.08259944
4259	0.12509902
4260	0.12694878
4261	0.10684414
4262	0.08828302
4263	0.09321327
4264	0.12174581
4265	0.08819558
4266	0.10413926
4267	0.13675309
4268	0.07593865
4269	0.09818505
4270	0.09065307
4271	0.13729954
4272	0.12684390
4273	0.07563329
4274	0.07764209
4275	0.07706991
4276	0.09697918
4277	0.11612105
4278	0.08951288
4279	0.09540659
4280	0.07602838
4281	0.11517085
4282	0.12749540
4283	0.13241089
4284	0.08662312
4285	0.11611582
4286	0.09924856
4287	0.14531968
4288	0.13025166
4289	0.09204217
4290	0.10732430
4291	0.07997146
4292	0.10553234
4293	0.09096330
4294	0.10469789
4295	0.10218806
4296	0.08869411
4297	0.07334866
4298	0.09203554
4299	0.09064386
4300	0.11878633
4301	0.10391514
4302	0.08604233
4303	0.10280249
4304	0.10688024
4305	0.11625608
4306	0.11001942
4307	0.14207136
4308	0.07442782
4309	0.08663248
4310	0.12290139
4311	0.11830501
4312	0.09371992
4313	0.10093230
4314	0.10734187
4315	0.13139043
4316	0.12411220
4317	0.13427489
4318	0.12451638
4319	0.10925516
4320	0.07411445
4321	0.11200820
4322	0.10702175
4323	0.11915075
4324	0.11062927
4325	0.08533479
4326	0.10770963
4327	0.11732418
4328	0.13977242
4329	0.08342702
4330	0.10739590
4331	0.10354585
4332	0.07680788
4333	0.08423658
4334	0.12253833
4335	0.11868704
4336	0.12124105
4337	0.10955514
4338	0.08317990
4339	0.10102818
4340	0.12762714
4341	0.13531538
4342	0.07691518
4343	0.06093238
4344	0.11241789
4345	0.10222203
4346	0.08382464
4347	0.11299353
4348	0.12023417
4349	0.10661166
4350	0.09075650
4351	0.13619051
4352	0.10527461
4353	0.10543341
4354	0.08233250
4355	0.09936398
4356	0.10007578
4357	0.15413009
4358	0.10237692
4359	0.13363646
4360	0.14734999
4361	0.10370782
4362	0.11725439
4363	0.10868498
4364	0.07290107
4365	0.10656386
4366	0.10827337
4367	0.10794677
4368	0.12502790
4369	0.09941773
4370	0.11028117
4371	0.11145435
4372	0.07598139
4373	0.08442372
4374	0.12509773
4375	0.10356362
4376	0.13792229
4377	0.09144426
4378	0.08756599
4379	0.08578444
4380	0.11655715
4381	0.11787457
4382	0.11579433
4383	0.07676619
4384	0.07003497
4385	0.09845853
4386	0.10842496
4387	0.10464169
4388	0.11652619
4389	0.07651357
4390	0.11242581
4391	0.06237893
4392	0.08734223
4393	0.06503180
4394	0.09024438
4395	0.12676567
4396	0.10640482
4397	0.08360446
4398	0.09883887
4399	0.08117097
4400	0.09414308
4401	0.14667968
4402	0.14332370
4403	0.11544261
4404	0.07576720
4405	0.11106886
4406	0.09880892
4407	0.09214774
4408	0.09335425
4409	0.10019405
4410	0.09265532
4411	0.11030460
4412	0.08989793
4413	0.14083421
4414	0.08033162
4415	0.07798854
4416	0.13350123
4417	0.13198521
4418	0.07046476
4419	0.15124293
4420	0.11294545
4421	0.09991895
4422	0.12275558
4423	0.16273025
4424	0.10328330
4425	0.09264961
4426	0.10055751
4427	0.15720024
4428	0.09958685
4429	0.06601672
4430	0.13175184
4431	0.10480012
4432	0.08205797
4433	0.11605379
4434	0.10422195
4435	0.09693672
4436	0.14583622
4437	0.12271590
4438	0.13916824
4439	0.11814251
4440	0.11587144
4441	0.08934211
4442	0.12745512
4443	0.10353065
4444	0.08380772
4445	0.10712535
4446	0.08184527
4447	0.07905045
4448	0.08346488
4449	0.09550171
4450	0.11144772
4451	0.12810826
4452	0.06726352
4453	0.09042601
4454	0.09433548
4455	0.10943550
4456	0.07775570
4457	0.12419128
4458	0.10863108
4459	0.09202529
4460	0.09912354
4461	0.10596913
4462	0.12498404
4463	0.06447703
4464	0.12696720
4465	0.10376647
4466	0.12984346
4467	0.14583329
4468	0.12875851
4469	0.07984225
4470	0.07852728
4471	0.08865194
4472	0.15579566
4473	0.11171445
4474	0.11451948
4475	0.07035895
4476	0.11913431
4477	0.07990858
4478	0.13526002
4479	0.11860941
4480	0.12207646
4481	0.07120816
4482	0.09889801
4483	0.08215570
4484	0.07670629
4485	0.11212024
4486	0.10667497
4487	0.09091357
4488	0.10154231
4489	0.10272338
4490	0.09484957
4491	0.06455771
4492	0.10790090
4493	0.11715184
4494	0.11365604
4495	0.09339554
4496	0.12525877
4497	0.10438199
4498	0.07570308
4499	0.10736101
4500	0.09580261
4501	0.11152909
4502	0.09627373
4503	0.10819904
4504	0.08022557
4505	0.11304442
4506	0.08376434
4507	0.12149343
4508	0.09099964
4509	0.09657134
4510	0.12994211
4511	0.10272446
4512	0.09221688
4513	0.07825608
4514	0.10028161
4515	0.09096233
4516	0.10682995
4517	0.13483220
4518	0.12226890
4519	0.14208740
4520	0.13739429
4521	0.11744406
4522	0.09097142
4523	0.14436137
4524	0.11315128
4525	0.11630279
4526	0.11102058
4527	0.10623264
4528	0.07545777
4529	0.10218762
4530	0.11710822
4531	0.14011477
4532	0.11658569
4533	0.13060442
4534	0.06615361
4535	0.10784378
4536	0.07893242
4537	0.10095305
4538	0.11327481
4539	0.13655960
4540	0.07702090
4541	0.11401902
4542	0.09555345
4543	0.09474195
4544	0.14883751
4545	0.13736523
4546	0.08094947
4547	0.12672575
4548	0.10859140
4549	0.12004153
4550	0.13919280
4551	0.13948330
4552	0.10616105
4553	0.08149351
4554	0.12520494
4555	0.14491598
4556	0.10360494
4557	0.09751883
4558	0.07719401
4559	0.11457230
4560	0.08280125
4561	0.11878103
4562	0.06176088
4563	0.09993648
4564	0.09068679
4565	0.09444318
4566	0.14922090
4567	0.10163445
4568	0.13064398
4569	0.13106999
4570	0.08721399
4571	0.13616426
4572	0.07254074
4573	0.11137516
4574	0.09156354
4575	0.10759538
4576	0.10027755
4577	0.11109516
4578	0.13080482
4579	0.09652796
4580	0.07756953
4581	0.10577765
4582	0.09823534
4583	0.12511305
4584	0.09186368
4585	0.09945660
4586	0.10714842
4587	0.10911682
4588	0.11387011
4589	0.06381849
4590	0.08621676
4591	0.12096205
4592	0.10427164
4593	0.07063610
4594	0.09243731
4595	0.13062810
4596	0.09606553
4597	0.11267843
4598	0.12838203
4599	0.12665290
4600	0.06693455
4601	0.11012281
4602	0.11903936
4603	0.07622472
4604	0.13733821
4605	0.12875220
4606	0.07672020
4607	0.12640113
4608	0.07784498
4609	0.11525934
4610	0.09807216
4611	0.11554529
4612	0.07609278
4613	0.09194006
4614	0.14801021
4615	0.06394275
4616	0.10920961
4617	0.09230336
4618	0.13996820
4619	0.08260306
4620	0.08121162
4621	0.08593130
4622	0.08426718
4623	0.07741632
4624	0.12685146
4625	0.08946111
4626	0.13131381
4627	0.07910521
4628	0.12264374
4629	0.09985427
4630	0.11315244
4631	0.11419019
4632	0.12721737
4633	0.11746621
4634	0.14066987
4635	0.09409134
4636	0.06544812
4637	0.12336390
4638	0.11668261
4639	0.08918786
4640	0.14418685
4641	0.13216800
4642	0.08904884
4643	0.12329552
4644	0.08142332
4645	0.07814304
4646	0.11325753
4647	0.08355984
4648	0.07545588
4649	0.15393652
4650	0.09383839
4651	0.10319112
4652	0.12779859
4653	0.08858657
4654	0.09239526
4655	0.12990428
4656	0.14188876
4657	0.12783284
4658	0.10201918
4659	0.11044547
4660	0.11608683
4661	0.11658866
4662	0.07249359
4663	0.10068909
4664	0.06896868
4665	0.06614243
4666	0.11990115
4667	0.13984201
4668	0.08396985
4669	0.13549447
4670	0.10433443
4671	0.09942653
4672	0.07555550
4673	0.12032197
4674	0.10562967
4675	0.08009339
4676	0.08908434
4677	0.08566384
4678	0.12009387
4679	0.09219550
4680	0.11235473
4681	0.10854569
4682	0.10335489
4683	0.07324587
4684	0.12667932
4685	0.07871783
4686	0.07211908
4687	0.10456133
4688	0.10527952
4689	0.10091192
4690	0.11233210
4691	0.10575124
4692	0.09380177
4693	0.07320635
4694	0.13539518
4695	0.11740354
4696	0.11192193
4697	0.12250082
4698	0.10005399
4699	0.09637532
4700	0.13492511
4701	0.08760060
4702	0.14846380
4703	0.07480659
4704	0.06707240
4705	0.08219895
4706	0.12143393
4707	0.08299011
4708	0.09848056
4709	0.11457037
4710	0.10873741
4711	0.10556233
4712	0.09654697
4713	0.08708816
4714	0.09066633
4715	0.11409335
4716	0.11145363
4717	0.09722754
4718	0.11453399
4719	0.12081825
4720	0.09844603
4721	0.07787172
4722	0.11399224
4723	0.12772060
4724	0.11917142
4725	0.14675767
4726	0.12081966
4727	0.07674223
4728	0.08468671
4729	0.13088088
4730	0.09479634
4731	0.08822368
4732	0.12054593
4733	0.12539296
4734	0.12967566
4735	0.10194115
4736	0.13634798
4737	0.10096527
4738	0.11462159
4739	0.06412241
4740	0.07919662
4741	0.09647160
4742	0.14470147
4743	0.08930513
4744	0.09988068
4745	0.11456691
4746	0.12247329
4747	0.11814850
4748	0.07302597
4749	0.11321753
4750	0.08578593
4751	0.10568804
4752	0.12228020
4753	0.06709966
4754	0.13994665
4755	0.08208261
4756	0.06789918
4757	0.11802842
4758	0.09988076
4759	0.08966492
4760	0.11391317
4761	0.11388177
4762	0.09384197
4763	0.07770078
4764	0.11014870
4765	0.14779465
4766	0.09123984
4767	0.05949508
4768	0.10371783
4769	0.11155514
4770	0.08501323
4771	0.09797021
4772	0.07857789
4773	0.13742681
4774	0.10728386
4775	0.08168571
4776	0.06882750
4777	0.10644888
4778	0.11331542
4779	0.13304728
4780	0.09542175
4781	0.06956322
4782	0.11969319
4783	0.08869701
4784	0.09700209
4785	0.07667003
4786	0.06626621
4787	0.09542464
4788	0.07649367
4789	0.10834822
4790	0.09282669
4791	0.10831023
4792	0.12427429
4793	0.09123377
4794	0.13312446
4795	0.11251956
4796	0.10408804
4797	0.06501471
4798	0.08131385
4799	0.07562593
4800	0.11644804
4801	0.13072470
4802	0.10592406
4803	0.11587047
4804	0.05101495
4805	0.12611228
4806	0.09114677
4807	0.09952442
4808	0.06920615
4809	0.09888820
4810	0.09119397
4811	0.08053081
4812	0.10959493
4813	0.10621512
4814	0.09770183
4815	0.11656092
4816	0.06997343
4817	0.11387739
4818	0.09444591
4819	0.06252917
4820	0.10395739
4821	0.08303369
4822	0.14966557
4823	0.08947823
4824	0.10878858
4825	0.15176153
4826	0.11946525
4827	0.08477773
4828	0.08540217
4829	0.07559200
4830	0.11025785
4831	0.11577881
4832	0.08709825
4833	0.08218802
4834	0.10671879
4835	0.12850565
4836	0.16861202
4837	0.10233222
4838	0.14695654
4839	0.09887385
4840	0.11606207
4841	0.11425994
4842	0.17041560
4843	0.11494878
4844	0.08457652
4845	0.08250388
4846	0.10694597
4847	0.13066259
4848	0.10772587
4849	0.13939232
4850	0.11960161
4851	0.08576623
4852	0.10007441
4853	0.11034995
4854	0.08241367
4855	0.10596953
4856	0.08356888
4857	0.10661077
4858	0.10345845
4859	0.10057636
4860	0.10285982
4861	0.12100032
4862	0.07231626
4863	0.10493395
4864	0.09185214
4865	0.06728330
4866	0.13936523
4867	0.08801419
4868	0.11203586
4869	0.09756458
4870	0.08874770
4871	0.13211859
4872	0.07585455
4873	0.08161624
4874	0.09806026
4875	0.10114348
4876	0.10940060
4877	0.05823972
4878	0.09533849
4879	0.11659867
4880	0.13510521
4881	0.07551027
4882	0.06409636
4883	0.13124498
4884	0.08579811
4885	0.05736575
4886	0.10757705
4887	0.11842094
4888	0.11698834
4889	0.09813315
4890	0.07744981
4891	0.13992129
4892	0.11604125
4893	0.10686822
4894	0.10738436
4895	0.07592699
4896	0.12240096
4897	0.09213439
4898	0.11407373
4899	0.12280189
4900	0.10695767
4901	0.12175662
4902	0.09414673
4903	0.10941471
4904	0.10683168
4905	0.09594645
4906	0.10716909
4907	0.07180314
4908	0.12750179
4909	0.11945294
4910	0.09065701
4911	0.08943449
4912	0.09528185
4913	0.10208973
4914	0.09112699
4915	0.10140740
4916	0.09310605
4917	0.10955469
4918	0.10961504
4919	0.08743401
4920	0.10747807
4921	0.11375124
4922	0.07847232
4923	0.06974830
4924	0.11256997
4925	0.07795771
4926	0.09179799
4927	0.12732925
4928	0.09057922
4929	0.14565701
4930	0.10477584
4931	0.09602090
4932	0.12006726
4933	0.11664362
4934	0.10609483
4935	0.08165025
4936	0.12932892
4937	0.11617017
4938	0.08216989
4939	0.08364868
4940	0.07397636
4941	0.11652579
4942	0.09554271
4943	0.11871703
4944	0.09637262
4945	0.08688201
4946	0.10232503
4947	0.11917656
4948	0.11734412
4949	0.10926090
4950	0.09294758
4951	0.07601471
4952	0.14024366
4953	0.07493114
4954	0.12525214
4955	0.09057162
4956	0.07860627
4957	0.11573721
4958	0.11723385
4959	0.09163502
4960	0.10748804
4961	0.15157709
4962	0.11993512
4963	0.09293439
4964	0.11885182
4965	0.12782581
4966	0.07812125
4967	0.09485021
4968	0.11212547
4969	0.09907895
4970	0.12025721
4971	0.11298042
4972	0.06368253
4973	0.11053885
4974	0.08491598
