0 659
0 885
0 945
1 150
1 223
1 64
1 561
2 771
2 650
2 645
2 53
3 64
3 576
3 296
3 599
3 338
3 102
4 350
4 626
4 899
4 138
4 367
4 508
4 195
5 525
5 465
5 463
5 724
5 598
6 205
6 802
7 592
7 871
7 334
7 597
8 623
8 317
8 111
8 943
8 175
8 824
8 85
9 199
9 49
9 668
9 359
9 906
9 357
10 48
10 25
10 96
11 767
11 161
11 858
12 23
12 27
13 134
13 794
13 598
14 55
14 894
14 60
14 465
15 139
15 47
15 814
15 561
15 240
16 759
16 821
16 45
16 803
16 167
17 720
17 292
17 172
17 257
18 298
18 750
18 362
18 27
18 910
19 536
19 426
19 128
19 441
19 238
19 117
20 94
20 610
20 827
20 335
20 887
20 607
20 53
20 745
21 536
21 26
22 245
22 921
22 127
22 574
23 872
23 758
23 192
23 183
23 85
24 726
24 70
24 160
24 575
24 516
24 418
25 437
25 542
25 722
25 629
25 844
25 301
25 608
25 737
25 149
25 146
25 926
25 422
25 436
25 667
25 794
25 60
25 247
25 419
25 410
25 351
25 190
25 494
25 790
25 224
26 392
26 647
26 445
27 269
28 592
28 421
28 857
28 610
29 693
29 678
29 357
30 916
30 267
30 889
31 740
31 260
31 528
31 580
31 513
32 225
32 408
32 740
32 628
32 373
33 523
33 266
33 805
33 76
33 653
33 257
33 404
34 803
34 54
35 514
35 92
35 107
35 471
36 536
36 560
36 87
36 205
36 816
37 396
37 941
37 250
37 85
38 391
38 494
38 519
38 283
39 138
39 120
39 221
39 224
40 262
40 604
41 44
41 585
41 123
41 507
42 532
42 165
42 421
43 290
43 123
43 228
43 873
43 280
44 187
44 925
44 856
45 262
45 101
45 184
45 602
45 417
46 160
46 725
46 561
46 702
47 780
47 561
47 452
47 516
47 333
48 392
48 663
48 128
48 85
49 717
49 154
49 572
50 270
50 444
50 345
50 261
51 899
51 562
52 792
52 327
52 818
52 915
52 729
52 599
52 222
53 336
53 916
53 284
53 160
54 345
54 291
54 599
54 115
54 702
55 777
55 60
56 818
56 514
56 337
56 539
56 708
56 610
56 361
57 247
57 576
57 806
58 295
58 569
59 345
59 151
59 205
59 605
60 554
60 770
60 777
60 590
60 99
60 868
60 300
60 318
60 715
60 904
60 636
60 464
60 516
60 290
60 101
60 186
60 704
60 635
60 165
60 480
61 460
61 311
61 826
61 432
61 138
62 77
62 694
63 304
63 944
63 252
63 346
64 916
64 599
64 491
64 529
65 137
65 350
65 761
65 552
65 806
65 363
65 762
66 249
66 637
66 71
66 754
67 312
67 843
67 85
67 372
68 777
68 411
68 714
69 543
69 513
70 517
70 446
70 230
70 437
71 725
71 192
71 120
71 874
71 202
71 790
72 233
72 515
72 852
72 945
72 312
73 924
73 900
73 89
73 85
73 469
74 908
74 639
74 117
75 554
75 236
75 671
76 339
77 692
77 858
78 544
78 186
79 394
79 935
79 508
79 891
79 183
80 563
80 341
80 530
80 85
81 719
81 516
82 599
82 234
82 854
82 341
82 667
82 393
82 420
83 682
83 88
83 318
83 345
84 253
84 648
85 599
85 377
85 175
85 252
85 822
85 483
85 603
85 615
85 312
85 271
85 340
85 824
85 626
85 325
85 893
85 204
85 943
85 372
85 733
85 187
85 188
85 941
85 304
85 191
85 451
85 317
85 873
85 481
85 655
85 109
85 944
85 509
85 469
85 154
85 116
85 869
85 601
85 366
85 530
85 421
85 937
85 692
85 906
85 835
85 761
85 492
85 356
85 268
85 132
85 568
85 594
85 552
86 760
86 159
86 906
87 97
87 799
87 798
87 260
88 581
88 203
88 495
89 552
89 106
89 103
89 933
90 592
90 726
90 508
90 881
90 833
91 403
91 843
92 497
92 925
92 418
93 468
93 333
93 434
94 211
94 786
94 721
94 360
94 118
94 889
95 536
95 308
95 419
96 326
96 275
97 924
97 280
97 401
98 791
98 534
99 800
99 516
100 309
100 130
100 154
100 212
100 507
100 297
101 105
102 886
103 208
104 564
104 624
105 867
105 605
106 938
106 206
106 816
107 594
107 794
107 686
108 639
108 232
108 620
108 764
109 804
109 403
109 660
109 312
110 389
110 196
110 385
111 277
111 456
112 355
112 520
113 770
113 263
114 636
114 130
115 769
115 637
115 388
115 198
115 725
116 473
116 123
116 810
116 413
116 534
117 453
117 908
117 830
117 853
117 927
118 869
118 786
118 601
118 704
119 714
119 545
120 396
120 847
120 737
121 825
121 316
121 212
121 234
121 502
122 312
122 188
122 372
123 359
124 418
124 446
124 295
124 405
124 884
125 505
125 597
125 133
125 737
126 296
126 286
126 891
127 278
127 565
127 846
127 305
127 905
127 839
128 710
128 622
128 506
128 690
129 467
129 226
129 154
129 516
129 714
130 763
130 587
130 433
130 200
131 641
131 253
131 562
131 137
131 872
132 872
132 146
133 604
133 911
134 244
134 627
134 654
134 710
135 791
135 218
135 161
135 354
136 251
136 422
137 525
137 268
137 410
137 599
137 536
138 773
138 835
138 646
139 899
139 359
139 906
140 209
140 410
140 932
140 312
140 822
141 388
141 644
142 641
142 382
142 691
142 547
143 158
143 942
143 455
143 359
144 771
144 747
144 880
144 308
145 782
145 747
145 382
145 767
146 277
146 737
147 536
147 338
147 294
148 872
148 476
148 726
149 808
149 357
150 182
150 415
150 705
150 570
150 726
150 508
150 676
151 259
151 536
151 735
152 385
152 156
152 764
152 925
152 906
152 406
153 888
153 619
153 361
153 906
155 330
155 369
156 613
156 928
157 305
157 912
157 753
157 418
157 428
158 731
159 270
159 576
159 424
159 599
159 222
159 312
160 544
160 738
161 826
161 637
162 562
162 678
163 756
163 674
163 676
163 681
163 179
163 185
164 288
164 233
164 906
165 841
165 617
166 803
166 210
167 567
168 875
168 514
168 579
168 195
168 284
169 628
169 421
169 428
169 312
170 939
170 620
170 906
171 274
171 652
172 224
172 713
173 343
173 609
173 703
174 235
174 782
174 906
175 526
175 317
175 515
175 296
175 312
176 536
176 328
176 634
176 224
177 278
177 610
177 670
178 237
178 787
179 248
179 929
179 906
179 232
179 258
179 359
180 403
180 466
180 343
181 547
181 552
181 699
181 383
182 554
183 276
183 319
183 640
183 564
183 333
183 524
183 293
184 313
184 643
184 599
184 906
184 191
185 492
185 906
185 819
186 376
186 762
187 764
187 941
188 943
188 647
189 601
189 911
189 806
190 702
190 400
190 567
190 841
191 561
192 936
192 875
192 519
192 768
193 260
193 755
193 358
193 681
194 726
194 718
195 516
195 777
195 216
195 714
195 411
196 874
197 358
197 844
197 813
198 813
198 343
198 574
199 865
199 906
199 443
200 572
200 900
201 407
201 429
202 552
202 568
202 671
202 570
202 459
203 332
203 599
203 796
203 544
204 630
204 237
205 548
205 601
205 602
205 568
206 684
206 412
206 374
206 779
207 825
207 670
208 408
208 871
208 608
209 717
209 336
209 746
209 331
209 417
209 784
210 388
211 558
211 726
211 233
211 621
212 645
213 371
213 743
213 594
213 242
213 469
214 396
214 688
215 625
215 839
215 929
215 887
216 715
216 809
217 661
217 597
217 373
217 357
218 700
218 681
219 866
219 299
219 923
219 707
220 284
220 640
220 610
221 547
221 671
221 813
221 427
221 485
221 632
221 301
221 275
221 288
222 270
222 599
222 581
222 626
222 712
222 732
223 720
224 259
224 687
224 301
224 532
224 534
224 933
224 942
225 858
226 594
226 418
227 912
227 800
228 557
229 910
229 800
230 546
231 320
231 430
231 919
231 265
232 662
232 452
232 909
233 334
233 531
233 625
233 724
233 312
235 336
235 906
236 787
236 537
236 560
237 382
237 620
237 649
238 906
238 690
238 426
238 499
238 585
238 805
238 292
239 606
239 357
239 742
240 771
240 449
240 814
240 711
240 727
240 828
240 743
240 419
241 801
241 843
242 588
242 702
243 701
243 851
243 898
243 514
244 392
245 390
246 328
246 474
246 526
246 447
246 469
247 682
247 599
247 858
248 536
248 783
249 562
249 293
249 777
250 710
250 454
250 650
251 374
252 906
252 481
253 773
253 812
254 726
254 770
255 931
255 423
255 528
255 428
255 295
255 499
256 855
256 329
256 773
256 771
257 683
257 906
258 557
258 531
258 492
258 766
259 512
259 385
260 502
260 736
260 363
260 812
260 408
260 771
260 785
260 869
260 945
260 758
261 535
261 754
261 722
262 373
263 769
263 788
263 394
263 404
263 536
263 500
264 390
264 466
264 273
264 884
265 914
265 681
266 609
266 599
266 679
267 392
267 748
267 602
267 829
268 807
268 614
269 514
270 861
270 317
271 878
271 718
272 773
272 314
272 561
273 807
274 392
274 597
275 684
275 332
275 307
275 906
276 696
276 748
277 619
277 756
278 378
278 508
279 785
279 641
279 781
279 645
280 543
280 343
281 457
281 817
281 788
281 945
282 512
282 293
282 420
282 487
283 907
284 489
284 937
284 474
285 384
285 402
286 393
286 538
287 479
287 862
288 906
289 316
289 489
289 474
290 889
290 801
290 899
290 633
290 684
290 344
290 906
291 497
291 496
292 378
292 663
292 424
293 701
293 791
294 896
294 402
297 858
297 359
297 906
298 379
298 848
299 805
299 766
299 906
300 904
300 771
301 456
301 553
301 840
301 863
301 765
302 877
302 388
303 658
303 516
303 906
304 580
304 544
305 935
305 739
305 594
306 555
306 568
307 500
307 481
308 521
308 652
309 370
309 507
309 322
310 920
310 674
310 851
311 396
311 591
311 489
312 714
312 893
312 340
312 733
312 615
312 603
312 873
312 856
312 509
312 655
312 944
312 518
312 394
312 338
312 444
313 660
313 345
314 774
314 397
314 736
315 730
315 540
315 788
316 443
317 895
318 553
319 562
319 762
320 356
321 918
321 536
321 412
321 417
321 677
322 935
322 942
322 334
323 599
323 561
323 798
324 396
324 409
325 942
325 511
325 943
326 942
326 508
327 426
327 599
328 792
328 599
328 375
329 581
329 858
329 906
330 811
330 575
331 790
331 840
332 641
332 448
332 806
333 834
334 415
334 832
334 860
334 340
335 374
335 751
336 537
336 851
337 458
337 858
338 625
339 514
339 652
339 610
340 639
340 824
340 693
341 744
341 616
342 677
342 413
342 426
342 906
342 840
343 920
343 684
343 882
343 811
343 599
344 731
344 669
344 443
345 818
345 581
345 576
345 942
345 650
345 783
345 599
346 513
346 640
347 707
347 646
347 590
347 906
347 765
348 447
348 464
349 852
349 581
350 653
350 367
351 658
351 607
351 906
352 462
352 614
352 699
352 906
352 930
352 357
353 598
353 840
353 471
354 612
354 619
355 735
356 367
356 907
357 808
357 793
357 840
357 577
357 667
357 731
358 461
359 681
359 718
359 707
359 559
359 520
359 927
359 577
359 772
359 906
360 872
360 377
361 831
362 561
362 660
363 586
364 554
364 726
364 764
365 625
365 435
366 424
366 561
366 728
367 782
367 462
368 383
368 418
369 739
370 900
370 545
371 380
372 606
373 721
373 809
373 777
375 920
376 628
376 572
376 532
377 906
377 443
378 942
378 785
378 434
379 380
380 855
381 625
381 754
381 879
383 769
384 593
385 561
386 801
386 561
386 463
387 827
387 901
387 858
388 770
388 536
388 608
389 852
390 590
390 776
391 523
391 895
391 884
391 935
392 627
392 454
392 760
392 906
392 796
392 850
393 776
393 720
394 680
394 846
395 599
395 696
396 919
397 883
398 412
398 865
398 506
399 847
399 681
399 906
399 933
400 700
400 650
401 876
402 604
403 697
405 713
405 906
406 737
407 851
407 428
408 771
408 906
409 815
410 927
410 858
412 735
412 772
413 906
414 587
414 661
415 529
416 627
416 922
417 773
418 619
418 588
418 638
418 670
418 765
419 536
419 906
420 428
421 489
422 599
422 603
423 593
423 555
424 486
425 691
425 536
427 875
428 925
428 679
428 519
428 576
428 769
429 466
429 913
430 644
431 754
431 518
432 879
432 551
433 562
433 607
433 663
433 507
433 906
434 487
434 449
435 806
435 855
436 695
437 513
438 483
438 706
439 573
439 558
440 925
440 784
440 842
441 682
441 666
441 858
442 552
442 517
443 906
443 930
443 676
443 888
443 559
444 817
445 769
446 678
446 647
447 507
448 663
449 862
450 773
450 530
450 872
451 906
451 615
451 662
452 563
453 935
453 501
453 480
454 681
454 561
454 713
455 605
455 617
456 592
457 554
457 866
458 561
458 702
458 753
458 773
458 906
459 611
460 537
460 493
460 906
461 913
462 826
462 919
462 941
463 906
463 712
464 742
464 733
467 490
468 789
468 666
468 532
469 615
469 655
470 870
470 591
472 851
472 742
472 505
472 909
473 474
473 616
474 699
475 754
475 532
476 858
477 906
477 631
478 647
478 578
479 694
480 732
480 741
480 690
481 873
481 794
481 601
482 531
482 578
484 701
484 853
485 899
486 536
486 543
487 561
487 897
488 713
488 906
489 723
489 803
490 546
490 520
491 518
492 727
493 833
493 901
494 906
495 702
496 561
496 885
497 918
498 879
498 702
501 583
501 906
502 919
503 599
503 547
503 904
503 930
504 711
504 679
506 519
507 917
507 763
507 526
507 840
507 650
507 828
507 657
507 654
507 750
508 730
508 928
508 885
509 819
510 702
510 764
511 942
511 752
512 522
512 536
512 735
513 850
513 595
513 823
514 767
514 589
514 620
515 664
516 777
516 784
517 768
517 814
517 707
517 533
518 931
518 660
518 868
520 599
520 906
520 930
520 765
521 867
522 703
522 536
523 695
523 809
524 858
524 699
524 762
525 872
525 630
526 738
527 598
527 881
528 570
528 840
529 837
530 625
531 694
531 554
532 741
532 610
533 906
533 711
533 871
533 908
534 617
535 641
535 872
536 644
536 770
536 778
536 769
536 613
536 600
536 895
536 918
536 775
536 637
536 789
536 685
536 853
537 857
537 561
538 696
538 612
539 556
540 757
540 714
540 883
541 778
541 646
542 558
542 922
543 882
546 776
546 720
548 869
548 851
549 841
549 940
549 741
549 934
550 670
550 836
551 903
551 561
551 764
553 689
554 832
555 718
555 665
556 641
556 797
559 657
559 896
559 906
561 764
561 874
561 702
561 829
562 735
562 587
563 683
563 651
564 671
564 656
565 903
565 661
566 687
566 671
566 680
567 678
567 599
567 835
568 696
568 701
568 923
568 569
569 869
569 913
569 742
569 906
570 648
570 592
571 862
571 871
571 751
572 864
572 727
573 635
573 711
573 801
575 916
575 944
576 599
577 887
578 939
579 894
580 599
581 702
581 599
581 831
582 773
582 937
583 749
583 821
583 717
584 876
584 589
584 601
585 921
586 594
586 848
587 707
587 625
587 906
588 643
588 841
589 872
589 858
590 599
590 777
591 894
591 855
592 942
592 836
592 608
592 839
592 618
592 734
594 810
594 750
594 647
595 724
596 692
596 764
597 638
599 818
599 682
599 792
599 678
599 624
599 928
599 779
600 900
601 861
601 686
601 728
601 758
601 635
602 611
603 941
604 808
604 823
605 698
607 892
607 906
608 764
609 844
610 887
612 811
612 926
614 906
615 783
616 906
617 765
618 924
619 784
620 846
621 706
621 754
621 906
622 834
622 945
623 912
624 858
625 815
625 650
625 809
626 655
628 763
629 793
631 914
631 723
631 936
631 858
632 841
633 761
633 769
634 823
636 672
637 884
637 778
638 710
639 642
640 850
640 675
641 662
641 899
641 664
642 921
644 775
644 907
644 759
644 887
644 824
645 943
648 846
648 927
649 781
650 711
651 791
651 855
652 708
652 886
653 727
654 897
655 712
656 677
656 830
656 906
657 906
658 777
658 681
658 906
659 911
660 887
661 757
663 821
663 748
665 921
666 820
668 712
668 906
669 716
669 718
670 925
670 808
671 698
672 709
672 716
672 902
673 884
673 938
673 810
674 898
674 853
675 846
675 836
675 805
676 677
677 906
678 792
678 906
680 880
681 853
681 706
681 906
684 804
685 706
687 890
688 903
688 709
689 933
690 780
692 828
694 869
695 811
697 851
697 773
698 858
698 906
699 713
699 906
699 752
700 854
700 906
702 738
702 936
705 939
705 774
705 878
707 906
708 832
708 858
709 906
710 805
710 748
711 813
713 751
713 906
715 888
716 921
717 776
717 849
718 734
718 906
719 879
720 858
721 914
723 871
724 820
726 846
728 865
729 860
729 889
730 924
730 871
731 861
735 900
735 861
735 940
735 906
737 825
738 910
738 780
743 836
744 847
745 893
746 795
746 906
749 776
750 801
750 864
750 828
751 792
754 879
754 938
754 913
754 859
755 828
758 872
759 769
760 782
760 906
761 810
763 883
763 772
766 803
766 913
771 797
771 906
772 837
772 826
775 944
777 904
779 888
779 902
786 915
787 847
791 801
791 906
792 881
793 892
795 893
797 832
801 866
801 879
802 913
802 906
803 821
805 905
806 915
813 923
817 877
819 943
819 878
822 943
826 855
827 932
827 848
827 858
829 855
830 932
830 934
831 846
831 906
832 849
832 906
833 834
834 887
835 870
836 935
836 902
838 881
838 896
838 867
839 858
839 930
840 842
841 925
845 940
845 900
846 853
846 863
847 918
852 917
853 930
857 873
858 892
858 887
859 932
860 899
861 886
866 924
877 923
878 941
880 911
888 906
890 906
892 945
901 944
902 906
906 927
906 933
906 937
906 920
921 943
924 942
935 943
