0 226
0 736
0 587
0 586
0 138
0 746
0 259
0 519
0 305
0 646
0 445
0 483
0 335
1 216
1 797
1 616
1 632
1 523
1 945
2 586
2 617
2 154
2 516
2 89
3 613
3 905
3 410
3 788
3 78
3 161
3 950
3 240
4 926
4 123
4 881
4 429
4 186
5 169
5 944
5 870
5 599
5 597
5 220
5 890
6 473
6 532
6 277
6 546
6 920
6 525
6 742
7 473
7 817
7 883
7 392
7 130
7 171
7 722
7 216
7 874
8 127
8 612
8 716
8 954
8 366
8 480
8 89
9 270
9 368
9 698
9 608
9 832
9 684
9 769
9 203
10 588
10 22
10 404
10 91
10 85
10 600
10 356
10 679
10 28
10 875
10 611
10 111
10 941
10 98
10 135
10 102
10 648
10 360
10 809
10 619
10 556
10 757
10 66
10 240
10 260
10 305
11 542
11 259
11 519
11 761
11 847
11 586
11 633
11 368
11 732
11 483
12 363
12 289
12 293
12 515
12 526
12 81
12 959
12 72
12 395
12 744
12 747
12 121
12 61
12 588
12 835
12 117
13 770
13 534
13 62
13 912
13 544
13 291
13 806
13 327
14 680
14 893
14 813
14 352
14 723
14 305
15 129
15 765
15 439
15 754
15 611
15 636
15 672
15 683
15 748
16 473
16 350
16 747
16 807
16 518
16 276
16 491
16 121
16 365
16 657
16 687
16 452
17 852
17 192
17 645
17 281
17 557
17 577
17 588
17 647
17 835
18 836
18 110
18 120
18 64
18 538
18 59
18 68
18 599
18 267
18 818
18 541
18 412
18 406
18 115
18 434
18 892
18 304
18 939
19 179
19 826
19 304
19 68
19 714
19 56
19 231
20 799
20 270
20 379
20 614
20 70
20 499
20 90
21 119
21 694
21 163
21 574
21 138
21 62
21 303
21 23
21 457
22 800
22 890
22 775
22 135
22 801
22 611
22 673
23 263
23 567
23 535
23 163
23 300
23 457
23 725
24 895
24 222
24 276
24 943
24 564
24 507
25 314
25 619
25 32
25 877
25 942
25 564
25 403
25 50
25 711
26 472
26 166
26 270
26 531
26 543
26 486
26 354
26 783
26 793
26 667
26 489
26 591
26 637
26 98
26 401
26 678
26 561
26 918
26 755
27 187
27 69
27 632
27 96
27 934
27 942
27 564
27 526
28 350
28 135
28 875
28 417
28 855
28 611
28 111
29 48
29 771
29 260
29 536
29 523
29 257
29 335
30 84
30 572
30 880
30 555
30 709
30 423
30 74
30 453
30 48
30 92
30 31
31 549
31 174
31 732
31 621
32 815
32 40
32 229
32 942
32 564
32 796
33 350
33 554
33 821
33 836
33 372
33 109
33 422
33 936
33 474
33 479
33 491
34 125
34 346
34 725
34 945
34 962
35 448
35 240
35 739
35 43
35 579
35 636
35 683
35 186
35 748
36 161
36 264
36 799
36 856
36 474
36 491
36 333
37 358
37 773
37 653
37 908
37 673
38 921
38 68
38 810
38 960
38 552
38 826
38 744
39 161
39 215
39 568
39 453
39 341
40 895
40 619
40 924
40 427
40 564
41 763
41 636
41 807
41 845
41 671
41 317
41 784
41 209
41 66
41 309
41 208
41 491
41 100
41 820
41 98
42 771
42 536
42 756
42 333
42 498
42 335
43 811
43 662
43 940
43 925
43 893
43 917
44 516
44 146
44 931
44 784
44 838
44 380
44 636
44 385
44 672
44 686
44 765
44 333
45 907
45 532
45 119
45 138
45 63
46 776
46 842
46 654
46 729
46 662
46 438
46 960
46 605
47 333
47 759
47 117
47 675
48 880
48 185
48 853
48 411
48 134
48 421
48 738
48 73
48 133
48 595
48 709
48 920
48 167
48 389
48 130
49 297
49 808
49 115
49 258
49 596
49 663
49 731
50 942
50 786
50 226
50 586
51 216
51 266
51 684
51 665
51 583
51 936
51 491
51 367
52 224
52 274
52 260
52 915
52 335
53 588
53 265
53 409
53 645
53 74
53 755
53 835
53 843
53 802
54 942
54 619
54 96
54 314
54 173
55 781
55 699
55 625
55 178
55 675
56 702
56 568
56 97
56 716
56 152
57 688
57 67
57 769
57 540
57 764
57 326
57 719
57 352
57 897
57 226
57 454
57 294
57 312
57 301
57 654
57 108
58 597
58 784
58 208
58 474
58 388
58 491
59 491
59 541
59 826
59 562
59 620
59 150
59 556
60 698
60 242
60 657
60 962
60 203
61 139
61 910
61 285
61 582
61 432
61 466
61 367
61 330
61 913
61 500
61 108
61 891
61 321
61 953
62 803
62 549
62 490
62 596
62 498
62 734
62 588
62 840
63 339
63 231
63 434
63 580
63 88
63 588
63 104
63 835
64 636
64 552
64 933
64 775
64 649
65 597
65 123
65 267
65 269
65 412
65 805
65 552
65 812
65 304
65 562
65 882
65 182
65 131
65 82
65 790
65 588
66 439
66 925
66 654
66 193
66 332
66 945
67 914
67 645
67 381
67 588
67 331
67 300
68 216
68 269
68 552
68 304
68 107
69 942
69 922
69 238
69 950
69 589
69 248
70 270
70 793
70 283
70 354
70 898
70 531
70 365
70 94
70 918
70 489
70 486
70 501
70 591
70 622
70 814
70 766
70 122
70 308
70 863
70 419
70 629
70 624
70 168
70 649
70 487
70 935
70 835
71 545
71 664
71 735
71 595
71 835
71 687
72 746
72 577
72 381
72 250
72 831
72 295
72 580
72 409
72 644
72 702
72 193
72 841
72 835
72 937
73 134
73 555
73 80
73 715
74 396
74 568
74 849
74 607
75 907
75 311
75 702
75 312
75 192
75 99
75 151
75 954
75 588
75 653
76 534
76 280
76 488
76 727
76 637
76 735
77 337
77 937
77 114
77 676
77 691
77 89
78 512
78 796
78 151
78 915
78 887
78 777
78 660
78 505
78 158
78 475
78 397
78 349
78 849
78 161
78 903
78 950
78 655
78 675
79 860
79 651
79 751
79 781
79 890
79 846
79 523
80 101
80 880
80 779
80 523
81 669
81 605
81 493
81 835
82 770
82 251
82 511
82 291
82 739
82 596
82 729
82 439
82 506
83 702
83 683
83 650
83 277
83 819
83 867
83 492
84 134
84 421
84 709
84 411
84 595
84 958
84 471
84 954
84 474
84 588
84 315
84 244
85 407
85 801
85 516
85 102
85 414
86 462
86 835
86 769
86 268
86 305
86 149
87 362
87 130
87 203
87 175
88 819
88 823
88 916
88 346
88 857
88 89
88 95
88 477
89 823
89 561
89 95
89 302
89 321
89 666
89 477
89 542
89 271
89 671
90 461
90 878
90 307
90 835
90 653
90 908
90 687
91 135
91 360
91 347
91 875
92 134
92 284
92 920
92 548
92 801
93 385
93 909
93 738
93 193
93 95
94 270
94 637
94 753
94 928
94 517
95 676
95 477
95 157
95 146
95 239
96 167
96 942
96 509
96 895
97 879
97 773
97 568
97 701
97 945
98 456
98 557
98 845
98 730
99 651
99 527
99 169
99 751
99 702
99 166
99 362
99 111
99 482
99 292
99 380
99 302
100 396
100 118
100 592
100 607
100 150
101 920
101 185
101 709
102 297
102 161
102 193
102 948
102 923
102 866
102 508
102 588
102 551
102 480
102 847
103 564
103 777
103 671
103 588
103 904
103 139
103 400
104 509
104 250
104 439
104 835
104 375
105 854
105 826
105 203
105 698
105 859
105 290
106 597
106 645
106 135
106 801
106 445
107 774
107 527
107 110
107 805
107 810
107 304
107 210
107 179
107 766
107 553
107 456
108 588
108 522
108 400
108 272
108 140
108 139
108 285
108 618
108 940
109 942
109 671
109 784
109 753
109 287
109 474
109 491
110 179
110 161
110 366
111 216
111 850
111 611
111 388
111 699
111 293
111 922
111 558
112 491
112 745
112 157
112 713
112 377
112 399
112 159
113 133
113 216
113 483
113 893
113 630
114 136
114 676
114 833
114 838
114 118
114 154
115 879
115 251
115 174
115 473
116 638
116 241
116 366
116 833
116 886
116 386
116 160
116 582
117 928
117 950
117 765
117 528
117 274
117 536
117 478
117 794
117 896
117 252
117 675
118 426
118 568
118 462
118 209
118 338
118 339
119 271
119 672
119 163
119 457
119 674
119 836
120 421
120 552
120 826
120 674
120 909
121 672
121 396
121 841
121 592
121 146
121 499
122 270
122 306
122 365
122 236
122 135
123 225
123 931
123 124
123 636
123 672
123 954
123 765
123 536
124 264
124 275
124 636
124 484
124 810
124 791
124 672
124 683
124 186
125 892
125 613
125 400
125 653
125 630
125 145
125 131
126 128
126 653
126 661
126 627
126 415
126 525
127 932
127 403
127 182
127 151
127 390
127 780
127 137
127 197
127 779
127 822
127 389
127 887
127 798
127 282
127 714
127 504
127 907
127 469
127 930
127 946
127 658
127 161
127 363
127 499
128 304
128 661
128 896
128 145
128 393
128 230
128 394
129 636
129 240
129 433
129 677
129 235
129 678
129 893
129 821
129 427
129 317
129 186
129 138
129 897
130 398
130 917
130 203
131 722
131 858
131 642
131 211
131 713
131 198
132 212
132 533
132 707
132 524
133 595
133 423
133 284
133 572
133 839
133 407
133 644
134 853
134 411
134 555
134 428
134 939
134 421
134 185
134 910
135 636
135 356
135 600
135 923
135 875
135 801
135 856
135 388
135 815
135 418
135 201
136 338
136 823
136 478
136 154
137 493
137 878
137 691
137 795
137 658
137 829
137 924
138 683
138 547
138 693
139 910
139 876
139 459
139 364
140 285
140 902
140 876
141 846
141 408
141 940
141 177
141 168
141 429
141 807
141 888
142 255
142 518
142 803
142 549
142 534
142 271
142 239
142 298
142 846
142 156
142 227
142 488
142 498
142 281
142 633
143 524
143 898
143 591
143 462
144 358
144 573
144 398
144 704
144 303
145 473
145 835
145 653
146 516
146 604
146 748
146 782
146 240
146 155
147 557
147 298
147 200
147 900
147 835
147 375
148 577
148 588
148 785
148 384
148 702
148 436
148 835
149 284
149 765
149 588
150 223
150 903
150 683
150 233
150 835
150 345
151 407
151 660
151 161
151 903
151 950
152 808
152 211
152 911
152 300
152 844
153 368
153 361
153 203
153 505
153 569
153 639
154 833
154 823
154 847
154 910
154 883
155 557
155 588
155 391
155 951
155 420
155 835
155 828
156 884
156 496
156 236
156 615
156 480
156 706
156 437
156 218
156 885
156 827
156 785
156 505
156 588
156 687
156 703
157 416
157 203
157 721
157 302
157 939
158 658
158 223
158 901
158 410
158 235
158 233
158 161
158 903
159 666
159 399
159 461
159 482
160 496
160 767
160 194
160 951
161 887
161 728
161 512
161 792
161 717
161 857
161 363
161 442
161 389
161 932
161 197
161 777
161 390
161 829
161 804
161 862
161 903
161 789
161 405
161 416
161 282
161 322
161 330
161 779
161 182
161 658
161 175
161 915
161 855
161 848
161 403
161 467
161 504
161 834
161 720
161 950
161 796
161 410
161 816
161 505
161 912
161 790
161 905
161 407
161 691
161 340
161 286
161 660
161 181
161 955
161 780
161 613
161 714
161 223
161 176
161 798
161 822
161 224
161 682
161 184
161 788
161 810
161 319
161 396
161 262
161 177
161 866
161 239
161 636
161 591
161 531
161 368
161 420
161 694
161 211
161 305
161 475
161 700
161 356
161 238
161 832
161 588
162 347
162 903
162 672
162 559
162 514
162 491
163 186
163 674
163 508
163 409
163 457
164 227
164 636
164 799
164 813
164 936
164 474
165 749
165 536
165 335
165 425
165 414
166 870
166 374
166 201
166 581
166 597
166 542
167 427
167 942
167 187
167 329
167 815
167 314
167 222
167 761
167 666
168 665
168 925
168 704
168 438
168 387
168 258
168 833
169 220
169 171
169 702
169 539
170 950
170 842
170 626
170 833
170 888
171 944
171 678
171 702
171 220
171 377
172 638
172 309
172 737
172 556
172 227
173 516
173 652
173 672
173 886
173 670
174 741
174 366
175 282
175 862
175 555
175 733
176 915
176 613
176 792
176 460
176 950
177 312
177 774
177 606
177 305
177 457
178 458
178 437
178 628
178 886
178 480
178 190
178 753
178 962
178 202
178 653
179 412
179 481
179 565
179 826
179 882
180 520
180 708
180 800
180 216
180 852
180 461
180 220
181 613
181 658
181 685
181 950
181 452
182 596
182 595
182 796
182 857
182 363
182 903
182 656
182 213
183 398
183 436
183 429
183 820
183 193
183 198
184 912
184 224
184 524
184 950
185 411
185 837
185 812
185 636
186 380
186 672
186 683
186 240
186 234
186 484
186 214
186 241
186 740
186 604
186 838
186 238
186 931
186 463
186 516
186 230
186 439
186 762
186 917
186 465
186 893
186 469
186 485
186 748
186 875
186 710
186 752
186 681
186 253
186 266
186 366
186 603
186 962
187 895
187 485
187 246
187 473
187 335
188 947
188 261
188 615
188 459
188 458
188 245
188 297
189 927
189 191
189 585
189 446
189 726
189 216
189 320
189 839
189 852
189 860
190 846
190 398
190 415
190 429
190 293
191 303
191 406
191 456
191 195
191 750
191 892
191 342
191 957
191 520
191 441
191 252
191 929
191 418
191 426
191 591
191 450
191 200
191 785
191 216
191 461
191 473
191 903
192 380
192 936
192 835
192 323
193 952
193 419
193 204
193 846
193 934
193 776
193 240
193 627
193 569
194 772
194 379
194 768
194 244
195 680
195 949
195 356
195 216
195 839
195 850
195 503
195 617
195 904
196 955
196 304
196 263
196 781
196 532
196 300
197 691
197 915
197 790
197 327
197 679
197 804
197 829
197 950
197 955
197 331
197 886
197 642
198 615
198 885
198 886
198 894
198 768
198 578
199 588
199 200
199 861
199 919
199 513
200 542
200 545
200 588
200 668
200 835
201 702
201 581
201 637
201 337
201 203
201 514
202 779
202 871
202 847
202 705
203 698
203 594
203 614
203 361
203 608
203 569
203 657
203 832
203 368
203 669
203 208
203 824
203 593
203 394
204 408
204 436
204 960
204 606
205 815
205 772
205 380
205 636
205 688
205 225
205 241
205 762
206 407
206 636
206 688
206 873
206 573
207 542
207 301
207 782
207 298
207 343
207 211
207 835
207 937
208 747
208 845
208 936
208 475
208 595
208 774
208 479
208 491
208 749
209 632
209 341
209 802
209 270
209 871
210 552
210 818
210 562
210 566
211 588
211 434
211 835
212 575
212 547
212 300
212 533
212 681
212 527
212 742
213 936
213 341
213 913
214 942
214 516
214 636
214 683
214 762
214 543
215 807
215 559
215 696
215 262
215 270
215 525
216 252
216 928
216 892
216 508
216 347
216 839
216 786
216 343
216 850
216 844
216 320
216 303
216 556
216 456
216 520
216 708
216 724
216 787
216 726
216 288
216 859
216 750
216 860
216 830
216 946
216 372
216 342
216 357
216 949
216 334
216 392
216 316
216 420
216 503
216 397
216 585
216 473
216 874
216 441
216 722
216 852
216 402
216 800
216 336
216 448
216 464
216 759
216 349
216 957
216 929
216 299
216 406
216 493
216 689
216 287
216 883
216 476
216 919
216 418
216 763
216 927
216 359
216 461
216 431
216 386
216 377
216 257
216 414
216 270
216 756
216 226
216 755
216 346
216 766
216 512
216 311
216 644
216 404
216 690
216 656
216 809
216 409
217 839
217 525
217 351
217 707
217 598
217 520
217 791
218 886
218 884
218 962
218 635
218 817
218 742
219 660
219 277
219 550
219 589
219 346
219 721
219 492
219 500
220 337
220 387
220 379
220 521
220 492
221 359
221 262
221 807
221 491
221 913
222 942
222 938
222 895
222 410
223 789
223 790
223 775
223 903
223 950
223 742
224 728
224 410
224 932
224 679
224 407
224 950
225 636
225 672
225 683
225 917
225 366
225 957
225 668
226 287
226 588
226 769
226 445
227 280
227 729
227 443
227 879
227 596
227 837
227 758
227 930
227 803
227 752
227 291
227 245
227 727
227 296
227 518
227 348
227 292
227 517
227 654
227 527
227 686
228 264
228 636
228 385
228 854
228 782
228 375
228 765
229 596
229 662
229 747
229 588
229 835
229 366
230 264
230 636
230 385
230 683
230 628
231 950
231 548
231 588
231 959
231 612
231 864
231 692
231 742
231 840
231 375
231 801
232 683
232 588
232 788
232 284
233 747
233 369
234 772
234 380
234 636
234 672
235 264
235 380
235 672
235 683
235 439
236 642
236 730
236 716
236 714
236 520
237 883
237 672
237 326
237 525
237 589
237 867
237 945
238 672
238 690
238 404
239 808
239 371
239 758
239 596
239 518
239 296
239 544
239 536
239 680
239 923
240 728
240 380
240 826
240 835
241 772
241 636
241 672
241 683
241 618
241 653
242 724
242 569
242 451
243 895
243 835
243 768
243 366
243 884
243 703
244 731
244 732
244 884
244 706
244 246
244 642
244 734
244 754
245 560
245 737
245 247
245 804
245 762
246 884
246 687
246 791
247 806
247 596
247 624
247 831
247 611
248 525
248 492
248 487
248 471
248 616
248 533
248 707
248 651
249 270
249 575
249 753
249 814
249 667
249 773
249 375
249 277
250 588
250 579
250 835
250 393
251 280
251 544
251 297
251 309
251 596
251 603
251 440
252 708
252 763
252 508
252 357
252 839
252 347
252 403
252 851
252 692
252 852
252 646
252 321
253 396
253 426
253 656
254 450
254 513
254 537
254 569
254 335
255 291
255 329
255 941
255 309
255 879
255 388
256 396
256 538
256 588
256 634
256 647
256 835
256 375
257 526
257 588
257 331
257 507
258 580
258 873
258 360
258 572
258 375
259 772
259 574
259 513
259 540
259 537
259 635
259 866
259 696
259 773
259 305
259 507
259 661
260 443
260 460
260 319
260 536
260 333
260 335
260 517
261 940
261 548
261 382
261 366
261 962
262 539
262 746
262 530
262 474
262 491
262 769
262 536
263 457
263 547
263 278
263 911
263 300
264 852
264 907
264 954
264 485
264 739
264 686
264 931
264 433
264 762
264 797
264 539
264 456
264 636
264 683
264 553
265 588
265 393
265 286
265 835
266 583
266 271
266 671
266 474
266 491
267 406
267 491
267 921
267 665
267 805
267 304
267 562
267 645
267 346
268 709
268 519
268 791
268 635
268 352
268 483
268 647
268 907
268 736
269 947
269 431
269 552
269 562
270 667
270 543
270 531
270 486
270 365
270 637
270 524
270 713
270 783
270 591
270 379
270 918
270 898
270 814
270 575
270 273
270 501
270 648
270 890
270 521
270 418
270 360
270 802
270 565
271 601
271 770
271 280
271 737
271 731
271 568
271 588
271 695
272 288
272 876
272 902
272 578
272 400
273 662
273 354
273 360
273 283
274 312
274 950
274 590
274 756
274 353
274 528
274 675
274 313
274 425
274 778
274 802
274 844
274 649
274 506
274 479
275 485
275 604
275 762
275 690
275 523
275 636
275 346
276 950
276 672
276 381
276 559
276 821
276 836
276 583
276 936
276 479
276 491
277 852
277 516
277 449
277 578
277 598
277 525
277 495
277 533
277 471
277 564
277 606
277 641
278 524
278 783
278 499
278 863
278 931
278 918
278 667
279 528
279 602
279 497
279 922
279 335
280 534
280 418
280 397
280 596
280 358
281 636
281 618
281 793
281 486
281 863
282 714
282 595
282 950
282 955
283 667
283 783
283 520
284 595
284 944
284 738
285 688
285 938
285 400
286 322
286 792
286 407
286 745
286 950
287 342
287 406
287 850
287 852
287 473
287 912
288 556
288 303
288 852
288 928
288 718
289 663
289 512
289 588
289 544
290 429
290 525
290 546
290 589
290 721
291 770
291 518
291 925
291 297
291 596
291 729
291 511
292 660
292 361
292 407
293 588
293 744
293 590
293 301
293 382
293 873
293 395
293 959
293 572
293 762
293 835
294 961
294 602
294 386
294 335
295 605
295 526
295 328
295 544
295 835
296 601
296 494
296 842
296 472
296 498
297 601
297 358
297 770
297 731
297 574
297 596
297 563
298 317
298 835
299 724
299 722
299 959
299 402
299 406
299 473
299 503
299 667
300 651
300 665
300 457
300 567
300 532
300 451
300 693
300 694
300 781
300 574
300 911
300 610
300 583
300 919
300 796
300 828
300 825
301 588
301 659
301 466
301 835
301 445
302 492
302 561
302 435
302 399
302 482
303 680
303 759
303 852
303 928
303 456
303 473
303 636
303 536
304 552
304 812
304 826
304 882
304 386
304 769
305 573
305 769
305 958
305 369
305 913
305 791
305 452
305 914
305 548
305 944
305 666
305 587
305 631
306 713
306 501
306 379
306 340
306 863
307 668
307 545
307 328
307 851
307 820
307 835
308 787
308 784
308 543
308 738
308 622
308 375
309 371
309 601
309 534
309 727
309 808
309 597
309 408
309 596
309 373
309 663
309 930
309 525
310 817
310 746
310 477
310 570
311 774
311 907
311 754
311 894
311 702
311 581
311 337
311 899
312 362
312 890
312 702
312 396
312 835
313 422
313 543
313 614
313 588
313 375
313 536
313 419
313 335
313 675
314 555
314 475
315 817
315 672
315 588
315 948
315 835
316 817
316 336
316 763
316 508
316 481
316 833
316 392
317 836
317 749
317 614
317 956
317 474
317 491
317 962
317 673
317 376
318 811
318 568
318 623
318 426
318 608
318 378
319 618
319 341
319 662
319 935
319 647
319 477
320 800
320 654
320 852
320 392
320 473
320 636
320 432
321 930
321 552
321 888
321 377
322 473
322 759
323 668
323 835
323 490
323 552
324 667
324 535
324 588
324 835
325 804
325 363
325 563
325 835
326 575
326 705
326 332
326 794
327 536
327 578
328 755
328 535
328 469
329 560
329 371
329 436
330 337
330 779
330 896
330 955
331 680
331 588
331 835
331 877
331 634
331 379
332 564
332 454
332 958
332 369
332 697
332 705
332 761
333 536
333 558
333 335
333 675
333 497
333 610
333 576
333 353
333 528
333 351
333 426
334 520
334 817
334 420
334 945
334 852
334 473
335 835
335 536
335 353
335 771
335 778
335 344
335 558
335 794
335 446
335 699
335 528
335 625
335 425
335 610
335 529
335 497
335 576
335 427
335 928
335 840
335 960
335 561
335 537
335 675
336 585
336 689
336 802
336 579
337 651
337 702
337 527
338 773
338 396
338 584
338 341
339 901
339 396
339 623
339 548
339 341
340 895
340 720
340 456
340 918
341 798
341 841
341 355
341 353
341 849
341 618
342 722
342 726
342 750
342 676
343 839
343 852
343 941
343 588
344 536
344 576
344 375
345 588
345 835
345 460
345 688
345 869
345 884
345 675
346 521
346 525
346 721
346 500
347 556
347 919
348 588
348 835
348 729
348 375
349 750
349 817
349 689
349 940
349 366
350 807
350 936
350 474
350 734
350 479
350 491
350 835
351 525
351 412
351 742
351 760
352 645
352 587
352 445
353 769
353 536
353 478
354 896
354 885
354 778
355 371
355 848
355 955
355 636
355 766
356 480
357 680
357 750
357 759
357 471
357 561
358 544
358 603
359 786
359 839
359 852
359 928
360 801
361 759
361 655
361 657
361 718
362 751
362 906
362 715
363 660
363 887
363 829
363 950
363 672
363 593
363 561
364 400
364 466
364 582
364 760
364 367
365 957
365 597
365 544
365 468
366 710
366 386
366 566
366 506
366 730
366 640
366 768
366 716
366 692
366 685
366 458
366 930
366 907
366 772
366 886
367 904
367 582
367 400
367 456
367 721
368 657
368 792
368 828
368 908
369 806
369 957
369 727
369 445
369 452
369 507
370 830
370 664
370 835
370 557
370 374
370 375
371 752
371 930
371 544
371 828
372 722
372 786
372 817
372 408
372 456
372 473
373 549
373 511
373 808
373 424
373 489
374 641
374 702
374 581
374 597
374 746
375 535
375 588
375 755
375 835
375 526
375 440
375 820
375 490
375 428
375 649
375 664
375 453
375 680
375 741
375 625
376 643
376 653
376 896
376 413
376 661
376 552
377 702
377 507
377 510
377 482
377 666
377 607
377 723
377 953
378 950
378 462
378 618
378 529
378 449
378 602
379 905
379 499
379 664
380 672
380 854
380 469
380 838
380 505
380 683
381 588
381 820
382 952
382 542
382 577
382 588
382 757
382 820
382 835
383 427
383 816
383 915
383 623
383 950
383 755
384 702
384 588
384 695
384 820
384 835
384 435
385 857
385 881
385 484
385 450
385 718
385 949
385 672
385 551
386 566
387 770
387 588
387 647
387 533
388 942
388 702
388 648
388 941
388 610
389 903
390 512
390 857
390 855
390 795
390 763
390 903
390 950
391 762
391 835
391 427
391 653
391 492
392 744
392 474
392 783
393 603
393 835
393 755
393 782
393 731
393 879
394 531
394 673
394 896
394 653
394 661
395 670
395 835
395 401
395 937
396 568
396 961
396 592
396 841
396 498
396 902
396 588
396 466
397 839
397 850
397 852
398 903
398 654
398 408
398 419
398 573
398 717
398 713
398 769
399 916
399 939
399 955
400 647
400 639
400 510
400 900
400 902
400 891
400 889
400 635
400 592
400 600
400 609
401 560
401 588
401 835
401 644
401 516
401 445
401 482
402 852
402 902
402 553
403 829
403 950
403 482
404 866
404 923
404 801
405 461
405 857
405 903
405 950
406 850
406 852
406 827
406 936
406 631
407 878
407 829
407 855
407 796
407 903
407 848
407 505
407 609
408 436
408 843
408 564
408 923
409 545
409 588
409 835
410 950
411 880
411 555
411 612
411 572
411 709
411 838
411 491
411 607
412 818
412 805
412 947
412 552
412 881
412 906
413 416
413 718
413 653
413 859
414 572
414 666
414 783
415 776
415 654
415 436
415 560
415 592
416 714
416 792
416 906
416 733
416 878
417 636
417 835
417 710
417 727
418 689
419 665
419 925
419 765
420 494
420 726
420 759
420 852
420 609
420 473
420 926
421 709
422 799
422 474
422 734
422 491
422 935
423 596
423 508
423 709
423 738
424 826
424 580
424 647
424 618
425 528
425 558
426 934
426 808
426 519
427 922
427 564
427 942
427 456
427 683
428 588
428 820
428 835
428 869
429 654
430 852
430 748
430 842
430 662
430 960
431 588
431 710
431 835
432 803
432 910
432 582
432 571
432 760
433 579
433 636
433 683
433 762
433 866
433 647
433 795
434 475
434 521
435 852
435 761
435 666
435 766
435 953
436 438
436 960
436 554
437 818
437 655
437 940
437 499
438 776
438 573
438 654
438 704
438 616
438 881
439 604
439 652
439 917
439 463
439 765
439 484
439 579
439 469
439 724
439 845
439 445
440 588
440 835
440 609
441 722
441 852
441 461
442 901
442 903
442 950
442 885
442 835
443 534
443 737
443 549
443 910
444 850
444 546
444 867
444 719
445 750
445 826
445 626
445 633
445 769
445 813
445 736
445 958
445 617
445 537
445 631
445 847
445 519
445 657
445 877
445 875
445 462
446 881
446 807
446 536
446 478
447 537
447 913
447 646
447 949
447 705
448 520
448 585
448 473
448 493
449 521
449 554
449 742
450 880
450 664
451 717
451 522
451 911
451 721
451 706
451 457
452 537
452 847
452 540
452 958
452 821
453 773
453 961
453 717
454 814
454 513
454 613
455 702
455 636
455 672
455 683
455 887
455 748
456 874
456 473
457 693
457 828
457 694
457 522
457 664
457 836
458 570
458 615
458 715
459 890
459 862
459 687
459 500
460 588
460 916
461 839
461 852
461 800
461 476
461 763
461 859
461 902
461 691
461 473
461 659
461 611
462 592
463 579
463 636
463 683
463 688
464 852
464 883
464 866
464 473
464 588
465 636
465 672
465 516
465 693
465 632
466 582
466 698
467 903
467 950
467 955
467 957
467 851
467 876
468 920
468 531
468 905
468 588
469 636
469 683
469 875
470 596
470 479
470 835
470 557
470 561
471 807
471 523
471 819
471 742
472 638
472 803
472 534
472 536
472 514
473 852
473 874
473 929
473 817
473 759
473 892
473 957
473 493
473 859
473 919
473 520
473 508
473 689
473 585
473 844
473 726
473 786
473 505
473 716
473 911
473 554
473 824
473 742
474 671
474 696
474 539
474 479
474 554
474 799
474 684
474 807
474 583
474 859
474 476
474 658
474 551
474 777
475 874
475 799
475 807
475 821
475 936
476 556
476 844
476 852
476 616
477 823
477 808
478 625
478 780
479 530
479 696
479 784
479 734
479 554
479 817
479 953
479 494
480 704
480 669
481 642
481 707
482 791
482 888
482 953
482 551
482 887
483 806
483 871
483 540
483 897
483 533
483 761
483 643
484 722
484 772
484 636
484 732
485 709
485 854
485 683
485 690
485 762
486 491
486 795
486 835
487 521
487 681
487 509
488 560
488 870
489 726
490 690
490 588
490 835
491 734
491 747
491 559
491 583
491 845
491 799
491 836
491 696
491 502
491 741
491 743
491 530
491 936
491 864
491 510
491 693
491 746
491 727
492 705
492 681
492 945
492 616
492 550
492 742
492 578
492 553
492 533
492 521
492 721
492 517
492 536
492 535
493 722
493 763
493 957
493 792
494 806
494 596
494 638
494 663
494 756
494 503
495 525
495 550
495 503
496 776
496 858
496 872
497 771
497 536
497 558
497 675
498 701
498 661
499 783
499 863
499 667
499 622
499 713
499 637
499 501
499 568
499 763
500 609
500 934
501 828
501 699
502 530
502 799
502 743
503 852
503 800
503 716
504 682
504 950
504 873
504 921
504 570
504 764
505 750
505 857
505 903
505 950
505 820
506 885
506 894
507 579
507 825
507 626
507 897
507 513
507 813
507 530
508 928
508 734
509 515
509 588
509 668
509 835
509 937
510 891
510 639
510 842
511 663
511 858
511 901
511 577
512 613
512 903
512 867
513 937
513 586
513 617
513 631
514 816
514 730
514 707
515 827
515 835
515 892
515 588
515 659
516 854
516 881
516 672
517 819
517 697
517 550
517 523
518 544
518 808
518 768
518 549
518 729
519 913
519 633
519 813
519 589
519 809
520 722
520 711
520 844
520 835
521 663
521 523
521 589
521 598
522 620
522 781
523 722
523 606
523 550
523 565
523 924
524 634
524 622
524 712
525 924
525 553
525 598
525 725
525 853
525 684
526 959
526 659
526 877
526 836
526 687
526 588
526 712
526 835
527 907
527 723
527 702
528 962
528 718
528 536
529 641
529 672
529 820
529 894
530 797
530 610
530 559
530 936
530 743
530 719
532 779
532 960
532 567
532 693
532 818
532 938
533 616
534 597
534 593
534 596
534 638
534 598
535 577
535 727
535 588
535 885
536 576
536 771
536 794
536 699
536 610
536 802
536 625
536 643
536 665
537 950
537 791
537 587
537 728
537 800
537 871
537 631
538 544
538 844
538 552
538 565
539 762
539 552
540 669
540 769
540 927
540 619
541 933
541 733
542 865
542 959
542 557
542 588
542 645
542 705
543 793
543 898
544 737
544 837
544 604
544 596
544 562
544 681
545 588
545 920
545 634
545 835
546 560
546 553
546 773
546 679
547 938
547 911
547 880
547 828
548 588
548 835
549 639
549 627
550 723
550 867
550 742
551 880
551 823
552 812
552 933
552 882
552 599
552 562
552 810
552 947
552 826
552 818
552 682
552 623
552 714
552 799
552 655
552 620
553 936
554 684
555 840
555 950
556 817
556 787
556 883
556 678
556 731
556 794
557 669
557 937
557 707
557 588
557 885
558 835
558 675
558 700
559 910
559 936
559 956
560 603
560 806
560 731
560 709
562 947
562 892
563 644
563 735
563 835
564 943
564 942
564 690
564 895
565 818
566 732
566 654
566 885
566 894
567 911
568 918
568 832
569 827
569 593
570 706
570 886
570 642
570 730
571 636
571 652
571 631
572 709
573 691
573 824
573 704
573 716
573 882
575 857
575 753
575 757
575 624
576 947
576 732
577 701
577 835
577 712
577 868
577 864
577 644
577 813
577 725
577 588
577 659
577 820
577 840
578 903
578 867
579 636
580 812
580 865
580 713
580 588
580 835
581 774
581 961
581 630
581 890
581 845
581 908
583 734
583 741
583 706
583 707
583 775
584 773
584 961
585 680
585 640
585 839
587 769
587 700
587 863
587 897
588 656
588 650
588 605
588 695
588 755
588 835
588 861
588 612
588 959
588 757
588 645
588 951
588 864
588 701
588 664
588 840
588 782
588 914
588 670
588 659
588 590
588 745
588 865
588 851
588 785
588 873
588 746
588 674
588 937
588 634
588 962
588 684
588 678
588 943
588 910
588 643
588 856
588 665
588 933
589 819
589 728
589 721
590 689
590 950
590 645
590 664
590 831
590 835
594 655
594 718
594 707
594 614
595 837
596 879
596 837
596 770
596 758
596 603
596 601
596 752
596 663
596 820
596 739
596 748
597 641
597 907
597 702
597 751
597 870
597 723
598 835
599 852
599 909
599 947
600 829
600 801
600 611
600 628
601 792
602 682
602 778
604 719
604 636
604 652
604 672
605 932
605 863
605 908
605 835
606 651
606 907
606 740
607 683
607 935
608 822
608 762
609 950
609 697
610 636
611 923
612 951
613 829
613 950
614 919
614 718
614 657
614 712
614 669
615 628
615 762
617 835
617 769
617 958
617 646
618 935
619 942
619 626
620 815
620 812
621 683
621 734
622 628
623 841
623 858
624 852
626 852
626 719
626 871
627 949
627 908
628 884
628 642
628 885
628 653
629 891
629 653
629 908
631 738
631 679
631 769
632 922
632 815
633 769
634 862
634 656
635 758
635 769
635 871
635 646
636 881
636 762
636 739
636 652
636 748
636 740
636 954
636 772
636 688
636 893
636 765
636 838
636 926
636 917
636 677
636 931
636 786
636 742
636 900
636 672
636 885
637 667
637 735
637 835
638 930
639 910
639 904
640 950
640 884
640 885
641 723
641 774
641 872
641 702
642 754
642 885
642 884
642 960
643 801
643 653
644 835
645 720
645 959
646 761
647 840
647 745
647 864
647 881
648 950
648 923
648 809
648 801
649 868
649 678
649 835
649 911
650 950
650 940
650 744
650 835
651 944
651 870
651 774
651 753
651 907
652 787
652 672
653 839
653 711
653 896
653 908
653 661
653 959
654 789
654 842
654 934
654 685
654 750
654 896
654 869
655 698
655 718
656 835
656 856
657 832
658 706
658 728
658 903
658 936
659 710
659 835
660 780
660 789
660 950
662 846
662 952
662 934
662 940
662 824
662 949
662 943
663 820
664 835
665 776
665 824
665 960
667 903
667 793
667 783
667 926
667 778
668 881
668 835
668 959
668 895
668 677
669 835
670 861
671 834
671 807
671 741
671 892
672 686
672 683
672 740
672 677
672 838
672 854
672 954
672 917
672 765
672 893
672 913
672 767
673 836
673 711
674 785
674 835
675 805
675 756
675 746
675 916
677 772
677 957
677 904
677 683
677 873
678 838
678 917
678 686
678 754
678 762
680 929
680 708
681 799
682 790
682 855
682 733
682 848
682 903
682 950
683 926
683 686
683 740
683 838
683 917
683 688
683 748
683 713
683 754
684 852
684 936
684 734
685 932
685 885
685 730
686 917
686 952
686 762
686 809
687 865
687 894
687 962
687 689
688 863
688 937
689 874
689 852
689 748
690 935
691 707
691 822
691 903
691 955
692 885
692 862
692 913
693 903
693 911
694 829
695 851
695 937
695 881
695 746
695 835
696 799
696 807
696 836
696 936
696 725
697 950
698 911
700 819
702 890
702 907
702 944
702 751
702 870
702 723
703 768
703 732
703 918
704 789
705 895
705 825
705 769
706 885
707 742
708 899
709 738
709 920
709 731
710 835
712 748
712 835
713 814
714 907
714 724
715 922
715 858
715 885
715 962
715 886
716 835
717 855
717 862
717 950
717 854
719 764
720 731
720 936
721 867
722 724
722 852
722 868
723 907
724 859
724 852
726 892
726 839
726 852
727 806
727 893
727 743
728 780
728 950
728 834
728 857
728 903
728 906
729 941
733 853
733 866
733 798
733 804
733 950
734 821
735 835
736 889
737 801
738 925
739 854
741 903
741 936
742 760
743 749
744 835
744 953
745 829
745 955
745 835
746 835
747 807
748 854
748 843
748 962
749 797
750 844
750 860
751 941
752 758
752 788
754 762
755 757
757 835
758 935
762 955
762 854
762 876
763 830
763 844
763 852
764 825
766 898
766 918
766 835
767 835
767 886
768 843
769 791
769 847
769 813
770 914
771 840
771 783
772 854
772 893
772 836
772 838
773 935
773 835
775 801
775 952
776 928
776 824
776 811
776 884
776 960
776 835
777 834
777 789
777 816
777 903
777 950
778 802
779 955
780 903
781 860
782 835
783 814
784 956
785 835
786 852
786 884
787 946
787 850
787 900
788 852
789 950
789 955
790 827
790 857
791 826
792 862
793 956
793 799
794 846
797 807
797 936
798 887
798 901
800 946
800 830
800 839
803 837
804 848
804 905
804 833
804 829
804 906
804 955
805 947
805 886
806 837
807 845
807 910
809 939
811 925
811 940
813 847
815 922
815 895
816 903
816 950
818 824
818 854
818 826
820 864
820 959
820 835
821 939
822 903
822 950
823 866
823 939
824 852
824 834
826 933
829 950
831 951
834 905
834 950
835 914
835 861
835 843
835 851
835 865
835 868
835 948
835 864
835 951
835 873
835 859
835 878
835 838
835 930
835 862
835 886
835 919
835 867
835 950
838 903
839 869
841 918
842 846
842 952
844 935
846 899
846 909
848 857
848 950
850 957
850 852
851 903
852 859
852 957
852 919
852 927
852 946
852 892
852 949
852 860
852 929
852 866
852 903
853 880
855 865
855 950
856 866
857 903
857 887
857 878
857 877
857 909
857 950
859 940
862 911
867 938
869 948
870 907
870 890
870 917
872 911
873 937
875 906
876 910
877 914
878 887
878 950
879 939
881 889
882 954
884 885
885 962
887 950
887 955
888 939
889 898
889 910
891 900
895 942
897 913
898 947
899 909
900 910
901 927
901 950
903 906
903 932
903 912
903 950
905 943
905 950
906 909
910 913
912 944
915 950
917 926
921 933
932 950
939 953
940 952
942 943
950 955
