0 795
0 414
0 783
0 721
1 573
1 295
2 573
2 436
2 491
3 422
3 670
3 315
3 854
3 316
3 701
3 882
4 294
4 177
4 939
5 425
5 544
6 30
6 571
7 856
7 857
8 885
8 265
9 297
9 821
9 891
9 571
9 71
9 360
10 564
10 442
10 210
10 323
10 438
11 132
11 139
11 320
11 602
11 341
11 49
11 465
12 761
12 571
12 14
12 791
13 765
13 326
13 35
13 312
13 826
14 522
14 631
14 791
14 683
14 571
15 744
15 190
15 539
15 228
16 931
16 798
16 887
16 505
17 475
17 89
17 57
17 92
17 791
18 372
18 612
18 856
19 601
19 531
20 399
20 103
20 33
21 802
21 90
21 85
21 926
21 347
22 510
22 83
22 537
22 244
23 556
23 177
23 531
23 48
23 62
23 936
23 467
24 544
24 425
24 293
24 192
25 327
25 390
26 593
26 742
26 717
27 282
27 666
27 881
28 960
28 441
29 256
29 769
29 747
30 302
30 571
31 177
31 689
32 711
32 518
32 578
33 435
33 484
34 301
34 282
35 680
35 942
35 165
35 912
35 107
36 382
36 363
36 433
36 371
36 484
36 617
36 573
36 364
37 716
37 503
37 632
37 644
37 700
37 931
38 305
38 737
38 807
38 846
38 484
38 720
39 436
39 187
39 376
40 94
40 641
40 169
41 52
41 140
41 558
41 570
41 622
41 738
42 624
42 709
42 275
42 604
43 382
43 359
43 383
44 289
44 294
45 781
45 52
45 465
45 214
46 685
46 238
46 880
46 696
47 851
47 207
47 919
47 511
48 431
48 455
49 728
49 600
49 156
50 796
50 286
50 169
51 824
51 63
51 98
51 215
51 672
51 167
51 693
51 208
51 277
52 313
52 793
52 185
53 662
53 527
53 67
54 757
54 143
55 685
55 211
55 622
56 931
56 668
56 654
56 499
57 384
57 772
57 535
57 457
57 718
57 539
58 358
58 515
58 666
58 388
59 775
59 783
59 664
59 721
59 526
60 783
60 313
60 394
61 487
61 825
61 706
61 242
61 245
61 896
61 829
62 186
62 517
62 802
63 925
63 543
64 165
64 464
64 681
64 702
65 329
65 800
65 510
65 294
65 861
65 557
65 758
65 640
66 369
66 86
66 87
66 101
66 948
67 921
68 113
68 488
69 655
69 329
69 931
69 967
70 312
70 637
70 798
70 729
70 885
70 220
71 571
72 931
72 294
73 518
73 835
74 141
74 162
74 293
74 188
74 212
75 715
75 621
75 858
75 446
76 412
76 813
76 287
76 610
76 829
77 112
77 930
78 638
78 104
78 768
78 598
78 870
78 931
78 264
78 458
79 461
79 346
79 652
79 359
79 940
80 130
80 337
80 350
80 609
80 359
81 432
81 374
81 309
82 938
82 731
82 364
82 654
83 113
84 942
84 826
85 413
85 652
86 898
86 754
87 607
87 808
88 575
88 681
88 626
89 104
89 906
90 747
90 524
90 155
90 97
90 131
90 413
90 648
91 553
91 346
92 260
93 344
93 857
93 350
93 768
93 752
93 668
93 458
93 433
94 485
94 193
94 904
94 822
95 805
95 123
96 526
96 667
96 160
96 912
96 261
96 108
96 131
97 567
97 684
98 654
99 647
99 880
99 660
99 193
100 507
100 547
100 608
100 340
100 420
101 898
101 485
101 423
101 547
102 547
102 888
102 420
103 587
104 260
104 703
105 513
105 857
105 638
106 250
106 530
107 554
107 583
107 822
108 131
109 203
109 628
109 199
109 526
109 128
109 397
109 619
109 168
110 275
110 344
111 571
111 603
112 575
112 257
112 212
112 626
113 931
113 233
114 260
114 350
115 518
115 715
115 651
115 797
116 780
116 374
117 444
117 182
117 400
117 931
118 868
118 609
118 389
118 814
118 411
118 652
118 359
119 541
119 593
119 532
119 938
119 208
119 742
119 741
119 420
120 736
120 208
120 443
120 742
120 416
120 716
120 420
121 195
121 579
121 835
121 208
121 420
122 387
122 700
122 792
122 931
122 158
123 541
123 654
124 562
124 740
124 813
124 894
124 449
125 505
125 879
126 167
126 605
127 650
127 574
127 797
127 913
128 853
128 131
129 931
129 159
129 816
130 400
130 571
130 695
130 797
131 429
131 347
131 862
131 203
131 160
131 199
131 526
131 217
131 524
131 168
131 619
131 909
131 419
131 155
131 184
131 912
131 627
131 608
131 660
131 614
131 572
132 392
132 546
133 640
133 633
133 545
133 446
134 819
134 777
134 503
134 929
134 303
134 611
134 226
134 272
134 831
134 699
134 931
135 484
135 394
135 810
136 258
136 527
136 328
137 794
137 878
137 663
138 826
138 942
138 576
139 531
139 212
139 162
140 622
141 383
141 341
142 287
142 514
142 274
143 878
144 820
144 817
145 411
145 208
145 640
145 446
146 815
146 953
147 259
147 239
147 379
148 908
148 380
148 414
148 506
149 729
149 395
149 927
149 746
150 601
150 910
150 361
150 370
151 657
151 950
151 958
151 230
151 180
151 931
152 375
152 280
152 737
153 634
153 613
153 489
153 726
154 428
154 534
155 429
155 876
156 185
156 854
157 931
157 832
157 706
157 714
157 816
157 359
158 575
158 669
158 220
158 624
159 490
159 359
160 682
161 601
161 902
161 931
162 512
163 531
163 555
163 743
164 832
164 175
164 527
164 858
165 542
165 312
166 420
166 321
167 363
169 420
170 650
170 482
170 931
171 787
171 699
172 781
172 884
172 887
172 383
173 509
173 634
173 338
173 922
173 931
174 243
174 441
174 463
175 288
175 781
175 706
175 359
176 655
176 495
176 636
176 931
176 264
177 813
177 574
178 748
178 539
178 236
179 839
179 363
179 888
179 807
179 715
180 270
180 495
180 671
180 414
180 931
181 266
181 210
182 411
182 931
183 783
183 818
183 537
183 466
184 217
184 868
185 879
185 710
185 810
186 392
187 936
187 960
188 517
188 190
189 224
189 767
190 256
190 459
191 818
191 783
191 235
191 757
191 533
191 878
191 572
192 212
194 655
194 336
194 931
194 457
195 955
195 842
196 962
196 298
197 484
197 535
197 394
198 294
198 488
200 388
200 784
200 931
201 923
201 577
201 359
201 940
202 812
202 304
202 210
202 725
202 299
202 484
202 308
203 931
203 430
203 349
204 655
204 503
204 931
205 819
205 296
205 368
205 931
205 944
206 540
206 216
207 324
207 959
208 559
208 370
208 608
208 535
208 593
208 941
209 869
209 232
209 220
210 947
210 281
210 457
210 806
210 538
210 620
210 426
210 325
211 558
211 498
212 383
212 320
212 559
213 931
213 840
213 504
214 962
215 361
216 469
216 772
216 624
217 862
218 636
218 962
219 928
219 535
219 593
219 731
220 626
220 723
220 278
220 583
220 555
220 809
220 880
220 592
221 387
221 302
222 611
222 507
222 931
223 629
223 728
224 363
224 941
224 484
225 534
225 415
226 623
226 755
226 368
226 515
227 931
227 540
228 759
229 855
229 668
229 535
230 624
231 350
231 598
232 669
232 723
233 524
233 491
234 829
234 951
234 897
235 788
235 954
236 463
236 358
237 306
237 424
237 379
238 793
239 773
239 595
240 651
241 931
241 643
241 518
241 587
242 352
243 939
244 488
244 255
245 848
245 965
245 603
246 261
246 730
246 610
247 893
247 885
247 927
248 644
248 296
248 342
248 931
248 959
249 260
249 776
249 518
249 420
250 681
250 371
251 369
251 316
251 406
251 423
251 492
251 402
252 571
252 616
252 258
253 608
253 543
254 842
254 596
254 724
254 452
255 666
256 753
256 783
256 878
256 260
257 523
257 723
257 447
258 882
259 563
260 519
260 372
260 458
260 476
260 513
260 570
260 803
261 931
262 654
262 574
262 706
262 858
263 807
263 512
263 834
263 539
263 269
264 715
264 901
264 816
264 359
265 825
265 268
265 331
266 383
267 586
267 648
267 879
267 424
268 451
268 920
268 551
268 352
268 910
268 925
269 584
269 778
270 615
270 650
270 931
271 331
271 762
271 861
272 623
272 625
272 333
272 355
272 931
273 551
273 309
274 406
274 493
275 607
275 862
276 340
276 715
276 797
276 359
277 310
277 329
278 575
278 392
278 932
279 555
279 723
280 484
280 749
281 371
281 284
281 435
281 484
281 590
282 931
282 828
283 591
283 601
283 931
284 707
285 931
285 776
285 592
285 475
286 783
286 515
286 528
287 600
287 656
287 669
288 688
288 706
288 359
289 456
289 758
290 291
290 573
290 382
291 806
291 364
291 438
291 484
292 303
292 680
292 518
292 403
292 317
293 425
293 585
294 733
294 828
294 574
295 859
295 812
295 815
295 853
296 849
296 931
297 522
298 497
298 676
298 527
298 854
298 508
299 793
299 348
300 380
300 873
300 359
301 620
301 712
301 823
301 323
301 382
301 364
302 623
302 612
303 701
303 931
303 493
304 434
304 421
305 946
305 943
306 520
306 549
306 642
306 696
307 941
307 815
307 367
308 635
308 723
308 379
308 424
310 605
310 417
311 615
311 645
311 931
312 659
312 942
312 326
312 572
312 519
312 576
313 788
313 533
314 579
314 903
315 422
316 410
316 359
317 817
317 390
318 749
318 914
319 583
319 362
319 891
320 350
321 729
321 675
321 664
322 783
322 878
323 364
324 885
325 597
325 631
325 650
325 411
325 931
326 401
326 538
327 522
327 571
328 447
328 922
328 422
329 597
329 931
330 632
330 671
330 645
330 847
330 931
331 803
331 569
331 550
331 866
331 825
331 841
331 560
331 345
331 860
332 635
332 648
332 790
332 424
333 597
333 931
333 360
333 359
334 383
334 789
335 702
335 797
335 816
336 611
336 929
336 817
336 931
336 365
337 706
337 359
338 617
338 931
339 547
339 605
340 810
340 421
341 892
342 634
342 931
342 435
343 846
343 792
344 592
345 807
345 911
345 433
346 931
346 702
346 799
346 762
347 802
347 419
348 371
348 428
348 911
348 484
349 484
349 633
349 827
349 366
349 396
349 708
349 586
350 763
350 397
351 569
351 897
352 431
352 816
353 880
353 865
353 392
354 825
354 754
354 875
355 597
355 377
355 931
356 565
356 575
356 760
356 426
357 816
357 548
357 359
358 774
358 501
358 392
359 484
359 797
359 837
359 695
359 915
359 708
359 599
359 827
359 706
359 890
359 552
359 366
359 396
359 785
359 633
359 621
359 734
359 858
359 461
359 679
359 437
359 756
359 640
359 873
359 923
359 513
359 963
359 426
359 626
359 635
359 546
359 582
360 390
361 623
361 631
361 931
361 608
362 880
362 455
363 561
363 707
364 807
364 792
364 737
364 607
364 880
364 814
365 537
365 828
365 760
365 541
366 785
367 713
367 484
368 931
369 560
369 959
369 453
369 490
370 825
370 579
371 823
372 763
372 799
372 949
372 714
373 586
373 774
373 424
373 797
375 798
375 884
376 961
376 436
376 805
377 445
377 931
378 474
378 731
379 392
380 566
380 721
380 931
380 817
381 713
381 748
382 484
383 789
383 425
383 892
383 602
383 596
383 929
384 866
385 565
385 735
385 392
386 444
386 608
387 445
387 931
387 581
388 645
388 931
389 552
390 691
390 571
390 916
390 683
391 850
391 782
391 420
392 931
392 626
392 813
392 583
392 531
392 514
392 894
392 880
392 466
392 795
393 630
393 700
393 931
395 618
395 681
395 774
396 644
396 581
397 870
398 797
398 633
398 483
398 901
398 890
398 889
399 494
399 589
399 872
400 697
400 849
400 931
400 967
400 858
400 422
401 863
401 900
401 715
402 476
402 513
402 458
402 714
403 840
403 628
403 817
403 578
404 917
404 454
404 931
405 495
405 967
405 931
407 631
407 618
408 521
408 653
408 754
408 863
409 530
409 586
409 735
409 770
410 550
410 453
411 931
412 790
415 527
415 676
416 694
417 665
418 422
418 921
420 782
420 479
420 499
420 742
420 654
420 608
420 646
421 624
423 968
424 648
424 770
424 557
424 616
424 849
425 874
425 789
425 865
425 585
427 878
427 849
428 880
430 526
431 473
432 560
433 748
433 947
434 484
435 812
435 839
435 442
435 561
435 778
437 574
437 640
437 881
439 893
439 547
440 604
440 779
440 579
441 939
442 484
443 883
444 931
445 931
446 692
446 695
446 797
446 639
447 736
448 931
448 477
448 789
449 723
449 782
450 653
450 897
450 925
451 959
452 856
452 535
452 836
452 526
454 625
454 931
455 968
456 528
456 595
456 732
456 828
456 536
457 712
457 823
458 668
458 703
458 857
458 607
458 949
458 612
458 639
458 889
458 561
459 931
459 503
460 498
460 705
460 727
461 652
462 954
462 500
463 467
463 480
463 692
464 964
464 659
464 496
465 540
466 954
466 747
468 536
468 648
469 646
469 613
470 774
470 874
471 931
471 929
472 807
472 864
472 484
472 626
473 517
473 945
474 547
474 624
477 931
477 845
478 954
478 721
478 684
479 672
480 968
481 511
481 959
482 931
482 507
483 830
484 561
484 823
484 712
484 943
484 807
484 846
484 538
484 725
484 564
484 707
484 812
484 946
484 806
484 859
484 620
484 952
484 781
484 964
484 552
485 801
486 918
486 858
487 866
488 800
488 539
489 705
489 821
490 780
490 723
491 944
491 968
491 626
492 920
493 965
494 817
495 931
496 523
497 687
497 673
498 558
498 879
498 859
498 764
500 533
500 931
501 530
501 548
501 883
502 573
502 946
503 697
503 902
503 931
504 578
504 711
504 799
504 940
505 764
506 752
506 721
506 594
508 642
508 586
509 701
509 931
509 545
510 732
512 584
513 629
513 845
514 801
514 928
514 626
515 614
515 773
516 627
516 616
516 916
517 721
517 567
517 945
518 664
518 840
519 845
519 906
520 774
521 766
521 825
521 895
521 927
522 921
523 935
523 627
523 626
524 526
524 802
524 678
524 580
525 601
525 684
525 787
525 759
526 667
527 575
527 779
527 622
527 829
528 961
528 563
529 616
529 791
529 571
530 554
531 554
531 600
532 931
532 720
532 624
533 719
533 794
534 779
534 709
534 673
534 616
535 772
536 656
536 562
538 815
538 947
539 568
540 570
540 962
541 842
541 672
541 695
542 765
543 694
545 889
545 669
545 562
547 624
547 736
547 596
547 731
547 786
547 634
547 925
548 837
548 652
548 816
549 647
549 626
549 681
550 841
551 645
552 890
552 652
553 923
553 652
554 649
554 619
554 557
555 661
555 723
556 952
556 850
556 568
556 745
557 928
558 876
558 822
559 782
559 624
560 569
560 896
561 675
561 737
562 583
564 956
564 713
564 792
565 930
566 775
567 963
568 939
569 780
571 761
571 627
571 683
571 916
571 650
571 700
571 795
571 812
573 807
573 741
574 586
574 816
574 881
574 830
574 756
574 940
574 833
574 827
574 832
574 915
574 715
574 811
574 640
574 731
574 820
575 610
575 899
575 706
576 899
577 890
577 838
577 908
577 609
578 866
578 773
580 862
581 692
581 652
582 749
582 888
582 751
582 624
582 674
583 790
586 809
586 889
587 686
588 783
588 844
589 835
590 624
590 903
591 617
591 931
592 776
593 720
594 914
595 760
596 786
596 768
597 808
597 849
597 931
598 845
599 832
599 918
599 621
599 762
599 816
599 858
601 931
601 634
601 849
601 658
601 910
601 867
601 657
601 687
602 881
605 618
606 675
606 786
607 870
609 725
610 843
611 631
611 644
611 931
611 745
611 797
613 876
613 750
614 796
615 931
616 791
617 631
617 931
617 967
618 696
618 767
619 909
620 748
620 726
620 741
623 739
623 931
624 914
624 675
625 931
626 880
626 677
626 813
626 950
626 762
630 645
630 931
631 931
632 931
633 827
634 777
634 931
634 807
634 706
637 826
639 686
639 708
639 820
639 871
640 771
640 905
640 708
640 933
640 665
640 715
640 907
641 796
642 743
643 817
643 711
644 690
644 931
645 931
646 793
648 869
649 681
650 931
651 929
651 652
651 797
651 814
651 833
652 913
652 771
652 799
652 756
652 847
652 742
652 916
652 797
653 931
653 866
653 920
653 877
653 895
654 805
654 888
655 849
655 717
655 922
655 931
656 894
656 761
657 808
657 931
657 797
657 858
658 671
658 687
658 931
658 966
659 680
659 729
659 964
661 735
662 958
663 722
663 704
663 845
664 719
665 805
665 694
666 814
667 862
668 845
669 713
670 676
671 783
671 931
671 967
672 701
674 718
675 942
676 829
677 877
678 682
679 814
679 933
679 797
681 774
681 891
684 963
685 730
686 871
687 716
687 931
688 858
688 816
689 968
689 797
690 956
690 931
691 791
692 702
692 814
693 850
693 881
695 811
695 785
695 940
695 797
697 967
697 931
698 939
698 968
699 787
699 744
700 931
700 967
701 931
702 940
703 770
704 954
705 727
706 799
709 829
710 879
713 886
714 834
715 838
715 907
715 881
715 767
716 720
716 931
718 938
718 751
721 752
722 724
723 874
724 818
725 859
727 816
728 931
729 826
729 964
729 765
730 789
730 738
731 908
733 828
734 873
734 868
734 814
736 914
739 967
739 931
740 809
742 883
743 843
743 852
745 968
746 877
747 795
748 806
749 860
750 826
751 797
753 908
754 934
754 755
754 863
755 849
755 931
757 769
757 946
759 814
761 937
762 931
765 931
766 848
768 929
768 857
774 776
775 844
775 931
776 808
777 784
777 931
779 951
784 931
790 816
793 798
794 937
797 833
797 873
797 940
797 868
797 837
797 847
799 858
803 804
803 965
804 900
804 926
807 864
808 931
810 939
812 943
813 932
814 901
816 831
816 923
818 844
819 931
822 931
823 948
824 891
826 915
829 854
830 831
831 858
833 939
833 837
833 873
833 951
833 898
836 903
836 914
841 924
842 922
849 931
851 931
851 917
852 865
852 935
856 949
859 946
861 940
863 926
863 942
866 919
867 929
867 931
867 966
875 893
877 931
883 953
886 941
895 905
899 928
902 931
904 931
910 931
917 931
920 967
922 929
922 931
924 934
924 957
929 956
929 931
931 950
931 958
931 967
931 956
937 939
937 944
943 946
948 957
955 967
955 968
